1 32067U 99057QF  14154.12860017 +.00000137 +00000-0 +53917-4 0  9998
2 32067 098.1628 113.6504 0034846 358.7697 063.5312 14.42165538361474
1 32068U 99057QG  10297.19027138 +.00000643 +00000-0 +23502-3 0  9997
2 32068 098.1708 284.4884 0009118 032.0755 322.3860 14.36048704175456
1 32069U 99057QH  14086.12963755 +.00025109 +00000-0 +63848-2 0  9995
2 32069 098.2873 054.1104 0014579 052.0247 294.9089 14.50578187349441
1 32070U 99057QJ  12352.10236154 +.00012245 +00000-0 +32892-2 0  9997
2 32070 098.2113 319.3565 0008616 093.5074 266.0816 14.48184702291492
1 32071U 99057QK  18242.33515020  .00002536  00000-0  28486-3 0  9996
2 32071  98.2667 274.5029 0001946  91.0296 269.1141 14.87701234594930
1 32072U 99057QL  18241.74164220 +.00001438 +00000-0 +29737-3 0  9993
2 32072 098.3657 224.3289 0006604 212.3969 147.6827 14.61868961247909
1 32075U 99057QP  18239.96141129  .00009489  00000-0  65239-3 0  9991
2 32075  98.2145 308.6764 0002567 117.2694 242.8793 15.06166266593429
1 32077U 99057QR  12105.17251714 +.00003811 +00000-0 +12084-2 0  9996
2 32077 098.2285 079.8109 0004590 154.4270 205.7483 14.40577270247740
1 32079U 99057QT  18242.10783773  .00000157  00000-0  65516-4 0  9994
2 32079  98.5217 187.7268 0007486 101.1139 317.1637 14.38718725588134
1 32080U 99057QU  18241.43085991  .00019187  00000-0  10764-2 0  9994
2 32080  98.2318 306.4221 0005821 262.6841  97.3726 15.13403399596203
1 32081U 99057QV  18242.20989152  .00003580  00000-0  43135-3 0  9992
2 32081  98.2401 232.0608 0018274  74.3413 285.9815 14.84420073592866
1 32082U 99057QW  18242.42136165  .00003813  00000-0  31909-3 0  9990
2 32082  98.2471 305.4827 0005012  48.7576 311.4077 14.99114372595117
1 32084U 99057QY  18242.22910108  .00001855  00000-0  32604-3 0  9994
2 32084  98.3352 238.5655 0003463 140.8234 274.5088 14.68874856607915
1 32085U 99057QZ  18242.33055284  .00002183  00000-0  31097-3 0  9992
2 32085  98.2944 267.5160 0005281 138.1842 221.9772 14.77876280594341
1 32086U 99025CQC 18236.19610221 +.00000278 +00000-0 +30790-3 0  9995
2 32086 099.2766 019.7632 0328320 151.2415 210.7271 13.58161174254845
1 32087U 99025CQD 18239.48075420  .00004399  00000-0  60949-3 0  9994
2 32087  98.6204 326.9975 0102721 280.7531  78.2126 14.74977334585891
1 32088U 99025CQE 18222.38046745 +.00000672 +00000-0 +11523-2 0  9997
2 32088 102.3960 286.2580 0439349 273.7913 081.3079 13.17434748244739
1 32089U 99025CQF 18240.33506169  .00000403  00000-0  24210-3 0  9994
2 32089  98.8611 283.2773 0121544 108.9412 252.4977 14.08630454570756
1 32090U 99025CQG 18242.06468927  .00000861  00000-0  41217-3 0  9991
2 32090  98.9912 335.1561 0067402  18.0016 104.9905 14.20589109572813
1 32092U 99025CQJ 18242.39067495  .00000723  00000-0  39180-3 0  9997
2 32092  98.9331 297.2836 0038458 162.9511 197.2963 14.15274941571694
1 32093U 99025CQK 18240.11235154  .00000244  00000-0  10513-3 0  9992
2 32093  98.7537 349.7846 0086135 234.2725 125.0423 14.31307061584669
1 32094U 99025CQL 18239.06235497  .00000011  00000-0  32371-4 0  9994
2 32094  98.8417 272.8473 0035601 230.5566 184.0680 14.07545853571172
1 32095U 99025CQM 18242.27197478  .00000077  00000-0  62451-4 0  9992
2 32095  98.9100 271.1538 0082311 114.3336 246.6458 14.13354661573263
1 32096U 99025CQN 18240.90866346 +.00000148 +00000-0 +15846-3 0  9992
2 32096 099.2992 281.7130 0142442 086.9667 274.7777 13.84135809559746
1 32097U 99025CQP 18240.34150506  .00001570  00000-0  17239-3 0  9993
2 32097  99.1107  20.8027 0129828 325.7523  33.5364 14.83654558592027
1 32098U 99025CQQ 18241.86570474  .00000117  00000-0  67267-4 0  9995
2 32098  98.7201 275.1205 0205307 218.0943 140.5566 14.16002915572096
1 32099U 99025CQR 18241.92330157  .00000333  00000-0  20177-3 0  9993
2 32099  98.3052 123.4964 0378742  43.5413  19.9008 13.81141008568500
1 32101U 99025CQT 18241.54756982  .00000423  00000-0  35417-3 0  9996
2 32101  99.1139 151.9581 0141798 290.2394  68.3567 13.89272411561397
1 32102U 99025CQU 18241.88231368  .00009304  00000-0  12225-2 0  9998
2 32102  99.3328 208.2751 0117852  20.0049   8.7050 14.75718267576150
1 32103U 99025CQV 18241.61286424 +.00002423 +00000-0 +43509-3 0  9998
2 32103 096.7126 116.7567 0079478 351.0287 038.7475 14.65337668596492
1 32104U 99025CQW 18209.54534640 +.00000615 +00000-0 +44749-3 0  9999
2 32104 097.6754 115.0956 0332863 162.0544 201.1817 13.75432404054220
1 32105U 99025CQX 18240.37278552  .00000520  00000-0  74698-3 0  9994
2 32105 103.4527  88.0529 0433890 154.5422 207.7763 13.30002261537440
1 32106U 99025CQY 18242.08113427  .00001247  00000-0  81998-3 0  9992
2 32106 101.4777 190.4289 0159238   5.1190 355.1548 13.98599237564336
1 32107U 99025CQZ 13256.87214244 -.00000103 +00000-0 -36943-4 0  9992
2 32107 099.1239 260.9498 0058809 322.1102 155.7579 14.02276659313566
1 32109U 99025CRB 18238.56661938 +.00000132 +00000-0 +57549-4 0  9996
2 32109 098.5541 150.2011 0222787 241.6363 116.2193 14.27159824268251
1 32110U 99025CRC 18241.80581389  .00000504  00000-0  28815-3 0  9996
2 32110  99.5094 179.6161 0035757 258.8501 128.9452 14.14356012571733
1 32111U 99025CRD 18241.33445812  .00000077  00000-0  44073-4 0  9995
2 32111  98.6038 271.1816 0126169 124.5623 301.3147 14.28468348582617
1 32112U 99025CRE 18238.28191254  .00004278  00000-0  41618-3 0  9992
2 32112  98.6441  51.8782 0127080 137.8106 223.2973 14.87252410591959
1 32113U 99025CRF 18241.31317573  .00000348  00000-0  25434-3 0  9997
2 32113  99.3074 273.3348 0250984 238.2379 119.4104 13.88807093562196
1 32114U 99025CRG 18242.11051051  .00000536  00000-0  17307-3 0  9992
2 32114  99.9380 206.6752 0082002 165.9157 194.4341 14.42442867584527
1 32115U 99025CRH 18225.33060125 +.00000764 +00000-0 +38142-3 0  9993
2 32115 098.9730 260.3546 0025770 094.5606 265.8514 14.19704091570062
1 32116U 99025CRJ 17313.05721004 +.00016136 +00000-0 +73315-3 0  9991
2 32116 099.5316 037.3841 0147146 269.8254 118.6208 15.11653097062207
1 32117U 99025CRK 18241.12790182 +.00000418 +00000-0 +24136-3 0  9997
2 32117 098.8530 297.9007 0030231 153.5652 206.7070 14.14224097571727
1 32118U 99025CRL 18242.12224747  .00002366  00000-0  52946-3 0  9992
2 32118 102.4119 332.6804 0038904 185.1340 291.7279 14.57979410595033
1 32119U 99025CRM 18241.18751386  .00000084  00000-0  93816-4 0  9999
2 32119  99.8928 221.0841 0093915 343.6064  16.2065 13.96870925565077
1 32120U 99025CRN 18029.70825608  .00004530  00000-0  36422-3 0  9991
2 32120  98.8795   5.9908 0057970 271.8365  87.6216 14.99332411562917
1 32123U 99025CRR 18241.83733409  .00000111  00000-0  32694-4 0  9990
2 32123  98.8877 190.1485 0178825 101.6103 313.6287 14.54446900588919
1 32124U 99025CRS 18242.29351070  .00004508  00000-0  20784-3 0  9992
2 32124  99.0231  57.3103 0076489  30.1527 330.4071 15.18362459603370
1 32125U 99025CRT 18241.64915062  .00001368  00000-0  35767-3 0  9996
2 32125  99.0949  34.4517 0294036 218.7168 139.2609 14.28572192584767
1 32126U 99025CRU 18238.93061266 +.00000508 +00000-0 +64109-3 0  9990
2 32126 099.1057 287.2628 0292066 205.6732 152.9658 13.51728938256693
1 32127U 99025CRV 18239.45348070  .00000754  00000-0  92531-3 0  9993
2 32127  99.2792 331.5767 0300910 282.9745  73.7954 13.51283513544467
1 32128U 99025CRW 18241.85231715  .00000286  00000-0  14205-3 0  9990
2 32128  99.3648 273.4785 0417971 232.1694 124.0944 13.88030111571259
1 32129U 99025CRX 18237.08279986  .00000708  00000-0  43940-3 0  9990
2 32129  99.1372 285.1199 0093374 333.4248  90.9094 14.06381563566823
1 32130U 99025CRY 18241.50299103 +.00000241 +00000-0 +10437-3 0  9994
2 32130 098.6874 339.2326 0090850 225.8591 133.5096 14.30830414581161
1 32132U 99025CSA 18240.33023343 +.00000658 +00000-0 +26166-3 0  9995
2 32132 098.6701 292.3284 0103821 245.1544 113.8813 14.29097049326139
1 32133U 99025CSB 18242.37268803  .00000064  00000-0  53926-4 0  9990
2 32133  98.7167 309.9300 0036219 201.2887 158.6783 14.16263050573950
1 32134U 99025CSC 18241.06198264 +.00000200 +00000-0 +91490-4 0  9999
2 32134 098.8022 278.6330 0284976 335.8609 051.4777 14.12943909574866
1 32136U 99025CSE 18241.92940763  .00000209  00000-0  92438-4 0  9997
2 32136  98.5013 298.8182 0074297 168.1244 192.1713 14.31179092586747
1 32137U 99025CSF 18242.37557329  .00000412  00000-0  76156-4 0  9995
2 32137  98.5957 290.8834 0286437 310.9179  46.7526 14.48508881585088
1 32138U 99025CSG 17328.02892280  .00002378  00000-0  11290-2 0  9999
2 32138  98.8910  46.5619 0021916 165.9358 205.6892 14.20343251538879
1 32139U 99025CSH 18241.39611199  .00000484  00000-0  15615-3 0  9995
2 32139  98.6528 297.3188 0219751 355.7070   4.2222 14.31138956579271
1 32141U 99025CSK 18241.96389820 -.00000070  00000-0 -18048-4 0  9991
2 32141  98.9735 295.6158 0067488  57.5502 303.2164 13.99611994577759
1 32142U 99025CSL 16253.87263610  .00003022  00000-0  11822-2 0  9990
2 32142  99.0124 279.1116 0075396 262.6605  96.6635 14.28005444689216
1 32143U 99025CSM 18237.34420734  .00000047  00000-0  43331-4 0  9995
2 32143  98.6479 279.4420 0105723 222.4278 136.8688 14.15989957581845
1 32146U 99025CSQ 18241.15812214  .00001222  00000-0  53430-3 0  9996
2 32146  98.8880 316.4952 0122729 279.5423  79.1903 14.21744407573260
1 32147U 99025CSR 14154.14073593 +.00004504 +00000-0 +31775-3 0  9998
2 32147 099.0229 121.7910 0178546 201.9667 157.3886 14.93615858373385
1 32148U 99025CSS 18242.16153855  .00001237  00000-0  12942-3 0  9998
2 32148  99.0819  14.8439 0165044 233.8183 124.7667 14.82625856597688
1 32150U 99025CSU 18237.44290820  .00000073  00000-0  25840-4 0  9999
2 32150  99.1369 319.2451 0185385 189.7460 170.0120 14.54939907590107
1 32151U 99025CSV 18241.75304576  .00002870  00000-0  39275-3 0  9996
2 32151  98.9960 218.4026 0044483 203.4056 281.2182 14.78802422591637
1 32152U 99025CSW 18240.47469593  .00000809  00000-0  29156-3 0  9993
2 32152  98.6487 328.4784 0077829 212.0539 147.5900 14.34734798590682
1 32153U 99025CSX 18240.54892789  .00000110  00000-0  37706-4 0  9995
2 32153  98.5568 346.8230 0223357 297.7579  60.1121 14.42794724587769
1 32154U 99025CSY 18239.97651539 +.00010117 +00000-0 +74697-3 0  9994
2 32154 099.0257 302.6688 0052978 117.4250 243.2373 15.02371351279069
1 32155U 99025CSZ 18241.68012543  .00000156  00000-0  80816-4 0  9995
2 32155  99.0782  43.7878 0076502  26.8054 333.7047 14.27100839579367
1 32156U 99025CTA 18240.06631323 +.00000113 +00000-0 +63482-4 0  9993
2 32156 099.3037 191.4140 0088016 134.5655 226.2753 14.27304849267905
1 32157U 99025CTB 18241.66546637 +.00000755 +00000-0 +10798-3 0  9997
2 32157 099.0123 315.9286 0149372 348.7805 011.0081 14.73088639592544
1 32158U 99025CTC 18240.56021092  .00001564  00000-0  44746-3 0  9998
2 32158  99.1165 158.8790 0043805 283.9143  75.7176 14.46082497584263
1 32160U 99025CTE 18240.48531661 +.00000212 +00000-0 +95273-4 0  9991
2 32160 098.6883 336.2254 0090971 253.9698 105.1451 14.30115217577695
1 32161U 99025CTF 18236.75052732 -.00000102  00000-0 -38727-4 0  9995
2 32161  98.5897  76.4539 0148587 162.7939 197.8340 13.99387094580340
1 32162U 99025CTG 18241.43517201  .00000528  00000-0  18678-3 0  9996
2 32162  99.4512 313.6564 0070692  43.6973 316.9778 14.37944421579720
1 32163U 99025CTH 18235.98600846  .00000256  00000-0  11529-3 0  9994
2 32163  99.5207 297.8812 0063158 138.7245 221.8734 14.30652499576861
1 32164U 99025CTJ 15072.08990585 +.00002255 +00000-0 +55693-3 0  9995
2 32164 099.3273 029.7416 0124038 216.0851 143.1921 14.48733747405009
1 32165U 99025CTK 18242.39935906  .00000544  00000-0  41311-3 0  9999
2 32165  98.6120 314.1070 0154315 335.6389  23.7532 13.92295999562639
1 32166U 99025CTL 18241.78095464  .00001537  00000-0  14063-3 0  9995
2 32166  98.2000   0.0290 0155227 283.2814  75.1130 14.87983350598502
1 32167U 99025CTM 18242.33086680  .00000079  00000-0  45409-4 0  9997
2 32167  98.5909 273.9668 0173613 311.4970  47.1419 14.26104177580516
1 32168U 99025CTN 18242.31126452  .00000726  00000-0  66116-3 0  9994
2 32168 101.6681  50.4134 0295834 158.3686 203.0255 13.69719452555773
1 32169U 99025CTP 18242.03609979  .00001106  00000-0  54029-3 0  9997
2 32169  98.5536  88.4404 0079561  14.2538 346.0857 14.18305657587449
1 32170U 99025CTQ 18241.00375342  .00004992  00000-0  47823-3 0  9999
2 32170  99.0871 317.0987 0057510 138.2495 222.3130 14.92490661594580
1 32171U 99025CTR 18235.99757329 -.00000207  00000-0 -14239-3 0  9992
2 32171 102.8159 155.3269 0538509 270.2010 151.3599 13.26751282537336
1 32172U 99025CTS 18240.40714374 +.00000548 +00000-0 +89085-4 0  9996
2 32172 099.0482 320.7799 0151418 031.3713 329.6413 14.68791915588194
1 32173U 99025CTT 18240.83271004 +.00000847 +00000-0 +39289-3 0  9994
2 32173 099.6210 244.9571 0074255 145.5013 215.1014 14.22310012265169
1 32174U 99025CTU 18237.46710189  .00000061  00000-0  49115-4 0  9990
2 32174  98.8230 318.7797 0158869 312.7114  46.0773 14.14759122572217
1 32175U 99025CTV 18239.53049875  .00000471  00000-0  43186-3 0  9994
2 32175  98.8585 343.8217 0170280 341.0165  18.4692 13.81357058558716
1 32176U 99025CTW 18242.33252730  .00000625  00000-0  21010-3 0  9996
2 32176  99.4155 292.1276 0062961 351.7310   8.2832 14.40093363584538
1 32177U 99025CTX 18240.78453913  .00000542  00000-0  20558-3 0  9994
2 32177  99.0734  76.9601 0073485 330.5901  29.1157 14.33942091582580
1 32178U 99025CTY 18238.98702313 +.00000386 +00000-0 +22726-3 0  9990
2 32178 100.2695 157.5594 0110620 355.5020 004.5143 14.12172320263148
1 32179U 99025CTZ 18242.25574252 -.00000045  00000-0  97604-6 0  9998
2 32179  99.2429 259.0519 0147271 358.6255  61.1752 14.02106135569146
1 32180U 99025CUA 18241.70604481 +.00000004 +00000-0 +43450-4 0  9999
2 32180 099.4778 194.8827 0137812 011.7103 107.4317 13.81702354575008
1 32181U 99025CUB 18241.55676192 +.00000371 +00000-0 +12672-3 0  9999
2 32181 099.4761 357.1847 0093506 319.5822 101.4099 14.40885670582799
1 32182U 99025CUC 18237.28864238  .00001137  00000-0  54217-3 0  9997
2 32182  98.2065 258.0765 0124001 210.1103 149.2905 14.17055203584811
1 32183U 99025CUD 18240.44873482  .00000003  00000-0  28967-4 0  9996
2 32183  98.9667 313.7145 0042971 330.7974  29.0792 14.05228617570001
1 32184U 99025CUE 18242.38613386  .00000477  00000-0  61105-4 0  9993
2 32184  98.2450 309.0056 0262280 289.0851  68.2120 14.65536247590606
1 32185U 99025CUF 18241.11308330 +.00002146 +00000-0 +42617-3 0  9995
2 32185 098.7370 003.1611 0481979 239.9381 115.3164 14.09133954569909
1 32186U 99025CUG 18240.17183253  .00000009  00000-0  47617-4 0  9998
2 32186  99.6604 216.7867 0282517 252.0292 170.3835 13.71851696556482
1 32187U 99025CUH 18241.44466247 +.00000087 +00000-0 +15808-3 0  9999
2 32187 099.3277 055.8492 0296886 328.7742 057.4455 13.48798435303542
1 32188U 99025CUJ 18237.50307704  .00001673  00000-0  62547-3 0  9998
2 32188  99.0499 334.7729 0065970 321.2007  38.4448 14.32052315574026
1 32189U 99025CUK 18241.87481651  .00001113  00000-0  54112-3 0  9996
2 32189  99.0246 273.8111 0037753 129.8635 230.5871 14.19969224572239
1 32190U 99025CUL 18242.40835846  .00001307  00000-0  34541-3 0  9996
2 32190  98.9709 102.1441 0060297 142.8607 217.6779 14.49649258583168
1 32191U 99025CUM 18241.56257396  .00000607  00000-0  33318-3 0  9994
2 32191  98.9437 284.4595 0108865 221.5961 137.6891 14.12602181571687
1 32192U 99025CUN 18241.66189191  .00000068  00000-0  89074-4 0  9995
2 32192  98.6582 294.1892 0186234 165.8264 194.8217 13.80540689560342
1 32193U 99025CUP 18241.63840805 +.00001487 +00000-0 +71307-3 0  9994
2 32193 098.4788 021.9029 0102803 269.8581 089.0815 14.17699161571100
1 32194U 99025CUQ 18241.64929410  .00001162  00000-0  30075-3 0  9993
2 32194  99.1000 188.6343 0079811  84.2897 276.7388 14.50124557583996
1 32195U 99025CUR 18242.32047205  .00000197  00000-0  14788-3 0  9993
2 32195  98.9528 274.0644 0072828 198.8732 160.9733 14.04442057569533
1 32197U 99025CUT 18242.22580184  .00000095  00000-0  50452-4 0  9998
2 32197  99.0014  27.1342 0174247  23.5714 100.1967 14.27283181577553
1 32198U 99025CUU 18237.75988122 +.00000424 +00000-0 +32164-3 0  9990
2 32198 098.3255 220.4606 0100928 246.4356 112.6182 13.96397328196443
1 32199U 99025CUV 18237.68105325  .00001455  00000-0  31030-3 0  9995
2 32199  99.1620 202.1661 0115677 240.6808 118.2790 14.56694386581796
1 32200U 99025CUW 18241.56746938 +.00000209 +00000-0 +14975-3 0  9996
2 32200 099.0341 279.4417 0043774 225.5189 134.2398 14.07378079568517
1 32201U 99025CUX 18240.27746637  .00000770  00000-0  46197-3 0  9994
2 32201  99.1908 259.7357 0147731  47.0650 314.2801 14.04693821586702
1 32202U 99025CUY 18241.99848155  .00001464  00000-0  67297-3 0  9998
2 32202  98.3838 308.0664 0118152  27.2699 333.4616 14.18950802568643
1 32203U 99025CUZ 18240.17847692 +.00001095 +00000-0 +58371-4 0  9997
2 32203 097.0487 016.0362 0356596 081.8119 282.3369 14.75693713354211
1 32204U 99025CVA 18241.87006962  .00003784  00000-0  10584-2 0  9992
2 32204  99.3360 112.9973 0125722 288.4836  70.2722 14.42283956571606
1 32205U 99025CVB 18241.30721243 +.00000054 +00000-0 +53005-4 0  9991
2 32205 098.8695 269.2124 0010075 303.6834 116.2989 14.12394108569037
1 32207U 99025CVD 18241.96118264  .00000117  00000-0  58523-4 0  9998
2 32207  99.8315 146.6232 0092287 166.1310 256.6261 14.34359006581491
1 32208U 99025CVE 18241.48326846  .00003410  00000-0  64599-3 0  9991
2 32208  98.9489 121.0018 0038623  48.9472 311.5055 14.64575777584496
1 32209U 99025CVF 18241.20201629  .00000270  00000-0  39189-3 0  9991
2 32209  99.4353 331.4083 0352340 149.1458 213.0907 13.40413387543415
1 32210U 99025CVG 18239.89263762 +.00000507 +00000-0 +34697-3 0  9993
2 32210 099.1102 273.8239 0077656 040.0170 320.6682 14.02808491239704
1 32211U 99025CVH 18242.00087122  .00000489  00000-0  38278-3 0  9993
2 32211  98.6051 296.3665 0139474  94.0047  25.8690 13.91824100560111
1 32212U 99025CVJ 18242.31277198  .00000212  00000-0  86482-4 0  9997
2 32212  99.5848   5.1374 0153298 161.7265 229.5643 14.32827773579434
1 32213U 99025CVK 14237.28036838 +.00000396 +00000-0 +27232-3 0  9998
2 32213 099.2220 248.1361 0183412 027.9138 333.1397 13.97395130361001
1 32214U 99025CVL 18240.55662216  .00001171  00000-0  11151-2 0  9996
2 32214  99.0290 357.3632 0228837 277.8786 139.7148 13.71705019552321
1 32216U 99025CVN 18241.39262776  .00000969  00000-0  36210-3 0  9996
2 32216  99.5479 295.1776 0055359 140.5608 219.9623 14.33635214576627
1 32217U 99025CVP 18241.86162872  .00000846  00000-0  31544-3 0  9994
2 32217  99.1345 101.0755 0050690 335.3756  24.5008 14.34098020576951
1 32218U 99025CVQ 18240.80206802 +.00000184 +00000-0 +73282-4 0  9991
2 32218 098.6347 339.5221 0085747 099.0725 029.5081 14.37681572579227
1 32219U 99025CVR 10291.26267109 +.00000828 +00000-0 +38835-3 0  9996
2 32219 098.8394 293.4115 0086757 273.6268 090.0703 14.20944452167235
1 32220U 99025CVS 14321.03979087 +.00001588 +00000-0 +10801-2 0  9992
2 32220 099.2673 257.6674 0228324 031.3800 330.0753 13.89663064369825
1 32221U 99025CVT 18242.21610945  .00000039  00000-0  19626-4 0  9990
2 32221  98.3748 337.5154 0163862  25.8290 335.0971 14.51291348586578
1 32222U 99025CVU 18240.17762498  .00000775  00000-0  35471-3 0  9997
2 32222  99.1263  16.2382 0100847  23.5633 337.0116 14.21815618571592
1 32223U 99025CVV 18240.40714300  .00000519  00000-0  32452-3 0  9995
2 32223  99.0069 297.8333 0055248 284.5429 133.4598 14.08438514567852
1 32224U 99025CVW 18240.45146843  .00000103  00000-0  57105-4 0  9994
2 32224  99.0887  63.5275 0079891 253.9931 105.2439 14.29913581577770
1 32225U 99025CVX 18241.67656426 +.00000126 +00000-0 +92677-4 0  9991
2 32225 099.0561 200.1057 0074727 110.6654 250.2549 14.11027267305580
1 32226U 99025CVY 18242.02422465  .00004848  00000-0  50883-3 0  9993
2 32226  99.4747  71.6119 0031412  48.8999 311.4918 14.89767697592603
1 32227U 99025CVZ 18241.87689059 +.00000949 +00000-0 +12207-3 0  9996
2 32227 099.4879 206.5784 0144932 120.9217 269.0949 14.77250537598519
1 32228U 99025CWA 18239.42691986  .00000881  00000-0  24836-3 0  9993
2 32228  98.6373 303.6759 0091487 348.5085  11.4017 14.45975353586302
1 32230U 99025CWC 18237.40953998 +.00000674 +00000-0 +31781-3 0  9993
2 32230 098.8876 307.2075 0087861 294.6409 123.3616 14.21258186225870
1 32232U 99025CWE 18228.14948442 +.00002408 +00000-0 +54858-3 0  9991
2 32232 097.0692 202.6444 0123050 122.3198 238.9987 14.51963460580374
1 32233U 99025CWF 18240.35936970  .00000849  00000-0  44706-3 0  9990
2 32233  97.6634 287.2688 0261301 273.0011  84.1288 14.00114370568166
1 32234U 99025CWG 18241.55836533  .00000355  00000-0  31043-3 0  9990
2 32234  98.5385 268.9218 0148074  92.8255 268.9861 13.86471409564148
1 32235U 99025CWH 18240.91508378 +.00001337 +00000-0 +22222-3 0  9993
2 32235 099.0622 266.9829 0116024 149.1380 332.7539 14.67782517608180
1 32238U 99025CWL 18242.08805195  .00000979  00000-0  67672-4 0  9993
2 32238  98.8899 356.4680 0143656 258.2538 100.2535 15.01033063605167
1 32241U 99025CWP 18242.06989629  .00000608  00000-0  30917-3 0  9990
2 32241  98.9699 187.9549 0177120 214.4426 144.5163 14.11750544574617
1 32242U 99025CWQ 18237.12830350  .00000357  00000-0  34350-3 0  9994
2 32242  97.2769   2.6016 0172534 234.9191 123.5683 13.78232806560291
