1 43270U 18031J   18240.46675430  .00000059  00000-0  15984-4 0  9994
2 43270  98.0286 315.4557 0006469 129.0046 231.1740 14.76137563 32172
1 43504U 17084E   18241.72105602  .00001867  00000-0  90697-4 0  9992
2 43504  97.5678 320.5765 0017886 348.7678  11.3155 15.19610789 37352
1 43371U 02003F   18241.44358799 +.00000055 +00000-0 +20728-3 0  9990
2 43371 028.9243 326.1554 5630171 049.9335 347.2756 04.44548386071413
1 43411U 13052F   18241.03515010 -.00000003  00000-0  17144-4 0  9990
2 43411  98.6677 328.4321 0006081  81.4311 278.7558 14.26441709248143
1 43414U 14007D   18242.40579828 -.00000084  00000-0  00000+0 0  9990
2 43414  14.2259 315.2929 4711728 308.6149  17.9575  1.89407264 26804
1 43357U 98008H   18241.00485217 -.00000046  00000-0  33607-3 0  9993
2 43357  51.9630 107.6354 0042147 286.9497  72.6749 12.56491798119746
1 43360U 99040H   18240.33042773 -.00000730  00000-0 -46533-2 0  9997
2 43360  27.9842 279.6166 3716408 133.8802 263.5890  7.12010801155375
1 43387U 09055N   18241.54115163  .00007870  00000-0  16995-2 0  9990
2 43387  98.6943 346.1802 0020541 108.9387 251.4039 14.58484187100722
1 43394U 10023D   18011.43749006  .00001237  00000-0  28196-2 0  9994
2 43394 100.4267 220.9987 0040066 290.8949  68.7884 13.27952810207490
1 43401U 12026N   18242.67178420 -.00000131  00000-0  00000+0 0  9990
2 43401  12.3449   1.8626 4134827 336.4648 347.8044  1.75796210 38776
1 43346U 94057J   18241.56564983  .00028601  00000-0  70412-2 0  9990
2 43346  99.2043 279.5584 0033392 131.6664 228.7396 14.51807924 96256
1 43376U 07052AC  18235.11329159  .00000037  00000-0 -38669-4 0  9994
2 43376  65.1458 262.7467 5801674 357.9097   0.5395  4.09342477 56484
1 43102U 18002D   18241.73458203  .00001182  00000-0  78869-4 0  9993
2 43102  97.4496 312.2778 0017861  62.4193 297.8848 15.08802706 35066
1 43105U 18002G   18241.71819936 +.00002472 +00000-0 +11097-3 0  9990
2 43105 097.6865 323.6844 0046953 223.4767 136.2762 15.21217209035346
1 43418U 14080G   18239.02253030 -.00000063  00000-0  43939-4 0  9993
2 43418  63.4096  86.8152 0126881   2.5798 357.5855 13.44482830161606
1 43363U 99040L   18228.19434111  .00001545  00000-0  11523-2 0  9995
2 43363  28.4397 217.4857 3475263 208.2089 127.6393  8.02905996157931
1 43390U 09055R   18240.48877190 +.00008204 +00000-0 +19364-2 0  9996
2 43390 098.5719 331.1071 0010345 192.5966 167.4973 14.54429343089268
1 43366U 99040P   18241.44755435 -.00000834  00000-0 -18562-2 0  9998
2 43366  28.2148 340.9041 3935648  24.2646 350.1441  7.02620774 68122
1 43393U 10023C   18242.54901767  .00000916  00000-0  21546-2 0  9990
2 43393 100.3856  92.5104 0017181  71.9053 288.3936 13.26866199230949
1 43507U 18025E   18241.86270393  .00005875  00000-0  16676-3 0  9993
2 43507  97.2385 359.5052 0054304  90.4527 270.2940 15.35084415 22955
1 43349U 94074AM  18241.95897092  .00003457  00000-0  39955-3 0  9995
2 43349  98.0960 293.3655 0003242 110.3164 249.8399 14.86254055 87219
1 43528U 10007AA  18241.85526290 +.00000394 +00000-0 +25011-2 0  9990
2 43528 064.8557 142.5883 5700204 042.7418 349.7559 04.17618834003876
1 43379U 07052AF  18241.00847410  .00005103  00000-0  42806-2 0  9991
2 43379  64.0883 199.0299 5759304  30.2097 353.0736  4.30249419 61527
1 43148U 18006C   18242.32137732  .00002370  00000-0  91716-4 0  9990
2 43148  97.3252 359.4439 0018631 192.0573 168.0222 15.27026049 34939
1 43421U 14080K   18238.11062689 -.00000040  00000-0  82605-4 0  9992
2 43421  63.4007  91.4800 0125500   2.2100 357.9454 13.43984885105798
1 43430U 17034F   18241.06755097  .00000145  00000-0  55181-4 0  9998
2 43430  43.0110 250.0900 0241521 123.3090 239.1113 14.51686687 59189
1 43424U 15040C   18241.91247958  .00000011  00000-0  15056-3 0  9990
2 43424 100.3381 287.0947 0150850 303.7010  54.9796 13.09937121139239
1 42980U 10041V   18241.54026739  .00000429  00000-0  36933-2 0  9992
2 42980  65.3317  56.8901 5657359  64.7189 342.6601  4.18926226 15013
1 43404U 12066G   18241.41557213  .00000013  00000-0  32515-3 0  9997
2 43404  63.3603 182.9492 0106849 219.8468 139.4651 12.92721198262954
1 43036U 17077C   18241.74566296 +.00002261 +00000-0 +10233-3 0  9992
2 43036 097.5595 320.7668 0011226 246.4518 113.5539 15.21917411040926
1 43407U 13014D   18242.26411886 -.00000113  00000-0  00000+0 0  9995
2 43407  14.3053 294.7350 4857399  24.5461 352.5286  1.91511780 20807
1 43352U 95058M   18241.73410434  .00004990  00000-0  17981-2 0  9996
2 43352  71.0098 125.7149 0006530  29.8456 330.3048 14.34125910203962
1 43536U 18056H   18234.99522575  .37878807  33885-5  85464-3 0  9993
2 43536  98.2308 311.8404 0020080 347.8830  91.4284 16.44564671  6937
1 43206U 98067NN  18218.72331005 +.04264702 +11875-4 +17886-2 0  9999
2 43206 051.6211 106.1151 0014612 251.5050 108.4381 16.21960945028244
1 43237U 18025B   18241.84404826 +.00002316 +00000-0 +10020-3 0  9995
2 43237 097.2447 356.8637 0016316 185.1079 174.9994 15.23301439025135
1 43427U 16033E   18240.32225558 +.00001942 +00000-0 +19557-3 0  9996
2 43427 097.4810 268.2244 0212940 020.6791 340.2876 14.76864756110154
1 43367U 99040Q   18242.32549621 -.00000867  00000-0 -13472-2 0  9996
2 43367  28.2608 315.3894 3969197  64.4233 331.1266  7.04325547146460
1 43069U 17082E   18241.86643647 +.00000442 +00000-0 +15988-3 0  9994
2 43069 098.5017 313.1445 0032373 099.9304 260.5539 14.37945143035893
1 43410U 13052E   18241.71815542  .00000107  00000-0  12262-3 0  9996
2 43410  98.8347 194.5200 0248725  79.4915 283.4154 13.74166470239108
1 43356U 98008G   18241.53914997  .00000272  00000-0  17939-2 0  9991
2 43356  51.9102   6.6020 0044630 206.1456 153.7161 12.74177000121632
1 43487U 18048D   18241.69075835  .00000264  00000-0  46617-4 0  9996
2 43487  97.9073 314.7204 0034021 330.1031  29.8234 14.74862706 13046
1 43266U 18031H   18242.19139437  .00000312  00000-0  44881-4 0  9993
2 43266  98.0671 319.5786 0036093 300.5119  59.2532 14.83128583 22466
1 43503U 08061D   18241.58424601  .00008778  00000-0  67780-3 0  9997
2 43503  97.7112 110.0665 0069664 201.5994 158.2288 14.99851043206505
1 43370U 01056P   18241.13186142 +.00000306 +00000-0 +47576-3 0  9992
2 43370 099.3667 208.1359 0134707 248.6699 110.0016 13.55240157235825
1 43386U 09055M   18241.88771657 +.00002102 +00000-0 +56643-3 0  9990
2 43386 098.4516 325.3683 0031654 136.4128 223.9574 14.48687559111533
1 43400U 12026M   18049.18518875 -.00000128  00000-0  00000+0 0  9998
2 43400  12.8400  17.6679 4101926 308.9841  21.0336  1.76667666  6901
1 43345U 94057H   18242.07994098  .00021449  00000-0  59314-2 0  9991
2 43345  99.2370 279.1722 0028019 128.3624 232.0089 14.46451707 96397
1 43375U 07029S   18237.93262824 +.00000623 +00000-0 +42340-3 0  9994
2 43375 070.9055 076.3839 0123501 230.4553 198.5285 14.00358204243318
1 43097U 17084D   18241.74576697  .00005887  00000-0  15725-3 0  9991
2 43097  97.3357 319.3368 0053153 149.4320 211.0041 15.37029421 37779
1 43413U 13068B   18241.27441214  .00000336  00000-0  11174-3 0  9993
2 43413  97.9720 171.2302 0130753   9.4344 350.9256 14.38691328241440
1 43104U 18002F   18242.19698910  .00001955  00000-0  80432-4 0  9994
2 43104  97.4283 317.3600 0051143 233.6984 125.9525 15.24210695 35480
1 43417U 14016J   18181.26231813 +.00162117 +00000-0 +79861-2 0  9997
2 43417 098.2131 207.6379 0025916 105.4479 254.9617 15.16929933098810
1 43359U 99025EYQ 18241.54282472  .00000570  00000-0  36611-3 0  9991
2 43359  99.1918 244.8181 0092178 269.9319  89.1285 14.05416246102242
1 43362U 99040K   18183.00566834  .00002347  00000-0  17801-2 0  9998
2 43362  28.2926 101.3318 4022653 184.0067 171.4808  7.07984049 61569
1 43389U 09055Q   18189.32382292  .00302288  00000-0  11347-1 0  9994
2 43389  98.6114 316.5757 0034922 190.8574 169.1911 15.25342818 77210
1 43365U 99040N   18207.96996394  .00014699  00000-0  27297-2 0  9994
2 43365  28.4222  56.9870 4081103 244.4173 316.3235  7.17758353 42948
1 43392U 09055T   18242.21017833  .00002545  00000-0  77756-3 0  9993
2 43392  98.5955 325.5982 0016940 161.3332 198.8482 14.42648206104975
1 43399U 12025S   18242.05029841  .00004033  00000-0  43951-3 0  9999
2 43399  98.3322 264.8618 0005090 205.3542 154.7424 14.88580881 66748
1 42979U 10041U   18238.61283158 +.00000029 +00000-0 +23484-3 0  9998
2 42979 065.1670 053.1833 5637020 065.7895 342.1326 04.25533311015075
1 43403U 12052C   18242.00004322  .00000231  00000-0  83701-4 0  9991
2 43403  98.0151 155.8415 0224646 214.7394 143.8947 14.28754906307061
1 43506U 18025D   18241.87858946  .00003765  00000-0  12678-3 0  9993
2 43506  97.4697   3.4894 0044172  77.4406 283.1770 15.30459621 22734
1 43526U 10007Y   18242.13206831  .00017893  00000-0  38763-1 0  9995
2 43526  65.3302 143.0325 5779856  43.4019 349.8828  4.18371972  3543
1 43378U 07052AE  18241.99550128  .00004792  00000-0  59005-2 0  9997
2 43378  64.2220 209.3025 5754583  24.9710 354.3202  4.27504705 58268
1 43147U 18006B   18241.81305093 +.00002258 +00000-0 +10040-3 0  9994
2 43147 097.2520 355.2455 0013397 029.8959 330.3040 15.22425193034756
1 43420U 14080J   18237.17761523  .00001237  00000-0  21263-2 0  9998
2 43420  63.4025  88.0732 0126778   6.5753 353.6900 13.45608277170580
1 43035U 17077B   18242.18680782  .00001962  00000-0  78352-4 0  9991
2 43035  97.3423 315.2820 0017401 158.4940 201.7033 15.26200826 41081
1 43406U 12073D   18242.20642332  .00001142  00000-0  13731-3 0  9995
2 43406  97.9549 151.1248 0105582  51.1881 309.8702 14.82077739257279
1 43348U 94074AL  18241.60115126  .00003377  00000-0  42278-3 0  9990
2 43348  98.0694 288.1812 0002281 143.4196 216.7173 14.82949926 66521
1 43351U 95021J   18241.86668148 +.00002335 +00000-0 +66807-3 0  9999
2 43351 098.7530 263.3798 0006991 072.6591 287.5364 14.46019006161355
1 43535U 18056G   18242.70692285  .03130481  27496-5  21505-2 0  9994
2 43535  97.8107 317.6566 0077995 321.2557 165.8616 16.09723022  8137
1 43150U 18006E   18241.84735040  .00005512  00000-0  15668-3 0  9997
2 43150  97.4709   6.1173 0047011 216.9940 142.8059 15.35483187 35016
1 43423U 15030D   18241.59004287  .00001847  00000-0  53724-4 0  9991
2 43423  97.4281  13.0312 0008458  57.7400 302.4662 15.36749220166697
1 43214U 99025EYN 18241.66990249 +.00000631 +00000-0 +36909-3 0  9990
2 43214 098.9278 298.5213 0064064 241.3605 118.1113 14.11003211027650
1 43426U 15078B   18242.29929641  .00000954  00000-0  10045-3 0  9990
2 43426  97.3995 181.9099 0205261 194.0636 165.4809 14.77358256143071
1 43038U 17077E   18241.90976306 +.00003257 +00000-0 +10863-3 0  9994
2 43038 097.3142 315.8651 0040829 057.9394 302.5802 15.30996650041116
1 43355U 97029D   18240.99516265  .00000059  00000-0  00000+0 0  9998
2 43355  14.3948  20.8960 0123239 316.3054  42.7772  1.00263897 14031
1 43483U 18047H   18241.41603825  .00693450  00000-0  11790-1 0  9993
2 43483  89.0491 226.3813 0008079 145.3813 214.7976 15.49300112 14983
1 43263U 18031E   18241.66025595 +.00000252 +00000-0 +50396-4 0  9991
2 43263 097.9824 314.1106 0048445 130.7250 229.8178 14.69149988022244
1 43498U 98067NS  18241.36210962  .00070276  00000-0  91944-3 0  9995
2 43498  51.6413  13.0397 0000214  86.6137 273.4880 15.57965655 11672
1 43429U 16043D   18241.92967285 +.00000490 +00000-0 +12951-3 0  9994
2 43429 074.9744 333.4893 0241385 206.6638 152.1944 14.35114658111508
1 43369U 01056N   18242.46322024  .00000555  00000-0  31186-3 0  9994
2 43369  99.2624 327.2645 0096382  84.6713 336.4323 14.12476691703921
1 43409U 13052D   18241.66379138  .00000099  00000-0  11492-3 0  9998
2 43409  98.7556 181.2408 0241832  49.8389 312.3670 13.75594918239409
1 43096U 17084C   18242.16614935  .00002435  00000-0  96317-4 0  9998
2 43096  97.4622 320.0741 0018603 128.0648 232.2272 15.26290509 37580
1 43412U 13065C   18242.06955173  .00000057  00000-0  25489-3 0  9995
2 43412 100.4888 334.4836 0132843 268.2050  90.3844 13.17182333221308
1 43358U 99025EYP 18241.88231084 -.00000128 +00000-0 -12641-3 0  9998
2 43358 098.6933 355.8314 0381964 039.2318 323.5842 13.34087934181862
1 43381U 08020C   18242.45287003  .00000011  00000-0  00000+0 0  9996
2 43381  56.8031 102.9748 0545978 169.3745 191.8861  1.67812858 54276
1 43344U 94057G   18241.85148119 +.00000745 +00000-0 +39572-3 0  9991
2 43344 099.0618 261.7652 0015399 099.2907 261.0008 14.16678515095550
1 43505U 18025C   18241.85456859 +.00001838 +00000-0 +92525-4 0  9996
2 43505 097.4838 000.7800 0017975 273.6860 086.2318 15.18359958022628
1 43374U 07029R   18242.33421094  .00000961  00000-0  87770-3 0  9990
2 43374  71.0645 120.6867 0222688  61.4636 300.8686 13.74912136239114
1 43416U 14015F   18241.93707697 +.00000401 +00000-0 +22105-3 0  9991
2 43416 098.7725 261.3449 0009379 033.6303 326.5466 14.17081146223049
1 43361U 99040J   18242.35599750  .00000371  00000-0  24907-3 0  9995
2 43361  28.2264 307.2462 3936724  80.8283 320.6554  7.24802611 77279
1 43388U 09055P   18241.79662546  .00062792  00000-0  69334-2 0  9999
2 43388  98.6482   2.2441 0024729 180.2638 179.8567 14.86921203 75371
1 43396U 12002D   17364.00270595  .00000130  00000-0  00000+0 0  9992
2 43396   2.1149  78.4476 0150960 215.1275 204.1092  1.00237133 20464
1 42978U 10041T   18241.55714134 +.00000027 +00000-0 +23103-3 0  9993
2 42978 065.6562 045.1531 5465224 059.1619 343.4654 04.50664374016162
1 43402U 12052B   18241.56279864 +.00000216 +00000-0 +82324-4 0  9998
2 43402 098.0710 157.5252 0242848 267.5762 089.7599 14.25191321247874
1 43347U 94074AK  18241.12391623 +.00002516 +00000-0 +29711-3 0  9995
2 43347 098.0853 293.0906 0005518 095.6913 264.4930 14.85606416117049
1 43525U 10007X   18241.99046175  .00103140  00000-0  89620-1 0  9999
2 43525  66.2101 144.3071 5808396  41.3923 350.5210  4.22646265  3925
1 43377U 07052AD  18240.99727031  .00002320  00000-0  19707-2 0  9994
2 43377  64.3868 211.3219 5789610  17.0233 356.1992  4.25898956 38879
1 43103U 18002E   18241.70866813  .00001288  00000-0  96880-4 0  9991
2 43103  97.6951 317.8303 0038735 125.5841 234.9004 15.03781127 34944
1 43106U 17008DK  18242.22183793  .00087513  00000-0  14717-2 0  9998
2 43106  97.4583 313.9383 0009290 234.6508 125.3877 15.51392366 36508
1 43419U 14080H   18229.26862309 -.00000098 +00000-0 -12960-4 0  9993
2 43419 063.4058 107.7063 0127387 002.4172 357.7443 13.45652414165995
1 43364U 99040M   18241.35485539 -.00001675  00000-0 -56612-2 0  9993
2 43364  28.1848 313.1810 3867015  69.0731 327.6119  7.04114518944272
1 43391U 09055S   18241.73675004  .00003551  00000-0  93271-3 0  9996
2 43391  98.6919 338.3126 0034087 181.3515 178.7591 14.49460667 86218
1 42981U 10041W   18241.72043792 -.00000060  00000-0 -30223-3 0  9991
2 42981  65.7756  46.9248 5472428  57.4283   9.0229  4.48811990 15738
1 43350U 94074AN  18242.36722269  .00003529  00000-0  39265-3 0  9990
2 43350  98.0707 294.1601 0005680 122.3980 237.7786 14.87793942 86856
1 43533U 18056E   18211.24981164  .14911833  29054-5  26589-2 0  9993
2 43533  98.0798 284.9783 0033129  90.0460 319.1386 16.30820064  3317
1 43149U 18006D   18241.83805434 +.00003505 +00000-0 +12264-3 0  9998
2 43149 097.3905 001.8636 0020299 256.0511 103.8472 15.30010089034898
1 43422U 15030C   18242.16159476  .00001485  00000-0  44280-4 0  9990
2 43422  97.4285  13.4572 0006860  63.7819 296.4129 15.36282205171408
1 43213U 99025EYM 18241.66904827 +.00000671 +00000-0 +39068-3 0  9999
2 43213 098.9279 298.5282 0064065 241.2974 118.1748 14.11011532027351
1 43431U 17034G   18242.06578558  .00000083  00000-0  43167-4 0  9997
2 43431  43.1011 235.2527 0223480 142.2479 219.4261 14.55431196 61866
1 43425U 15040D   18240.45992547  .00000076  00000-0  27917-3 0  9990
2 43425 100.4164 314.9180 0141727 283.4330  75.1024 13.21874035143952
1 43405U 12073C   18241.56835581  .00002601  00000-0  13388-3 0  9991
2 43405  98.2149 263.9384 0068729 218.9373 140.6897 15.15451644261449
1 43037U 17077D   18242.18332536  .00004959  00000-0  12987-3 0  9994
2 43037  97.5362 326.5804 0054168  79.3873 281.3466 15.37688420 41313
1 43408U 13052C   18242.11177915  .00000071  00000-0  88982-4 0  9996
2 43408  98.7619 196.2545 0223697  27.6550 333.6295 13.79549068240095
1 43354U 96051P   18241.99474045  .00000287  00000-0  17124-3 0  9993
2 43354  71.1895  96.3911 0095617 189.6957 170.2325 14.12856839866203
1 43543U 10007AC  18218.78603953 -.00002964 +00000-0 -73475-2 0  9999
2 43543 066.0042 152.0259 5760804 041.7415 345.2026 04.19578599002860
1 43395U 11023J   18049.52743214 -.00000301 +00000-0 +00000-0 0  9996
2 43395 004.6148 062.4282 0147418 325.2667 034.0356 01.02865096022775
1 43240U 18021D   18242.23367985  .00009704  00000-0  35738-3 0  9994
2 43240  97.2250 357.3224 0012320  99.8454 260.4178 15.27965295 23951
1 43490U 18048E   18241.75079801 +.00000262 +00000-0 +46729-4 0  9996
2 43490 098.1745 317.6534 0034516 332.3430 027.5941 14.74980336012772
1 43428U 16043C   18241.72064933 +.00000474 +00000-0 +13759-3 0  9998
2 43428 074.9716 353.9534 0285341 235.8386 121.5415 14.25606485111921
1 43368U 00055UC  18241.82859499 +.00003016 +00000-0 +11260-2 0  9996
2 43368 099.1245 354.8397 0020574 250.1196 109.7769 14.32583592128841
1 43095U 17084B   18242.67399521  .00001684  00000-0  70895-4 0  9992
2 43095  97.4377 319.2127 0012291 114.9399 245.3117 15.24712906 37624
1 43380U 07052AG  18165.60216509 +.00000101 +00000-0 +00000-0 0  9994
2 43380 064.1164 240.4231 5820416 024.0557 354.4036 04.27262316051472
1 43395U 11023J   18049.52743214 -.00000301  00000-0  00000+0 0  9995
2 43395   4.6148  62.4282 0147418 325.2667  34.0356  1.02865096 22775
1 43240U 18021D   18241.90623505 +.00009772 +00000-0 +35992-3 0  9997
2 43240 097.2251 357.0049 0012328 100.9024 259.3603 15.27958276023905
1 43490U 18048E   18240.73322651  .00000301  00000-0  52360-4 0  9999
2 43490  98.1747 316.6260 0034580 335.6697  24.2877 14.74979874 12622
1 43428U 16043C   18241.29959063  .00000527  00000-0  15200-3 0  9999
2 43428  74.9715 354.6712 0285341 236.7555 120.5959 14.25606424111862
1 43095U 17084B   18241.68957100 +.00002417 +00000-0 +10047-3 0  9992
2 43095 097.4379 318.2351 0012266 117.9442 242.3039 15.24709822037485
1 43102U 18002D   18240.73978852 +.00001476 +00000-0 +97514-4 0  9993
2 43102 097.4497 311.3126 0017929 065.5362 294.7734 15.08801139034913
1 43380U 07052AG  18165.60216509  .00000101  00000-0  00000+0 0  9993
2 43380  64.1164 240.4231 5820416  24.0557 354.4036  4.27262316 51472
1 43270U 18031J   18238.43319244 +.00000034 +00000-0 +12409-4 0  9998
2 43270 098.0289 313.4352 0006340 134.4057 225.7672 14.76136872031877
1 43504U 17084E   18240.20654742  .00002176  00000-0  10514-3 0  9991
2 43504  97.5682 319.0580 0018081 354.0601   6.0416 15.19601432 37120
1 43368U 00055UC  18241.54922164  .00003097  00000-0  11560-2 0  9997
2 43368  99.1244 354.5454 0020494 250.9601 108.9361 14.32581913128801
1 43507U 18025E   18240.81973377 +.00009774 +00000-0 +27585-3 0  9992
2 43507 097.2385 358.4811 0054366 094.1020 266.6441 15.35074003022792
1 43371U 02003F   18240.54401888  .00000316  00000-0  59623-3 0  9994
2 43371  28.9245 326.8887 5630330  48.7512 347.6284  4.44547350 71377
1 43414U 14007D   18241.34999790 -.00000087 +00000-0 +00000-0 0  9990
2 43414 014.2271 315.3907 4711667 308.4240 018.0500 01.89407303026788
1 43360U 99040H   18235.42133099 -.00001155  00000-0 -73002-2 0  9996
2 43360  27.9836 287.2371 3716324 121.3757 280.3317  7.12014715155020
1 43387U 09055N   18240.51208274  .00009764  00000-0  21056-2 0  9990
2 43387  98.6945 345.1041 0021436 110.7121 249.6377 14.58465831100571
1 43401U 12026N   18241.60878775 -.00000133 +00000-0 +00000-0 0  9995
2 43401 012.3454 001.9344 4134827 336.3195 035.0798 01.75796313038761
1 42980U 10041V   18240.58543246 +.00000029 +00000-0 +32137-3 0  9991
2 42980 065.3325 057.2313 5658223 064.7620 342.6395 04.18924359014974
1 43404U 12066G   18240.25523154 -.00000003 +00000-0 +26953-3 0  9994
2 43404 063.3602 185.6687 0106935 219.8126 139.4992 12.92720937224918
1 43346U 94057J   18239.91153928 +.00031381 +00000-0 +77358-2 0  9994
2 43346 099.1990 277.7525 0034282 132.4750 227.9349 14.51698676096010
1 43376U 07052AC  18235.11329159 +.00000037 +00000-0 -38669-4 0  9994
2 43376 065.1458 262.7467 5801674 357.9097 000.5395 04.09342477056484
1 43418U 14080G   18226.30388452 -.00000046 +00000-0 +72039-4 0  9991
2 43418 063.4101 119.4286 0125911 002.4689 357.6932 13.44482763159907
1 43363U 99040L   18225.33531704 +.00001291 +00000-0 +95614-3 0  9996
2 43363 028.4033 223.1641 3475562 199.1128 143.7659 08.02901196157704
1 43390U 09055R   18240.00720209  .00009332  00000-0  22012-2 0  9999
2 43390  98.5726 330.6123 0010142 192.7654 167.3286 14.54419746 89193
1 43366U 99040P   18231.48685645 -.00000395  00000-0 -89486-3 0  9992
2 43366  28.2373 356.4424 3937284 358.8807 354.8927  7.02649076 67420
1 43393U 10023C   18241.56878716 +.00000884 +00000-0 +20836-2 0  9993
2 43393 100.3857 091.5296 0016800 073.7292 286.5673 13.26863910230815
1 43349U 94074AM  18240.94910425 +.00004300 +00000-0 +49535-3 0  9992
2 43349 098.0972 292.3377 0002891 113.7636 246.3882 14.86246850087068
1 43528U 10007AA  18240.89744166 +.00000490 +00000-0 +30881-2 0  9995
2 43528 064.8558 142.9225 5699937 042.7801 349.7393 04.17618076003837
