1 38802U 99025EUS 17106.39671985  .00000208  00000-0  11022-3 0  9998
2 38802  98.5701 167.6672 0046104  32.0447 328.4115 14.13138297412980
1 38617U 08011BQ  18241.08582245 +.00000048 +00000-0 +91142-3 0  9997
2 38617 049.1913 154.3672 6384102 172.9123 204.6277 03.23533719082757
1 38807U 99025EUX 18241.84309247 +.00000915 +00000-0 +90267-3 0  9996
2 38807 098.4648 102.2726 0238234 067.1505 295.4610 13.68922162213163
1 38724U 99025ETR 18240.49670870  .00001619  00000-0  12228-2 0  9999
2 38724  98.7420 340.9462 0163317 240.7463 117.7283 13.89415019358276
1 39114U 99025EWB 18240.42600881  .00000629  00000-0  32818-3 0  9999
2 39114  99.0161 311.2788 0081982 102.4639 258.5722 14.16432856285948
1 38794U 99025EUJ 18242.20477706  .00000467  00000-0  46476-3 0  9993
2 38794  99.0569  34.2895 0221145 167.5063 193.1694 13.72571928395011
1 38717U 99025ETJ 18241.09559208  .00000559  00000-0  36440-3 0  9994
2 38717  99.0314 188.5961 0067347 246.3465 176.3602 14.05489005402376
1 38519U 99025ETE 18241.04852707 +.00000554 +00000-0 +53757-3 0  9994
2 38519 099.4121 176.8095 0186888 212.4396 146.5156 13.76575486219671
1 38810U 99025EVA 18232.57507014 +.00000187 +00000-0 +14814-3 0  9997
2 38810 099.3297 341.8928 0137007 181.3861 248.2456 13.99346783254018
1 38638U 08011CM  15340.81164422  .00001692  00000-0  54234-2 0  9997
2 38638  48.6651 196.9694 6498491 206.7713  95.0822  3.16835269 52625
1 38727U 99025ETU 18241.27757368 +.00000483 +00000-0 +37682-3 0  9997
2 38727 098.7045 355.4740 0118020 051.1447 339.0307 13.93469010346705
1 39205U 13035D   18242.21784427  .00000593  00000-0  13720-3 0  9996
2 39205  97.9820 326.4197 0099014 174.5927 185.6365 14.55698756271725
1 38658U 09072F   18241.13775734 -.00000321  00000-0 -82104-3 0  9997
2 38658 100.3787 195.0999 0136017 311.1422 115.5884 13.04897604406398
1 38817U 99025EVH 18235.72442030  .00000327  00000-0  41720-3 0  9992
2 38817  98.5873  55.6284 0309562  99.1381 264.4912 13.50355416297655
1 38557U 06006CX  18240.99888569  .00000970  00000-0  11486-2 0  9995
2 38557  51.7478 227.6910 4917258  54.5191 342.0929  5.54894700176342
1 38813U 99025EVD 18237.42270424 +.00000146 +00000-0 +10074-3 0  9990
2 38813 099.3418 086.5794 0007541 061.8456 298.3476 14.14804298105090
1 38783U 99025ETX 18236.94763966 +.00000575 +00000-0 +13771-3 0  9993
2 38783 098.6601 293.0368 0310310 191.2985 168.1122 14.32278237415869
1 38661U 12029C   18241.21956786 -.00000016  00000-0  65637-4 0  9997
2 38661 100.2580 338.8282 0124507  49.7069 311.4850 13.19174427297841
1 38820U 99025EVL 18242.29603218  .00000921  00000-0  70262-3 0  9996
2 38820  98.2374  51.5573 0286902 193.1270 292.5824 13.77927955304286
1 38595U 08011AS  15302.05614124  .00000000  00000-0  00000+0 0  9993
2 38595  49.7924 253.5313 6493810 120.9284 318.2576  3.08428684 52930
1 38959U 12044CS  12344.36753397 +.00574484 +25319-4 +14382-1 0  9997
2 38959 050.0801 347.6370 2643477 223.0607 011.5103 10.14004847004928
1 38989U 12044DS  12343.36749356 +.00460866 +17806-4 +11798-1 0  9997
2 38989 050.0222 336.8270 2352548 231.3525 164.4036 10.73045609005104
1 38630U 08011CD  15271.17731201 -.00001412  00000-0 -75793-2 0  9991
2 38630  49.2813 256.5100 6504270 137.2706 348.5675  3.11052931 42366
1 38637U 08011CL  16276.86353254 -.00000006  00000-0  11785-2 0  9996
2 38637  48.9743 164.2496 6394995 221.7358  66.0179  3.06794811 61419
1 38562U 06006DC  18017.66606241 +.00001262 +00000-0 +15679-2 0  9995
2 38562 051.8411 138.2763 4929373 214.3768 100.8163 05.53200294151987
1 38574U 08011V   18218.39795934 -.00000039 +00000-0 +10000-3 0  9993
2 38574 049.4359 021.6830 6308211 356.2786 000.6178 03.01765017000014
1 38786U 99025EUA 18241.59788084  .00001650  00000-0  15692-2 0  9999
2 38786  99.5912 156.7259 0282470 317.8983  40.0764 13.65986983372917
1 38664U 12029F   18242.36637358  .00000022  00000-0  16748-3 0  9992
2 38664 100.0832 298.8264 0138130  85.7720 275.9162 13.12005443298843
1 38790U 99025EUE 18238.38435771 +.00000318 +00000-0 +19043-3 0  9994
2 38790 098.9701 293.0327 0084770 137.7880 222.9859 14.12296092266837
1 38957U 12044CQ  18242.21878442  .00019685  51892-5  36026-3 0  9995
2 38957  50.0093 239.7896 1775979  94.4262 286.0513 11.98987828238208
1 38823U 99025EVP 18238.26324836 +.00000864 +00000-0 +60728-3 0  9999
2 38823 099.2960 252.9416 0119845 130.6082 230.5580 13.97579451506137
1 38603U 08011BA  18240.06459959 +.00000696 +00000-0 +19053-2 0  9993
2 38603 049.4956 201.7703 6510221 106.0870 330.4078 03.15801288065189
1 38971U 12044DE  18242.34362404  .00015621  41283-5  29048-3 0  9996
2 38971  50.1002   0.6502 1614234 270.9971  70.7110 12.33303476243666
1 39052U 99057SZ  18242.36651265  .00000062  00000-0  14017-4 0  9995
2 39052  98.7197 302.0637 0065202 212.1826 147.5401 14.88155863320422
1 39110U 93036BTZ 18241.50427291  .00000201  00000-0  42449-4 0  9991
2 39110  73.9482 169.3618 0111924 305.2624 173.3326 14.63003692323291
1 38635U 08011CJ  16060.28620741 +.00003757 +00000-0 +14457+0 0  9990
2 38635 048.7782 222.0968 6366002 182.1778 073.2633 03.07351425054822
1 38580U 08011AB  18235.39332824 -.00002157  00000-0 -72630-1 0  9993
2 38580  48.4404 357.5894 6496695  37.1479 353.5568  2.93216585 78930
1 38832U 99025EVY 18242.37197449  .00000357  00000-0  27743-3 0  9991
2 38832  99.2400 207.9224 0100448 113.5833 247.5917 13.96696242362089
1 38587U 08011AJ  13196.53044440  .00000266  00000-0  19257-2 0  9995
2 38587  48.7936 201.0213 6480353 237.7816 336.8672  3.08120861 25531
1 38678U 09014D   18229.12015447  .00103740  78509-7  23185-3 0  9995
2 38678  40.0925 136.3652 3013819 259.2038 281.7125  9.58029536181175
1 38826U 99025EVS 18239.21864878 +.00000681 +00000-0 +32114-3 0  9998
2 38826 099.8937 031.9011 0053745 056.1805 304.4469 14.23043030250230
1 38797U 99025EUM 18240.58330237 +.00000084 +00000-0 +13891-3 0  9992
2 38797 099.5843 156.5142 0248443 149.3970 212.1934 13.59761435230737
1 38607U 08011BE  18236.07722778 -.00000121  00000-0 -57022-3 0  9999
2 38607  49.7051 304.0548 6437438  27.3885   7.8504  3.05908818 84585
1 38801U 99025EUR 18231.18613603 +.00000305 +00000-0 +91467-4 0  9997
2 38801 098.4230 007.1093 0388434 161.1159 324.6421 14.13428203265263
1 38615U 08011BN  18242.02974701 -.00000330  00000-0 -16015-2 0  9993
2 38615  49.0924 190.1767 6506006 149.8824 273.2564  3.11680726 81500
1 38806U 99025EUW 15132.23433412 +.00002204 +00000-0 +15398-2 0  9990
2 38806 098.5611 298.2737 0140796 359.9035 001.2428 13.94834523234004
1 38723U 99025ETQ 18241.17019433 +.00001071 +00000-0 +42901-3 0  9990
2 38723 099.4799 228.2290 0042868 167.7582 192.4650 14.30204946259883
1 39113U 99025EWA 18241.03464527  .00000509  00000-0  32810-3 0  9990
2 39113  99.0236 328.0173 0043830 294.2238  65.4353 14.07206523285764
1 38584U 08011AF  18242.36660703  .00001065  00000-0  12260-1 0  9990
2 38584  48.7094 236.9351 6492169 130.9813   2.2003  3.06352059 80012
1 38793U 99025EUH 18241.39160045  .00000981  00000-0  29254-3 0  9992
2 38793  98.7071 297.7645 0113290  55.7239   5.5228 14.41722685350753
1 38716U 99025ETH 18204.69146233 +.00000428 +00000-0 +48432-3 0  9997
2 38716 098.4144 012.9154 0277838 292.6229 064.9538 13.59926163039222
1 38829U 99025EVV 18239.36608185 +.00000229 +00000-0 +16960-3 0  9993
2 38829 099.0088 273.1773 0041482 296.2270 063.4636 14.04736234266908
1 38804U 99025EUU 18228.52441003 +.00000042 +00000-0 +58404-4 0  9999
2 38804 097.5338 337.4936 0398275 047.6720 315.7451 13.56011846201223
1 38809U 99025EUZ 18242.36512818  .00000045  00000-0  38236-4 0  9999
2 38809  98.8239 286.4021 0238635   8.1570 352.3376 14.12040629384755
1 38726U 99025ETT 18241.69916337 +.00000985 +00000-0 +43232-3 0  9990
2 38726 099.2057 054.0841 0088627 357.0927 002.9724 14.24005829316195
1 39204U 13035C   18242.10556964  .00000478  00000-0  11016-3 0  9994
2 39204  98.4472  66.1291 0090415 225.3360 134.0445 14.57691724272119
1 38657U 09072E   18242.11197144  .00000026  00000-0  16036-3 0  9999
2 38657 100.3389 332.1694 0134508 161.2102 319.1076 13.22303310416306
1 38816U 99025EVG 18240.90481943 +.00001363 +00000-0 +48342-3 0  9991
2 38816 098.8603 276.7434 0108154 275.0865 083.7981 14.32979358266918
1 38720U 99025ETM 18241.39192838  .00001969  00000-0  92561-3 0  9995
2 38720  99.1523 311.1902 0059056 217.6755 142.0278 14.20328104425578
1 38547U 91032G   18241.87837462 +.00000018 +00000-0 +24035-4 0  9990
2 38547 098.4954 268.6162 0006183 099.2413 260.9468 14.28907068356278
1 38812U 99025EVC 18211.94193152 +.00000412 +00000-0 +47474-3 0  9990
2 38812 098.4254 016.2954 0275950 284.6979 233.4549 13.59224720095500
1 38729U 99025ETW 18234.70465975 +.00000728 +00000-0 +50563-3 0  9994
2 38729 099.1773 201.0256 0098166 085.9163 275.3214 13.99792627458337
1 38660U 09072H   18242.06739851  .00000176  00000-0  76261-3 0  9996
2 38660 100.5845 180.3130 0156030 130.0519 290.1924 12.92318653402292
1 38819U 99025EVK 18231.90879721 +.00000097 +00000-0 +70588-4 0  9990
2 38819 098.7417 267.7746 0084127 300.8658 183.7415 14.14858389256629
1 38628U 08011CB  16071.39190343 +.00001856 +00000-0 +52750-2 0  9995
2 38628 048.7897 173.5329 6533135 223.5434 141.3492 03.13123694049066
1 38559U 06006CZ  18241.24505017  .00001396  00000-0  37206-2 0  9991
2 38559  52.0133 182.1421 5060911 139.4210   1.4252  5.21578622159970
1 38570U 08011R   14069.56236261 -.00000111  00000-0 -17831-2 0  9991
2 38570  48.6746 128.8135 6539415 301.5956  10.7349  3.01431193 27154
1 38785U 99025ETZ 18235.71140183 +.00001076 +00000-0 +66550-3 0  9999
2 38785 098.0083 046.0883 0217123 180.8924 190.4986 13.95976546005410
1 38663U 12029E   18241.98441491  .00000085  00000-0  35386-3 0  9997
2 38663 100.1568 299.2722 0139418 126.9360 234.4613 13.08251434295544
1 38789U 99025EUD 18239.12890138 +.00000335 +00000-0 +10441-3 0  9999
2 38789 098.8071 357.8131 0243917 308.8693 176.6481 14.32446689236024
1 38948U 12044CH  18242.05251607  .00019520  45139-5  38927-3 0  9992
2 38948  50.0707 115.1792 1740927 181.0570 178.6311 12.05151024241624
1 38822U 99025EVN 18172.85697008 +.00000829 +00000-0 +61627-3 0  9994
2 38822 098.1394 043.3719 0128082 079.6580 281.8993 13.93504087214582
1 38598U 08011AV  16267.21248920 -.00000543  00000-0 -28023-2 0  9994
2 38598  48.9446 129.3579 6524337 255.5219 339.2934  3.08920699 62899
1 38961U 12044CU  18242.03054712  .00021503  44952-5  41573-3 0  9990
2 38961  50.0914 105.2645 1738682 183.9859 174.5352 12.05964727241927
1 39029U 12072D   18242.06871272  .00007822  00000-0  13196-3 0  9997
2 39029  97.1350 269.5808 0019451 295.3520  64.5719 15.51716043319091
1 39109U 93036BTY 18240.45729230  .00000229  00000-0  55118-4 0  9997
2 39109  74.0476 271.2245 0073906 338.2993  87.6722 14.57734494355369
1 38634U 08011CH  15326.41706536 -.00000886 +00000-0 -34459-1 0  9993
2 38634 048.9656 302.0202 6434937 106.8842 010.5485 02.96690025050005
1 38564U 06006DE  17027.17904237 -.00000038  00000-0  00000+0 0  9999
2 38564  51.6905  83.3323 5045808  13.0806 356.3999  5.31536711107581
1 38578U 08011Z   18241.25097153 -.00000334  00000-0 -18567-1 0  9999
2 38578  47.4986 260.1300 6371689 155.8269 256.5388  3.00744621 79672
1 38831U 99025EVX 18207.59496050 +.00000365 +00000-0 +25963-3 0  9996
2 38831 099.2309 214.9187 0057028 039.0780 321.4957 14.03275232000019
1 38677U 08012D   18240.51563128  .00018547  62966-6  33129-3 0  9999
2 38677  40.0667 354.6697 4992420 209.6026 148.3289  5.76859952180786
1 38825U 99025EVR 18229.59955071 +.00000008 +00000-0 +40102-4 0  9993
2 38825 098.9736 011.4415 0226899 069.2126 358.4099 13.76647413225704
1 38796U 99025EUL 15071.13344642 +.00013818 +00000-0 +32955-2 0  9996
2 38796 098.9131 206.6190 0067903 266.2018 093.1102 14.52426093236003
1 38605U 08011BC  16082.79245447 -.00006854  00000-0 -22518+0 0  9993
2 38605  49.1320 223.5179 6384388 171.1367 356.3974  3.07032609 56860
1 38722U 99025ETP 18242.39935796  .00000777  00000-0  29124-3 0  9997
2 38722  99.3830 106.6561 0248698 161.0522 200.0111 14.19195045454866
1 39112U 99025EVZ 18242.42198596  .00000759  00000-0  29360-3 0  9996
2 39112  99.1650 114.1190 0048010   5.5317 354.6386 14.32649224290978
1 38583U 08011AE  18241.70944366 -.00000143  00000-0 -51627-3 0  9996
2 38583  49.1744 185.5799 6511348 149.0417 275.2447  3.12686819 84373
1 38792U 99025EUG 18241.82913865 +.00001651 +00000-0 +20770-3 0  9994
2 38792 099.6218 245.6285 0103809 218.9453 140.4244 14.80263312237642
1 38715U 99025ETG 18223.07299409  .00000422  00000-0  26259-3 0  9990
2 38715  98.1985 179.9659 0163961  82.1359 279.8386 14.02942909553293
1 38828U 99025EVU 18240.72206699 +.00002953 +00000-0 +51024-3 0  9994
2 38828 099.5370 215.4191 0303915 117.4438 245.8003 14.43312096268300
1 38799U 99025EUP 18240.98366787 +.00000351 +00000-0 +12200-3 0  9997
2 38799 098.6277 313.9793 0209499 340.3731 018.9474 14.30379667258538
1 38614U 08011BM  16259.11426498 -.00000070  00000-0  00000+0 0  9997
2 38614  49.2620 234.0715 6222327 157.8053 249.7101  3.02923393 58193
1 38803U 99025EUT 18233.78126141 +.00000651 +00000-0 +42347-3 0  9999
2 38803 099.0220 176.4670 0082412 317.2758 042.2021 14.04461427225943
1 38808U 99025EUY 18241.36357489  .00001216  00000-0  39574-3 0  9994
2 38808  98.8189 302.3860 0164438 253.0726 105.2374 14.33328081504391
1 38725U 99025ETS 18240.99122903  .00000670  00000-0  34999-3 0  9990
2 38725  98.9184 307.0491 0046422  22.0651 338.2508 14.17352987389303
1 39119U 09049J   18242.19993033 -.00000018  00000-0  10378-4 0  9992
2 39119  98.4112 245.0675 0003301 306.5132  53.5742 14.21833281290185
1 38644U 08011CT  15054.89036693  .00006627  00000-0  91808-2 0  9993
2 38644  49.3360 281.6706 6429062 113.1157 357.7154  3.31983178 45914
1 38815U 99025EVF 15250.35375413 +.00005697 +00000-0 +12659-2 0  9996
2 38815 099.7063 295.5489 0037512 304.9683 051.8222 14.57074174330314
1 38795U 99025EUK 18222.39025268 -.00000013 +00000-0 +25945-4 0  9991
2 38795 098.7287 276.5851 0526053 358.7444 001.2327 13.20223907430545
1 38718U 99025ETK 18241.21395308  .00000527  00000-0  48488-3 0  9998
2 38718  98.6080 236.0770 0210855 297.5365  60.4504 13.77327889522141
1 38546U 91032F   18241.31458598  .00000217  00000-0  94609-4 0  9992
2 38546  98.4690 276.7218 0012832 120.6993 298.9045 14.33228072350718
1 38811U 99025EVB 18233.90608690  .00001093  00000-0  56783-3 0  9996
2 38811  99.0629 267.4687 0052190 222.7100 137.0012 14.16197779402876
1 38642U 08011CR  18231.25793733 -.00000614 +00000-0 -94880-2 0  9991
2 38642 048.7046 249.4261 6453767 117.9027 354.9079 03.08229969062167
1 38728U 99025ETV 18240.35822983  .00000380  00000-0  11052-3 0  9991
2 38728  99.2689 280.4048 0110702  94.4649 331.0695 14.47352977400028
1 39213U 13037F   18241.85449806 +.00000062 +00000-0 +18183-4 0  9995
2 39213 097.9768 251.4657 0012071 175.7800 184.3510 14.70597771274165
1 38659U 09072G   18241.83340345 +.00000171 +00000-0 +63325-3 0  9996
2 38659 100.3347 225.2674 0135219 335.3911 140.5103 13.05132316411190
1 38818U 99025EVJ 18239.00216497  .00000150  00000-0  66891-4 0  9995
2 38818  98.5553 318.2238 0097599 105.9111  18.0948 14.33085627316378
1 38623U 08011BW  15051.94803497 +.00000258 +00000-0 +20355-1 0  9999
2 38623 049.1140 027.4995 6323170 032.9139 353.9319 03.05494782037924
1 38558U 06006CY  18238.02212899  .00049257  00000-0  41540-2 0  9999
2 38558  51.1248 170.5834 2502410  51.5869 328.4348 10.25799219254747
1 38814U 99025EVE 18175.51048774  .00002781  00000-0  11666-2 0  9997
2 38814  98.3592 280.7544 0114985 124.9145 243.0275 14.23141078450166
1 38784U 99025ETY 18241.22088257  .00002221  00000-0  43797-3 0  9995
2 38784  99.4229  24.9305 0078630 130.7112 352.1133 14.61792094369525
1 38662U 12029D   18241.51300715 -.00000050 +00000-0 -16387-4 0  9993
2 38662 100.3325 348.6685 0131194 058.0492 303.3302 13.19021881297846
1 38788U 99025EUC 13272.64096877 +.00005550 +00000-0 +15853-2 0  9990
2 38788 097.9457 057.9692 0206911 195.4651 169.0590 14.33690671159943
1 38907U 12044AQ  12335.42514951 +.00533393 +23217-4 +12536-1 0  9996
2 38907 049.9193 357.0839 2379252 216.9692 142.3996 10.68608655004579
1 38821U 99025EVM 18216.34027869  .00000288  00000-0  24596-3 0  9991
2 38821  98.5222 256.3551 0123590  86.8613 333.8993 13.90571610303738
1 38597U 08011AU  18229.50239065 -.00002918  00000-0 -26018-1 0  9994
2 38597  49.4583 151.1033 6244828 177.4009 188.9224  3.39794194 88776
1 38960U 12044CT  18241.42417163  .00012558  34579-5  27992-3 0  9997
2 38960  50.1379  36.5937 1924739 298.3042  43.6854 11.64908587235109
1 39028U 12072C   18223.17778255  .11174336  24125-5  26395-3 0  9995
2 39028  97.1339 298.9219 0014784 250.8752 109.0950 16.45023837318295
1 38632U 08011CF  18216.32901269 -.00000055 +00000-0 -38162-3 0  9997
2 38632 049.1044 186.3618 6488333 154.3948 358.6116 03.15461352055974
1 38563U 06006DD  18084.45978830 +.00001312 +00000-0 +16357-2 0  9993
2 38563 051.7213 167.0190 5052192 215.4940 097.1349 05.33866842188475
1 38576U 08011X   18238.70798429 -.00000038  00000-0  38056-3 0  9994
2 38576  49.1497 159.4719 6435153 175.4108 196.2882  3.21834296 89083
1 38787U 99025EUB 18236.33547730  .00000365  00000-0  37926-3 0  9994
2 38787  98.3336  56.5947 0242966  17.4191 102.2194 13.68704814430160
1 38879U 12044L   12341.40151353 +.00033086 +17130-5 +10000-2 0  9999
2 38879 050.3167 350.8929 2505652 218.4632 120.8347 10.39923934004783
1 38674U 06042D   17079.11633425  .00014492  00000-0  23176-3 0  9991
2 38674  39.8992 298.2758 4630707 328.7048  10.5631  6.40021775143916
1 38824U 99025EVQ 18242.37225237  .00000901  00000-0  67181-3 0  9994
2 38824  99.3131 298.3855 0121876 285.1360  73.6346 13.94172098360443
1 38604U 08011BB  18236.39791692  .00000012  00000-0  37203-3 0  9998
2 38604  49.0516 226.5194 6511493 117.3669 321.8234  3.09022029 86597
1 39054U 92047AV  18242.69958935  .00011131  00000-0  12355-1 0  9998
2 39054  65.8008  61.9904 2809357  91.2050 300.7778  9.13334668193176
1 38721U 99025ETN 18238.39495926  .00000469  00000-0  25396-3 0  9992
2 38721  98.9507 304.6590 0079813  74.9080 286.0907 14.15732398463653
1 39111U 93036BUA 18238.86020364 +.00000858 +00000-0 +24500-3 0  9992
2 39111 074.0326 069.9202 0025415 071.6151 288.7768 14.46487508262996
1 38581U 08011AC  18241.29132531 -.00001023  00000-0 -25338-2 0  9998
2 38581  49.4477 338.2535 6011956 326.2742   7.1078  3.83640961 96946
1 38842U 05017F   18240.06806977  .00000566  00000-0  74112-4 0  9992
2 38842  97.9736 185.9719 0063606  39.7084  19.3059 14.83000942430869
1 38791U 99025EUF 18224.33529213  .00019864  00000-0  71466-2 0  9992
2 38791  98.7088  54.4660 0091411  70.8629 290.2906 14.31429953387561
1 38714U 99025ETF 18241.67094669 +.00002764 +00000-0 +66077-3 0  9999
2 38714 097.9116 180.3550 0221270 355.3152 004.5964 14.40515137243208
1 38827U 99025EVT 18231.92975638 +.00000392 +00000-0 +14735-3 0  9994
2 38827 098.6907 291.4754 0249363 194.1692 165.2403 14.21387757230258
1 38798U 99025EUN 18234.17246548  .00000362  00000-0  56421-3 0  9997
2 38798  98.8164 358.2238 0418744 188.0554 171.3699 13.25789460412742
1 38613U 08011BL  18241.23210775  .00000311  00000-0  44161-3 0  9998
2 38613  48.8092 123.8973 6445565 228.4987 343.6945  3.30387145 78443
1 38721U 99025ETN 18235.00259984  .00000469  00000-0  25386-3 0  9998
2 38721  98.9507 301.2520 0080161  84.4103 276.6205 14.15728914463171
1 39111U 93036BUA 18237.89194930  .00000708  00000-0  20345-3 0  9992
2 39111  74.0326  71.7285 0025410  73.6882 286.7068 14.46484939293873
1 38581U 08011AC  18238.42424234 -.00000770  00000-0 -17765-2 0  9996
2 38581  49.4496 339.6609 6014016 325.0219   7.3688  3.83629821 96839
1 38842U 05017F   18239.05641382  .00000640  00000-0  82861-4 0  9999
2 38842  97.9734 184.9624 0063632  42.9352  18.3398 14.82999933430719
1 38791U 99025EUF 14249.56237221 +.00001857 +00000-0 +93251-3 0  9995
2 38791 099.2129 005.8109 0023924 308.9751 050.9292 14.17697075000002
1 38714U 99025ETF 18241.04581918  .00003854  00000-0  91662-3 0  9997
2 38714  97.9116 179.7760 0221347 357.2004   2.7931 14.40511087410283
1 38827U 99025EVT 18231.92975638  .00000392  00000-0  14735-3 0  9994
2 38827  98.6907 291.4754 0249363 194.1692 165.2403 14.21387757397353
1 38798U 99025EUN 18212.13560486  .00000463  00000-0  71486-3 0  9999
2 38798  98.8150 339.4534 0417093 242.1306 113.6982 13.25769910409827
1 38613U 08011BL  18239.10815003  .00000032  00000-0  29187-3 0  9997
2 38613  48.8093 124.7866 6445145 227.7072 337.4812  3.30384894 78370
1 38802U 99025EUS 17037.39222761 +.00000174 +00000-0 +11156-3 0  9995
2 38802 098.7862 100.1934 0032992 289.3316 070.4272 14.15188849403220
1 38617U 08011BQ  18237.99795129  .00000029  00000-0  97723-3 0  9999
2 38617  49.1907 155.5580 6384549 171.8835 208.1229  3.23533043 82659
1 38807U 99025EUX 18241.55073666  .00000929  00000-0  91624-3 0  9990
2 38807  98.4645 102.0151 0238242  67.9269 294.6994 13.68921663392703
1 38724U 99025ETR 18227.24624455 +.00001360 +00000-0 +10359-2 0  9991
2 38724 098.7431 328.5005 0160891 277.2220 081.0674 13.89376247192770
1 39114U 99025EWB 18224.39072128  .00000668  00000-0  34683-3 0  9999
2 39114  99.0128 295.0359 0083191 145.5739 215.0863 14.16413004283673
