1 32243U 99025CWR 18241.19295252  .00000334  00000-0  21104-3 0  9991
2 32243  98.3162 143.6463 0322987 344.5711  14.5777 13.86957881565775
1 32245U 99025CWT 18241.72705280  .00000755  00000-0  19185-3 0  9992
2 32245  98.4997 337.1252 0155663 197.7955 161.7749 14.46809097587166
1 32303U 99025CWU 18240.54652762 +.00000919 +00000-0 +59603-3 0  9993
2 32303 097.8478 356.6381 0125109 089.6819 271.8684 14.00825229247919
1 32304U 99025CWV 18236.28418356  .00000227  00000-0  96491-4 0  9998
2 32304  99.4335 262.2821 0064840  58.7038 302.0471 14.34420746579275
1 32305U 99025CWW 18237.71543556  .00000774  00000-0  47189-3 0  9995
2 32305  98.0049  49.2404 0219291 152.5454 208.7501 13.97127288550469
1 32308U 99025CWZ 18241.98088161  .00000403  00000-0  31237-3 0  9994
2 32308  97.7745 307.7956 0121575  76.3190 285.1476 13.93591892549495
1 32311U 99025CXC 18235.78215890 +.00000434 +00000-0 +70329-3 0  9999
2 32311 101.7508 081.6823 0426029 236.1107 119.8792 13.24483215247390
1 32312U 99025CXD 18178.59522054  .00000568  00000-0  46170-3 0  9993
2 32312  98.7648 309.2774 0136812 254.0450 166.6643 13.89668919568795
1 32313U 99025CXE 18234.38417334  .00000359  00000-0  27460-3 0  9997
2 32313  99.1910 285.3635 0148062 197.0631 162.5522 13.94893978562695
1 32314U 99025CXF 18240.45811296  .00000576  00000-0  11553-3 0  9995
2 32314  98.8829 123.0507 0224331   2.8154 357.4244 14.51587296586176
1 32315U 99025CXG 18240.70196901 -.00000007  00000-0  47316-4 0  9990
2 32315 100.8290  44.4103 0230745 163.7856 197.0826 13.65354431561728
1 32316U 99025CXH 18242.43978073  .00000454  00000-0  18378-3 0  9991
2 32316  99.5217 308.2056 0048281 112.4342 305.3889 14.32603363580947
1 32317U 99025CXJ 18236.20689708  .00000802  00000-0  30266-3 0  9991
2 32317  97.9831 223.2826 0153740  86.2851 275.5896 14.27327714573319
1 32318U 99025CXK 18241.48138733  .00038705  00000-0  19117-2 0  9999
2 32318  97.3198 133.1962 0011223 226.8119 133.2178 15.17701884590572
1 32319U 99025CXL 18241.21655371  .00001471  00000-0  16622-3 0  9992
2 32319  99.1470  37.9727 0121943 314.5105  44.6190 14.83339831596988
1 32320U 99025CXM 18236.91691815 +.00000383 +00000-0 +18804-3 0  9993
2 32320 100.3736 285.2938 0066622 209.5664 150.1735 14.24073262241306
1 32322U 99025CXP 18242.15134957  .00000047  00000-0  10614-3 0  9995
2 32322  98.3567 214.5934 0430323 304.0330  52.0631 13.30141214540149
1 32323U 99025CXQ 18240.71189652  .00000814  00000-0  72385-3 0  9993
2 32323  98.5637 215.1186 0180027 281.6453  76.4547 13.80315515559435
1 32324U 99025CXR 18239.00515165 -.00000073 +00000-0 -14912-4 0  9998
2 32324 099.5275 150.6526 0053227 128.3018 232.2952 14.05266854265414
1 32325U 99025CXS 18219.67086893 +.00000815 +00000-0 +27076-3 0  9997
2 32325 098.9825 022.6577 0069415 057.3614 303.4245 14.39243113579630
1 32326U 99025CXT 18241.07845520  .00000187  00000-0  16055-3 0  9994
2 32326  98.4506 104.3132 0399692  18.7852 342.7575 13.64628920553910
1 32329U 99025CXW 18195.63196381 +.00000526 +00000-0 +27486-3 0  9998
2 32329 099.9561 345.3832 0054329 256.8321 102.6785 14.18854555574391
1 32330U 99025CXX 18241.83352952  .00000248  00000-0  17736-3 0  9990
2 32330  98.0465  93.4164 0188308  93.1260 269.1469 13.96045995580035
1 32331U 99025CXY 18241.36724609  .00001368  00000-0  68042-3 0  9991
2 32331  99.2052  24.2338 0043851 229.8131 129.9201 14.18335850572411
1 32332U 99025CXZ 18226.32656381  .00000332  00000-0  22165-3 0  9998
2 32332  99.3595 260.5115 0313288 341.6751  17.3318 13.86498404559589
1 32333U 99025CYA 18231.52005521 +.00000892 +00000-0 +65034-3 0  9994
2 32333 097.8833 334.1950 0129405 192.4010 167.3961 13.94266814263285
1 32334U 99025CYB 18241.87028083 -.00000049  00000-0 -20944-5 0  9991
2 32334  99.2710 211.0874 0069430   0.9499 359.1784 13.98543862567050
1 32336U 99025CYD 11116.43215084 +.00002109 +00000-0 +67324-3 0  9996
2 32336 098.9945 205.8822 0139046 032.0357 328.7671 14.35469826202863
1 32337U 99025CYE 18240.46603885  .00000147  00000-0  22133-3 0  9994
2 32337  99.2964 320.2182 0324206  14.9204 346.1227 13.47597124543857
1 32338U 99025CYF 18239.10824011  .00000715  00000-0  27468-3 0  9997
2 32338  98.8393 357.2206 0071166 233.2693 126.1940 14.32217719576733
1 32339U 99025CYG 18242.34103237  .00000583  00000-0  25767-3 0  9991
2 32339  98.8006 287.9179 0047492 313.2210  46.5008 14.26495837567666
1 32340U 99025CYH 18241.45386583  .00000740  00000-0  26192-3 0  9999
2 32340  99.0323  62.0564 0064708 294.7200  64.7258 14.36620243587599
1 32342U 99025CYK 18242.02473630  .00000003  00000-0  25723-4 0  9997
2 32342  98.9022 269.3902 0007506 356.2310  75.6920 14.12491434564046
1 32343U 99025CYL 18240.87342657 +.00000144 +00000-0 +84539-4 0  9999
2 32343 098.6919 277.4990 0158733 229.7473 128.9729 14.15898945270021
1 32344U 99025CYM 18240.48035026 +.00003062 +00000-0 +23523-3 0  9993
2 32344 100.2838 334.3616 0121502 264.6821 094.0519 14.97304407609457
1 32345U 99025CYN 11269.62775281 +.00012723 +00000-0 +35452-2 0  9995
2 32345 098.4148 204.8029 0254989 039.5651 322.3942 14.29038528223053
1 32346U 99025CYP 18233.88711648 +.00000516 +00000-0 +43668-3 0  9995
2 32346 097.8315 274.9973 0154815 322.5007 036.5432 13.85823215227997
1 32350U 99025CYT 18242.38101297  .00000220  00000-0  52908-4 0  9998
2 32350  98.5900 291.8060 0321548  28.1118 333.7021 14.36384202592172
1 32351U 99025CYU 18237.41751784  .00000639  00000-0  41207-4 0  9993
2 32351  99.0052 103.0089 0142855 252.6395 105.9160 15.05471062602415
1 32352U 99025CYV 18241.67706346  .00000103  00000-0  46884-4 0  9993
2 32352  98.9113  37.5422 0131710 114.2931 247.2076 14.36849019583644
1 32353U 99025CYW 18238.85933777  .00000385  00000-0  32915-3 0  9991
2 32353  98.9876 109.2043 0145557 287.2879  71.2398 13.88276618563750
1 32354U 99025CYX 18241.10466511  .00001196  00000-0  60349-3 0  9994
2 32354 102.9283 200.9240 0207381 145.2592 216.2307 14.08961279573575
1 32355U 99025CYY 18239.91191354 +.00000836 +00000-0 +32129-3 0  9996
2 32355 100.3886 271.8605 0140828 049.8185 070.2674 14.28594963265654
1 32356U 99025CYZ 18240.46425020  .00000595  00000-0  50736-3 0  9995
2 32356 102.5094 224.7127 0146232 251.7744 262.4120 13.88837716570051
1 32357U 99025CZA 18242.56347517  .00000260  00000-0  18437-3 0  9994
2 32357  98.9047 146.6372 0567193 197.0560 290.6981 13.46748903548879
1 32360U 99025CZD 18242.14703211 -.00000111  00000-0 -56293-4 0  9999
2 32360  98.1305  13.5092 0282967 112.5562 250.5800 13.79674056563033
1 32361U 99025CZE 18242.38309696  .00000799  00000-0  34429-3 0  9991
2 32361  98.8167 197.4454 0070189 271.6414 241.3294 14.26095451585099
1 32362U 99025CZF 18241.63333591  .00001235  00000-0  14173-2 0  9999
2 32362  99.7897 184.2594 0319260 101.9186 261.7928 13.51787499550781
1 32363U 99025CZG 18241.83105106 +.00001434 +00000-0 +15156-3 0  9995
2 32363 098.3623 012.5823 0227941 118.4111 244.0276 14.73733313572726
1 32364U 99025CZH 18240.82691177 +.00001096 +00000-0 +71414-3 0  9995
2 32364 098.3409 252.9064 0145359 164.0591 196.5221 13.99198264263531
1 32366U 99025CZK 18225.34157116 +.00000284 +00000-0 +17604-3 0  9996
2 32366 096.7709 261.3900 0165687 279.7237 078.5258 14.03643225555528
1 32368U 99025CZM 18241.04541304 +.00001130 +00000-0 +64051-3 0  9998
2 32368 097.8635 328.1382 0298068 245.0016 111.9921 13.91616655221653
1 32369U 99025CZN 12073.10414363 +.00003594 +00000-0 +24864-2 0  9990
2 32369 098.3789 181.2688 0427152 263.4938 091.8139 13.63326831221124
1 32370U 99025CZP 18242.23853458  .00007781  00000-0  33497-3 0  9997
2 32370  99.0628  49.3517 0102273 210.1320 149.4002 15.18307977600064
1 32371U 99025CZQ 18241.91438264  .00001821  00000-0  37445-3 0  9992
2 32371  99.2775 275.3256 0107459 215.2207 144.1855 14.58527318587318
1 32372U 99025CZR 18239.47896390  .00000680  00000-0  82048-3 0  9990
2 32372  97.3186 126.1346 0482192  68.6891 296.5002 13.27995783543707
1 32406U 99025CZS 18242.44956383  .00006211  00000-0  17063-3 0  9999
2 32406  98.3803  61.4708 0126163  33.9863 326.9375 15.29967706602347
1 32407U 99025CZT 18242.35879825  .00002957  00000-0  14611-3 0  9994
2 32407  98.5031  82.2553 0205767  91.0095 271.4708 15.02154043595531
1 32408U 99025CZU 14157.53128552 +.00001623 +00000-0 +33684-3 0  9990
2 32408 098.8083 271.7243 0270850 209.0429 151.4088 14.41217124364286
1 32409U 99025CZV 18241.61722432  .00000719  00000-0  23094-3 0  9994
2 32409  99.5603  15.2537 0074886  60.2288   4.5016 14.41405121579936
1 32410U 99025CZW 18202.04464611 +.00011148 +00000-0 +79388-3 0  9997
2 32410 097.8333 055.8068 0082390 238.8039 120.5594 15.02038992000018
1 32411U 99025CZX 18240.44351951  .00000290  00000-0  18437-3 0  9990
2 32411  98.4128 320.5494 0130307  48.8077 312.4243 14.06363675576705
1 32412U 99025CZY 09177.68115178 +.00001109 +00000-0 +31886-3 0  9998
2 32412 098.2446 128.3054 0256544 261.6721 094.8246 14.29378516088309
1 32414U 99025DAA 18242.34965543  .00000558  00000-0  35425-3 0  9995
2 32414  99.0586 285.5264 0051116 290.7953 126.4227 14.07511538570959
1 32416U 99025DAC 18239.14753766  .00000275  00000-0  35104-3 0  9993
2 32416 100.7824   0.3712 0247201 291.7771 192.8189 13.61702862551200
1 32418U 99025DAE 18242.20801337  .00000987  00000-0  74744-3 0  9997
2 32418  98.2143  42.0750 0285587 182.2217 177.7689 13.78334754544095
1 32419U 99025DAF 18241.89780118 -.00000305  00000-0 -11323-3 0  9995
2 32419  97.9158 111.7262 0300534 138.9865 223.4333 14.04289978571336
1 32422U 99025DAJ 18242.15567384  .00000102  00000-0  70404-4 0  9996
2 32422  97.8462   9.7270 0307884 291.1357  65.7159 13.94764406551754
1 32425U 99025DAM 18239.95562413  .00000086  00000-0  47618-4 0  9993
2 32425  96.7150 294.0348 0247716   7.0154 353.4386 14.11288445556376
1 32426U 99025DAN 11284.47345555 +.00002401 +00000-0 +24138-2 0  9993
2 32426 098.2688 030.8916 0302044 225.3839 132.3573 13.60063636207829
1 32427U 99025DAP 17237.77311365 +.00010786 +00000-0 +89727-3 0  9994
2 32427 096.7643 231.7554 0027771 266.4936 093.3112 14.98531309166456
1 32428U 99025DAQ 13232.18032926 +.00007781 +00000-0 +20432-2 0  9992
2 32428 099.0014 359.5398 0085265 072.8102 286.2620 14.47296344319601
1 32429U 99025DAR 18157.38529183 +.00001071 +00000-0 +59315-3 0  9991
2 32429 099.1022 223.9703 0068232 164.1387 196.1942 14.12308167564451
1 32430U 99025DAS 16190.17239802  .00000222  00000-0  17950-3 0  9997
2 32430  98.6998 172.7393 0418618 275.7800  79.6277 13.56286381438851
1 32431U 99025DAT 18242.09692310  .00000480  00000-0  25764-3 0  9994
2 32431  99.5492 189.8679 0077244  29.7568  33.9121 14.16722511575648
1 32432U 99025DAU 18242.10184875  .00000604  00000-0  20282-3 0  9997
2 32432  98.3453 353.7637 0244036 311.8198  46.2368 14.25453696556406
1 32433U 99025DAV 18242.32915751  .00001657  00000-0  44022-3 0  9994
2 32433  98.2310 278.5003 0277908 297.7169  59.6075 14.29515902553484
1 32435U 99025DAX 18240.94814666 +.00003045 +00000-0 +22190-3 0  9990
2 32435 099.4945 290.9001 0112945 270.1567 088.6708 14.99865270282864
1 32437U 99025DAZ 16009.18884539 -.00049426 +00000-0 -11238-1 0  9999
2 32437 099.4427 001.6259 0071081 178.4594 181.6831 14.54673549443067
1 32438U 99025DBA 18241.28356127  .00000866  00000-0  31240-3 0  9998
2 32438  99.4518 260.1343 0040071 114.2835 246.2542 14.36098214579939
1 32440U 99025DBC 18238.91239109 +.00000568 +00000-0 +66532-3 0  9998
2 32440 099.1447 258.9917 0361121 020.4361 341.0812 13.47579340242819
1 32441U 99025DBD 18181.49392774 +.00000500 +00000-0 +27312-3 0  9996
2 32441 097.7952 275.9401 0298693 165.0014 196.0254 13.94980633565275
1 32443U 99025DBF 18242.30861570  .00001298  00000-0  64985-3 0  9993
2 32443 102.1204 281.0150 0081651 329.5671  30.0766 14.17842145579111
1 32444U 99025DBG 18239.38870550  .00004156  00000-0  16326-2 0  9997
2 32444  99.1769 291.8644 0083470 276.9175  82.2514 14.27994260569425
1 32445U 99025DBH 18242.22108053  .00004859  00000-0  52378-3 0  9995
2 32445  99.3678  36.5479 0032186 348.6527  11.3956 14.88665280575146
1 32447U 99025DBK 18222.30085858 +.00000273 +00000-0 +23075-3 0  9999
2 32447 099.2042 248.7163 0080379 176.5321 244.7200 13.94786157304884
1 32448U 99025DBL 18185.19191153 +.00002071 +00000-0 +64067-3 0  9995
2 32448 098.9805 311.1070 0019154 271.2114 211.0997 14.42312046259601
1 32449U 99025DBM 11068.68469795 +.00003586 +00000-0 +26030-2 0  9992
2 32449 099.2663 030.4816 0346132 208.1092 147.0464 13.72029686185387
1 32450U 99025DBN 18241.62271893  .00001051  00000-0  73738-3 0  9991
2 32450  99.1035 176.7333 0104566  98.2498 263.0539 13.97886841571450
1 32451U 99025DBP 18239.28446121  .00000774  00000-0  76939-3 0  9996
2 32451 100.0132  57.8201 0216752 210.5520 148.2852 13.71796050557753
1 32453U 99025DBR 18237.21434235  .00000584  00000-0  43209-3 0  9995
2 32453  99.4661  23.2318 0103108 246.8327 240.5170 13.97121568565107
1 32454U 99025DBS 18240.47872501  .00001541  00000-0  61728-3 0  9990
2 32454  98.5276 332.9606 0292683 232.4213 125.0050 14.08996392570470
1 32455U 99025DBT 18241.86799263  .00001051  00000-0  86831-3 0  9996
2 32455 101.7267 123.1428 0284524 103.3874 259.9148 13.74946693559219
1 32456U 99025DBU 18238.67515953 -.00000274  00000-0 -28019-3 0  9996
2 32456 103.6652 188.7461 0394869 228.3707 127.4539 13.30297363542513
1 32457U 99025DBV 18241.89827492 -.00000056  00000-0 -19811-4 0  9998
2 32457 100.3220 283.1727 0435196  82.8053 282.2317 13.23515279540445
1 32458U 99025DBW 18242.32492120  .00000596  00000-0  22308-3 0  9995
2 32458  99.0777  78.2858 0062984 320.8261  38.8372 14.34680850581051
1 32459U 99025DBX 18240.35098087  .00000318  00000-0  99017-4 0  9995
2 32459  98.5703 279.0643 0241583 206.5936 152.2688 14.32608273564027
1 32460U 99025DBY 18240.31123348  .00000430  00000-0  36731-3 0  9990
2 32460  98.0345  10.2298 0196470 307.7812  50.5692 13.83124713564200
1 32461U 99025DBZ 18234.98781010  .00000236  00000-0  26448-3 0  9991
2 32461  98.3342  48.3206 0247523  48.2501 102.1289 13.66256807541640
1 32464U 99025DCC 18237.92178214 +.00000550 +00000-0 +10324-3 0  9992
2 32464 097.4469 127.9310 0207344 135.9838 225.8083 14.55176036217938
1 32467U 99057RB  18236.20638139 +.00000972 +00000-0 +20596-3 0  9997
2 32467 098.3872 223.0632 0006370 273.8813 086.1659 14.61478124265159
1 32468U 99057RC  18241.52328721 +.00003867 +00000-0 +40590-3 0  9994
2 32468 098.2642 266.1731 0007206 061.8889 298.3055 14.90119819237486
1 32469U 99057RD  12334.17014041 +.00010668 +00000-0 +28807-2 0  9993
2 32469 098.2276 307.8508 0010892 137.8300 225.3659 14.47955305274472
1 32470U 99057RE  18241.19651306 +.00001876 +00000-0 +36597-3 0  9998
2 32470 098.3566 227.7951 0003419 174.2732 185.8510 14.64174231587057
1 32473U 07042C   18242.14296816  .00000261  00000-0  76328-4 0  9995
2 32473  98.2362 314.3402 0110715  36.9454 323.9300 14.48299993565941
1 32474U 07042D   18241.83001203 +.00000464 +00000-0 +86946-4 0  9997
2 32474 098.6594 189.4142 0098515 216.9347 142.5045 14.67163457579693
1 32491U 06006AE  13320.37222416 +.00237901 +00000-0 +19370-1 0  9990
2 32491 051.4460 290.0775 3240588 236.8047 322.6474 08.82360017139311
1 32492U 06006AF  18020.95417419  .00000044  00000-0  62249-4 0  9998
2 32492  51.3619 216.9333 4979133 218.7071 339.3329  5.31555280210106
1 32493U 06006AG  18242.15244567  .00000513  00000-0  45065-3 0  9996
2 32493  51.5885 290.9426 5009544  38.9116 348.2550  5.44803385224940
1 32494U 06006AH  18240.01274892  .00000001  00000-0  69776-4 0  9992
2 32494  51.6657  53.7631 5105038 303.7984  17.5405  5.25635456219943
1 32496U 06006AK  18230.46827615 -.00000244  00000-0 -15452-3 0  9991
2 32496  51.7789  31.7328 5054926 309.6955  29.4721  5.35969558209916
1 32497U 06006AL  18065.46395795  .00000388  00000-0  45703-3 0  9996
2 32497  51.7043 134.2546 5054237 233.8777  68.2190  5.34364830202236
1 32498U 06006AM  17351.73456019  .00003767  00000-0  35438-2 0  9998
2 32498  51.6961 149.6245 4959895 225.1727  81.9343  5.51064894199382
1 32499U 06006AN  18242.35116873  .00001747  00000-0  66713-3 0  9995
2 32499  51.6096 204.5898 4961528  93.8453 321.8834  5.60740679217170
1 33458U 06053D   18241.01425415 -.00000092  00000-0  00000+0 0  9996
2 33458   6.6791  55.9650 0084487 335.8749  23.9060  1.00299454 36760
1 33502U 99025DCF 18241.75956071 +.00000852 +00000-0 +57035-3 0  9992
2 33502 098.9898 162.8357 0109028 030.2566 022.3385 14.00777015495407
1 33589U 91003S   18241.30399238 -.00000623 +00000-0 -14558-1 0  9991
2 33589 007.2206 120.4332 6780737 354.5535 000.9233 02.63746888036402
1 33590U 91003T   18240.79028677  .00000590  00000-0  99229-2 0  9991
2 33590   7.7640 337.1715 6793393 266.0355  33.5051  2.66907681146115
1 33599U 99025DCG 18236.74162500 +.00000394 +00000-0 +55584-4 0  9996
2 33599 096.6093 058.2881 0309334 034.4648 327.6192 14.53270391269379
1 33600U 99025DCH 18234.78391513  .00002413  00000-0  25594-3 0  9990
2 33600  96.2718 234.6399 0276459  38.7806 323.2891 14.65490566564164
1 33601U 99025DCJ 18241.45581434  .00000526  00000-0  34538-3 0  9997
2 33601  98.2824 234.7302 0177128 101.7638  50.6691 13.98187304534183
1 33603U 99025DCL 18241.53108047  .00000185  00000-0  26624-4 0  9992
2 33603  98.8698 265.5334 0248657 130.4899 231.8267 14.70900910596605
1 33604U 99025DCM 11211.95132915 +.00009429 +00000-0 +89398-3 0  9996
2 33604 099.0468 034.3812 0174254 272.5949 085.5413 14.83026305170732
1 33605U 99025DCN 18241.34172536 +.00000022 +00000-0 +41529-4 0  9998
2 33605 098.9133 290.9116 0058242 342.5929 077.8612 14.03598208224374
1 33612U 99025DCV 18240.04546684  .00000581  00000-0  44102-3 0  9990
2 33612  98.6634 340.5694 0121546 320.4677  38.7666 13.94174794562617
1 33613U 99025DCW 18240.36222776 +.00000761 +00000-0 +41395-3 0  9990
2 33613 098.9122 291.3363 0040046 174.9304 185.2282 14.14879057267175
1 33614U 99025DCX 18241.30235353  .00008932  00000-0  82038-3 0  9998
2 33614  96.5437  58.8672 0052345 233.2645 126.3766 14.93944928573316
1 33617U 99025DDA 18241.28801872 +.00010866 +00000-0 +33810-3 0  9996
2 33617 098.0366 003.9298 0149709 138.1747 223.1044 15.23164131372001
1 33618U 99025DDB 18242.18189544  .00000305  00000-0  80558-4 0  9991
2 33618  98.6897 224.6667 0209547 277.4387  80.3038 14.44662195582366
1 33619U 99025DDC 18241.38814911 +.00000138 +00000-0 +10982-3 0  9993
2 33619 099.0428 290.6629 0057512 327.5121 100.1901 14.06042001261246
1 33621U 99025DDE 18241.91713780  .00000136  00000-0  61379-4 0  9992
2 33621  98.1549 272.7683 0310713  92.8962 270.7810 14.11872642553126
1 33622U 99025DDF 18239.34788935  .00000753  00000-0  40156-3 0  9995
2 33622  99.0113 289.8114 0041759 152.8818 207.4548 14.16013674572246
1 33623U 99025DDG 18237.07995260  .00000838  00000-0  52386-3 0  9997
2 33623  98.1866 182.0354 0086852  72.3687 288.6945 14.05194695547958
1 33624U 99025DDH 18242.34144279  .00002407  00000-0  33558-3 0  9994
2 33624  98.1854 291.3201 0384465 177.6403 182.6721 14.38663053543728
1 33625U 99025DDJ 18241.27073668 +.00000484 +00000-0 +10890-3 0  9996
2 33625 098.8373 255.7134 0301545 188.8319 170.7492 14.37118705230015
1 33628U 99025DDM 18241.50643909  .00002133  00000-0  24394-3 0  9993
2 33628  98.2671 339.8180 0165772  81.0617 280.9316 14.77693517564004
1 33629U 99025DDN 18241.14574755  .00008335  00000-0  68399-3 0  9999
2 33629  98.5949   1.7761 0108141 123.5462 237.6140 14.94990974550480
1 33630U 99025DDP 18242.39913478  .00000115  00000-0  74664-4 0  9999
2 33630  98.4006  80.7694 0143136 155.4434 205.3645 14.13198789535393
1 33632U 99025DDR 18240.67120526 +.00001688 +00000-0 +44900-3 0  9999
2 33632 099.0427 132.4510 0050442 207.8402 152.0088 14.49274688543665
1 33633U 99025DDS 18241.07379157 +.00000350 +00000-0 +24423-3 0  9994
2 33633 099.2030 274.0158 0099549 013.5011 041.0847 14.02990631532567
1 33636U 99025DDV 18241.91624021 +.00000256 +00000-0 +12944-3 0  9993
2 33636 098.7199 277.8724 0073416 300.2733 184.1479 14.23194221321517
1 33637U 99025DDW 18239.93922483 +.00000442 +00000-0 +20724-3 0  9998
2 33637 098.7564 287.8996 0099708 007.4763 352.7874 14.22530202268645
1 33638U 99025DDX 18242.30541153  .00000239  00000-0  26910-3 0  9992
2 33638  98.4294  76.7817 0280783 120.4778 242.4416 13.62443557552920
1 33639U 99025DDY 18241.92051742 +.00000524 +00000-0 +26154-3 0  9997
2 33639 098.8624 295.0002 0068595 087.3530 273.5496 14.19846615226731
1 33640U 99025DDZ 18235.41013714 +.00000175 +00000-0 +70465-4 0  9990
2 33640 098.9536 044.4601 0103746 137.9864 222.9337 14.37480980539511
1 33641U 99025DEA 09198.89632304 +.00001626 +00000-0 +52887-3 0  9992
2 33641 099.0148 242.1468 0112466 178.2805 182.5577 14.36727616106609
1 32243U 99025CWR 18234.70054880  .00000294  00000-0  18787-3 0  9998
2 32243  98.3167 137.8564 0323544   2.3737 357.8870 13.86952217564879
1 32245U 99025CWT 18235.71020361  .00000459  00000-0  12184-3 0  9997
2 32245  98.4996 331.0844 0155180 216.0150 143.0509 14.46799029586294
1 32303U 99025CWU 18240.11796583  .00000891  00000-0  57848-3 0  9994
2 32303  97.8477 356.2696 0125176  90.8897 270.6615 14.00824250552460
1 32304U 99025CWV 18232.30824333 +.00000235 +00000-0 +99343-4 0  9991
2 32304 099.4336 257.9445 0065091 069.9792 290.8383 14.34418577178718
