1 31426U 99025BTN 18240.77762910 +.00000306 +00000-0 +21297-3 0  9998
2 31426 098.5726 231.6094 0355653 226.1471 263.7875 13.78569779567963
1 31427U 99025BTP 18241.09859233 +.00000848 +00000-0 +36030-3 0  9992
2 31427 098.8107 289.1055 0051243 312.7138 100.2588 14.27274552587094
1 31428U 99025BTQ 18241.37048792 +.00000312 +00000-0 +13450-3 0  9991
2 31428 099.0996 065.8624 0076805 001.3192 116.6563 14.30282853593736
1 31429U 99025BTR 18241.98102132  .00000359  00000-0  21302-3 0  9994
2 31429  98.9562 277.7456 0019727  93.2286  23.5412 14.13777619583508
1 31430U 99025BTS 18241.63279209  .00000399  00000-0  22312-3 0  9994
2 31430  98.9896 268.3899 0032314 101.3987  23.0001 14.16246777584344
1 31431U 99025BTT 18239.35130345  .00000481  00000-0  36934-3 0  9995
2 31431  98.5218 288.5620 0148030 313.0274  45.8565 13.92641084574315
1 31432U 99025BTU 18242.30991934  .00008205  00000-0  20592-3 0  9999
2 31432  99.0263 171.7105 0077372 104.9652 256.0169 15.37297228615860
1 31433U 99025BTV 18241.82759432 +.00000345 +00000-0 +22436-3 0  9997
2 31433 098.3841 288.5799 0131410 082.2425 339.6395 14.04009129580483
1 31434U 99025BTW 18241.62947792 +.00001551 +00000-0 +41245-3 0  9993
2 31434 099.0323 122.0146 0047988 224.6755 197.9594 14.49510764592298
1 31435U 99025BTX 18242.12923180  .00000104  00000-0  37447-4 0  9998
2 31435  98.9848 195.5723 0159207 243.3827 115.0979 14.48662864599159
1 31436U 99025BTY 18241.70564359 +.00001191 +00000-0 +46569-3 0  9992
2 31436 098.8611 324.0260 0135985 198.8548 315.6206 14.26514047585851
1 31437U 99025BTZ 18240.20621988  .00000787  00000-0  39019-3 0  9991
2 31437  98.9717 231.1877 0020096  28.4613 331.7656 14.20099111588292
1 31439U 99025BUB 18242.00372868  .00000372  00000-0  30668-3 0  9994
2 31439  99.1395 285.1450 0144677 220.3528 258.0544 13.90624327578694
1 31440U 99025BUC 18242.33523657  .00000513  00000-0  26649-3 0  9997
2 31440  98.8992 289.6325 0048722 105.3308 255.3259 14.18476138588462
1 31441U 99025BUD 18242.37911947  .00001366  00000-0  67057-3 0  9990
2 31441  99.3177 301.8366 0273273 286.5778  70.5539 14.01911156584583
1 31442U 99025BUE 18240.01422156 +.00000172 +00000-0 +83520-4 0  9997
2 31442 098.6456 325.1160 0084820 280.3079 078.8548 14.28489172592926
1 31443U 99025BUF 18241.90218162 +.00000355 +00000-0 +12194-3 0  9998
2 31443 099.2268 127.3949 0251013 247.9886 109.4455 14.27060962288333
1 31444U 99025BUG 18239.15776839  .00000907  00000-0  32350-3 0  9992
2 31444  98.9358  14.6225 0108991  45.7757 315.2313 14.33468755593880
1 31445U 99025BUH 18241.56533887  .00001701  00000-0  39476-3 0  9994
2 31445  98.9072  89.7681 0063049  81.1647 334.0152 14.55250287597482
1 31446U 99025BUJ 18237.64444781 +.00001318 +00000-0 +56583-3 0  9995
2 31446 098.7352 186.1475 0081378 041.8605 318.8758 14.24658260200311
1 31447U 99025BUK 18242.03808213  .00000192  00000-0  82854-4 0  9999
2 31447  98.8694 189.9826 0240086  69.6042 293.0745 14.20982995590569
1 31448U 99025BUL 18242.31329345  .00000262  00000-0  13991-3 0  9998
2 31448  98.7309 280.1525 0063930   7.8985 352.3183 14.20302518590611
1 31449U 99025BUM 18241.24272370  .00000064  00000-0  38063-4 0  9993
2 31449  98.8557 247.5848 0151335 164.0855 196.5159 14.30745688595652
1 31450U 99025BUN 18241.60624584 +.00002074 +00000-0 +12217-3 0  9998
2 31450 098.5625 019.2283 0333947 351.4988 008.0646 14.76497664598495
1 31451U 99025BUP 18241.90908861  .00000045  00000-0  50740-4 0  9995
2 31451  99.0674 262.7758 0033060 163.9900 315.2795 14.10504031587425
1 31452U 99025BUQ 18240.30606641  .00000114  00000-0  85377-4 0  9991
2 31452  98.7583 279.1385 0043082 161.5048 198.7701 14.11723804587255
1 31453U 99025BUR 13108.74280262 +.00000791 +00000-0 +18700-3 0  9991
2 31453 098.8000 213.4019 0106835 015.4093 345.0313 14.53808865318467
1 31455U 99025BUT 18242.33757324 -.00000069  00000-0 -12237-4 0  9990
2 31455  98.7854 301.3725 0225001  52.4977 309.6416 14.08833928586325
1 31456U 99025BUU 18239.46104164  .00000375  00000-0  15500-3 0  9992
2 31456  98.6405 322.4772 0080662 271.2111  87.9832 14.30719166593964
1 31457U 99025BUV 18242.12537955  .00002144  00000-0  17507-3 0  9993
2 31457  99.0158 356.2355 0146140 290.6797  67.8803 14.92888932611160
1 31458U 99025BUW 18239.27477211  .00000809  00000-0  20623-3 0  9993
2 31458  99.2196 250.5824 0090238  72.5438 288.5593 14.51359465598584
1 31459U 99025BUX 18241.36050175  .00000545  00000-0  23702-3 0  9991
2 31459  98.1353 291.4542 0127998 118.5376 242.8759 14.23152686588373
1 31462U 99025BVA 18241.02658880  .00000162  00000-0  11607-3 0  9991
2 31462  98.9686 269.6962 0033864 176.5898 213.4282 14.10182610584601
1 31463U 99025BVB 18242.31183814  .00000143  00000-0  58623-4 0  9994
2 31463  99.1125  81.1300 0232447 227.3051 130.8346 14.29639268592349
1 31464U 99025BVC 18241.27855590 +.00000181 +00000-0 +12742-3 0  9999
2 31464 099.1091 257.4555 0045440 177.4476 244.0971 14.09945103571416
1 31465U 99025BVD 18239.09209900  .00000725  00000-0  46774-3 0  9991
2 31465  98.6457 358.0558 0127323 200.3252 159.2821 14.02059865578543
1 31466U 99025BVE 18180.71739678 +.00000007 +00000-0 +19279-4 0  9990
2 31466 099.2368 348.6698 0307539 102.3064 326.1397 14.16382076577677
1 31467U 99025BVF 18240.86282713 +.00000685 +00000-0 +55227-3 0  9991
2 31467 098.5804 270.3810 0174796 134.7335 226.8205 13.86501945260957
1 31468U 99025BVG 18241.98377248  .00000209  00000-0  70486-4 0  9991
2 31468  98.3927 298.0058 0184896 285.4355  72.6477 14.38210293595647
1 31471U 99025BVK 18239.23972361  .00000357  00000-0  23997-3 0  9995
2 31471  97.9506  55.0389 0183423  51.4546 310.2900 13.97673612582454
1 31473U 99025BVM 18241.94906428  .00000469  00000-0  24898-3 0  9994
2 31473  98.8136 290.1174 0079983 134.3230 349.2631 14.16573067584893
1 31474U 99025BVN 18241.72020482 +.00000769 +00000-0 +52215-3 0  9995
2 31474 099.1499 218.7704 0079551 012.0666 348.2381 14.01706329576087
1 31475U 99025BVP 18242.13900824  .00000367  00000-0  12899-3 0  9997
2 31475  98.9096   4.9177 0243834 276.0289  81.3155 14.26242601589394
1 31476U 99025BVQ 18241.01042618 +.00000538 +00000-0 +32282-3 0  9990
2 31476 099.0982 262.3898 0062153 136.3365 254.3940 14.10304449580798
1 31477U 99025BVR 18241.56554367  .00000303  00000-0  21736-3 0  9992
2 31477  98.9349 267.4848 0117343 236.4240 122.5679 14.01277717581097
1 31478U 99025BVS 18242.36171503  .00001607  00000-0  56036-3 0  9998
2 31478 102.5923 292.2824 0054618  94.5091 322.6367 14.36919001588934
1 31480U 99025BVU 18241.71427356  .00001545  00000-0  10693-2 0  9998
2 31480  98.3572  28.7533 0415208 195.1945 238.0101 13.65619839569718
1 31481U 99025BVV 18240.39269800  .00003116  00000-0  54071-3 0  9995
2 31481  99.2386 296.4465 0056416 100.7549 260.0010 14.68056720599999
1 31482U 99025BVW 18242.09715821  .00000326  00000-0  14354-3 0  9994
2 31482  98.5940 284.8325 0100876 206.4255 209.4807 14.27116397592370
1 31483U 99025BVX 18242.30715574  .00001075  00000-0  77755-3 0  9990
2 31483 102.5086 267.6159 0157380 161.1048 259.0094 13.94353750577248
1 31484U 99025BVY 18241.58876287 +.00001701 +00000-0 +10085-2 0  9997
2 31484 101.8253 013.9021 0165195 095.3801 266.6225 14.03040415266264
1 31485U 99025BVZ 18241.89715362 +.00000133 +00000-0 +22167-3 0  9991
2 31485 102.7194 125.7227 0509367 223.4843 132.5024 13.26053247550560
1 31486U 99025BWA 18241.70542335 +.00001247 +00000-0 +55854-3 0  9996
2 31486 102.2824 061.5500 0022364 279.9996 079.8647 14.25479546586342
1 31487U 99025BWB 18241.76268612 +.00000397 +00000-0 +36323-3 0  9991
2 31487 102.4219 203.7640 0129334 179.7203 300.4075 13.88719236573920
1 31488U 99025BWC 18241.98721123  .00001310  00000-0  46113-3 0  9991
2 31488 102.6774 302.5763 0083808 344.8867  14.9802 14.35961598589430
1 31491U 99025BWE 18242.32181701  .00000729  00000-0  47754-3 0  9991
2 31491  99.3270  18.7805 0061086  80.4562 280.3500 14.04553314577978
1 31492U 99025BWF 18241.16965076  .00001431  00000-0  59166-3 0  9999
2 31492  98.8646 314.1019 0141330 258.3899 155.3042 14.23050459583961
1 31493U 99025BWG 18240.93624854  .00000166  00000-0  17281-3 0  9996
2 31493 100.1669 274.5726 0128744 295.8192  63.7774 13.87664265573636
1 31494U 99025BWH 18238.40877811  .00000719  00000-0  29015-3 0  9991
2 31494  99.5875 306.3863 0032341 292.2394  67.5356 14.31260411588881
1 31495U 99025BWJ 18241.09714399  .00000505  00000-0  27865-3 0  9996
2 31495  99.0522 354.8263 0034424 183.4324 176.6618 14.15827027584339
1 31496U 99025BWK 18241.95885568  .00004357  00000-0  23234-3 0  9994
2 31496  99.1174 145.4902 0114173   1.1242 359.0217 15.10406075612092
1 31497U 99025BWL 18241.90184351 +.00000024 +00000-0 +20664-4 0  9994
2 31497 098.3923 273.9393 0176715 035.2982 086.9354 14.35817521593348
1 31498U 99025BWM 18241.64258319  .00000728  00000-0  73038-3 0  9995
2 31498  98.5048 122.4672 0240782  62.3062 300.2294 13.68313476563205
1 31499U 99025BWN 18240.54730675  .00001606  00000-0  11155-2 0  9991
2 31499  97.6735 141.8366 0334597  67.3792 296.2390 13.76069247566428
1 31500U 99025BWP 18241.94500551  .00003047  00000-0  14906-3 0  9996
2 31500  98.8861 134.3395 0244895 275.5695  81.7642 14.96739249597823
1 31501U 99025BWQ 18241.88199550  .00000361  00000-0  21066-3 0  9994
2 31501  98.9740 277.8400 0044761  33.6226 326.7772 14.14257598583423
1 31502U 99025BWR 18242.28319577  .00000684  00000-0  46804-3 0  9998
2 31502  99.2590 270.0137 0082325  54.8563 306.0281 14.01604492582071
1 31503U 99025BWS 18239.33717405  .00000413  00000-0  25111-3 0  9991
2 31503 100.1310  76.4767 0055882 267.0569  92.4203 14.12262042583482
1 31504U 99025BWT 18241.93944510 +.00001592 +00000-0 +45145-3 0  9998
2 31504 101.5042 131.6478 0153851 295.8514 129.9761 14.41119770587386
1 31505U 99025BWU 18241.24247745 +.00001385 +00000-0 +58748-3 0  9992
2 31505 101.9311 250.6783 0048298 230.7988 128.8887 14.27391462583402
1 31507U 99025BWW 18241.35335715 +.00000250 +00000-0 +80091-4 0  9998
2 31507 098.5160 276.5694 0131645 241.5725 183.5920 14.43559808595501
1 31508U 99025BWX 18241.10736598  .00000880  00000-0  36299-3 0  9995
2 31508  98.7799 292.1839 0055231 289.4355  70.0862 14.28569301588063
1 31509U 99025BWY 18240.97946515  .00000886  00000-0  67949-3 0  9994
2 31509  98.8739  73.1739 0223950 242.9606 114.8535 13.84687280571247
1 31510U 99025BWZ 18241.92627378  .00000141  00000-0  86495-4 0  9997
2 31510  98.7135 274.9073 0041032 114.7379   6.1122 14.19496037586879
1 31511U 99025BXA 18240.04432235  .00000883  00000-0  45366-3 0  9990
2 31511  98.9901 331.2842 0133173 241.3003 117.4730 14.13496721582391
1 31512U 99025BXB 18242.21079926  .00000147  00000-0  59404-4 0  9998
2 31512  98.8189  11.3516 0163520  78.3424  38.8206 14.35082761592526
1 31513U 99025BXC 18240.36611570  .00000594  00000-0  33444-3 0  9991
2 31513  98.9775 287.0562 0037733 174.2578 185.9034 14.13913679582523
1 31514U 99025BXD 18241.31601169 +.00000536 +00000-0 +33521-3 0  9993
2 31514 099.2497 011.6745 0060227 356.9831 003.0966 14.08339059317526
1 31515U 99025BXE 18237.46416171  .00000135  00000-0  11194-3 0  9999
2 31515  99.0243 317.5341 0059596  32.2481 328.2308 14.03844678578867
1 31516U 99025BXF 18242.21694377  .00000116  00000-0  66418-4 0  9994
2 31516  98.7830 331.9273 0158100 357.3835  31.5686 14.20562201586977
1 31518U 99025BXH 17315.68762109 +.00001196 +00000-0 +71446-3 0  9991
2 31518 099.1743 281.2477 0097542 138.7924 221.9796 14.06800122036150
1 31519U 99025BXJ 18240.31313751  .00000114  00000-0  74803-4 0  9995
2 31519  98.7121 272.7426 0056162  22.5175 337.8448 14.18781929586052
1 31520U 99025BXK 18242.39785411  .00001289  00000-0  50790-3 0  9995
2 31520  98.8810 302.0289 0003280 204.9670 155.1354 14.30951451587302
1 31521U 99025BXL 18241.00167678  .00001371  00000-0  45645-3 0  9997
2 31521  98.7073 309.1812 0080279 157.4119 203.0633 14.37463842590212
1 31522U 99025BXM 18241.15334222 -.00000027  00000-0  10805-4 0  9994
2 31522  98.9952 303.7843 0050441  44.9823 315.5410 14.00218905578255
1 31523U 99025BXN 18242.27389098 -.00000041  00000-0  23110-5 0  9990
2 31523  99.0843 252.3266 0039543  85.8733 338.0777 14.13632529584450
1 31524U 99025BXP 18240.21531433 +.00000341 +00000-0 +17441-3 0  9995
2 31524 099.2469 004.0467 0288672 268.0139 211.4788 14.03173053579198
1 31526U 99025BXR 15035.26226016 +.00016057 +00000-0 +53705-2 0  9992
2 31526 099.1926 203.0443 0110063 170.4020 316.2973 14.34070193409125
1 31527U 99025BXS 18239.84499909 +.00000171 +00000-0 +29604-3 0  9991
2 31527 098.9132 029.7490 0453602 302.4137 053.3865 13.21548955549879
1 31529U 99025BXU 18241.93401818  .00000597  00000-0  30303-3 0  9998
2 31529  98.9456 279.8594 0052093  93.8080  27.9694 14.19130503588896
1 31530U 99025BXV 18242.25338363  .00001442  00000-0  39747-3 0  9991
2 31530  99.3854 255.5971 0106975  78.7894 282.5296 14.45351856595844
1 31531U 99025BXW 18242.40829485  .00000299  00000-0  10226-3 0  9999
2 31531  98.6888 312.3349 0285944 141.9171 220.2601 14.22814133588769
1 31532U 99025BXX 18242.11577290  .00001998  00000-0  84733-3 0  9993
2 31532  99.1819 358.9325 0137679 303.0794  55.7225 14.21613114585601
1 31533U 99025BXY 18242.19287719  .00000101  00000-0  62696-4 0  9996
2 31533  98.9932  14.9192 0069481  79.6052 281.2948 14.23735727592269
1 31534U 99025BXZ 18242.09296423  .00001135  00000-0  47816-3 0  9992
2 31534  98.9559 350.3403 0019332 224.4627 135.5002 14.27696754588925
1 31535U 99025BYA 18236.86058610 +.00000241 +00000-0 +12231-3 0  9995
2 31535 098.0502 267.4117 0098128 103.4540 257.7598 14.20962031340015
1 31536U 99025BYB 18241.54326285  .00000708  00000-0  14990-3 0  9995
2 31536  98.1490 268.0697 0429014 115.2722 249.3550 14.17233018583430
1 31537U 99025BYC 18242.18809207  .00000911  00000-0  36286-3 0  9995
2 31537  99.1097  24.3912 0517926 304.7498 178.4164 13.76557010565970
1 31538U 99025BYD 18240.45324410 +.00001066 +00000-0 +38437-3 0  9994
2 31538 098.3907 116.4510 0064448 091.8511 269.0057 14.34419735285002
1 31539U 99025BYE 18241.46664981  .00017157  00000-0  13302-2 0  9998
2 31539  99.0610 242.7940 0014336 283.0872  76.8748 15.01411265601499
1 31540U 99025BYF 18240.01871623  .00000606  00000-0  13713-3 0  9991
2 31540  99.0041 165.6111 0235499   1.2366 358.9357 14.44787510597045
1 31541U 99025BYG 18241.71116039  .00000484  00000-0  13335-3 0  9997
2 31541  98.9415 158.2252 0113208 347.4104  12.4265 14.48279761598400
1 31542U 99025BYH 18241.05852312 +.00000571 +00000-0 +33525-3 0  9996
2 31542 098.9579 282.3612 0053168 221.3385 138.3757 14.11472879582929
1 31544U 99025BYK 18242.27732527  .00000411  00000-0  26522-3 0  9990
2 31544  99.0966 265.2363 0034619 194.0516 165.9693 14.08418332583586
1 31545U 99025BYL 11315.51651462 +.00002328 +00000-0 +81732-3 0  9993
2 31545 098.9864 036.0122 0100147 207.7392 151.7563 14.33224036238943
1 31546U 99025BYM 18241.78959472  .00000287  00000-0  20155-3 0  9994
2 31546  98.2352 173.0022 0178953 120.6014 241.2937 13.97179310574973
1 31547U 99025BYN 18240.09995841  .00000459  00000-0  28141-3 0  9992
2 31547  99.0343 198.8195 0063750 200.7221 159.1363 14.09836256582777
1 31548U 99025BYP 18242.32649558  .00001296  00000-0  34803-3 0  9994
2 31548  99.3824 271.9070 0111102  42.6684 318.3067 14.46566696593862
1 31550U 99025BYR 18240.37022227  .00000304  00000-0  10671-3 0  9994
2 31550  98.5215 287.9949 0216167 268.2460  89.3954 14.30166506591921
1 31551U 99025BYS 18242.01323014  .00001392  00000-0  76541-3 0  9992
2 31551  98.8422 146.8178 0085408 275.5408 151.6043 14.11485501580240
1 31552U 99025BYT 18234.91477463  .00000755  00000-0  40121-3 0  9998
2 31552  98.5631  38.0285 0146574 164.4218 196.1537 14.10878226581015
1 31553U 99025BYU 18241.88790208 +.00000684 +00000-0 +38412-3 0  9999
2 31553 098.9925 210.8317 0039363 108.6839 279.6984 14.13522973581806
1 31554U 99025BYV 18242.33063209  .00000574  00000-0  29580-3 0  9999
2 31554  98.9688 293.4441 0065548 151.8398 208.6346 14.18031930584868
1 31555U 99025BYW 18239.21710786 +.00000616 +00000-0 +24472-3 0  9994
2 31555 099.1638 036.6503 0205713 311.3565 047.0074 14.21870299585555
1 31557U 99025BYY 18240.95648574  .00000091  00000-0  40638-4 0  9994
2 31557  98.3952 287.3621 0184621 336.2237  23.0498 14.35076514593971
1 31558U 99025BYZ 18242.21803450  .00000149  00000-0  54601-4 0  9991
2 31558  98.8386  16.0838 0223672 172.1235 311.0467 14.34456103594130
1 31559U 99025BZA 18240.26704028 +.00000416 +00000-0 +14685-3 0  9990
2 31559 098.9238 038.4386 0086761 206.6397 277.4359 14.38148012593395
1 31560U 99025BZB 18242.27047318 -.00000026  00000-0  83212-5 0  9999
2 31560  98.9259 261.6753 0122685  54.0677 307.1809 14.20558844588697
1 31561U 99025BZC 18241.40456288 +.00000035 +00000-0 +52399-4 0  9994
2 31561 098.9658 296.0208 0063606 041.2316 023.2632 13.99746812579074
1 31562U 99025BZD 18242.06850253  .00000351  00000-0  14957-3 0  9996
2 31562  99.2214 174.1789 0069300  72.5253 288.3487 14.30488357591339
1 31563U 99025BZE 18241.64406457 +.00000025 +00000-0 +18645-4 0  9990
2 31563 098.9028 173.9829 0141782 216.2676 142.8843 14.51325361598450
1 31564U 99025BZF 18241.58370036  .00013646  00000-0  13134-2 0  9996
2 31564  98.7484  10.5629 0007782 204.8875 155.1967 14.93095994596256
1 31565U 99025BZG 18240.86091754 +.00001277 +00000-0 +78180-3 0  9994
2 31565 100.7373 264.4835 0080527 294.3481 064.9289 14.06700766266973
1 31566U 99025BZH 18241.39751654  .00000813  00000-0  42601-3 0  9990
2 31566  98.9447 211.7302 0033664  74.3918  79.7673 14.16822239585986
1 31567U 99025BZJ 18241.80640953 +.00000659 +00000-0 +65316-3 0  9992
2 31567 102.3099 000.9122 0213366 090.4045 272.1543 13.74165906307090
1 31568U 99025BZK 18242.15587887  .00000360  00000-0  33220-3 0  9996
2 31568 102.0921  17.5837 0156458 104.0294 257.8301 13.86781821577145
1 31569U 99025BZL 18242.04589385  .00000913  00000-0  81681-3 0  9998
2 31569 102.6081 180.3372 0207457 102.7390 318.8024 13.79132009569589
1 31570U 99025BZM 18241.99413037  .00000497  00000-0  35073-3 0  9994
2 31570 102.6098 307.3935 0194764 182.3029 177.7240 13.96692680575544
1 31581U 99057PC  18241.16305196  .00010782  00000-0  65206-3 0  9995
2 31581  98.2260 315.5766 0004517 190.9741 169.1389 15.10845818607908
1 31583U 99057PE  18242.14544766  .00000927  00000-0  23793-3 0  9999
2 31583  98.4116 199.5008 0003051  36.2620 323.8782 14.52548045593920
1 31589U 99057PL  18242.16082719  .00002871  00000-0  43348-3 0  9990
2 31589  98.2703 221.4264 0016997 142.7629 217.4761 14.75024647605033
1 31591U 99057PN  18241.93131407 +.00001724 +00000-0 +31991-3 0  9993
2 31591 098.3500 234.5907 0009298 142.0581 218.1279 14.66520744601641
1 31594U 99057PR  18240.17713276  .00001431  00000-0  29741-3 0  9996
2 31594  98.3687 221.9912 0004779 239.8985 120.1741 14.61649836601878
1 31608U 99025BZN 18239.22594023  .00000556  00000-0  98172-4 0  9990
2 31608  98.5843 253.0990 0225855  58.0838 304.2111 14.56509367597205
1 31609U 99025BZP 18242.38070576  .00000382  00000-0  28242-3 0  9991
2 31609  99.1485 202.1879 0104051 113.1573  37.6511 13.98765789574538
1 31611U 99025BZR 18241.28286747  .00001848  00000-0  63940-3 0  9993
2 31611  98.9764   0.2483 0113002 175.7430 215.0712 14.33459355584780
1 31612U 99025BZS 18240.53529030  .00000622  00000-0  71050-4 0  9997
2 31612 100.3689 350.3976 0180598   7.1561 353.2158 14.80989647606494
1 31613U 99025BZT 18240.36672610  .00000790  00000-0  77331-3 0  9995
2 31613  98.4538  33.0750 0366521 246.2004 110.0311 13.55571308556520
1 31614U 99025BZU 18241.75758685  .00001356  00000-0  58169-3 0  9994
2 31614  98.9794 342.9968 0065881 264.6787 253.6246 14.25396683583070
1 31615U 99025BZV 18241.87600006 +.00000820 +00000-0 +44705-3 0  9997
2 31615 099.1190 208.0754 0238965 219.3343 139.0253 14.01440698277490
1 31616U 99025BZW 18239.96404953  .00001298  00000-0  40106-3 0  9999
2 31616  96.5891 305.0189 0105489  56.0344 305.0820 14.39216553589090
1 31617U 99025BZX 18242.26372092  .00001089  00000-0  31574-3 0  9992
2 31617  96.7129  44.1407 0133296 289.2638  69.4176 14.40796042593238
1 31618U 99025BZY 18236.04638169 +.00000040 +00000-0 +39552-4 0  9993
2 31618 099.4019 173.0970 0164574 259.9835 098.2732 14.17004492324550
1 31619U 99025BZZ 18241.67064124  .00000765  00000-0  32574-3 0  9993
2 31619  99.1081 301.0992 0264541  36.7180 115.6910 14.11060314577981
1 31620U 99025CAA 18242.22430942  .00000688  00000-0  37446-3 0  9999
2 31620  99.0408 250.9315 0031121 103.0506 257.4144 14.15385533581315
1 31622U 99025CAC 18239.05544628  .00000637  00000-0  33502-3 0  9998
2 31622  98.9712 275.3021 0022779  98.4961 325.0507 14.17587629579324
1 31623U 99025CAD 18241.65422335  .00000137  00000-0  13939-3 0  9995
2 31623  97.6486 197.9424 0197841 207.8251 151.2214 13.80360809571320
1 31624U 99025CAE 18242.42088466  .00000833  00000-0  27309-3 0  9994
2 31624  99.6829  45.9671 0057612 149.3629 242.4282 14.40589282589052
1 31625U 99025CAF 18242.21985782  .00000053  00000-0  23551-4 0  9999
2 31625  98.8005 145.1564 0159252 145.9655   5.1571 14.51259835597669
1 31626U 99025CAG 18241.55513528  .00001213  00000-0  49722-3 0  9997
2 31626 101.3072   0.8253 0030236 104.6830 255.7697 14.29658469588251
