1 41706U 00055PL  18241.64047254 +.00000240 +00000-0 +17473-3 0  9997
2 41706 098.8762 304.3224 0036301 318.4957 041.3455 14.05067739128126
1 41827U 99025EYE 18241.63886026  .00000680  00000-0  39290-3 0  9992
2 41827  98.9303 299.0162 0063338 235.8314 123.6841 14.11403671 96765
1 42256U 93016DL  15053.40661193 +.00011073 +00000-0 +52194-2 0  9997
2 42256 070.9554 335.3796 0129353 304.8790 063.7745 14.15690330339448
1 41830U 99025EYH 18240.95116641 +.00000749 +00000-0 +43008-3 0  9997
2 41830 098.9315 298.3059 0064860 241.3598 118.1040 14.11368467096028
1 42288U 95015HE  18241.37242504 +.00001181 +00000-0 +38960-3 0  9997
2 42288 098.8062 294.5129 0080895 172.8404 187.3958 14.38177719173209
1 42241U 93016CV  18200.14907024 -.00000058  00000-0  00000+0 0  9993
2 42241 100.0449 317.0369 0092781 166.8619 193.5496 14.34062178429059
1 42272U 95015GN  18240.81073036 +.00000644 +00000-0 +36077-3 0  9990
2 42272 098.7674 227.5037 0030739 093.7776 266.6913 14.13915787163332
1 41664U 00055PD  18241.42306821 +.00001518 +00000-0 +74814-3 0  9995
2 41664 098.9171 326.2412 0020717 097.5846 262.7683 14.18936012121760
1 41709U 00055PP  18241.20917452 +.00000875 +00000-0 +45072-3 0  9998
2 41709 098.9661 330.2215 0035225 075.4832 285.0245 14.17547825126609
1 42255U 93016DK  18241.59238521 +.00000308 +00000-0 +17296-3 0  9997
2 42255 071.0065 202.5523 0009375 181.0954 290.5801 14.18278508246720
1 42259U 95015FZ  18241.26544302 +.00000552 +00000-0 +27620-3 0  9996
2 42259 098.7736 248.5994 0013301 274.5169 085.4488 14.20750566155247
1 41833U 99025EYL 18241.93391236 +.00000654 +00000-0 +38068-3 0  9999
2 41833 098.9317 299.0070 0064089 241.1224 118.3506 14.11117077097165
1 42291U 95015HH  18240.19624223  .00001936  00000-0  92694-3 0  9994
2 42291  98.7546 235.6038 0028766  68.0179 292.4050 14.19999389163864
1 41692U 07052Z   18239.93012963  .00004111  00000-0  30796-2 0  9996
2 41692  65.2071 214.9378 5796513 347.9125   2.5610  4.25892970 57637
1 41743U 09055L   18241.44332519  .00001679  00000-0  54111-3 0  9993
2 41743  98.5378 321.6962 0008646  68.7990 291.4122 14.40530736110717
1 41804U 14016H   18242.06089219  .00002996  00000-0  38642-3 0  9993
2 41804  98.1793 270.5340 0053452 251.9252 107.6133 14.80822220107808
1 42244U 93016CY  18140.36126081 -.00000026 +00000-0 +10000-4 0  9990
2 42244 071.0239 033.4531 0116975 331.1235 028.2695 14.20783326000015
1 42275U 95015GR  18240.97064159 +.00001871 +00000-0 +41122-3 0  9996
2 42275 098.6192 297.0993 0122339 074.8495 286.6194 14.54235953178567
1 41667U 00055PG  18241.44573197 +.00000268 +00000-0 +15078-3 0  9990
2 41667 098.8379 322.5158 0033478 092.6308 267.8700 14.18332305123656
1 42278U 95015GU  18241.88998737 +.00001150 +00000-0 +67165-3 0  9993
2 42278 098.7944 222.9426 0044809 159.6205 200.6766 14.09866930163009
1 41676U 07052H   17293.19324567 +.00003645 +00000-0 +11038+0 0  9997
2 41676 065.6862 001.7040 5483894 356.0781 005.3725 04.20436723048760
1 41722U 15020K   18240.96665805  .00000048  00000-0  18253-3 0  9998
2 41722  82.4931 325.3233 0178567 273.8178  84.2518 12.70388071130005
1 41712U 00055PS  18241.42780275 +.00000839 +00000-0 +46542-3 0  9990
2 41712 098.8875 315.4986 0050182 038.4372 322.0358 14.13281243121456
1 41689U 07052W   18037.77969986  .01888812  00000-0  14051+0 0  9998
2 41689  64.9111 257.3614 4886402  14.7148 355.6075  5.86778452 55796
1 42262U 95015GC  18241.81994450  .00000989  00000-0  39943-3 0  9999
2 42262  98.6883 255.1016 0048163 257.0232 102.5569 14.29536661176334
1 42234U 93016CN  18241.50507689  .00001891  00000-0  84086-3 0  9998
2 42234  70.9884 183.7854 0123402 173.0224 187.2657 14.20193525203711
1 42294U 95015HL  18242.15251041  .00001342  00000-0  78035-3 0  9993
2 42294  98.8039 224.8560 0048617 173.0495 187.1360 14.09722590168608
1 41695U 10007M   17258.46786204  .00000057  00000-0  10000-2 0  9998
2 41695  65.0120 241.5735 5050318  79.9536 331.2490  4.44595654 50024
1 42298U 95015HQ  18241.41373278 +.00000898 +00000-0 +10327-2 0  9996
2 42298 098.7175 108.6064 0287016 129.1403 233.5626 13.55414236146454
1 41810U 06062Q   18235.25861537  .00019895  00000-0  25586-2 0  9994
2 41810  64.6783 299.2162 5484516 355.4761   1.1809  4.85560821 33841
1 42247U 93016DB  18237.29013491  .00001163  00000-0  53561-3 0  9992
2 42247  70.9953 215.6695 0126488 191.3339 168.4933 14.18984555729086
1 42281U 95015GX  18242.00719685  .00000943  00000-0  39556-3 0  9997
2 42281  98.7263 258.8074 0044236 218.4688 141.3337 14.27810715174745
1 41680U 07052M   16333.23774355  .00001267  00000-0  13651-1 0  9998
2 41680  64.2133  24.4426 4833597  31.4908 353.3541  5.30764298 40525
1 41736U 09055D   18241.92115676 +.00001246 +00000-0 +42101-3 0  9997
2 41736 098.5179 319.6510 0002270 087.1125 273.0322 14.38643819110864
1 41715U 00055PV  18241.36266788 +.00000664 +00000-0 +38057-3 0  9992
2 41715 098.7551 302.1331 0014587 225.4954 134.5027 14.12761436122646
1 42265U 95015GF  18242.22639843  .00000519  00000-0  27021-3 0  9993
2 42265  98.7889 246.3250 0005644 348.9704  11.1347 14.18968301143080
1 42237U 93016CR  18229.56722665 +.00001290 +00000-0 +60029-3 0  9990
2 42237 070.9586 280.8176 0137822 256.8950 101.6762 14.17536193788360
1 41823U 99025EYA 18241.93872725 +.00000601 +00000-0 +35243-3 0  9999
2 41823 098.9326 299.0462 0063469 239.8973 119.5896 14.11031501097279
1 42250U 93016DE  18241.55074468  .00001848  00000-0  89144-3 0  9997
2 42250  70.9983 297.8233 0002403 132.1499 227.9831 14.19985741145048
1 41826U 99025EYD 18241.11333840  .00000685  00000-0  39596-3 0  9999
2 41826  98.9294 298.3114 0064260 241.2068 118.2640 14.11319927 97100
1 42284U 95015HA  18241.97151832  .00002130  00000-0  65150-3 0  9998
2 42284  98.8403 297.2105 0063213 183.9541 176.1156 14.41762785166517
1 41684U 07052R   18150.16903462 -.00003298  00000-0 -55045-1 0  9997
2 41684  62.9458 213.1034 5183933  24.7236 353.4874  4.71821960 62357
1 41739U 09055G   18223.16692772  .07357665  92508-1  36393-1 0  9998
2 41739  98.5184 356.2742 0029410 300.8723  58.9653 15.87702166110437
1 42268U 95015GJ  18241.26143382 +.00000885 +00000-0 +70753-3 0  9993
2 42268 098.7706 180.0376 0142755 293.0445 065.5715 13.88824166170180
1 41660U 00055NZ  18241.46281104 +.00000634 +00000-0 +33171-3 0  9990
2 41660 098.8274 318.7980 0024942 116.3173 244.0568 14.17726317122098
1 42240U 93016CU  18233.56095626 +.00001649 +00000-0 +81120-3 0  9992
2 42240 070.9734 313.4663 0144823 261.8930 096.5741 14.13775776542002
1 41698U 10007Q   18240.06895514  .00000069  00000-0  81336-3 0  9998
2 41698  65.0618 119.8322 5525297  54.3517 345.5036  4.34559793 64209
1 41702U 10007U   18242.01758726  .00028843  00000-0  37256-1 0  9994
2 41702  65.7545 113.5196 5279793  49.1868 346.0147  4.97731292 61558
1 41688U 07052V   18241.00304215  .00004569  00000-0  61539-2 0  9992
2 41688  64.2252 210.7411 5749510  24.5785 354.3994  4.27462678 62436
1 41718U 15020F   18241.82153629 -.00000005  00000-0 -55610-4 0  9999
2 41718  82.4875 293.5148 0229145 190.3544 169.2803 12.91188703152285
1 41742U 09055K   18241.91027384 +.00000453 +00000-0 +15874-3 0  9997
2 41742 098.4959 321.0513 0011679 174.0035 186.1295 14.39656955110831
1 42271U 95015GM  18240.80365581  .00001220  00000-0  58233-3 0  9996
2 42271  98.7797 246.3315 0005699  12.2661 347.8653 14.21055946163470
1 41663U 00055PC  18241.43067173 +.00000805 +00000-0 +41609-3 0  9993
2 41663 098.8531 320.2952 0023297 130.0131 230.3094 14.17690463122211
1 41705U 00055PK  18242.07846671  .00000232  00000-0  14189-3 0  9996
2 41705  98.8448 318.9507 0017322 141.8115 218.4289 14.15157124122166
1 41708U 00055PN  18240.98772511 +.00000738 +00000-0 +40819-3 0  9998
2 41708 098.8898 317.8677 0017808 073.6422 286.6707 14.14380602121862
1 42254U 93016DJ  18229.55047978 +.00001184 +00000-0 +41932-3 0  9999
2 42254 070.9820 306.3203 0098582 009.5017 350.7949 14.33905647833065
1 41829U 99025EYG 18241.73352545  .00000710  00000-0  40950-3 0  9998
2 41829  98.9314 299.1363 0065300 239.1454 120.3282 14.11340216 96562
1 42258U 95015FY  18241.27562233 +.00000764 +00000-0 +64133-3 0  9994
2 42258 098.7510 171.6064 0153517 320.9765 038.0395 13.85739079151302
1 42287U 95015HD  18241.27617576  .00003853  00000-0  14989-2 0  9992
2 42287  98.7516 255.9741 0012448 183.8113 176.2976 14.30353485171764
1 42290U 95015HG  18241.19929808  .00005506  00000-0  92693-3 0  9997
2 42290  98.8025 331.3746 0089707  30.7996 329.8427 14.67367010175882
1 41798U 14016B   18241.61349377 +.00003996 +00000-0 +47390-3 0  9990
2 41798 098.1656 272.0939 0059644 245.1038 114.3969 14.83852417107777
1 42243U 93016CX  18235.66872906  .00001146  00000-0  57032-3 0  9999
2 42243  70.9607 348.6153 0140171 298.9412  59.7713 14.14170441712879
1 42274U 95015GQ  18240.83234514  .00001759  00000-0  74502-3 0  9997
2 42274  98.7519 255.5619 0018611 247.9142 112.0062 14.26650502175229
1 41666U 00055PF  18241.49883889  .00001194  00000-0  57155-3 0  9997
2 41666  98.9048 327.6854 0035752 145.8146 214.5343 14.20685231121939
1 41721U 15020J   18241.92901604  .00000082  00000-0  30633-3 0  9998
2 41721  82.4941 318.1993 0244824 251.8245 105.6061 12.74564242149325
1 41711U 00055PR  18242.05249476  .00000714  00000-0  38031-3 0  9998
2 41711  98.8505 318.9601 0020562 150.2683 209.9664 14.16455635122538
1 41832U 99025EYK 18241.66851609  .00000640  00000-0  37356-3 0  9997
2 41832  98.9269 298.5149 0064291 241.5342 117.9342 14.11020165 97097
1 42261U 95015GB  18241.33387570  .00000154  00000-0  67243-4 0  9993
2 42261  98.6767 273.9750 0090444 190.3750 169.5571 14.34903253157099
1 41928U 16066H   18242.00603412  .00019564  00000-0  28526-2 0  9996
2 41928  98.5290 244.1202 0350600  61.9861 301.6331 14.41702094 93112
1 41691U 07052Y   18237.68071848  .00005415  00000-0  29215-2 0  9994
2 41691  64.4049 198.4929 5770454  15.0364 356.6041  4.32159286 58674
1 42293U 95015HK  18241.28033758 +.00001475 +00000-0 +65166-3 0  9996
2 42293 098.7929 259.8908 0016305 265.3662 094.5654 14.24730923152299
1 41694U 07052AB  18239.21504492  .00000209  00000-0  56433-3 0  9993
2 41694  65.5378 234.1130 5755461 340.7142   4.2807  4.21432824 54075
1 42297U 95015HP  18240.73940876 +.00001091 +00000-0 +65385-3 0  9994
2 42297 098.7886 218.8951 0046465 182.6827 177.4100 14.08521543151870
1 41808U 06062N   16342.72621571  .00000000  00000-0  00000+0 0  9991
2 41808  64.6620 208.7305 4990304  23.4653 353.1895  5.73249200  6129
1 42246U 93016DA  18241.63901366  .00001538  00000-0  70757-3 0  9993
2 42246  70.9558 234.6032 0131277 228.9078 130.0651 14.18273161248779
1 42277U 95015GT  18240.28536037 +.00002837 +00000-0 +88965-3 0  9990
2 42277 098.7305 278.0456 0055951 190.3236 169.6808 14.40490378165872
1 41669U 00055PJ  18241.42978988 +.00000895 +00000-0 +45708-3 0  9996
2 41669 098.8000 314.5050 0034407 166.7510 193.4576 14.17855606123087
1 42280U 95015GW  18242.27803445  .00001529  00000-0  71027-3 0  9993
2 42280  98.8064 255.4581 0012817 211.0775 148.9645 14.22086824174023
1 41679U 07052L   18237.01184871  .00002892  00000-0  34707-2 0  9996
2 41679  64.2627 212.4561 5759521  23.5096 354.6785  4.26980371 62473
1 41735U 09055C   18241.88587222 +.00002518 +00000-0 +81914-3 0  9999
2 41735 098.5176 319.8892 0018292 279.7445 080.1677 14.39548598110869
1 41714U 00055PU  18241.92940817 +.00000682 +00000-0 +55354-3 0  9994
2 41714 098.9934 283.0584 0125592 096.9471 264.5992 13.89705652115618
1 42264U 95015GE  18241.49625158  .00003311  00000-0  48875-3 0  9997
2 42264  98.7121 339.6242 0131722   2.0029 358.1676 14.70312622180661
1 42236U 93016CQ  18227.06727072 +.00001196 +00000-0 +61010-3 0  9995
2 42236 070.9896 010.4976 0142805 312.1282 046.7772 14.12597717713316
1 42249U 93016DD  17355.36935293 +.00002140 +00000-0 +84592-3 0  9999
2 42249 070.9725 249.4701 0111174 134.9050 226.1170 14.26764791638189
1 41825U 99025EYC 18241.39265445  .00000681  00000-0  39395-3 0  9996
2 41825  98.9325 298.8230 0065064 240.5465 118.9203 14.11313935 96939
1 42252U 93016DG  18238.44625137 +.00001316 +00000-0 +74469-3 0  9992
2 42252 070.9802 155.0635 0165127 043.6567 317.7475 14.05262574798960
1 42283U 95015GZ  18242.30657266  .00001167  00000-0  38057-3 0  9992
2 42283  98.7238 282.7272 0085577 152.8442 207.7258 14.38527073175167
1 41683U 07052Q   18242.08771850  .00003175  00000-0  39531-2 0  9998
2 41683  63.9345 195.1119 5720551  36.4815 351.4020  4.32294955 63426
1 41738U 09055F   18241.88090607  .00002062  00000-0  40752-3 0  9997
2 41738  98.5993 348.1598 0049342 121.5335 239.0698 14.62789546112214
1 41717U 00055PX  18241.99566056  .00000736  00000-0  37937-3 0  9990
2 41717  98.8498 321.4077 0024375 100.6279 259.7643 14.18063324123181
1 42267U 95015GH  18240.63148821 +.00001137 +00000-0 +82709-3 0  9990
2 42267 098.7536 192.0827 0105613 266.4261 092.4819 13.95622109171249
1 42239U 93016CT  18238.95459077 +.00000588 +00000-0 +33330-3 0  9993
2 42239 071.1389 092.4092 0136068 347.4119 012.3613 14.09466277529851
1 41697U 10007P   18241.46653646  .00000070  00000-0  17091-2 0  9998
2 41697  65.4079 194.2692 5326527  55.6850 343.8242  4.12945979 61353
1 41701U 10007T   18241.39522156  .00000057  00000-0  10000-2 0  9995
2 41701  65.4073 190.9757 5452486  47.5282 347.2318  4.13215196 61298
1 41822U 99025EXZ 18241.70611379  .00000610  00000-0  35556-3 0  9996
2 41822  98.9275 298.7952 0064520 239.6244 119.8538 14.11260508 97254
1 42286U 95015HC  18240.12475557 +.00000786 +00000-0 +51332-3 0  9991
2 42286 098.8123 213.1290 0065296 195.0327 164.8900 14.04131293169033
1 41686U 07052T   18241.11354630  .00003385  00000-0  47779-2 0  9993
2 41686  64.2572 212.0444 5749489  24.2660 354.4744  4.27031324 62540
1 41741U 09055J   18241.88234326 +.00001853 +00000-0 +61102-3 0  9998
2 41741 098.5537 321.4899 0006203 354.5174 005.5944 14.39299272110874
1 41720U 15020H   18241.88199493 +.00000047 +00000-0 +12031-3 0  9990
2 41720 082.4870 293.8986 0230154 191.1790 168.4156 12.90878206151228
1 42270U 95015GL  18242.17170482  .00001491  00000-0  77704-3 0  9995
2 42270  98.7679 231.6862 0043554 103.2148 257.3890 14.15580238165745
1 41662U 00055PB  18241.45754010 +.00001230 +00000-0 +64397-3 0  9999
2 41662 098.9044 320.9841 0015287 072.4874 287.7969 14.16141182121828
1 41704U 10007W   18241.46329081 +.00003894 +00000-0 +79364-1 0  9997
2 41704 065.3013 142.6689 5426566 043.8400 348.3469 04.35320300055990
1 41707U 00055PM  18242.02556437  .00000702  00000-0  35197-3 0  9995
2 41707  98.8405 323.2333 0036613 140.0583 220.3297 14.19526711122461
1 42253U 93016DH  18238.35165050  .00001596  00000-0  66712-3 0  9998
2 42253  70.9547 129.7974 0115397 157.0517 203.5827 14.24092827826856
1 41828U 99025EYF 18241.68122098  .00001239  00000-0  68632-3 0  9993
2 41828  98.9683 300.9616 0065780 237.5903 121.8893 14.12096831 96572
1 42257U 95015FX  18242.34382709  .00001023  00000-0  35134-3 0  9998
2 42257  98.7947 291.6022 0070841 192.5906 167.3512 14.36896981148249
1 41831U 99025EYJ 18242.10812798  .00000570  00000-0  33395-3 0  9993
2 41831  98.9301 299.3292 0065364 238.2595 121.2195 14.11281015 96182
1 42289U 95015HF  18240.37945471 +.00001361 +00000-0 +82494-3 0  9991
2 42289 098.8320 221.0617 0056245 203.3419 156.5195 14.07288644169428
1 41690U 07052X   18111.47421640 +.00018138 +00000-0 +97686-2 0  9993
2 41690 063.8917 241.4430 5765713 034.7125 352.0047 04.32641947053133
1 41768U 06062J   18241.23195801  .00001601  00000-0  13354-2 0  9991
2 41768  64.2699 332.7820 5813823   7.3848 358.4248  4.22559318 29812
1 42242U 93016CW  18213.28093068 +.00001194 +00000-0 +61603-3 0  9998
2 42242 070.9804 071.0485 0151519 352.5009 007.3844 14.11348611710515
1 42273U 95015GP  18241.99392345  .00001698  00000-0  73354-3 0  9997
2 42273  98.7549 254.4021 0013645 243.3069 116.6714 14.25728265167031
1 41665U 00055PE  18241.02411445  .00000387  00000-0  26645-3 0  9993
2 41665  98.8282 300.7216 0040707 305.5900  54.1477 14.04776211120723
1 41710U 00055PQ  18241.19325532 +.00000698 +00000-0 +33207-3 0  9990
2 41710 098.8711 328.8988 0043962 124.4416 236.0928 14.22121894122998
1 42260U 95015GA  18242.41716757  .00001469  00000-0  34730-3 0  9999
2 42260  98.7115 307.6139 0118752 100.7012 260.7579 14.51512938158550
1 41846U 16066F   18242.04683349  .00000333  00000-0  60712-4 0  9995
2 41846  98.7496 271.9992 0368581  27.9059 334.1368 14.37390379 94513
1 42292U 95015HJ  18241.79417582  .00001526  00000-0  72201-3 0  9997
2 42292  98.7681 243.4166 0031783  44.9822 315.3921 14.20907286170121
1 41693U 07052AA  18014.31237017 +.00000720 +00000-0 +16605-2 0  9994
2 41693 065.6894 299.8858 5718846 348.4720 002.5764 04.28592805036151
1 42296U 95015HN  16156.79985534 +.00001840 +00000-0 +92551-3 0  9990
2 42296 098.8071 160.8571 0016628 053.4994 306.8117 14.17605117037541
1 41805U 06062K   18241.44847114  .00000245  00000-0  26515-3 0  9994
2 41805  65.3775 337.7100 5781811 345.2672   3.2838  4.26400884 30153
1 42245U 93016CZ  18240.07876553  .00001873  00000-0  78988-3 0  9994
2 42245  70.9928 142.9478 0119228 136.3661 224.6971 14.23158065192400
1 42276U 95015GS  18239.09818651 +.00000024 +00000-0 +49732-4 0  9997
2 42276 098.8889 193.8920 0116610 319.9615 039.2992 13.91660166170926
1 41668U 00055PH  18242.21551820  .00001002  00000-0  46801-3 0  9991
2 41668  98.9003 332.6293 0056071 134.2073 226.3730 14.21827557123688
1 42279U 95015GV  18242.21734560  .00001299  00000-0  64010-3 0  9994
2 42279  98.7740 241.7857 0012326 161.5748 198.5876 14.19223457173914
1 41678U 07052K   16273.28858696  .00000856  00000-0  43665-2 0  9996
2 41678  65.8557 108.7922 5480019  36.8608 344.5427  4.50383187 34219
1 41723U 15020L   18237.87603004 +.00000266 +00000-0 +84838-3 0  9992
2 41723 082.4874 295.6116 0226024 198.7582 160.5099 12.91720767130958
1 41713U 00055PT  18242.34063763  .00000478  00000-0  38361-3 0  9998
2 41713  98.8829 281.9281 0117276  85.5298 275.9250 13.92078660116318
1 42263U 95015GD  18241.68088002  .00000527  00000-0  43361-3 0  9999
2 42263  98.8144 186.2168 0125199 294.3029  64.5097 13.90024727171523
1 42235U 93016CP  18240.88074461 +.00001770 +00000-0 +85790-3 0  9995
2 42235 070.9990 319.4477 0146243 269.4393 088.9971 14.14328030712315
1 42295U 95015HM  18241.42562630  .00001165  00000-0  62418-3 0  9993
2 42295  98.7716 228.1565 0040938 103.4166 257.1575 14.14570417169019
1 41696U 10007N   18242.11707614  .00001054  00000-0  43206-1 0  9994
2 41696  64.6761 166.7587 5532529  80.6094 335.0189  4.06596414 60460
1 42299U 95015HR  18241.21073537 +.00001296 +00000-0 +62183-3 0  9991
2 42299 098.7755 244.8534 0027797 038.1392 322.1745 14.20500880152344
1 41811U 06062R   18242.28568623  .00019552  00000-0  32390-2 0  9997
2 41811  64.5850 305.2618 5598620 358.3493   0.4738  4.66102222 32844
1 42248U 93016DC  18241.42236222  .00001700  00000-0  72311-3 0  9993
2 42248  70.9667 155.2142 0122545 172.7610 187.5325 14.22646881249626
1 42251U 93016DF  18238.67646960 +.00002121 +00000-0 +69351-3 0  9992
2 42251 070.9720 242.7055 0092642 326.7450 032.7882 14.37275792708301
1 42282U 95015GY  18240.16139686  .00000771  00000-0  45463-3 0  9993
2 42282  98.7926 222.8889 0041366 142.6981 217.7076 14.10390140171902
1 41682U 07052P   18042.99808065 -.00022716 +00000-0 -10711+0 0  9994
2 41682 065.2632 329.3644 5698839 008.4633 357.2628 04.20895337053349
1 41737U 09055E   18241.84958374  .00005576  00000-0  15515-2 0  9997
2 41737  98.5779 328.7664 0021758 142.3707 217.9011 14.46648065111202
1 41716U 00055PW  18242.43284490  .00000470  00000-0  27327-3 0  9995
2 41716  98.8356 314.3226 0006354  89.2266 270.9634 14.13471168122790
1 42266U 95015GG  18241.84121859 +.00000753 +00000-0 +35267-3 0  9995
2 42266 098.7743 255.1172 0032809 338.7589 021.2225 14.22909127166541
1 42238U 93016CS  18230.56533051 +.00001369 +00000-0 +59505-3 0  9996
2 42238 070.9757 195.3485 0122159 187.4942 172.4364 14.21923977750381
1 42285U 95015HB  18242.20671603  .00000662  00000-0  40425-3 0  9995
2 42285  98.8688 234.9254 0038669 184.6504 175.4312 14.09044331165227
1 41685U 07052S   17118.22263069  .00174662  00000-0  21841+0 0  9997
2 41685  65.5686  49.1062 5735656  25.2129 354.2492  4.30107044 36272
1 41740U 09055H   18242.04670478  .00002802  00000-0  85476-3 0  9993
2 41740  98.5896 326.5811 0006875 165.1102 195.0291 14.42719541111065
1 41719U 15020G   18241.52492601  .00000054  00000-0  19182-3 0  9998
2 41719  82.4934 317.8579 0221339 252.6009 105.0779 12.75062438149403
1 42269U 95015GK  18241.02191053 +.00002313 +00000-0 +44522-3 0  9999
2 42269 098.6729 315.4107 0130844 048.7056 312.5321 14.59285889179550
1 41661U 00055PA  18242.19277886  .00000740  00000-0  38484-3 0  9994
2 41661  98.9502 331.7071 0033426 169.9027 190.2826 14.17547080122030
1 41700U 10007S   18241.10924367  .00000192  00000-0  49962-2 0  9992
2 41700  65.0471 179.2069 5544163  58.0628 344.2496  4.10595044 61201
1 41703U 10007V   18240.54232243  .00000095  00000-0  99414-3 0  9997
2 41703  65.0548 125.7817 5562297  55.1736 345.4148  4.30072766 54989
1 41824U 99025EYB 18241.14983695  .00000707  00000-0  41075-3 0  9999
2 41824  98.9283 297.9699 0064020 242.2357 117.2313 14.10946639 97151
