1 31627U 99025CAH 18241.36069716  .00000434  00000-0  20954-3 0  9992
2 31627  98.7746 284.3942 0060635 356.8807   3.1984 14.22758753584894
1 31628U 99025CAJ 18241.55228927  .00000405  00000-0  43690-3 0  9995
2 31628 102.2747   6.3349 0184083   6.5105 353.8365 13.75059302568277
1 31629U 99025CAK 18242.41463808  .00001026  00000-0  76459-3 0  9990
2 31629 102.1506 111.1191 0135040  74.4264 287.1745 13.94217805575723
1 31630U 99025CAL 18239.32067024  .00000905  00000-0  10651-3 0  9995
2 31630  97.8826  76.5455 0320567 198.8444 160.0668 14.56896225598128
1 31631U 99025CAM 18242.12808172  .00001609  00000-0  90526-3 0  9996
2 31631  99.3085 335.9407 0190277 277.4836  80.4748 14.03253357573902
1 31632U 99025CAN 18242.38560274  .00001754  00000-0  39843-3 0  9999
2 31632  99.0171  98.2563 0136937 142.7800 343.0043 14.51815629592328
1 31633U 99025CAP 18242.40133171 -.00000054  00000-0 -69509-5 0  9993
2 31633  98.9791 297.8833 0066790  33.0634 327.4680 14.01155560578961
1 31634U 99025CAQ 18241.14908493 -.00000039  00000-0  46438-5 0  9999
2 31634  99.3334 201.9317 0093679 135.5704 225.3018 13.92517768575728
1 31635U 99025CAR 18241.74436339 +.00000981 +00000-0 +37676-3 0  9998
2 31635 099.4473 235.7184 0053510 107.8751 252.8275 14.32235022241034
1 31636U 99025CAS 18240.28466644  .00003396  00000-0  16059-3 0  9994
2 31636  98.8928  57.0592 0163920 130.0618 231.5115 15.09141275612320
1 31637U 99025CAT 18217.61194685  .00000834  00000-0  36306-3 0  9990
2 31637  99.1044 354.5903 0059813  48.5919 312.0378 14.25906054580047
1 31639U 99025CAV 18241.77094400 +.00000029 +00000-0 +56016-4 0  9997
2 31639 098.7832 343.4451 0162978 178.6754 336.2546 13.84229551568532
1 31640U 99025CAW 18241.09960902 +.00002114 +00000-0 +14630-3 0  9995
2 31640 099.2297 110.2033 0181773 220.4814 138.2762 14.94820686310698
1 31642U 99025CAY 18242.03040997  .00000138  00000-0  66271-4 0  9998
2 31642  98.6348 327.1024 0128423 165.0256 195.4785 14.28831375590465
1 31643U 99025CAZ 18236.85474814  .00000481  00000-0  35377-3 0  9994
2 31643  98.3365 246.7836 0100323 246.5361 236.6776 13.97540698575685
1 31644U 99025CBA 18240.55315022  .00000372  00000-0  91712-4 0  9997
2 31644  98.6112 355.5941 0210327 346.8688  71.5861 14.46121158595344
1 31646U 99025CBC 18240.89669014 +.00000160 +00000-0 +11550-3 0  9995
2 31646 098.9712 271.5928 0035257 187.7823 172.2804 14.10055316256328
1 31647U 99025CBD 18241.93669843  .00000787  00000-0  42125-3 0  9999
2 31647  98.0616 136.9316 0177531 312.9403  45.6990 14.07893691578100
1 31648U 99025CBE 18242.35968236  .00000242  00000-0  23178-3 0  9998
2 31648 102.8185  52.8778 0067503 304.3968  55.0808 13.94996735574255
1 31649U 99025CBF 18242.37608451  .00000087  00000-0  11996-3 0  9993
2 31649  98.1889 300.6922 0284971  96.1400 267.2289 13.60655276561066
1 31650U 99025CBG 18206.41692044 +.00002155 +00000-0 +58253-3 0  9996
2 31650 095.2172 260.5988 0236949 335.4896 023.5175 14.32951436251506
1 31652U 99025CBJ 18241.07567813 +.00002778 +00000-0 +76795-3 0  9996
2 31652 095.9353 345.6227 0128458 105.4124 256.1305 14.42343101587406
1 31653U 99025CBK 18170.56598013 +.00001301 +00000-0 +42076-3 0  9994
2 31653 096.6658 282.2079 0108763 331.5115 028.0158 14.36891281577718
1 31654U 99025CBL 16335.87924782 -.07214280  00000-0  00000+0 0  9993
2 31654  97.5658 298.9789 0078558  65.0753 295.9170 15.48867629478437
1 31655U 99025CBM 18241.69250494 -.00000009 +00000-0 +35282-4 0  9994
2 31655 099.2936 312.8119 0331499 034.3127 116.5724 13.47608515237372
1 31656U 99025CBN 18240.44165775  .00000765  00000-0  36860-3 0  9994
2 31656  99.2278  57.5931 0034341 151.0662 239.0411 14.21614812584845
1 31657U 99025CBP 18242.21000717  .00000591  00000-0  55730-3 0  9990
2 31657 102.2384  25.5403 0176594 288.4593  69.7427 13.80841834568266
1 31658U 99025CBQ 18241.66234731 +.00000420 +00000-0 +33394-3 0  9997
2 31658 098.1660 033.2260 0267070 123.4060 239.2951 13.79914959329573
1 31659U 99025CBR 18241.82938450  .00000831  00000-0  14126-3 0  9993
2 31659  99.0613 242.2805 0181844 133.0779 228.5804 14.62083651599337
1 31660U 99025CBS 18241.36602750  .00000182  00000-0  99258-4 0  9994
2 31660  98.6913 280.2766 0112247 351.0335   8.8836 14.20184238585545
1 31661U 99025CBT 18241.65152598 +.00000615 +00000-0 +35337-3 0  9995
2 31661 099.0437 273.7742 0069464 223.1950 259.0139 14.11961911580471
1 31662U 99025CBU 10221.73015106 -.00000041 +00000-0 +15524-5 0  9990
2 31662 098.9687 199.0028 0048105 056.7627 302.2132 14.03367415171755
1 31663U 99025CBV 18241.85063272  .00000143  00000-0  28173-4 0  9996
2 31663  98.9163 244.9811 0220856 219.8614 138.6187 14.65829288603781
1 31664U 99025CBW 18241.04194660 +.00000100 +00000-0 +79088-4 0  9998
2 31664 098.8542 274.1077 0131042 109.3726 252.1662 14.06940182585349
1 31665U 99025CBX 18236.29083691 +.00000251 +00000-0 +25211-3 0  9996
2 31665 098.4781 162.3484 0198780 227.9831 293.2072 13.77338229564109
1 31666U 99025CBY 18241.40739540 +.00000836 +00000-0 +31170-3 0  9997
2 31666 098.6959 310.7222 0061232 203.9312 155.9023 14.33595219588672
1 31667U 99025CBZ 18242.06847057  .00000091  00000-0  62540-4 0  9993
2 31667  98.9138 353.3801 0054421 135.3099 225.2482 14.20422933586253
1 31668U 99025CCA 18228.47174102 +.00001798 +00000-0 +45318-3 0  9995
2 31668 096.5450 307.9400 0090636 310.9055 048.4319 14.49524506588544
1 31670U 99025CCC 18241.72282598  .00000536  00000-0  57859-3 0  9992
2 31670  98.4239  61.2317 0268265 157.6963 203.6111 13.62309205559756
1 31671U 99025CCD 11106.28784769 +.00000788 +00000-0 +53306-3 0  9996
2 31671 099.1906 122.5605 0101331 133.2425 228.3225 14.00829917204746
1 31672U 99025CCE 18241.03471903 +.00000820 +00000-0 +33063-3 0  9995
2 31672 098.8369 332.9037 0159338 189.6005 170.2118 14.24049083268000
1 31673U 99025CCF 18240.11649337 +.00000074 +00000-0 +45509-4 0  9992
2 31673 099.3447 207.7860 0132965 129.2919 232.0140 14.27954386268486
1 31674U 99025CCG 18235.08209714  .00000878  00000-0  44518-3 0  9994
2 31674  98.8702 186.4374 0041394  88.3425 272.2491 14.18187392583862
1 31675U 99025CCH 18240.06044550  .00001203  00000-0  65915-3 0  9991
2 31675  98.4429 318.9922 0132554  64.2710 297.2076 14.09186280577588
1 31676U 99025CCJ 18239.37969798 -.00000082  00000-0 -63416-4 0  9995
2 31676  98.6003 305.4537 0414304  18.9593 342.6457 13.31380576547463
1 31677U 99025CCK 07169.86885332 +.00000222 +00000-0 +14573-3 0  9994
2 31677 099.0638 160.9698 0027495 163.5132 196.6940 14.11920022006012
1 31678U 99025CCL 18240.19394222 +.00000455 +00000-0 +11366-3 0  9991
2 31678 098.9832 235.8545 0346188 281.4931 074.7570 14.26898453586904
1 31679U 99025CCM 18241.29207565 +.00001114 +00000-0 +33389-3 0  9999
2 31679 098.9756 067.3045 0076082 126.1035 234.7229 14.43270392204974
1 31680U 99025CCN 18242.22963194  .00000680  00000-0  89641-4 0  9992
2 31680  99.8710  47.9159 0178898 218.3052 140.5332 14.74571311607040
1 31682U 99025CCQ 18240.96191043  .00003504  00000-0  79569-3 0  9994
2 31682  98.7243 298.8215 0033444  45.9562 314.4381 14.56349715589471
1 31683U 99025CCR 18242.27617377  .00001001  00000-0  31054-3 0  9991
2 31683  98.7596 255.1432 0074450  44.4525 316.2605 14.41828699589415
1 31684U 99025CCS 18236.36832304  .00000515  00000-0  31623-3 0  9995
2 31684  99.0309 299.6918 0057576 287.8056  71.6837 14.09416641577416
1 31685U 99025CCT 18241.90375179 -.00000070 +00000-0 -14250-4 0  9990
2 31685 099.0397 265.9574 0017212 157.0053 323.9265 14.08854910576024
1 31686U 99025CCU 18242.40455038  .00000325  00000-0  48831-4 0  9993
2 31686  98.4639 310.7636 0391100 321.8321  92.7277 14.41550300593661
1 31687U 99025CCV 17278.30914198  .00000903  00000-0  43183-3 0  9994
2 31687  98.9352 308.3899 0006006 190.3166 169.7888 14.21681365540295
1 31688U 99025CCW 18242.22081538 -.00000132  00000-0 -55253-4 0  9999
2 31688  99.2895 253.3648 0071109 289.2751  70.0731 14.01311412580631
1 31690U 99025CCY 18239.06957974  .00002434  00000-0  72329-3 0  9993
2 31690  98.8219 343.6700 0026430 304.9367  54.9339 14.43978169591446
1 31691U 99025CCZ 18241.97429467  .00000621  00000-0  37616-3 0  9994
2 31691  99.0323 290.9474 0075685 208.6451 151.0550 14.08758323581439
1 31692U 99025CDA 18241.83109468  .00000074  00000-0  85030-4 0  9992
2 31692  99.1582 193.2918 0113480 213.6774 145.7140 13.94314148580954
1 31695U 99025CDD 18241.95093743 +.00000564 +00000-0 +12103-3 0  9990
2 31695 098.5530 296.0827 0267891 079.9545 283.1756 14.42584244274049
1 31696U 99025CDE 18240.90348865 +.00000391 +00000-0 +33882-3 0  9998
2 31696 097.8012 286.4399 0155293 204.8084 154.5553 13.85502998252092
1 31709U 99025CDG 18241.83644848  .00000989  00000-0  55407-3 0  9996
2 31709  98.0310  97.8685 0191788  25.8121 335.2467 14.03647677563806
1 31710U 99025CDH 18240.70059818  .00004303  00000-0  24732-3 0  9991
2 31710  98.9984  44.3101 0095523 353.3429   6.6519 15.09389124608134
1 31711U 99025CDJ 18242.08903166  .00004871  00000-0  42017-3 0  9995
2 31711  99.0337 292.4277 0062434 119.6632 272.5216 14.96368819600215
1 31714U 99025CDM 18240.21729163  .00001258  00000-0  58019-3 0  9999
2 31714  99.0420 337.0876 0062173 156.9082 267.3336 14.21863181579181
1 31715U 99025CDN 18239.06052526  .00000396  00000-0  12261-3 0  9994
2 31715  99.2455 181.6581 0241962 326.4322  32.1725 14.32313909588353
1 31716U 99025CDP 18238.38763162  .00000468  00000-0  35836-3 0  9997
2 31716  98.5389 294.8924 0145672 313.1316 106.5595 13.93030104570022
1 31717U 99025CDQ 18242.30978273  .00000980  00000-0  64850-3 0  9993
2 31717  96.9179 271.8187 0207664 218.5963 140.0204 13.93117350574353
1 31718U 99025CDR 18065.03339915 +.00008746 +00000-0 +64948-3 0  9997
2 31718 096.6491 354.1703 0050549 076.5762 284.1093 15.02179894476141
1 31719U 99025CDS 18241.87953854 +.00001005 +00000-0 +84242-3 0  9990
2 31719 097.5542 112.3212 0213818 349.9285 009.7620 13.79911794219276
1 31720U 99025CDT 18241.45049825  .00000404  00000-0  10154-3 0  9993
2 31720  99.1127 236.6935 0133863 265.1075  93.4823 14.52568225595961
1 31721U 99025CDU 18241.75495216  .00000056  00000-0  79456-4 0  9990
2 31721  99.5102 172.0479 0327006 224.1028 164.8759 13.70152766561986
1 31722U 99025CDV 18239.28251337  .00001679  00000-0  51404-3 0  9994
2 31722 101.9621  36.1593 0021456 116.7246   3.5982 14.43809045586407
1 31723U 99025CDW 18237.46144761  .00001082  00000-0  76336-3 0  9994
2 31723  97.8305 322.3327 0144547 189.2443 170.6056 13.94777264569418
1 31724U 99025CDX 18241.48556368 +.00000681 +00000-0 +29582-3 0  9997
2 31724 097.8969 121.2428 0213685 222.9875 135.4435 14.15426860266081
1 31725U 99025CDY 18242.10069191  .00001051  00000-0  18698-2 0  9998
2 31725  99.1987 194.0738 0711377 144.9351 220.0784 12.72361923525751
1 31726U 99025CDZ 18242.32010684  .00000293  00000-0  16375-3 0  9994
2 31726  99.0169 285.8770 0256197 264.4261 157.5672 14.03194673579863
1 31727U 99025CEA 18235.65846931  .00000464  00000-0  25766-3 0  9999
2 31727  98.9450 294.8683 0048174  86.6263  64.4487 14.15462911577750
1 31729U 99025CEC 18223.48067332  .00000811  00000-0  52507-3 0  9998
2 31729  99.2485 312.8005 0088619 170.1525 190.1404 14.03850916570573
1 31731U 99025CEE 18241.81204206 +.00000633 +00000-0 +32521-3 0  9997
2 31731 099.3192 096.6962 0014916 121.6364 238.6268 14.19173664579257
1 31732U 99025CEF 18242.38628419  .00000020  00000-0  36475-4 0  9990
2 31732  98.8718 317.2310 0041300 224.8013 134.9820 14.09475042579862
1 31733U 99025CEG 18242.13311191  .00001001  00000-0  13097-3 0  9994
2 31733  99.0795 356.0432 0119252 348.6255  11.2261 14.78501745599620
1 31734U 99025CEH 18242.28511615  .00000137  00000-0  73372-4 0  9996
2 31734  98.6024 276.1482 0109806 232.9808 126.1286 14.24351566585860
1 31735U 99025CEJ 18242.01231744  .00000488  00000-0  19622-3 0  9996
2 31735  98.6398 323.9807 0070989 238.4906 120.9329 14.31224195585827
1 31736U 99025CEK 18242.31448048  .00000011  00000-0  29667-4 0  9990
2 31736  98.8519 270.1787 0011142 255.8799 104.1135 14.12758902581321
1 31737U 99025CEL 18242.05102032  .00000240  00000-0  55668-4 0  9996
2 31737  98.2440 312.5416 0186032  35.8986  80.8585 14.54009738594521
1 31738U 99025CEM 18241.88933478  .00000562  00000-0  42600-3 0  9991
2 31738  99.5890 274.5789 0333930 255.4607 100.9288 13.74943940565251
1 31739U 99025CEN 18241.83542246 +.00000014 +00000-0 +26447-4 0  9990
2 31739 099.0374 244.3947 0130259 120.0162 241.4011 14.18058001577518
1 31740U 99025CEP 18241.38589625 +.00000447 +00000-0 +20849-3 0  9993
2 31740 099.8306 038.1058 0031137 041.6207 348.9165 14.26121077270200
1 31741U 99025CEQ 18241.65271221  .00000228  00000-0  10611-3 0  9997
2 31741  99.1494  30.9350 0205320 118.2616 243.9449 14.19532187582417
1 31742U 99025CER 18241.10319605  .00000377  00000-0  15597-3 0  9990
2 31742  98.7832 351.4138 0087488 201.1684 158.5869 14.30359524587275
1 31743U 99025CES 18242.36705312  .00000665  00000-0  36010-3 0  9997
2 31743  99.2077  28.4478 0041910 222.3047 167.0293 14.15726954581716
1 31744U 99025CET 18242.29680465  .00000475  00000-0  21998-3 0  9999
2 31744  99.4390 270.0614 0410449  85.2527 279.5366 13.88893702575785
1 31745U 99025CEU 18215.59395745 +.00000295 +00000-0 +11992-3 0  9990
2 31745 096.7607 146.8693 0476209 340.2804 018.0476 13.84767757166210
1 31746U 99025CEV 18240.42538403  .00000973  00000-0  37574-3 0  9998
2 31746  98.6894 305.2920 0044743 242.5905 175.6213 14.31928435587125
1 31750U 99025CEZ 18229.58661541 +.00000686 +00000-0 +18731-3 0  9992
2 31750 098.7638 007.9035 0107924 003.4499 356.7412 14.47390600083929
1 31751U 99025CFA 18240.51865280  .00001327  00000-0  44275-3 0  9990
2 31751  98.8684 337.5200 0062605  64.5328 296.2317 14.38138543588156
1 31752U 99025CFB 18232.62164920 -.00000013 +00000-0 +17804-4 0  9998
2 31752 098.9252 018.5616 0405338 327.2874 030.6656 13.79292214066747
1 31753U 99025CFC 18240.86875177  .00000082  00000-0  57156-4 0  9996
2 31753  98.9558 266.3034 0164369 225.9945 260.3014 14.15709091584048
1 31754U 99025CFD 18241.96476284  .00000302  00000-0  13606-3 0  9991
2 31754  99.1100  59.8293 0062047  44.3236 316.2888 14.28836879588888
1 31755U 99025CFE 18241.94409904 +.00000013 +00000-0 +30218-4 0  9993
2 31755 098.8822 273.6950 0195027 303.0187 176.0864 14.05085280262687
1 31756U 99025CFF 18238.55101123 +.00000927 +00000-0 +43000-3 0  9995
2 31756 099.3453 142.8889 0060078 229.8713 129.7190 14.22488725226642
1 31757U 99025CFG 18239.31504017 -.00000018  00000-0  14012-4 0  9994
2 31757  99.0659 267.3986 0225544 338.2679  20.9033 14.04183642584236
1 31758U 99025CFH 18242.39204953  .00001379  00000-0  37119-3 0  9995
2 31758  98.1395 102.6616 0478382 215.0803 141.7979 13.98331699570017
1 31759U 99025CFJ 18241.48224413  .00002960  00000-0  77462-3 0  9990
2 31759  98.5831 239.1313 0006770  65.8649  85.8304 14.50078552589211
1 31760U 99025CFK 18241.17351029  .00000246  00000-0  12819-3 0  9992
2 31760  99.2477 145.7152 0056646 237.8708 121.6964 14.23279431584118
1 31761U 99025CFL 18241.96128916 +.00000571 +00000-0 +18355-3 0  9999
2 31761 098.6428 251.9737 0576395 325.0960 031.3631 13.76502567213040
1 31763U 99025CFN 18242.23754167 -.00000171  00000-0 -90097-4 0  9997
2 31763  98.5239 349.0935 0575621  67.8738 326.9415 13.42825257553637
1 31764U 99025CFP 12296.47618688 +.00001733 +00000-0 +12488-2 0  9993
2 31764 098.1533 024.1924 0256818 055.6463 309.3154 13.83258966274811
1 31765U 99025CFQ 18241.95504966 +.00001846 +00000-0 +10728-2 0  9996
2 31765 098.9815 054.7190 0274271 054.1079 096.8360 13.92655765565545
1 31766U 99025CFR 18240.32832624 -.00000268  00000-0 -13795-3 0  9999
2 31766  98.9522 268.1666 0075539 177.4014 182.7560 14.04052855582141
1 31767U 99025CFS 18241.54994583 -.00000153 +00000-0 -67878-4 0  9993
2 31767 099.1371 264.5957 0040551 278.4105 235.9838 14.03606600574680
1 31768U 99025CFT 18241.57285498 +.00000794 +00000-0 +28194-3 0  9991
2 31768 099.0882 098.7753 0055411 344.0190 046.5151 14.36559846584111
1 31769U 99025CFU 18238.51629250  .00001033  00000-0  60392-3 0  9993
2 31769  98.5096 339.2951 0109763 196.5506 163.2070 14.07431336579793
1 31770U 99025CFV 18241.90313837  .00003134  00000-0  63978-3 0  9990
2 31770  97.6997 119.3734 0136470 216.2371 206.2490 14.55829794589715
1 31771U 99025CFW 18242.18562005  .00001534  00000-0  53659-3 0  9992
2 31771 102.8046  22.8597 0023973  26.4650 333.7739 14.37658671587230
1 31772U 99025CFX 18237.04669037  .00000110  00000-0  88966-4 0  9994
2 31772  98.4740 310.6462 0154111  99.3859 262.4767 14.01067268573545
1 31773U 99025CFY 18235.71894944  .00000619  00000-0  21930-3 0  9995
2 31773  99.0059  50.1389 0072126 202.8228 156.9746 14.36879211586923
1 31774U 99025CFZ 18234.35703487  .00000485  00000-0  30113-3 0  9990
2 31774  98.9514 274.2830 0073097 205.1212 154.6394 14.08497558576208
1 31775U 99025CGA 11226.67471454 -.00000167 +00000-0 -82847-4 0  9997
2 31775 099.0335 196.6010 0053942 207.4914 152.3213 13.99704455215661
1 31776U 99025CGB 18242.13941267  .00000331  00000-0  22170-3 0  9991
2 31776  99.1180 219.4056 0061804 224.4146 198.3657 14.07108077577646
1 31777U 99025CGC 15055.29453299 +.00003519 +00000-0 +72569-3 0  9999
2 31777 099.0151 219.8281 0050484 353.8557 010.9187 14.60387688404779
1 31778U 99025CGD 09048.84830456 -.00000053 +00000-0 -45392-5 0  9998
2 31778 099.2891 060.5851 0046215 216.8807 142.7455 14.00453805088320
1 31779U 99025CGE 18241.85045367 +.00000107 +00000-0 +43819-4 0  9993
2 31779 099.3753 259.8275 0231813 004.7029 355.6257 14.35111341587842
1 31780U 99025CGF 18241.88838146  .00000245  00000-0  54793-4 0  9999
2 31780  99.2962  35.2852 0177806 192.2620 167.4221 14.58339585597728
1 31781U 99025CGG 18241.02407997  .00001237  00000-0  85737-3 0  9995
2 31781  99.4683 316.8313 0271861 234.6302 122.9175 13.84639775570889
1 31782U 99025CGH 18242.23300351  .00000184  00000-0  85081-4 0  9999
2 31782  98.6916 339.1825 0086531 239.0278 150.6981 14.30099267587064
1 31783U 99025CGJ 18241.67784529 -.00000039  00000-0  30279-5 0  9990
2 31783  98.9027 306.1432 0107828 341.3862 170.1974 14.05042040576558
1 31784U 99025CGK 18242.06019766  .00002079  00000-0  73860-3 0  9995
2 31784  99.0277 338.2137 0029708 256.2416 103.5460 14.35296269582650
1 31785U 99025CGL 18242.36970583  .00013483  00000-0  70265-3 0  9999
2 31785  96.5313 105.7461 0025256  18.0769 342.1358 15.15792864598239
1 31786U 99025CGM 18234.90344650  .00000683  00000-0  47872-3 0  9997
2 31786  97.6991 274.4518 0117162  95.6527 265.8014 13.97605932570396
1 31787U 99025CGN 18242.01079515  .00001406  00000-0  36120-3 0  9992
2 31787  98.5979 317.4562 0110159 338.2593  21.3943 14.48315834600473
1 31788U 99025CGP 18242.46052351  .00000209  00000-0  27844-3 0  9994
2 31788 102.5609  97.7433 0505962  78.8624  35.2420 13.30755987552227
1 31794U 07029C   18242.05238294  .00000051  00000-0  89257-4 0  9993
2 31794  71.0404  89.0215 0205856  33.7526 120.1641 13.71036693558988
1 31795U 07029D   18241.92106205 -.00000066 +00000-0 -24693-4 0  9996
2 31795 070.9455 092.6962 0222027 125.0851 342.0396 13.67867796557653
1 31796U 07029E   18241.87910986 +.00000135 +00000-0 +17562-3 0  9991
2 31796 071.0425 127.6869 0214188 082.3803 358.1618 13.68189288557771
1 31799U 07029F   18241.82945866  .00000041  00000-0  84777-4 0  9993
2 31799  70.9413 117.8139 0227100 171.3951 264.4556 13.65750802556560
1 31802U 99025CGQ 18241.85823793  .00000611  00000-0  66000-4 0  9994
2 31802  98.3194 266.9523 0178639 245.3863 112.8647 14.81787911601438
1 31804U 99025CGS 18242.24118703  .00000210  00000-0  15219-3 0  9998
2 31804  98.3016 240.4211 0159175 118.7388 242.9876 13.99226375573609
1 31805U 99025CGT 18238.42059439  .00000208  00000-0  87729-4 0  9997
2 31805  98.3982 104.6325 0554997 273.4742  80.3118 13.74811669561534
1 31806U 99025CGU 18194.07496153 -.00000029 +00000-0 +00000-0 0  9993
2 31806 097.7430 058.8338 0365675 036.4273 326.1637 13.63828322000019
1 31807U 99025CGV 18240.57025167 +.00000302 +00000-0 +10267-3 0  9996
2 31807 099.0429 158.4704 0126886 116.4957 244.9307 14.39781940269032
1 31808U 99025CGW 18240.35055270  .00000981  00000-0  59965-3 0  9992
2 31808  99.2281 290.8910 0090374  97.9269 263.2167 14.06332059573529
1 31809U 99025CGX 18233.67503240 +.00003274 +00000-0 +71988-3 0  9992
2 31809 098.8373 032.8175 0028305 086.1268 274.3164 14.58013844271438
1 31810U 99025CGY 18241.35732270  .00000334  00000-0  98568-4 0  9993
2 31810  98.5469 282.5235 0247961 186.6121 173.1773 14.33912664588512
1 31812U 99025CHA 18181.44744223 -.00000093 +00000-0 -32528-4 0  9997
2 31812 099.0127 256.4384 0069096 214.8113 144.8521 14.00339434305102
1 31813U 99025CHB 18242.11741061  .00000263  00000-0  86985-4 0  9990
2 31813  99.4256 352.8177 0154891 201.9121 157.5394 14.41079136597618
1 31814U 99025CHC 18240.28627320 +.00000131 +00000-0 +18322-3 0  9991
2 31814 099.8304 249.3570 0234467 159.5003 201.5741 13.64078019254663
1 31815U 99025CHD 18242.33827573 -.00000073  00000-0 -16773-4 0  9998
2 31815  98.7922 269.7712 0059066 358.7167   1.3843 14.09777485580345
1 31816U 99025CHE 18241.49690157  .00000320  00000-0  28695-3 0  9999
2 31816  98.8212  79.0601 0129462 207.6265 182.4643 13.87444899568763
