1 30628U 99025ANK 18241.92707851 +.00000638 +00000-0 +24541-3 0  9995
2 30628 099.3819 223.4527 0037203 108.5863 251.9365 14.33907228601097
1 30629U 99025ANL 18242.19703279  .00000957  00000-0  42369-3 0  9998
2 30629  99.2706 113.2385 0010316 352.3444 129.7118 14.25712436598123
1 30630U 99025ANM 18242.22483207  .00000238  00000-0  15003-3 0  9997
2 30630  98.9522 340.0637 0030018  54.0314 327.0746 14.13315839595524
1 30631U 99025ANN 18241.97485163  .00001110  00000-0  47752-3 0  9998
2 30631  99.0401   3.1490 0051172  95.9104 329.6007 14.26070057597605
1 30632U 99025ANP 18241.78389148 +.00000502 +00000-0 +24463-3 0  9992
2 30632 098.9027 291.5238 0027943 054.2171 011.8618 14.22452630596178
1 30633U 99025ANQ 18241.64591029 +.00000452 +00000-0 +32423-3 0  9990
2 30633 098.4161 278.8714 0142160 169.3019 316.4658 13.96735475588190
1 30634U 99025ANR 18241.78306344  .00000769  00000-0  57247-3 0  9992
2 30634  99.1652 175.6047 0148107 172.4037 242.0057 13.92926653585627
1 30636U 99025ANT 18241.92394834 +.00001814 +00000-0 +14157-3 0  9996
2 30636 098.7380 216.7474 0062759 160.9643 199.3944 15.01201301618327
1 30637U 99025ANU 18241.79661551  .00001027  00000-0  19331-3 0  9990
2 30637  98.9130 178.2781 0086422 213.1969 200.1548 14.64801039611282
1 30639U 99025ANW 18241.75743741  .00000867  00000-0  50877-3 0  9991
2 30639  99.0931 281.9688 0091370 247.2693 111.8800 14.08872485591381
1 30640U 99025ANX 18242.23928248  .00000744  00000-0  48657-3 0  9991
2 30640  99.2321 242.4845 0091099 301.0641 190.2826 14.03535387590352
1 30641U 99025ANY 18241.59600229 +.00000355 +00000-0 +67549-4 0  9996
2 30641 099.0118 253.9397 0177557 050.7733 068.5093 14.61870964615402
1 30642U 99025ANZ 18241.82376198  .00001952  00000-0  37158-3 0  9994
2 30642  99.0188 189.7023 0061422   5.4950  46.6165 14.64238017609582
1 30645U 99025APC 18241.99160868  .00005435  00000-0  50469-3 0  9990
2 30645  98.9787 251.1185 0041527  98.0264 314.6770 14.94254557614127
1 30646U 99025APD 18241.88691376 +.00000353 +00000-0 +24396-3 0  9996
2 30646 098.9282 303.7882 0049247 311.5205 048.1743 14.05022103591924
1 30647U 99025APE 18242.35586819  .00000780  00000-0  33333-3 0  9990
2 30647  99.0205  19.9007 0047279  18.0760  34.9190 14.27380672599058
1 30648U 99025APF 18242.16039089  .00000583  00000-0  26850-3 0  9999
2 30648  98.7922 299.1187 0047480   2.3026  55.5964 14.24337763598661
1 30649U 99025APG 18241.93108885 +.00000679 +00000-0 +37826-3 0  9996
2 30649 098.9360 307.4792 0064163 213.7097 198.5912 14.13385304593509
1 30650U 99025APH 18241.87131779 +.00000473 +00000-0 +32593-3 0  9997
2 30650 099.1439 199.8037 0085444 009.0871 015.7006 14.02513463588962
1 30652U 99025APJ 18241.72595757 +.00000084 +00000-0 +77560-4 0  9995
2 30652 099.1102 262.1241 0008843 153.8384 271.5582 14.07028223592536
1 30654U 99025APL 18242.39796462  .00000267  00000-0  18202-3 0  9997
2 30654  99.3186  33.4912 0036578 316.4010  43.4269 14.08547263591779
1 30655U 99025APM 18241.80783750  .00001236  00000-0  53120-3 0  9994
2 30655  98.7666 187.2578 0018778 265.9842 154.4569 14.26429216595086
1 30656U 99025APN 18241.72186579  .00000920  00000-0  47415-3 0  9991
2 30656  98.9772 322.4212 0054793 176.6421 183.5131 14.16917988592894
1 30657U 99025APP 18241.78977289  .00000659  00000-0  34588-3 0  9990
2 30657  98.9996 273.8651 0024532  90.2877 330.4355 14.17602663593785
1 30658U 99025APQ 18241.71903581 +.00000352 +00000-0 +34401-3 0  9992
2 30658 098.4787 156.6363 0200257 258.9060 168.6135 13.76649856579717
1 30659U 99025APR 18242.24063682  .00001305  00000-0  14318-3 0  9995
2 30659  99.0225 351.3477 0153796 231.5071 190.7162 14.81772667619586
1 30660U 99025APS 18241.59269778 +.00000402 +00000-0 +65367-4 0  9996
2 30660 098.4144 268.2269 0196776 123.1360 003.2602 14.64904060616723
1 30661U 99025APT 18241.86305085  .00000024  00000-0  31870-4 0  9991
2 30661  99.4412 202.0877 0147540 341.7129  17.8772 14.19254140601539
1 30662U 99025APU 18241.90218075  .00000599  00000-0  36357-3 0  9990
2 30662  99.0650 213.2687 0038822 205.3694 209.7430 14.09853394590543
1 30663U 99025APV 18240.00954388 +.00001007 +00000-0 +89442-3 0  9993
2 30663 099.2741 077.6072 0708783 344.8798 013.2070 13.07805288541215
1 30664U 99025APW 18241.81250966  .00002160  00000-0  39304-3 0  9998
2 30664  98.9931 180.2210 0050916 345.4943  14.4794 14.66508606607102
1 30665U 99025APX 18242.74123861  .00000636  00000-0  44934-3 0  9996
2 30665  99.0424 170.6587 0090835   0.4472  28.9904 13.99614405586931
1 30666U 99025APY 18241.66976670 -.00000106  00000-0 -41875-4 0  9997
2 30666  98.9288 277.4727 0059731 354.0246 132.0212 14.00306283588450
1 30667U 99025APZ 18241.90059540 +.00002380 +00000-0 +12795-3 0  9995
2 30667 098.8948 017.9954 0093537 303.1345 056.0932 15.12533448621797
1 30668U 99025AQA 18241.82150757  .00000785  00000-0  53907-3 0  9996
2 30668  99.2509 243.3619 0093329  45.7830  76.1210 14.00450502587222
1 30669U 99025AQB 18242.23872247  .00000282  00000-0  23385-3 0  9997
2 30669  98.6429 322.2294 0140032 356.8541  68.3464 13.91770289583611
1 30670U 99025AQC 18242.55062392  .00000007  00000-0  26918-4 0  9997
2 30670  99.0466 257.7551 0040402  72.7246  85.8512 14.14807600595304
1 30671U 99025AQD 18241.57872479  .00000391  00000-0  34384-3 0  9995
2 30671  99.4550 254.1205 0137492 347.9990 127.9235 13.87547781582316
1 30672U 99025AQE 18242.11457322  .00002134  00000-0  26148-3 0  9999
2 30672  99.0576 287.0046 0063534 125.5284 235.1873 14.83075338612270
1 30673U 99025AQF 18241.85081226 +.00000304 +00000-0 +22639-3 0  9994
2 30673 099.2481 257.3566 0051779 307.6221 176.9804 14.02179124592178
1 30674U 99025AQG 18241.91365076 +.00001070 +00000-0 +51344-3 0  9996
2 30674 099.0052 272.1062 0065948 159.0628 201.3271 14.19992227592390
1 30675U 99025AQH 18241.91120233 +.00000685 +00000-0 +38249-3 0  9991
2 30675 098.9260 301.1741 0064337 209.2110 205.6741 14.13191700591931
1 30676U 99025AQJ 18240.37412018  .00000186  00000-0  11755-3 0  9995
2 30676  98.3007  31.4356 0506432 345.9744  12.7764 13.64400660576004
1 30677U 99025AQK 18241.90732369 +.00000545 +00000-0 +24815-3 0  9990
2 30677 098.3146 014.3299 0081102 135.4737 346.7351 14.23644460600038
1 30678U 99025AQL 18242.29012198  .00000736  00000-0  51144-3 0  9992
2 30678  99.0269 166.4815 0105515  86.8482  63.6525 13.99253892585067
1 30679U 99025AQM 18241.96886604  .00000172  00000-0  20003-3 0  9991
2 30679  99.6293 251.3863 0176278 206.9223 217.6545 13.76325592578810
1 30680U 99025AQN 18241.34888256  .00000353  00000-0  50239-3 0  9995
2 30680  99.5484  12.0754 0355152 287.0937  69.1587 13.40261998565289
1 30683U 99025AQR 18242.40318194  .00000334  00000-0  27859-3 0  9996
2 30683  99.2663 186.7110 0156817 215.1109 270.3790 13.89991376585156
1 30684U 99025AQS 18242.05677008  .00000413  00000-0  48615-3 0  9991
2 30684  99.7375 271.2960 0241335 218.3428 158.4871 13.62435979574487
1 30686U 99025AQU 18242.37792927  .00000284  00000-0  69353-4 0  9995
2 30686  98.9918 186.1624 0202397 253.0493 234.2141 14.50083443609392
1 30687U 99025AQV 18242.14105962  .00059541  00000-0  12765-2 0  9991
2 30687  98.9672 306.3948 0008858 284.8819  75.1443 15.44504600616623
1 30688U 99025AQW 18241.83726008  .00000660  00000-0  35236-3 0  9994
2 30688  98.8812 291.9758 0019843  66.6681 353.7608 14.16600477595122
1 30689U 99025AQX 18241.69212007 +.00000111 +00000-0 +84138-4 0  9995
2 30689 098.8040 280.7698 0116821 080.2612 033.1553 14.08143429593996
1 30690U 99025AQY 18241.75006413  .00000100  00000-0  10497-3 0  9990
2 30690  99.1102 160.7575 0115204 146.3227 269.0563 13.92687839586142
1 30691U 99025AQZ 18242.32504213  .00000535  00000-0  48331-3 0  9996
2 30691  98.8541   9.1454 0147680 243.7747 169.9825 13.83256750583184
1 30693U 99025ARB 18241.62521819 +.00000083 +00000-0 +70416-4 0  9999
2 30693 098.7703 279.7706 0031018 174.5986 185.5526 14.10412252593874
1 30694U 99025ARC 18242.27336910  .00000410  00000-0  76493-4 0  9993
2 30694  99.0824 263.3273 0198462 191.3735 168.2944 14.59744624611650
1 30695U 99025ARD 18241.79787464  .00034296  00000-0  89794-3 0  9990
2 30695  98.9178 320.4041 0020679 198.1458 161.9047 15.38431768617526
1 30696U 99025ARE 18241.62150962 +.00000330 +00000-0 +12986-3 0  9991
2 30696 098.6789 280.5127 0108059 115.9313 013.7943 14.32479413601051
1 30697U 99025ARF 18242.05324057  .00000409  00000-0  28000-3 0  9999
2 30697  99.0868 279.3275 0099208  54.9328 335.8246 14.02865896588585
1 30699U 99025ARH 18241.66932720 +.00000748 +00000-0 +34970-3 0  9998
2 30699 099.3105 137.5979 0004910 358.5331 001.5830 14.23646242595830
1 30700U 99025ARJ 18242.33495877  .00000046  00000-0  40339-4 0  9991
2 30700  98.8587 267.6775 0087694 282.5298  76.6080 14.21658162597865
1 30701U 99025ARK 18241.82853331 -.00000041 +00000-0 +24630-5 0  9991
2 30701 099.0556 256.8166 0035756 090.2863 033.1143 14.13788969595050
1 30702U 99025ARL 18242.41065111 -.00000120  00000-0 -52542-4 0  9990
2 30702  99.0314 300.5765 0079218 111.3497 307.1946 13.98100922590480
1 30703U 99025ARM 18241.77547955 +.00000309 +00000-0 +19133-3 0  9995
2 30703 098.9424 172.7315 0135196 216.6666 197.6533 14.08074045589981
1 30704U 99025ARN 18241.76729010 -.00000171 +00000-0 -83873-4 0  9991
2 30704 099.0125 271.2032 0073628 285.5249 134.6770 14.00108953588460
1 30705U 99025ARP 18241.65593300  .00000065  00000-0  12441-3 0  9993
2 30705 102.2042 302.9775 0215260  42.0480 108.3459 13.70657681574948
1 30706U 99025ARQ 18241.88222463 +.00000361 +00000-0 +19780-3 0  9990
2 30706 099.0830 011.7809 0031960 147.1324 213.1846 14.18023791598377
1 30707U 99025ARR 18241.90658819 +.00000572 +00000-0 +33724-3 0  9990
2 30707 099.4282 107.7641 0034962 328.9418 157.1164 14.12032663591264
1 30708U 99025ARS 18241.62376498 +.00000002 +00000-0 +26161-4 0  9996
2 30708 098.9504 268.5801 0008757 170.0917 309.5300 14.10828965592883
1 30709U 99025ART 18241.79199750 +.00000434 +00000-0 +31783-3 0  9993
2 30709 099.0802 176.6007 0103497 084.6814 309.2188 13.98583072586513
1 30710U 99025ARU 18242.22331198  .00000519  00000-0  44574-3 0  9994
2 30710 102.7559 240.7474 0264830 137.0958 284.1447 13.78829944581128
1 30714U 99025ARY 18242.18409365 -.00000032  00000-0  77854-5 0  9995
2 30714  99.0607 311.5200 0073070  86.4447 329.9568 13.98815440588040
1 30715U 99025ARZ 18242.00297635  .00000802  00000-0  53639-3 0  9999
2 30715  99.1825 268.9630 0077116  20.1277 340.2901 14.02518647587789
1 30716U 99025ASA 18242.22078286  .00000630  00000-0  27917-3 0  9992
2 30716  98.8438 318.2311 0053322  13.0235  50.3886 14.25918900596433
1 30717U 99025ASB 18241.95399490 +.00000453 +00000-0 +28592-3 0  9998
2 30717 099.1435 235.4723 0054375 179.0659 181.0621 14.08688972589709
1 30718U 99025ASC 18241.78136104 +.00000438 +00000-0 +26321-3 0  9992
2 30718 099.0665 272.1265 0069267 137.1598 286.3419 14.10934265591389
1 30719U 99025ASD 18241.10451098  .00000797  00000-0  39064-3 0  9997
2 30719  98.9329 291.7012 0014818   9.8488 350.2976 14.20704261594752
1 30720U 99025ASE 18241.79889487  .00000221  00000-0  12222-3 0  9990
2 30720  98.8646 338.6992 0036036  72.3084  53.5013 14.20844537596798
1 30721U 99025ASF 18241.85149368 +.00000775 +00000-0 +32409-3 0  9998
2 30721 098.8030 296.1617 0056256 307.0207 113.4484 14.28176430596098
1 30722U 99025ASG 18242.07709433  .00003220  00000-0  93275-3 0  9995
2 30722  98.3092 189.9852 0317970 320.7654  37.0858 14.19589352584503
1 30723U 99025ASH 18241.95765591 +.00000642 +00000-0 +32496-3 0  9992
2 30723 098.9868 248.2671 0018435 033.5183 025.3856 14.19659156594575
1 30724U 99025ASJ 18242.38821126  .00000145  00000-0  69977-4 0  9991
2 30724  99.2749 201.6395 0102591  33.9997 116.5018 14.31180678605969
1 30725U 99025ASK 18241.96839757 +.00000678 +00000-0 +43150-3 0  9999
2 30725 099.1923 250.5167 0100622 261.0911 158.2734 14.04816634588894
1 30726U 99025ASL 18241.80579611  .00000340  00000-0  25066-3 0  9995
2 30726  99.1163 185.1974 0087838  17.0272  36.4118 14.00539102587296
1 30728U 99025ASN 18241.88672367 -.00000006 +00000-0 +16484-4 0  9992
2 30728 098.7441 268.8518 0098744 248.2488 110.8158 14.22564282598373
1 30730U 99025ASQ 18241.78419983 +.00000409 +00000-0 +22178-3 0  9999
2 30730 098.8773 281.3330 0091467 130.9138 295.5578 14.15705736592689
1 30731U 99025ASR 18241.96305470  .00000774  00000-0  38429-3 0  9996
2 30731  98.9654 234.4286 0021232  21.3261  32.6754 14.20048941594380
1 30732U 99025ASS 18241.77001885 -.00000061 +00000-0 -10339-4 0  9991
2 30732 099.0972 274.1471 0131181 040.3497 021.9344 14.01174110588915
1 30733U 99025AST 18242.42175128  .00001695  00000-0  30328-3 0  9998
2 30733  99.0558 224.9901 0065604 286.8468  72.5545 14.67079938608831
1 30734U 99025ASU 18241.66600702  .00005383  00000-0  39095-3 0  9993
2 30734  98.9673 302.0939 0060164  16.4411 343.8743 15.02961396614129
1 30735U 99025ASV 18242.15196344  .00000637  00000-0  37159-3 0  9997
2 30735  98.9525 298.6497 0071308 251.5076 162.9869 14.10865751591349
1 30736U 99025ASW 18241.35250763 +.00000539 +00000-0 +64130-3 0  9995
2 30736 098.8193 162.9796 0299517 095.2626 030.5591 13.53585987567670
1 30737U 99025ASX 18242.60146780  .00000072  00000-0  59107-4 0  9999
2 30737  98.6830 287.5802 0024291 219.1687 296.2607 14.15287844594116
1 30738U 99025ASY 18241.67339106  .00001225  00000-0  54967-3 0  9991
2 30738  99.3787 126.6232 0059197 276.0255  83.4177 14.23619543593731
1 30739U 99025ASZ 18241.33628766  .00000077  00000-0  63264-4 0  9993
2 30739  98.7606 274.9126 0105271 342.8276  72.6762 14.11594885593057
1 30740U 99025ATA 18237.12223819  .00000526  00000-0  24549-3 0  9998
2 30740  98.8075 293.5513 0047799  25.4272 334.9244 14.24079403595764
1 30741U 99025ATB 18242.28742326  .00000022  00000-0  36390-4 0  9990
2 30741  98.9108 269.4380 0007509 113.7272 306.1045 14.11859430593583
1 30742U 99025ATC 18242.05467319  .00000084  00000-0  83492-4 0  9995
2 30742  99.0696 290.4294 0083705  74.8242 346.0553 14.00696240587555
1 30744U 99025ATE 18241.83777174  .00000958  00000-0  38446-3 0  9993
2 30744  98.8276 284.9932 0017472 294.3817 120.7893 14.30541804597834
1 30745U 99025ATF 18241.96721157 +.00001026 +00000-0 +38958-3 0  9993
2 30745 099.2424 144.5796 0030778 066.0515 357.2393 14.33187209597196
1 30746U 99025ATG 18241.80956799 +.00000345 +00000-0 +17622-3 0  9997
2 30746 098.8635 340.8253 0049710 053.9173 067.9844 14.21434113595770
1 30749U 99025ATK 18242.29169872  .00000115  00000-0  10949-3 0  9992
2 30749  99.1995 265.2488 0058072   7.1572 353.0407 13.99054173588089
1 30750U 99025ATL 18241.94768647 +.00000556 +00000-0 +32015-3 0  9997
2 30750 099.0766 245.3118 0051470 102.3620 315.2159 14.12744282590824
1 30751U 99025ATM 18241.81360883  .00000151  00000-0  12030-3 0  9990
2 30751  99.0500 287.6158 0061564 359.1645  62.5444 14.04717677588317
1 30752U 99025ATN 18241.74819715  .00001168  00000-0  43298-3 0  9995
2 30752  98.8815 320.1992 0027932 266.5947 216.9633 14.34022951597581
1 30753U 99025ATP 18241.62874740 +.00000393 +00000-0 +26670-3 0  9996
2 30753 099.0331 277.5974 0059830 258.8809 100.5627 14.05260858589058
1 30755U 99025ATR 18242.09023808  .00000175  00000-0  65560-4 0  9991
2 30755  98.4300 287.5130 0171934 344.2170  66.9188 14.35758829602017
1 30756U 99025ATS 18241.97413156 +.00000489 +00000-0 +31128-3 0  9997
2 30756 099.1554 245.9487 0081908 218.2514 195.2963 14.06944532588884
1 30758U 99025ATU 18241.92170150 +.00000338 +00000-0 +22460-3 0  9990
2 30758 099.0111 324.4673 0043640 284.2735 135.3267 14.07763404589716
1 30759U 99025ATV 18242.20005976  .00000592  00000-0  26924-3 0  9997
2 30759  99.2715 126.5956 0015362 299.8409 182.2803 14.25842350595727
1 30760U 99025ATW 18241.86528918 +.00000366 +00000-0 +25894-3 0  9990
2 30760 098.9516 270.7231 0053740 218.2125 141.5227 14.03392706588725
1 30761U 99025ATX 18242.18308962  .00000248  00000-0  11705-3 0  9997
2 30761  99.0652  35.3219 0097028  94.3959 266.8313 14.26120725597671
1 30762U 99025ATY 18242.37164531 -.00000074  00000-0 -19922-4 0  9990
2 30762  99.0185 284.2393 0206157  64.4966 354.3876 13.94819542585515
1 30763U 99025ATZ 18241.89455288  .00001138  00000-0  56048-3 0  9998
2 30763  98.8827 216.8055 0040308  86.8459 326.3990 14.19136529591452
1 30764U 99025AUA 18241.88247866 +.00000539 +00000-0 +62601-4 0  9996
2 30764 098.8250 250.4996 0189187 069.8724 047.5661 14.78428079616449
1 30765U 99025AUB 18241.56917831 +.00000208 +00000-0 +14474-3 0  9995
2 30765 099.0584 272.2311 0075019 145.8134 007.6384 14.08047261594351
1 30766U 99025AUC 18242.41111178  .00000007  00000-0  30703-4 0  9992
2 30766  98.8902 295.5335 0087873 354.9941  71.3028 14.04146115593544
1 30768U 99025AUE 18242.13445861  .00000514  00000-0  23712-3 0  9996
2 30768  98.7879 295.3775 0037151 347.5167  65.8294 14.24986354599005
1 30770U 99025AUG 18241.97316358 +.00000086 +00000-0 +69925-4 0  9999
2 30770 098.8655 271.9117 0012782 308.8606 167.1491 14.12878314592991
1 30771U 99025AUH 18241.78362875  .00000864  00000-0  45443-3 0  9996
2 30771  98.8059 166.3904 0035518  46.4869 313.9248 14.16354887592448
1 30783U 99057NS  18242.14015095  .00000056  00000-0  34167-4 0  9999
2 30783  98.1874 107.9941 0050457 142.5795 342.6452 14.33578392601407
1 30789U 99057NY  18241.83683519 +.00000393 +00000-0 +13109-3 0  9998
2 30789 098.4952 192.3274 0008799 046.4557 007.0219 14.42819400604224
1 30791U 99057PA  18241.86170376 +.00000474 +00000-0 +14514-3 0  9997
2 30791 098.4867 202.1917 0006405 029.7099 022.7991 14.46156523605173
1 30792U 99057PB  18242.09056988  .00000023  00000-0  23275-4 0  9991
2 30792  98.5319 181.0497 0007880 122.5965 294.0228 14.35503123602834
1 30800U 99025AUJ 18242.33771688  .00002169  00000-0  42213-3 0  9999
2 30800  99.0084 165.4822 0050238  76.4554  51.0756 14.63474092604015
1 30802U 99025AUL 18241.79735741 +.00000580 +00000-0 +31612-3 0  9996
2 30802 099.0107 270.5672 0025967 107.0639 309.3512 14.16000451594154
1 30803U 99025AUM 18241.83473612 +.00000336 +00000-0 +24481-3 0  9993
2 30803 099.1581 197.7739 0117179 347.4416 075.5772 13.99964419586655
1 30804U 99025AUN 18241.88191237  .00000134  00000-0  42784-4 0  9992
2 30804  98.8911 125.0468 0207959 256.0208 163.9336 14.45639638606646
1 30805U 99025AUP 18242.17385302 -.00000199  00000-0 -10570-3 0  9994
2 30805  99.0575 308.4516 0070308  85.4409 329.3580 13.98771851587671
1 30806U 99025AUQ 18242.20415833  .00000502  00000-0  50647-3 0  9997
2 30806  99.0996  18.3433 0275681 237.8444 246.7440 13.66388403573817
1 30809U 99025AUT 18241.66247611  .00000659  00000-0  36799-3 0  9991
2 30809  98.9331 303.5617 0062559 212.9094 146.8176 14.13340744594196
1 30810U 99025AUU 18241.89492329 +.00002207 +00000-0 +18068-2 0  9995
2 30810 098.7010 214.8746 0237793 110.4722 252.2131 13.78159217575220
1 30811U 99025AUV 18241.75477244  .00000557  00000-0  65948-3 0  9996
2 30811  98.8181 163.8548 0298729  89.1199 274.4151 13.53821798568638
1 30813U 99025AUX 18241.79727506 +.00002275 +00000-0 +34571-3 0  9998
2 30813 098.9041 174.9875 0054714 216.6244 143.1217 14.74208538608493
1 30814U 99025AUY 18241.70819713 +.00000654 +00000-0 +28753-3 0  9996
2 30814 099.1246 045.3642 0051583 066.1916 359.8795 14.26462423595935
1 30815U 99025AUZ 18241.26188661 +.00001138 +00000-0 +48695-3 0  9994
2 30815 099.3076 143.5310 0001774 021.4803 101.2411 14.27126423595569
1 30816U 99025AVA 18241.80587372 +.00000468 +00000-0 +31308-3 0  9995
2 30816 099.1037 277.2335 0060674 316.7735 106.6280 14.05197640589139
1 30817U 99025AVB 18242.37834793 -.00000042  00000-0  38129-6 0  9991
2 30817  98.9628 292.6457 0067301  63.0954 297.7066 13.98251921587628
1 30820U 99025AVE 18240.43261292 +.00000333 +00000-0 +22729-3 0  9996
2 30820 098.5858 044.7055 0063369 180.1961 234.4504 14.05177936589036
1 30821U 99025AVF 18241.34767995 +.00000231 +00000-0 +85237-4 0  9990
2 30821 099.0627 169.8838 0100311 143.5168 339.5990 14.39608329604177
1 30822U 99025AVG 18242.05394028  .00000011  00000-0  32257-4 0  9993
2 30822  99.0356 268.8339 0075833 220.3883 166.8756 14.08485932592245
1 30823U 99025AVH 18241.89846244 +.00000274 +00000-0 +19947-3 0  9998
2 30823 098.7517 121.4510 0140261 316.2646 102.6499 13.99514465587795
1 30826U 99025AVL 18241.67414617 +.00000396 +00000-0 +70576-4 0  9993
2 30826 098.8231 188.0151 0195728 322.4567 159.1224 14.62171678612621
1 30827U 99025AVM 18241.79581135 +.00001209 +00000-0 +70416-3 0  9993
2 30827 098.9197 171.7164 0063558 183.7691 176.3009 14.09446193588631
1 30828U 99025AVN 18242.14211622  .00000550  00000-0  10185-3 0  9990
2 30828  98.5874 302.3632 0328780  13.0990  46.6035 14.40326375601784
1 30829U 99025AVP 18241.28438057 +.00000002 +00000-0 +27881-4 0  9992
2 30829 098.8873 274.0717 0036196 253.5836 106.1351 14.05364463590111
1 30830U 99025AVQ 18242.08525097  .00000065  00000-0  61287-4 0  9991
2 30830  98.7998 273.9373 0032354 176.1147 245.1554 14.09824642592736
1 30831U 99025AVR 18241.66278180  .00000176  00000-0  91243-4 0  9991
2 30831  99.2778 183.8240 0059415  98.4031 262.3888 14.26594949599715
1 30832U 99025AVS 18239.36126599  .00000901  00000-0  79830-3 0  9995
2 30832 100.3574 281.5831 0183848 203.7889 155.4681 13.80729554577424
