1 38264U 08061C   18242.12845293  .00000357  00000-0  13844-3 0  9997
2 38264  97.9452 334.4117 0264110 202.6160 277.5815 14.17926384501797
1 38212U 93036BTC 18242.26015079  .00000201  00000-0  39303-4 0  9999
2 38212  74.0563 181.8356 0116594 227.3981 131.7310 14.65860623425236
1 38226U 97051ZA  18241.52658624 +.00004036 +00000-0 +85981-3 0  9994
2 38226 086.3780 084.0044 0008102 140.4718 219.7084 14.58756617273947
1 38327U 11068J   18241.91533833 -.00000015 +00000-0 +17670-4 0  9992
2 38327 098.6375 119.4215 0204763 236.8955 188.3790 13.91110083339970
1 38503U 99025ESN 18239.36229937  .00000648  00000-0  13975-3 0  9994
2 38503  99.5149  79.0995 0117921  65.2484 296.0929 14.58512333415177
1 38304U 10009H   18241.84013029 -.00000067 +00000-0 +42717-4 0  9990
2 38304 063.3227 326.9356 0105365 322.6631 136.7000 13.03666380237915
1 38507U 99025ESS 14134.84428656 +.00001786 +00000-0 +89061-3 0  9993
2 38507 098.9360 157.4031 0038756 208.8781 151.0249 14.17821652275445
1 38150U 99025EQX 18241.43884344  .00001717  00000-0  41664-3 0  9996
2 38150  98.5850 323.2913 0092081 270.8654  88.1991 14.51756585474142
1 38512U 99025ESX 18241.75433263 +.00000278 +00000-0 +30542-3 0  9997
2 38512 098.3550 070.2060 0241858 023.6449 337.5597 13.67099369231426
1 38156U 99025ERD 18242.35848226  .00005538  00000-0  41673-3 0  9998
2 38156  99.0428 304.3755 0051673 108.4123 252.2725 15.01991525425379
1 38159U 99025ERG 18241.16443121 +.00000447 +00000-0 +32890-3 0  9999
2 38159 099.3587 015.2826 0055026 059.1328 301.5232 14.00413856458217
1 38269U 12020B   18242.02467290  .00004404  00000-0  16842-3 0  9996
2 38269  97.2454 264.1369 0079888 264.5480  94.6641 15.24137116345329
1 38215U 93036BTF 18241.79971192  .00002238  00000-0  45039-3 0  9990
2 38215  74.0289   9.9383 0016060   3.4607 148.8810 14.62114690357263
1 38229U 97051ZD  18241.63920421  .00000655  00000-0  37661-3 0  9991
2 38229  86.3793 209.7518 0235697   1.8916 358.3093 13.94957299443416
1 38469U 97051ZW  18242.41743885  .00002151  00000-0  92477-3 0  9990
2 38469  86.2822 135.7568 0189209  46.8251 314.8570 14.15111152481126
1 38178U 11068F   18241.14648414  .00000208  00000-0  87773-4 0  9997
2 38178  98.5669 213.5196 0134137 171.1720 247.7937 14.30604478350348
1 38506U 99025ESR 17292.01851216 +.00001602 +00000-0 +94392-3 0  9991
2 38506 099.0010 210.3583 0191674 336.9119 022.3517 14.00627506354761
1 38309U 11079C   18242.01430819  .00000285  00000-0  82202-4 0  9997
2 38309  98.2754 316.6952 0120638  61.8671  61.1172 14.47797523716620
1 38184U 10051E   18241.53678895  .00000536  00000-0  98646-4 0  9999
2 38184  97.8460 134.8668 0157660 162.5001 198.1721 14.61754600417674
1 38515U 99025ETA 16037.29875325 +.00000582 +00000-0 +36115-3 0  9999
2 38515 099.0314 067.0767 0040408 310.8249 048.6865 14.08778441329113
1 38484U 93036BTU 13323.50457305 +.00002451 +00000-0 +66926-3 0  9993
2 38484 074.0479 024.1673 0020148 190.5642 152.7147 14.47719719208125
1 38518U 99025ETD 18227.92433793  .00000838  00000-0  29189-3 0  9991
2 38518  99.1787 132.9572 0034994  89.2201 271.2993 14.37896566447955
1 38163U 99025ERL 18229.17816811 +.00000004 +00000-0 +32018-4 0  9993
2 38163 099.2211 203.7392 0085476 049.5495 311.3082 14.00604612492411
1 38492U 99025ESB 18203.38215155 +.00001148 +00000-0 +94175-3 0  9998
2 38492 098.6264 129.5956 0319481 224.5756 132.9750 13.70084089000015
1 38294U 10059D   18242.41320004  .00000126  00000-0  14080-3 0  9997
2 38294  98.7156 315.4792 0266838 170.0238 190.6359 13.71422052380224
1 38220U 93036BTL 18241.22092601  .00000580  00000-0  17071-3 0  9996
2 38220  74.0333  70.3523 0019395  70.9364 289.3893 14.45775642467670
1 38233U 97051ZH  18237.93500265  .00000574  00000-0  24464-3 0  9991
2 38233  86.2177 113.8599 0167805  90.8949 328.7002 14.15986196447348
1 38474U 97051AAB 18240.27037250  .00000376  00000-0  11085-3 0  9993
2 38474  86.3426  75.8087 0027569 259.5136 100.2956 14.40777766479688
1 38312U 11079F   18241.95591703 +.00000276 +00000-0 +10245-3 0  9990
2 38312 098.2616 280.9493 0124133 184.5689 296.2006 14.35252028295486
1 38483U 93036BTT 18242.11396294  .00000472  00000-0  22234-3 0  9998
2 38483  74.2667  34.3615 0129929 209.8760 149.4926 14.18134016464464
1 38192U 93036BSG 18242.23259054  .00001689  00000-0  32550-3 0  9993
2 38192  74.0236 326.1835 0023983 348.1900  11.8702 14.64182781398297
1 38487U 93036BTX 18241.25909623  .00000712  00000-0  13328-3 0  9993
2 38487  74.0036 204.0768 0078218 304.5353  54.8448 14.65014636408100
1 38204U 93036BSU 16304.32869556  .00006357  00000-0  15252-2 0  9994
2 38204  73.8751 300.1454 0060424  28.9933 331.4561 14.52520373390093
1 38495U 99025ESE 18238.14427710  .00000436  00000-0  50647-3 0  9990
2 38495  99.2326   0.6959 0276798 166.1508 194.7426 13.58691949390771
1 38297U 10059G   18242.71159530  .00000031  00000-0  57058-4 0  9995
2 38297  98.7633 340.7622 0244477 111.9853 250.7469 13.75616190387591
1 38171U 99025ERU 15023.11389546 +.00015960 +00000-0 +20774-2 0  9996
2 38171 099.4737 346.1602 0323344 227.9102 148.3975 14.50329863262609
1 38236U 97051ZL  18236.83267274  .00001308  00000-0  43862-3 0  9991
2 38236  86.2494  69.8263 0068919  40.9472 319.6870 14.35229509400031
1 38479U 93036BTP 18242.55591616  .00000289  00000-0  13920-3 0  9994
2 38479  74.0139 306.8778 0119347 313.0065 113.2349 14.19579097450395
1 38189U 93036BSD 18241.42965657  .00004116  00000-0  54319-3 0  9997
2 38189  74.0191 278.3189 0013164 274.9672 144.4041 14.80336087380967
1 38315U 11043E   18241.29512887  .00000002  00000-0  61495-4 0  9998
2 38315  99.6751 179.2454 0218185 214.1023 144.5931 13.51040640341020
1 38323U 08056J   18242.12429576  .00000061  00000-0  65728-4 0  9990
2 38323  98.5222   1.5273 0202191   9.4522 111.2152 13.92428550496173
1 38197U 93036BSM 18242.36686314  .00001046  00000-0  32718-3 0  9998
2 38197  73.9518 241.3993 0240223 346.3448  13.1270 14.26794346475274
1 38170U 99025ERT 18241.60923480  .00000522  00000-0  24590-3 0  9994
2 38170  98.8806 303.2091 0144734 137.2323 224.0222 14.18700123435319
1 38498U 99025ESH 18233.99288622  .00000199  00000-0  42058-3 0  9991
2 38498  99.7502 151.7768 0574002 343.9308  14.4234 12.92363890417338
1 38300U 10027E   18242.38306979  .00000731  00000-0  10991-3 0  9990
2 38300  97.5812  84.1939 0177209  88.4114  32.3512 14.67130120430888
1 38174U 10047D   18241.77508284 +.00000315 +00000-0 +10920-3 0  9996
2 38174 097.8784 065.2372 0209068 168.6757 259.2756 14.29965715408207
1 38149U 99025EQW 18239.96385266 +.00000052 +00000-0 +40690-4 0  9998
2 38149 098.5956 302.5665 0080886 029.4620 331.1082 14.23267521325774
1 38243U 97051ZT  18242.26035637  .00001658  00000-0  35120-3 0  9995
2 38243  86.3767  76.7368 0054669  84.6459 276.0984 14.57692284414173
1 38326U 10051H   18241.33422852 +.00000589 +00000-0 +12566-3 0  9999
2 38326 097.6890 075.8293 0184180 251.3796 106.7324 14.52442505405994
1 38200U 93036BSQ 18242.30599284  .00004113  00000-0  32071-3 0  9996
2 38200  74.0579 104.0549 0089851  85.5711 275.5734 14.98336919467056
1 38166U 99025ERP 18241.28637489  .00000865  00000-0  52863-3 0  9998
2 38166  99.1661 258.9230 0074585 341.8340  18.0166 14.07354775431552
1 38225U 97051YZ  18241.59928303  .00001696  00000-0  86877-3 0  9998
2 38225  86.3535 182.7411 0196336 232.2554 253.5685 14.05559809379220
1 38502U 99025ESM 18213.56377494 +.00000303 +00000-0 +19672-3 0  9997
2 38502 099.1475 325.2204 0042494 017.7704 040.9199 14.09821125236963
1 38303U 10009G   18236.79821562 -.00000003  00000-0  91259-4 0  9991
2 38303  63.3972  25.0593 0320628   7.8348 352.7523 13.57163875411867
1 38177U 11068E   18242.18831226  .00000231  00000-0  83993-4 0  9992
2 38177  98.4953 236.0490 0139943 103.7117 319.5758 14.36691494350800
1 38511U 99025ESW 15046.07335810 +.00016321 +00000-0 +62979-2 0  9994
2 38511 096.6526 353.9971 0138108 065.6989 295.8406 14.25105358377033
1 38155U 99025ERC 18242.31777315  .00000780  00000-0  49967-3 0  9991
2 38155  98.4392 283.5984 0133126 143.0565 217.9862 14.01685453496593
1 38263U 07019C   18242.27090584  .00000330  00000-0  12261-3 0  9992
2 38263  97.9342 351.7981 0226637 250.6495 107.0059 14.24905661583410
1 38158U 99025ERF 18239.34060387  .00000192  00000-0  23590-3 0  9998
2 38158  99.5448 291.3215 0224144 144.3964 217.2370 13.67111016448079
1 38266U 09069C   18241.81216246 +.00000286 +00000-0 +11737-3 0  9993
2 38266 097.9042 082.7046 0260060 236.0367 121.5849 14.17050608443188
1 38210U 93036BTA 18241.74118590  .00001752  00000-0  30753-3 0  9992
2 38210  74.0198 275.4885 0027149 330.2171  29.7452 14.68295591366367
1 38228U 97051ZC  18239.90440082 +.00000156 +00000-0 +58994-4 0  9996
2 38228 086.2932 094.5238 0069253 091.7253 331.3119 14.23089984468656
1 38468U 97051ZV  18241.91401294  .00000932  00000-0  32310-3 0  9993
2 38468  86.3559 119.5229 0074655 118.5603 242.3133 14.32996624436060
1 38505U 99025ESQ 18238.17869287  .00000521  00000-0  33925-3 0  9999
2 38505  98.3361 214.1682 0176170 217.7045 141.1667 13.98996288475538
1 38307U 11066E   18242.41491716  .00038889  00000-0  50947-3 0  9999
2 38307  97.4258 231.7380 0039352 323.7297  36.1291 15.57539065371039
1 38510U 99025ESV 18242.38031782  .00000327  00000-0  20614-3 0  9999
2 38510  98.8639 298.2501 0107260 126.0778 235.0383 14.08034786511772
1 38514U 99025ESZ 18189.32321232 +.00000726 +00000-0 +48936-3 0  9999
2 38514 098.0695 218.7875 0419174 275.7521 079.5995 13.67729700505818
1 38517U 99025ETC 18242.00740916  .00001150  00000-0  30130-3 0  9990
2 38517  98.6271 312.3043 0117792 319.9936  39.2622 14.47326950453166
1 38162U 99025ERK 18240.76275670  .00002069  00000-0  90369-3 0  9997
2 38162  99.7947 213.6842 0226516 351.0021   8.7119 14.12359374460170
1 38491U 99025ESA 18234.89211385  .00000132  00000-0  10739-3 0  9994
2 38491  99.1499 266.3889 0235533 127.1361 235.1570 13.92740897419009
1 38214U 93036BTE 18241.07471034  .00009386  00000-0  58096-3 0  9998
2 38214  74.0239 134.8243 0008712 192.6151 167.4825 15.09879004469806
1 38219U 93036BTK 18236.82179008  .00006442  00000-0  35642-3 0  9998
2 38219  73.6506 288.0806 0028622  77.1754 283.2633 15.13727088478991
1 38232U 97051ZG  18241.08024391  .00004057  00000-0  11260-2 0  9991
2 38232  86.4575 160.8624 0093872  61.3302 299.7297 14.43713255480086
1 38471U 97051ZY  18238.12389956  .00006045  00000-0  62770-3 0  9990
2 38471  86.2766  15.9017 0014226 333.6058  26.4441 14.89706658442832
1 38180U 11068H   18241.15089385  .00000153  00000-0  85806-4 0  9991
2 38180  98.7412 218.9869 0148968 326.2120  90.9390 14.18366863347738
1 38188U 93036BSC 18239.37932095  .00001060  00000-0  33088-3 0  9992
2 38188  74.0154 119.6305 0044707 132.2481 343.9873 14.41441540377001
1 38482U 93036BTS 13087.55680736 +.00009411 +00000-0 +28891-2 0  9990
2 38482 073.9565 150.0975 0058347 243.5274 185.1444 14.40741735181646
1 38486U 93036BTW 18241.44209757  .00001053  00000-0  36301-3 0  9999
2 38486  73.9605 145.5563 0051668 166.9947 310.9996 14.36414506372236
1 38165U 99025ERN 18242.22588932  .00000630  00000-0  28041-3 0  9991
2 38165  99.0855  34.5190 0032620  64.4615 295.9931 14.26369824501629
1 38494U 99025ESD 18240.02339523  .00000721  00000-0  36673-3 0  9993
2 38494  98.4174  83.7194 0492180  43.8752 320.0409 13.69769420396078
1 38296U 10059F   18241.51597068 +.00000024 +00000-0 +51354-4 0  9998
2 38296 098.7941 346.4253 0247116 130.4688 231.8293 13.75076626387285
1 38235U 97051ZK  18242.50660729  .00003605  00000-0  56752-3 0  9997
2 38235  86.3918  74.4641 0022201  86.8355 273.5401 14.72079274864223
1 38311U 11079E   18241.44266417  .00000329  00000-0  10949-3 0  9994
2 38311  98.2928 300.0367 0124455 149.3991 279.8450 14.39458786723914
1 38478U 93036BTN 18242.01870525  .00001927  00000-0  20281-3 0  9991
2 38478  74.0123 107.4165 0043665 181.4958 178.6100 14.89490967429884
1 38314U 11043D   18241.92501426 -.00000018 +00000-0 +36356-4 0  9990
2 38314 099.4747 123.5645 0267230 312.8950 109.6325 13.41132090266234
1 38191U 93036BSF 18241.31457903  .00001440  00000-0  40744-3 0  9992
2 38191  74.0056 110.0529 0046495 100.9792 259.6601 14.45892256417490
1 38318U 12001E   18242.19604776  .00006125  00000-0  26230-3 0  9994
2 38318  97.5236 228.0234 0100290 326.3912  33.0986 15.18641623357681
1 38196U 93036BSL 18242.10776408  .00001675  00000-0  40949-3 0  9996
2 38196  73.8902 150.7277 0200549 169.6391 190.8997 14.41905449391694
1 38293U 10059C   18241.24547340 -.00000015  00000-0  12506-4 0  9990
2 38293  98.9393 268.3370 0010707 309.6386  50.3849 14.28632999400935
1 38169U 99025ERS 18241.66937161  .00000636  00000-0  24329-3 0  9995
2 38169  99.0175  39.0428 0056185  22.7415 337.6239 14.33422046445478
1 38497U 99025ESG 18241.84306722  .00001823  00000-0  51221-3 0  9992
2 38497  98.7138 259.3871 0075856  77.5366 283.4298 14.45513378451668
1 38299U 10027D   18242.18551971  .00000543  00000-0  90829-4 0  9999
2 38299  97.9547 151.9164 0187819 202.3310 156.9637 14.63043962432763
1 38173U 99025ERW 18242.59090882  .00000431  00000-0  17771-3 0  9999
2 38173  99.0140   9.9617 0197409 218.9107 139.7722 14.22240305400533
1 38148U 99025EQV 18177.27794554 +.00000849 +00000-0 +76274-3 0  9996
2 38148 098.9942 357.3787 0183139 253.3458 104.7520 13.79583468219210
1 38241U 97051ZR  18241.21410984 +.00000456 +00000-0 +13197-3 0  9994
2 38241 086.3236 066.1671 0000862 231.5303 128.5820 14.42393923217363
1 38481U 93036BTR 18241.37264755  .00000364  00000-0  26376-3 0  9990
2 38481  73.9351 237.5762 0254692 350.9258   8.7305 13.85625778450189
1 38325U 09072D   18241.88067397 -.00000045  00000-0  75016-5 0  9997
2 38325 100.4443 114.7867 0156582 309.2883 112.0965 13.46111863364936
1 38199U 93036BSP 18239.01463874 +.00000207 +00000-0 +18626-3 0  9992
2 38199 073.9553 101.3357 0379635 192.7637 166.3659 13.61218566247358
1 38208U 93036BSY 18242.22752406  .00000675  00000-0  20137-3 0  9991
2 38208  74.0198  66.2049 0016887  80.9415  42.8016 14.44847015374379
1 38500U 99025ESK 18241.07030898  .00001078  00000-0  10708-2 0  9996
2 38500  98.6467 185.8794 0226593 145.9976 215.5931 13.69379904393527
1 38302U 10027G   18241.70108345 +.00001061 +00000-0 +17049-3 0  9992
2 38302 097.5721 048.0309 0196092 148.5353 212.7757 14.61433990426697
1 38176U 11068D   18241.26419485 +.00000293 +00000-0 +10153-3 0  9993
2 38176 098.4308 273.6803 0124587 117.7045 243.6847 14.38345181351270
1 38154U 99025ERB 18241.47179949  .00002885  00000-0  36787-3 0  9999
2 38154  98.4694 329.1656 0117634 254.2838 104.5370 14.77620857441690
1 38262U 07019B   18242.11734118  .00000184  00000-0  65574-4 0  9995
2 38262  97.8274   2.7622 0183805  20.2891 102.9238 14.35193263562809
1 38265U 09069B   18241.71125259 +.00000249 +00000-0 +97034-4 0  9998
2 38265 097.7703 052.6155 0241275 126.5073 235.8595 14.21804265446495
1 38224U 97051YY  18241.42447544  .00002308  00000-0  72047-3 0  9997
2 38224  86.3864 140.2028 0097629 162.9622 197.4894 14.37689894462030
1 38213U 93036BTD 18234.86892329  .00000765  00000-0  20391-3 0  9999
2 38213  74.0467  62.6213 0022902  57.7955 302.5421 14.50045269453892
1 38227U 97051ZB  18242.74724215  .00001005  00000-0  24704-3 0  9999
2 38227  86.3119  51.4017 0009810 156.1226 204.0436 14.51344305475613
1 38329U 91082CS  18242.07789531  .00004125  00000-0  76995-3 0  9993
2 38329  98.8124 335.3621 0010015 117.5926   5.7843 14.65536548604251
1 38504U 99025ESP 18241.74681113  .00000808  00000-0  48846-3 0  9991
2 38504  98.0220  64.0902 0217181 131.8407 230.1527 13.97636425475291
1 38305U 10009J   18241.95121853 -.00000074 +00000-0 +15036-4 0  9990
2 38305 063.4985 062.0916 0094114 056.4330 020.4942 12.99841167237528
1 38508U 99025EST 18226.44133668 +.00001188 +00000-0 +25502-3 0  9998
2 38508 098.7066 307.7878 0183959 205.8503 154.2046 14.50720132085303
1 38513U 99025ESY 18238.19843157 +.00001308 +00000-0 +20947-3 0  9992
2 38513 097.5932 032.9819 0422794 148.5043 214.2215 14.27525761253267
1 38157U 99025ERE 18240.20501842 +.00000258 +00000-0 +11387-3 0  9994
2 38157 099.7283 241.5887 0304916 297.9633 059.0983 14.11452962385994
1 38160U 99025ERH 18241.41309348  .00001122  00000-0  57306-3 0  9991
2 38160  99.0509 302.3725 0036203 157.6674 202.6086 14.17413096480781
1 38490U 99025ERZ 14365.45229711 +.00002334 +00000-0 +14579-2 0  9999
2 38490 099.1383 076.7163 0055085 076.5300 284.1023 14.04976023221970
1 38270U 12020C   18242.33586406  .00004094  00000-0  23299-3 0  9992
2 38270  97.2542 203.2263 0117474   0.4660 359.6657 15.07633586343116
1 38231U 97051ZF  18241.69364760  .00006737  00000-0  87254-3 0  9998
2 38231  86.2514  25.9462 0047439  48.1215   8.5734 14.79899827480251
1 38470U 97051ZX  18241.61022170 +.00002389 +00000-0 +76334-3 0  9997
2 38470 086.4951 178.4396 0107187 114.0161 006.4000 14.36028402231885
1 38179U 11068G   18241.44315097  .00000200  00000-0  11000-3 0  9990
2 38179  98.7577 229.6507 0136675 344.2343 168.5917 14.17439986348920
1 38310U 11079D   18241.93045367 +.00000350 +00000-0 +10329-3 0  9992
2 38310 098.8001 041.4268 0130391 153.2042 000.8213 14.45319193349787
1 38187U 11069D   18241.61254539 -.00000119  00000-0  00000+0 0  9996
2 38187   2.1656 351.0758 3809218 185.2544 169.5714  1.71974985 40040
1 38516U 99025ETB 18242.30577523  .00000008  00000-0  17564-4 0  9992
2 38516  98.4538 271.8419 0115050 104.8814 256.5145 14.32018825467685
1 38485U 93036BTV 18241.78487885  .00000658  00000-0  14307-3 0  9997
2 38485  74.0197 283.6944 0046242   5.7972 354.3718 14.59496337787286
1 38489U 99025ERY 18233.69168635  .00000674  00000-0  57342-3 0  9999
2 38489  98.1956  42.6536 0239487 172.1645 188.3358 13.77689707389806
1 38164U 99025ERM 18241.16858467  .00003842  00000-0  36791-3 0  9994
2 38164  99.0427 311.7960 0053081  51.9421 308.6567 14.92871130452665
1 38493U 99025ESC 18241.51069362 -.00000024  00000-0  14215-4 0  9994
2 38493  99.1488 347.9555 0437350 294.3468  61.3838 13.59625757461633
1 38295U 10059E   18241.01968958 +.00000187 +00000-0 +20076-3 0  9998
2 38295 098.7192 308.1831 0273354 196.3500 288.0127 13.69150818278374
1 38216U 93036BTG 18241.45436218  .00007222  00000-0  73823-3 0  9999
2 38216  74.0170 262.2902 0011892 238.2877 121.7147 14.90686853407130
1 38234U 97051ZJ  18241.96904699  .00002680  00000-0  50879-3 0  9998
2 38234  86.4496 119.8596 0072450  83.6146 277.3309 14.62128491459865
1 38477U 97051AAE 18240.99293415 +.00002449 +00000-0 +23521-2 0  9992
2 38477 086.4267 341.2815 0477651 182.6027 177.2625 13.38620941188952
1 38313U 11043C   18241.61860220 +.00000049 +00000-0 +12315-3 0  9996
2 38313 099.5951 164.9358 0220028 205.3937 278.2186 13.50677036265721
1 38190U 93036BSE 18242.14599626  .00000810  00000-0  21916-3 0  9992
2 38190  74.0481  47.8993 0018804  45.8253 314.4448 14.49236127407272
1 38316U 11043F   18241.62689997 +.00000014 +00000-0 +79474-4 0  9992
2 38316 099.5997 160.6857 0229500 236.7667 244.5821 13.48745948253648
1 38195U 93036BSK 18241.90026022  .00001381  00000-0  32022-3 0  9999
2 38195  73.8313 323.2807 0049032  20.8361 339.4784 14.55361992437621
1 38168U 99025ERR 18241.39677495  .00000701  00000-0  38128-3 0  9990
2 38168  98.9299 298.0841 0055403 187.2422 172.7957 14.14792077451166
1 38496U 99025ESF 18199.35830343 -.00000049  00000-0 -32491-5 0  9991
2 38496  98.9728 234.1284 0084080  21.5773 338.8903 14.03612314430325
1 38298U 10027C   18241.84541707 +.00000722 +00000-0 +11698-3 0  9991
2 38298 097.6510 092.1346 0189186 151.3111 209.8659 14.62815830429159
1 38172U 99025ERV 18238.93758211 +.00000137 +00000-0 +22341-3 0  9990
2 38172 100.4184 144.6699 0287204 323.1339 035.0350 13.51429457256489
1 38147U 99025EQU 18241.32808880  .00000160  00000-0  98651-4 0  9991
2 38147  98.8056 274.8866 0054331  51.9214 308.6844 14.17777939497200
1 38237U 97051ZM  18241.26168001 +.00006209 +00000-0 +83171-3 0  9995
2 38237 086.3747 065.1310 0011426 296.7140 189.4894 14.79240156242559
1 38480U 93036BTQ 18242.09535866  .00003045  00000-0  20109-3 0  9990
2 38480  73.8477 278.4812 0056790 179.9271 180.1938 15.06633680478407
1 38324U 08056K   18234.51268678  .00002266  00000-0  39267-3 0  9996
2 38324  98.5130 333.0404 0106684 300.2537  58.8139 14.65710883453559
1 38198U 93036BSN 18242.31451200  .00002184  00000-0  29672-3 0  9997
2 38198  74.0181 229.2000 0040385 267.4760  92.1792 14.78957076437030
1 38207U 93036BSX 13340.92456570 +.00004056 +00000-0 +14374-2 0  9996
2 38207 074.0921 059.5400 0036685 119.9143 240.7559 14.34439024170390
1 38221U 93036BTM 18242.12528991  .00001630  00000-0  28325-3 0  9994
2 38221  74.0089 288.5698 0082658 328.1317  31.4864 14.66854340407363
1 38499U 99025ESJ 18241.73750033  .00000346  00000-0  37082-3 0  9998
2 38499  98.3877  76.0417 0246695  56.5313 305.9155 13.66642787395169
1 38301U 10027F   18242.22726478  .00000747  00000-0  11116-3 0  9991
2 38301  97.8998 152.1822 0175813 131.3654  21.2640 14.67903382427580
1 38175U 10047E   18241.87327402 +.00000238 +00000-0 +84535-4 0  9997
2 38175 098.0362 112.7936 0203214 181.5492 178.5088 14.31649711854332
1 38244U 97051ZU  18241.80028938 +.00004249 +00000-0 +46802-3 0  9999
2 38244 086.4243 073.1786 0011762 080.9307 279.3249 14.87271337457472
