1 34755U 93036ZZ  18241.31187591 +.00000101 +00000-0 +11900-3 0  9992
2 34755 073.9261 227.0052 0419942 019.9915 041.0838 13.46400964466596
1 34756U 93036AAA 18240.39472666  .00000262  00000-0  24321-3 0  9999
2 34756  74.0052 130.4485 0362372 201.5165 157.0386 13.60781276472490
1 34758U 93036AAC 18242.40559952  .00000222  00000-0  22120-3 0  9990
2 34758  74.1048 235.8775 0405020 250.1140 105.5905 13.52515859469215
1 34759U 93036AAD 18241.72210807  .00002553  00000-0  45617-3 0  9993
2 34759  74.0219 347.9768 0021671 329.3462  30.6440 14.67331038505297
1 34760U 93036AAE 18241.99000323  .00000521  00000-0  27065-3 0  9994
2 34760  74.0672 343.5603 0105440 325.4222 153.2434 14.14409180490474
1 34761U 93036AAF 18242.19133111  .00000287  00000-0  11974-3 0  9991
2 34761  74.0319 180.7077 0042821 140.8430 219.5832 14.30080809496028
1 34763U 93036AAH 18241.96076448 +.00002969 +00000-0 +75881-3 0  9992
2 34763 074.1761 203.7596 0063220 013.7361 041.5018 14.49704210496816
1 34764U 97051LH  18241.48181123  .00005709  00000-0  72079-3 0  9999
2 34764  86.3606  51.2881 0003720 194.2934 165.8184 14.81756740502940
1 34765U 97051LJ  18241.56475517 +.00000222 +00000-0 +71986-4 0  9994
2 34765 086.3371 086.0359 0015744 285.9533 132.2166 14.34394560494087
1 34773U 97051LS  18241.64103585 +.00001194 +00000-0 +29188-3 0  9990
2 34773 086.4099 097.9777 0018997 078.5705 281.7633 14.51687769501015
1 34774U 97051LT  18241.88051104  .00000561  00000-0  11885-3 0  9998
2 34774  86.4262  95.4521 0019153 356.4466  64.2379 14.57340903502862
1 34775U 97051LU  18241.60368273  .00001102  00000-0  32450-3 0  9990
2 34775  86.3763  98.9170 0029714 217.9116 204.1460 14.42599843497427
1 34784U 93036AAM 18241.63865253 +.00000202 +00000-0 +57332-4 0  9999
2 34784 074.0113 319.1457 0058936 053.7604 306.8983 14.50899805498603
1 34787U 93036AAQ 18242.15653367  .00001488  00000-0  26888-3 0  9999
2 34787  74.0204 287.0666 0016001 358.3045   1.8067 14.67287132503448
1 34788U 93036AAR 18242.34842580  .00000593  00000-0  57390-4 0  9997
2 34788  73.9941 341.7945 0140449  58.2685   3.1497 14.88306488515470
1 34789U 93036AAS 18241.77808440  .00001745  00000-0  66769-3 0  9990
2 34789  74.2082 351.8457 0101311 185.8292 302.2704 14.28541826491262
1 34790U 93036AAT 18241.62062097 +.00000483 +00000-0 +23618-3 0  9990
2 34790 074.0571 316.1385 0110134 303.0327 185.0258 14.17517671487990
1 34791U 93036AAU 18241.74793417  .00001568  00000-0  19152-3 0  9994
2 34791  74.0195 125.1074 0050299 224.9511 134.7591 14.83373223510867
1 34792U 93036AAV 18241.75262819  .00000371  00000-0  12453-3 0  9991
2 34792  74.0241  87.3376 0017548 102.4032  23.1846 14.40609726492622
1 34793U 93036AAW 18241.78665760 +.00000104 +00000-0 +45071-4 0  9994
2 34793 074.0033 106.8635 0053926 168.6518 311.3598 14.34993172491203
1 34796U 93036AAZ 18241.66920156 +.00000450 +00000-0 +14520-3 0  9995
2 34796 074.0338 103.5514 0117279 138.6388 277.6689 14.38119205496872
1 34797U 93036ABA 18242.38613603  .00000657  00000-0  28557-3 0  9996
2 34797  73.9835 262.1847 0101463 256.3526 163.4955 14.23431943491574
1 34801U 91025R   11088.41583846 +.00002650 +00000-0 +92328-2 0  9999
2 34801 064.9061 239.2898 5645951 000.4157 349.9275 04.32246059032095
1 34813U 93036ABC 18242.34472872  .00000645  00000-0  66658-3 0  9993
2 34813  73.9430   9.5930 0492963 173.6668 187.0988 13.34498085460571
1 34814U 93036ABD 18241.84112934 +.00000283 +00000-0 +12421-3 0  9995
2 34814 073.8988 164.6666 0063461 237.1322 179.5843 14.27286477492875
1 34815U 93036ABE 18241.92080935 +.00000470 +00000-0 +10468-3 0  9997
2 34815 074.0476 300.0405 0084855 334.2338 025.4609 14.57729350497109
1 34816U 93036ABF 18241.20486189  .00000076  00000-0  91024-4 0  9990
2 34816  73.8894 145.5902 0387971 325.9659 194.1468 13.54090082467476
1 34818U 93036ABH 18241.74365163 +.00000094 +00000-0 +43191-4 0  9991
2 34818 074.0370 132.3358 0025484 140.6206 285.5803 14.33665400491977
1 34819U 93036ABJ 18241.56109082 +.00000491 +00000-0 +15711-3 0  9995
2 34819 074.0248 082.6623 0026160 099.5708 291.8438 14.41970208497182
1 34822U 93036ABM 18241.95752462 +.00002780 +00000-0 +34962-3 0  9990
2 34822 074.0141 213.2620 0022436 274.4248 085.4366 14.82431842500208
1 34823U 93036ABN 18240.49616780  .00000204  00000-0  55762-4 0  9992
2 34823  74.0432  39.6438 0180633  70.3277 291.7271 14.44307321499327
1 34825U 97051LZ  18241.60992163  .00001408  00000-0  33894-3 0  9999
2 34825  86.3697  81.7545 0015040 102.8586 319.1198 14.52586930497424
1 34827U 97051MB  18241.99946466  .00005165  00000-0  72616-3 0  9997
2 34827  86.3822  63.4730 0030470  98.2962  60.6415 14.76873179500806
1 34833U 97051MH  18241.60732584 +.00000434 +00000-0 +13187-3 0  9998
2 34833 086.3943 099.5293 0021206 261.6478 150.5998 14.39794159493250
1 34845U 93036ABP 18241.84183379  .00000108  00000-0  41360-4 0  9991
2 34845  74.0266  50.5667 0022538 141.7202 218.5559 14.41461490496027
1 34846U 93036ABQ 18241.86679570 +.00000299 +00000-0 +11156-3 0  9997
2 34846 074.0360 130.6561 0031495 130.4138 229.9771 14.35824331491220
1 34847U 93036ABR 18241.71896722 +.00000867 +00000-0 +86124-4 0  9991
2 34847 074.0474 009.7174 0114749 057.9933 303.2336 14.88689948282483
1 34850U 93036ABU 18242.24617308  .00001157  00000-0  22022-3 0  9994
2 34850  74.0151 316.6819 0058128 352.2160  65.7996 14.64251086498726
1 34852U 93036ABW 18241.97205554  .00000049  00000-0  26229-4 0  9994
2 34852  74.0323 108.2513 0016363 144.5570 215.6673 14.35273498493336
1 34853U 93036ABX 18241.66957192  .00001616  00000-0  23249-3 0  9992
2 34853  74.0686 235.0016 0052460 236.4468 123.1692 14.76366534501479
1 34854U 93036ABY 18240.68044669 +.00000423 +00000-0 +88624-4 0  9994
2 34854 074.0344 238.5254 0087360 307.5091 051.8156 14.60824273328956
1 34856U 93036ACA 18241.45025928  .00000742  00000-0  14317-3 0  9990
2 34856  74.0127 228.9354 0079934 307.1690 211.5870 14.63443315499594
1 34857U 93036ACB 18241.90849244 +.00000323 +00000-0 +98853-4 0  9999
2 34857 074.0210 049.7263 0084974 101.5768 021.1724 14.43669731493898
1 34859U 93036ACD 18241.88936256 +.00000959 +00000-0 +25258-3 0  9991
2 34859 074.0411 029.1989 0006212 088.7738 066.9693 14.50383347494787
1 34860U 93036ACE 18241.75337754  .00001687  00000-0  36245-3 0  9994
2 34860  74.0273 353.6022 0028454  16.1576 344.0489 14.59144065496039
1 34861U 93036ACF 18241.92407066 +.00000842 +00000-0 +24129-3 0  9998
2 34861 074.0316 067.9847 0028793 074.1055 046.8572 14.46290793493279
1 34868U 97051MN  18241.77213824  .00001740  00000-0  39068-3 0  9992
2 34868  86.5420 166.6812 0121449 283.5282  75.2417 14.51506744493703
1 34869U 97051MP  18241.69866184  .00001581  00000-0  48741-3 0  9998
2 34869  86.4577 151.5321 0066656  15.1488  12.4736 14.39583513489278
1 34870U 97051MQ  18242.24957269  .00000595  00000-0  14884-3 0  9992
2 34870  86.3195  50.2578 0031532 169.0635 315.8760 14.49475619503151
1 34873U 93036ACL 18241.45591618  .00003841  00000-0  66646-3 0  9998
2 34873  74.0048  16.4750 0034946   1.2930 358.8323 14.68190693501076
1 34874U 93036ACM 18241.65547632 +.00000289 +00000-0 +12770-3 0  9990
2 34874 074.0403 226.1462 0060997 179.0779 302.5143 14.26620945490123
1 34875U 93036ACN 18241.92352122 +.00000173 +00000-0 +61003-4 0  9995
2 34875 074.0464 062.5073 0017180 127.8010 303.9195 14.41803629493434
1 34877U 93036ACQ 18241.67714754 +.00002555 +00000-0 +16607-3 0  9997
2 34877 073.9366 244.6218 0087547 039.0690 321.6777 15.05504121511992
1 34878U 93036ACR 18240.83414414 -.00000018  00000-0 -23281-6 0  9998
2 34878  73.9661 293.5012 0446624  68.7666  46.8898 13.40493368461130
1 34879U 93036ACS 18240.04103468 -.00000105  00000-0 -87263-4 0  9991
2 34879  73.9182 100.7623 0540303 290.7163  63.6829 13.23703691457987
1 34882U 93036ACV 18241.71225224 +.00000079 +00000-0 +23281-4 0  9993
2 34882 074.0471 249.7756 0089162 338.9929 020.7580 14.57406254497155
1 34883U 93036ACW 18242.11009785  .00000378  00000-0  19395-3 0  9993
2 34883  74.2126 108.6004 0154642 323.9266 194.7386 14.12690384487861
1 34884U 93036ACX 18241.90726545 +.00000651 +00000-0 +18867-3 0  9997
2 34884 074.0325 057.0820 0019638 075.3762 039.9637 14.46270842490939
1 34885U 93036ACY 18241.91580531 +.00000288 +00000-0 +98929-4 0  9996
2 34885 074.0359 086.8926 0018846 104.5278 004.2906 14.40318719490799
1 34886U 93036ACZ 18240.96437678  .00000719  00000-0  10214-3 0  9993
2 34886  73.9719  96.1325 0106850 210.1450 149.3550 14.75275357502736
1 34889U 97051MR  18240.96609842  .00002677  00000-0  52317-3 0  9996
2 34889  86.3687  70.7639 0009725  39.7118 320.4804 14.62542273499207
1 34890U 97051MS  18242.31310461  .00002188  00000-0  59191-3 0  9999
2 34890  86.3036  85.7272 0074294 325.5873  34.0529 14.45716456493475
1 34893U 97051MV  18242.18805232  .01566520  00000-0  67495-2 0  9993
2 34893  86.1048 310.0168 0017612 272.4305  87.4955 15.82080339506193
1 34896U 97051MY  18241.81722404 +.00000458 +00000-0 +11397-3 0  9997
2 34896 086.3332 053.9011 0037612 163.8089 262.3055 14.49103985489592
1 34898U 97051NA  18242.40580897  .00001161  00000-0  20576-3 0  9994
2 34898  86.3340  31.9728 0025015  29.5804 330.6818 14.66211757499651
1 34899U 97051NB  18241.84127493 +.00004755 +00000-0 +70474-3 0  9995
2 34899 086.4004 082.4915 0030585 056.3659 003.4437 14.74594499494904
1 34907U 93036ADC 18241.88316181  .00000846  00000-0  24847-3 0  9992
2 34907  74.0216  78.2377 0022610  65.1145 357.5763 14.45170125492676
1 34908U 93036ADD 18242.30284064  .00000247  00000-0  10424-3 0  9996
2 34908  74.0612 191.2616 0046107 153.8864 356.8450 14.30075756491806
1 34909U 93036ADE 18241.82565852  .00000224  00000-0  45246-4 0  9996
2 34909  74.0184 185.4873 0107334 269.0286  89.8583 14.64484537503159
1 34910U 93036ADF 18241.67853524  .00000260  00000-0  29326-3 0  9997
2 34910  73.8794 323.6384 0480812 174.8599 340.0534 13.33926991461828
1 34911U 93036ADG 18241.43555649 +.00000050 +00000-0 +17679-4 0  9995
2 34911 074.0412 258.8530 0088950 340.6736 088.0327 14.56104630498142
1 34912U 93036ADH 18241.66245975 +.00000924 +00000-0 +14816-3 0  9998
2 34912 074.1638 237.2681 0064910 181.7892 178.3059 14.71824835502941
1 34913U 93036ADJ 18241.02258397  .00000020  00000-0  16541-4 0  9996
2 34913  74.0278 118.2030 0020836 155.2225 271.0565 14.33942207493014
1 34914U 93036ADK 18241.43278704 +.00000844 +00000-0 +14233-3 0  9995
2 34914 074.0030 274.0279 0165739 125.9814 235.6852 14.62486081498472
1 34916U 93036ADM 18241.51096367 +.00001427 +00000-0 +22820-3 0  9998
2 34916 074.0767 272.4427 0099468 043.3656 077.3864 14.69531659503874
1 34918U 93036ADP 18241.56049948  .00000659  00000-0  23918-3 0  9993
2 34918  74.0774 187.8256 0047770 120.1712 357.1169 14.34601718490631
1 34920U 93036ADR 18242.12914902  .00000937  00000-0  25904-3 0  9996
2 34920  74.0314  60.4611 0019076  63.7327 296.5789 14.48000757495378
1 34922U 93036ADT 18241.66469667 +.00001726 +00000-0 +17369-3 0  9992
2 34922 074.1579 107.1624 0096529 022.6824 337.8578 14.88641583201632
1 34924U 93036ADV 18241.90756769 +.00000284 +00000-0 +85299-4 0  9999
2 34924 074.0452 039.1518 0071981 070.7002 056.6987 14.45657748491641
1 34926U 97051NF  18242.03951396  .00000597  00000-0  28158-3 0  9997
2 34926  86.1585  90.1368 0177749 115.2210   9.3464 14.10085810487387
1 34928U 97051NH  18241.80201710  .00000828  00000-0  17527-3 0  9996
2 34928  86.4001  70.6358 0034830 119.5623 240.9065 14.57623361498332
1 34944U 93036ADX 18242.17669810  .00000180  00000-0  96131-4 0  9993
2 34944  73.7654 310.6339 0237751 233.0857 124.8288 14.07093446486634
1 34946U 93036ADZ 18241.62171993  .00000226  00000-0  63627-4 0  9999
2 34946  74.0264 332.5519 0060904  46.4100 314.2092 14.50530670495610
1 34948U 93036AEB 18241.63542495 +.00000951 +00000-0 +27236-3 0  9991
2 34948 074.0213 083.4778 0029705 062.8935 353.6778 14.46125851492146
1 34949U 93036AEC 18241.57128973 +.00000277 +00000-0 +57109-4 0  9990
2 34949 074.0232 199.8350 0096864 294.5374 064.5718 14.62831412493628
1 34951U 93036AEE 18242.40290316  .00000690  00000-0  13147-3 0  9999
2 34951  74.0178 229.5468 0069476 306.2766  53.1996 14.64662284499502
1 34953U 93036AEG 18241.42325622 +.00000264 +00000-0 +71334-4 0  9991
2 34953 074.0997 010.6210 0080663 359.0627 055.9810 14.50860298494027
1 34954U 93036AEH 18242.14176951  .00000608  00000-0  17176-3 0  9996
2 34954  73.9926  55.0351 0034649  89.9774 270.5355 14.47444819493618
1 34955U 93036AEJ 18241.94513632  .00000392  00000-0  56085-4 0  9998
2 34955  74.0447  97.7347 0120883 153.1152 207.6358 14.75567550506390
1 34958U 93036AEM 18242.32844936  .00000493  00000-0  47686-4 0  9997
2 34958  74.0155 345.9893 0146449  40.2235 320.9671 14.88332975508391
1 34962U 93036AER 18240.61058472 +.00000206 +00000-0 +74434-4 0  9997
2 34962 074.0312 084.9128 0020229 129.3119 287.2840 14.39345263492125
1 34963U 93036AES 18241.25827998 +.00000515 +00000-0 +19216-3 0  9995
2 34963 074.1781 224.2339 0049906 085.6541 275.0312 14.33610686485316
1 34964U 93036AET 18241.32428783  .00000529  00000-0  36556-3 0  9994
2 34964  73.9786 233.7874 0241788 296.4234  61.2263 13.88565848476937
1 34965U 93036AEU 18241.89099487  .00000133  00000-0  46711-4 0  9998
2 34965  74.0532  40.8590 0027457 116.9418  34.5974 14.43555036494635
1 34966U 93036AEV 18242.25766282  .00003130  00000-0  27551-3 0  9994
2 34966  73.9671  89.2232 0027391 275.5140  84.2921 14.96702928503872
1 34967U 93036AEW 18242.02686248  .00000280  00000-0  10692-3 0  9994
2 34967  73.9968 122.4939 0044973 171.0247 189.1720 14.34792633490386
1 34968U 93036AEX 18241.44154476  .00000075  00000-0  23192-4 0  9995
2 34968  74.0386 260.7837 0092458 335.6405  24.0400 14.55889056497941
1 34969U 93036AEY 18241.53727091 +.00000137 +00000-0 +63449-4 0  9993
2 34969 074.0160 183.8702 0080267 223.3121 136.1701 14.28134204271027
1 34970U 93036AEZ 18239.94841828  .00007664  00000-0  54372-3 0  9998
2 34970  73.9918  95.5363 0024100 158.6354 201.5847 15.04672051504470
1 34971U 93036AFA 18242.44510796  .00000066  00000-0  23202-4 0  9993
2 34971  73.9792 281.8647 0073757  51.5406   7.9159 14.51641819497886
1 34972U 93036AFB 18241.91267292 +.00000435 +00000-0 +12797-3 0  9991
2 34972 073.9976 036.4976 0055949 103.5695 052.5367 14.45785590490193
1 34976U 93036AFF 18242.24094514  .00000373  00000-0  92259-4 0  9990
2 34976  74.0677 331.0835 0069469 355.0830  35.5159 14.54163207494922
1 34977U 93036AFG 18241.92545417 +.00001074 +00000-0 +28800-3 0  9997
2 34977 074.0280 072.9886 0061232 087.0690 273.7474 14.48318899490199
1 34978U 93036AFH 18241.95147446 +.00001526 +00000-0 +22882-3 0  9997
2 34978 074.0247 203.7431 0042966 292.6899 066.9734 14.74976935496671
1 34979U 93036AFJ 18241.86444685  .00000384  00000-0  92071-4 0  9992
2 34979  74.0481 311.0708 0075281 352.0475   7.9488 14.55375984493572
1 34983U 97051NP  18241.85220919  .00003493  00000-0  63533-3 0  9993
2 34983  86.3584  79.7790 0038049 102.1881 258.3598 14.65388999493397
1 34985U 97051NR  18241.59414941  .00000306  00000-0  10218-3 0  9998
2 34985  86.3696 100.9004 0022164 300.9858  88.1867 14.34081421489929
1 34986U 97051NS  18241.78628390  .00001837  00000-0  45935-3 0  9999
2 34986  86.3832  94.9029 0026037 173.5670 186.5874 14.50805835491453
1 34987U 97051NT  18242.44176328  .00001949  00000-0  26407-3 0  9990
2 34987  86.3389  31.5223 0008023  38.3604 321.8185 14.78419042505641
1 34989U 93036AFM 18241.72785464  .00000471  00000-0  11737-3 0  9997
2 34989  74.0244 339.6144 0030787  51.0677 309.3222 14.54242221491346
1 34990U 93036AFN 18239.31653432  .00000182  00000-0  70448-4 0  9994
2 34990  74.0467 116.8417 0017065 123.0114 237.2682 14.36667042491681
1 34991U 93036AFP 18241.62199013 +.00001327 +00000-0 +28850-3 0  9993
2 34991 074.0456 341.0689 0012774 046.5816 313.6410 14.59017085495024
1 34993U 93036AFR 18240.80906514 +.00003244 +00000-0 +60256-3 0  9992
2 34993 074.0168 032.2936 0040794 021.2875 338.9979 14.65074419493892
1 34995U 93036AFT 18240.81700991 +.00001765 +00000-0 +36894-3 0  9993
2 34995 073.8335 289.8705 0048001 328.1674 031.6590 14.59955472276206
1 34997U 93036AFV 18237.23527280  .00000316  00000-0  12913-3 0  9992
2 34997  73.8888 181.4030 0121129 336.8573  22.7144 14.27618476487346
1 34998U 93036AFW 18240.24000177  .00000249  00000-0  86268-4 0  9999
2 34998  74.0134  70.5985 0023220 133.7423 349.3032 14.40545328490856
1 35000U 93036AFY 18241.19096651 +.00000592 +00000-0 +13329-3 0  9999
2 35000 074.0417 321.2411 0079503 354.1747 005.8483 14.56826695493952
1 35012U 93036AFZ 18241.75927086  .00000024  00000-0  14749-4 0  9997
2 35012  74.0215  24.9991 0082921  91.0048 270.0611 14.43013155491738
1 35014U 93036AGB 18241.80202662  .00000552  00000-0  16042-3 0  9994
2 35014  74.0097  34.8419 0014088  99.5822 260.6929 14.46596376494571
1 35015U 93036AGC 18236.05251472 +.00000282 +00000-0 +10552-3 0  9999
2 35015 073.9535 129.7474 0090605 230.7001 191.3450 14.34246738271088
1 35016U 93036AGD 18242.07263028  .00000138  00000-0  59539-4 0  9998
2 35016  73.9326 135.4798 0122734 262.3274 161.3887 14.29875026487152
1 35018U 93036AGF 18242.12777874  .00000255  00000-0  23969-3 0  9992
2 35018  73.9843 135.5029 0366651 224.6005 132.5068 13.59938574470217
1 35019U 93036AGG 18241.09576792  .00002587  00000-0  41005-3 0  9995
2 35019  74.0098 262.1585 0029605 312.5377  47.3295 14.72465648497699
1 35020U 93036AGH 18241.66791971 +.00000103 +00000-0 +27306-4 0  9999
2 35020 074.0491 233.6888 0098489 313.1515 046.1446 14.58807527493921
1 35022U 93036AGK 18242.20108833  .00000145  00000-0  42465-4 0  9990
2 35022  74.0299 315.0760 0053304  94.8256 265.8995 14.51729659498325
1 35023U 93036AGL 18242.23852319  .00000375  00000-0  86082-4 0  9997
2 35023  74.0515 290.8603 0068911 335.4114 138.0778 14.57753777493116
1 35025U 93036AGN 18241.79495760 +.00000188 +00000-0 +41369-4 0  9993
2 35025 073.9401 172.2029 0100929 334.4846 025.1355 14.62215036496669
1 35026U 93036AGP 18241.52927351 +.00000023 +00000-0 +12702-4 0  9998
2 35026 074.0469 295.8197 0085604 003.4723 063.2791 14.52160947494892
1 35028U 93036AGR 18242.39426104  .00000013  00000-0  10039-4 0  9996
2 35028  74.0374 268.8239 0086449 353.6742  63.6499 14.54476531496606
1 35031U 93036AGU 18240.32473069 +.00000090 +00000-0 +40175-4 0  9992
2 35031 074.0386 111.3983 0019132 142.2210 218.0290 14.35763709270406
1 35032U 93036AGV 18240.74582358 +.00000322 +00000-0 +10043-3 0  9999
2 35032 073.8581 358.1073 0086531 016.9995 053.3329 14.42960191491608
1 35033U 93036AGW 18238.95990467 +.00000313 +00000-0 +10709-3 0  9993
2 35033 074.0300 086.2957 0017059 120.8006 239.4831 14.40302311274895
1 35036U 93036AGZ 13089.71680854 +.00005966 +00000-0 +24488-2 0  9992
2 35036 074.0749 230.0672 0108135 310.7742 048.7503 14.24118514205366
1 35037U 93036AHA 18241.49307925 +.00000746 +00000-0 +16417-3 0  9993
2 35037 074.0043 286.8444 0045145 018.5903 341.6898 14.58725816280364
1 35038U 93036AHB 18241.83312765 +.00000749 +00000-0 +39796-3 0  9998
2 35038 074.0778 061.7911 0147782 000.6647 059.7900 14.09752976479382
1 35039U 93036AHC 18241.55186347  .00002206  00000-0  39263-3 0  9992
2 35039  74.0196 327.5170 0030882 342.5575  17.4530 14.67446441494396
1 35042U 93036AHF 18241.46327591  .00003112  00000-0  37716-3 0  9992
2 35042  74.0155 160.6124 0030882 277.7205  82.0466 14.83753187499677
1 35043U 93036AHG 18242.50307948  .00000697  00000-0  24620-3 0  9998
2 35043  73.9714 277.8044 0204640   3.5720 356.6829 14.25605427482934
1 35045U 93036AHJ 18240.18096361  .00000097  00000-0  77701-4 0  9999
2 35045  73.7201  50.0268 0193113 330.0470 144.8097 13.95670068475199
1 35049U 97051NV  18241.51070329  .00001986  00000-0  41795-3 0  9999
2 35049  86.3692  67.4727 0020095 260.1444  99.7496 14.58963975493969
1 35050U 97051NW  18242.42793574  .00003788  00000-0  52088-3 0  9995
2 35050  86.3069  30.1016 0024479 354.8207   5.2756 14.77856688495949
1 35051U 97051NX  18242.28606514  .00000297  00000-0  92028-4 0  9998
2 35051  86.3231  74.2801 0008265 194.6386 165.4574 14.37809448487659
1 35052U 97051NY  18242.30313836  .00000113  00000-0  32282-4 0  9997
2 35052  86.3274  76.7981 0013190 138.7900 344.8337 14.35513731493143
1 35054U 97051PA  18241.45755143  .00004160  00000-0  59527-3 0  9991
2 35054  86.3457  53.0399 0011308 345.4596  14.6296 14.76361254497456
1 35056U 91025AA  10030.87953118 -.00001994 +00000-0 -16813-1 0  9997
2 35056 065.3186 054.7376 5610935 349.0324 002.6415 04.25227581010506
1 35058U 93036AHM 18242.09290506  .00003567  00000-0  25990-3 0  9999
2 35058  74.0064  34.0018 0059652  78.9712 281.8178 15.02738309504171
1 35059U 93036AHN 18241.63366243  .00001721  00000-0  31743-3 0  9994
2 35059  73.9931 301.4887 0029766 355.8644 162.4411 14.66046700495171
1 35060U 93036AHP 18241.32568813  .00000183  00000-0  70677-4 0  9990
2 35060  74.0381 107.2523 0019196 129.7670 230.5178 14.36709195490360
1 35061U 93036AHQ 18240.58730863  .00000323  00000-0  83075-4 0  9996
2 35061  74.0514 319.1998 0051596  30.8610 329.5567 14.53480900498880
1 35062U 93036AHR 18241.05374562 -.00000068 +00000-0 -23847-4 0  9999
2 35062 074.0987 095.2540 0155287 038.0423 112.2299 14.07436131479271
