1 36170U 99025DST 18241.64089934 +.00000814 +00000-0 +63047-3 0  9997
2 36170 097.9993 037.1386 0134534 254.1798 104.4497 13.90960614262018
1 36172U 99025DSV 18237.70805176  .00000430  00000-0  36342-3 0  9997
2 36172  98.1529  50.1292 0221709  78.9848 283.6159 13.81089185531905
1 36173U 99025DSW 18242.09010344  .00000099  00000-0  56214-4 0  9993
2 36173  98.2750 346.2110 0156748  77.3754 284.4901 14.21263589557404
1 36177U 99025DTA 18231.96666720 +.00000320 +00000-0 +20146-3 0  9997
2 36177 098.8795 290.0498 0042320 248.6199 111.0453 14.10843449263301
1 36180U 99025DTD 18231.20436784 +.00000209 +00000-0 +10293-3 0  9991
2 36180 098.4003 022.3448 0233826 167.1323 194.1914 14.13312449044553
1 36181U 99025DTE 18242.38311613  .00001521  00000-0  36721-3 0  9998
2 36181  98.9337  99.5171 0056695 109.3623 251.3712 14.53799381509833
1 36182U 99025DTF 18241.36570141  .00000658  00000-0  32913-3 0  9998
2 36182  99.1364  27.2701 0027569 143.3433 216.9635 14.20186148501781
1 36184U 99025DTH 18239.54196530  .00000551  00000-0  38582-3 0  9993
2 36184  98.6476 349.4317 0142004 240.7521 117.9383 13.97613758531570
1 36186U 99025DTK 18240.44708716  .00001083  00000-0  52481-3 0  9996
2 36186  99.0244 311.5104 0061604 181.1490 244.6148 14.19614696501260
1 36188U 99025DTM 18241.09586985  .00000900  00000-0  36328-3 0  9991
2 36188  98.7511 293.7422 0077420 274.3714  84.8625 14.28813795502947
1 36189U 99025DTN 12036.06851140 +.00002808 +00000-0 +88705-3 0  9998
2 36189 098.9616 121.3044 0096676 332.4048 025.8088 14.38444906200063
1 36190U 99025DTP 18240.41095116  .00000524  00000-0  25171-3 0  9996
2 36190  98.8254 296.0952 0045488  41.5059  16.8857 14.22622634498551
1 36191U 99025DTQ 13288.07624279 +.00009348 +00000-0 +25727-2 0  9993
2 36191 098.9631 032.7587 0078303 005.0034 014.3805 14.45339165248739
1 36192U 99025DTR 18241.61648875  .00001589  00000-0  32142-3 0  9995
2 36192  98.7467  15.4043 0148313  84.4320 277.3770 14.56128387582027
1 36194U 99025DTT 18153.02991968 +.00007218 +00000-0 +10145-2 0  9991
2 36194 099.0324 089.9399 0028089 312.9967 046.8886 14.77469740205649
1 36196U 99025DTV 18239.47014750  .00000771  00000-0  42971-3 0  9992
2 36196  99.0322 320.1639 0042793 217.5491 142.2690 14.13594761545616
1 36197U 99025DTW 18241.37560027  .00000670  00000-0  37709-3 0  9999
2 36197  98.9151 300.0190 0063487 223.8724 135.7396 14.12826689521380
1 36198U 99025DTX 18241.57474730  .00000643  00000-0  47208-3 0  9992
2 36198  98.6820   9.2023 0101233 345.3177  14.5051 13.96721284522174
1 36199U 99025DTY 18242.39571490  .00000119  00000-0  64974-4 0  9993
2 36199  98.6069 315.1557 0095265 326.2664  33.2477 14.26306360559793
1 36200U 99025DTZ 18241.81335789 +.00001019 +00000-0 +53799-3 0  9993
2 36200 099.4170 087.9655 0068811 022.6110 337.8068 14.15150441354417
1 36203U 99025DUC 18238.26132955 +.00000282 +00000-0 +75433-4 0  9992
2 36203 099.1578 247.4214 0125050 308.6048 050.4000 14.52924079245734
1 36204U 99025DUD 18239.92102067 +.00000574 +00000-0 +28065-3 0  9990
2 36204 099.2933 133.7709 0021756 204.1928 155.8228 14.22115756564706
1 36205U 99025DUE 11295.45276802 +.00001375 +00000-0 +74992-3 0  9993
2 36205 099.4200 034.7726 0093380 264.4067 094.5786 14.11790677211403
1 36206U 99025DUF 18240.99914694  .00000150  00000-0  97391-4 0  9997
2 36206  98.7679 306.5817 0035029 118.4920 241.9789 14.15939377554822
1 36207U 99025DUG 18241.95016779 +.00000550 +00000-0 +44347-3 0  9998
2 36207 098.5865 280.0483 0167814 110.7417 251.1816 13.87747673229318
1 36209U 99025DUJ 13099.82431060 +.00002928 +00000-0 +20441-2 0  9995
2 36209 098.9594 043.4199 0085947 352.7301 031.1569 13.97556870232980
1 36211U 99025DUL 18241.94991435  .00000093  00000-0  45892-4 0  9992
2 36211  98.6697 286.5626 0292325  27.3857 334.2390 14.17886576565924
1 36214U 99025DUP 18226.50226116 +.00000536 +00000-0 +26260-3 0  9996
2 36214 099.0482 320.5401 0062289 105.2801 255.5272 14.21129723263594
1 36216U 99025DUR 18239.30046313 +.00000085 +00000-0 +65014-4 0  9999
2 36216 098.8927 268.4299 0047804 083.9082 276.7535 14.15711906266482
1 36217U 99025DUS 12115.81362206 -.00146116 +00000-0 -35315-1 0  9991
2 36217 099.0939 243.0267 0145269 137.5089 224.4337 14.47705461181288
1 36218U 99025DUT 18241.29178691  .00000554  00000-0  15427-3 0  9990
2 36218  99.0484 189.1895 0108200  22.4803 338.1077 14.47462073524678
1 36219U 99025DUU 11314.51712922 +.00011233 +00000-0 +32465-2 0  9997
2 36219 099.0425 054.6491 0138383 256.1791 102.4738 14.39267131171335
1 36222U 99025DUX 18241.94085168  .00000533  00000-0  24197-3 0  9994
2 36222  98.7449 293.4468 0057746 326.9231  32.8341 14.25156247574070
1 36223U 99025DUY 18241.94820101 +.00000755 +00000-0 +41721-3 0  9997
2 36223 098.3672 277.5409 0130261 050.2541 311.0023 14.09880142555122
1 36224U 99025DUZ 18239.23726187 +.00000025 +00000-0 +37283-4 0  9995
2 36224 099.1009 251.3963 0115614 312.1761 046.9635 14.11611948268314
1 36225U 99025DVA 18241.90438660  .00000528  00000-0  12402-3 0  9992
2 36225  98.8391 125.2989 0110942 229.4488 129.7007 14.55542512575038
1 36226U 99025DVB 18241.58801045  .00000948  00000-0  64513-3 0  9994
2 36226  98.6404  14.4032 0107084 288.9401  70.0183 13.99585840512715
1 36228U 99025DVD 18241.89640002  .00001183  00000-0  33733-3 0  9996
2 36228  99.2991 217.2895 0133785  52.8313 308.5003 14.42281422514026
1 36229U 99025DVE 18238.32960972  .00000494  00000-0  38997-3 0  9993
2 36229 100.9147 282.0036 0127520 147.1433 275.3047 13.94022657550655
1 36230U 99025DVF 18240.35525466 +.00000575 +00000-0 +61605-3 0  9998
2 36230 099.6469 290.6123 0232156 168.1364 192.5381 13.66862233254325
1 36231U 99025DVG 18240.88417230 +.00000020 +00000-0 +34660-4 0  9993
2 36231 098.7144 281.0986 0061420 351.3663 008.6447 14.10806098479875
1 36232U 99025DVH 18240.33790987  .00000035  00000-0  41339-4 0  9994
2 36232  98.7713 277.1592 0122183  30.8616 329.9663 14.09777336545332
1 36234U 99025DVK 18237.09449788 -.00000027  00000-0  17190-4 0  9995
2 36234  98.9818 188.7676 0317724 270.2465  86.2271 13.44090050521107
1 36236U 99025DVM 18225.20884554 +.00000040 +00000-0 +71072-4 0  9994
2 36236 098.8592 014.1540 0154504 341.5545 017.7551 13.80261912003118
1 36237U 99025DVN 18240.48638107 +.00002830 +00000-0 +54254-3 0  9994
2 36237 098.9231 128.8172 0061771 034.6671 325.8531 14.63456844205428
1 36238U 99025DVP 18241.08655880 -.00000034 +00000-0 +46993-5 0  9997
2 36238 098.6943 286.4948 0020457 316.7697 043.1868 14.11689386494454
1 36240U 99025DVR 11019.03930629 +.00002692 +00000-0 +74312-3 0  9993
2 36240 099.3841 106.8314 0365396 101.4675 257.3222 14.14911744114690
1 36241U 99025DVS 18241.65407448  .00004771  00000-0  28147-3 0  9999
2 36241  98.3355  35.0215 0181081 230.2940 128.2199 14.99326530515999
1 36242U 99025DVT 18237.65098531  .00000519  00000-0  34554-3 0  9999
2 36242  98.1527 174.5697 0074055  47.4757 313.2635 14.03636533558909
1 36243U 99025DVU 18240.39928393 +.00001121 +00000-0 +12031-3 0  9999
2 36243 099.2214 095.9970 0144978 260.4197 098.0606 14.84039616281000
1 36244U 99025DVV 18240.40234422 +.00000521 +00000-0 +31330-3 0  9991
2 36244 098.9859 313.2367 0059083 273.7302 085.7113 14.10420400543321
1 36246U 99025DVX 11280.44747633 +.00000673 +00000-0 +39647-3 0  9994
2 36246 099.0174 275.0128 0133011 273.8003 076.1936 14.07157088274512
1 36247U 99025DVY 18241.41274784 +.00000157 +00000-0 +68117-4 0  9990
2 36247 098.5764 309.0059 0201423 330.4504 028.5413 14.27337585322397
1 36248U 99025DVZ 18240.43003806  .00000656  00000-0  51953-3 0  9990
2 36248  98.1466  50.5280 0215572  51.6738 310.3584 13.83947940491489
1 36250U 99025DWB 13085.57901125 +.00013307 +00000-0 +37280-2 0  9994
2 36250 099.1267 213.7682 0084089 190.6674 168.9664 14.44115645212777
1 36254U 99025DWF 18239.83656649  .00000755  00000-0  17906-3 0  9998
2 36254  99.5805  90.5423 0123249 156.0344 204.6653 14.53193091506389
1 36255U 99025DWG 18238.25025670 +.00000258 +00000-0 +12257-3 0  9990
2 36255 099.5043 251.1966 0073226 229.7829 191.1045 14.27494008259154
1 36257U 99025DWJ 18241.72418754  .00001313  00000-0  49097-3 0  9992
2 36257  99.1239  61.7287 0024743 175.6455 184.4947 14.33486687498820
1 36258U 99025DWK 18241.04447898  .00000186  00000-0  37711-4 0  9997
2 36258  99.0476 317.6031 0206898  19.9759 340.9390 14.62360908520380
1 36259U 99025DWL 18237.35441295 +.00000638 +00000-0 +29187-3 0  9991
2 36259 098.8621 283.3847 0005337 179.5785 239.7419 14.25037867339784
1 36260U 99025DWM 18241.52500119 -.00000004 +00000-0 +21060-4 0  9999
2 36260 098.8381 269.4898 0015206 285.4238 074.5254 14.13806017501798
1 36261U 99025DWN 18143.79676173 +.00000052 +00000-0 +12894-3 0  9990
2 36261 101.3983 357.8701 0361632 333.5932 024.7152 13.43073551473620
1 36262U 99025DWP 18241.56535816 +.00000089 +00000-0 +56854-4 0  9998
2 36262 098.9335 006.7204 0063183 023.6141 336.7915 14.24747657515658
1 36263U 99025DWQ 18241.10728976 +.00000795 +00000-0 +36468-3 0  9992
2 36263 098.9531 352.7642 0050050 064.7095 295.9257 14.23536401499478
1 36265U 99025DWS 11139.42886204 +.00007978 +00000-0 +11728-2 0  9998
2 36265 099.4825 014.4538 0201480 238.6911 118.0926 14.62900854125353
1 36266U 99025DWT 18230.56190163  .00000818  00000-0  51363-3 0  9991
2 36266  98.9092 150.3684 0068355 269.5720  89.7616 14.06158211498486
1 36267U 99025DWU 18241.48031574  .00000683  00000-0  44919-3 0  9994
2 36267  98.5542 328.9585 0154964 141.7255 281.5281 13.99222283493917
1 36269U 99025DWW 18240.24153749  .00000177  00000-0  81843-4 0  9994
2 36269  99.2290  49.4342 0258548 304.8317  52.8782 14.18174723499780
1 36270U 99025DWX 18241.56849865  .00000811  00000-0  43697-3 0  9992
2 36270  99.0515 290.8837 0075904 138.2840 222.4154 14.14171825558267
1 36271U 99025DWY 18241.31287989  .00001626  00000-0  77199-3 0  9998
2 36271  99.1026 264.8880 0101936 318.5291  40.8180 14.18299818535581
1 36272U 99025DWZ 18242.13441278  .00000209  00000-0  11748-3 0  9997
2 36272  99.0904   4.7479 0177694 198.5945 160.8679 14.13104818512904
1 36273U 99025DXA 18242.20749614  .00000070  00000-0  61181-4 0  9994
2 36273  99.6431 232.9155 0100161 175.6857 184.5199 14.13603268545915
1 36274U 99025DXB 18241.17397083  .00000630  00000-0  42633-3 0  9991
2 36274  99.1914 233.1731 0080789  89.3307 333.7937 14.02491165531916
1 36278U 99025DXF 18233.20122859 +.00000091 +00000-0 +72023-4 0  9995
2 36278 099.2463 029.1971 0063251 241.2530 118.2277 14.13727996557154
1 36279U 99025DXG 18242.39158046 -.00000004  00000-0  19763-4 0  9990
2 36279  98.6927 296.0620 0064062 118.0626 242.7045 14.13496665516727
1 36280U 99025DXH 18241.08439376  .00000212  00000-0  16245-3 0  9996
2 36280  99.0097 286.9477 0066303 308.4513  80.4716 14.02985664490419
1 36281U 99025DXJ 18241.37067440 +.00000230 +00000-0 +32218-3 0  9996
2 36281 099.2606 304.8370 0322110 004.0635 356.3004 13.47587128485594
1 36283U 99025DXL 18241.85831818  .00000453  00000-0  90764-4 0  9997
2 36283  99.4414 110.9839 0142386 276.5713  81.9292 14.62057151593168
1 36289U 08053K   18241.70829340  .00000182  00000-0  21880-4 0  9997
2 36289  97.7063 221.1851 0014426 168.8159 191.3385 14.94907662522138
1 36290U 08053L   18241.73976369 -.00000308 +00000-0 -20908-4 0  9998
2 36290 097.6335 224.8827 0021270 136.9442 223.3449 14.98301707301819
1 36291U 08056G   18242.24713936  .00000144  00000-0  10318-3 0  9997
2 36291  98.4113  53.6591 0175962 206.4715 152.7384 14.02892091500105
1 36292U 08056H   18242.39784433  .00000280  00000-0  19382-3 0  9995
2 36292  98.5744  99.8037 0163563 286.3339  71.9895 14.00382199500837
1 36293U 01049QN  11360.11946871 +.00006660 +00000-0 +10944-2 0  9993
2 36293 097.8436 224.6670 0115746 126.8097 224.4155 14.66525754253419
1 36294U 00033E   11155.37890151 -.00010230 +00000-0 -19214-2 0  9994
2 36294 098.2991 206.5319 0016321 128.4357 231.6048 14.64487700179454
1 36304U 99057SV  18242.27526019  .00000672  00000-0  14951-3 0  9993
2 36304  98.7883 250.6494 0062194 154.9305 205.4935 14.59404206760680
1 36317U 99057SW  12262.82654397 +.00008310 +00000-0 +23171-2 0  9995
2 36317 098.2292 239.0088 0008866 057.8207 300.5862 14.46498096205182
1 36366U 93036AYT 18241.66262613 +.00000279 +00000-0 +14352-3 0  9999
2 36366 074.0738 352.3715 0114120 318.2543 040.9933 14.16562942484774
1 36367U 93036AYU 18235.75397116 +.00000135 +00000-0 +11473-3 0  9992
2 36367 074.0978 010.0599 0288475 357.5531 002.4159 13.78288340207081
1 36368U 93036AYV 18241.63293383  .00000565  00000-0  28088-3 0  9995
2 36368  74.1584 108.9096 0149259 344.0358  15.6103 14.13662330454296
1 36369U 93036AYW 18239.14598452  .00000629  00000-0  18156-3 0  9990
2 36369  74.0417  53.6247 0027224  86.9540 273.4733 14.46446229473104
1 36371U 93036AYY 18241.96379999  .00000639  00000-0  20719-3 0  9998
2 36371  74.0244 104.4030 0022951  73.4341 286.9332 14.40806356470681
1 36372U 93036AYZ 18241.37618105  .00001229  00000-0  37212-3 0  9991
2 36372  74.0126 129.6787 0046992 108.8627 251.7633 14.42725357470452
1 36375U 93036AZC 18237.63026536  .00000918  00000-0  19389-3 0  9998
2 36375  74.0485 337.9299 0016103  19.7615 340.4171 14.60796317488055
1 36378U 93036AZF 18242.23920571  .00002015  00000-0  22222-3 0  9995
2 36378  74.0579  78.8886 0085014 112.0930 248.9304 14.85606489479641
1 36379U 93036AZG 18241.10407675  .00000160  00000-0  67956-4 0  9999
2 36379  74.0142 140.5327 0049210 180.9316 247.6497 14.32281683490060
1 36380U 93036AZH 18241.08440131  .00019182  00000-0  70997-3 0  9994
2 36380  73.9723  30.4687 0010121 108.7656 251.4644 15.27580962484422
1 36381U 93036AZJ 18242.10989443  .00001317  00000-0  41543-3 0  9999
2 36381  74.0256 150.2658 0053449 125.7606 234.8536 14.40464544465828
1 36383U 93036AZL 13296.83179861 +.00008729 +00000-0 +24920-2 0  9993
2 36383 073.8221 100.1751 0170930 139.0065 226.7337 14.37040104210981
1 36384U 93036AZM 18241.83794984 +.00001029 +00000-0 +26690-3 0  9991
2 36384 074.0310 041.6095 0018458 044.1814 316.0817 14.50933064482515
1 36385U 93036AZN 18241.93854317 +.00000509 +00000-0 +12942-3 0  9997
2 36385 073.9860 109.0783 0223799 186.0446 173.8004 14.39468036466024
1 36387U 93036AZQ 18242.10277956  .00001211  00000-0  39014-3 0  9997
2 36387  74.0008 155.0446 0060053 159.1623 264.1580 14.39322410464227
1 36388U 93036AZR 13077.20668407 -.00000040 +00000-0 +00000-0 0  9995
2 36388 073.9593 030.2761 0101647 288.4450 070.6169 14.73089513187652
1 36390U 97051VU  18242.20926877  .00000487  00000-0  11849-3 0  9996
2 36390  86.3027  41.1202 0048334 143.9888 216.4590 14.49902468496207
1 36419U 93036AZS 18240.17148124 +.00001120 +00000-0 +40647-3 0  9995
2 36419 073.8490 172.1103 0105883 265.4265 093.4784 14.31501276266690
1 36420U 93036AZT 18241.38319537  .00000075  00000-0  35689-4 0  9998
2 36420  74.0374 117.4782 0018375 140.8280 341.6993 14.34795606469592
1 36422U 93036AZV 18241.77176860  .00001667  00000-0  21897-3 0  9996
2 36422  74.0103 164.0248 0117008 340.3832  19.2857 14.76480149492909
1 36423U 93036AZW 18241.14339593 +.00001972 +00000-0 +74462-3 0  9997
2 36423 073.8322 045.1172 0301317 163.4347 197.6906 14.09842290279812
1 36424U 93036AZX 18241.58183098  .00000928  00000-0  36916-3 0  9995
2 36424  74.1828 343.2156 0102533 176.2852 183.9083 14.27133866459865
1 36430U 93036BAD 18238.33170333 +.00000157 +00000-0 +77097-4 0  9999
2 36430 074.0050 239.5718 0104506 285.6445 073.3189 14.23099850266061
1 36432U 93036BAF 18237.45736601  .00004880  00000-0  28487-3 0  9994
2 36432  73.7111 276.6904 0042392 342.0745  17.8948 15.11490287474548
1 36434U 93036BAH 13228.56050817 +.00003568 +00000-0 +13066-2 0  9999
2 36434 074.0702 267.4289 0034551 358.8433 322.1003 14.32889054205161
1 36435U 93036BAJ 18231.06995213 +.00000867 +00000-0 +29840-3 0  9999
2 36435 073.8289 146.1039 0095826 251.3871 107.6855 14.35050731198909
1 36437U 93036BAL 18241.09499081 +.00000614 +00000-0 +18254-3 0  9994
2 36437 073.9538 027.6576 0029528 133.0648 227.2989 14.45079583274349
1 36439U 93036BAN 18241.47797079 +.00000109 +00000-0 +12525-3 0  9990
2 36439 073.9701 293.5216 0449236 061.4537 303.1019 13.41559394228627
1 36441U 93036BAQ 18241.58612927  .00000441  00000-0  48783-4 0  9998
2 36441  73.8453 319.1267 0171385 254.0621 104.1613 14.81335691475614
1 36442U 93036BAR 18241.88257962  .00000444  00000-0  13457-3 0  9998
2 36442  73.9891  72.6408 0039570 110.3345 250.2070 14.44695846472286
1 36447U 93036BAW 18241.59106603  .00002232  00000-0  17929-3 0  9991
2 36447  73.9336 320.3393 0081227 152.6096 207.9408 14.98182476479739
1 36448U 93036BAX 18241.14532465  .00001243  00000-0  39265-3 0  9990
2 36448  74.0885 163.2611 0045960  55.9422 304.6084 14.40626190455518
1 36450U 93036BAZ 13089.48240103 +.00003607 +00000-0 +11742-2 0  9995
2 36450 074.0398 140.7396 0032971 235.7057 124.0885 14.38788761183892
1 36451U 93036BBA 18241.08790686 +.00000787 +00000-0 +38519-3 0  9991
2 36451 073.9427 019.4666 0211218 044.4719 074.8344 14.08487449466600
1 36453U 93036BBC 18241.89332442 +.00000391 +00000-0 +13305-3 0  9991
2 36453 073.9300 076.1736 0086776 199.5390 225.6868 14.37903683461108
1 36454U 93036BBD 18235.43388428 +.00001769 +00000-0 +26463-3 0  9999
2 36454 074.0037 259.3620 0010239 057.6608 302.5555 14.75508953330232
1 36456U 93036BBF 14183.06912349 +.00003814 +00000-0 +14473-2 0  9993
2 36456 074.0436 075.9736 0061913 063.4710 297.2768 14.30331568268964
1 36457U 93036BBG 13063.87464931 +.00002647 +00000-0 +70111-3 0  9993
2 36457 074.0490 138.3420 0046066 343.0822 016.8798 14.48644601180181
1 36459U 93036BBJ 18234.84566575 +.00000224 +00000-0 +12731-3 0  9997
2 36459 074.0192 050.8403 0141910 059.9531 301.5596 14.10201920231858
1 36461U 93036BBL 18241.62581683  .00011394  00000-0  42505-3 0  9993
2 36461  73.9335 217.2419 0045229 351.6606   8.3836 15.26491268477681
1 36463U 93036BBN 11261.76257337 +.00006891 +00000-0 +19098-2 0  9997
2 36463 074.0422 055.8246 0026538 049.8201 313.1857 14.46548218108337
1 36467U 93036BBS 18238.38880881  .00000876  00000-0  35336-3 0  9997
2 36467  73.8621 240.3009 0134013 336.5557  89.6490 14.24766751461571
1 36470U 93036BBV 18238.97716931 +.00000672 +00000-0 +18183-3 0  9995
2 36470 073.8702 344.7226 0068182 352.5027 007.5105 14.48490329272335
1 36476U 93036BCB 18239.10252827  .00001306  00000-0  31121-3 0  9998
2 36476  74.0333  28.4253 0020909  33.0936 327.1530 14.54657525483523
1 36479U 93036BCE 18242.37233224  .00002653  00000-0  19082-3 0  9992
2 36479  74.0278  16.6334 0049267  58.2669 302.3307 15.03841640486611
1 36482U 97051VY  18196.62219738 +.00000949 +00000-0 +22573-3 0  9992
2 36482 086.3693 077.4287 0031014 322.8727 037.0832 14.52574551000018
1 36483U 97051VZ  18241.91739938 +.00000302 +00000-0 +95298-4 0  9993
2 36483 086.3804 098.5183 0007920 232.3166 127.7313 14.36918098268605
1 36485U 97051WB  18242.24927840  .00002032  00000-0  77060-3 0  9991
2 36485  86.4477 171.1079 0107732 232.9954 126.1343 14.27539244454750
1 36486U 97051WC  18241.20259261 +.00001822 +00000-0 +35822-3 0  9998
2 36486 086.3508 056.8490 0020990 076.8801 283.4750 14.61973058273411
1 36487U 97051WD  18242.10636833  .00002547  00000-0  12338-2 0  9994
2 36487  86.3777 177.3404 0170439 128.2365 233.4299 14.10760929453132
1 36488U 97051WE  18241.96007439  .00028347  00000-0  12778-2 0  9996
2 36488  86.4332  67.2539 0009141 109.4342 250.7891 15.20871562485845
1 36489U 97051WF  17251.26372416  .00020841  00000-0  26781-2 0  9990
2 36489  86.4165 234.3832 0013266  87.4959 272.7781 14.81010893440958
1 36490U 97051WG  18242.31782363  .00000607  00000-0  16535-3 0  9990
2 36490  86.3744  83.1851 0001790  41.4200 318.7138 14.45873621478472
1 36492U 97051WJ  18241.60000542  .00001607  00000-0  35813-3 0  9996
2 36492  86.4231  98.0461 0015253  23.2656 336.9239 14.56264183487541
1 36493U 97051WK  18241.31259353  .00000579  00000-0  16494-3 0  9992
2 36493  86.3613  81.5439 0014626 224.9735 135.0282 14.43577082485622
1 36495U 97051WM  18239.96342314  .00013028  00000-0  12539-2 0  9990
2 36495  86.3919  68.9757 0007401 252.4344 107.6076 14.92866876464012
1 36497U 97051WP  18242.09848557  .00000617  00000-0  19816-3 0  9996
2 36497  86.1651  15.2801 0071542 257.7953 225.6236 14.36422467477599
1 36526U 93036BCL 11363.76566903 +.00008279 +00000-0 +11660-2 0  9991
2 36526 073.9721 149.0762 0149228 135.0059 226.5290 14.69981048121203
1 36528U 93036BCN 18241.43036139  .00000338  00000-0  15783-3 0  9991
2 36528  74.0188 263.8804 0096968 218.9847 140.4282 14.21661328462537
1 36529U 93036BCP 18241.32641469 +.00001563 +00000-0 +75781-3 0  9993
2 36529 074.0534 099.8842 0180536 089.5013 032.0438 14.10971442232762
1 36530U 93036BCQ 18242.10919251  .00001254  00000-0  24692-3 0  9991
2 36530  74.0170 282.2317 0030334   0.8053 359.3157 14.63380790463469
1 36531U 93036BCR 18241.45340948  .00001838  00000-0  11297-2 0  9994
2 36531  74.1127 290.9111 0253335 254.6706 102.6300 13.91655816448481
1 36532U 93036BCS 18239.11809205  .00001203  00000-0  18417-3 0  9999
2 36532  73.9949 161.0203 0065035 306.5748 112.5955 14.73575058472430
1 36533U 93036BCT 18242.08596397  .00000150  00000-0  52010-4 0  9993
2 36533  74.0149  37.2123 0053467 107.3845 253.3168 14.42902956462178
