1 41077U 00055AL  18242.14071910 -.00000092  00000-0 -36566-4 0  9992
2 41077  99.1170 310.2572 0116997  45.2010 315.8590 13.91134604140001
1 41016U 99025EXW 18240.63384802  .00000508  00000-0  34633-3 0  9991
2 41016  98.2574 177.1627 0177247 150.8245 209.1394 13.96294917227294
1 40808U 93036BWM 18241.55769745 +.00000530 +00000-0 +16678-3 0  9994
2 40808 074.0513 087.6788 0020719 077.6590 311.9694 14.42689397250754
1 41000U 99025EXE 18241.57010264 +.00001063 +00000-0 +92639-3 0  9993
2 41000 097.5428 003.5255 0385375 332.6938 025.4405 13.58354735480586
1 40791U 94085AC  16032.64074536 +.00046495 +00000-0 +73830+0 0  9992
2 40791 064.1082 107.4065 0719450 347.4562 010.9254 11.30302846022995
1 41093U 00055BC  18241.52430743 +.00001783 +00000-0 +60039-3 0  9991
2 41093 098.8774 350.0196 0091572 042.0923 318.7249 14.36024831143734
1 41056U 00055P   18242.73869335  .00000197  00000-0  13890-3 0  9998
2 41056  98.8092 307.1607 0015498 288.4619  71.4866 14.08951279142110
1 40872U 12035F   18097.02015033 -.00000171 +00000-0 +00000-0 0  9991
2 40872 002.8071 089.3264 0088581 151.1408 209.6572 01.02741501017014
1 40688U 99025EWU 15285.94058789 +.00000168 +00000-0 +18490-3 0  9992
2 40688 099.1383 191.7657 0144549 271.7378 086.7224 13.81080720046929
1 41080U 00055AP  18242.16991225 -.00000915  00000-0 -46252-3 0  9994
2 41080  98.8226 314.7200 0007654 115.2646 244.9320 14.13534839141757
1 41023U 15061B   18241.87044142 +.00001480 +00000-0 +15147-3 0  9993
2 41023 097.2770 279.4768 0199716 003.7898 356.4771 14.78282934152677
1 40695U 99025EXB 16161.90903522  .00000402  00000-0  79062-4 0  9998
2 40695  99.4732 197.5169 0306810 101.2274 262.5179 14.43406860375466
1 41064U 00055X   18241.75507308 +.00000747 +00000-0 +39877-3 0  9991
2 41064 098.8718 320.1619 0023068 172.2621 187.8913 14.16188460142597
1 41003U 99025EXH 18241.57230020  .00001239  00000-0  46647-3 0  9993
2 41003  98.9613 359.8178 0143874 195.9748 163.6870 14.27807102220194
1 40794U 93036BVX 18241.98901887  .00000404  00000-0  13395-3 0  9993
2 40794  73.9942 103.6535 0039438 121.4579 303.2844 14.40589032233243
1 41096U 00055BF  18241.58163514 +.00002314 +00000-0 +55388-3 0  9991
2 41096 098.8678 009.0388 0135283 332.0071 027.3890 14.49217685144874
1 40864U 12008AE  17023.10082114 -.00001573  00000-0 -53895-1 0  9992
2 40864  19.8280 138.4121 7094240 218.2016  59.9189  2.25211943 16533
1 40691U 99025EWX 18233.84774651  .00000025  00000-0  55306-4 0  9994
2 40691  99.3754 254.9580 0129467 307.9020  51.0487 13.88873944183622
1 40811U 93036BWQ 18234.82156461  .00000933  00000-0  17125-3 0  9990
2 40811  74.0260 289.2818 0047147 335.3683  24.5234 14.66568835652967
1 41083U 00055AS  18242.49117961  .00000080  00000-0  11071-3 0  9992
2 41083  98.8921 258.0824 0208958 167.4378 193.2094 13.73006451138226
1 41041U 15064D   18242.38834482  .00001645  00000-0  12862-3 0  9991
2 41041  97.2446 297.1508 0206339   5.7402 354.6110 14.87088898150790
1 41006U 99025EXL 18241.20580830  .00000566  00000-0  59589-3 0  9994
2 41006 102.3690  10.8208 0214612  96.9668 265.5930 13.71522108208801
1 41059U 00055S   18241.84949143  .00000123  00000-0  85107-4 0  9998
2 41059  98.8456 320.0057 0023160 156.0209 204.2049 14.15537245142637
1 41126U 00055BH  18241.93603532 +.00000551 +00000-0 +39751-3 0  9990
2 41126 098.8637 293.1613 0078500 050.1292 310.6742 13.99294279139732
1 41062U 00055V   18241.90054566 +.00000666 +00000-0 +42966-3 0  9992
2 41062 098.8674 305.1250 0028104 332.8531 027.1166 14.06216933141647
1 41129U 00055BL  18242.06746159  .00001824  00000-0  62467-3 0  9995
2 41129  98.8739 348.7191 0088145  29.1340 331.4721 14.35322716143183
1 40990U 15034F   18222.22968868 -.00000004  00000-0  00000+0 0  9993
2 40990   1.3136 207.2013 0079104  18.7281 340.8274  1.02651393 11450
1 40993U 97051ABF 18241.52690959  .00002679  00000-0  51117-3 0  9990
2 40993  86.3750  76.8206 0024340  52.1469 337.0122 14.63455533323381
1 40694U 99025EXA 18213.37819325 +.00002941 +00000-0 +12175-2 0  9995
2 40694 098.3377 294.2833 0110247 032.6567 328.1855 14.24065163000012
1 40818U 10057AK  18239.23501082 -.00000205 +00000-0 +00000-0 0  9996
2 40818 020.6790 007.9521 7119576 175.0820 200.6983 02.25697717028587
1 41086U 00055AV  18242.45455106  .00000655  00000-0  29775-3 0  9995
2 41086  98.7874 325.6693 0051765  86.0452 274.6642 14.24436816143252
1 40830U 10057AX  15282.25758233  .00000102  00000-0  28443-2 0  9997
2 40830  20.5834  15.6925 7137220 234.6349  36.7777  2.22854353869431
1 40835U 10057BC  18235.61711411 -.00000261  00000-0  29361-3 0  9998
2 40835  20.4013  18.8887 7196347 160.4893 256.1491  2.20217351 27819
1 40797U 93036BWA 18237.13374049  .00000365  00000-0  48234-4 0  9999
2 40797  73.9399  33.4015 0124100 212.7119 269.4143 14.79261975340092
1 41070U 00055AD  18241.73610064 +.00004039 +00000-0 +31122-3 0  9993
2 41070 098.8378 056.5036 0239526 166.1503 194.6435 14.82333695148640
1 41009U 99025EXP 18236.27533321  .00000739  00000-0  37527-3 0  9991
2 41009  99.2271  39.4956 0020608 182.5433 177.5640 14.19142513209668
1 40800U 93036BWD 18237.24525524  .00001851  00000-0  39698-3 0  9996
2 40800  73.7910  73.9537 0187153 173.9806 308.2616 14.49077841339044
1 41012U 99025EXS 18171.42352996 +.00003408 +00000-0 +73442-3 0  9999
2 41012 099.0177 045.8965 0043431 037.7862 326.3816 14.58598215027666
1 40804U 93036BWH 18236.22494303  .00005289  00000-0  43195-3 0  9993
2 40804  74.0228 194.1768 0017177 222.8795 197.4495 14.99553750345004
1 41132U 00055BP  18242.40811448  .00000630  00000-0  29406-3 0  9991
2 41132  98.8150 326.8106 0051531  74.2078 286.4774 14.23279884141713
1 40711U 93055D   18240.63676612  .00001004  00000-0  73123-3 0  9991
2 40711  82.5480   8.1468 0019403 194.3190 165.7429 13.95211891702556
1 41046U 00055D   18241.72924408  .00000207  00000-0  13249-3 0  9998
2 41046  98.8569 317.9925 0014956 173.5212 186.6157 14.13896503142465
1 40824U 10057AR  17115.18755859  .00000770  00000-0  12337-1 0  9995
2 40824  19.3558 171.3014 7181525 252.2751  23.0491  2.22072289891642
1 41089U 00055AY  18242.40515238  .00000608  00000-0  34817-3 0  9997
2 41089  98.8460 314.0337 0007539  59.6549 300.5368 14.13178730141693
1 41052U 00055K   18241.68914605 +.00000424 +00000-0 +25951-3 0  9992
2 41052 098.9081 309.5865 0169512 281.7294 076.4899 14.04359153141501
1 41067U 00055AA  18241.78514966  .00000043  00000-0  47257-4 0  9996
2 41067  98.8330 313.7139 0005528 123.3984 236.7718 14.12485371142229
1 41073U 00055AG  18241.89273179 +.00000426 +00000-0 +23001-3 0  9998
2 41073 098.8416 321.5264 0024413 113.8158 246.5580 14.17808125142551
1 41015U 99025EXV 18241.27371481  .00014982  00000-0  86460-3 0  9996
2 41015  99.2618 256.9468 0138882 302.8561  55.9353 15.04604267161781
1 40807U 93036BWL 18240.46964059  .00001107  00000-0  45312-3 0  9995
2 40807  74.0258 279.9406 0106581 278.5310  80.3771 14.25347684390283
1 41135U 00055BS  18241.71696115 +.00000928 +00000-0 +39646-3 0  9996
2 41135 098.8311 331.7969 0061145 063.6639 297.0803 14.26448897142777
1 40996U 97051ABJ 18241.84008279  .00000692  00000-0  18530-3 0  9991
2 40996  86.3714  83.0036 0014080  52.7027   3.7374 14.46837470237498
1 40999U 99025EXD 18241.19382115  .00000489  00000-0  35650-3 0  9995
2 40999  99.2744 234.4572 0063280  18.8153 341.5329 14.00177708442631
1 41092U 00055BB  18241.53892696  .00002097  00000-0  71793-3 0  9998
2 41092  98.8792 348.4956 0081979  45.3206 315.4620 14.35461771143631
1 41055U 00055N   18241.81960449 +.00000552 +00000-0 +29782-3 0  9995
2 41055 098.8495 319.7748 0021986 138.8360 221.4477 14.16697772142716
1 40857U 12008X   18232.34985421 -.00000250  00000-0  50632-3 0  9994
2 40857  20.0280 314.8162 7159768 191.3966 133.5107  2.21538347 30335
1 41076U 00055AK  18241.44366750  .00000678  00000-0  12472-3 0  9999
2 41076  99.2338  64.8526 0208341 298.6097  59.4279 14.56886322146400
1 41079U 00055AN  18242.07756765  .00000062  00000-0  88673-4 0  9995
2 41079  98.9502 277.1399 0148553 114.1829 247.4935 13.81272866139007
1 41018U 99025EXY 18241.59942055  .00000584  00000-0  77603-3 0  9997
2 41018  99.8781 172.5799 0321616 187.5417 171.2107 13.45461722523183
1 41063U 00055W   18241.79722304  .00000524  00000-0  31775-3 0  9991
2 41063  98.8939 314.5270 0023301 256.1187 103.7391 14.10584731142075
1 41002U 99025EXG 18234.43493013  .00000446  00000-0  37009-3 0  9993
2 41002  98.1674  91.6240 0148656  16.1924 344.3914 13.88040602378636
1 40793U 93036BVW 18233.07253645  .00000297  00000-0  17669-3 0  9993
2 40793  73.9696 131.6744 0232445 145.2076 215.4013 13.98683117308516
1 41058U 00055R   18241.88676487 +.00000358 +00000-0 +23847-3 0  9991
2 41058 098.8180 304.3305 0025084 296.7702 063.0901 14.07358690141800
1 40989U 15034E   18237.54163045 -.00000015  00000-0  00000+0 0  9998
2 40989   1.2998 203.9794 0030621  95.1003 264.1335  1.01534481 11378
1 40690U 99025EWW 18234.08610946  .00000244  00000-0  21453-3 0  9994
2 40690  99.2783 183.8579 0096159 152.7261 207.8994 13.92852140241858
1 40810U 93036BWP 18241.08914388 +.00000309 +00000-0 +93723-4 0  9991
2 40810 074.0404 028.1408 0022148 115.6714 244.6735 14.46155451231091
1 41082U 00055AR  18242.17359999  .00000089  00000-0  12461-3 0  9998
2 41082  98.6998 227.1324 0222142 171.8334 188.6610 13.68075002137684
1 41040U 15064C   18238.19196697 +.00001221 +00000-0 +34294-4 0  9997
2 41040 097.3781 015.5516 0015514 188.3353 171.7637 15.38441020155681
1 40828U 10057AV  15203.28034756 +.00000353 +00000-0 +12955-1 0  9995
2 40828 020.8684 050.6336 7114068 165.2662 238.2739 02.24496229003816
1 41066U 00055Z   18241.87873484 +.00000243 +00000-0 +14698-3 0  9992
2 41066 098.8567 320.5048 0018098 135.3976 224.8657 14.15466534142576
1 41005U 99025EXK 18234.03162461  .00000131  00000-0  10514-3 0  9995
2 41005  99.0180 152.1281 0623187 343.8301  14.3712 13.38130186165833
1 41095U 00055BE  18241.23770137  .00002430  00000-0  97799-3 0  9998
2 41095  98.9916 348.6417 0055335  93.8699 266.8810 14.28200123142776
1 41119U 11077AJ  18241.48224208 -.00000183  00000-0  00000+0 0  9990
2 41119  20.8975 206.8246 7246841 329.7939   3.2488  1.69755097 22605
1 41061U 00055U   18241.88037491 +.00000334 +00000-0 +19220-3 0  9995
2 41061 098.8544 320.4970 0022816 159.1716 201.0393 14.15764976142630
1 40992U 97051ABE 18241.77540709  .00002192  00000-0  45814-3 0  9990
2 40992  86.3057  43.9982 0026257 117.6970 306.9662 14.59204560345250
1 40693U 99025EWZ 18237.12684077  .00000890  00000-0  10118-2 0  9993
2 40693  98.9011 204.1029 0299263 140.9209 221.3600 13.54911815220563
1 40817U 10057AJ  17236.88938045 -.00000060 +00000-0 -52377-3 0  9992
2 40817 019.0984 164.1085 7175230 265.6053 017.1545 02.19853558019504
1 41085U 00055AU  18242.74423779  .00000143  00000-0  93863-4 0  9999
2 41085  98.8496 321.9913 0023294 135.5313 224.7736 14.16408511142529
1 41045U 00055C   18242.42546126 -.00000041  00000-0  11906-5 0  9999
2 41045  98.7820 312.9580 0014105 150.3473 209.8502 14.14135395142618
1 40789U 94085AA  16079.87703944  .00010879  00000-0  13474+0 0  9992
2 40789  64.8695  35.7059 0934165 344.9896  10.9466 11.20836072 27621
1 40834U 10057BB  18241.89165386 -.00000175  00000-0  27484-3 0  9996
2 40834  20.5106  28.3098 7187420 141.1884 303.2023  2.19626692 27905
1 40796U 93036BVZ 18241.30188719  .00000491  00000-0  10189-3 0  9996
2 40796  74.0194 235.8747 0079916 319.5731  97.9927 14.61123851371477
1 41008U 99025EXN 18240.90939501 +.00000141 +00000-0 +10712-3 0  9999
2 41008 099.4287 127.4501 0522041 131.7480 232.9529 13.55959746203227
1 40799U 93036BWC 18241.68105665 +.00000411 +00000-0 +49720-4 0  9995
2 40799 073.9383 005.7372 0156797 149.5432 211.4970 14.79160872105051
1 40871U 12035E   18241.18350167 -.00000249 +00000-0 +00000-0 0  9994
2 40871 003.1650 087.6820 0032022 206.5966 032.3188 01.01518056022276
1 40995U 97051ABH 18241.92049949 +.00001030 +00000-0 +28295-3 0  9994
2 40995 086.3901 100.4824 0038888 241.8887 181.8809 14.45693999122647
1 40696U 99025EXC 18176.89093071 +.00000001 +00000-0 +32007-4 0  9997
2 40696 099.0091 208.5644 0079850 295.7236 063.5699 13.95501290447656
1 40823U 10057AQ  18241.29178214 -.00000098 +00000-0 +70962-3 0  9995
2 40823 020.9637 353.0878 7188214 195.5753 117.7690 02.23395276029300
1 41088U 00055AX  18241.51471412 +.00002464 +00000-0 +93435-3 0  9995
2 41088 098.9640 345.4476 0046616 098.6773 261.9694 14.31456634143063
1 41051U 00055J   18242.07117842  .00000571  00000-0  31635-3 0  9992
2 41051  98.8678 319.6669 0021392 177.4066 182.7222 14.15141096142583
1 41069U 00055AC  18241.82146090  .00000220  00000-0  90956-4 0  9993
2 41069  98.6394 323.8287 0126099 341.6089  18.0557 14.32100675144051
1 41011U 99025EXR 18242.40398259  .00000256  00000-0  64419-4 0  9990
2 41011  99.1828 102.7696 0364952 164.6611 196.5990 14.27217080190855
1 40803U 93036BWG 18238.02448089  .00000081  00000-0  29929-4 0  9997
2 40803  74.0169   5.6963 0034981 149.4227 210.8981 14.46273660201761
1 41128U 00055BK  18241.19866190  .00001031  00000-0  56984-3 0  9992
2 41128  99.0427 331.4446 0007500  67.2085 292.9879 14.13686992141049
1 41075U 00055AJ  18241.70129734  .00000576  00000-0  10417-3 0  9990
2 41075  99.1279  50.6590 0226870 347.7228  11.8493 14.55945203146341
1 41014U 99025EXU 18241.37345089 +.00001706 +00000-0 +37683-3 0  9994
2 41014 098.8982 102.7631 0070181 317.2767 042.2986 14.57281646236530
1 40806U 93036BWK 18241.51921473 +.00003445 +00000-0 +51016-3 0  9999
2 40806 074.0120 310.8411 0017454 296.9303 122.9148 14.75464285207029
1 41134U 00055BR  18242.14200307  .00000397  00000-0  25846-3 0  9994
2 41134  98.8702 309.3539 0028683 293.8877  65.9288 14.08027309140043
1 40998U 97051ABL 18241.35391295 +.00000282 +00000-0 +88100-4 0  9998
2 40998 086.3832 099.0903 0008105 173.9268 311.9441 14.37200648688158
1 40721U 95015FW  18241.84607488 +.00001861 +00000-0 +74595-3 0  9994
2 40721 098.7329 258.9042 0026808 256.8028 103.0162 14.29302684168680
1 40827U 10057AU  17232.08073512 -.00001120  00000-0 -22242-1 0  9994
2 40827  20.3066 127.6434 7130138 315.4376   5.8443  2.26370379 21094
1 41091U 00055BA  18242.14966089  .00000948  00000-0  60127-3 0  9995
2 41091  99.0037 316.2904 0056162 315.1014  44.5618 14.05622096140946
1 41054U 00055M   18241.80385074 +.00000270 +00000-0 +12767-3 0  9990
2 41054 098.9412 344.9722 0072075 097.9093 263.0275 14.26408958143738
1 41072U 00055AF  18241.85374832 -.00000072  00000-0 -37940-4 0  9998
2 41072  98.8005 211.5635 0287493 239.9815 117.2515 13.52697974136093
1 41131U 00055BN  18241.34973915  .00000275  00000-0  21986-3 0  9990
2 41131  98.9021 295.2248 0067819  31.4992 329.0205 13.97868145139097
1 41078U 00055AM  18242.46602592  .00000149  00000-0  20028-3 0  9990
2 41078  98.8587 224.9844 0293296 167.7384 193.1099 13.56263354136535
1 41017U 99025EXX 16048.23031630  .00028021  00000-0  66911-2 0  9993
2 41017  99.1148 202.9380 0018667 122.3422   2.3639 14.53480835177992
1 41001U 99025EXF 18240.78693583  .00001068  00000-0  53094-3 0  9994
2 41001  98.9950 243.9599 0039017 109.0101 251.4757 14.18849782231853
1 40792U 93036BVV 18241.77224803 +.00000409 +00000-0 +11677-3 0  9990
2 40792 074.0538 023.4876 0026075 078.2234 349.0690 14.48128499245290
1 41094U 00055BD  18242.07807026  .00001114  00000-0  44873-3 0  9991
2 41094  98.9846 351.4352 0071833  58.4031 302.4134 14.28716574143101
1 41057U 00055Q   18241.87821547 +.00000612 +00000-0 +31807-3 0  9996
2 41057 098.8878 325.9588 0029907 134.4231 225.9399 14.18165579142847
1 40987U 08066D   18241.10400851  .00000084  00000-0  00000+0 0  9994
2 40987   4.6534  59.2850 0153243 278.6900  79.8639  1.00345949 33868
1 40689U 99025EWV 18228.97927720  .00000667  00000-0  68739-3 0  9991
2 40689  99.1141 301.8443 0333670 160.5594 201.9806 13.57328289185388
1 41081U 00055AQ  18241.77348213 -.00000065 +00000-0 -93739-5 0  9994
2 41081 099.0940 340.8401 0150506 065.3951 296.2817 14.13454761142179
1 41024U 15061C   18242.05443285  .00001574  00000-0  17109-3 0  9990
2 41024  97.3109 275.4029 0227155  41.3613 320.4550 14.72309492152021
1 41065U 00055Y   18241.89535009 +.00000520 +00000-0 +31602-3 0  9993
2 41065 098.8568 311.5797 0010192 282.5140 077.4890 14.10610673142089
1 41004U 99025EXJ 18221.57491887  .00000564  00000-0  65418-3 0  9999
2 41004  99.2264 351.0848 0262043 172.8871 189.0291 13.59208006206331
1 40795U 93036BVY 18241.51813719 +.00000933 +00000-0 +18045-3 0  9993
2 40795 073.9686 308.3859 0135049 032.9116 026.5386 14.59224549235843
1 40846U 11077AB  17347.26307043  .00000135  00000-0  18476-2 0  9992
2 40846  23.1620  77.8001 7602756 177.9318  13.2092  1.82303605 18970
1 41097U 00055BG  18242.34873158  .00000197  00000-0  18359-3 0  9993
2 41097  98.8659 280.0109 0102896  64.2611 296.9127 13.90374701139288
1 41060U 00055T   18242.26793571  .00000396  00000-0  16531-3 0  9995
2 41060  98.9228 348.0065 0091298  92.0249 269.1391 14.29466648144068
1 40991U 15044C   17281.88019700  .00000101  00000-0  00000+0 0  9990
2 40991  18.3581 189.5748 6146201  68.9010 344.1042  2.08537456 15720
1 40692U 99025EWY 18231.05433119  .00000471  00000-0  31698-3 0  9999
2 40692  99.1998 328.4934 0097656 136.5097 224.5338 14.03292281187099
1 40816U 10057AH  18241.96622065  .00000192  00000-0  48873-2 0  9998
2 40816  20.4810 335.4116 7112913 237.6568  34.4359  2.29213673 34336
1 41084U 00055AT  18242.74943284  .00000228  00000-0  13768-3 0  9995
2 41084  98.8482 321.2543 0018870 112.8167 247.5002 14.16106906142492
1 41042U 15064E   18241.93164819 +.00002304 +00000-0 +17142-3 0  9991
2 41042 097.1564 289.0939 0199452 355.0183 004.9047 14.89337090150936
1 41068U 00055AB  18242.16484846  .00000236  00000-0  94320-4 0  9990
2 41068  99.1412  11.8768 0165738 131.8791 229.6667 14.30736038143964
1 41007U 99025EXM 18236.43313914 +.00000343 +00000-0 +35004-3 0  9990
2 41007 099.9725 092.2635 0189313 107.0408 255.1576 13.76425736206303
1 40798U 93036BWB 18242.06481146  .00000920  00000-0  23435-3 0  9997
2 40798  74.0415  23.5086 0008982  48.8565 311.3370 14.52012984346241
1 40870U 12008AL  15195.44609949 +.00000159 +00000-0 +12519-1 0  9990
2 40870 017.8614 008.0495 7306611 183.7542 163.8017 02.04627960014072
1 40809U 93036BWN 15206.91973380 +.00009365 +00000-0 +18701-2 0  9998
2 40809 074.0173 291.5915 0029652 285.2819 030.1617 14.61743797348547
1 40994U 97051ABG 18239.22862948  .00001912  00000-0  33489-3 0  9995
2 40994  86.3912  66.6943 0011506  87.0531 273.2000 14.67268352208433
1 40822U 10057AP  18241.22384283 -.00000104  00000-0  42354-3 0  9994
2 40822  20.9993 348.4835 7215481 202.7107  93.9725  2.22263321 29146
1 41087U 00055AW  18241.65964044 +.00000094 +00000-0 +79975-4 0  9998
2 41087 098.8463 309.0490 0013337 328.9580 031.0800 14.08612133141251
1 41049U 00055G   18242.77901820  .00000488  00000-0  28748-3 0  9991
2 41049  98.8353 313.0140 0007701  69.6847 290.5152 14.12588511142437
1 40833U 10057BA  15255.47588044  .00000249  00000-0  40764-2 0  9997
2 40833  20.7285  35.8446 7214841 195.3452 117.9128  2.18192546879416
1 41071U 00055AE  18241.72831579 +.00000520 +00000-0 +30123-3 0  9990
2 41071 098.8990 319.7387 0013491 207.4730 152.5730 14.13236630142196
1 41010U 99025EXQ 18235.58632123 +.00000574 +00000-0 +35015-3 0  9993
2 41010 099.2193 002.0290 0039698 329.8916 087.5009 14.09896441308777
1 40802U 93036BWF 18240.31676094  .00000254  00000-0  55158-4 0  9995
2 40802  74.0444 236.2854 0084939 301.7062  57.5843 14.61518994253966
1 41127U 00055BJ  18241.21496396  .00001149  00000-0  41593-3 0  9991
2 41127  98.8113 339.7240 0087402  43.4962 317.3072 14.33294675142941
1 41013U 99025EXT 18237.41504872 +.00001852 +00000-0 +71432-3 0  9992
2 41013 099.0834 109.1493 0416705 120.3407 243.9650 13.92822847181354
1 40805U 93036BWJ 18241.37725000 +.00003543 +00000-0 +44747-3 0  9992
2 40805 074.0455 206.1672 0028796 248.8654 268.6687 14.82015960256278
1 41130U 00055BM  18241.03238697  .00000569  00000-0  29710-3 0  9995
2 41130  98.8821 324.5302 0026299 102.6235 257.7883 14.18244207141192
1 41133U 00055BQ  18241.71660346 -.00000445 +00000-0 -20974-3 0  9991
2 41133 098.9514 323.1233 0013744 081.2332 279.0396 14.14177566140615
1 40997U 97051ABK 18229.80109075 +.00008466 +00000-0 +81834-3 0  9994
2 40997 086.3611 052.5040 0009605 201.2582 158.0335 14.92655448002399
1 40712U 93055E   18199.88322824 +.00000380 +00000-0 +28406-3 0  9995
2 40712 082.5477 051.9683 0021631 002.1748 357.9506 13.92243241277266
1 40826U 10057AT  17238.85214310 -.00000054 +00000-0 -12266-3 0  9999
2 40826 020.6324 126.6158 7165570 312.3975 006.1420 02.24790460020985
1 41090U 00055AZ  18242.01924497  .00001573  00000-0  72481-3 0  9998
2 41090  98.9231 333.0185 0038325 131.2140 229.2351 14.22137581142515
1 41053U 00055L   18241.83033843 +.00000783 +00000-0 +37715-3 0  9995
2 41053 098.9283 334.4564 0039536 117.9424 242.5763 14.21290757143158
1 40836U 10057BD  15256.27727524  .00000037  00000-0  77284-3 0  9990
2 40836  20.2554  42.2767 7202022 189.6739 139.5847  2.17986037879168
1 41074U 00055AH  18242.22901473  .00000257  00000-0  10259-3 0  9995
2 41074  98.7026 333.4467 0101934   3.7122 356.4796 14.34058050144305
