1 35854U 97051TE  17127.59503770 +.00020217 +00000-0 +26717-2 0  9998
2 35854 086.3226 239.7678 0016232 253.2779 123.1510 14.79806205420422
1 35856U 97051TG  18242.28348646  .00000953  00000-0  15372-3 0  9995
2 35856  86.3731  66.4407 0059544 353.7864 130.0503 14.69135633479909
1 35857U 97051TH  18242.28010046  .00001179  00000-0  21933-3 0  9997
2 35857  86.4307  82.4092 0051119  84.2622 276.4415 14.63382446489656
1 35858U 97051TJ  18240.88280353 +.00001142 +00000-0 +24830-3 0  9991
2 35858 086.3629 088.9502 0014249 107.2161 253.0609 14.57116889297604
1 35860U 97051TL  10265.21067292 +.00003846 +00000-0 +13056-2 0  9995
2 35860 086.4543 239.4298 0025604 290.0216 069.8225 14.36278399068668
1 35862U 97051TN  18242.26474628  .00002635  00000-0  37724-3 0  9994
2 35862  86.3747  60.6428 0026323 339.1141 145.8472 14.75985735484635
1 35863U 97051TP  18242.33027885  .00002349  00000-0  62865-3 0  9998
2 35863  86.3394  99.3232 0087607 351.1047   8.8597 14.45620805478132
1 35881U 93036ATU 18241.69921828 +.00002248 +00000-0 +86922-3 0  9993
2 35881 074.2076 350.2118 0057115 202.4766 157.3882 14.29779575320868
1 35883U 93036ATW 18240.70171473  .00000075  00000-0  27978-4 0  9992
2 35883  74.0268   9.5788 0089846  70.4014 351.3454 14.45541816485847
1 35884U 93036ATX 18086.92660092  .00000911  00000-0  47711-3 0  9990
2 35884  74.0088 302.0359 0141902   6.7111 353.5883 14.10653357456300
1 35885U 93036ATY 18242.03717638  .00000137  00000-0  58667-4 0  9999
2 35885  74.0297 132.3989 0025031 140.4723 219.8260 14.33554968482940
1 35887U 93036AUA 18239.54060746  .00000610  00000-0  27495-3 0  9994
2 35887  73.9904 299.6655 0119989 337.8495  21.7487 14.20626297473342
1 35888U 93036AUB 18241.92465066 +.00000169 +00000-0 +49927-4 0  9998
2 35888 074.0369 333.2762 0056757 048.2294 312.3696 14.50066897476359
1 35890U 93036AUD 18241.40533727  .00000645  00000-0  23416-3 0  9997
2 35890  73.9449 144.3411 0080918 135.6730 225.0939 14.33508563470102
1 35891U 93036AUE 18241.81141155  .00000729  00000-0  86080-4 0  9993
2 35891  74.0018  40.2646 0125946 126.8595 234.4209 14.81259801485979
1 35893U 93036AUG 18241.52336526 +.00001112 +00000-0 +30889-3 0  9993
2 35893 073.6557 309.8773 0069441 179.4495 180.6751 14.46418849271932
1 35895U 93036AUJ 18241.63400034  .00000339  00000-0  23341-3 0  9998
2 35895  74.0530 228.3629 0230199 223.2938 134.9904 13.91003805456573
1 35897U 93036AUL 18242.29018260  .00002775  00000-0  16910-3 0  9999
2 35897  73.9602 221.1073 0104822 345.5697  14.2503 15.06432788496630
1 35898U 93036AUM 18239.04186434  .00000354  00000-0  56894-4 0  9995
2 35898  74.0006 129.7739 0122676 218.9566 204.9036 14.71051934487920
1 35900U 93036AUP 18239.91572739 +.00001159 +00000-0 +32912-3 0  9990
2 35900 074.0275 087.0406 0029634 083.0977 277.3551 14.46308405189594
1 35901U 93036AUQ 18239.18782584  .00000674  00000-0  18882-3 0  9992
2 35901  74.0336  55.6389 0018523  70.9373  50.4303 14.47917398473717
1 35902U 93036AUR 18235.68095729 +.00000522 +00000-0 +25821-3 0  9995
2 35902 073.9889 334.0323 0123100 326.6827 032.6608 14.16006300232850
1 35903U 93036AUS 18242.02558673  .00000678  00000-0  93473-4 0  9995
2 35903  74.0611 125.7034 0100332 155.0823 205.5246 14.76992951493885
1 35904U 93036AUT 18241.89856891  .00000826  00000-0  18697-3 0  9992
2 35904  74.0267 316.6885 0027543  31.1845 329.0946 14.57566308477050
1 35905U 93036AUU 18241.20968584  .00000533  00000-0  70055-4 0  9993
2 35905  74.0362  74.7189 0131363 135.4761 225.7062 14.77173350493060
1 35906U 93036AUV 18241.59142744 +.00002074 +00000-0 +28374-3 0  9996
2 35906 074.0217 195.6647 0115321 009.8754 104.0296 14.74707276485374
1 35907U 97051TQ  09304.93338152 +.00001881 +00000-0 +10320-2 0  9992
2 35907 086.3762 015.3133 0153302 320.4253 042.6240 14.05561339013433
1 35908U 97051TR  11125.30468280 +.00001872 +00000-0 +88699-3 0  9999
2 35908 086.2440 136.8239 0091084 044.2329 307.1074 14.16947664088713
1 35911U 97051TU  18241.81385253  .00001242  00000-0  46901-3 0  9994
2 35911  86.2337  78.0129 0092812 159.9804 200.5069 14.28178858487356
1 35915U 97051TY  18240.83462858 +.00000713 +00000-0 +18395-3 0  9994
2 35915 086.3525 068.7567 0023624 185.8285 174.2648 14.48504687256559
1 35917U 97051UA  18242.27610013  .00002138  00000-0  40837-3 0  9993
2 35917  86.3876  71.3962 0023189  61.4583 298.8959 14.63322447478110
1 35918U 97051UB  18241.97216646 +.00000463 +00000-0 +15294-3 0  9992
2 35918 086.4068 115.2732 0029967 295.2937 132.3982 14.35748988469106
1 35921U 97051UE  18241.57038513  .00003205  00000-0  13041-2 0  9991
2 35921  86.4262 173.7710 0141097 328.9881  30.3031 14.22003788485133
1 35922U 97051UF  18241.85243459  .00001123  00000-0  26218-3 0  9998
2 35922  86.3884  81.7043 0031763 138.2808 222.0829 14.53561940476935
1 35925U 97051UJ  18242.19578320  .00003215  00000-0  45526-3 0  9994
2 35925  86.3174  39.2150 0010506 243.0745 116.9401 14.76746426492983
1 35926U 97051UK  18241.92730423  .00001404  00000-0  28916-3 0  9991
2 35926  86.3456  55.4162 0009521 142.0853 218.1029 14.59831970483490
1 35929U 97051UN  18242.21137754  .00000723  00000-0  16388-3 0  9998
2 35929  86.3496  54.4695 0033128 123.7381 236.6991 14.54365127489208
1 35953U 09057C   18242.09056866  .00000297  00000-0  16566-3 0  9998
2 35953  98.6124 269.1266 0005707  87.8927 334.6078 14.18009366457969
1 35954U 09057D   18241.66157000 +.00000325 +00000-0 +18050-3 0  9995
2 35954 098.6261 271.3526 0005770 085.5395 037.3876 14.17761593457802
1 35955U 93061K   18241.68266228 +.00001114 +00000-0 +28282-3 0  9994
2 35955 098.6921 288.0964 0005684 229.3578 251.6648 14.52790170466093
1 35956U 93036AUW 18241.47331536  .00000930  00000-0  65778-3 0  9995
2 35956  74.0952  59.5211 0318790  51.1311 311.7793 13.77338682448397
1 35959U 93036AUZ 18242.10705731  .00000051  00000-0  28134-4 0  9991
2 35959  74.0329 135.4569 0022372 144.3514 215.9136 14.32560303469765
1 35960U 93036AVA 18242.17437849  .00002404  00000-0  21865-3 0  9999
2 35960  74.0110  65.3564 0065089 115.4392 245.3546 14.94233815496323
1 35961U 93036AVB 18240.08479655 -.00000002  00000-0  14568-4 0  9995
2 35961  73.9303 150.6925 0212262 262.6878  95.0085 13.94906428472076
1 35962U 93036AVC 18242.39270825  .00001314  00000-0  40250-3 0  9992
2 35962  74.0094 129.0913 0047600 104.5692 256.0750 14.42088442488507
1 35965U 93036AVF 18242.25906240  .00002364  00000-0  22114-3 0  9992
2 35965  74.0359  92.8371 0035911 157.1531 203.1260 14.94270529492293
1 35966U 93036AVG 18237.80169450  .00000259  00000-0  12810-3 0  9995
2 35966  74.0424  30.3133 0165948  39.1501 322.1508 14.14911018468994
1 35968U 93036AVJ 18240.95104645 +.00001264 +00000-0 +14687-3 0  9993
2 35968 073.7106 340.0238 0088917 327.7880 031.7882 14.83917743504123
1 35970U 93036AVL 18238.50992265  .00000533  00000-0  11959-3 0  9994
2 35970  74.0425 312.4085 0041675  10.4885 349.7139 14.58583190476995
1 35974U 93036AVQ 18242.02950936  .00000778  00000-0  19725-3 0  9999
2 35974  74.0320   9.3575 0018345  51.7823 308.4987 14.52474983499875
1 35975U 93036AVR 18240.73557643  .00000019  00000-0  21729-4 0  9990
2 35975  74.0544  19.5211 0137303  21.0117 339.6588 14.12447094478808
1 35976U 93036AVS 18237.17375025  .00000353  00000-0  12906-3 0  9994
2 35976  74.0436 157.6928 0061498 166.0480 194.2390 14.35508342482464
1 35979U 93036AVV 18229.54457498 +.00000236 +00000-0 +58704-4 0  9991
2 35979 074.0211 307.7071 0082306 023.2438 037.0158 14.55536254496065
1 35980U 93036AVW 18241.89292987 +.00000458 +00000-0 +15155-3 0  9993
2 35980 073.9182 068.7203 0076769 052.9798 307.8347 14.39133179230668
1 35982U 93036AVY 18241.62645176  .00000205  00000-0  56244-4 0  9993
2 35982  74.0623 334.5450 0079488   7.2034 353.0248 14.51593458475890
1 35983U 93036AVZ 18242.28461978  .00002521  00000-0  34197-3 0  9998
2 35983  74.0335 227.9122 0016827 305.1002  54.8596 14.79371178479579
1 35984U 93036AWA 18241.16418163  .00006405  00000-0  51671-3 0  9994
2 35984  73.9749 167.1386 0130853  28.3393 332.4825 14.93520622480250
1 35986U 93036AWC 18240.61267686 +.00001399 +00000-0 +28607-3 0  9997
2 35986 074.0219 321.6310 0019970 008.5181 059.9880 14.61731181294783
1 35987U 93036AWD 18242.15396982  .00000387  00000-0  15348-3 0  9995
2 35987  74.0044 169.8516 0060158 198.4747 161.4220 14.31182014488808
1 35988U 93036AWE 14151.49957873 +.00005700 +00000-0 +19139-2 0  9995
2 35988 074.0275 097.5582 0024882 030.1969 329.9003 14.37243969267579
1 35989U 93036AWF 18241.05333422  .00000128  00000-0  54601-4 0  9994
2 35989  74.0383 124.4613 0022786 140.6860 219.5952 14.34407524490608
1 35991U 93036AWH 18242.18180956  .00004921  00000-0  40998-3 0  9992
2 35991  73.9112 179.9869 0088944 118.2752 242.7445 14.95843592492890
1 35992U 93036AWJ 15151.06342420 +.00001165 +00000-0 +20536-3 0  9995
2 35992 073.9533 292.9072 0090633 355.1963 004.8325 14.66171244307811
1 35993U 93036AWK 18232.03117388 +.00000251 +00000-0 +70236-4 0  9997
2 35993 074.0217 351.1677 0036151 113.9706 246.5247 14.50924056216000
1 35996U 93036AWN 18237.11356403 +.00000315 +00000-0 +37405-4 0  9999
2 35996 074.0241 031.0920 0142469 097.4828 264.2562 14.82298157326567
1 35997U 93036AWP 18241.28053954  .00000316  00000-0  10757-3 0  9999
2 35997  74.0474  88.8157 0019010 106.4144 253.9103 14.40380810473881
1 36000U 93036AWS 18239.21476234 +.00000671 +00000-0 +19621-3 0  9998
2 36000 074.0184 082.6469 0081525 121.3816 239.5350 14.44042328214706
1 36001U 93036AWT 16191.27908683  .00005464  00000-0  96081-3 0  9998
2 36001  74.0303  44.7028 0014200 214.8759 144.6915 14.67807992360537
1 36002U 93036AWU 18242.43921757  .00000582  00000-0  97229-4 0  9995
2 36002  74.0139 172.8501 0076689 258.4117 100.8438 14.70593861492211
1 36004U 93036AWW 18241.38199011  .00003449  00000-0  16103-3 0  9996
2 36004  73.9188 137.0928 0100948 315.1715  44.1354 15.15823356501091
1 36005U 93036AWX 18241.40863890 +.00000039 +00000-0 +18740-4 0  9995
2 36005 074.0288 017.0034 0063345 085.8760 274.9634 14.44301901491269
1 36007U 93036AWZ 14124.23400568 +.00001073 +00000-0 +19168-3 0  9996
2 36007 074.0298 327.5711 0121860 095.1507 260.5509 14.63512499256328
1 36008U 93036AXA 18242.24910627  .00001129  00000-0  68739-3 0  9995
2 36008  74.0184 220.3200 0235555 244.5944 113.0639 13.94469983467094
1 36011U 97051US  18241.88988692  .00000258  00000-0  84802-4 0  9998
2 36011  86.3403  88.0336 0018722 291.5480 126.8417 14.34310299472439
1 36012U 97051UT  18241.79394881  .00000496  00000-0  28594-3 0  9999
2 36012  86.4562 255.2196 0309093 123.9149 239.1826 13.85633998465436
1 36015U 97051UW  11201.01377527 +.00002520 +00000-0 +73811-3 0  9996
2 36015 086.3751 102.0981 0043805 173.7838 185.9001 14.43033383100709
1 36016U 97051UX  14005.49459247 +.00001031 +00000-0 +31691-3 0  9990
2 36016 086.4004 087.2571 0004176 012.5011 342.0792 14.40680995229992
1 36017U 97051UY  18239.21971328  .00004659  00000-0  60997-3 0  9993
2 36017  86.3648  53.1419 0012376 262.7808 221.8339 14.80148501478211
1 36019U 97051VA  18241.01202979 +.00001241 +00000-0 +28548-3 0  9995
2 36019 086.3918 080.1211 0006654 216.5403 295.7452 14.54665566475683
1 36021U 97051VC  18242.20949698  .00001796  00000-0  61056-3 0  9992
2 36021  86.4223 156.3414 0128343 184.4644 175.5418 14.31533399469365
1 36023U 97051VE  18241.81395026 +.00001617 +00000-0 +38652-3 0  9998
2 36023 086.3392 073.4703 0028225 146.6134 213.6859 14.52803002285829
1 36025U 97051VG  18241.61095811  .00002264  00000-0  51990-3 0  9996
2 36025  86.5636 181.2684 0047954 256.7316 102.8541 14.54405738475942
1 36028U 97051VK  18242.24097814  .00000718  00000-0  16530-3 0  9997
2 36028  86.3364  49.8651 0036096 125.0041 235.4563 14.53584646483291
1 36030U 96051M   18241.47169044  .00001917  00000-0  30138-3 0  9990
2 36030  70.8581 259.4281 0026537  46.4347 313.9003 14.73772520466716
1 36031U 96051N   18241.89280639  .00002432  00000-0  73076-3 0  9992
2 36031  70.8525  46.9076 0013992 127.2413 353.4759 14.43628077462536
1 36042U 93036AXD 18229.52806862  .00003755  00000-0  23885-3 0  9994
2 36042  73.8672 292.0221 0051943 161.3977 198.9128 15.08103021481871
1 36045U 93036AXG 18241.85079715 +.00000815 +00000-0 +27124-3 0  9990
2 36045 073.7749 051.1462 0095067 178.3360 181.8128 14.36829096270782
1 36046U 93036AXH 18241.85491122 +.00000181 +00000-0 +48795-4 0  9995
2 36046 074.0201 294.8126 0068949 018.4592 098.2768 14.53886356252437
1 36047U 93036AXJ 18241.79312906 +.00000708 +00000-0 +18351-3 0  9990
2 36047 074.0530 012.5497 0022073 056.1769 304.1489 14.51519391270835
1 36048U 93036AXK 18241.40414442 +.00000134 +00000-0 +56650-4 0  9995
2 36048 074.0581 134.6932 0027634 132.9390 347.9014 14.34326610473052
1 36049U 93036AXL 18242.14986052  .00000376  00000-0  11810-3 0  9995
2 36049  74.0373  63.0729 0019061  86.5090 273.8247 14.43752053471728
1 36050U 93036AXM 18242.15995608  .00000451  00000-0  58699-4 0  9996
2 36050  74.0381  65.2151 0130776 126.7574 234.5693 14.78105620494097
1 36052U 93036AXP 18241.82634937 +.00000788 +00000-0 +21565-3 0  9990
2 36052 074.0311 043.5420 0017684 056.2508 304.0333 14.48769942476786
1 36053U 93036AXQ 18241.55757380  .00000515  00000-0  18575-3 0  9994
2 36053  73.8818  84.8822 0041309 213.8586 145.9928 14.35779159492853
1 36055U 93036AXS 18240.33854704  .00002065  00000-0  10659-2 0  9995
2 36055  74.0429 234.5877 0244436 237.7539 119.9698 14.01467967454520
1 36057U 93036AXU 18242.01962279  .00001682  00000-0  20345-3 0  9999
2 36057  73.9701 118.3532 0046999 235.4537 124.2201 14.83853565481978
1 36058U 93036AXV 18241.02836810  .00000249  00000-0  73506-4 0  9997
2 36058  74.0283   1.4731 0054538  69.5033 291.1968 14.47836241496471
1 36059U 93036AXW 18242.10420025  .00001185  00000-0  37065-3 0  9994
2 36059  74.0087 145.3591 0056799 140.5529 219.9783 14.40903286466610
1 36060U 93036AXX 18242.29856453  .00000164  00000-0  64221-4 0  9995
2 36060  74.0298 100.3217 0015804 128.3195 231.9382 14.36952511468247
1 36061U 93036AXY 18240.49140565 +.00000108 +00000-0 +51553-4 0  9998
2 36061 074.0256 171.8989 0041378 177.4205 182.7166 14.29809541270119
1 36062U 93036AXZ 18179.22378300  .00270367  00000-0  13393-2 0  9995
2 36062  73.9009 260.4009 0011627 350.3571   9.7432 15.81106892504879
1 36064U 93036AYB 18241.80731499  .00000867  00000-0  26369-3 0  9997
2 36064  73.8438  45.2204 0066977 109.7861 251.0532 14.42346133470941
1 36065U 93036AYC 10040.58142306 +.00003896 +00000-0 +27252-3 0  9992
2 36065 074.0137 012.2459 0221708 170.6541 189.4362 14.87854867037732
1 36067U 93036AYE 18241.04727675 +.00001729 +00000-0 +38364-3 0  9993
2 36067 074.0150 012.2628 0015119 005.5617 354.5712 14.57825034287387
1 36069U 93036AYG 18241.79282663  .00008017  00000-0  25510-3 0  9996
2 36069  74.0132 278.0856 0032673 302.9202  56.8859 15.32199620488322
1 36070U 93036AYH 18241.44749976 +.00003830 +00000-0 +53161-3 0  9996
2 36070 074.0234 278.9757 0011715 292.4920 067.5014 14.78238207275667
1 36071U 93036AYJ 18241.87404073  .00001039  00000-0  28500-3 0  9998
2 36071  74.0343  67.5066 0033600  64.6686 295.7947 14.48005695487675
1 36073U 93036AYL 18242.06433620  .00000083  00000-0  40319-4 0  9993
2 36073  74.0333 145.1268 0025427 141.1125 219.1862 14.32076252470555
1 36074U 93036AYM 18241.27726781  .00000466  00000-0  18681-3 0  9990
2 36074  73.9962 182.4125 0055914 170.9213 189.2962 14.30191923480897
1 36076U 93036AYP 18240.73030786  .00002356  00000-0  42487-3 0  9996
2 36076  73.8381 254.1058 0047133 282.1081  77.4808 14.66427776476640
1 36077U 93036AYQ 18241.24417649 +.00001350 +00000-0 +16594-3 0  9994
2 36077 073.9809 087.7236 0082724 186.5972 173.4125 14.81780056214533
1 36078U 93036AYR 12197.44451740 +.00014268 +00000-0 +39591-2 0  9994
2 36078 074.0235 233.9240 0018245 052.7783 006.5396 14.46445448161362
1 36079U 93036AYS 18242.21702248  .00003458  00000-0  28066-3 0  9994
2 36079  74.0490  71.7402 0042465  97.0715 263.5304 14.99356690485318
1 36080U 97051VM  18242.25633654  .00000291  00000-0  90796-4 0  9997
2 36080  86.3189  73.3992 0017317 280.9340  78.9909 14.37305160472872
1 36081U 97051VN  18230.81896906 +.00001390 +00000-0 +40287-3 0  9998
2 36081 086.2349 060.4367 0069257 026.3952 334.0748 14.42363340236936
1 36083U 97051VQ  18239.32258221 +.00000340 +00000-0 +11197-3 0  9999
2 36083 086.3428 088.9596 0028525 319.4296 040.4774 14.35067805471809
1 36090U 09061C   18241.76086977  .00000534  00000-0  11693-3 0  9995
2 36090  98.1157 300.3644 0081200  52.6446  62.8110 14.59692630466468
1 36091U 09061D   18241.93140348 +.00000654 +00000-0 +13445-3 0  9998
2 36091 098.1014 199.4676 0071907 312.0836 093.7218 14.62403240466948
1 36092U 09061E   18241.93310635 +.00000292 +00000-0 +11841-3 0  9993
2 36092 098.4825 215.5808 0150921 112.8757 307.5079 14.28469916457564
1 36093U 09061F   18241.57394216  .00000314  00000-0  12191-3 0  9995
2 36093  98.0706 101.1692 0150104  15.2544 345.3093 14.30035188457821
1 36100U 09057F   18242.12124138  .00000621  00000-0  31416-3 0  9997
2 36100  98.6939 287.1572 0011297  75.8257 284.4173 14.19645258455088
1 36136U 99025DRH 15288.56023627  .00003279  00000-0  97012-3 0  9992
2 36136  98.9861  62.0845 0059846 110.4589 250.3525 14.42432117351535
1 36137U 99025DRJ 13356.75518735  .00018457  00000-0  53591-2 0  9994
2 36137  98.9376  91.9417 0074479 191.4159 323.2091 14.42748185256047
1 36138U 99025DRK 18241.44173837 +.00001589 +00000-0 +60447-3 0  9996
2 36138 099.1676 064.9623 0051004 073.3104 287.3667 14.31740784273098
1 36139U 99025DRL 18238.23354323  .00001336  00000-0  79202-3 0  9990
2 36139  97.9521  39.9337 0146935  49.6845 311.7056 14.03702803482820
1 36140U 99025DRM 18230.06036087 +.00001362 +00000-0 +20256-3 0  9993
2 36140 098.4155 314.3089 0186156 134.8791 347.8683 14.65644785324037
1 36141U 99025DRN 18238.90879104 +.00001318 +00000-0 +82331-3 0  9993
2 36141 098.5065 286.0306 0145782 224.0552 134.8925 14.01253268265739
1 36142U 99025DRP 18239.37899798  .00000550  00000-0  53500-3 0  9990
2 36142  98.3947  98.3489 0234012 331.8254  27.0396 13.71740242536065
1 36143U 99025DRQ 11048.59191816 +.00007902 +00000-0 +14513-2 0  9990
2 36143 098.3747 350.8563 0356794 341.8646 208.5238 14.32171721167396
1 36144U 99025DRR 11137.82219721 +.00002562 +00000-0 +18509-2 0  9998
2 36144 098.4101 002.7417 0142059 027.5362 333.2025 13.92717076110418
1 36145U 99025DRS 10129.93478077 +.00002245 +00000-0 +81840-3 0  9999
2 36145 098.9861 176.8643 0091005 066.2910 294.7788 14.31828427091337
1 36146U 99025DRT 11190.40338611 +.00003399 +00000-0 +78684-3 0  9993
2 36146 097.8622 054.7248 0245824 123.0051 248.6603 14.38775231172193
1 36147U 99025DRU 18228.04832804 +.00000607 +00000-0 +64294-3 0  9997
2 36147 098.5348 311.7062 0465656 231.8802 123.9485 13.38620437241383
1 36148U 99025DRV 18242.26485114  .00001537  00000-0  13598-2 0  9999
2 36148  98.4198  30.2987 0343982 263.1129  93.0777 13.62629142538369
1 36149U 99025DRW 18241.22225682  .00000829  00000-0  42644-3 0  9995
2 36149  99.6230 227.3366 0031595 352.6675   7.4031 14.18161344527709
1 36150U 99025DRX 14266.19014319 +.00001193 +00000-0 +98765-3 0  9999
2 36150 098.1781 253.4688 0272558 076.6532 286.5023 13.74565438347933
1 36152U 99025DRZ 18240.32654746  .00000545  00000-0  33908-3 0  9994
2 36152  98.9642 280.3188 0062861 175.2875 184.8899 14.08201942567966
1 36153U 99025DSA 18240.38966528 +.00000578 +00000-0 +25696-3 0  9996
2 36153 098.7623 296.2298 0045254 327.2273 091.5027 14.26254043268471
1 36154U 99025DSB 18242.60178420  .00001241  00000-0  87793-3 0  9994
2 36154  97.7168 170.0044 0326304  58.3375  63.0352 13.76483032491071
1 36155U 99025DSC 18240.86995394 +.00000775 +00000-0 +41073-3 0  9990
2 36155 099.0402 259.3323 0029940 099.1896 261.2667 14.16449813263786
1 36156U 99025DSD 18239.38558192 +.00000936 +00000-0 +39054-3 0  9992
2 36156 098.7965 299.3929 0049179 322.5514 095.5561 14.28015653265922
1 36159U 99025DSG 18241.50819196  .00002201  00000-0  19720-3 0  9991
2 36159  99.5039 119.0891 0264477 313.8399  44.1213 14.74272370572439
1 36160U 99025DSH 18242.29560021  .00000086  00000-0  64342-4 0  9990
2 36160  98.1658 276.4650 0137534 266.5118  92.0316 14.10706610545783
1 36161U 99025DSJ 11303.31866844 +.00003804 +00000-0 +91825-3 0  9993
2 36161 097.7173 129.3058 0232038 136.6413 225.3639 14.38552753207308
1 36162U 99025DSK 18240.94902120 +.00001187 +00000-0 +81362-3 0  9995
2 36162 097.6401 136.6159 0330114 021.9884 339.5068 13.77720624336805
1 36163U 99025DSL 18242.01336733  .00001127  00000-0  58620-3 0  9992
2 36163  99.0760 318.6820 0082466 164.0915 196.2877 14.15024995514046
1 36165U 99025DSN 11012.67006549 +.00001336 +00000-0 +93657-3 0  9994
2 36165 098.0085 183.4237 0204325 328.0288 030.8547 13.90233081161115
1 36166U 99025DSP 18170.63358916 +.00000462 +00000-0 +44547-3 0  9994
2 36166 097.5707 324.9572 0367407 152.9693 209.1120 13.56761292217224
1 36167U 99025DSQ 18240.58745292  .00000464  00000-0  16995-3 0  9992
2 36167  98.8459  13.7293 0085735 198.5301 161.2756 14.35678079504735
1 36169U 99025DSS 18241.73680589  .00003456  00000-0  39694-3 0  9994
2 36169  98.0002  61.1465 0106269 284.6975  74.2478 14.82504528568891
