1 35573U 08053J   18241.73851870  .00000666  00000-0  12150-3 0  9994
2 35573  97.6820  62.5534 0170868 129.9943 231.6402 14.59927425515398
1 35574U 08056F   18241.87272346 +.00000277 +00000-0 +86521-4 0  9990
2 35574 098.4233 250.5100 0130179 313.1210 045.9150 14.44056266510817
1 35575U 08061B   18242.14386178  .00000155  00000-0  63276-4 0  9994
2 35575  97.7775 305.8835 0239318  66.0697 296.5351 14.23599278502807
1 35580U 93036ALX 18241.94307410  .00000303  00000-0  24627-3 0  9996
2 35580  73.9118 333.7230 0302121 124.3742 238.6350 13.74471577468455
1 35581U 93036ALY 11086.11980244 +.00005787 +00000-0 +10931-2 0  9991
2 35581 074.0024 341.7200 0117172 090.7154 278.2719 14.60276544105363
1 35582U 93036ALZ 11090.52218698 +.00000654 +00000-0 +24158-3 0  9994
2 35582 074.0384 032.9578 0019569 352.2948 005.0303 14.34294388101883
1 35583U 93036AMA 18242.16324778  .00000205  00000-0  21500-3 0  9998
2 35583  73.9212 183.3620 0397296 340.4345  18.1869 13.51063745465645
1 35584U 93036AMB 18241.86309179 +.00001558 +00000-0 +66943-3 0  9995
2 35584 074.0880 046.0139 0142704 343.2361 016.4091 14.20208106475389
1 35585U 93036AMC 18242.20502705  .00000351  00000-0  30458-3 0  9997
2 35585  73.9756  66.5430 0332498 161.0796 322.9374 13.66868167472979
1 35586U 93036AMD 18238.36104233  .00000133  00000-0  14766-3 0  9996
2 35586  74.0200 236.8100 0414264 306.1650 116.7759 13.49054353464629
1 35587U 93036AME 18241.45009268 +.00000125 +00000-0 +27562-4 0  9993
2 35587 074.0071 161.7984 0114196 288.5526 070.3263 14.64791868273202
1 35589U 93036AMG 18236.49932082  .00003594  00000-0  15465-3 0  9993
2 35589  73.9687 298.0422 0082428 127.5637 233.3085 15.19976653503783
1 35591U 93036AMJ 18242.01555659 -.00000091  00000-0 -13423-4 0  9996
2 35591  73.9784 359.6181 0044286  48.1238 312.3690 14.56399324493529
1 35592U 93036AMK 18240.04198761 +.00000941 +00000-0 +94062-4 0  9995
2 35592 074.0112 004.8809 0117587 080.9430 280.5035 14.88073853501256
1 35593U 93036AML 18241.67125809  .00000370  00000-0  18566-3 0  9999
2 35593  74.0893 347.1019 0119135 302.3024  56.6623 14.16419814475033
1 35594U 93036AMM 18241.65184559  .00000512  00000-0  12319-3 0  9993
2 35594  73.8182 232.7286 0057324 134.0921 226.4980 14.55088112495282
1 35598U 93036AMR 18241.58262319  .00006336  00000-0  32325-3 0  9999
2 35598  73.9228 202.1096 0072080  19.2422 341.1467 15.14660578503636
1 35600U 93036AMT 18238.86744352 +.00001096 +00000-0 +21917-3 0  9995
2 35600 073.9870 298.2144 0064885 012.2809 347.9920 14.61858238265297
1 35602U 93036AMV 18242.05556757  .00000625  00000-0  43733-4 0  9991
2 35602  74.0204 243.2989 0173666 297.3433 124.1081 14.96785615501210
1 35604U 93036AMX 18242.17433195  .00001271  00000-0  42307-3 0  9999
2 35604  74.0231 173.3801 0059966 147.2619 213.2274 14.37641961487131
1 35605U 93036AMY 18240.81265674  .00001223  00000-0  33607-3 0  9994
2 35605  73.9053  42.4129 0106640 184.9150 175.0972 14.44848035489828
1 35606U 93036AMZ 18241.51671015 +.00000226 +00000-0 +25273-3 0  9995
2 35606 073.8092 274.0345 0465467 174.4225 186.2328 13.37264124254197
1 35610U 93036AND 18241.52755483 +.00006051 +00000-0 +62784-3 0  9993
2 35610 073.9943 275.8185 0020702 267.7313 092.1498 14.90034071486592
1 35611U 93036ANE 18242.06551801  .00000689  00000-0  22453-3 0  9992
2 35611  74.0305 117.4965 0043854 121.2869 239.2592 14.39974425488508
1 35612U 93036ANF 18242.39817990  .00010612  00000-0  46159-3 0  9999
2 35612  73.9871   6.7844 0014713  41.1511 319.0794 15.22234197495661
1 35613U 93036ANG 18241.63074404 +.00002560 +00000-0 +26131-3 0  9992
2 35613 073.9803 092.6271 0037687 209.4477 205.7701 14.90706824496104
1 35614U 93036ANH 18241.95016087  .00000302  00000-0  81965-4 0  9990
2 35614  73.9656 336.2528 0100596  82.6007 278.6570 14.49032918491640
1 35615U 97051QM  18242.32187251  .00046419  00000-0  13412-2 0  9995
2 35615  86.3576  13.3090 0003543 143.1096 217.0399 15.35456896500538
1 35616U 97051QN  18240.29037646  .00000652  00000-0  16400-3 0  9992
2 35616  86.3627  70.5435 0019473 187.4599 172.6319 14.49666650490230
1 35617U 97051QP  18241.97167684  .00006978  00000-0  75075-3 0  9995
2 35617  86.4894 124.0371 0055801  39.9508 320.5802 14.87196730488741
1 35618U 97051QQ  18242.21050294  .00000250  00000-0  67181-4 0  9999
2 35618  86.3389  64.5497 0031537 218.2715 141.6248 14.43891955487501
1 35620U 97051QS  18240.33407144  .00001278  00000-0  68789-3 0  9998
2 35620  86.4036 206.1088 0235291 315.8899  42.3716 13.99125170469599
1 35622U 97051QU  18241.88543519  .00000431  00000-0  12085-3 0  9996
2 35622  86.2257  29.3937 0025766 263.9376 248.7224 14.43642615488235
1 35624U 97051QW  18241.54407512 +.00003953 +00000-0 +71531-3 0  9996
2 35624 086.3554 085.3596 0041452 201.5834 158.3634 14.65572500491377
1 35625U 97051QX  18241.88995571  .00000622  00000-0  29500-3 0  9990
2 35625  86.1969  86.9731 0131035   1.8212  62.4879 14.13629013480483
1 35627U 97051QZ  18241.83888860  .00002186  00000-0  53237-3 0  9990
2 35627  86.3488  87.7949 0048123 225.7977 133.9271 14.51628184488177
1 35628U 97051RA  18242.32650893  .00000540  00000-0  15116-3 0  9995
2 35628  86.3614  80.2802 0017531 217.6577 142.3398 14.44218263485480
1 35629U 97051RB  18242.05222614  .00003815  00000-0  73821-3 0  9997
2 35629  86.3706 109.0395 0116108 295.0018  63.9168 14.58852021482627
1 35631U 97051RD  18241.57933248  .00000262  00000-0  73837-4 0  9999
2 35631  86.3653  78.9831 0016618 291.7092 134.9919 14.41902766490806
1 35632U 97051RE  18242.74473494  .00001702  00000-0  68781-3 0  9993
2 35632  86.4282 162.9130 0101261 219.9721 139.3986 14.24589637477438
1 35643U 93036ANJ 18241.60529469 +.00000662 +00000-0 +14348-3 0  9996
2 35643 074.0124 304.0409 0051053 004.5709 355.5911 14.59459898491791
1 35644U 93036ANK 18241.00648412  .00005400  00000-0  43859-3 0  9995
2 35644  74.0068  95.7742 0024497 203.2656 156.7424 14.99637117505101
1 35645U 93036ANL 18241.75695868 +.00000628 +00000-0 +27585-3 0  9990
2 35645 073.9765 257.7544 0094216 288.5030 187.6330 14.23313552487482
1 35646U 93036ANM 18240.60569512 +.00000051 +00000-0 +70958-4 0  9993
2 35646 073.8734 301.2557 0470239 143.1953 294.6296 13.36646910462416
1 35647U 93036ANN 18236.09346318  .00000236  00000-0  92756-4 0  9994
2 35647  74.0268 158.1396 0056222 182.5488 177.5387 14.33714948482118
1 35650U 93036ANR 18242.37944642  .00000527  00000-0  14336-3 0  9990
2 35650  74.0598  25.6910 0033492  51.1875 338.5293 14.49623167489338
1 35653U 93036ANU 18242.05302879  .00017670  00000-0  70492-3 0  9990
2 35653  73.9829 101.6179 0008822 173.6856 186.4456 15.25116856491472
1 35655U 93036ANW 18240.46957437  .00001622  00000-0  31098-3 0  9990
2 35655  73.9988 281.7874 0010363  43.1100 317.0877 14.64588295495675
1 35658U 93036ANZ 18235.85711226  .00000891  00000-0  22631-3 0  9994
2 35658  74.0163  46.2681 0024095  59.6038 300.7500 14.52108425488858
1 35660U 93036APB 18241.83090370  .00000171  00000-0  58755-4 0  9990
2 35660  74.0422  48.1346 0019222 136.5507 290.4625 14.42980584481994
1 35661U 93036APC 18241.56927101  .00000338  00000-0  62483-4 0  9990
2 35661  74.0221 203.6526 0131504 260.3205  98.3088 14.64459260492186
1 35662U 93036APD 13079.36946758 +.00008121 +00000-0 +16816-2 0  9997
2 35662 074.0484 086.4520 0054575 276.7273 085.3655 14.59456226199540
1 35663U 93036APE 18238.27238747  .00000429  00000-0  13552-3 0  9990
2 35663  74.0283  80.9737 0014969  87.4358 272.8511 14.43132633482647
1 35667U 93036APJ 18235.25373752  .00000315  00000-0  10040-3 0  9998
2 35667  74.0616  83.6382 0029291 100.3153 260.1308 14.43446675483198
1 35668U 93036APK 18241.71194944  .00000120  00000-0  31729-4 0  9993
2 35668  74.0450 252.0003 0092215 318.4496  40.9683 14.57704515489118
1 35669U 93036APL 18240.43583904  .00000196  00000-0  19936-3 0  9998
2 35669  73.8653 157.5746 0402651   8.1910 352.5510 13.52145203460529
1 35670U 93036APM 18240.61368154 +.00000666 +00000-0 +13950-3 0  9990
2 35670 073.9072 210.4295 0063776 042.5250 318.0829 14.60653022486571
1 35671U 93036APN 18242.02208626  .00000077  00000-0  29637-4 0  9991
2 35671  74.0214   8.7932 0041592 108.7299   8.6629 14.44838375484080
1 35672U 93036APP 18240.90775670 +.00000911 +00000-0 +19201-3 0  9997
2 35672 074.0592 314.4842 0051394 337.9309 146.4590 14.60172873486202
1 35673U 93036APQ 18242.33350890  .00001899  00000-0  19365-3 0  9997
2 35673  73.9489 120.0047 0022197 271.6251 208.3699 14.91321148491482
1 35674U 93036APR 18241.52868319 +.00000540 +00000-0 +18394-3 0  9991
2 35674 074.0676 180.2409 0132677 180.5006 301.8139 14.34035346478172
1 35675U 93036APS 18240.45246480  .00001492  00000-0  47994-3 0  9997
2 35675  74.0150 155.4738 0053881 130.6364 229.9495 14.39379304479133
1 35676U 93036APT 18241.63008771 +.00001669 +00000-0 +33962-3 0  9994
2 35676 074.0113 308.6349 0036174 013.3792 148.3268 14.61485328490843
1 35678U 97051RG  18242.18800910  .00003195  00000-0  43363-3 0  9995
2 35678  86.3558  48.1078 0002666 355.0607   5.0586 14.78582982489076
1 35679U 97051RH  18238.22890346  .00008523  00000-0  75933-3 0  9996
2 35679  86.3160  42.8997 0014529 333.7442  26.3049 14.95825523490250
1 35680U 97051RJ  18238.34385740  .00000334  00000-0  18457-3 0  9998
2 35680  86.1078  89.8996 0195669 268.8811 217.2563 13.99657569470594
1 35699U 93036APU 18240.15907909 +.00000947 +00000-0 +10235-3 0  9992
2 35699 074.0130 051.6549 0082082 125.1337 235.7571 14.87506102208814
1 35700U 93036APV 18241.50667616  .00003327  00000-0  65329-3 0  9992
2 35700  74.0055  47.7895 0044709  34.4058 325.9988 14.62460730492334
1 35701U 93036APW 18240.16873975  .00000334  00000-0  27700-3 0  9997
2 35701  74.0108  48.6613 0317361 105.6974 257.9392 13.71045697471629
1 35702U 93036APX 18241.65858245  .00001144  00000-0  25234-3 0  9996
2 35702  74.0426 346.1102 0030775  11.7200 348.4674 14.58283917484631
1 35703U 93036APY 18241.17038550 +.00000419 +00000-0 +74232-4 0  9990
2 35703 074.0520 183.5784 0102796 233.0525 126.1199 14.67503228274212
1 35705U 93036AQA 18239.50753501  .00000724  00000-0  26966-3 0  9995
2 35705  74.3034 308.8213 0064974  23.7437 336.6689 14.32476833477060
1 35706U 93036AQB 18239.97432022 +.00000097 +00000-0 +10652-3 0  9997
2 35706 073.8941 110.1894 0364716 283.2131 072.8540 13.59380860258112
1 35707U 93036AQC 18239.42889942  .00016233  00000-0  12602-2 0  9990
2 35707  74.0051 239.2420 0015698 236.5011 123.4677 15.01243986494332
1 35709U 93036AQE 18239.46415136 +.00001399 +00000-0 +45658-3 0  9991
2 35709 074.0092 162.7764 0059900 161.6048 198.7292 14.38537425273844
1 35711U 93036AQG 18242.32767871  .00000109  00000-0  29220-4 0  9995
2 35711  74.0467 250.2598 0094374 313.3276  46.0048 14.57756647491020
1 35713U 93036AQJ 18230.27452712 +.00006001 +00000-0 +41272-3 0  9990
2 35713 074.0192 083.9147 0029551 141.2038 219.1281 15.05779333495091
1 35716U 93036AQM 18241.68436668 +.00000057 +00000-0 +18782-4 0  9998
2 35716 073.9939 229.4943 0094034 353.0290 121.3874 14.57001919488350
1 35717U 93036AQN 18241.61980598 +.00000524 +00000-0 +23110-3 0  9997
2 35717 074.1692 319.3037 0091638 189.2627 170.6835 14.23517063361161
1 35718U 93036AQP 18238.25962865  .00000438  00000-0  13772-3 0  9998
2 35718  74.0408  86.9013 0023104  88.4979 271.8824 14.43237451485723
1 35720U 93036AQR 18242.38728722  .00001424  00000-0  41622-3 0  9993
2 35720  73.9991 133.9098 0104377 180.8546 179.2449 14.41822353488654
1 35721U 93036AQS 18238.53099873  .00000912  00000-0  39307-3 0  9992
2 35721  73.9549 307.3429 0181938 311.2038  47.3537 14.17530907476770
1 35723U 93036AQU 18241.50058550  .00005812  00000-0  72752-3 0  9997
2 35723  73.9980 305.6311 0025974 295.4610  64.3880 14.82264434492092
1 35724U 93036AQV 18240.51420854 +.00000116 +00000-0 +34466-4 0  9991
2 35724 074.0344 298.6240 0065289 038.1115 322.4637 14.52798108488164
1 35726U 93036AQX 18241.45476662 +.00000963 +00000-0 +18964-3 0  9999
2 35726 074.0501 274.4765 0042001 330.8075 029.0744 14.63463837274970
1 35729U 93036ARA 18241.86618321 +.00000689 +00000-0 +15257-3 0  9994
2 35729 074.0354 298.5090 0033818 030.6323 086.7285 14.58832583490785
1 35730U 93036ARB 18241.85820756  .00008999  00000-0  54520-3 0  9990
2 35730  73.9819  37.9908 0021827 145.9454 214.3144 15.10497995502359
1 35732U 97051RK  18242.19648987  .00001817  00000-0  46961-3 0  9997
2 35732  86.2416  46.4650 0056684 273.2788  86.1932 14.48489397484956
1 35735U 97051RN  18241.70479178  .00005402  00000-0  50471-3 0  9995
2 35735  86.3763  32.7409 0011230 202.1208 157.9537 14.93927391493400
1 35737U 97051RQ  18241.15687750  .00002034  00000-0  47452-3 0  9996
2 35737  86.4266 126.9581 0049513 307.4125 211.9173 14.53573059491814
1 35739U 97051RS  18242.36385332  .00003023  00000-0  59723-3 0  9996
2 35739  86.3922 108.6819 0058208 248.6872 110.8119 14.61034404492689
1 35742U 97051RV  18241.63269170 +.00002464 +00000-0 +54131-3 0  9996
2 35742 086.4277 116.3393 0048936 113.9469 246.6875 14.56420330486909
1 35743U 97051RW  12361.43993687 +.00002511 +00000-0 +92320-3 0  9994
2 35743 086.3852 257.9618 0041815 200.9410 041.5396 14.31838169185904
1 35744U 97051RX  18242.18140450  .00000514  00000-0  12740-3 0  9992
2 35744  86.3345  54.7074 0033908 163.4672 196.7647 14.49590438487571
1 35745U 97051RY  18240.40137576  .00003713  00000-0  94027-3 0  9993
2 35745  86.3556 119.7898 0066970  29.0970 331.3939 14.49319598481240
1 35747U 97051SA  18240.29289967  .00000908  00000-0  42670-3 0  9994
2 35747  86.1331  82.8699 0184958 144.8664 216.4883 14.10327464467337
1 35749U 97051SC  18242.28647260  .00001232  00000-0  28813-3 0  9995
2 35749  86.3747  79.1720 0016115  36.6625 323.5681 14.53794846482185
1 35759U 93036ARD 18239.37727739  .00000111  00000-0  29862-4 0  9992
2 35759  74.0395 255.9267 0087226 332.2078  27.4438 14.57772442496904
1 35760U 93036ARE 18241.92574251 +.00002748 +00000-0 +26913-3 0  9998
2 35760 073.9840 095.9132 0034912 201.5292 221.7753 14.92388460501304
1 35761U 93036ARF 12259.25707325 +.00007604 +00000-0 +19514-2 0  9992
2 35761 074.0685 101.6135 0045916 355.1048 000.2537 14.49771569172260
1 35763U 93036ARH 18241.72287360  .00001051  00000-0  27605-3 0  9996
2 35763  73.8605  16.5190 0084195  50.7951  12.6934 14.48382850493768
1 35764U 93036ARJ 18238.03052205  .00000340  00000-0  92842-4 0  9991
2 35764  74.0346   2.6228 0040327  71.9925 288.5624 14.50588712501293
1 35765U 93036ARK 18241.63097897 +.00001834 +00000-0 +40373-3 0  9998
2 35765 074.1211 111.7454 0145285 054.9214 306.5471 14.51788584354668
1 35767U 93036ARM 18241.16513523  .00000971  00000-0  34957-3 0  9999
2 35767  73.9961 171.8240 0064012 142.3697 218.1960 14.33928426489799
1 35769U 93036ARP 18240.31198279 +.00001081 +00000-0 +30351-3 0  9991
2 35769 074.0748 110.0107 0074538 091.0356 269.9343 14.45552773269559
1 35771U 93036ARR 18241.05865352  .00000894  00000-0  63177-3 0  9992
2 35771  74.1832 100.9770 0322831   9.3849 351.3109 13.76991208467483
1 35772U 93036ARS 18241.80835679  .00000930  00000-0  24310-3 0  9992
2 35772  73.9763  43.3839 0100507 118.9491 242.1792 14.47885693495388
1 35773U 93036ART 18241.94427899 +.00000219 +00000-0 +62551-4 0  9999
2 35773 074.0140 332.1765 0056879 057.5567 303.1075 14.50146374481760
1 35775U 93036ARV 18242.44143610  .00000867  00000-0  17382-3 0  9993
2 35775  74.0334 274.5883 0035166   8.3453  52.7811 14.62962380493417
1 35776U 93036ARW 18241.82061815  .00001806  00000-0  36536-3 0  9997
2 35776  74.0074 292.6527 0333859 216.3575 141.4483 14.32433448480929
1 35777U 93036ARX 18242.35021101  .00000093  00000-0  11601-3 0  9994
2 35777  73.7683 241.6543 0458387 167.7324 260.4974 13.38728558441488
1 35782U 93036ASC 18241.35478812 +.00003545 +00000-0 +37112-3 0  9994
2 35782 073.9710 127.4811 0023157 282.9500 076.9095 14.89839975286074
1 35784U 93036ASE 18232.77832800 +.00000090 +00000-0 +33122-4 0  9993
2 35784 074.0392 035.3533 0044191 108.9401 251.6554 14.45096577270890
1 35785U 93036ASF 18230.04841468 +.00001004 +00000-0 +28374-3 0  9990
2 35785 073.9462 118.0875 0065476 106.4033 254.4336 14.45728835258588
1 35786U 93036ASG 18242.05889635  .00000360  00000-0  10464-3 0  9998
2 35786  74.0223  20.4955 0049550  78.3845 282.2869 14.47125086493755
1 35787U 93036ASH 18234.38551344  .00000154  00000-0  61619-4 0  9999
2 35787  74.0374 128.8566 0021909 144.0355 216.2277 14.36148860489803
1 35788U 93036ASJ 18241.65968959 +.00001063 +00000-0 +24599-3 0  9997
2 35788 074.0204 350.1238 0024840 044.7332 315.5829 14.56239277485919
1 35789U 93036ASK 18240.35715428 +.00000075 +00000-0 +35491-4 0  9991
2 35789 074.0389 123.2760 0048732 155.2570 205.0936 14.34298837230295
1 35792U 93036ASN 18240.42699498 +.00002007 +00000-0 +62767-3 0  9993
2 35792 073.9970 152.4727 0059608 155.2430 205.1607 14.40348679244602
1 35793U 93036ASP 18241.82000295 +.00000574 +00000-0 +16443-3 0  9997
2 35793 074.0501 047.4699 0013399 075.3353 349.9116 14.47139185271080
1 35795U 93036ASR 18241.37245390  .00002127  00000-0  34189-3 0  9999
2 35795  74.0110 230.3452 0029603 324.4363  35.4835 14.71986578496124
1 35796U 93036ASS 18240.94621112 +.00001059 +00000-0 +33159-3 0  9991
2 35796 074.0069 110.3787 0047248 126.1629 234.3912 14.41240955331834
1 35797U 97051SF  18242.20603824  .00000630  00000-0  15635-3 0  9997
2 35797  86.3450  60.8509 0025139 169.4538 190.7199 14.50140107487517
1 35799U 97051SH  18242.34855942  .00001934  00000-0  45384-3 0  9996
2 35799  85.9341 273.2369 0082053 164.0344 196.3477 14.51908946495021
1 35800U 97051SJ  18240.04966475  .00007010  00000-0  62910-3 0  9993
2 35800  86.2649 341.6737 0027758 156.6488 203.6010 14.95289616497699
1 35802U 97051SL  18242.22418389  .00002624  00000-0  75016-3 0  9990
2 35802  86.4592 151.9592 0103040  29.0439 123.8587 14.41672457491471
1 35805U 97051SP  18240.96644616 +.00002280 +00000-0 +87386-3 0  9997
2 35805 086.3232 122.0807 0107464 212.1907 147.2696 14.27059892472398
1 35806U 97051SQ  18238.84271592  .00000604  00000-0  18927-3 0  9994
2 35806  86.3461  86.4045 0015507 243.0337 116.9278 14.38949950479308
1 35808U 97051SS  14087.66159468 +.00005074 +00000-0 +13440-2 0  9991
2 35808 086.3779 054.9070 0009797 071.8845 288.3425 14.48595829249042
1 35809U 97051ST  18241.25129922  .00000675  00000-0  17836-3 0  9991
2 35809  86.3346  63.1613 0023070 197.0052 290.1326 14.47305339481941
1 35822U 93036ASU 18238.93355573 +.00060330 +00000-0 +31393-2 0  9996
2 35822 074.0195 201.7116 0010099 192.1538 167.9415 15.15693172488254
1 35824U 93036ASW 18241.41554922  .00000345  00000-0  26601-3 0  9991
2 35824  73.8463 260.1479 0274422  96.0245 267.2218 13.79999591474365
1 35825U 93036ASX 18242.42826964  .00000506  00000-0  41869-3 0  9994
2 35825  74.1184 153.1685 0377978 156.9406 204.9189 13.62512916468198
1 35829U 93036ATB 18240.89841240 +.00000722 +00000-0 +21596-3 0  9996
2 35829 074.0369 071.5619 0019305 077.4948 282.8368 14.44561768491405
1 35830U 93036ATC 18240.64034111  .00000433  00000-0  23262-3 0  9993
2 35830  73.9098 350.3938 0143569 112.7186 248.9201 14.10648933470312
1 35831U 93036ATD 18238.33271280 +.00001219 +00000-0 +34929-3 0  9992
2 35831 074.0118 112.8940 0041905 097.7773 262.8145 14.45554449214625
1 35834U 93036ATG 18241.62458512 +.00000446 +00000-0 +24553-3 0  9999
2 35834 073.9534 347.4902 0116394 344.5428 075.7996 14.11156350286971
1 35835U 93036ATH 18240.08086231  .00000034  00000-0  39407-4 0  9992
2 35835  74.0668  24.8506 0317843  54.0438 308.9721 13.74975523467498
1 35836U 93036ATJ 18240.32370523  .00000713  00000-0  22720-3 0  9993
2 35836  74.0414 114.9876 0046178 116.2618 244.3294 14.40949919490140
1 35837U 93036ATK 18237.66702726  .00000555  00000-0  49386-3 0  9992
2 35837  73.7347 221.8646 0477982 157.0513 322.6045 13.44675292455927
1 35839U 93036ATM 18241.39742721 +.00000841 +00000-0 +18754-3 0  9991
2 35839 074.2416 024.2688 0034103 282.5041 110.5196 14.58067343494446
1 35840U 93036ATN 18241.83200274  .00000640  00000-0  28814-3 0  9999
2 35840  73.9401 297.1884 0148481  45.6230 315.6961 14.18548841481492
1 35841U 93036ATP 18242.06930451  .00002010  00000-0  19505-3 0  9993
2 35841  74.0444 146.7387 0113693 143.1087 217.7986 14.88629433499313
1 35843U 93036ATR 18239.50934098  .00004568  00000-0  11083-2 0  9993
2 35843  74.0155 173.8871 0098185 110.8714 250.2993 14.50286395478423
1 35844U 97051SU  18242.10221432  .00007454  00000-0  63633-3 0  9992
2 35844  86.3062   9.4871 0013116 316.3658  43.6534 14.97486441485723
1 35846U 97051SW  18240.37987858  .00000215  00000-0  68745-4 0  9990
2 35846  86.3772 102.6607 0017159 259.3534 100.5730 14.34755935474879
1 35848U 97051SY  18242.31115683  .00000600  00000-0  15437-3 0  9994
2 35848  86.3969  86.2613 0015333 191.7328 168.3520 14.48475166475707
1 35850U 97051TA  18242.27290416  .00000596  00000-0  15127-3 0  9990
2 35850  86.3566  68.2724 0019427 184.1340 175.9707 14.49095721487186
1 35851U 97051TB  18241.97934484  .00003222  00000-0  66877-3 0  9994
2 35851  86.4170 114.4028 0068052 213.0061 146.6893 14.58422095492871
1 35853U 97051TD  18242.27088420  .00002647  00000-0  63506-3 0  9996
2 35853  86.3048  77.4622 0063251 254.6234 104.7978 14.51899378473135
