1 39912U 94029AFK 18241.03129828  .00006334  00000-0  36643-3 0  9998
2 39912  81.3562   9.0673 0068572  94.8478 266.0582 15.10069997775807
1 39999U 02040F   18228.42022434 -.00000222 +00000-0 +00000-0 0  9994
2 39999 009.8132 032.8046 0091145 055.8302 272.8429 01.01972455012900
1 39890U 93016BQ  18240.44324415  .00001925  00000-0  82237-3 0  9992
2 39890  70.9692 161.7685 0121662 156.1423 204.5410 14.22331304738555
1 40251U 97082L   18242.10345811  .00001239  00000-0  71441-3 0  9993
2 40251  86.3399  99.4356 0176512  72.1220 289.9119 14.00799409204776
1 39874U 93016AY  18239.12974830  .00001646  00000-0  63685-3 0  9995
2 39874  70.9413  44.9055 0111483 101.7821  16.7932 14.28147169820508
1 39930U 94029AGD 18241.98956554  .00001103  00000-0  88896-4 0  9993
2 39930  81.5693 124.4532 0102848 314.9275  44.3630 14.94967753670742
1 40230U 93036BVK 18241.32721358 +.00000484 +00000-0 +16779-3 0  9996
2 40230 074.0460 111.1810 0021877 109.5557 010.7209 14.38145382206211
1 39906U 93016CG  18242.29080530  .00001335  00000-0  61175-3 0  9995
2 39906  70.9728 188.5227 0126701 186.2014 173.7550 14.18973623721938
1 40357U 91009DZ  16154.58381461  .00000158  00000-0  10000-3 0  9999
2 40357  73.9315 241.5768 0177894 337.7497  21.6336 12.28556721336213
1 40397U 95015J   18241.81142323 +.00000476 +00000-0 +25012-3 0  9993
2 40397 098.7809 245.1022 0008594 335.3288 024.7476 14.18777456181572
1 39860U 92093LN  18238.10631189  .00000202  00000-0  10789-3 0  9992
2 39860  70.7872  50.7837 0033406 269.4139  90.3160 14.24832917794852
1 39915U 94029AFN 18241.07211268  .00002531  00000-0  91095-4 0  9993
2 39915  82.0017 269.1912 0110431 148.1938 212.6031 15.22372208870205
1 40052U 07029Q   14274.90043103 +.00038187 +00000-0 +35550-1 0  9993
2 40052 071.0609 353.4502 0314450 331.8363 025.6304 13.61881785013396
1 39893U 93016BT  18237.23075162 +.00001341 +00000-0 +59739-3 0  9993
2 39893 070.9698 172.2265 0118513 175.5203 184.7014 14.20925706200980
1 40255U 97082Q   18241.34090241  .00002559  00000-0  15123-2 0  9996
2 40255  86.2820  96.0308 0232425 127.4156 234.8422 13.94807814203908
1 39877U 93016BB  18234.87885213  .00001173  00000-0  57720-3 0  9999
2 39877  70.9872 321.3963 0144897 281.2721  77.2147 14.14374683713204
1 40233U 93036BVN 18241.19068143 +.00000394 +00000-0 +12777-3 0  9994
2 40233 073.9458 053.8995 0064146 001.7658 358.3710 14.41175044206687
1 39909U 93016CK  11060.90795980 +.00007315 +00000-0 +29176-2 0  9997
2 39909 071.0507 151.1547 0007146 327.4594 039.4449 14.28788563135046
1 39992U 08011DR  13100.65203905 -.00000194 +00000-0 -78055-2 0  9990
2 39992 049.0269 254.1348 6327428 190.8939 142.1076 03.05273323015108
1 39995U 08011DU  18241.25879369 -.00000352 +00000-0 -35080-2 0  9990
2 39995 049.1941 256.0311 6491825 080.9456 000.9829 03.08473369072190
1 40400U 95015M   18241.99745540  .00000291  00000-0  11492-3 0  9999
2 40400  98.6551 252.8618 0155263 154.2060 206.6969 14.29822505184869
1 39864U 92093LS  18237.79215285  .00000712  00000-0  41425-3 0  9992
2 39864  71.1485 284.3126 0127912 294.4546  64.3275 14.07934247244389
1 39919U 94029AFS 18242.37998925  .00000278  00000-0  60571-4 0  9994
2 39919  81.8516 261.9226 0296437 182.8458 177.1058 14.30887823805553
1 39896U 93016BW  18241.31300114 +.00002185 +00000-0 +84720-3 0  9993
2 39896 070.9649 112.0419 0119028 135.7283 225.3444 14.27238158219748
1 40264U 14059D   18241.94865122 +.00000559 +00000-0 +14230-3 0  9990
2 40264 097.7712 247.9382 0111271 106.9315 254.4115 14.50446541207278
1 40173U 10057AB  14006.31657601 +.00019769 +00000-0 +18039+0 0  9990
2 40173 022.9885 223.5019 7158557 191.9305 131.3613 02.28429479016405
1 39934U 06006DG  13174.83813748 +.00048935 +00000-0 +11119-1 0  9991
2 39934 051.9938 012.1867 4178105 211.2021 110.7155 06.98403534078417
1 39880U 93016BE  18239.17210210  .00001724  00000-0  74773-3 0  9999
2 39880  70.9677 181.0594 0122945 181.2709 178.8124 14.21629094724063
1 40236U 93036BVR 18241.00261989  .00000238  00000-0  28817-3 0  9999
2 40236  73.5440 354.1021 0553369 117.5439 248.2994 13.19477151206732
1 40239U 93036BVU 18241.46518609  .00000171  00000-0  44884-4 0  9995
2 40239  74.0332 287.3790 0097555 347.1989  71.7392 14.54295340253069
1 39867U 92093LV  18242.47833186  .00001011  00000-0  63478-3 0  9997
2 39867  70.9772 289.2650 0181033 279.8391  78.2327 13.99093272714998
1 40154U 07003AN  09206.94999816 -.00000425 +00000-0 -11743-1 0  9996
2 40154 025.6598 143.8633 7630920 197.1707 104.3316 01.67178581010113
1 39923U 94029AFW 18235.67340594 +.00001025 +00000-0 +42432-3 0  9993
2 39923 082.1528 011.7149 0605078 174.9728 186.1237 13.56756302015171
1 39899U 93016BZ  18240.44420841  .00001346  00000-0  27579-3 0  9996
2 39899  70.9818 242.9129 0005424  35.7826 324.3684 14.62658571759824
1 40288U 14066C   18241.90868307 +.00000337 +00000-0 +14650-3 0  9998
2 40288 097.9044 234.4971 0187922 003.1329 357.0980 14.20528172198950
1 40183U 11077G   18190.78896763 -.00000468  00000-0 -18910-2 0  9996
2 40183  22.2054  23.3597 7567580 293.2695   7.2689  1.81765599 33780
1 39883U 93016BH  18241.74489543  .00001760  00000-0  80497-3 0  9995
2 39883  70.9709 271.6212 0139507 250.4167 108.1851 14.17807310789095
1 39886U 93016BL  18239.54367795 +.00000456 +00000-0 +10870-3 0  9996
2 39886 071.0155 302.4137 0066013 229.9886 129.5455 14.58149153225208
1 40244U 94029AGL 18241.43337215  .00000993  00000-0  18499-3 0  9997
2 40244  81.9145 284.9760 0238990  55.8596 306.5012 14.47272244503506
1 39870U 93016AU  18234.58564563  .00001472  00000-0  65326-3 0  9995
2 39870  70.9794 203.2339 0125679 195.8132 163.9055 14.20514198789925
1 40164U 10042R   18239.40676191  .00000034  00000-0  00000+0 0  9995
2 40164  26.3814 218.2243 7290526 299.4168 299.1754  1.89876277 43079
1 39926U 94029AFZ 18241.66993381 +.00000325 +00000-0 +92743-4 0  9993
2 39926 081.8462 010.4083 0320148 230.1023 194.8436 14.17204395218670
1 40226U 93036BVF 18241.56951566  .00002647  00000-0  26753-3 0  9999
2 40226  74.0737 203.3003 0055962 171.8100 308.3977 14.90418991352542
1 39902U 93016CC  18241.61408542 -.00000063  00000-0 -18014-4 0  9997
2 39902  71.0011  98.3599 0193708 244.3022 149.3584 13.73514943811175
1 40291U 14066F   18241.86619131 +.00000135 +00000-0 +66434-4 0  9990
2 40291 098.4499 323.4377 0176987 037.2695 324.0614 14.23822486199436
1 40220U 93036BUZ 18241.80458552  .00002257  00000-0  44361-3 0  9999
2 40220  74.0274   5.0673 0017120   5.5780 122.4943 14.63170733352292
1 39998U 02040E   18240.45879488 -.00000202  00000-0  00000+0 0  9996
2 39998   9.9552  33.3570 0011246 184.8100 175.2889  1.01186306 35821
1 39889U 93016BP  18233.71187259  .00003016  00000-0  63283-3 0  9998
2 39889  70.9221 348.8458 0064870 196.5212 163.3821 14.59205760781853
1 40249U 97082J   18241.70171574 +.00000219 +00000-0 +68868-4 0  9995
2 40249 086.3891 070.5514 0002979 085.1829 274.9708 14.35761673205634
1 39873U 93016AX  18241.65191205  .00000099  00000-0  67449-4 0  9996
2 39873  70.4099 340.0056 0121452 310.0570  48.9946 14.19275476246705
1 39929U 94029AGC 18240.64986808 +.00000662 +00000-0 +14230-3 0  9997
2 39929 081.9536 354.2010 0296561 145.1697 216.9304 14.33081190221294
1 40229U 93036BVJ 15063.79224105 +.00012258 +00000-0 +18437-2 0  9996
2 40229 074.0119 105.2665 0077273 152.8421 219.3698 14.72486295272406
1 39905U 93016CF  18242.30754894  .00001095  00000-0  51669-3 0  9997
2 39905  70.9583 108.8942 0126103 180.6182 300.5749 14.17903586790492
1 39991U 08011DQ  13029.94691056 -.00001507 +00000-0 -10996-1 0  9997
2 39991 048.2833 251.4459 6548109 201.3131 348.6015 03.03718054013254
1 40328U 14000A   18240.26595948 +.00000137 +00000-0 +00000-0 0  9996
2 40328 070.5558 219.7552 4544757 085.0408 323.6210 02.02606913027691
1 40224U 93036BVD 18241.95045404 +.00001067 +00000-0 +21252-3 0  9999
2 40224 073.9993 322.4415 0144556 192.3732 292.3555 14.56970508209239
1 40396U 95015H   18241.83685729 +.00000003 +00000-0 +22584-4 0  9994
2 40396 098.7730 245.3361 0014324 287.6304 072.3307 14.18578974181664
1 39914U 94029AFM 18241.27148591 +.00001307 +00000-0 +33680-3 0  9997
2 39914 081.3350 219.9281 0437549 351.7532 007.6595 14.04999457216753
1 40050U 93014BM  18242.01890878  .00005160  00000-0  98069-3 0  9991
2 40050  75.7551  28.5076 0088989 215.7892 143.7301 14.61761401211380
1 39892U 93016BS  18238.28683595 +.00001785 +00000-0 +68594-3 0  9994
2 39892 070.9825 098.6907 0119488 114.9213 246.4390 14.27891752219898
1 40254U 97082P   18241.22056363  .00001393  00000-0  82753-3 0  9998
2 40254  86.0300  52.6039 0199266 116.2208 245.9602 13.97343683203372
1 40168U 10042V   14180.99290371 -.00000074 +00000-0 +68147-2 0  9990
2 40168 023.9952 170.6098 7306120 172.3245 213.3150 02.01116908013743
1 39876U 93016BA  18239.37745483  .00001590  00000-0  67089-3 0  9994
2 39876  70.9684 142.6666 0121635 157.6776 202.9711 14.23213679246931
1 39933U 06006DF  18236.21328649  .00000166  00000-0  42443-3 0  9997
2 39933  51.9663 229.4648 5107619 118.5506 301.8177  5.17109084153066
1 40232U 93036BVM 18241.51882209  .00001859  00000-0  31350-3 0  9991
2 40232  74.1290 297.8490 0034768 260.9123 162.1322 14.69857005364517
1 39908U 93016CJ  18241.23781515  .00000148  00000-0  87736-4 0  9994
2 39908  71.0036  96.2735 0008111  93.8294  19.5092 14.22746945777906
1 40399U 95015L   18241.92685364 +.00000462 +00000-0 +24688-3 0  9997
2 40399 098.7850 244.6200 0007218 290.2157 069.8242 14.18058955181520
1 39863U 92093LR  18240.08202028 +.00000911 +00000-0 +52910-3 0  9990
2 39863 070.9835 141.7703 0158745 145.2320 215.9297 14.05141944216572
1 39917U 94029AFQ 18236.13592516  .00000040  00000-0  11696-4 0  9996
2 39917  82.1372 128.8920 0650494 256.2021  96.5959 13.53315227235511
1 40152U 07003AL  17180.00330920 +.00000101 +00000-0 +00000-0 0  9998
2 40152 027.6187 136.9735 7337225 282.6488 010.8756 01.90767800025143
1 39895U 93016BV  18209.24005770 +.00000121 +00000-0 +11715-3 0  9990
2 39895 071.0026 292.4440 0133112 228.1234 130.8930 13.93869748000013
1 40263U 14059C   18241.84566677  .00000600  00000-0  15155-3 0  9995
2 40263  98.2878 330.6500 0110397 161.2412 199.2901 14.51047640207411
1 39879U 93016BD  18238.23573095  .00001354  00000-0  60300-3 0  9996
2 39879  70.9852 189.6865 0122850 180.6750 245.4975 14.20667366751467
1 40235U 93036BVQ 18233.85765922  .00000528  00000-0  15855-3 0  9998
2 40235  74.0244  68.9998 0019532 109.5784 252.5164 14.45004567352258
1 39911U 93016CM  18242.05891011  .00000006  00000-0  47065-4 0  9996
2 39911  71.0007 146.9106 0202041 290.9644  66.9942 13.72101840764516
1 39994U 08011DT  18237.27117569 -.00000120 +00000-0 -11574-2 0  9998
2 39994 048.9423 253.9889 6483365 099.1366 358.4443 03.07929891036276
1 40238U 93036BVT 18235.16741917 -.00000099  00000-0 -80747-4 0  9993
2 40238  73.9950 164.9419 0580506 287.3084  66.5312 13.17694917376739
1 40402U 95015P   18241.92959589 +.00000263 +00000-0 +12626-3 0  9993
2 40402 098.7577 247.3171 0160807 009.8572 350.5696 14.20456950181856
1 39866U 92093LU  18241.96746271  .00001009  00000-0  40849-3 0  9991
2 39866  71.2891 344.9479 0095540 105.3613  15.2040 14.27553434247928
1 39922U 94029AFV 18241.10295331 +.00000437 +00000-0 +64436-4 0  9990
2 39922 081.5989 035.8225 0173720 331.7373 027.4481 14.63654928225888
1 39898U 93016BY  18241.45594304  .00005223  00000-0  85525-3 0  9996
2 39898  70.9577 156.8778 0049702   1.7348 358.3966 14.70429278741579
1 40266U 14059F   18241.90788391 +.00000193 +00000-0 +91134-4 0  9993
2 40266 098.2278 263.2862 0188718 310.4866 047.9996 14.20967005203166
1 40177U 10057AF  18239.90859326  .00000725  00000-0  10897-1 0  9997
2 40177  17.8897   3.7841 7214857 238.0177  32.8443  2.19455653 43591
1 39882U 93016BG  18241.10253566  .00001839  00000-0  76918-3 0  9998
2 39882  70.9511 131.4087 0118164 162.0288 272.5332 14.23673374792414
1 40243U 94029AGK 18242.56694502  .00001105  00000-0  24798-3 0  9991
2 40243  81.9605 190.9709 0387984 131.6701 231.8385 14.18082428696152
1 39869U 93016AT  15134.45870045 +.00010423 +00000-0 +47755-2 0  9991
2 39869 070.9889 171.8267 0125577 181.2004 182.4067 14.17407808562879
1 40156U 07003AQ  18115.80962757 +.00000292 +00000-0 +15192-1 0  9998
2 40156 026.7448 345.2252 7508706 221.5222 017.6102 01.84338002026847
1 39925U 94029AFY 18241.46057866 +.00004224 +00000-0 +28154-3 0  9995
2 39925 081.4958 299.2121 0095779 043.7087 317.1667 15.03077053230611
1 40225U 93036BVE 18241.62911144  .00001068  00000-0  24456-3 0  9997
2 40225  74.0494 349.7109 0015535  26.8657  34.8791 14.56807013347684
1 39901U 93016CB  18216.90244115 +.00001196 +00000-0 +62822-3 0  9995
2 39901 070.9772 064.1122 0152832 355.5195 004.4545 14.10303939214660
1 40290U 14066E   18241.92123702 +.00000594 +00000-0 +14551-3 0  9991
2 40290 097.9331 305.7872 0095572 199.3949 160.3602 14.53226247203473
1 40218U 93036BUX 18239.00294477 +.00000185 +00000-0 +72051-4 0  9995
2 40218 074.0323 115.1900 0017604 132.1564 228.1088 14.36266439205665
1 39990U 08011DP  13093.16449355 +.00001343 +00000-0 +38972-2 0  9995
2 39990 048.9136 198.0876 6418239 235.8447 045.6250 03.27586095015854
1 39885U 93016BK  18233.66494772 +.00001289 +00000-0 +42100-3 0  9994
2 39885 070.9465 231.1736 0095662 332.4957 027.1115 14.37964656004451
1 39997U 08011DW  13296.97242389 +.00000969 +00000-0 +20000-1 0  9999
2 39997 049.8740 225.8006 6731970 198.3427 112.8608 02.72051466778349
1 39888U 93016BN  18241.05659435 +.00000497 +00000-0 +26383-3 0  9993
2 39888 070.9659 033.8656 0113815 059.4335 301.7958 14.15044329218370
1 40248U 97082H   18241.47952823  .00023096  00000-0  22220-2 0  9990
2 40248  85.8434 300.4580 0039974 173.9324 186.2396 14.92269516211210
1 39872U 93016AW  18241.10879721  .00000314  00000-0  24980-3 0  9993
2 39872  70.9917  32.9454 0146737 310.8798 168.5834 13.93768403809865
1 40167U 10042U   18241.16324235  .00000021  00000-0  00000+0 0  9999
2 40167  26.1051 238.6425 7191953 270.2487  15.1952  1.93644153 41352
1 39928U 94029AGB 18241.11663965  .00002515  00000-0  48722-3 0  9997
2 39928  81.0319  18.9609 0296049 119.9588 243.1343 14.38579631715683
1 40228U 93036BVH 18241.02376483 +.00000157 +00000-0 +62286-4 0  9997
2 40228 074.0563 115.9711 0024884 126.1232 298.4099 14.36461542206556
1 39904U 93016CE  11236.01535596 +.00001754 +00000-0 +10234-2 0  9990
2 39904 070.9923 106.8642 0149202 063.1256 299.9771 14.04383882447847
1 40327U 02005K   18242.31403408  .00001912  00000-0  44035-3 0  9995
2 40327  86.3896  89.2305 0008888 141.3883 218.7962 14.54884359198054
1 40223U 93036BVC 18241.93334648 +.00000817 +00000-0 +25527-3 0  9998
2 40223 073.9651 098.1405 0042721 141.8571 278.4219 14.41866568207050
1 39913U 94029AFL 18240.43008560 +.00000758 +00000-0 +26837-3 0  9999
2 39913 081.5726 121.5260 0591843 048.0244 316.9781 13.65145356726037
1 40000U 04042D   17363.55183407 -.00000332  00000-0  00000+0 0  9995
2 40000   9.4060  40.1038 0077532 344.5713  15.1779  1.00303233 32417
1 39891U 93016BR  18239.80377941 +.00000293 +00000-0 +12551-3 0  9992
2 39891 071.0003 299.5946 0012187 344.6219 015.4540 14.32860402220963
1 40252U 97082M   18238.26543032  .00002677  00000-0  52456-3 0  9993
2 40252  86.4019  53.8943 0040876 242.1728 239.7425 14.61915852212522
1 39875U 93016AZ  14200.05863342 +.00003955 +00000-0 +20426-2 0  9997
2 39875 070.9598 097.1391 0139072 304.2127 044.7489 14.10752638505837
1 39932U 94029AGF 18235.69978590  .00000306  00000-0  79275-4 0  9995
2 39932  81.8235 349.4266 0329814 235.2207 121.7525 14.19917891773940
1 40231U 93036BVL 18241.21607049  .00002731  00000-0  27915-3 0  9996
2 40231  74.0107  81.6036 0063135 143.8675 216.6798 14.89632336404380
1 39907U 93016CH  18241.93389250  .00000060  00000-0  82816-4 0  9997
2 39907  70.9942  61.9239 0133543 344.6657  15.0420 13.87531989241491
1 40395U 95015G   18242.01624986  .00000332  00000-0  16883-3 0  9991
2 40395  98.7565 252.5486 0026368 272.6496  87.1663 14.22374492185188
1 40398U 95015K   18242.22324816 -.00000004  00000-0  20007-4 0  9997
2 40398  98.7941 242.2400 0006609   4.9980 355.1259 14.16039227184434
1 39862U 92093LQ  18237.70272039  .00000191  00000-0  57670-4 0  9992
2 39862  70.8405  11.0199 0088699 311.4186  47.9356 14.53300025693206
1 39916U 94029AFP 18241.42290186  .00001482  00000-0  21046-3 0  9991
2 39916  81.5846 224.8888 0183108 268.5934 247.6184 14.65536770254063
1 40121U 08046S   18133.19927598 +.00065491 +00000-0 +60894-2 0  9996
2 40121 064.7855 309.8514 5544437 024.9747 353.9354 04.77883263062929
1 39894U 93016BU  11335.45449335 +.00009964 +00000-0 +55481-2 0  9995
2 39894 070.9726 256.6829 0149417 275.2835 083.0040 14.05657808395930
1 40256U 97082R   18238.04993721  .00078151  00000-0  21763-2 0  9993
2 40256  86.2699 346.6650 0024449 188.6714 171.4119 15.36198936217406
1 39878U 93016BC  18239.55392082 +.00002005 +00000-0 +97480-3 0  9999
2 39878 070.9841 318.4483 0145728 279.5990 078.8693 14.14047782210502
1 40234U 93036BVP 18242.16477367  .00010958  00000-0  86605-3 0  9993
2 40234  74.0118 266.2403 0015573 280.8230 144.6771 15.00639899321526
1 39910U 93016CL  18241.71207777 +.00005576 +00000-0 +93327-3 0  9995
2 39910 070.9915 008.4709 0018853 046.4001 313.8711 14.70133091225409
1 39993U 08011DS  18240.35845432 -.00000038  00000-0 -29245-3 0  9990
2 39993  51.3624 301.7219 6229115 320.0854   7.8843  3.17697949 77927
1 40401U 95015N   18242.12517238  .00000618  00000-0  41491-3 0  9992
2 40401  98.8248 215.4915 0058980 210.6918 149.0795 14.03572864181706
1 39865U 92093LT  18242.24601741  .00000243  00000-0  11224-3 0  9998
2 39865  71.0154  93.4908 0003478 112.1362 248.0138 14.30515471806755
1 39921U 94029AFU 18237.66448203  .00000199  00000-0  56301-4 0  9990
2 39921  81.5443   2.1878 0419644 140.8822 222.3499 13.99701748732956
1 39897U 93016BX  18241.22594591  .00001627  00000-0  69404-3 0  9990
2 39897  70.9483 191.3926 0124947 207.3794 152.0713 14.22433714437452
1 40265U 14059E   18241.82647957  .00000201  00000-0  94824-4 0  9994
2 40265  97.9089 196.9947 0193403 275.2196  82.6940 14.19782284203042
1 40176U 10057AE  18242.26287259 -.00000522  00000-0 -23303-1 0  9992
2 40176  20.1087 126.4258 7229267 319.7477 272.1286  2.07856729957633
1 39987U 08011DL  13077.05278311  .00001228  00000-0  31896-1 0  9992
2 39987  49.2348 248.8653 6407912 195.2470 337.6236  3.07308305  9188
1 39881U 93016BF  18236.94364759 +.00000459 +00000-0 +32821-3 0  9992
2 39881 070.9930 334.5616 0136275 263.9244 094.6327 13.98146631197720
1 40237U 93036BVS 18238.21773413  .00000752  00000-0  21384-3 0  9992
2 40237  74.0449  68.6404 0016463  59.9515  62.5315 14.46964962250862
1 39996U 08011DV  13298.39350232 -.00000021 +00000-0 +00000-0 0  9990
2 39996 047.3091 262.1861 5848285 187.3597 157.1287 02.93601464871954
1 40242U 94029AGJ 18239.05069635  .00000768  00000-0  21161-3 0  9998
2 40242  81.8777  12.0182 0434608 192.2593 166.7735 14.02238765751211
1 39868U 93016AS  18215.11308380 +.00000653 +00000-0 +33966-3 0  9998
2 39868 070.9755 020.9959 0140163 318.2596 040.7897 14.13400504194306
1 40155U 07003AP  18235.94244083 -.00000073  00000-0  75778-2 0  9995
2 40155  23.4238 189.4339 7322267 189.3365 139.9821  2.00988171 73414
1 39924U 94029AFX 18241.45270132  .00000447  00000-0  59835-4 0  9990
2 39924  81.8602 132.3493 0139471  34.4832 326.5324 14.70595412795002
1 39900U 93016CA  18241.28955472  .00002746  00000-0  84339-3 0  9997
2 39900  70.9380 211.7446 0088035 335.8688  23.8334 14.40283514799774
1 40289U 14066D   18241.94555263 +.00000543 +00000-0 +13957-3 0  9995
2 40289 098.5614 028.0751 0106388 274.1976 084.7065 14.51197501203181
1 40200U 12008K   18241.43773398 -.00000075  00000-0  00000+0 0  9999
2 40200  21.2674  35.1388 6988229  31.2833 355.8326  2.19198289938485
1 39884U 93016BJ  18232.29375206 +.00001494 +00000-0 +67481-3 0  9998
2 39884 070.9672 218.3453 0127256 210.4276 148.9422 14.19522305703895
1 39887U 93016BM  18238.54892280  .00002023  00000-0  96926-3 0  9996
2 39887  70.9491 319.0372 0141573 277.0735  81.4306 14.15092044707246
1 40245U 08046T   18241.22244952  .00001217  00000-0  96177-3 0  9993
2 40245  65.2582 299.5644 5727745   5.7138 358.8191  4.35189023 64634
1 39871U 93016AV  18241.87204028  .00000880  00000-0  10118-3 0  9994
2 39871  71.0300  53.0255 0065831 118.2993 311.5850 14.87563780830527
1 40165U 10042S   18242.24771649  .00000234  00000-0  30011-1 0  9995
2 40165  27.6873 157.1547 7338501  21.0222  93.2731  1.92866326 48894
1 39927U 94029AGA 18242.49545324  .00000451  00000-0  43704-4 0  9999
2 39927  81.8278 306.7869 0073727 298.9646  60.4191 14.88627031258764
1 40227U 93036BVG 18241.16271564 +.00005172 +00000-0 +54721-3 0  9991
2 40227 074.0134 183.1936 0013443 284.6321 075.3369 14.89383557127060
1 39903U 93016CD  18241.20603275  .00000002  00000-0  37544-4 0  9993
2 39903  70.9893  82.1251 0137718 358.9573 112.8989 13.86104704775267
1 40326U 02005J   18241.91567375 +.00009737 +00000-0 +10674-2 0  9997
2 40326 086.4135 075.6520 0021856 152.0158 208.2248 14.87459594200681
1 40221U 93036BVA 18242.13357990  .00001723  00000-0  24582-3 0  9991
2 40221  73.9053 291.4813 0190127 252.9796 136.0024 14.66047509368775
