1 30053U 99025PE  18241.96617016 +.00000590 +00000-0 +35999-3 0  9990
2 30053 098.5932 236.2795 0386995 017.8488 032.6488 13.77846019582135
1 30054U 99025PF  18242.05435417  .00000099  00000-0  13011-3 0  9990
2 30054  99.6958 266.6759 0284535  26.3496  26.0352 13.67206607579713
1 30056U 99025PH  18241.89845073 +.00000155 +00000-0 +16583-3 0  9996
2 30056 098.3606 028.8716 0330083 102.7876 261.0365 13.62885193576296
1 30057U 99025PJ  18242.38701469  .00000425  00000-0  52987-3 0  9990
2 30057  98.8829 186.1695 0303890 135.1251 340.9685 13.51417995572552
1 30058U 99025PK  18241.68537115  .00000261  00000-0  37978-3 0  9999
2 30058  99.8646 281.9235 0321900 241.7833 240.7455 13.45342712570442
1 30059U 99025PL  18241.74541494  .00000044  00000-0  10085-3 0  9991
2 30059  98.8951 150.1316 0329315 199.4280 220.5649 13.44263613570331
1 30060U 99025PM  18241.66856590 +.00000462 +00000-0 +65472-3 0  9994
2 30060 099.3138 282.0903 0364637 174.7534 307.2331 13.37244974566075
1 30061U 99025PN  18241.93554074 +.00000672 +00000-0 +92583-3 0  9993
2 30061 101.8767 220.8681 0390835 101.9052 320.1655 13.35530842564769
1 30063U 99025PQ  18241.90337258 -.00000004 +00000-0 +19928-4 0  9998
2 30063 098.6783 299.1075 0032009 219.0197 193.2660 14.14819154600204
1 30064U 99025PR  18241.69683241 +.00000017 +00000-0 +32157-4 0  9993
2 30064 098.9070 269.3758 0068241 121.4352 352.0240 14.12654087599082
1 30065U 99025PS  18242.21206065  .00000028  00000-0  54238-4 0  9994
2 30065  98.7795 358.2943 0133103  80.7826 280.8359 13.86063289588065
1 30066U 99025PT  18241.97399285 -.00000020 +00000-0 +10874-4 0  9995
2 30066 098.7033 270.7773 0120317 005.2633 057.1698 14.17448905601177
1 30068U 99025PV  18241.62972896 -.00000003 +00000-0 +19324-4 0  9994
2 30068 098.7847 270.9713 0193781 347.2990 012.3336 14.10279249598081
1 30069U 99025PW  18241.96030303 -.00000104 +00000-0 -38722-4 0  9996
2 30069 098.8611 279.7255 0048797 305.9044 172.8881 14.03184370595016
1 30070U 99025PX  18242.36004411  .00000310  00000-0  15072-3 0  9993
2 30070  98.3085 164.5813 0394156 235.4676 252.6340 13.90834283587658
1 30071U 99025PY  18241.84626775 +.00000622 +00000-0 +28103-3 0  9994
2 30071 098.8243 291.9451 0059063 356.1707 062.9187 14.24828429601497
1 30072U 99025PZ  18241.67885495 +.00000731 +00000-0 +43124-3 0  9993
2 30072 099.1083 301.7011 0086006 248.2383 110.9617 14.09356590594923
1 30073U 99025QA  18242.42136874  .00000230  00000-0  16837-3 0  9993
2 30073  99.4613  64.0964 0063748  87.7509 347.1127 14.05407872594607
1 30074U 99025QB  18241.74798539 +.00000777 +00000-0 +51272-3 0  9998
2 30074 099.2297 228.3409 0108737 323.5533 035.8263 14.02030277592753
1 30075U 99025QC  18241.89142966 +.00000042 +00000-0 +66576-4 0  9991
2 30075 099.3700 205.5758 0092192 132.7690 247.0074 13.91675679590336
1 30076U 99025QD  18241.70026080  .00000037  00000-0  76806-4 0  9991
2 30076  99.3219 276.7040 0177615 263.8580 224.1943 13.74752916583181
1 30077U 99025QE  18241.95325265 +.00000074 +00000-0 +71516-4 0  9990
2 30077 099.0312 267.0107 0021763 166.0161 257.6146 14.06751669596866
1 30079U 99025QG  18241.91914275 -.00000143 +00000-0 -65277-4 0  9999
2 30079 099.3174 243.6554 0081935 042.8436 016.3387 13.98859809593067
1 30080U 99025QH  18242.71780617  .00000044  00000-0  46108-4 0  9991
2 30080  98.7686 283.8209 0136828  44.8450  75.5716 14.08800531597666
1 30081U 99025QJ  18241.93059264 -.00000145 +00000-0 -72564-4 0  9991
2 30081 099.0537 272.1022 0079175 105.2027 324.8446 13.96133380591956
1 30082U 99025QK  18242.60479051  .00000473  00000-0  75473-4 0  9991
2 30082  98.8841 225.0290 0163209 285.7728 136.4748 14.69372545619761
1 30085U 99025QN  18241.95125389 +.00003526 +00000-0 +33830-3 0  9995
2 30085 098.4571 045.7869 0106130 139.3669 221.5529 14.89655269620277
1 30086U 99025QP  18241.97389000 +.00000307 +00000-0 +23016-3 0  9999
2 30086 099.1797 256.0724 0062240 313.0679 103.0411 14.01312066593966
1 30087U 99025QQ  18241.66512948 +.00000102 +00000-0 +42516-4 0  9995
2 30087 098.7223 272.1147 0244809 067.1753 057.6120 14.30623091605978
1 30088U 99025QR  18242.12726024  .00000141  00000-0  57666-4 0  9995
2 30088  98.4689 288.0730 0216441 228.4065 192.5675 14.29985405606057
1 30089U 99025QS  18241.97284088 +.00000126 +00000-0 +68585-4 0  9992
2 30089 098.9996 025.8990 0076691 353.8206 125.0256 14.27217955604869
1 30090U 99025QT  18241.85824681 +.00000152 +00000-0 +86042-4 0  9997
2 30090 099.3635 195.1953 0063127 131.0292 283.7378 14.23943860603512
1 30092U 99025QV  18242.18538428  .00000166  00000-0  75384-4 0  9999
2 30092  98.6927 342.1433 0094139 149.1605 274.2041 14.31385970606327
1 30093U 99025QW  18241.87248368 +.00000348 +00000-0 +13960-3 0  9999
2 30093 098.7931 358.0215 0081896 242.8778 239.7810 14.32712446606105
1 30094U 99025QX  18241.73280783  .00002530  00000-0  48414-3 0  9999
2 30094  98.9968 162.3192 0052723  51.7704 308.8224 14.64001232611406
1 30095U 99025QY  18241.92122379  .00000992  00000-0  19850-3 0  9999
2 30095  99.2698 216.3157 0286966 357.7308   2.2557 14.41748452607393
1 30096U 99025QZ  18242.21488473  .00000090  00000-0  54012-4 0  9992
2 30096  99.1414 141.6478 0083851 343.9639  15.8888 14.27971603605448
1 30097U 99025RA  18241.81459657  .00004970  00000-0  61514-3 0  9995
2 30097  99.3062 331.0818 0071647 132.4435 228.2862 14.81494679613004
1 30098U 99025RB  18241.25882757  .00007999  00000-0  89783-3 0  9997
2 30098  99.3222 342.9470 0066733 115.8955 244.9155 14.85490997613160
1 30099U 99025RC  18241.91485507 +.00000068 +00000-0 +48728-4 0  9998
2 30099 098.7156 325.6490 0065383 056.4455 004.2128 14.22692027603171
1 30101U 99025RE  18241.69163976 +.00001679 +00000-0 +49806-3 0  9996
2 30101 099.1519 153.5194 0040265 354.7887 067.1581 14.44313376606329
1 30102U 99025RF  18241.88723128 -.00000001 +00000-0 +17470-4 0  9991
2 30102 098.6831 310.9765 0148775 154.2483 267.0708 14.19241587601800
1 30103U 99025RG  18241.82715896 +.00000133 +00000-0 +84059-4 0  9991
2 30103 099.2695 082.3228 0069293 130.7379 351.0005 14.19443760601160
1 30104U 99025RH  18241.95471243 +.00000280 +00000-0 +14934-3 0  9998
2 30104 098.6109 143.5702 0079406 280.5988 138.1654 14.19317797600879
1 30105U 99025RJ  18241.74681974  .00000131  00000-0  70821-4 0  9993
2 30105  98.6676 278.1440 0209476 195.6655 163.7974 14.16979339600481
1 30106U 99025RK  18242.27869263  .00001042  00000-0  39039-3 0  9999
2 30106  98.9049 350.0965 0127649 157.9937 256.5006 14.29481310602374
1 30107U 99025RL  18241.94707724  .00000013  00000-0  29713-4 0  9992
2 30107  99.1084 238.8613 0127892 238.1841 120.6826 14.13489034599624
1 30108U 99025RM  18242.04755132  .00000023  00000-0  28332-4 0  9998
2 30108  98.7138 275.2694 0205958  87.7372 332.6368 14.13951519599764
1 30109U 99025RN  18241.75265877  .00000135  00000-0  82220-4 0  9998
2 30109  98.7348 299.9254 0175056 307.8234 171.2751 14.13592978599269
1 30110U 99025RP  18242.38156984  .00000017  00000-0  62989-4 0  9997
2 30110  98.8364 219.5957 0271622   8.3722 352.1818 13.55057902574747
1 30111U 99025RQ  18241.82810196  .00002398  00000-0  67463-3 0  9993
2 30111 101.6042 194.5837 0105305 298.5733 113.9720 14.44201198604120
1 30112U 99025RR  18241.51396394  .00000166  00000-0  88472-4 0  9994
2 30112  99.3339  73.8687 0221574  57.5773 304.6621 14.14563351599030
1 30113U 99025RS  18241.89389671  .00000690  00000-0  33928-3 0  9993
2 30113  98.9559 339.7706 0059843 125.8975 352.9879 14.20032341599754
1 30114U 99025RT  18241.95237051 +.00000151 +00000-0 +11073-3 0  9994
2 30114 098.9223 269.7382 0083700 063.0696 003.2624 14.07932714596868
1 30115U 99025RU  18241.68532889 +.00000248 +00000-0 +15717-3 0  9998
2 30115 098.8763 289.3876 0076583 082.9216 030.3711 14.11212148597161
1 30116U 99025RV  18241.87517163 +.00000424 +00000-0 +24606-3 0  9991
2 30116 099.4027 116.4997 0025391 278.1952 210.8219 14.14446043597673
1 30117U 99025RW  18241.90633395 -.00000124 +00000-0 -44615-4 0  9994
2 30117 098.8641 272.0511 0168897 127.0045 286.7050 14.05243517595904
1 30118U 99025RX  18242.09315531  .00000222  00000-0  16339-3 0  9993
2 30118  98.9914 269.2366 0084452 298.2804 125.6877 14.04183166595734
1 30119U 99025RY  18241.65193775 +.00000625 +00000-0 +33728-3 0  9997
2 30119 097.9716 132.8805 0154369 119.5100 299.8767 14.09673640595813
1 30120U 99025RZ  18241.67294014  .00000535  00000-0  30541-3 0  9999
2 30120  99.0466 273.3727 0078573 223.5470 257.5561 14.12470019596950
1 30121U 99025SA  18241.77317510  .00000599  00000-0  34082-3 0  9992
2 30121 102.1750 309.0311 0045986  80.3175  32.6641 14.15439397597287
1 30122U 99025SB  18241.89186608 +.00000922 +00000-0 +38251-3 0  9990
2 30122 095.9218 276.8235 0168395 351.1126 132.4799 14.20371294597186
1 30123U 99025SC  18241.85253798  .00000074  00000-0  40293-4 0  9990
2 30123  96.9304  16.9498 0271269 136.7407 225.5425 14.10918087596187
1 30124U 99025SD  18241.94296094  .00000187  00000-0  12895-3 0  9998
2 30124  99.1324 209.3680 0157730 319.4853 110.1326 14.05479479594691
1 30125U 99025SE  18242.17712698  .00000247  00000-0  87663-4 0  9991
2 30125  98.5412  32.8296 0403632 358.1542  51.3731 14.05681558594278
1 30127U 99025SG  18241.93845266 +.00000931 +00000-0 +50202-3 0  9992
2 30127 098.2065 251.8295 0120827 275.6154 083.1250 14.11294665595026
1 30128U 99025SH  18241.94328258  .00001152  00000-0  56227-3 0  9990
2 30128  96.9918  36.2483 0171290 230.2686 285.5983 14.11990112595391
1 30129U 99025SJ  18241.89959935 +.00000436 +00000-0 +27884-3 0  9998
2 30129 098.0280 115.5603 0199704 089.0964 037.5593 13.98113232592574
1 30131U 99025SL  18241.96334519 +.00000683 +00000-0 +44988-3 0  9992
2 30131 099.1915 269.1712 0098146 023.7007 039.2801 14.02983145592342
1 30132U 99025SM  18241.49659205  .00000014  00000-0  46419-4 0  9993
2 30132  99.6710  67.7527 0108119 350.1384  71.4641 13.92221818590342
1 30133U 99025SN  18241.96072024 +.00000320 +00000-0 +24560-3 0  9996
2 30133 098.3123 241.7810 0089836 195.9034 217.2727 13.97532971591286
1 30134U 99025SP  18241.92658628 +.00000023 +00000-0 +38436-4 0  9991
2 30134 098.9654 272.6695 0021161 148.3150 332.3269 14.09492747597189
1 30135U 99025SQ  18241.92474885 +.00000629 +00000-0 +21504-3 0  9992
2 30135 098.9222 011.3808 0137269 059.7612 058.3475 14.34848052604242
1 30136U 99025SR  18242.15412799  .00000043  00000-0  60517-4 0  9993
2 30136  98.5440 306.9728 0131651 247.5073 166.6143 13.92461252590393
1 30137U 99025SS  18242.15876892  .00002953  00000-0  34851-3 0  9995
2 30137  99.0856 309.9142 0062223 131.6402 290.9504 14.84300038617502
1 30138U 99025ST  18241.77620413 +.00000250 +00000-0 +16003-3 0  9996
2 30138 099.0078 271.9149 0023207 137.0312 284.8662 14.12297754597687
1 30139U 99025SU  18242.05081356  .00000138  00000-0  11849-3 0  9994
2 30139  98.3873 266.2513 0143238 191.7045 223.9850 13.95735622590746
1 30140U 99025SV  18241.07647351  .00000456  00000-0  28712-3 0  9990
2 30140  99.0218 278.3913 0044390 278.2198 109.4206 14.09015706595733
1 30141U 99025SW  18242.16628535  .00000815  00000-0  36458-3 0  9990
2 30141  99.0274  13.2660 0024291 210.2214 274.6673 14.25360432601721
1 30142U 99025SX  18241.84268641 +.00000671 +00000-0 +47025-3 0  9995
2 30142 099.2768 256.7014 0115557 080.5928 280.8277 13.98728998591186
1 30143U 99025SY  18242.32513813  .00000440  00000-0  33915-3 0  9991
2 30143  98.9248 134.9919 0109504  92.5191  25.2302 13.95211446590616
1 30144U 99025SZ  18241.95762942 +.00000103 +00000-0 +11459-3 0  9994
2 30144 099.1348 276.8515 0129740 314.9083 163.9761 13.88724508588711
1 30145U 99025TA  18241.90918208 +.00001069 +00000-0 +78240-3 0  9991
2 30145 099.3254 271.3777 0110712 239.2014 243.6335 13.95365085589412
1 30146U 99025TB  18242.38416248  .00000236  00000-0  21919-3 0  9998
2 30146  98.0389  25.6694 0183149 286.0188 125.8904 13.83008028586162
1 30147U 99025TC  18241.57545524  .00001729  00000-0  93278-3 0  9994
2 30147  98.8954  96.6270 0149300  31.6173  26.6471 14.08478025591255
1 30148U 99025TD  18241.92579398 +.00000073 +00000-0 +96570-4 0  9990
2 30148 099.3822 336.2238 0141225 079.7584 344.8019 13.84384180586551
1 30149U 99025TE  18241.74165602 +.00002119 +00000-0 +31089-3 0  9996
2 30149 099.0592 251.6335 0063287 191.4531 224.6839 14.75501713615615
1 30150U 99025TF  18242.24779397  .00000098  00000-0  11780-3 0  9996
2 30150  98.9752 115.3197 0152435 319.9607 152.9969 13.83218448586511
1 30151U 99025TG  18242.37819626  .00000265  00000-0  26550-3 0  9998
2 30151  99.2981 287.8294 0169634 176.9672 249.7745 13.80319123585059
1 30152U 99025TH  18242.25024324  .00001020  00000-0  83807-3 0  9997
2 30152  99.1237 128.6842 0189687  66.2291 295.8629 13.83556440584816
1 30153U 99025TJ  18241.74646808 +.00000371 +00000-0 +38636-3 0  9996
2 30153 100.4341 304.7465 0211398 252.0911 232.6929 13.73840302581839
1 30154U 99025TK  18242.37941880  .00000319  00000-0  31407-3 0  9996
2 30154  98.4830 165.0929 0193918 227.3020 258.5659 13.77266501582908
1 30155U 99025TL  18242.01838157  .00000679  00000-0  75000-3 0  9996
2 30155  99.8494 250.4459 0261748 279.1024  78.0589 13.62056983575468
1 30156U 99025TM  18241.88998626 +.00000416 +00000-0 +41987-3 0  9995
2 30156 098.9710 342.8209 0210871 141.2692 333.1839 13.73030216581014
1 30157U 99025TN  18242.12064981  .00000438  00000-0  21225-3 0  9999
2 30157  98.8780 285.1040 0049255  30.8230  34.0477 14.22891792600948
1 30160U 99025TR  18241.89554608  .00000104  00000-0  18294-3 0  9998
2 30160  98.8764 117.8764 0353890 336.2025  82.7988 13.39406461567633
1 30161U 99025TS  18242.05487421  .00000352  00000-0  49664-3 0  9996
2 30161 100.5363  78.3412 0345670 158.1927 328.5765 13.42289835568037
1 30162U 99025TT  18241.94835528 +.00000283 +00000-0 +39444-3 0  9997
2 30162 099.4939 025.7629 0340580 130.7177 343.0756 13.43757202568308
1 30163U 99025TU  18241.95625446 -.00000265 +00000-0 -31442-3 0  9997
2 30163 098.7056 354.0970 0389443 048.7128 064.8047 13.32380649564440
1 30164U 99025TV  18241.42323963  .00002639  00000-0  18285-2 0  9993
2 30164  99.5336  49.3718 0401772 355.4502   4.3036 13.67173646569840
1 30167U 99025TY  18241.96598473 +.00000177 +00000-0 +61676-4 0  9994
2 30167 098.9676 138.5486 0161126 126.9264 300.1410 14.40830605609742
1 30168U 99025TZ  18241.72814955 +.00000693 +00000-0 +27217-3 0  9990
2 30168 097.3954 309.4894 0145202 345.3292 014.3698 14.26183691602039
1 30169U 99025UA  18241.95062076 +.00000987 +00000-0 +27808-3 0  9997
2 30169 098.4528 357.3117 0338005 162.8973 324.1734 14.19351797597168
1 30170U 99025UB  18241.82525247  .00000025  00000-0  46848-4 0  9998
2 30170  98.9696 283.4845 0073707  82.9042 332.6586 13.97432544592273
1 30171U 99025UC  18242.12779419  .00000331  00000-0  23510-3 0  9995
2 30171  98.4171 287.2323 0189983 134.9200 226.7557 13.95010279591587
1 30172U 99025UD  18241.78907774  .00000395  00000-0  29028-3 0  9994
2 30172  99.0522 171.1319 0085356 359.9715  25.6607 13.99787891591958
1 30173U 99025UE  18241.83210979  .00000939  00000-0  63271-3 0  9997
2 30173  99.1702 280.6023 0098084 117.5002 299.2865 14.00714810592148
1 30174U 99025UF  18241.81078587  .00000706  00000-0  30896-3 0  9992
2 30174  98.8417 299.2851 0051573 359.4586  63.7577 14.26274671601496
1 30175U 99025UG  18241.90844484 +.00000084 +00000-0 +11128-3 0  9996
2 30175 099.5741 231.8399 0150026 038.9264 024.9850 13.81750598585625
1 30177U 99025UJ  18242.45186619  .00000127  00000-0  11564-3 0  9990
2 30177  98.6052 109.5819 0475189 252.8847 233.7214 13.55509398573660
1 30178U 99025UK  18241.74670698  .00000497  00000-0  64271-3 0  9990
2 30178 102.2639 166.0057 0308463  16.2318  12.6889 13.51131567571666
1 30180U 99025UM  18241.88509434 +.00002245 +00000-0 +30130-3 0  9997
2 30180 099.0422 261.4014 0070764 131.7383 228.9905 14.78857860616741
1 30181U 99025UN  18241.66034008 +.00000589 +00000-0 +32595-3 0  9990
2 30181 099.0183 271.9691 0050339 045.9544 073.2110 14.14621772597696
1 30182U 99025UP  18241.60240868 +.00000034 +00000-0 +57377-4 0  9999
2 30182 099.3626 248.2124 0076599 071.8495 055.6024 13.95426130591713
1 30183U 99025UQ  18241.64145944 +.00000126 +00000-0 +99852-4 0  9999
2 30183 099.0786 266.7025 0028283 179.2463 295.9844 14.08284207596398
1 30190U 99025UX  18241.91209558 +.00000901 +00000-0 +15476-3 0  9999
2 30190 099.0049 245.8229 0131424 069.4974 292.0276 14.66124345617336
1 30191U 99025UY  18241.93021729 +.00000380 +00000-0 +89072-4 0  9999
2 30191 098.7991 113.9190 0141492 155.0423 333.0570 14.54950601614269
1 30193U 99025VA  18242.20819709  .00000237  00000-0  86989-4 0  9990
2 30193  98.8341  21.5888 0126602 107.2055  14.9404 14.37500064608657
1 30194U 99025VB  18241.95811299 +.00001113 +00000-0 +42855-3 0  9995
2 30194 101.2584 004.9378 0055234 002.4863 122.8742 14.32512108602903
1 30196U 99025VD  18241.84583927 +.00000011 +00000-0 +23041-4 0  9992
2 30196 098.6926 331.0941 0085909 249.0776 227.1652 14.25035607604477
1 30197U 99025VE  18242.38511484  .00000205  00000-0  99335-4 0  9996
2 30197  99.0378  35.5467 0066069  23.2182  34.9742 14.27967816604542
1 30198U 99025VF  18241.54262316  .00000518  00000-0  20000-3 0  9990
2 30198  98.2331  75.1052 0145406 211.8855 210.1988 14.28497533603755
1 30199U 99025VG  18241.85645948 +.00000431 +00000-0 +18638-3 0  9999
2 30199 098.6479 285.6908 0092099 231.6435 178.8310 14.27157780603614
1 30200U 99025VH  18241.76860208 +.00000050 +00000-0 +39639-4 0  9992
2 30200 098.8768 347.9075 0151812 151.1900 209.7766 14.20074403601855
1 30201U 99025VJ  18241.78778061 +.00000143 +00000-0 +92957-4 0  9995
2 30201 099.3688 173.1971 0029996 252.9426 106.8461 14.18418767600576
1 30202U 99025VK  18241.72765193  .00000652  00000-0  28656-3 0  9991
2 30202  98.7999 291.1065 0058944 323.7070  36.0118 14.26091604601926
1 30205U 99025VN  18241.84408660 +.00000052 +00000-0 +75895-4 0  9992
2 30205 098.8202 094.7577 0121967 204.5196 221.3330 13.86205401587445
1 30206U 99025VP  18242.06089047  .00000148  00000-0  51997-4 0  9995
2 30206  98.3954 276.2957 0161152 187.4655 172.4133 14.41751780610546
1 30207U 99025VQ  18241.93556958 +.00000027 +00000-0 +48526-4 0  9991
2 30207 098.4996 220.0653 0263927 145.1353 273.1318 13.77692617584009
1 30208U 99025VR  18241.78641479 +.00000167 +00000-0 +10107-3 0  9996
2 30208 098.7357 274.8127 0036035 041.4542 018.6830 14.18663653600580
1 30209U 99025VS  18241.67506013 +.00000213 +00000-0 +14775-3 0  9996
2 30209 098.8565 274.3156 0040557 215.4313 265.3316 14.08888660596909
1 30210U 99025VT  18242.40533498  .00000195  00000-0  15239-3 0  9992
2 30210  99.1761 204.6448 0058712 294.5637 218.6558 14.03231659594061
1 30212U 99025VV  18241.85994735 -.00000132  00000-0 -61105-4 0  9994
2 30212  99.3453 359.2485 0098269 230.3343 128.9118 13.94716143591162
1 30213U 99025VW  18241.94762977 +.00000764 +00000-0 +52934-3 0  9994
2 30213 099.2810 246.9940 0076703 042.2293 347.6337 14.00777358591661
1 30214U 99025VX  18242.37789532  .00000409  00000-0  23025-3 0  9994
2 30214  98.9215 288.1306 0029242 124.4101 300.5120 14.15690795598152
1 30216U 99025VZ  18241.95095497 +.00001309 +00000-0 +24178-3 0  9999
2 30216 099.0886 245.6898 0081950 252.1562 166.5344 14.65401671614355
1 30217U 99025WA  18241.92817061 +.00000093 +00000-0 +56689-4 0  9998
2 30217 098.5932 296.0857 0144896 298.9737 059.6980 14.21486471602334
1 30218U 99025WB  18241.59710338 +.00000716 +00000-0 +42318-3 0  9996
2 30218 099.1381 256.9735 0089181 213.7099 275.0002 14.09152616594775
1 30221U 99025WE  18241.72357189  .00000115  00000-0  45733-4 0  9994
2 30221  98.9501 144.7719 0155422  10.0103 350.4120 14.41173863610380
1 30222U 99025WF  18242.06989587  .00000304  00000-0  22294-3 0  9992
2 30222  99.1672 262.2815 0037146 229.4813 194.9984 14.03314407595078
1 30224U 99025WH  18242.44130764  .00000064  00000-0  88066-4 0  9994
2 30224  99.3760 195.8849 0112943 243.9172 233.9495 13.87762926588242
1 30225U 99025WJ  18242.05752306  .00000032  00000-0  38346-4 0  9995
2 30225  98.9725 266.8453 0102808  96.1700 318.2702 14.13569584599383
1 30227U 99025WL  18242.21062483  .00001523  00000-0  56589-3 0  9999
2 30227  99.0934  48.9167 0002805 111.9037 300.8081 14.33724906602616
1 30228U 99025WM  18241.91542441 +.00003633 +00000-0 +41115-3 0  9996
2 30228 098.9792 233.4639 0045655 141.3559 219.0935 14.86459698616174
1 30229U 99025WN  18242.21832760  .00000566  00000-0  21131-3 0  9995
2 30229  99.0932 102.6616 0059637 336.8639 139.1501 14.35103821605908
1 30230U 99025WP  18242.05785561  .00001608  00000-0  43160-3 0  9999
2 30230  99.0133  59.0420 0114719  36.2385  90.4038 14.45844956605101
1 30231U 99025WQ  18241.89348472  .00000287  00000-0  18555-3 0  9999
2 30231  99.1175 266.9493 0134280 293.7468 188.8569 14.06580121595641
1 30232U 99025WR  18242.27221361  .00000399  00000-0  10327-3 0  9993
2 30232  98.5049 343.0960 0176374 160.3028 259.7007 14.46614286611718
1 30233U 99025WS  18242.22960699  .00001102  00000-0  30616-3 0  9999
2 30233  99.0347 127.1739 0053148 217.3456 142.4035 14.47888335608143
1 30234U 99025WT  18242.04180307  .00000096  00000-0  72188-4 0  9992
2 30234  98.8747 272.0267 0070151 110.5775 324.1952 14.13770355598377
