1 21091U 91007C   18241.51828253  .00000088  00000-0  69918-4 0  9993
2 21091  82.9274 255.1665 0027827 187.3537 326.3749 13.79730893386457
1 21115U 91009M   18242.10160182 -.00000021  00000-0 -76790-4 0  9993
2 21115  74.0350 251.1067 0181065 105.1834 314.5704 12.16566797223108
1 21136U 91009N   18242.30370094  .00000033  00000-0  54764-3 0  9990
2 21136  73.9986 313.8810 0289255 318.4956 111.2328 11.97029205203366
1 21155U 91009S   18241.90489594 -.00000002 +00000-0 +11208-3 0  9995
2 21155 073.9235 172.2264 0143930 183.5058 251.9264 12.30671970237387
1 21159U 91009W   18241.45505418 -.00000026  00000-0 -87273-4 0  9996
2 21159  73.9391 228.2806 0144482 212.5464 311.3671 12.29019581233241
1 21163U 91009AA  18241.93523003 +.00000013 +00000-0 +22825-3 0  9999
2 21163 073.9427 197.6439 0138355 172.0231 248.4600 12.30666639234372
1 21167U 91009AE  18241.91413522 -.00000028 +00000-0 -10097-3 0  9991
2 21167 073.9147 200.5161 0137598 231.0508 198.1057 12.29284362233364
1 21168U 91009AF  18241.91670709 -.00000019 +00000-0 -23050-4 0  9998
2 21168 073.8950 223.2673 0199584 293.6188 090.4697 12.27686809231606
1 21174U 91009AM  18240.71322810  .00000087  00000-0  11227-2 0  9993
2 21174  74.0926 326.9495 0276852 170.0590 317.0458 11.99221445203039
1 21175U 91009AN  18241.38807132 -.00000034  00000-0 -15037-3 0  9991
2 21175  73.9328 233.8109 0147351 231.1197 240.5326 12.28548561232800
1 21180U 91009AT  18241.71490130 +.00000197 +00000-0 +17988-2 0  9994
2 21180 074.0664 351.3386 0106490 113.6010 359.3594 12.28541712230828
1 21181U 91009AU  18241.42995700 -.00000028  00000-0 -11897-3 0  9995
2 21181  73.9486  39.7712 0207927  41.8799 347.3964 12.22355742226162
1 21182U 91009AV  18241.67528402 +.00000039 +00000-0 +48438-3 0  9995
2 21182 073.9963 104.6137 0155860 025.8865 030.0763 12.21629850225008
1 21186U 91009AZ  18241.81574924 +.00000015 +00000-0 +29347-3 0  9997
2 21186 074.1054 023.9951 0147767 159.9221 319.7475 12.12925587216615
1 21187U 91009BA  18241.37905377 -.00000355 +00000-0 -36137-2 0  9992
2 21187 074.2430 216.4546 0177135 114.6142 036.7542 12.09229692212916
1 21208U 91009BB  18241.36650324  .00000024  00000-0  31839-3 0  9990
2 21208  73.9562 210.7712 0148677 160.8730 353.9832 12.30748200231562
1 21211U 91009BE  18242.04652730 -.00000006  00000-0  85041-4 0  9999
2 21211  74.0940 229.5942 0201467 335.5089  81.3823 12.19337633220242
1 21234U 91009CT  18241.94881050 +.00000025 +00000-0 +32078-3 0  9992
2 21234 074.0076 210.4203 0125936 059.2553 009.6908 12.32462125235678
1 21251U 91009BJ  18241.95653428 +.00000069 +00000-0 +64319-3 0  9999
2 21251 073.9523 087.6358 0151741 016.2429 099.4399 12.35834429239370
1 21252U 91009BK  18242.06789080  .00000043  00000-0  50895-3 0  9993
2 21252  74.1044 111.0780 0124055 179.4478 333.1864 12.24658617228483
1 21256U 91009BN  18241.71593934 -.00000007 +00000-0 +82961-4 0  9990
2 21256 073.9741 243.1601 0247247 002.2444 111.0730 11.83963957184174
1 21257U 91007D   18242.16638050  .00000075  00000-0  61187-4 0  9999
2 21257  82.9175 277.0177 0031746 267.5821 153.6861 13.76957460382432
1 21332U 91009CP  18240.43365979  .00000255  00000-0  25984-2 0  9993
2 21332  74.1982  51.3773 0155176   9.8629  14.5744 12.16912113172898
1 21401U 91009BQ  18241.66253894 -.00000059 +00000-0 -43903-3 0  9994
2 21401 074.1363 318.7454 0144458 018.4657 095.7331 12.16750004220180
1 21402U 91009BR  18242.30288493  .00000081  00000-0  91343-3 0  9994
2 21402  74.0260 201.1148 0135219  87.6455  65.2223 12.18211538222135
1 21403U 91009BS  18242.26832687  .00000072  00000-0  71153-3 0  9997
2 21403  73.9362 181.6036 0134945 169.2777 305.9105 12.31360192234260
1 21404U 91009BT  18241.29832042 -.00000024 +00000-0 -58287-4 0  9998
2 21404 073.9594 306.8665 0184825 196.5112 240.2601 12.41208208243380
1 21406U 91009BV  18241.94719847 +.00000075 +00000-0 +73755-3 0  9999
2 21406 073.9149 164.8875 0134489 191.4601 240.3895 12.31361591229969
1 21407U 91009BW  18241.04590168 -.00000078  00000-0 -48530-3 0  9992
2 21407  73.8495  91.4355 0174405 226.2268 289.6386 12.32176956235822
1 21408U 91009BX  18241.76349806 +.00000012 +00000-0 +24640-3 0  9995
2 21408 074.0235 260.1355 0199370 150.0866 327.4019 12.15639852219241
1 21420U 91041C   18241.92054855 +.00000184 +00000-0 +65779-4 0  9999
2 21420 074.0673 199.0088 0004757 160.1059 259.7672 14.40651500424855
1 21529U 91045C   18241.72208358 +.00000170 +00000-0 +55467-4 0  9998
2 21529 089.5691 074.3802 0052027 282.4103 077.1275 14.34257150416865
1 21532U 91045D   18241.88483428  .00000158  00000-0  52577-4 0  9997
2 21532  89.5264 358.2622 0068574  24.9268 102.4800 14.32161126415279
1 21691U 91045E   18241.76593330  .00000260  00000-0  66959-4 0  9997
2 21691  89.8178 324.4542 0017999 133.3827 341.4788 14.47639560428192
1 21711U 91041D   18242.06357729  .00000183  00000-0  59020-4 0  9995
2 21711  74.0216  19.6743 0012164 136.4120 345.1444 14.45952307428688
1 21712U 91045F   18241.85356304 +.00000158 +00000-0 +60059-4 0  9990
2 21712 089.2715 109.4618 0135317 193.8537 296.1608 14.21569304404816
1 21724U 91009BZ  18242.07301507 -.00000056  00000-0 -38193-3 0  9995
2 21724  73.9768 108.5796 0207786  57.9186  91.8918 12.20365315199351
1 21750U 91009CQ  18242.41056625  .00000133  00000-0  12564-2 0  9997
2 21750  74.0750  24.0123 0110224 176.3022 217.7167 12.28492834228379
1 21826U 91086C   18242.00138025  .00004309  00000-0  37168-3 0  9993
2 21826  82.5785 339.2672 0710505 120.1481 247.2042 13.91313492252683
1 21827U 91086D   18241.87621309  .00007991  00000-0  61326-3 0  9993
2 21827  82.4468 176.0227 0647824  35.5853  19.3294 14.07312481256292
1 21836U 91082E   18242.11405595  .00001562  00000-0  26578-3 0  9992
2 21836  98.7687 283.4811 0004902 123.7718 296.4503 14.70688899405613
1 21861U 91009CA  18241.56335358  .00000019  00000-0  30697-3 0  9999
2 21861  74.0239  52.2399 0135060 270.9411 165.4402 12.24697629228174
1 21905U 91086F   18241.51499257  .00002199  00000-0  23688-3 0  9990
2 21905  82.4984  69.6058 0797097 302.6299  50.0322 13.67765832239934
1 21918U 91009CB  18241.22487861 -.00000000  00000-0  13796-3 0  9994
2 21918  74.0809 165.9029 0124356 302.2042 213.7505 12.21849136224207
1 21919U 91009CC  18241.19555612  .00000194  00000-0  29103-2 0  9992
2 21919  74.0651 147.9558 0357976 129.5005  23.6948 11.74821341175349
1 21936U 91009CD  18241.53169367 -.00000172  00000-0 -17665-2 0  9995
2 21936  74.0603 268.7793 0261137 153.4402 359.5842 12.00984027166769
1 21943U 91009CE  18241.13485314  .00000036  00000-0  47295-3 0  9992
2 21943  73.9531 117.9677 0136794 131.2904  27.0444 12.19194048222979
1 21955U 91009CF  18241.59917549 +.00000046 +00000-0 +62402-3 0  9993
2 21955 074.3113 290.0146 0162326 120.7829 359.0038 12.08038599211258
1 21958U 91009CG  18241.90003223 +.00000104 +00000-0 +11667-2 0  9997
2 21958 073.9646 186.0631 0133519 195.5348 223.5542 12.16713170220336
1 21959U 91009CH  18241.88762698 +.00000140 +00000-0 +14786-2 0  9998
2 21959 073.9689 154.5368 0129197 150.3708 284.1373 12.18582814221390
1 22025U 91009CJ  18241.90393875 -.00000086  00000-0 -57518-3 0  9995
2 22025  73.9400 179.1618 0143477 156.3552 275.2320 12.31376190235107
1 22132U 91009CR  18242.05462924 -.00000081  00000-0 -66147-3 0  9996
2 22132  74.0542 255.6986 0141715  92.9042 297.4818 12.16809209220966
1 22198U 91009CS  18240.86139903 -.00000001  00000-0  12334-3 0  9993
2 22198  73.9159 177.4454 0146095 204.0087 217.1753 12.30481238234014
1 22221U 92076C   18241.94623469 +.00000003 +00000-0 +41854-4 0  9991
2 22221 071.0424 078.8507 0185686 265.6401 209.3450 13.77000203295082
1 22222U 92076D   18241.70496044 -.00000012 +00000-0 +28156-4 0  9994
2 22222 070.9965 251.5982 0214745 133.0389 228.8921 13.69990628288485
1 22223U 92076E   18241.84791642  .00000015  00000-0  52298-4 0  9998
2 22223  71.0367 123.3333 0195257 343.6946  88.0831 13.75393610293829
1 22224U 92076F   18241.90318552 -.00000017 +00000-0 +23119-4 0  9994
2 22224 070.9893 104.4611 0193831 069.3747 292.8022 13.74427977293020
1 22289U 92093D   18241.85094646 -.00000017 +00000-0 +12396-4 0  9998
2 22289 070.8324 043.2472 0060043 036.1720 074.5875 14.31449320340120
1 22290U 92093E   18242.23351144 -.00000021  00000-0  19232-4 0  9993
2 22290  71.0485 243.1109 0195002  27.5719  54.5391 13.74650994287271
1 22291U 92093F   18241.84010830 +.00000003 +00000-0 +42105-4 0  9998
2 22291 071.0110 292.9383 0207317 122.9340 349.4574 13.71814770285049
1 22292U 92093G   18241.93251472 +.00000014 +00000-0 +54412-4 0  9994
2 22292 071.0081 328.8643 0210807 180.5780 295.9225 13.70381400278645
1 22293U 92093H   18241.49563288  .00000012  00000-0  50633-4 0  9996
2 22293  71.0552 266.8216 0197313   5.6354 354.6901 13.73995007281461
1 22296U 92093L   18241.82267806 +.00000802 +00000-0 +28128-3 0  9993
2 22296 070.8447 126.8353 0071582 149.7241 282.1295 14.36698990325163
1 22297U 92093M   18242.43698628  .00000104  00000-0  89587-4 0  9994
2 22297  70.9486 312.7938 0100161 168.7497 191.5893 14.04939254313534
1 22326U 92093P   18241.70346944 +.00000271 +00000-0 +22596-3 0  9998
2 22326 070.6602 215.3512 0151056 311.9580 099.2414 13.92492749297379
1 22329U 92093S   18241.92470579 +.00000504 +00000-0 +85996-4 0  9990
2 22329 070.8996 052.2545 0077705 279.9078 079.3309 14.72657158340082
1 22330U 92093T   18241.93744799 +.00000403 +00000-0 +26047-3 0  9990
2 22330 070.4167 176.3080 0114356 040.6561 022.4737 14.06056531313423
1 22332U 92093V   18242.35357070  .00003993  00000-0  38159-3 0  9995
2 22332  70.5400 326.2339 0014206 136.4940 223.7344 14.93925117343588
1 22338U 92093AB  18241.92555402 +.00000205 +00000-0 +52486-4 0  9995
2 22338 070.6190 208.8794 0088895 231.3468 148.6990 14.61080127338298
1 22341U 92093AE  18241.92288955 +.00000002 +00000-0 +34467-4 0  9999
2 22341 070.7459 195.2528 0134927 101.7016 315.1570 13.92193816301043
1 22342U 92093AF  18241.84474787 +.00000053 +00000-0 +73254-4 0  9994
2 22342 070.6992 123.2553 0119345 162.5302 271.5535 13.92633424301291
1 22347U 92093AL  18241.82883941 +.00000353 +00000-0 +27002-3 0  9995
2 22347 070.8370 182.2294 0178664 193.8584 196.7521 13.92888914292235
1 22348U 92093AM  18241.87259782 +.00000175 +00000-0 +12684-3 0  9993
2 22348 071.2593 276.5299 0105710 098.1351 318.7752 14.06074145312718
1 22349U 92093AN  18241.45183069 +.00000072 +00000-0 +98390-4 0  9997
2 22349 070.8186 252.0828 0185515 209.1533 302.6060 13.80628357289488
1 22351U 92093AQ  18242.17580628  .00000033  00000-0  50469-4 0  9994
2 22351  70.9088  36.9351 0107442 329.3843  82.2587 14.01686433310534
1 22353U 92093AS  18241.90608896 +.00000165 +00000-0 +11925-3 0  9993
2 22353 070.9694 046.0506 0117835 190.6631 228.7967 14.06945060310622
1 22356U 92093AV  18241.64858984 +.00001628 +00000-0 +44701-3 0  9995
2 22356 070.6819 321.7462 0056985 273.9028 204.5748 14.47717570326835
1 22357U 92093AW  18242.21796207  .00000716  00000-0  10528-3 0  9996
2 22357  70.8681 194.8154 0074553 342.1800 122.8316 14.77653638366698
1 22359U 92093AY  18241.84614223 +.00000267 +00000-0 +22570-3 0  9994
2 22359 070.7459 027.5769 0170228 217.8191 256.9954 13.90234447294563
1 22362U 92093BB  18241.88782500 +.00000401 +00000-0 +35662-3 0  9992
2 22362 070.8976 068.9840 0199352 263.3468 161.7881 13.82136650286902
1 22363U 92093BC  18241.93434943 +.00000022 +00000-0 +47884-4 0  9993
2 22363 071.0351 082.1502 0147733 316.9359 042.0266 13.92470196301459
1 22370U 92093BK  18241.81092955 -.00000069 +00000-0 -13580-4 0  9990
2 22370 070.9777 010.1683 0109899 143.9600 329.8337 14.04703745312254
1 22374U 92093BP  18241.87926260 +.00000102 +00000-0 +11368-3 0  9992
2 22374 070.7891 158.7368 0181964 213.9655 215.3042 13.85556478291720
1 22376U 92093BR  18241.81887434  .00000186  00000-0  10807-3 0  9996
2 22376  70.8934   6.3187 0061253  53.5815 100.1383 14.20153899321051
1 22377U 92093BS  18241.85078238 -.00000027 +00000-0 +11458-4 0  9994
2 22377 071.0955 053.0376 0057541 357.6174 002.4662 14.06950656314605
1 22379U 92093BU  18242.28830548  .00000237  00000-0  17032-3 0  9999
2 22379  70.7058 199.8826 0092978 309.0440  50.2426 14.05252199309807
1 22381U 92093BW  18241.90413093 +.00001932 +00000-0 +32166-3 0  9990
2 22381 070.5423 165.9970 0030868 289.3325 070.4487 14.71237500336050
1 22382U 92093BX  18241.92907666 +.00000208 +00000-0 +19139-3 0  9997
2 22382 070.8662 141.7002 0166366 031.8680 094.5231 13.87722592293999
1 22387U 92093CC  18241.92513066 +.00000125 +00000-0 +10609-3 0  9990
2 22387 070.8911 079.2390 0112716 042.4278 072.3629 14.02294074307209
1 22388U 92093CD  18241.91232057 +.00000268 +00000-0 +17231-3 0  9994
2 22388 070.9553 036.1885 0108472 221.6106 298.1814 14.09056967310391
1 22392U 92093CH  18242.42358906  .00000309  00000-0  57900-4 0  9992
2 22392  70.8895 228.7295 0105545  13.4884 138.5669 14.70278520364434
1 22393U 92093CJ  18241.63777255 +.00000005 +00000-0 +30280-4 0  9992
2 22393 071.1232 310.5961 0123458 011.4019 106.7850 14.03358134307909
1 22395U 92093CL  18241.86910128  .00000686  00000-0  31065-3 0  9993
2 22395  71.1498 114.2710 0085935 248.7744 196.4274 14.23501851313926
1 22396U 92093CM  18241.82587199 +.00002298 +00000-0 +34824-3 0  9995
2 22396 070.6537 026.9446 0013675 285.8130 195.7924 14.75331246343061
1 22397U 92093CN  18241.80750572 +.00000265 +00000-0 +13910-3 0  9996
2 22397 070.8048 144.5227 0038585 183.9072 176.1758 14.22928052323880
1 22398U 92093CP  18241.90919587 +.00000080 +00000-0 +76133-4 0  9993
2 22398 070.9533 080.6953 0115564 252.9491 105.8939 14.04049332308857
1 22400U 92093CR  18241.96783441 +.00000040 +00000-0 +63867-4 0  9997
2 22400 071.2390 070.6898 0159383 207.1172 277.1405 13.87119857297902
1 22403U 92093CU  18241.78697392 -.00000018 +00000-0 +18048-4 0  9996
2 22403 070.8951 002.7720 0085056 002.4589 115.3068 14.03498835309464
1 22404U 92093CV  18241.74235347 +.00000664 +00000-0 +90443-4 0  9996
2 22404 071.0538 001.7733 0084895 236.1928 233.3602 14.80633307344852
1 22406U 92093CX  18241.85182397  .00000112  00000-0  13152-3 0  9995
2 22406  70.7541 158.1417 0177881 299.4101 116.3672 13.81584375290445
1 22407U 92093CY  18241.82296035 +.00000052 +00000-0 +79172-4 0  9996
2 22407 070.8581 252.5084 0180147 122.9092 238.9488 13.81937774290315
1 22408U 92093CZ  18242.23863991  .00000045  00000-0  51870-4 0  9991
2 22408  71.0898 264.5993 0127412  50.4312  72.8495 14.05226040307628
1 22410U 92093DB  18241.78195060 +.00000056 +00000-0 +70614-4 0  9997
2 22410 071.0887 004.6448 0111525 276.1485 200.0365 13.95905144304190
1 22415U 92093DG  18242.04731918  .00000037  00000-0  49660-4 0  9996
2 22415  71.1154 210.3537 0127183 301.0671  57.8012 14.03153906309474
1 22416U 92093DH  18241.58634639 -.00000118 +00000-0 -42140-4 0  9995
2 22416 070.9586 287.1854 0082218 276.5999 201.2784 14.05283852315343
1 22418U 92093DK  18241.82282898 +.00000099 +00000-0 +89583-4 0  9998
2 22418 071.1294 357.5442 0131351 037.8968 122.8498 14.00626372306608
1 22419U 92093DL  18241.92129249 +.00000043 +00000-0 +61726-4 0  9998
2 22419 071.1791 141.2648 0106052 149.1626 211.5776 13.94533929303862
1 22420U 92093DM  18241.88836024  .00000599  00000-0  92181-4 0  9996
2 22420  70.9885  40.7814 0068962  69.0688  45.1798 14.76578751364346
1 22421U 92093DN  18241.93574693 -.00000125 +00000-0 -42766-4 0  9995
2 22421 071.0340 287.6687 0098224 299.2836 127.3735 14.09143950315649
1 22422U 92093DP  18241.91152315  .00000022  00000-0  44322-4 0  9991
2 22422  71.1855  43.8764 0093048  58.7162  59.9109 13.98547759306253
1 22425U 92093DS  18242.20980420  .00000030  00000-0  53414-4 0  9994
2 22425  71.1763 176.9396 0113715 182.4217 288.9939 13.93430173301877
1 22426U 92093DT  18241.77337466 +.00000537 +00000-0 +25436-3 0  9996
2 22426 071.3522 111.6546 0137328 087.0483 341.2307 14.18801251318302
1 22430U 92093DX  18242.24515622  .00000029  00000-0  51343-4 0  9999
2 22430  71.2354 184.3774 0115821  23.0140  81.7558 13.94672384303521
1 22432U 92093DZ  18241.88789388  .00000226  00000-0  17069-3 0  9997
2 22432  70.8355  46.9473 0105279 196.2140 314.4360 14.02093994306217
1 22433U 92093EA  18241.93383554 +.00001102 +00000-0 +34960-3 0  9992
2 22433 071.1611 097.2878 0078996 179.0713 181.0586 14.40427871324614
1 22435U 92093EC  18241.77591529 +.00000737 +00000-0 +23648-3 0  9993
2 22435 071.3412 357.9182 0079110 042.9492 078.5701 14.40851960322079
1 22436U 92093ED  18241.71833957  .00000349  00000-0  88241-4 0  9992
2 22436  71.5150 334.7029 0061548 329.4268 150.7480 14.56609969349055
1 22437U 92093EE  18241.89988540 +.00000366 +00000-0 +12774-3 0  9997
2 22437 071.3361 183.9678 0043461 233.3555 126.3585 14.40850027337494
1 22438U 92093EF  18241.76074818 +.00003533 +00000-0 +46370-3 0  9996
2 22438 071.3290 223.7393 0032797 030.9790 025.8039 14.80626917336090
1 22442U 92093EK  18241.70513623  .00000750  00000-0  33615-3 0  9993
2 22442  71.1061  92.9053 0136932 206.6932 152.7103 14.20761012312753
1 22443U 92093EL  18242.36979939  .00000948  00000-0  34084-3 0  9993
2 22443  71.0994 211.6631 0069983 168.6946 315.7551 14.34924292319574
1 22444U 92093EM  18241.59708514 -.00000028  00000-0  95761-5 0  9998
2 22444  71.3220 314.0290 0080725 357.1253 113.5695 14.05853600312132
1 22445U 92093EN  18241.94750697 -.00000201 +00000-0 -83570-4 0  9995
2 22445 071.2730 120.2580 0066010 318.4294 041.1819 14.11689980316091
1 22451U 92093EQ  18241.97285086 +.00000016 +00000-0 +42067-4 0  9998
2 22451 071.1370 106.3154 0129785 103.2616 006.7909 13.93463088302838
1 22453U 92093ES  18242.16490328  .00000210  00000-0  19984-3 0  9996
2 22453  70.8053 139.6365 0172259 167.9861 316.9116 13.85408015292609
1 22454U 92093ET  18242.16825345  .00000049  00000-0  63626-4 0  9991
2 22454  70.9177 134.1977 0106344  25.9690 334.6704 13.98263950306698
1 22455U 92093EU  18241.78790997 +.00000590 +00000-0 +27754-3 0  9995
2 22455 070.8729 021.7638 0121988 003.9407 116.5550 14.20242292308611
1 22456U 92093EV  18241.66729720  .00001276  00000-0  58677-3 0  9999
2 22456  71.2530  75.5295 0121232 215.2013 212.0180 14.19165508307618
1 22458U 92093EX  18242.27017269  .00000016  00000-0  40666-4 0  9998
2 22458  70.8545 316.1515 0071285  86.1092 331.4864 14.01404650309986
1 22459U 92093EY  18241.93077635 +.00001137 +00000-0 +35924-3 0  9999
2 22459 071.1777 301.3705 0082625 026.3304 023.3398 14.40404195319579
1 22468U 92093FH  18241.93598143 +.00001661 +00000-0 +60169-3 0  9992
2 22468 071.1641 177.9329 0100845 257.0056 101.9802 14.32038627312132
1 22471U 92093FL  18241.64031946  .00001123  00000-0  27741-3 0  9999
2 22471  71.1310 318.8641 0062907 148.8253 331.3777 14.53102219327862
1 22473U 92093FN  18241.96609760 +.00001699 +00000-0 +55047-3 0  9999
2 22473 071.3404 201.6785 0089683 242.4227 174.2454 14.38075695315650
1 22474U 92093FP  18241.53849295  .00000808  00000-0  54153-3 0  9990
2 22474  71.3052 271.7463 0178187 215.5808 267.5216 13.96257873291282
1 22475U 92093FQ  18242.32881624  .00001422  00000-0  25151-3 0  9990
2 22475  71.2936 326.5258 0037885 191.2629 168.7681 14.68723104342622
1 22476U 92093FR  18241.55268867 +.00000675 +00000-0 +93546-3 0  9995
2 22476 071.5482 297.1912 0489700 328.4244 028.8277 13.20537112226500
1 22477U 92093FS  18241.77195519  .00000677  00000-0  11572-3 0  9994
2 22477  70.8693 118.4154 0070248  36.3230  26.5465 14.71422907355850
1 22478U 92093FT  18241.80090132  .00001893  00000-0  33509-3 0  9999
2 22478  71.3190  29.3871 0036361 180.8235 179.2865 14.68244936341229
1 22480U 92093FV  18241.77713866  .00000771  00000-0  24972-3 0  9992
2 22480  71.1183  85.0703 0074934 288.6665 198.8990 14.40556705323223
1 22481U 92093FW  18241.82884292  .00007889  00000-0  73431-3 0  9992
2 22481  71.2616  40.3971 0030409  17.6463 342.5751 14.94226650328514
1 22493U 92093GC  18241.79041424 +.00000101 +00000-0 +42162-4 0  9991
2 22493 071.0415 027.4179 0107355 081.2310 280.0968 14.44444708358959
1 22494U 92093GD  18241.96576816 +.00000672 +00000-0 +46931-3 0  9999
2 22494 070.8228 213.7555 0186785 245.0742 178.0194 13.94132509290645
1 22495U 92093GE  18242.45183449  .00001789  00000-0  49450-3 0  9990
2 22495  71.1805 254.1143 0017762 328.6294 145.0384 14.47963810323223
1 22496U 92093GF  18242.22898330 -.00000023  00000-0  14173-4 0  9994
2 22496  71.2150  72.1021 0089975  19.7296  90.8258 13.97025693305304
1 22499U 92093GJ  18241.72134365 +.00001724 +00000-0 +52219-3 0  9992
2 22499 071.4050 114.5727 0076110 343.7942 071.7710 14.41976195318281
1 22500U 92093GK  18241.90873215  .00000122  00000-0  73140-4 0  9997
2 22500  70.8493  45.8038 0063260 141.8748 218.6879 14.24145768324765
1 22502U 92093GM  18241.73624596 +.00000005 +00000-0 +38424-4 0  9992
2 22502 070.8197 354.8417 0153909 031.6702 121.3984 13.88135539298905
1 22503U 92093GN  18241.89736909  .00027061  00000-0  92084-3 0  9994
2 22503  71.1731 169.0922 0003872  89.0943 271.0684 15.30325714346020
1 22504U 92093GP  18241.38234774  .00001966  00000-0  51926-3 0  9998
2 22504  71.2964 213.5050 0064072  15.9857 136.3403 14.48901758328251
1 22509U 92093GU  18241.83055287 +.00000155 +00000-0 +10031-3 0  9994
2 22509 071.1329 152.0779 0124839 214.4226 203.6322 14.13048930311930
