1 31025U 99025BDT 18242.35740591  .00000104  00000-0  63964-4 0  9994
2 31025  98.7165 284.5330 0186882 101.9182 260.3012 14.14670299591203
1 31026U 99025BDU 18242.07737448  .00000028  00000-0  58782-4 0  9998
2 31026  98.7972 337.1337 0136327 187.4927 296.7190 13.82261007578209
1 31027U 99025BDV 17049.38198583  .00000406  00000-0  21962-3 0  9997
2 31027  99.0183 109.1279 0078961 217.7757 141.6964 14.16710760510506
1 31028U 99025BDW 18241.06359500  .00000035  00000-0  57108-4 0  9996
2 31028  98.7146 332.6893 0168767  23.3405 337.5302 13.87222686580143
1 31029U 99025BDX 18241.93221251 +.00000154 +00000-0 +74453-4 0  9998
2 31029 098.9164 017.9504 0093956 268.1765 219.0025 14.30125487597192
1 31030U 99025BDY 18241.05428373  .00000435  00000-0  24691-3 0  9997
2 31030  99.0181 264.1212 0032540 119.4880 303.6564 14.14994646590313
1 31031U 99025BDZ 18241.39108416 +.00000175 +00000-0 +11021-3 0  9992
2 31031 099.1961 035.5834 0029613 167.8349 246.6014 14.16996060591204
1 31032U 99025BEA 18241.34128507 +.00000370 +00000-0 +30167-3 0  9990
2 31032 099.2477 185.0479 0155288 206.8606 306.1945 13.90695806578869
1 31033U 99025BEB 18241.33433049 +.00000042 +00000-0 +33005-4 0  9991
2 31033 098.5303 288.8993 0159242 356.2305 063.8208 14.24413263594223
1 31035U 99025BED 18242.05737593  .00000619  00000-0  20378-3 0  9992
2 31035  98.7176 322.6605 0251070 135.5132 346.6081 14.25385930593017
1 31036U 99025BEE 18241.02551019  .00000113  00000-0  42686-4 0  9992
2 31036  98.9046 157.7701 0145108 295.8090 121.1316 14.45415014603341
1 31037U 99025BEF 18240.97028449  .00010440  00000-0  83151-3 0  9997
2 31037  99.0387 240.5579 0016389 280.6789  79.2585 15.00504685605013
1 31038U 99025BEG 18241.91783908 +.00000195 +00000-0 +76728-4 0  9990
2 31038 099.0158 137.3412 0095434 151.5793 209.0644 14.37959104599243
1 31040U 99025BEJ 18242.05102455  .00000078  00000-0  62478-4 0  9998
2 31040  98.7379 273.8837 0064241 257.9345 130.8621 14.14435106590557
1 31041U 99025BEK 18242.14106750  .00000665  00000-0  45922-3 0  9997
2 31041  99.1483 198.7301 0117117 125.7053 301.9163 13.99401085581721
1 31042U 99025BEL 18241.88189529 +.00001882 +00000-0 +35167-3 0  9995
2 31042 099.0448 211.4967 0066249 310.7857 048.7606 14.64961410603932
1 31043U 99025BEM 18241.88628649 +.00000287 +00000-0 +20575-3 0  9992
2 31043 099.0319 272.2517 0041975 252.9756 232.8424 14.04739151585864
1 31044U 99025BEN 18241.16777704 +.00003032 +00000-0 +29339-3 0  9999
2 31044 099.4152 140.1869 0059049 207.1737 152.6384 14.92503266608963
1 31046U 99025BEQ 18241.55398285  .00001229  00000-0  60730-3 0  9993
2 31046  99.0442 249.8836 0102897 227.4796 257.1391 14.16606927587367
1 31047U 99025BER 18241.29575556 +.00000117 +00000-0 +90172-4 0  9992
2 31047 098.8447 273.1574 0027580 171.8957 249.1734 14.10165506588073
1 31048U 99025BES 18241.22105297 +.00001238 +00000-0 +55899-3 0  9998
2 31048 099.0617 335.5221 0068065 043.7649 016.9529 14.22802656596771
1 31049U 99025BET 18241.30285328  .00000390  00000-0  28125-3 0  9992
2 31049  99.0547 271.7914 0051994 340.0878  19.8257 14.02045274585179
1 31051U 99025BEV 18241.86148894  .00000219  00000-0  17353-3 0  9993
2 31051  99.1750 271.7964 0056748 329.5624  30.2251 14.01365350585010
1 31053U 99025BEX 18241.15668257  .00000427  00000-0  39831-3 0  9993
2 31053  98.7460 210.5961 0339378 283.5441  72.8115 13.63949905571413
1 31054U 99025BEY 18242.07661679  .00000064  00000-0  60601-4 0  9994
2 31054  98.9474 269.2956 0011278  99.0737 322.7223 14.10784315592875
1 31055U 99025BEZ 18241.92349804 -.00000071 +00000-0 -15276-4 0  9999
2 31055 099.0642 267.4029 0025669 187.8634 291.5816 14.07662693586512
1 31056U 99025BFA 18242.06195789  .00000069  00000-0  62108-4 0  9998
2 31056  98.7434 281.9507 0026729   5.5151  24.4353 14.11222319593461
1 31057U 99025BFB 18240.96441140  .00000414  00000-0  91965-4 0  9998
2 31057  99.2479 305.4512 0208684 357.8457   2.1815 14.51042845607289
1 31058U 99025BFC 18239.44233582  .00000392  00000-0  99830-4 0  9993
2 31058  99.5815 113.1154 0139800 127.5830 233.8153 14.51849607607417
1 31060U 99025BFE 18242.12378523  .00003349  00000-0  35970-3 0  9999
2 31060  99.1649   4.1848 0074423 160.7990 199.6054 14.87431754612970
1 31062U 99025BFG 18241.20689687 +.00000064 +00000-0 +10052-3 0  9990
2 31062 099.2627 142.7461 0175148 146.0126 006.3340 13.74455636576479
1 31063U 99025BFH 18241.46097428 +.00000980 +00000-0 +34144-3 0  9990
2 31063 099.8626 115.8405 0038537 273.9217 210.6057 14.37741804359610
1 31064U 99025BFJ 18241.32992281 +.00000059 +00000-0 +37119-4 0  9990
2 31064 098.6279 278.5171 0252732 150.2530 270.9261 14.18361957594870
1 31065U 99025BFK 18240.95193431  .00000372  00000-0  19566-3 0  9992
2 31065  98.7301 291.9672 0040766 191.7810 168.2416 14.19553479595466
1 31066U 99025BFL 18241.23267176 +.00001117 +00000-0 +89122-4 0  9997
2 31066 099.0336 037.7834 0188329 052.9544 308.8730 14.90150962617572
1 31067U 99025BFM 18241.71678888  .00007824  00000-0  42148-3 0  9994
2 31067  99.0608  52.8530 0063338 135.7882 224.8430 15.13440126618130
1 31068U 99025BFN 18241.99811931  .00000032  00000-0  38252-4 0  9999
2 31068  98.7931 297.3118 0169709  91.5077 270.5539 14.07312598591735
1 31069U 99025BFP 18242.05223067  .00000361  00000-0  11307-3 0  9991
2 31069  99.0515 175.5852 0131743  67.6524 293.8566 14.42401107603655
1 31071U 99025BFR 18241.90140848 +.00000347 +00000-0 +12917-3 0  9994
2 31071 099.0511 122.7303 0069876 220.1090 139.4925 14.37366487271492
1 31072U 99025BFS 18242.38017567  .00000196  00000-0  95782-4 0  9993
2 31072  99.3380  89.9226 0237053  60.0778  60.9483 14.15643274592701
1 31073U 99025BFT 18241.77903887 +.00000858 +00000-0 +50403-3 0  9990
2 31073 099.0635 344.7058 0055788 217.7302 141.9950 14.10122509594501
1 31074U 99025BFU 18241.71478632  .00000710  00000-0  50686-3 0  9990
2 31074  99.0072 156.0145 0105556  91.3885 269.9373 13.97867006582823
1 31077U 99025BFX 18241.83281045  .00001632  00000-0  26280-3 0  9993
2 31077  99.0146 245.7902 0109332 106.9198 254.4025 14.69230108608808
1 31078U 99025BFY 18241.22271132 +.00000263 +00000-0 +14130-3 0  9993
2 31078 099.0199 225.7796 0122775 180.6135 247.4405 14.17494953591383
1 31079U 99025BFZ 15253.31222079  .00001357  00000-0  89508-3 0  9996
2 31079  99.0846 284.2475 0062121 103.4289 251.3901 14.02529851434435
1 31080U 99025BGA 18241.43308626  .00000563  00000-0  35485-3 0  9997
2 31080  99.0739 319.5436 0083302  16.5387 343.8469 14.06754379586730
1 31081U 99025BGB 18241.28323297 +.00000018 +00000-0 +37871-4 0  9999
2 31081 099.0480 266.4339 0049345 123.1899 297.2168 14.05828080590483
1 31082U 99025BGC 18237.34383354  .00000398  00000-0  25643-3 0  9996
2 31082  98.8988 280.1519 0075408 170.2250 190.0406 14.07239213587623
1 31083U 99025BGD 18241.85838483  .00000689  00000-0  28576-3 0  9997
2 31083  98.7445 303.0141 0049647 278.8842 147.5431 14.29138993595255
1 31085U 99025BGF 18241.80101814 +.00000068 +00000-0 +43079-4 0  9992
2 31085 098.7670 349.7679 0089010 197.9663 314.3932 14.28602727596958
1 31086U 99025BGG 18241.94666991 +.00000890 +00000-0 +11980-3 0  9998
2 31086 098.9713 283.5871 0122108 307.2422 174.3381 14.77431108611231
1 31087U 99025BGH 18242.33681891  .00000335  00000-0  83987-4 0  9990
2 31087  98.4037 286.8098 0214502 159.0613 263.3518 14.44934744602462
1 31088U 99025BGJ 18241.86627696 +.00000686 +00000-0 +39626-3 0  9990
2 31088 099.4344 107.9086 0036828 328.7337 087.8126 14.12410150588503
1 31089U 99025BGK 18240.50298878 +.00000147 +00000-0 +14258-3 0  9993
2 31089 098.9792 118.8604 0211512 224.1097 259.3773 13.84503153311781
1 31090U 99025BGL 18241.70924731 +.00000510 +00000-0 +72302-4 0  9991
2 31090 098.9860 324.2940 0169738 290.2417 068.0610 14.73372473613426
1 31091U 99025BGM 18242.15383552  .00000152  00000-0  23203-3 0  9999
2 31091  99.3157 355.9966 0284647 226.5731 131.1398 13.51369395569449
1 31092U 99025BGN 18242.04734605  .00000377  00000-0  53984-3 0  9995
2 31092  99.5302  86.2290 0341555 215.4896 142.3075 13.40893606562421
1 31093U 99025BGP 18241.05088522 +.00000127 +00000-0 +13913-3 0  9997
2 31093 098.6189 273.0419 0213052 205.7906 153.2503 13.78243121578086
1 31094U 99025BGQ 18241.65364294 +.00000586 +00000-0 +46171-3 0  9998
2 31094 099.0313 145.6051 0114948 156.9962 203.6404 13.92531540584910
1 31095U 99025BGR 18241.70734660 +.00000116 +00000-0 +23962-3 0  9995
2 31095 098.5825 158.4484 0503353 078.9888 286.7400 13.05730566546983
1 31097U 99025BGT 18242.11742609  .00000777  00000-0  39551-3 0  9999
2 31097  98.9330 294.9512 0019319  70.0280 343.8575 14.18678855591559
1 31098U 99025BGU 18241.74400057 +.00000860 +00000-0 +42133-3 0  9999
2 31098 098.9739 271.7895 0020842 059.0342 301.2878 14.20465400589744
1 31099U 99025BGV 18241.88157372 +.00000071 +00000-0 +49215-4 0  9997
2 31099 098.9802 015.8421 0066207 027.8054 123.8189 14.24873880595419
1 31131U 03049D   18242.35748590  .00000232  00000-0  97694-4 0  9999
2 31131  98.6441 191.6403 0135628 149.2009   3.0211 14.29704229592033
1 31137U 95021D   18241.44491337  .00000287  00000-0  10378-3 0  9992
2 31137  98.3832 203.2604 0004557  32.6413  94.5922 14.40480080762136
1 31139U 03049E   18241.72174145  .00000398  00000-0  11313-3 0  9992
2 31139  98.1928 214.8801 0093365   7.3092 352.9438 14.48058360598967
1 31144U 99025BGW 13276.33812043 +.00000206 +00000-0 +16243-3 0  9998
2 31144 099.2351 319.5653 0098724 273.1648 086.6520 14.00794070335052
1 31146U 99025BGY 18241.67380368 +.00000229 +00000-0 +10043-3 0  9991
2 31146 099.1677 042.9852 0230706 223.0707 135.2213 14.20742195589177
1 31147U 99025BGZ 18241.81351067 +.00003010 +00000-0 +32653-3 0  9994
2 31147 099.1598 347.7618 0123181 094.8983 034.8802 14.83712043605214
1 31148U 99025BHA 18241.55703855  .00000399  00000-0  14575-3 0  9992
2 31148  98.8364   3.1031 0158045 308.4235  50.2848 14.32150518593715
1 31149U 99025BHB 18241.87511666  .00001703  00000-0  37270-3 0  9992
2 31149  99.1584 207.1729 0114549 219.0340 195.2353 14.55313547598139
1 31150U 99025BHC 18242.56404267 -.00000008  00000-0  19862-4 0  9995
2 31150  98.9148 270.1421 0016014 146.7506   7.1518 14.11337881587806
1 31151U 99025BHD 18241.80612523 +.00000482 +00000-0 +32008-3 0  9999
2 31151 099.0213 182.8985 0073753 292.9115 066.4280 14.04885344584488
1 31152U 99025BHE 18241.56009904 +.00000008 +00000-0 +17008-4 0  9994
2 31152 098.4408 269.5901 0133448 046.7927 105.7748 14.34268495598760
1 31154U 99025BHG 18241.32496341 +.00001436 +00000-0 +35530-3 0  9990
2 31154 098.6383 278.9571 0071351 258.9527 100.3637 14.52123011203990
1 31155U 99025BHH 18241.02270472 +.00000819 +00000-0 +57009-3 0  9992
2 31155 099.2452 268.5826 0109725 145.3525 245.7528 13.98763264582876
1 31157U 99025BHK 18242.40896215  .00000085  00000-0  57111-4 0  9996
2 31157  98.6228 293.7951 0105263 128.4616 288.3552 14.19581332592876
1 31158U 99025BHL 18241.31317325 +.00000505 +00000-0 +26832-3 0  9998
2 31158 098.9798 270.6062 0062779 121.3371 239.3968 14.16994594266659
1 31159U 99025BHM 18242.32397712  .00001159  00000-0  10645-3 0  9990
2 31159  97.6531 283.2656 0333452  41.2923 321.2986 14.62719412604788
1 31160U 99025BHN 18242.21570299  .00000039  00000-0  58602-4 0  9995
2 31160  99.3306 236.8731 0058344 341.3981  18.5049 13.98752871584618
1 31161U 99025BHP 18241.53079011 +.00000019 +00000-0 +37974-4 0  9993
2 31161 099.0354 269.5128 0069493 261.5501 097.7786 14.06584690586554
1 31162U 99025BHQ 07340.18477635 +.00000719 +00000-0 +52048-3 0  9992
2 31162 098.8751 319.3365 0086993 282.1768 076.9640 13.97985442037017
1 31163U 99025BHR 18239.14233156  .00000177  00000-0  92165-4 0  9999
2 31163  98.8805 354.9447 0059292  40.1616 320.3922 14.25602197594528
1 31165U 99025BHT 18241.88590663  .00000519  00000-0  14747-3 0  9993
2 31165  98.9173 104.4267 0102137   5.4011  60.7183 14.47051148601933
1 31166U 99025BHU 18240.43777003 +.00001392 +00000-0 +52476-3 0  9990
2 31166 098.7968 309.7546 0018086 019.7815 044.3105 14.32964530593825
1 31167U 99025BHV 18241.65697819 +.00001515 +00000-0 +37429-3 0  9990
2 31167 098.9962 128.3391 0054747 152.9935 207.4126 14.52815550596706
1 31168U 99025BHW 18241.23155073 +.00000365 +00000-0 +93317-4 0  9997
2 31168 098.8640 157.8191 0138377 220.9606 138.1129 14.51720252603948
1 31169U 99025BHX 18241.38111934 +.00000564 +00000-0 +36356-3 0  9992
2 31169 099.0429 186.5936 0075523 289.5931 069.7095 14.05833847195455
1 31171U 99025BHZ 18241.42183163  .00000918  00000-0  48378-3 0  9993
2 31171  98.0484 107.2941 0225486 107.4172  15.5977 14.03630624583000
1 31172U 99025BJA 18241.90295736  .00000024  00000-0  24497-4 0  9992
2 31172  98.6249 270.3777 0152940 194.5198 165.1566 14.29467018596478
1 31173U 99025BJB 18236.03944826  .00000382  00000-0  27246-3 0  9993
2 31173  98.2013 178.6035 0082230 127.3430 295.9917 14.00814352581852
1 31174U 99025BJC 18241.57960712 +.00002284 +00000-0 +89241-3 0  9997
2 31174 099.0700 007.7120 0017632 049.0679 008.8543 14.30548194588372
1 31175U 99025BJD 18237.47720087 +.00000173 +00000-0 +10763-3 0  9999
2 31175 098.4370 322.4497 0141294 016.3898 044.7462 14.11332343277577
1 31177U 99025BJF 18241.46417958  .00000953  00000-0  11708-2 0  9990
2 31177  98.7566  71.7923 0349786 290.6381  95.0916 13.44802339559496
1 31178U 99025BJG 18241.75940441  .00000358  00000-0  23161-3 0  9997
2 31178  99.5379  68.9174 0156647 103.2971 258.5715 14.03653273583554
1 31179U 99025BJH 18239.31965937 +.00000201 +00000-0 +17582-3 0  9991
2 31179 099.2909 274.9634 0228438 343.1140 016.2500 13.85569988249932
1 31180U 99025BJJ 18241.49908775 +.00000053 +00000-0 +48415-4 0  9997
2 31180 099.1717 114.3568 0510774 197.0142 288.6422 13.66725733276757
1 31181U 99025BJK 18241.69005660  .00000200  00000-0  15226-3 0  9998
2 31181  99.0130 282.4613 0050886 332.8030 153.3797 14.04364302583840
1 31182U 99025BJL 18241.35285972  .00000075  00000-0  65086-4 0  9998
2 31182  98.7772 276.9541 0024960 155.6707 262.5346 14.11266408586092
1 31183U 99025BJM 18241.76767630 +.00000443 +00000-0 +18005-3 0  9997
2 31183 099.0885 065.5744 0064845 353.7569 072.0044 14.31741343592715
1 31185U 99025BJP 18240.87697181 +.00000327 +00000-0 +24271-3 0  9996
2 31185 098.9793 271.8151 0040277 319.2739 040.5417 14.01796154250190
1 31186U 99025BJQ 18241.23147255 +.00000198 +00000-0 +14029-3 0  9996
2 31186 099.3091 034.8082 0025343 282.7085 202.6233 14.09442488585725
1 31187U 99025BJR 18241.03828012  .00001203  00000-0  38283-3 0  9998
2 31187  99.1993 319.1661 0394996 210.8552 146.8856 14.05489193581839
1 31188U 99025BJS 18241.68841946 +.00000674 +00000-0 +39308-3 0  9991
2 31188 098.9496 297.3454 0069161 258.4038 226.1414 14.10794400587038
1 31190U 99025BJU 18241.29129739 +.00000091 +00000-0 +91314-4 0  9999
2 31190 099.0824 275.0866 0075365 075.4836 285.4673 13.98702877582889
1 31191U 99025BJV 18241.58687617 +.00000108 +00000-0 +51055-4 0  9993
2 31191 098.8503 019.5830 0101012 120.0321 241.0931 14.35569767597802
1 31192U 99025BJW 18241.07955512 +.00000180 +00000-0 +81131-4 0  9998
2 31192 098.6622 286.0415 0272823 226.9488 130.8552 14.15960096590289
1 31193U 99025BJX 18205.47918116 -.22328770  00000-0 -13799+0 0  9996
2 31193  99.1206  87.8353 0008345 114.8385  11.5010 15.85509007612175
1 31194U 99025BJY 18241.59912418 +.00000477 +00000-0 +21361-3 0  9992
2 31194 098.9318 003.7027 0066073 075.0432 285.8049 14.26114984591023
1 31195U 99025BJZ 18241.26312889 +.00000063 +00000-0 +55963-4 0  9990
2 31195 099.1069 262.7875 0175379 080.3829 281.7104 14.06697330586566
1 31196U 99025BKA 18239.91704671 +.00000172 +00000-0 +99694-4 0  9994
2 31196 098.7718 273.0910 0061720 004.6705 355.5035 14.20056750256483
1 31197U 99025BKB 18241.38308132  .00001276  00000-0  66463-3 0  9994
2 31197  99.0718 305.8184 0060891 249.8869 109.5745 14.15520733587211
1 31198U 99025BKC 18242.19871181 -.00000018  00000-0  19043-4 0  9991
2 31198  98.5380 217.2185 0204474 299.3887  58.6987 13.74869890574385
1 31199U 99025BKD 18241.34517454  .00000176  00000-0  12592-3 0  9993
2 31199  98.7918 280.6825 0064875 231.3211 188.8382 14.08250588587156
1 31201U 99025BKF 18241.79516184 +.00000291 +00000-0 +12716-3 0  9991
2 31201 098.8794 352.2528 0166436 130.3757 020.3814 14.24087570592847
1 31202U 99025BKG 18241.48773090 +.00000872 +00000-0 +19661-3 0  9990
2 31202 096.5751 071.4282 0115930 177.5840 212.9721 14.53970810602952
1 31203U 99025BKH 18241.62947871  .00000885  00000-0  41890-3 0  9990
2 31203  98.9895 306.7783 0057703  31.4639 328.9968 14.21436137589134
1 31204U 99025BKJ 11087.18964326 +.00001383 +00000-0 +10408-2 0  9991
2 31204 098.0611 234.0605 0252294 188.1478 178.5437 13.81694359202152
1 31205U 99025BKK 18241.57117127 +.00000010 +00000-0 +23642-4 0  9995
2 31205 099.2227 153.2583 0164577 213.4115 145.6592 14.22495406593510
1 31206U 99025BKL 18242.18521885  .00000275  00000-0  11422-3 0  9999
2 31206  98.9133  22.7656 0085948 243.0754 116.1628 14.32479642597158
1 31208U 99025BKN 18241.22542059  .00000878  00000-0  35564-3 0  9993
2 31208  99.2355 146.9556 0024373 110.7565  40.8145 14.30377168593839
1 31209U 99025BKP 18240.27710232  .00000822  00000-0  42093-3 0  9992
2 31209  99.0128 251.5372 0034071 103.5675 256.9298 14.18072547588576
1 31210U 99025BKQ 18241.07199641  .00000039  00000-0  47546-4 0  9997
2 31210  98.8892 271.5551 0018931 126.3521 289.3147 14.08982700585024
1 31211U 99025BKR 18235.95277296  .00000277  00000-0  17567-3 0  9994
2 31211  98.9047 281.0778 0058122 118.6578 242.0454 14.11009766586964
1 31212U 99025BKS 18242.37297701  .00000710  00000-0  48414-3 0  9999
2 31212  99.1199 199.0489 0088795 336.0548  23.6499 14.01367398583017
1 31213U 99025BKT 18241.76352738 +.00001907 +00000-0 +74535-3 0  9996
2 31213 099.4590 177.6340 0023733 197.6777 162.3579 14.30774697589652
1 31214U 99025BKU 18242.07166531  .00001185  00000-0  52855-3 0  9995
2 31214  98.9460 268.3399 0019501   0.8799  59.3155 14.24632198589503
1 31215U 99025BKV 18241.14944920  .00000343  00000-0  17487-3 0  9996
2 31215  98.8906 344.5039 0075138  56.0285 304.8002 14.20723828590976
1 31217U 99025BKX 18241.32191954  .00000259  00000-0  15759-3 0  9995
2 31217  98.8627 275.9192 0107715 182.6562 177.4050 14.11660708588922
1 31218U 99025BKY 18242.19784464  .00001088  00000-0  49329-3 0  9997
2 31218  98.9266 244.5963 0033136 283.1276  76.6205 14.23803404589541
1 31219U 99025BKZ 18241.75435810  .00000674  00000-0  46356-3 0  9994
2 31219  99.0902 179.9592 0095489 346.0536  13.7995 14.00735466582567
1 31220U 99025BLA 18241.85960000 +.00001188 +00000-0 +35397-3 0  9995
2 31220 099.0253 099.9181 0057395 185.8084 240.2480 14.44186047596838
1 31222U 99025BLC 18241.84302895 +.00000603 +00000-0 +73042-4 0  9999
2 31222 098.6614 101.4833 0262450 190.4428 169.1260 14.66587058607630
1 31223U 99025BLD 18241.61658344 +.00001108 +00000-0 +11496-2 0  9992
2 31223 099.0752 275.2367 0302759 134.7449 227.8767 13.59269800564181
1 31224U 99025BLE 18240.97099744 +.00000112 +00000-0 +58966-4 0  9993
2 31224 098.5840 298.0945 0169330 045.8779 076.9502 14.23768471313242
1 31225U 99025BLF 18241.71227528  .00000541  00000-0  34238-3 0  9991
2 31225  99.1741 256.1463 0102307 244.3640 179.9585 14.05963181583580
1 31226U 99025BLG 18241.37199497  .00000024  00000-0  26882-4 0  9990
2 31226  98.6156 304.8175 0130461  56.9027 304.4597 14.23038601593246
1 31227U 99025BLH 18242.22528273  .00001291  00000-0  54790-3 0  9999
2 31227  98.1203 252.1897 0134612  93.1160 268.5432 14.22026433588087
1 31228U 99025BLJ 18241.96930789 +.00000204 +00000-0 +93063-4 0  9999
2 31228 098.9642 027.5827 0085500 289.9344 196.1234 14.30399308594705
1 31229U 99025BLK 18241.06969566 +.00000618 +00000-0 +37156-3 0  9995
2 31229 099.0474 278.0225 0061286 267.5374 154.8577 14.09750117584778
1 31231U 99025BLM 18242.01945897  .00000495  00000-0  16144-3 0  9992
2 31231  98.8983 309.0484 0302936 346.6360 132.5986 14.20554625588061
1 31232U 99025BLN 18238.35843548  .00001031  00000-0  49322-3 0  9996
2 31232  99.0238 283.3064 0045839 136.2703 224.2119 14.20831570587340
1 31234U 99025BLQ 18242.32688840 -.00000076  00000-0 -19839-4 0  9993
2 31234  98.8965 272.6533 0076546 144.0440 216.5913 14.05695564585823
1 31235U 99025BLR 18241.68168806  .00000852  00000-0  60523-3 0  9992
2 31235  98.4998 202.6299 0245275 239.3896 118.2867 13.86635332574210
1 31236U 99025BLS 18242.38117567  .00000941  00000-0  76851-3 0  9999
2 31236  98.5452  96.2319 0382373 296.7040  59.5441 13.62743915570184
1 31237U 99025BLT 18241.93508920 +.00000201 +00000-0 +99249-4 0  9993
2 31237 098.6182 278.2639 0096694 231.5902 127.6566 14.25198261593071
1 31238U 99025BLU 18241.35187447  .00001927  00000-0  62465-3 0  9992
2 31238  98.9865  15.8511 0117242 136.8319 224.2130 14.36316828592757
1 31239U 99025BLV 18241.63475161 +.00000067 +00000-0 +65288-4 0  9998
2 31239 098.8824 273.2720 0052750 137.5098 344.9523 14.06734605585592
1 31240U 99025BLW 18234.33058050  .00000358  00000-0  24867-3 0  9993
2 31240  98.9503 268.9342 0046275 307.0998 113.7571 14.04735281583893
1 31241U 99025BLX 18241.78973566 +.00000202 +00000-0 +92169-4 0  9998
2 31241 099.1941 177.0280 0074390 336.6803 023.1009 14.31328107595603
