1 36539U 93036BCZ 18241.79668535 +.00000272 +00000-0 +82179-4 0  9994
2 36539 074.0288 015.7259 0033909 091.0745 269.4299 14.46733730453681
1 36540U 93036BDA 18241.94950600 +.00000407 +00000-0 +13649-3 0  9995
2 36540 074.0339 097.5102 0022719 099.0112 261.3615 14.40258053475690
1 36541U 93036BDB 18241.85839648  .00002669  00000-0  54553-3 0  9995
2 36541  74.0075  50.8300 0039945  38.2932 322.1058 14.60871727475300
1 36543U 93036BDD 18235.96148639  .00001301  00000-0  28707-3 0  9999
2 36543  73.8350 335.1476 0055825  30.8627 329.5797 14.57510415473727
1 36548U 93036BDJ 18241.82664541  .00006605  00000-0  55204-3 0  9995
2 36548  74.0099 179.9278 0015521 234.3556 125.6186 14.98612314488190
1 36550U 93036BDL 18239.46221165  .00000417  00000-0  19973-3 0  9994
2 36550  74.0475 291.1894 0088385 264.5880  94.5176 14.20103244467917
1 36551U 93036BDM 18242.20512044  .00000734  00000-0  14002-3 0  9990
2 36551  73.9007 188.3053 0098815   0.1542 359.9636 14.62985077472899
1 36553U 93036BDP 18238.52900553  .00000905  00000-0  13711-3 0  9994
2 36553  74.0461 188.0067 0054603 262.5463 216.4087 14.74830287481489
1 36554U 93036BDQ 18241.10542827  .00004008  00000-0  41061-3 0  9996
2 36554  74.0018 143.7513 0038546 202.5715 157.3774 14.90291995481957
1 36555U 93036BDR 11257.62509394 +.00010551 +00000-0 +15616-2 0  9992
2 36555 073.9938 353.3529 0118304 033.5144 327.3525 14.70535684110004
1 36557U 93036BDT 18241.23906955  .00000732  00000-0  23257-3 0  9996
2 36557  73.9855  94.5147 0044386 140.8225 219.6158 14.41136185463494
1 36558U 93036BDU 18241.87955478  .00000339  00000-0  11084-3 0  9999
2 36558  74.0466  73.5474 0017480 100.9473 259.3651 14.42159857470301
1 36559U 93036BDV 18241.08218675  .00001107  00000-0  83749-3 0  9995
2 36559  74.1314 113.5703 0334378  79.4478 284.4120 13.71668526446748
1 36563U 97051WS  18241.23397580  .00004985  00000-0  76750-3 0  9992
2 36563  86.3556  58.8875 0041353  70.7582 289.8102 14.72696176478631
1 36566U 97051WV  18241.30625097  .00001928  00000-0  85857-3 0  9992
2 36566  86.4327 196.0891 0171504 111.6682 250.2865 14.14819416467627
1 36571U 06002AA  18242.01584367  .00000267  00000-0  56969-4 0  9995
2 36571  97.8112 262.3800 0001444  89.6027 270.5343 14.65994112445175
1 36614U 93036BEC 18241.30309888  .00000470  00000-0  15537-3 0  9991
2 36614  74.0298  97.8878 0024672 101.3492 259.0437 14.40491144477987
1 36615U 93036BED 18241.19777278  .00003847  00000-0  12180-2 0  9992
2 36615  74.0634 320.7050 0120804 285.9642  72.8229 14.36344404447216
1 36617U 93036BEF 18241.51775101  .00006535  00000-0  70950-3 0  9990
2 36617  73.9771 300.1158 0087154 199.1903 160.5988 14.85549029485106
1 36622U 93036BEL 18242.36671560  .00000332  00000-0  70638-4 0  9997
2 36622  74.0210 226.9538 0089392 307.9104  51.4003 14.60984261451964
1 36623U 93036BEM 11311.31644133 +.00010961 +00000-0 +15744-2 0  9993
2 36623 074.0846 308.9182 0267711 022.7814 339.1756 14.54892532111178
1 36625U 93036BEP 18241.20476731  .00001091  00000-0  19114-3 0  9999
2 36625  73.8834 156.7153 0062434   8.2056 143.5347 14.67910704474152
1 36626U 93036BEQ 18237.80018325  .00000444  00000-0  33060-4 0  9990
2 36626  74.0397 277.8696 0154681 304.1938  54.4666 14.97907951475552
1 36630U 93036BEU 18236.39221786 +.00000746 +00000-0 +24827-3 0  9990
2 36630 073.9836 134.7289 0046104 161.3123 198.9738 14.38794062203804
1 36632U 93036BEW 18241.43491809  .00000332  00000-0  12962-3 0  9996
2 36632  74.0062 147.1354 0040302 164.1852 196.0569 14.33056862452142
1 36642U 97051XC  18238.29626716 +.00002008 +00000-0 +37859-3 0  9999
2 36642 086.3702 074.8762 0022539 011.6163 348.5564 14.63883992337069
1 36643U 97051XD  10229.33771472 +.00005735 +00000-0 +15597-2 0  9991
2 36643 086.3250 242.2623 0023758 197.9984 162.0380 14.47207537044694
1 36644U 99025DXN 18240.58015910 +.00000454 +00000-0 +55203-3 0  9993
2 36644 098.4324 007.3003 0296388 289.5551 067.3810 13.53594147254939
1 36645U 99025DXP 18240.57421223  .00000030  00000-0  71604-4 0  9995
2 36645  98.5133   4.9691 0321753  98.5692 265.2038 13.49162238436563
1 36647U 99025DXR 17220.04542758 -.00000053 +00000-0 -27253-4 0  9991
2 36647 096.1386 312.7196 0273673 033.0798 328.7149 13.73959539086471
1 36648U 99025DXS 11263.88324349 +.00005544 +00000-0 +14785-2 0  9991
2 36648 097.9426 134.2899 0220922 295.3669 063.2645 14.35301929132996
1 36649U 99025DXT 14317.54613657 +.00031146 +00000-0 +75943-2 0  9991
2 36649 098.9327 074.5826 0061745 216.6757 143.0203 14.51416476346338
1 36651U 99025DXV 11252.06907938 +.00006104 +00000-0 +15801-2 0  9997
2 36651 098.3765 188.7091 0253905 054.3960 308.4175 14.32652091178193
1 36652U 99025DXW 18241.87862155 +.00000655 +00000-0 +40418-3 0  9991
2 36652 099.1059 271.7340 0061627 293.5318 065.9384 14.08115319267568
1 36654U 99025DXY 18238.31746556 +.00003372 +00000-0 +34030-3 0  9996
2 36654 099.5230 078.5717 0145103 247.8580 110.7174 14.84504249204803
1 36655U 99025DXZ 14028.58846166 +.00015414 +00000-0 +35447-2 0  9999
2 36655 098.9569 163.4608 0069273 359.1429 000.9635 14.54031267291975
1 36656U 99025DYA 18238.90832780 +.00000029 +00000-0 +59339-4 0  9994
2 36656 097.4183 281.7044 0347900 053.8538 309.4270 13.49469118228622
1 36657U 99025DYB 18241.86977372 +.00000222 +00000-0 +65391-4 0  9991
2 36657 099.4175 028.8539 0135161 076.0615 285.5565 14.49910871275847
1 36658U 99025DYC 18241.35358283  .00000720  00000-0  31166-3 0  9995
2 36658  98.8381 291.7183 0085548 347.7051  12.2040 14.25559117518132
1 36659U 99025DYD 18182.45524626 +.00000097 +00000-0 +12230-3 0  9995
2 36659 099.8391 034.0681 0142498 020.6149 340.0675 13.83367273227674
1 36660U 99025DYE 18241.36112059  .00000256  00000-0  17050-3 0  9998
2 36660  98.8415 289.8115 0049727 228.1563 131.5357 14.09153476518849
1 36661U 99025DYF 18241.33107933 +.00000667 +00000-0 +33824-3 0  9994
2 36661 098.9873 275.8412 0022450 052.8045 005.8047 14.19404653266065
1 36663U 99025DYH 17005.65441086  .00000286  00000-0  11947-3 0  9997
2 36663  98.1831 309.1640 0229561 149.6750 211.8420 14.12903356379906
1 36664U 99025DYJ 18241.88917103 +.00000021 +00000-0 +28249-4 0  9995
2 36664 098.9185 266.4737 0175278 165.0096 195.6368 14.16852335260496
1 36665U 99025DYK 18235.49801523 +.00000226 +00000-0 +13816-3 0  9994
2 36665 098.4675 327.5158 0154379 032.1623 328.8852 14.08780374223649
1 36667U 99025DYM 18238.48354988  .00000155  00000-0  12653-3 0  9995
2 36667  97.7759 321.1777 0130025  12.5776 347.8584 13.96725376544899
1 36668U 99025DYN 18241.37553834 +.00000289 +00000-0 +18688-3 0  9991
2 36668 098.8538 290.3353 0054804 224.7950 134.8789 14.09819578198603
1 36670U 99025DYQ 18241.39574154  .00000812  00000-0  34454-3 0  9995
2 36670  98.8254 288.6175 0042201 310.9722  48.7810 14.27720516503012
1 36672U 99025DYS 18241.24509223  .00004330  00000-0  44132-3 0  9999
2 36672  98.9813 243.0734 0042611 129.4389 231.0608 14.90671182511227
1 36673U 99025DYT 12013.56564580 +.00010249 +00000-0 +23792-2 0  9997
2 36673 099.0484 134.4810 0148719 028.7103 338.0295 14.48586205163556
1 36675U 99025DYV 18242.34498599  .00000654  00000-0  32914-3 0  9997
2 36675  99.2690  64.3357 0039085 187.6616 172.3966 14.19791636500020
1 36676U 99025DYW 18242.20319624  .00000145  00000-0  61368-4 0  9995
2 36676  98.8213  18.0741 0107291  79.4383  42.7407 14.36696321507643
1 36677U 99025DYX 18237.34934120 +.00000325 +00000-0 +21291-3 0  9999
2 36677 098.9644 290.3408 0063318 211.2506 211.9906 14.08127340266872
1 36678U 99025DYY 18241.36426826  .00000092  00000-0  43413-4 0  9998
2 36678  98.4207 291.4436 0161870  24.2620 336.6079 14.33277763468410
1 36679U 99025DYZ 18239.29405429  .00000342  00000-0  24989-3 0  9998
2 36679  98.9969 270.4507 0091786 306.5661  52.7082 14.00739373530005
1 36680U 99025DZA 18241.38119536 +.00000155 +00000-0 +88509-4 0  9995
2 36680 098.7373 292.3759 0200583 323.6413 092.2079 14.13249093266547
1 36681U 99025DZB 18237.31818490 +.00000091 +00000-0 +82285-4 0  9993
2 36681 098.8916 281.9278 0045223 293.8518 065.7914 14.05408222352679
1 36682U 99025DZC 18240.38110725  .00000310  00000-0  35472-3 0  9990
2 36682  98.4417  83.0975 0249052 134.7368 227.4348 13.63238968461512
1 36684U 99025DZE 18240.00727803  .00000787  00000-0  26394-3 0  9993
2 36684  99.4879 318.9483 0063427  42.3070 318.2982 14.39362166485774
1 36685U 99025DZF 18240.07503582 +.00000927 +00000-0 +16083-3 0  9997
2 36685 098.8269 179.4892 0136101 040.0243 321.0892 14.65144750274170
1 36686U 99025DZG 18237.06487993  .00000258  00000-0  67727-4 0  9999
2 36686  98.9560 177.6828 0153901 238.0282 120.5873 14.52184863567265
1 36687U 99025DZH 18231.27809990 +.00000015 +00000-0 +34526-4 0  9994
2 36687 098.5168 054.1514 0092518 209.6337 149.9570 14.02756488252418
1 36688U 99025DZJ 11235.40675602 +.00000598 +00000-0 +27257-3 0  9996
2 36688 099.0387 303.8870 0073858 226.0148 133.4943 14.24110055205144
1 36689U 99025DZK 18240.75627934  .00000518  00000-0  48093-3 0  9996
2 36689  98.4534  68.1731 0346677 158.7818 202.8114 13.61752279517963
1 36691U 99025DZM 18240.13259799 +.00000137 +00000-0 +12520-3 0  9994
2 36691 098.7219 349.8265 0152105 061.6889 299.9522 13.92210951224359
1 36692U 99025DZN 18242.23517214  .00000054  00000-0  79866-4 0  9992
2 36692 100.0733 257.1722 0118791 183.9263 176.0971 13.90774719540320
1 36693U 99025DZP 18237.02634883  .00002474  00000-0  38495-3 0  9996
2 36693  97.6006 156.8758 0156407 255.4870 102.8940 14.65963241580009
1 36694U 99025DZQ 18233.10863196  .00000173  00000-0  11013-3 0  9994
2 36694  98.9824 186.0774 0113902 311.5114  47.6327 14.13279422558704
1 36695U 99025DZR 18241.93308486 +.00000102 +00000-0 +34622-4 0  9995
2 36695 098.3438 292.4102 0273913 247.4924 109.7058 14.37834319512789
1 36696U 99025DZS 18241.05352275  .00000664  00000-0  35614-3 0  9998
2 36696  98.8599 178.5314 0032454  54.1228 306.2952 14.16142783513383
1 36697U 99025DZT 18240.23418205  .00001143  00000-0  12399-3 0  9992
2 36697  98.8246 239.7992 0170107  86.5019 335.6220 14.80590186500734
1 36698U 99025DZU 13088.51975970 +.00005504 +00000-0 +17587-2 0  9994
2 36698 099.0147 196.4645 0067524 271.5929 087.7537 14.38782329204930
1 36699U 99025DZV 18241.92590094 +.00000074 +00000-0 +51991-4 0  9992
2 36699 098.6707 272.1132 0097079 296.9120 062.2163 14.21213990354959
1 36700U 99025DZW 18241.82046059 +.00000510 +00000-0 +46740-3 0  9991
2 36700 099.8676 094.2120 0155764 286.5210 071.8880 13.82993243260580
1 36701U 99025DZX 18241.73599214  .00000458  00000-0  54377-3 0  9994
2 36701 102.7452  66.6321 0284125 100.3484 262.9799 13.59415758557117
1 36702U 99025DZY 18241.48755273  .00001814  00000-0  80006-3 0  9991
2 36702  98.3636 320.8884 0107217 316.1026  43.1670 14.21488249543674
1 36703U 99025DZZ 18241.18522777  .00000143  00000-0  10946-3 0  9990
2 36703  97.8475   9.8515 0130124  77.2476 284.3200 14.01017116539652
1 36706U 99025EAC 18241.75315718  .00009327  00000-0  16090-2 0  9999
2 36706  98.7723 217.4232 0032303 123.7633 236.6654 14.68375466550605
1 36707U 99025EAD 18242.33115754  .00000216  00000-0  14472-3 0  9994
2 36707  99.0188 274.0136 0055031  93.8765 266.8699 14.10277156480962
1 36710U 99025EAG 18238.36082668  .00000543  00000-0  21216-3 0  9990
2 36710  98.6343 292.8421 0088981 190.9268 168.9984 14.31349885521266
1 36711U 99025EAH 18241.53350593  .00000671  00000-0  35814-3 0  9990
2 36711 100.8163   2.0305 0154974 143.1532 218.0402 14.11750745509048
1 36712U 99025EAJ 18238.42670911 +.00001439 +00000-0 +33567-3 0  9990
2 36712 098.9424 104.3925 0057528 101.5778 259.1883 14.55473500205318
1 36713U 99025EAK 18241.12291048 +.00000873 +00000-0 +11541-3 0  9991
2 36713 098.3905 354.3129 0224131 358.2870 001.7541 14.66966311573285
1 36714U 99025EAL 18238.35744558  .00000534  00000-0  29341-3 0  9993
2 36714  98.8789 295.8542 0036355 155.7838 204.5054 14.15589039512953
1 36715U 99025EAM 14063.88304835 +.00003532 +00000-0 +78678-3 0  9992
2 36715 098.4915 102.4330 0195372 096.9632 270.2058 14.46367213279329
1 36716U 99025EAN 18238.56397942 +.00000016 +00000-0 +46817-4 0  9992
2 36716 099.1908 158.3118 0150868 192.5709 167.1667 13.86808687259778
1 36717U 99025EAP 11308.54978809 +.00010977 +00000-0 +29447-2 0  9994
2 36717 099.0977 054.7597 0166143 296.5016 067.1912 14.40436579155431
1 36719U 99025EAR 18238.36965901  .00000427  00000-0  21630-3 0  9990
2 36719  98.4489  95.7506 0105861 320.0192  39.3224 14.18109817496361
1 36724U 99025EAW 18242.38673934  .00000658  00000-0  39206-3 0  9999
2 36724  99.4886  91.5266 0133220  29.7033  93.5020 14.06782923508095
1 36726U 99025EAY 18242.42936214  .00006844  00000-0  41862-3 0  9993
2 36726  98.9688 319.1077 0063157 198.1112 161.7863 15.08983412520917
1 36727U 99025EAZ 11100.04037224 -.00032535 +00000-0 -97688-2 0  9995
2 36727 099.0264 192.8032 0124855 084.8300 279.3135 14.38422909133302
1 36729U 99025EBB 18241.90586278  .00000203  00000-0  14353-3 0  9997
2 36729  98.7882 283.2358 0047130 226.0786 133.6490 14.07998187500126
1 36730U 99025EBC 18241.35517840  .00001593  00000-0  50005-3 0  9994
2 36730  99.6501  14.5267 0037163 193.6283 193.7828 14.41791309469082
1 36731U 99025EBD 18241.42692154  .00000888  00000-0  34100-3 0  9999
2 36731  99.1510 102.2912 0051672 349.7629  10.2496 14.32467071503459
1 36732U 99025EBE 18241.07800372 +.00001971 +00000-0 +20519-3 0  9997
2 36732 098.9496 339.9561 0147241 176.6249 183.5991 14.83619887519509
1 36733U 99025EBF 18241.66522756  .00000825  00000-0  61545-3 0  9991
2 36733  99.1877 174.5180 0153551 188.8968 170.9464 13.92269904454334
1 36734U 99025EBG 18242.13976292  .00000591  00000-0  35237-3 0  9992
2 36734  99.0187 205.5161 0042276 179.3679 180.7552 14.10760433450828
1 36735U 99025EBH 18241.89725990 +.00000836 +00000-0 +29173-3 0  9996
2 36735 099.1257 119.6019 0100417 063.3333 359.0311 14.35341966561837
1 36736U 99025EBJ 18241.32440351  .00000589  00000-0  34314-3 0  9998
2 36736  98.9940 285.0877 0073993 144.3310 216.2837 14.11049421511430
1 36738U 99025EBL 18237.52143949  .00001131  00000-0  41899-3 0  9990
2 36738 100.7883 134.5303 0035163 167.3132 192.8938 14.34726407542500
1 36739U 99025EBM 11305.18945240 -.00001324 +00000-0 -32064-3 0  9996
2 36739 098.9861 059.9652 0129364 198.2392 145.0771 14.46035147163882
1 36741U 99025EBP 18240.46635481 +.00001036 +00000-0 +57688-3 0  9995
2 36741 098.4600 326.3245 0116381 047.4371 313.6552 14.09599659507656
1 36742U 99025EBQ 11327.14622580 +.00007744 +00000-0 +50120-2 0  9991
2 36742 098.8200 276.5513 0087519 310.3674 048.9873 14.01138102162272
1 36743U 99025EBR 18240.88562913 +.00000487 +00000-0 +26295-3 0  9991
2 36743 098.8656 278.9153 0059116 112.5490 248.1954 14.16392068229484
1 36880U 93041H   18236.15844556  .00002104  00000-0  39805-3 0  9995
2 36880  89.5387 199.4602 0059232  70.6002 290.1601 14.62915379431154
1 36881U 05011C   18241.09370011 +.00004454 +00000-0 +14112-2 0  9998
2 36881 099.0209 354.1658 0009249 200.8648 159.2162 14.40592065461846
1 36958U 06006CQ  18241.02443208  .00006186  00000-0  25676-2 0  9991
2 36958  51.6963 188.8934 4834706  87.8417 324.6777  5.80600414205091
1 36959U 06006CR  18236.62394584 +.00015067 +00000-0 +28443-2 0  9997
2 36959 051.8242 321.1418 4044931 142.1208 001.2163 07.24105414120711
1 36963U 06006CV  18241.88914569  .00001393  00000-0  64328-3 0  9997
2 36963  51.5476 240.6264 4985160  80.3175 330.5416  5.55153179199639
1 36964U 06006CW  18182.02668931 +.00000365 +00000-0 +43183-3 0  9991
2 36964 052.1036 052.2187 4999580 237.5006 064.3827 05.44317249197139
1 36971U 07003AH  18242.35647714 -.00000191  00000-0 -13181-2 0  9999
2 36971  26.2553 349.2172 7607240 230.6290  33.6916  1.75721241 62418
1 36986U 99025EBS 18241.92195639 +.00000556 +00000-0 +38480-3 0  9999
2 36986 099.2381 232.0107 0107986 047.6688 313.3562 14.00528936443777
1 36987U 99025EBT 18242.22096110  .00000114  00000-0  21183-3 0  9990
2 36987 100.8649 239.2014 0324443 216.7758 141.0713 13.43542648440915
1 36988U 99025EBU 10300.04390631 +.00004318 +00000-0 +12240-2 0  9996
2 36988 098.4006 244.7484 0258959 291.1722 066.1963 14.28201880114346
1 36989U 99025EBV 18241.34210122  .00000415  00000-0  34220-3 0  9995
2 36989  98.2034  59.2119 0266727 121.5595 241.1900 13.78066959477344
1 36990U 99025EBW 18234.46763712 -.00000013  00000-0  71364-5 0  9997
2 36990  96.5945 309.6916 0301848 108.8316 254.5821 13.54283975467362
1 36991U 99025EBX 18227.41709413 -.00000131 +00000-0 -91551-4 0  9994
2 36991 098.1342 292.8062 0281380 024.4636 336.9572 13.65426451538911
1 36994U 99025ECA 18242.08690204  .00000008  00000-0  36806-4 0  9997
2 36994  98.7189 352.6718 0117083  44.4456 316.6026 13.89849987441496
1 36995U 99025ECB 18235.39322698  .00000176  00000-0  13493-3 0  9995
2 36995  98.3495 296.2445 0038991 323.8785  35.9751 14.04212824557263
1 36996U 99025ECC 18239.21475958 +.00000204 +00000-0 +11458-3 0  9990
2 36996 098.2116 239.7049 0282904 014.2446 042.7022 14.01096485223082
1 36997U 99025ECD 18239.29297816  .00001238  00000-0  26056-3 0  9992
2 36997  98.6424 272.1376 0138372 345.1389  14.5759 14.55715600545597
1 36999U 99025ECF 17274.90749565 +.00001255 +00000-0 +10116-2 0  9991
2 36999 099.2536 163.5282 0195419 326.2982 032.0381 13.83874933066480
1 37001U 99025ECH 18240.35744479 +.00000602 +00000-0 +36025-3 0  9991
2 37001 098.9823 286.4503 0034834 207.2208 213.0917 14.10629047199694
1 37003U 99025ECK 18232.41883197 +.00000206 +00000-0 +18816-3 0  9990
2 37003 099.1305 294.6762 0099266 265.6611 160.1422 13.92138527234553
1 37004U 99025ECL 13087.63653912 +.00010789 +00000-0 +19502-2 0  9997
2 37004 097.7253 239.0487 0171938 340.4575 019.1680 14.57362109282824
1 37005U 99025ECM 12244.48222671 +.00002402 +00000-0 +73941-3 0  9990
2 37005 098.9250 336.4889 0107972 062.7475 286.3404 14.39165373228739
1 37006U 99025ECN 18238.18894470  .00000230  00000-0  62507-4 0  9993
2 37006  99.3471 220.0628 0306075  99.0606 264.5341 14.33761283462760
1 37007U 99025ECP 18241.63517447  .00001365  00000-0  54781-3 0  9998
2 37007  99.0946  26.2149 0091417 287.1260  71.9924 14.27725395464380
1 37008U 99025ECQ 18241.19531770 -.00000102  00000-0 -37100-4 0  9992
2 37008  99.1264 322.5994 0074226  63.3121 297.5619 14.01180526459142
1 37009U 99025ECR 16094.61266372  .00006053  00000-0  27556-2 0  9998
2 37009 102.3517 240.1277 0112444 146.8164 216.3439 14.18963920447285
1 37011U 99025ECT 18242.36546176  .00001570  00000-0  37372-3 0  9990
2 37011  98.9296  86.6157 0063790 113.5035 247.2880 14.54145694447686
1 37012U 99025ECU 18242.29586921  .00000484  00000-0  37483-3 0  9991
2 37012  98.5582 268.1559 0220100 104.0475 258.5256 13.85959515535281
1 37013U 99025ECV 18241.19264826  .00004027  00000-0  49337-3 0  9995
2 37013  98.4205 223.2126 0107935 178.3375 181.8215 14.79696437557415
1 37014U 99025ECW 18230.53735029 +.00000751 +00000-0 +37809-3 0  9991
2 37014 099.0052 256.9850 0036979 143.6723 216.6973 14.19168258440521
1 37017U 99025ECZ 18238.57233192 +.00000329 +00000-0 +98348-4 0  9997
2 37017 098.7211 155.1667 0355539 185.6630 174.0477 14.18796695232270
1 37018U 99025EDA 18242.18012914  .00001421  00000-0  70574-3 0  9991
2 37018  98.5156 227.1552 0349654 228.5933 128.4689 13.91273394523192
1 37019U 99025EDB 18240.46396452 +.00000440 +00000-0 +17773-3 0  9995
2 37019 098.7437 318.7139 0202804 165.6326 195.0737 14.22208891268169
1 37020U 99025EDC 12092.76468176 +.00008233 +00000-0 +14885-2 0  9990
2 37020 097.7966 278.2827 0317096 292.7923 063.1028 14.38871371154388
1 37021U 99025EDD 18241.41484091  .00000237  00000-0  10266-3 0  9995
2 37021  98.6645 297.4311 0199809 116.3674 304.1446 14.22687859485094
1 37022U 99025EDE 18241.93994477  .00001334  00000-0  79824-3 0  9991
2 37022  98.4772 291.7805 0154732 191.6308 295.5422 14.02866307530841
1 37024U 99025EDG 18241.99077925  .00002442  00000-0  50298-3 0  9994
2 37024  99.3307 300.5543 0033521 217.8765 142.0074 14.61269963471422
1 37025U 99025EDH 14225.62686498 +.00001691 +00000-0 +92453-3 0  9998
2 37025 098.2409 010.1982 0058630 211.6795 148.1333 14.12310199364945
1 37026U 99025EDJ 18236.38635516  .00000624  00000-0  26977-3 0  9996
2 37026  98.7978 285.7534 0053434 319.5521  40.1692 14.27238987498742
1 37027U 99025EDK 12269.99706184 -.00225168 +00000-0 -95582-1 0  9994
2 37027 098.8325 286.9156 0124832 037.2816 323.8819 14.22836690193952
1 37028U 99025EDL 18239.59855699 +.00000654 +00000-0 +40548-3 0  9993
2 37028 099.2631 012.3473 0039236 349.9160 010.1217 14.08544930228650
1 37029U 99025EDM 11154.27664917 +.00003802 +00000-0 +16653-2 0  9996
2 37029 099.7201 322.6126 0040909 144.7798 214.5503 14.23942953177686
1 36539U 93036BCZ 18241.45093880  .00000291  00000-0  87329-4 0  9995
2 36539  74.0287  16.3720 0033922  91.8255 268.6789 14.46733665453748
1 36540U 93036BDA 18241.04652511  .00000465  00000-0  15475-3 0  9999
2 36540  74.0341  99.1799 0022719 100.9869 259.3843 14.40257455477613
1 36541U 93036BDB 18240.14638688 +.00003103 +00000-0 +63348-3 0  9993
2 36541 074.0071 054.1071 0040030 042.0960 318.3268 14.60859537261756
1 36543U 93036BDD 18231.98049070 +.00001364 +00000-0 +30069-3 0  9999
2 36543 073.8349 342.8065 0055921 039.6635 320.8597 14.57499221262669
