1 37558U 97051XT  18210.50042003 +.00001665 +00000-0 +42437-3 0  9997
2 37558 086.4047 118.9966 0085161 013.4811 353.1393 14.47852102042768
1 37598U 99025EKS 18240.36090663  .00000611  00000-0  31188-3 0  9997
2 37598  98.9587 274.0808 0010948  26.3109  40.6501 14.19401511498488
1 37467U 99025EJM 18226.58777898  .00007422  00000-0  67820-3 0  9991
2 37467  99.4139  12.0983 0021984 126.2767 234.0483 14.95241103470074
1 37683U 99025EKY 18209.17650258 +.00000013 +00000-0 +32089-4 0  9996
2 37683 097.9723 342.8907 0628612 063.8923 302.5928 13.21143051000016
1 37687U 99025ELC 18237.34760743  .00001083  00000-0  88483-3 0  9997
2 37687  98.2172 275.4646 0411102 297.1519 120.9693 13.58450264468577
1 37535U 93036BNQ 18241.50192287  .00000326  00000-0  98840-4 0  9998
2 37535  74.0281  27.0735 0034493  95.8680 330.9994 14.45773218467668
1 37448U 99025EHS 18239.89925128 +.00000693 +00000-0 +50273-3 0  9996
2 37448 099.5591 273.1864 0338131 243.7359 112.8680 13.75899486256581
1 37581U 99025EKE 18241.84266414  .00000184  00000-0  96729-4 0  9990
2 37581  98.8685 233.4589 0113071 163.8507 315.3762 14.22026272838180
1 37498U 93036BMB 18238.28179702 +.00000339 +00000-0 +11461-3 0  9991
2 37498 074.0417 100.7936 0017948 103.6446 256.6709 14.40482587268762
1 37430U 99025EGY 18239.34230270  .00000549  00000-0  30835-3 0  9996
2 37430  98.9787 277.4261 0024879 128.0764 232.2658 14.14567506554566
1 37506U 93036BMK 18241.81007550  .00001939  00000-0  45358-3 0  9994
2 37506  74.0528  52.4732 0033382  37.1287 323.2176 14.54982529468527
1 37434U 99025EHC 18237.62930688  .00001063  00000-0  27339-3 0  9996
2 37434  99.1364 184.5040 0063803 142.7983 217.7655 14.51347973558949
1 37565U 97051YA  18239.81768609  .00000342  00000-0  98154-4 0  9996
2 37565  86.3490  75.6306 0012381 271.7435 143.6567 14.42031788468333
1 37470U 99025EJQ 18241.94465877 +.00001198 +00000-0 +49376-3 0  9993
2 37470 098.7937 300.1126 0028454 121.5755 238.8209 14.28548033271299
1 37690U 99025ELF 18242.31221389  .00000262  00000-0  17853-3 0  9993
2 37690  98.9802 282.0091 0043253 250.9429 172.4282 14.08128969493777
1 37452U 99025EHW 18240.86330667 +.00001769 +00000-0 +46803-3 0  9997
2 37452 099.0184 110.5992 0046072 211.1180 148.7281 14.49595913215890
1 37586U 04025L   18241.70467808 -.00000052  00000-0 -64615-5 0  9992
2 37586  98.2191 149.8808 0325073 172.7359 187.8687 13.96164839408370
1 37702U 99025ELT 15111.26525699 +.00001378 +00000-0 +65167-3 0  9994
2 37702 098.8885 128.1113 0048112 295.7409 062.2457 14.20776337324854
1 37501U 93036BME 18241.29290445  .00001324  00000-0  17106-3 0  9996
2 37501  74.0037 119.8074 0061433 220.8226 138.8341 14.80785620468757
1 37515U 93036BMU 18241.56472599 +.00001034 +00000-0 +32888-3 0  9995
2 37515 074.1600 201.1632 0092008 103.7474 257.3943 14.38695822471127
1 37437U 99025EHF 18238.93318494 +.00000169 +00000-0 +10375-3 0  9997
2 37437 098.7389 282.4148 0120841 129.3475 355.8318 14.14005758262969
1 37568U 10038D   18241.34186901  .00000577  00000-0  13403-3 0  9992
2 37568  97.8255  82.5022 0184868 167.6660 192.9154 14.48448527421244
1 37474U 99025EJU 18239.06622343 +.00000536 +00000-0 +14102-3 0  9994
2 37474 099.1361 180.2434 0218329 151.1294 210.2180 14.40526894238040
1 37693U 99025ELJ 18242.08319730  .00000347  00000-0  24053-3 0  9992
2 37693  98.9082 290.7914 0071866 350.7370  40.3890 14.04183710459305
1 37542U 93036BNX 13063.73158620 +.00002455 +00000-0 +93317-3 0  9999
2 37542 074.0360 212.7736 0049454 336.6417 023.4889 14.30835846180552
1 37697U 99025ELN 18183.77310649 +.00005276 +00000-0 +72032-3 0  9992
2 37697 096.5843 019.3352 0040332 069.3421 279.6609 14.78355698505745
1 37701U 99025ELS 18241.52458600 +.00001297 +00000-0 +94526-3 0  9997
2 37701 097.6593 133.1321 0320747 065.8080 052.4168 13.75520110392996
1 37455U 99025EHZ 18236.72215918  .00000528  00000-0  78795-4 0  9999
2 37455  99.4417  68.2527 0209127  57.3931 304.7267 14.66695071455254
1 37590U 99025EKJ 18208.67181969 +.00000880 +00000-0 +26464-3 0  9996
2 37590 099.0013 018.7566 0145154 295.1460 063.4729 14.39623636235440
1 37705U 99025ELW 18234.05060856 +.00001084 +00000-0 +14603-3 0  9995
2 37705 099.4987 179.5463 0102726 222.6083 136.7121 14.78486770150005
1 37594U 99025EKN 18242.31427640 -.00000039  00000-0  37147-5 0  9997
2 37594  99.0449 267.3496 0087892 205.7698 153.9079 14.08899875403070
1 37708U 99025ELZ 18238.59959209 +.00001077 +00000-0 +23018-3 0  9992
2 37708 098.2952 015.2517 0344485 231.0644 125.9368 14.29987414538943
1 37527U 93036BNG 18231.78152833 +.00001098 +00000-0 +19804-3 0  9990
2 37527 074.0048 280.1214 0034612 356.0957 003.9937 14.67428653478756
1 37440U 99025EHJ 18240.51551015 +.00001614 +00000-0 +65070-3 0  9994
2 37440 098.9809 347.7204 0065934 253.7288 105.6632 14.28270743223392
1 37571U 08026C   18241.39647374  .00000110  00000-0  12741-3 0  9998
2 37571  98.8046  89.4859 0247983 319.7528 160.4992 13.74598959499981
1 37477U 99025EJX 18241.90683234 +.00000348 +00000-0 +20975-3 0  9995
2 37477 098.8066 282.0817 0033384 161.5110 198.7284 14.12771031442760
1 37539U 93036BNU 11262.19479143 +.00000786 +00000-0 +29032-3 0  9998
2 37539 074.0515 081.9073 0021619 352.5149 007.5676 14.33973190078115
1 37483U 93036BLL 18238.15091988 +.00000080 +00000-0 +32705-4 0  9998
2 37483 073.9749 053.4295 0097648 152.6945 207.9393 14.39692313268910
1 37546U 93036BPB 18242.20566680  .00000591  00000-0  17915-3 0  9997
2 37546  74.0337  73.7942 0017314  56.8869 303.3947 14.44353563466420
1 37460U 99025EJE 18241.89357073  .00000546  00000-0  25186-3 0  9993
2 37460  98.4701 116.0921 0074875 231.3758 128.0702 14.23409801446412
1 37463U 99025EJH 18241.41845343  .00001252  00000-0  29609-3 0  9995
2 37463  98.8290  53.1625 0117598 263.6787  95.1002 14.52006507521626
1 37530U 93036BNK 18240.45916844  .00000065  00000-0  33954-4 0  9994
2 37530  74.0369 154.4195 0027761 146.8547 335.2367 14.31608825470970
1 37443U 99025EHM 18238.31557433 +.00001251 +00000-0 +77183-3 0  9997
2 37443 098.4397 276.7920 0147479 185.3948 174.5637 14.01800274522320
1 37574U 08026F   18241.47721655 +.00000096 +00000-0 +11752-3 0  9999
2 37574 098.7629 068.2739 0253356 326.3651 032.1637 13.73142126298511
1 37487U 93036BLQ 18241.08564766  .00001090  00000-0  38238-3 0  9995
2 37487  73.9380 141.7707 0053444 197.0810 162.8546 14.35430844427915
1 37549U 97051XJ  18242.04586533  .00002573  00000-0  57576-3 0  9991
2 37549  86.3823 101.0063 0041369 181.8004 178.3062 14.55821740477378
1 37597U 99025EKR 18234.43271913  .00001330  00000-0  35592-3 0  9998
2 37597  98.3003 310.3420 0261179 310.2295  47.6299 14.31716230509983
1 37466U 99025EJL 18231.50878912 +.00001344 +00000-0 +34622-3 0  9998
2 37466 099.1079 135.0932 0126243 005.1137 355.1310 14.47332881506809
1 37682U 99025EKX 18241.51106373  .00000446  00000-0  49906-3 0  9998
2 37682  98.6145 144.1041 0241267 201.0462 158.0622 13.63894454415059
1 37686U 99025ELB 18239.00924948  .00000182  00000-0  28016-3 0  9995
2 37686  99.0927 159.6640 0401587 147.9573 276.5805 13.33324494444337
1 37533U 93036BNN 18242.34955906  .00000561  00000-0  33849-3 0  9992
2 37533  74.0673 140.5876 0183008 113.2209 248.8314 14.00745457460084
1 37447U 99025EHR 18241.27801220 +.00000388 +00000-0 +23920-3 0  9996
2 37447 099.1028 263.4193 0042949 193.5427 226.5574 14.11030872258589
1 37580U 99025EKD 18241.87768726 +.00000315 +00000-0 +20642-3 0  9991
2 37580 099.1323 262.0191 0129755 085.1488 036.9087 14.05134988777429
1 37496U 93036BLZ 18241.70879353  .00000731  00000-0  17597-3 0  9991
2 37496  73.9685  10.3097 0144890 282.6415  75.8577 14.49114841468568
1 37492U 93036BLV 18242.16798717  .00001621  00000-0  24718-3 0  9994
2 37492  74.0078 184.7635 0044764 303.1452  56.5429 14.74127480480562
1 37557U 97051XS  18242.05470164  .00002074  00000-0  74990-3 0  9998
2 37557  86.3816 153.6387 0130959 288.3450  70.3535 14.28457996469031
1 37433U 99025EHB 18239.58662621 +.00000302 +00000-0 +23195-3 0  9992
2 37433 098.1239 021.3923 0273617 079.6406 283.5469 13.82548553059041
1 37562U 97051XX  18241.87935449  .00000559  00000-0  17455-3 0  9994
2 37562  86.3785  97.9345 0028864 275.0101 141.7156 14.38895778479345
1 37469U 99025EJP 18242.09929727  .00002159  00000-0  31450-3 0  9999
2 37469  98.9517 208.3650 0066000 141.1720 219.4255 14.75622949444618
1 37689U 99025ELE 18242.33196348  .00000831  00000-0  41614-3 0  9993
2 37689  98.8673 197.0486 0031241  27.0485 333.2310 14.19198591481756
1 37538U 93036BNT 18241.56045521  .00000762  00000-0  17161-3 0  9995
2 37538  74.0232 315.0516 0045017  16.0870 344.1711 14.57597787442478
1 37450U 99025EHU 18170.99537879 +.00000373 +00000-0 +29379-3 0  9994
2 37450 097.6946 089.2411 0331629 290.4064 066.1767 13.73624011141182
1 37585U 91082CR  18241.40929621  .00002197  00000-0  62374-3 0  9991
2 37585  98.7500 295.2587 0008398 178.9761 181.1448 14.46443739473099
1 37500U 93036BMD 18241.95890854  .00000714  00000-0  31996-4 0  9994
2 37500  73.9582 109.4985 0185399 235.8964 122.4519 15.09958777492523
1 37504U 93036BMH 14071.89934830 +.00006078 +00000-0 +12961-2 0  9999
2 37504 074.0897 150.3070 0078521 257.4247 116.1487 14.57194902213563
1 37510U 93036BMP 18240.37939894  .00001226  00000-0  22339-3 0  9997
2 37510  74.0148 252.6122 0041450 323.6017  36.2334 14.66665900479349
1 37436U 99025EHE 18240.86467431 +.00000012 +00000-0 +37819-4 0  9997
2 37436 099.2442 255.4970 0061509 327.9759 031.7674 14.02343156266449
1 37567U 10038C   18241.58355535 +.00000791 +00000-0 +14466-3 0  9996
2 37567 097.9564 141.9268 0148062 005.1627 111.9956 14.61835419423589
1 37473U 99025EJT 18241.57717245  .00002873  00000-0  37442-3 0  9996
2 37473  99.1947 165.2294 0341053 316.8542  40.6375 14.48393623465574
1 37692U 99025ELH 18242.05525556  .00001339  00000-0  52034-3 0  9995
2 37692  98.9097 322.1054 0008102 189.7266 294.9224 14.31576865456933
1 37696U 99025ELM 14033.00200173 +.00003561 +00000-0 +13144-2 0  9990
2 37696 099.6773 319.1109 0043891 251.5824 118.7452 14.32681301228953
1 37700U 99025ELR 11197.30896769 +.00000229 +00000-0 +15364-3 0  9994
2 37700 099.0488 213.9414 0030867 282.6088 077.5297 14.10480862128911
1 37454U 99025EHY 18241.96149066  .00002989  00000-0  32873-3 0  9999
2 37454  98.9756 235.5411 0045615 133.3218 227.1812 14.87802679443884
1 37589U 99025EKH 18238.52255099 -.00000764  00000-0 -54054-3 0  9996
2 37589  99.1032 146.2529 0154897 330.8657  20.9822 13.88919881454511
1 37704U 99025ELV 18241.23977030 +.00000308 +00000-0 +34267-3 0  9999
2 37704 098.3424 039.1576 0254665 068.1031 054.1017 13.64198351260097
1 37593U 99025EKM 18241.11899598  .00000730  00000-0  29850-3 0  9995
2 37593  98.9561 355.8442 0182409 228.7069 258.7258 14.21897586481771
1 37503U 93036BMG 18241.79252649  .00011644  00000-0  73008-3 0  9996
2 37503  74.0029 137.6480 0010799 191.0206 169.0751 15.09341440457226
1 37521U 93036BNA 18240.33171389 +.00002576 +00000-0 +25918-3 0  9997
2 37521 074.0475 103.0338 0054419 131.1715 346.2754 14.90677390126553
1 37439U 99025EHH 18233.86066353 +.00000716 +00000-0 +46617-3 0  9996
2 37439 099.2090 253.6702 0067655 354.1665 130.4499 14.04731695236800
1 37570U 10038F   18242.28470957  .00000406  00000-0  95422-4 0  9999
2 37570  97.7776  69.3654 0182646 137.8799 223.6601 14.49447696423677
1 37476U 99025EJW 18239.54194228  .00001747  00000-0  49519-2 0  9999
2 37476  98.9618 353.6645 1093714 319.8907  32.6144 11.84786684358373
1 37480U 99025EKA 11171.25394616 +.00003041 +00000-0 +38735-3 0  9991
2 37480 099.1016 343.8358 0231405 047.5732 313.9141 14.65385500131034
1 37695U 99025ELL 18241.41752493  .00000021  00000-0  33025-4 0  9996
2 37695  98.2304 307.9499 0494077 108.3602 314.0384 13.56198236530993
1 37544U 93036BNZ 18239.24633832  .00003355  00000-0  48078-3 0  9994
2 37544  73.9768 212.3463 0030030  50.3854 309.9963 14.76671897475761
1 37699U 99025ELQ 18241.68541932 +.00000627 +00000-0 +48109-3 0  9993
2 37699 097.9869 045.2569 0125766 208.7322 211.6840 13.92593208196590
1 37457U 99025EJB 18240.74451274 +.00000737 +00000-0 +46719-3 0  9997
2 37457 099.1487 220.2187 0077855 325.0786 034.5288 14.05699263225320
1 37707U 99025ELY 18241.64748935 +.00000123 +00000-0 +47014-4 0  9997
2 37707 100.2105 022.8181 0171544 105.9773 313.4933 14.44246708470592
1 37462U 99025EJG 18236.86507992 +.00001604 +00000-0 +12597-3 0  9991
2 37462 098.8870 254.9136 0163858 266.7428 091.5031 14.92868850525563
1 37529U 93036BNJ 18241.04739536 +.00001176 +00000-0 +27580-3 0  9990
2 37529 074.0269 007.4078 0053036 035.8282 324.6418 14.54833855273126
1 37442U 99025EHL 18242.08848683  .00001880  00000-0  45149-3 0  9990
2 37442  99.1398 189.9641 0039438 204.9075 155.0217 14.54302335476416
1 37573U 08026E   18241.37246622 +.00000113 +00000-0 +12292-3 0  9993
2 37573 098.7052 081.2456 0224947 210.0174 275.9707 13.79584226498899
1 37479U 99025EJZ 18242.39988169  .00000403  00000-0  24786-3 0  9992
2 37479  98.8980 309.0799 0034864 208.8672 151.0570 14.10893608492788
1 37486U 93036BLP 18242.37122950  .00000654  00000-0  37865-3 0  9992
2 37486  73.7094 120.6143 0289551  16.9784 101.3731 13.91903598453200
1 37548U 97051XH  18241.34388126 +.00000666 +00000-0 +22606-3 0  9997
2 37548 086.3545 097.5078 0029796 307.4008 052.4476 14.34991566272424
1 37596U 99025EKQ 18238.31862448  .00000548  00000-0  28616-3 0  9996
2 37596  98.9929 278.2355 0031887  82.8122 338.2843 14.18427230510728
1 37465U 99025EJK 18242.29320938  .00001144  00000-0  34378-3 0  9991
2 37465  99.3669 261.7079 0048041 296.2035  63.4218 14.44277347508982
1 37600U 99025EKU 18241.13500310 +.00001281 +00000-0 +98991-3 0  9991
2 37600 098.9347 210.0121 0436713 173.1223 187.6184 13.57366097521873
1 37685U 99025ELA 18242.33845001  .00000543  00000-0  33796-3 0  9998
2 37685  98.0157  59.5154 0216472 130.5007 350.7852 13.97168927437612
1 37532U 93036BNM 18241.92720087  .00000093  00000-0  38970-4 0  9995
2 37532  74.0506  86.8215 0015841 134.7536 290.7811 14.38689167466098
1 37445U 99025EHP 18238.89010225  .00000140  00000-0  75124-4 0  9995
2 37445  99.2628 128.0170 0182519 314.3282  44.3053 14.21004358466305
1 37579U 99025EKC 18241.72330564  .00000482  00000-0  28298-3 0  9998
2 37579  99.3370  55.7884 0036702 287.9253  71.7918 14.12997050515412
1 37495U 93036BLY 18242.04753530  .00001012  00000-0  12981-3 0  9991
2 37495  74.0000 115.2907 0070029 198.3872 161.4773 14.81088631471418
1 37491U 93036BLU 18241.08325114 +.00000318 +00000-0 +26929-3 0  9998
2 37491 073.9096 021.6419 0332236 155.0153 206.7470 13.68592573192694
1 37555U 97051XQ  18242.11238579  .00003267  00000-0  71005-3 0  9994
2 37555  86.4591 127.0637 0026508 254.1404 105.6882 14.57582863464897
1 37432U 99025EHA 18242.35307009  .00000238  00000-0  70139-4 0  9995
2 37432  98.4529 287.0300 0222931  64.0661 298.3316 14.39023172569745
1 37560U 97051XV  18242.43881051  .00002108  00000-0  65174-3 0  9997
2 37560  86.3880 137.9284 0096549 127.9228 353.9863 14.38166873448105
1 37468U 99025EJN 17115.07303952 +.00000849 +00000-0 +56877-3 0  9994
2 37468 098.1470 065.1017 0071628 054.5360 302.6292 14.01911759386757
1 37688U 99025ELD 18241.06417993  .00001378  00000-0  68720-3 0  9997
2 37688  99.0502 283.6780 0052729 195.0803 164.8801 14.17919265506121
1 37537U 93036BNS 18241.33325831 +.00000114 +00000-0 +49059-4 0  9997
2 37537 074.0125 114.3130 0053573 168.0829 192.1605 14.34478464468351
1 37449U 99025EHT 18241.88622149  .00001466  00000-0  15141-3 0  9990
2 37449  98.8719 278.3759 0150524 142.8785 218.2950 14.84063257481059
1 37582U 99057SX  18242.24234928  .00002016  00000-0  32061-3 0  9990
2 37582  98.3163 242.9219 0009786 126.9381 233.2724 14.73188120503013
1 37499U 93036BMC 18241.42339075 +.00000077 +00000-0 +38050-4 0  9996
2 37499 074.0389 143.9006 0028499 151.2467 209.0263 14.32246285470185
1 37508U 93036BMM 18241.54798781  .00000898  00000-0  17652-3 0  9998
2 37508  73.7706 197.7935 0103724 117.8897 243.2821 14.60933905462525
1 37435U 99025EHD 18241.33314278 +.00000373 +00000-0 +22184-3 0  9997
2 37435 098.8777 285.9954 0046673 059.8109 300.7674 14.12911947266066
1 37566U 97051YB  18236.86715955  .00022599  00000-0  13731-2 0  9999
2 37566  86.4346  86.6267 0002939  63.3600 296.7939 15.10368996457803
1 37471U 99025EJR 18240.91305317 +.00001632 +00000-0 +20989-3 0  9994
2 37471 098.7033 122.0350 0195132 041.7465 319.8442 14.70284273438009
1 37691U 99025ELG 18224.23678039  .00000742  00000-0  18253-3 0  9991
2 37691  98.3182 235.0139 0474926   5.9614 354.6964 14.03785265477016
1 37453U 99025EHX 18239.19047577  .00000363  00000-0  35117-3 0  9992
2 37453  97.6601   9.3944 0418743 151.0471 211.4613 13.50598724535339
1 37588U 99025EKG 18231.57461984 +.00000692 +00000-0 +46952-3 0  9991
2 37588 098.1511 149.5570 0093138 121.0782 001.8289 14.00835986207409
1 37703U 99025ELU 18241.25618146 +.00000757 +00000-0 +34162-3 0  9992
2 37703 099.1484 044.5341 0054258 099.5499 027.9601 14.24528330282332
1 37592U 99025EKL 11268.98902868 +.00003321 +00000-0 +10807-2 0  9996
2 37592 098.9040 338.7609 0104341 002.3315 358.4180 14.36408548142044
1 37502U 93036BMF 18241.07468015  .00003840  00000-0  71672-3 0  9996
2 37502  74.2121 122.1231 0032834 262.8819  96.8616 14.64967283447443
1 37518U 93036BMX 18240.03165361 +.00000622 +00000-0 +16300-3 0  9998
2 37518 074.0066 006.9366 0034169 074.4909 286.0020 14.51095244270142
1 37438U 99025EHG 18233.30507362 +.00000296 +00000-0 +19249-3 0  9998
2 37438 099.0228 262.3717 0030570 209.5807 150.3635 14.10009060224597
1 37569U 10038E   18241.82762111 +.00000528 +00000-0 +10781-3 0  9991
2 37569 097.7888 097.9666 0163294 049.0426 312.4774 14.56642104421910
1 37475U 99025EJV 18240.48461811  .00000874  00000-0  38873-3 0  9990
2 37475  98.9133 328.9201 0112845 288.4545  70.4393 14.22223093461345
1 37694U 99025ELK 18238.06300035  .00000329  00000-0  22191-3 0  9995
2 37694  98.2261 167.6443 0180433 114.3678 304.2024 13.98388247443121
1 37543U 93036BNY 18242.42880461  .00002512  00000-0  16045-3 0  9992
2 37543  73.9631 275.1239 0075687  12.0657 348.2322 15.06932661472574
1 37698U 99025ELP 18239.12960826 +.00000633 +00000-0 +58767-3 0  9993
2 37698 097.9839 201.9724 0369245 069.1461 351.3626 13.57966727515281
1 37456U 99025EJA 18241.70296704  .00001237  00000-0  20960-3 0  9994
2 37456  98.9366 212.4040 0117074  86.0130 275.4445 14.66986107486477
1 37591U 99025EKK 18237.96198125 +.00001502 +00000-0 +85533-3 0  9997
2 37591 098.4263 292.1994 0149149 130.5310 354.2357 14.05670373287435
1 37706U 99025ELX 18242.38846363  .00000537  00000-0  32246-3 0  9991
2 37706  99.0044 283.6570 0050474 232.9967 194.9854 14.10615269526301
1 37710U 99025EMB 18208.91165760 +.00000334 +00000-0 +42334-3 0  9996
2 37710 099.2211 317.5185 0268428 225.6420 132.2908 13.56437394000016
1 37528U 93036BNH 18242.10670643  .00000168  00000-0  57319-4 0  9994
2 37528  74.0397  41.5530 0022184 127.5999 232.7177 14.43475270474746
1 37441U 99025EHK 18234.31775249  .00000477  00000-0  76247-3 0  9997
2 37441  99.1533  45.4426 0522876 262.0600  92.0887 13.09462419471940
1 37572U 08026D   18241.34546478  .00000120  00000-0  13514-3 0  9997
2 37572  98.7152  59.2349 0243788 277.8414 201.3048 13.75391200503956
1 37478U 99025EJY 18238.49238440 -.00000795  00000-0 -12901-2 0  9998
2 37478  99.6416 125.5723 0565714 282.9036  70.9486 12.95163111401468
1 37484U 93036BLM 18241.96958600 +.00000300 +00000-0 +12277-3 0  9991
2 37484 073.8278 100.3905 0047960 273.0269 152.1947 14.31101350272274
1 37547U 93036BPC 18241.85508863 +.00000962 +00000-0 +20558-3 0  9996
2 37547 074.0382 302.9921 0027678 029.1765 331.0940 14.60039637274101
1 37461U 99025EJF 18241.49157581  .00000357  00000-0  73499-3 0  9992
2 37461  99.8483  71.5211 0690753 359.6600   0.3945 12.71634314450215
1 37464U 99025EJJ 18238.02608115 +.00001355 +00000-0 +14208-2 0  9995
2 37464 102.7043 178.4676 0499357 103.5528 262.1703 13.33433884252878
1 37599U 99025EKT 12133.57341238 +.00007287 +00000-0 +14449-2 0  9999
2 37599 099.0124 264.9467 0175577 263.7164 091.1506 14.53212244177802
1 37684U 99025EKZ 13083.90042290 +.00001773 +00000-0 +15603-2 0  9999
2 37684 098.1683 128.1084 0254295 129.7896 232.7223 13.72646808272331
1 37531U 93036BNL 18241.14405280  .00000547  00000-0  19685-3 0  9998
2 37531  74.0220 164.5407 0057401 170.2630 189.9649 14.35134634470538
1 37444U 99025EHN 18240.90933250 +.00000321 +00000-0 +87566-4 0  9995
2 37444 099.0930 125.5098 0292857 231.2177 126.2514 14.32950669269126
1 37578U 99025EKB 18242.14987893  .00001398  00000-0  47858-3 0  9997
2 37578  98.7498 312.8707 0073456 189.1964 170.7881 14.36358783505176
1 37494U 93036BLX 18238.14491969 +.00000439 +00000-0 +12388-3 0  9994
2 37494 073.9989 046.9854 0107803 293.1045 065.8779 14.45559477206273
1 37488U 93036BLR 18239.27601426  .00001860  00000-0  26386-3 0  9995
2 37488  73.9942 217.6136 0078877  61.4051 299.5029 14.75650763500236
1 37550U 97051XK  18242.33255512  .00000548  00000-0  15384-3 0  9996
2 37550  86.3821  88.5012 0003658  55.9978 304.1570 14.44245883477741
1 37595U 99025EKP 12023.75198549  .00016574  00000-0  98225-2 0  9991
2 37595  99.1257  35.0350 0065385  64.4828 296.3626 14.06552113431874
