1 21091U 91007C   18204.67833785 +.00000067 +00000-0 +50549-4 0  9992
2 21091 082.9307 282.7253 0026349 295.0328 217.4797 13.79725505381100
1 21115U 91009M   18204.36348385 -.00000119 +00000-0 -10077-2 0  9994
2 21115 074.0395 298.1887 0182091 158.3570 275.3972 12.16565692218170
1 21136U 91009N   18204.88551323 -.00000103 +00000-0 -10214-2 0  9998
2 21136 073.9995 358.9904 0288905 009.4827 144.6592 11.97031383198888
1 21155U 91009S   18204.10833880 +.00000008 +00000-0 +19881-3 0  9997
2 21155 073.9196 220.9964 0144392 237.8347 197.3772 12.30671715232736
1 21159U 91009W   18204.66416510 -.00000000 +00000-0 +13277-3 0  9995
2 21159 073.9418 275.5551 0144618 265.2048 251.3682 12.29018694228486
