1 26321U 99057HE  18212.45586323  .00000963  00000-0  14101-3 0  9992
2 26321  98.0756 218.4972 0052233   4.5800 355.5877 14.77107725974973
1 26323U 99057HG  18211.63512495 +.00000219 +00000-0 +69803-4 0  9996
2 26323 098.5451 187.5647 0079580 170.6492 253.9397 14.47661454965938
1 26329U 99057HN  18211.73657753 +.00000353 +00000-0 +90109-4 0  9992
2 26329 098.5186 209.6039 0084659 113.1385 298.0359 14.54621350966653
1 26333U 99057HS  18211.94448267 +.00000541 +00000-0 +10818-3 0  9995
2 26333 098.2745 204.4703 0061884 195.6274 164.3020 14.64825721971345
1 26336U 99057HV  18211.86713374 +.00000316 +00000-0 +85399-4 0  9990
2 26336 098.3866 188.5617 0074707 089.4371 271.5384 14.52926607966064
1 26339U 99057HY  18211.43409071 +.00000580 +00000-0 +11281-3 0  9993
2 26339 098.2274 204.1877 0061906 183.6318 176.4445 14.65735949970727
1 26347U 99057JG  18211.87629963 +.00000185 +00000-0 +61949-4 0  9992
2 26347 098.5449 186.6474 0062880 147.8179 243.2001 14.47395143964293
1 26350U 99057JK  18210.51489425 +.00002805 +00000-0 +11215-3 0  9994
2 26350 098.6170 231.9748 0011265 050.6226 309.6005 15.26129965995078
1 26351U 99057JL  18211.91110824 +.00000150 +00000-0 +53194-4 0  9998
2 26351 098.3630 164.9419 0063453 112.4656 248.3272 14.46188686967853
1 26416U 99057JM  18211.74948256  .00000856  00000-0  13485-3 0  9990
2 26416  98.1198 217.9546 0052446  47.4960   7.3229 14.74197172970723
1 26423U 99057JU  18210.53755178 +.00001429 +00000-0 +15324-3 0  9994
2 26423 097.8431 244.8264 0048705 240.7004 118.9341 14.89403318975720
1 26430U 99057KB  18211.20870931  .00003358  00000-0  25388-3 0  9996
2 26430  98.2243 304.1507 0040800 241.4970 118.2142 15.02474693974824
1 26432U 99057KD  18211.49573639  .00000505  00000-0  14919-3 0  9993
2 26432  98.7272 224.5214 0131196 321.3240  37.8610 14.43331762953275
1 26436U 99057KH  18212.53754168  .00000706  00000-0  80401-3 0  9993
2 26436  99.4667 241.8959 0716084   5.3321 355.4916 12.95440739864467
1 26441U 99057KN  18212.41885678  .00000521  00000-0  10584-3 0  9997
2 26441  98.2959 204.0693 0059876 211.6699 148.0896 14.64378038966319
1 26442U 99057KP  18211.82829587 +.00000173 +00000-0 +55443-4 0  9996
2 26442 098.2559 170.3700 0066411 031.5830 359.2599 14.49689955963026
1 26443U 99057KQ  18211.86831875 +.00000060 +00000-0 +33020-4 0  9996
2 26443 098.6557 175.6240 0099210 024.9093 004.1269 14.38901820959252
1 26444U 99057KR  18211.53512955  .00000108  00000-0  33576-4 0  9995
2 26444  98.5003 144.8609 0079502 316.3286 100.7246 14.58215342968829
1 26446U 99057KT  18212.40867709  .00000152  00000-0  59310-4 0  9997
2 26446  98.6894 188.5279 0107949  86.9445 274.4088 14.39900447956222
1 26448U 99057KV  18212.54624695  .00000752  00000-0  13940-3 0  9993
2 26448  98.3778 240.4244 0075968 336.5717  23.2031 14.66615659968659
1 26449U 99057KW  18212.42760372  .00000125  00000-0  49194-4 0  9999
2 26449  98.6132 184.6946 0085797 267.4602 245.2572 14.43655074962730
1 26454U 99057KZ  18211.92728101 +.00000277 +00000-0 +74406-4 0  9995
2 26454 098.4074 190.6471 0075514 021.8371 005.5811 14.54271429951720
1 26498U 82055BP  18211.35148355 +.00000435 +00000-0 +37235-3 0  9991
2 26498 065.8183 110.9255 0027147 186.7573 285.6507 13.96940320259447
1 26503U 81021E   18210.89494275 -.00000045 +00000-0 +36422-4 0  9999
2 26503 064.9599 296.7525 0034208 131.6347 343.7952 13.90980517932693
1 26504U 81021F   18210.60191064 -.00000029 +00000-0 +48480-4 0  9998
2 26504 064.9631 289.1644 0032384 116.3107 311.2422 13.91296556940118
1 26505U 81021G   18198.78518998 -.00000029  00000-0  48407-4 0  9991
2 26505  64.9671 327.5324 0031993 112.9033 247.5413 13.91342677938170
1 26506U 81021H   18208.67900674 -.00000043 +00000-0 +37315-4 0  9990
2 26506 064.9591 294.9059 0034693 133.3478 227.0486 13.91253649939932
1 26508U 81021K   18210.91481573 -.00000047  00000-0  34845-4 0  9993
2 26508  64.9673 301.4705 0031259 103.8039  14.2567 13.91073231939086
1 26509U 81021L   18210.61947383 -.00000040 +00000-0 +39902-4 0  9999
2 26509 064.9660 304.4274 0032511 110.2284 250.2280 13.91021522933762
1 26510U 81021M   18210.94161155 -.00000055  00000-0  28421-4 0  9992
2 26510  64.9660 316.3365 0033742 113.5747   0.4228 13.90816870932273
1 26511U 81021N   18210.95643812 -.00000043  00000-0  37791-4 0  9996
2 26511  64.9618 318.2049 0033761 132.3410 343.1898 13.90597194939861
1 26512U 81021P   18211.88084553 -.00000048 +00000-0 +33999-4 0  9992
2 26512 064.9668 291.2432 0031268 105.2933 012.1960 13.91242932253020
1 26513U 84069E   18207.51115920 -.00000021 +00000-0 +54378-4 0  9991
2 26513 065.0519 233.0626 0061728 272.5666 162.5829 13.90358471935039
1 26514U 84069F   18210.63664482 -.00000043 +00000-0 +37623-4 0  9999
2 26514 065.0476 232.8803 0059265 279.3445 080.0921 13.90151940935689
1 26516U 84069H   18181.84443729 -.00000017 +00000-0 +57280-4 0  9992
2 26516 065.0482 263.8481 0059764 284.2873 075.1559 13.91146635268146
1 26517U 84069J   18211.44198008 -.00000054  00000-0  28688-4 0  9991
2 26517  65.0484 225.0164 0061346 277.5269 153.9503 13.90113957955350
1 26518U 84069K   06361.87958250  .00000025  00000-0  91265-4 0  9993
2 26518  65.0477  89.0263 0058474 287.3212  71.4430 13.90096027367332
1 26519U 84069L   18208.48854461 -.00000028 +00000-0 +49668-4 0  9997
2 26519 065.0486 250.3710 0059408 281.0852 145.0435 13.89752301246816
1 26520U 84069M   18211.47077928 -.00000048  00000-0  33627-4 0  9997
2 26520  65.0463 232.4390 0060582 283.3107 146.9898 13.89933097933416
1 26521U 84069N   18202.49508166  .00017879  00000-0  13940-1 0  9995
2 26521  65.0455 227.6080 0059457 266.6781 167.3660 13.91511186933206
1 26522U 84069P   18209.40516411 -.00000022  00000-0  53737-4 0  9990
2 26522  65.0510 213.0195 0060384 270.2677 160.3943 13.90809049933485
1 26523U 84069Q   18211.55968845 -.00000059 +00000-0 +24381-4 0  9995
2 26523 065.0459 190.8503 0060971 277.3654 082.0483 13.91051255251164
1 26601U 87020DT  18211.23687781 +.00000007 +00000-0 +17818-3 0  9992
2 26601 073.6039 306.3198 0028058 047.0650 345.4026 12.41254554922853
1 26633U 83070G   02018.59257852 +.00001148 +00000-0 +10000-3 0  9990
2 26633 066.5019 219.6367 6996189 146.8748 288.4987 02.00493453008889
1 26634U 84069R   18204.40162477 +.00000006 +00000-0 +75061-4 0  9993
2 26634 065.0488 203.5647 0061856 272.6894 086.7091 13.91196404246512
1 26645U 84069S   16222.77104568  .00000115  00000-0  90516-4 0  9993
2 26645  65.0409 276.9799 0055880 191.5192 168.4629 13.90900814227420
1 26646U 84069T   18210.66381081 -.00000042 +00000-0 +37895-4 0  9999
2 26646 065.0444 218.4340 0060157 283.2109 191.6810 13.90365208260264
1 26647U 84069U   16289.98498069  .00000050  00000-0  40083-4 0  9995
2 26647  65.0462 130.8568 0039335 166.0107 194.2113 13.90196424795163
1 26650U 99057LG  18211.28104611 +.00000283 +00000-0 +45560-4 0  9992
2 26650 098.5332 325.8239 0010630 338.9503 050.7993 14.79652055970445
1 26654U 99057LL  18211.74734737 +.00000441 +00000-0 +14551-3 0  9996
2 26654 098.7690 195.0988 0136038 052.6084 308.7397 14.38071354934874
1 26658U 99057LQ  18211.84924899 +.00000149 +00000-0 +52569-4 0  9998
2 26658 098.4764 176.6251 0076303 173.9276 216.7610 14.46489583944393
1 26661U 99057LT  18211.47117858 +.00000420 +00000-0 +92804-4 0  9998
2 26661 098.3728 210.4884 0068931 310.4593 203.0979 14.61303238958248
1 26740U 94029AEH 18210.35187678 +.00000624 +00000-0 +53856-4 0  9993
2 26740 081.8672 068.0023 0115723 141.7737 343.0539 14.90398587063393
1 26754U 99057MB  18211.74440445 +.00000369 +00000-0 +61029-4 0  9999
2 26754 098.5306 193.4942 0061023 206.6531 153.1536 14.75775629926727
1 26755U 99057MC  18211.84921819 +.00000423 +00000-0 +76849-4 0  9997
2 26755 098.3085 340.1804 0065324 140.2699 010.8380 14.70228860921539
1 26756U 99057MD  18211.11390369 +.00000019 +00000-0 +20722-4 0  9998
2 26756 098.5982 164.4987 0084413 350.9947 064.7356 14.38243673909892
1 26785U 84035C   18210.61317525 -.00000272 +00000-0 -57151-4 0  9996
2 26785 030.4199 315.2729 6811227 024.1957 356.4418 02.78183599168727
1 26788U 86010E   17177.34502167 -.00000128 +00000-0 +30414-3 0  9994
2 26788 031.0566 052.8095 6835833 255.8400 347.6255 02.62428132162453
1 26791U 92019D   18212.20221465  .00011361  00000-0  19845-3 0  9994
2 26791  34.6459 144.7228 3778105 112.9331 290.9128  7.95262944466899
1 26792U 92009D   17320.62297654  .00004589  00000-0  23527-3 0  9998
2 26792  34.4522  94.7786 4650117 350.2589   3.1311  6.29866004389500
1 26849U 85118AC  04252.43146745 -.00000043 +00000-0 +10000-3 0  9991
2 26849 064.8049 158.1903 4448771 355.3866 012.6127 05.59611025000003
1 26851U 92058E   17045.93349537  .00012073  00000-0  45541-3 0  9991
2 26851  34.7309 151.4973 4210590 298.2082   3.8015  7.09692883404672
1 26911U 81021Q   18210.90097546 -.00000042 +00000-0 +38518-4 0  9999
2 26911 064.9640 305.4977 0033517 117.5931 351.8890 13.90780322880499
1 26921U 85093C   18205.21288875 -.00000047 +00000-0 +00000-0 0  9994
2 26921 063.6288 281.7219 5637364 016.4796 003.5772 03.89997620367825
1 26967U 93017E   18207.89022769 +.00006064 +00000-0 +14432-3 0  9994
2 26967 034.9615 056.2231 4280129 213.0522 111.0000 07.00325197416806
1 26968U 93016AJ  18211.93849740 +.00000253 +00000-0 +11386-3 0  9999
2 26968 070.9998 029.0515 0008548 055.0509 101.1288 14.31483975316406
1 26980U 92093JK  18211.90773128 +.00000648 +00000-0 +19514-3 0  9999
2 26980 071.1117 260.6419 0092761 075.1855 342.1932 14.43889074317316
1 26982U 87020DU  18211.68033924 +.00000020 +00000-0 +27286-3 0  9992
2 26982 073.6023 295.2925 0029893 039.3617 115.2380 12.42226382835529
1 27007U 01056G   18211.43215419 +.00000220 +00000-0 +27776-3 0  9996
2 27007 099.2119 015.5606 0011953 312.6274 047.3867 13.74453175832745
1 27037U 89006S   18210.96527916 -.00000187  00000-0 -18768-3 0  9990
2 27037   8.0076 111.2081 7172728  50.9929 353.2807  2.27432642139928
1 27044U 89006Z   18212.40588135  .00000290  00000-0  31410-2 0  9990
2 27044   7.9822  75.1581 7125938 121.3498 313.3939  2.32586011141158
1 27045U 89006AA  17251.64474266 -.00000132  00000-0 -24703-2 0  9992
2 27045   8.8244   1.0894 7118488 279.9311  35.3900  2.25339414131072
1 27052U 90065V   18211.95292028 -.00000230 +00000-0 +17417-3 0  9995
2 27052 017.7326 115.0259 6940529 079.1811 346.0241 02.66038973190610
1 27097U 01049AR  18211.84499334  .00004872  00000-0  13241-3 0  9991
2 27097  97.5043 347.1546 0035346 180.3526 179.7700 15.37429063905668
1 27115U 01049BK  18211.82983459  .00015086  00000-0  16258-3 0  9996
2 27115  97.6682 275.1151 0009632 237.3704 192.4782 15.63743225912805
1 27119U 01049BP  18211.96451738 +.00000390 +00000-0 +27204-4 0  9991
2 27119 097.8243 207.3907 0032041 283.5295 076.2365 15.11182789904866
1 27121U 01049BR  18212.34539001  .00001162  00000-0  64841-4 0  9993
2 27121  97.2923 264.3925 0041314 308.5394  51.2138 15.14801981897511
1 27123U 01049BT  18212.54437705  .00000052  00000-0  17721-4 0  9997
2 27123  97.3402  65.1334 0043429 310.5181  49.2243 14.63898407884773
1 27128U 01049BY  18211.82354341  .00001885  00000-0  11511-3 0  9991
2 27128  97.5811 336.6321 0055893 240.7938 118.7694 15.10280325899043
1 27129U 01049BZ  18211.92765883 +.00000823 +00000-0 +91678-4 0  9994
2 27129 097.9343 203.1985 0040277 143.1431 247.6173 14.89282017892004
1 27132U 01049CC  18212.50348541  .00000735  00000-0  51889-4 0  9993
2 27132  97.7385 189.4556 0045964 229.9971 225.8871 15.07407844915492
1 27133U 01049CD  18211.23682745  .00000034  00000-0  15020-4 0  9999
2 27133  97.7473 295.1630 0046785  53.8965 306.6556 14.63369823884878
1 27142U 01049CN  18212.20920526  .00000148  00000-0  70172-4 0  9994
2 27142  97.3719 359.1926 0288437  30.2486 331.4992 14.10080716853234
1 27146U 01049CS  18211.91460613 +.00000164 +00000-0 +30472-4 0  9998
2 27146 098.1760 186.5563 0049957 228.4706 153.0314 14.77339809890061
1 27147U 01049CT  18211.88077722 +.00001445 +00000-0 +10182-3 0  9998
2 27147 097.5362 243.9948 0016802 308.6758 178.7180 15.06471342913321
1 27150U 01049CW  18212.52847962  .00001063  00000-0  58911-4 0  9994
2 27150  97.9006 237.5165 0033882 105.0117 255.4869 15.15712579946456
1 27152U 01049CY  18212.40591870  .00000165  00000-0  27216-4 0  9993
2 27152  98.1298 192.2298 0037828  68.7271 291.7975 14.82802280892754
1 27153U 01049CZ  18212.42197516  .00000523  00000-0  54825-4 0  9999
2 27153  97.9824 194.5709 0040472  55.6516 304.8522 14.93438771898869
1 27160U 01049DG  18212.51990431 -.00000023  00000-0  50318-5 0  9994
2 27160  98.1580 156.5052 0047197 318.8194 100.0719 14.67651482888832
1 27216U 01049FL  18211.79420434 +.00001346 +00000-0 +10662-3 0  9990
2 27216 098.1462 151.0037 0033218 245.6532 144.3174 15.02066084898888
1 27218U 01049FN  18211.25017828 +.00000807 +00000-0 +10167-3 0  9993
2 27218 099.0468 011.7783 0247194 206.8866 151.9348 14.66449613872684
1 27226U 01049FW  18212.17823586  .00000333  00000-0  37852-4 0  9995
2 27226  97.9112 191.9047 0026801 160.6126 199.6118 14.92687855896553
1 27255U 01049HB  18211.88539847 +.00000388 +00000-0 +46442-4 0  9993
2 27255 097.8418 186.7616 0042017 250.1331 141.6805 14.89229571895841
1 27267U 01049HP  18211.92144433 +.00000393 +00000-0 +47216-4 0  9990
2 27267 098.0479 199.4747 0044236 321.6546 038.1527 14.89233841894628
1 27305U 01049KB  18212.36944370  .00000074  00000-0  20322-4 0  9995
2 27305  98.1809 168.6098 0043156 286.4851 231.7940 14.71617447889806
1 27353U 01049MA  18211.76780734  .00000767  00000-0  50301-4 0  9992
2 27353  97.6616 209.9121 0024062 183.5448 176.5615 15.10531172898527
1 27384U 99057MJ  18212.04818987  .00001263  00000-0  15121-3 0  9998
2 27384  98.1461 248.7243 0047377 357.6011   2.4969 14.85262730957207
1 27385U 99057MK  18211.24482953  .00002104  00000-0  19917-3 0  9992
2 27385  97.9860 245.3311 0046063 174.1887 185.9877 14.93988525942206
1 27469U 00047C   18212.55191449 -.00000088  00000-0  34598-5 0  9992
2 27469  67.9958 246.7946 0070775 264.8218 253.1555 14.88804948871724
1 27482U 90081CU  18211.85854345  .00000159  00000-0  11534-3 0  9998
2 27482  98.7055 228.2433 0010080 169.6926 314.2170 14.09499472902740
1 27489U 97005G   18210.64160347 +.00002429 +00000-0 +18123-3 0  9999
2 27489 031.4986 340.7264 4912162 324.4741 024.0819 05.82742932336063
1 27491U 98043L   18211.91444062 -.00000010 +00000-0 +24847-4 0  9991
2 27491 098.9074 018.9332 0207497 055.2509 306.7990 13.79324732009311
1 27492U 99057MM  18211.78554197 +.00000374 +00000-0 +10313-3 0  9998
2 27492 098.4546 190.0693 0089886 191.7145 168.1959 14.50314727905341
1 27493U 99057MN  18212.15804580  .00000095  00000-0  40087-4 0  9997
2 27493  98.5535 176.1103 0080088 207.7077 218.8562 14.44117732935323
1 27530U 01049MV  18211.81626907  .00002004  00000-0  58149-4 0  9990
2 27530  97.6156 345.1366 0026934 251.9044 107.9266 15.36485574896103
1 27533U 02036D   13247.66985865 +.00000055 +00000-0 +31562-3 0  9991
2 27533 082.4864 023.1677 0021605 023.6469 350.4011 12.44781683497877
1 27536U 99057MP  18211.87921838  .00000255  00000-0  77001-4 0  9993
2 27536  98.3012 178.8395 0034265 295.6638  94.0052 14.50015633866129
1 27538U 01049MW  18212.19540991  .00000290  00000-0  21541-4 0  9999
2 27538  97.6679 187.7742 0043528 161.3211 198.9628 15.10125612895137
1 27569U 81021R   18204.64934417 -.00000049 +00000-0 +32742-4 0  9990
2 27569 064.9613 305.5600 0034029 128.2073 232.2063 13.91245003815897
1 27570U 81021S   18210.86719015 -.00000039 +00000-0 +40541-4 0  9993
2 27570 064.9624 288.4422 0033236 121.9649 352.5815 13.91275220837675
1 27571U 81021T   18207.88264435 -.00000051 +00000-0 +31329-4 0  9991
2 27571 064.9644 308.8926 0033469 117.7007 242.7458 13.91047379814460
1 27572U 84069W   16091.16427692  .00000062  00000-0  12091-3 0  9998
2 27572  65.0495 289.1527 0059213 218.5312 140.6916 13.90246866700043
1 27573U 84069X   18211.32843812 -.00000051  00000-0  30387-4 0  9997
2 27573  65.0437 186.1468 0060097 283.0253 146.6594 13.91088945817021
1 27580U 01049MY  18211.31791878 +.00000021 +00000-0 +11356-4 0  9996
2 27580 098.0675 161.7643 0047762 148.0181 212.3941 14.72983560856923
1 27582U 01049NA  18211.94031067 +.00000213 +00000-0 +36238-4 0  9993
2 27582 098.2719 109.1115 0053942 348.0659 011.9269 14.78756999865448
1 27583U 01049NB  18211.98368071  .00001443  00000-0  81710-4 0  9997
2 27583  97.6105 219.5775 0013104 273.3279 116.7796 15.14606844874198
1 27585U 01049ND  18211.79107125  .00000085  00000-0  20226-4 0  9995
2 27585  98.0586 146.1878 0062703 163.8279 196.4950 14.74738771876828
1 27586U 01049NE  18211.46698105  .00000790  00000-0  39997-4 0  9991
2 27586  97.2710 218.9799 0046146   3.3222 356.8311 15.18974236883444
1 27596U 86019VN  18211.93347604 +.00000124 +00000-0 +48971-4 0  9992
2 27596 098.2176 251.3119 0047238 103.5511 017.9054 14.42832667198137
1 27628U 87068CK  18210.99877638 +.00000064 +00000-0 +38249-4 0  9993
2 27628 082.5181 320.1348 0024838 311.0549 048.8469 13.92624510955215
1 27629U 87068CL  18211.82268225 +.00001102 +00000-0 +26854-3 0  9995
2 27629 082.2683 152.2021 0020469 307.2259 052.7070 14.51912753904089
1 27638U 84069Y   18199.70548671 -.00000043 +00000-0 +37283-4 0  9994
2 27638 065.0470 231.0065 0061264 279.7715 079.6434 13.90874074242491
1 27639U 87068CM  18211.61328883 +.00000052 +00000-0 +40749-4 0  9993
2 27639 082.5098 161.6204 0069324 106.5688 014.7427 13.71354583246567
1 27653U 01049NQ  18211.85608796  .00000119  00000-0  23337-4 0  9992
2 27653  98.0776 174.3378 0065074  66.0483 325.4623 14.78282658864211
1 27655U 01049NS  18211.94716476 +.00000243 +00000-0 +72846-4 0  9996
2 27655 097.2778 111.4568 0177562 357.2602 002.7601 14.41066166844878
1 27657U 01049NU  18212.26009323  .00000487  00000-0  43601-4 0  9997
2 27657  97.9488 217.2747 0038274 241.6594 181.3425 15.00250166873243
1 27676U 99057MQ  18211.11161580  .00000150  00000-0  63164-4 0  9994
2 27676  98.6960 175.7814 0107589 139.8272 221.0930 14.36253619813169
1 27677U 99057MR  18211.82720675 +.00000025 +00000-0 +19921-4 0  9992
2 27677 098.5502 167.8167 0078425 108.6159 282.6489 14.44893418854059
1 27678U 99057MS  18210.05283832 -.00000025 +00000-0 +73191-5 0  9997
2 27678 098.6654 154.9016 0108826 186.9433 234.3236 14.32377038844765
1 27679U 94029AEJ 18212.12672824  .00000241  00000-0  55513-4 0  9991
2 27679  81.9833 139.0476 0334503 138.6907 224.0106 14.21861368860635
1 27687U 99057MT  18211.06165360 -.00000009 +00000-0 +11928-4 0  9995
2 27687 098.6086 159.6967 0090269 018.6199 341.8254 14.36738615839902
1 27688U 99057MU  18211.16269767 +.00000089 +00000-0 +38658-4 0  9999
2 27688 098.5931 184.8880 0091454 291.1355 126.5274 14.43863943310987
1 27689U 01056H   18211.66069108  .00000009  00000-0  10671-3 0  9990
2 27689  99.9268 269.8092 0207784 241.3335 275.2994 13.25712494804695
1 27690U 01056J   18212.37484662 -.00000040  00000-0  95034-5 0  9991
2 27690 100.3653 356.1196 0183379 124.9228 264.7467 13.30740116807731
1 27733U 81053MN  18211.32061299 +.00000537 +00000-0 +31156-3 0  9998
2 27733 083.1195 234.7260 0022974 288.6063 071.2617 14.06994630961813
1 27734U 81053MP  18211.34553814  .00001092  00000-0  80206-3 0  9997
2 27734  83.1200  64.1417 0106840  37.5252 323.3309 13.92170823154756
1 27735U 81053MQ  18211.36322475 +.00000405 +00000-0 +37927-3 0  9996
2 27735 083.0514 172.5877 0103763 061.7715 091.5033 13.76904230227873
1 27736U 81120H   18210.09944970 +.00000017 +00000-0 +81365-4 0  9996
2 27736 082.9611 079.8647 0053459 239.3379 278.4044 12.14991148701565
1 27737U 81120J   18212.19809354  .00000107  00000-0  10946-2 0  9991
2 27737  82.9578 170.7469 0026149 290.0579 132.9899 12.08062297815490
1 27738U 81120K   18211.56324959  .00000049  00000-0  40228-3 0  9997
2 27738  82.9584  65.8642 0055476 201.5028 188.8099 12.15606259878925
1 27739U 84069Z   18212.41096331 -.00000056  00000-0  27216-4 0  9990
2 27739  65.0492 212.1689 0060839 274.1320 157.4476 13.90636978824910
1 27741U 85090C   18212.46941215  .00000923  00000-0  25887-4 0  9997
2 27741  97.1956 283.6982 0023555  78.9159 281.4734 15.38883080895473
1 27742U 87020DV  18211.82487263  .00007190  00000-0  31266-2 0  9999
2 27742  74.1878 104.0565 0103287 238.9339 120.1638 14.21397318952352
1 27743U 91009CY  18211.48690972 +.00000022 +00000-0 +33417-3 0  9995
2 27743 074.0620 230.7830 0136832 047.8321 104.5045 12.19990754903531
1 27744U 91009CZ  18212.51430913 -.00000026  00000-0 -11678-3 0  9999
2 27744  74.0503 242.6308 0174874  76.6692  73.1166 12.18532891115356
1 27746U 91009DB  18210.48139743 +.00000230 +00000-0 +24147-2 0  9991
2 27746 074.1026 038.3557 0175364 170.8410 217.5503 12.14166434214110
1 27747U 91009DC  18210.38349191 +.00000090 +00000-0 +10146-2 0  9999
2 27747 073.9619 196.9110 0086820 234.0476 281.9246 12.19123761910556
1 27748U 91009DD  18211.03827458  .00000043  00000-0  52105-3 0  9990
2 27748  74.0490 236.0699 0175083  71.6633 320.9291 12.19276548943332
1 27749U 92093JL  18212.56788372  .00000233  00000-0  13584-3 0  9994
2 27749  71.1054 171.9623 0115982 291.7068 188.5754 14.15058186886017
1 27750U 92093JM  18206.98772778 +.00000701 +00000-0 +32949-3 0  9994
2 27750 071.1597 081.0161 0099239 119.8773 241.2260 14.20760773866833
1 27751U 92093JN  18211.06054768 +.00001060 +00000-0 +27579-3 0  9994
2 27751 071.1661 351.0358 0039675 221.3999 138.4136 14.51477243240129
1 27752U 93014G   18211.85027984 +.00000070 +00000-0 +29664-4 0  9994
2 27752 075.7602 261.2002 0184531 181.3961 303.5228 14.26164885848329
1 27760U 94077M   18211.93814039 +.00000300 +00000-0 +88747-4 0  9990
2 27760 070.9991 052.5952 0058919 249.8707 176.3561 14.50654957971288
1 27762U 99057MV  18212.50290903  .00000086  00000-0  56807-4 0  9990
2 27762  98.4275  46.3615 0183173  81.6952 309.5727 14.13490073859490
1 27763U 00015B   18212.43850123  .00001450  00000-0  37698-3 0  9997
2 27763  64.6444  10.5849 4789198 350.9520   2.7830  5.93813398337026
1 27764U 00025D   18207.56171104 +.00099934 +55150-6 +31870-3 0  9994
2 27764 038.7691 031.8965 2137278 299.6511 077.0432 11.38874499423003
1 27765U 00040D   18212.35747647  .02952853  53820-5  89148-4 0  9999
2 27765  38.7661 310.8701 0111904 285.5856  73.2631 16.25281788485776
1 27768U 02054D   18211.86862445 +.00000189 +00000-0 +46421-4 0  9996
2 27768 098.2405 000.1526 0034023 232.8819 126.9273 14.62838006833416
1 27769U 02054E   18211.86364019 +.00000196 +00000-0 +44960-4 0  9995
2 27769 098.1788 000.5559 0036711 167.1955 193.0189 14.65625897834739
1 27772U 99031F   18210.11850303 +.00000454 +00000-0 +13513-2 0  9998
2 27772 052.0188 113.0162 0121420 352.6564 148.8954 13.21159506761530
1 27797U 81053MR  18210.53449350 +.00000217 +00000-0 +28767-3 0  9997
2 27797 083.1451 298.7903 0192857 303.3971 111.8075 13.49750708249295
1 27798U 81071M   16049.23628946  .00000656  00000-0  00000+0 0  9996
2 27798  69.7363 281.7684 5500691  88.5935  34.8885  1.98167187111231
1 27803U 82055BQ  18211.80258517  .00000186  00000-0  19056-3 0  9998
2 27803  65.8199 335.1624 0019353 107.5752  54.7075 13.98024576389229
1 27804U 91068AR  18212.09517907  .00000324  00000-0  14937-2 0  9992
2 27804  82.6194  84.5728 0212544 326.8956 187.0977 12.67811327746378
1 27805U 92047L   18211.27741223 +.00002337 +00000-0 +89450-3 0  9999
2 27805 065.1493 224.9890 4716983 322.2464 012.5655 06.00891176343818
1 27806U 99057MW  18212.06237851 -.00000010  00000-0  12893-4 0  9998
2 27806  98.6658 152.8001 0109526 228.1850 130.9939 14.30840210871679
1 27908U 84069AA  18209.58085420 -.00000049 +00000-0 +32079-4 0  9994
2 27908 065.0416 197.7721 0060637 287.0099 072.4326 13.90882829783104
1 27909U 84069AB  18211.34218843 -.00000047  00000-0  33912-4 0  9994
2 27909  65.0473 180.2805 0060339 275.6520 159.6595 13.91293536781374
1 27910U 84069AC  18198.53194653 -.00000025  00000-0  51225-4 0  9996
2 27910  65.0545 242.2470 0061747 271.0100 161.1368 13.90864126790915
1 27911U 84069AD  18210.43900491 -.00000048 +00000-0 +33189-4 0  9990
2 27911 065.0484 222.4584 0062366 279.6572 079.7450 13.90482958794851
1 27912U 84069AE  07081.08070326 -.00000018 +00000-0 +57371-4 0  9997
2 27912 065.0436 239.4535 0062160 263.0398 095.5684 13.89757448214228
1 27913U 84069AF  18204.43349240 -.00000014 +00000-0 +59565-4 0  9993
2 27913 065.0444 225.3665 0061897 284.2199 075.1995 13.90731607789223
1 27958U 87079AX  18212.40270076  .00002219  00000-0  29584-2 0  9996
2 27958  65.0064 227.6826 5394279 152.0155 252.4538  4.80192670243707
1 27978U 88085Y   16061.45531078 +.00000032 +00000-0 +00000-0 0  9994
2 27978 059.5261 236.2488 4277145 000.1834 012.4317 04.20750558039312
1 27998U 88085AU  18212.12971091  .00001811  00000-0  19985-2 0  9993
2 27998  64.9933  44.9005 2777029  22.6304 347.6225  9.19682135319000
1 28042U 92093JP  18210.52216615 -.00000099 +00000-0 -28732-4 0  9995
2 28042 070.8781 270.3458 0067871 071.9611 350.6359 14.09252612106721
1 28055U 03048B   18211.92438090 +.00000408 +00000-0 +20475-3 0  9996
2 28055 098.6095 202.3236 0000598 300.9118 091.2677 14.21808681764492
1 28056U 03048C   18211.95213838 +.00000238 +00000-0 +12875-3 0  9997
2 28056 098.6099 202.3831 0001166 296.6134 063.4924 14.21284064764612
1 28067U 99057MX  18211.90887109 -.00000047  00000-0  85091-6 0  9999
2 28067  98.5462 194.5970 0090937 252.3750 106.7495 14.47714093825542
1 28068U 99057MY  18211.13270147  .00000149  00000-0  55197-4 0  9997
2 28068  98.5901 184.5463 0089735 289.9059  69.2479 14.44021011803335
1 28069U 99057MZ  18211.86186734 +.00000167 +00000-0 +57826-4 0  9997
2 28069 098.5446 182.3084 0078527 178.5017 181.6424 14.46296863288921
1 28070U 99057NA  18211.13211942 +.00000192 +00000-0 +60534-4 0  9997
2 28070 098.4613 180.2384 0071871 089.3476 271.5952 14.49501063837009
1 28071U 99057NB  18211.57704951 -.00000025 +00000-0 +65663-5 0  9998
2 28071 098.5206 132.3681 0109321 128.5534 358.6692 14.33158960834237
1 28072U 99057NC  18211.89124760  .00000092  00000-0  41497-4 0  9999
2 28072  98.6409 181.8513 0098030   0.1532  28.7396 14.40888945805891
1 28073U 99057ND  18211.36068083 +.00000032 +00000-0 +23499-4 0  9993
2 28073 098.5827 172.3588 0083560 238.3268 276.7143 14.41699025816027
1 28074U 99057NE  18211.04907587 -.00000003  00000-0  14609-4 0  9992
2 28074  98.6641 156.4785 0104899 173.2809 249.0778 14.32618634812224
1 28075U 99057NF  18211.37051425  .00000117  00000-0  51215-4 0  9999
2 28075  98.6890 178.9562 0105981 102.3869 258.9203 14.37572856798950
1 28080U 03048D   18212.53760718  .00000478  00000-0  22685-3 0  9999
2 28080  98.5246 231.6793 0002947 268.0795 243.7599 14.23941676763080
1 28193U 04009D   18212.17110939  .00030900  18521-7  19967-3 0  9992
2 28193  38.8312 166.6726 3022175 236.6616  90.7983  9.49778265356405
1 28211U 81021U   18210.62702812 -.00000007 +00000-0 +65919-4 0  9998
2 28211 064.9625 290.0929 0031452 110.8002 320.9805 13.91536230781765
1 28225U 04012F   18212.12504984  .00081782  00000-0  74814-3 0  9996
2 28225  97.4433  45.6059 0005200 109.3236 250.8587 15.67541649773731
1 28232U 04012J   18212.02537680  .00026019  00000-0  56717-3 0  9996
2 28232  97.9368 196.3704 0021485 269.7865  90.0919 15.43993930766591
1 28264U 03010D   16243.49348674 -.00000214  00000-0  00000+0 0  9994
2 28264  39.0360  33.8105 4923895 102.2584 315.1580  5.88254445231416
1 28270U 81016L   18206.05456543 -.00000309 +00000-0 +00000-0 0  9997
2 28270 066.6564 229.7315 6081356 045.3053 350.5752 02.02482840128190
1 28271U 84069AG  18170.05227030 -.00000018 +00000-0 +56430-4 0  9995
2 28271 065.0541 319.0186 0061603 280.0503 191.2825 13.90814158245644
1 28273U 84069AJ  18208.33720478 -.00000047 +00000-0 +33934-4 0  9990
2 28273 065.0473 196.4371 0062425 277.1409 082.2560 13.91131262732025
1 28274U 84069AK  18206.44006921 -.00000006 +00000-0 +66083-4 0  9997
2 28274 065.0505 210.8447 0062310 273.6599 085.7341 13.90994110776538
1 28275U 88019F   18211.60158889 -.00000038 +00000-0 +46096-4 0  9999
2 28275 065.0448 288.0797 0031228 136.1401 292.0202 13.81662609245804
1 28277U 91068AS  18210.42157975 +.00000365 +00000-0 +11266-2 0  9994
2 28277 082.6228 200.0146 0069260 066.5890 089.1769 13.02078691723005
1 28278U 91068AT  18211.68808079 +.00001886 +00000-0 +74154-2 0  9996
2 28278 082.2789 103.6431 0043957 243.1471 145.5908 12.87412728721883
1 28283U 93014L   18211.73911580 +.00002749 +00000-0 +29889-3 0  9998
2 28283 075.7410 233.2764 0066466 341.6077 018.2709 14.86753937271765
1 28284U 93014M   18212.02083188  .00000993  00000-0  18910-3 0  9998
2 28284  75.7479 334.3765 0101094 135.9322 224.9969 14.61570626759691
1 28288U 93014R   18210.42099328 +.00004540 +00000-0 +27811-3 0  9999
2 28288 075.7267 110.8242 0048007 189.9716 170.0538 15.09372501762969
1 28290U 93014T   18211.38193402  .00002655  00000-0  33864-3 0  9996
2 28290  75.7427 236.2494 0065902 350.6221   9.3728 14.80260808760926
1 28291U 93014U   18211.79740971  .00004755  00000-0  31026-3 0  9992
2 28291  75.7285 146.6962 0048284 233.0413 126.6362 15.07058384775268
1 28292U 93014V   18212.05886154  .00000160  00000-0  53421-4 0  9997
2 28292  75.7610 112.4249 0149912 329.1327  30.1083 14.36134002806189
1 28300U 91082M   18211.93867081 +.00000424 +00000-0 +19364-3 0  9994
2 28300 098.7769 231.5038 0012026 072.5787 043.6800 14.26676132740628
1 28302U 91082P   18212.49444946  .00000242  00000-0  13844-3 0  9994
2 28302  98.8723 224.1650 0029867 255.7088 104.0770 14.18510210737909
1 28303U 91082Q   18211.45772569 -.00000008 +00000-0 +15035-4 0  9991
2 28303 098.6658 201.7608 0029838 147.5162 004.4276 14.25147478742267
1 28304U 91082R   18211.98428192 -.00000009  00000-0  18381-4 0  9998
2 28304  98.9281 219.3168 0012006 215.6617 173.8316 14.16262793737774
1 28307U 91082U   18212.48429425  .00000049  00000-0  53319-4 0  9990
2 28307  99.0856 220.7462 0039483  29.5656 125.1864 14.09748674734395
1 28308U 91082V   18211.55721064  .00000161  00000-0  90364-4 0  9998
2 28308  98.7922 226.6824 0015489 106.9893  51.9675 14.23479274739288
1 28309U 91082W   18211.95493249 -.00000020 +00000-0 +11257-4 0  9993
2 28309 098.7633 208.8926 0013916 276.2591 112.8857 14.21715427740475
1 28310U 91082X   18212.04914517  .00000721  00000-0  25921-3 0  9991
2 28310  98.6789 245.3202 0008386 328.2719  61.6179 14.36877748742534
1 28312U 91082Z   18212.50096137  .00000164  00000-0  96611-4 0  9999
2 28312  98.8614 224.3425 0012271 136.8777 223.3363 14.20750995738190
1 28313U 91082AA  18211.46530096  .00002475  00000-0  56213-3 0  9991
2 28313  98.7483 292.7444 0022226 202.4321 157.5906 14.56825344743995
1 28315U 91082AC  18212.12280358  .00000713  00000-0  47591-3 0  9992
2 28315  98.7300 355.9926 0137732  34.1080  19.8514 13.99608994725297
1 28317U 91082AE  18211.97299150 +.00000152 +00000-0 +94830-4 0  9992
2 28317 098.7789 204.4931 0126246 220.2679 157.9015 14.14539006735773
1 28318U 91082AF  18211.91501450 +.00001209 +00000-0 +44471-3 0  9995
2 28318 098.7795 254.9117 0057009 163.9343 323.7263 14.33594055738157
1 28319U 91082AG  18211.88418079 +.00000979 +00000-0 +39058-3 0  9994
2 28319 098.8027 190.4142 0062905 129.4562 231.2209 14.29746215737277
1 28321U 91082AJ  18212.03447373  .00000744  00000-0  27454-3 0  9991
2 28321  98.6813 243.2944 0008228 338.3459  52.1837 14.35459666741205
1 28322U 91082AK  18212.17062824  .00000055  00000-0  67231-4 0  9994
2 28322  98.6984 334.2800 0114170 298.6347 183.6048 13.95918827725845
1 28323U 91082AL  18211.77097370  .00003475  00000-0  72138-3 0  9994
2 28323  98.5184 215.8116 0055044  53.5546 307.0709 14.59869680739343
1 28325U 91082AN  18211.44731691 +.00001016 +00000-0 +48313-3 0  9998
2 28325 098.6254 074.5023 0083624 355.6818 124.8375 14.19764306730401
1 28326U 91082AP  18212.03563551  .00000566  00000-0  28692-3 0  9990
2 28326  98.9590 237.2736 0067673  62.6280 298.1761 14.18850515732909
1 28327U 91082AQ  18211.89247895 +.00000590 +00000-0 +26490-3 0  9995
2 28327 098.8698 230.2592 0031151 134.9166 345.1344 14.25977938264489
1 28328U 91082AR  18209.39287613 +.00002751 +00000-0 +79273-3 0  9998
2 28328 098.9353 278.1942 0067110 255.3066 104.0678 14.44281447733948
1 28329U 91082AS  18211.81947201 +.00000682 +00000-0 +36565-3 0  9993
2 28329 099.0324 208.3280 0090408 166.5607 193.8004 14.14364699729255
1 28330U 91082AT  18211.73471633 +.00000817 +00000-0 +41670-3 0  9990
2 28330 098.9691 187.4010 0095286 109.8513 251.2961 14.16168654731029
1 28331U 91082AU  18212.30351453  .00000708  00000-0  21493-3 0  9992
2 28331  98.3008 227.4957 0042148 191.2599 168.7653 14.44590627746003
1 28332U 91082AV  18210.37912134 +.00010488 +00000-0 +10407-2 0  9995
2 28332 098.7562 004.6704 0021960 169.0515 191.1184 14.91802285743990
1 28333U 91082AW  18211.89245462 +.00000758 +00000-0 +27712-3 0  9994
2 28333 098.6759 243.0672 0009625 334.1300 151.5536 14.35854940740072
1 28334U 91082AX  18212.14479279  .00000715  00000-0  33460-3 0  9999
2 28334  98.8920 181.6119 0080578 310.8314  48.5896 14.21767327733242
1 28335U 91082AY  18211.31067828  .00000493  00000-0  21731-3 0  9992
2 28335  98.8084 235.3461 0014070  91.5957 268.6836 14.27880073737907
1 28338U 91082BB  18211.03168870  .00000809  00000-0  28842-3 0  9994
2 28338  98.6725 244.4930 0010314 316.4277  43.6093 14.36941980739401
1 28340U 91082BD  18211.65236912 +.00002145 +00000-0 +50423-3 0  9993
2 28340 098.7584 282.3812 0019333 231.1761 128.7709 14.55398963740194
1 28342U 91082BF  18211.74399946  .00000813  00000-0  41608-3 0  9997
2 28342  98.9606 177.0201 0089389  85.7547 275.3836 14.16292042729643
1 28343U 91082BG  18211.46847718 +.00000666 +00000-0 +35707-3 0  9991
2 28343 099.0368 220.9126 0083709 164.0485 196.3354 14.14773106726880
1 28344U 91082BH  18211.29980521  .00000707  00000-0  27139-3 0  9999
2 28344  98.7064 239.4538 0007894 355.7544  60.8354 14.33585267738088
1 28345U 91082BJ  18212.15827064  .00001665  00000-0  94241-3 0  9990
2 28345  98.6374 341.4168 0126450 307.5834  51.3907 14.07498566722754
1 28346U 91082BK  18211.33729463  .00000780  00000-0  28505-3 0  9991
2 28346  98.6733 242.7743 0011517 346.2756  79.1119 14.35779521737906
1 28348U 91082BM  18210.69812244 +.00002365 +00000-0 +48515-3 0  9995
2 28348 098.6486 295.3246 0014502 110.8644 249.4110 14.61646160742149
1 28349U 91082BN  18211.79025642 +.00000778 +00000-0 +37738-3 0  9997
2 28349 098.9092 195.7972 0080860 069.3638 050.8276 14.19575771729498
1 28354U 04021C   18211.79759002 -.00000052 +00000-0 -10405-4 0  9994
2 28354 070.9577 355.1815 0221394 064.5250 297.8570 13.68280392705495
1 28355U 04021D   18211.90617758 -.00000067 +00000-0 -24783-4 0  9999
2 28355 070.9690 014.1864 0227988 038.8724 111.1661 13.67541202705110
1 28356U 04021E   18211.90170405 -.00000035 +00000-0 +70480-5 0  9993
2 28356 071.0635 042.8991 0221966 330.2187 093.6069 13.68738313705739
1 28357U 04021F   18212.34457466  .00000013  00000-0  52510-4 0  9996
2 28357  71.0763 338.8374 0202238 247.8827 141.5119 13.72837838708076
1 28388U 81043E   18212.02538514  .00001064  00000-0  43737-3 0  9995
2 28388  81.2648 317.4239 0045405 188.6171 171.4235 14.25823115731331
1 28389U 81043F   18211.72203462 +.00000655 +00000-0 +26090-3 0  9991
2 28389 081.2645 316.2029 0053255 197.2955 162.6413 14.26829907718174
1 28429U 01049NP  18211.89164163 +.00001640 +00000-0 +85579-4 0  9999
2 28429 097.4157 237.3132 0013088 218.5424 141.4876 15.17267341805558
1 28430U 01049NW  18211.40574318 -.00000141  00000-0 -56266-5 0  9994
2 28430  97.6257 197.0113 0036186 170.8209 189.3686 15.03692804823842
1 28432U 01049NY  18212.14577412  .00000317  00000-0  61309-4 0  9992
2 28432  97.7397 280.2874 0074607 275.4759  83.7940 14.68056862806008
1 28436U 01056K   18212.35675734 -.00000030  00000-0  20412-4 0  9996
2 28436  99.4238 358.8487 0191705 253.7424 132.9111 13.28640559806446
1 28437U 01056L   18212.33589649  .00000002  00000-0  84170-4 0  9993
2 28437  99.4503 337.7222 0200673 307.0252  78.3110 13.27299594805643
1 28438U 02024E   18211.76844834 +.00000414 +00000-0 +17436-3 0  9993
2 28438 098.4758 200.8616 0023393 026.5377 333.6999 14.30641179841237
1 28481U 04046C   18211.85588321 +.00000341 +00000-0 +11433-3 0  9993
2 28481 098.1593 313.1095 0129103 234.3166 275.2605 14.38672456715874
1 28482U 04046D   18211.91072323 +.00000255 +00000-0 +95610-4 0  9995
2 28482 098.7834 199.5555 0134187 115.8349 276.0317 14.35224651714482
1 28483U 04046E   18212.41202874  .00000253  00000-0  79418-4 0  9994
2 28483  98.0584  15.8613 0113343 106.0243 277.0550 14.44567603718996
1 28484U 04046F   18212.05656931  .00000039  00000-0  25316-4 0  9992
2 28484  98.6342 242.5111 0106560 331.1004  57.7860 14.41826060717488
1 28488U 04046G   07229.28095273 +.00006150 +00000-0 +10047-2 0  9996
2 28488 098.1779 246.7669 0026016 320.1533 049.2311 14.71014898146717
1 28563U 88098L   18211.05550579  .00000234  00000-0  13863-1 0  9997
2 28563   4.2956 317.7981 7210978 291.9433  22.1433  2.06969816115710
1 28567U 89006AJ  18212.19314290  .00000011  00000-0  49286-3 0  9998
2 28567   7.9755  48.7384 7127899 177.0605 192.3544  2.33429886131891
1 28568U 89006AK  15260.44768753  .00000014  00000-0  10000-3 0  9999
2 28568  11.7365   0.1124 6212483 317.8807   8.4652  2.24021894 90356
1 28569U 89006AL  18210.44625053 -.00000156  00000-0 -37728-3 0  9998
2 28569   7.7510 155.3003 7145602 324.9027 289.5859  2.29169228120551
1 28590U 92047Z   12117.78022953 -.00000059  00000-0  00000+0 0  9998
2 28590  65.6571  29.7701 5086295  10.5462   5.7322  4.38077028124853
1 28597U 81043G   18178.03268661  .00001242  00000-0  44114-3 0  9990
2 28597  81.2628 294.6913 0048601 131.7593 223.1539 14.33243954782361
1 28598U 82116E   18211.59485223 +.00001773 +00000-0 +44082-3 0  9990
2 28598 081.2347 173.7133 0030375 300.0283 059.7898 14.51159869199619
1 28599U 81043H   18212.15275664  .00001355  00000-0  36757-3 0  9994
2 28599  81.2482 164.4388 0021283 309.9723  49.9598 14.47051126832236
1 28600U 81043J   18210.13515341 +.00001028 +00000-0 +25072-3 0  9997
2 28600 081.2393 144.5348 0005000 092.6754 267.5012 14.52085273824005
1 28601U 81043K   18210.44223152 +.00000353 +00000-0 +11503-3 0  9992
2 28601 081.2612 263.2820 0041951 057.0712 303.4497 14.36206309746555
1 28602U 81043L   18197.94591206  .00000993  00000-0  34784-3 0  9996
2 28602  81.2576 281.6215 0055307  97.7936 269.3586 14.33590897735761
1 28603U 85013C   18211.30068460 +.00000196 +00000-0 +12651-3 0  9990
2 28603 082.5223 059.9882 0019584 308.2883 051.6523 13.98443304257941
1 28672U 88074H   18199.24591816  .00000313  00000-0  43413-3 0  9991
2 28672  89.9734  14.3977 0095137 131.1149 353.4568 13.54021659705409
1 28673U 88074J   18177.77654029  .00001039  00000-0  10741-2 0  9995
2 28673  89.9148 355.7984 0070826  67.8954 354.1144 13.74149198676301
1 26321U 99057HE  18211.71071852 +.00000932 +00000-0 +13664-3 0  9995
2 26321 098.0755 217.7512 0052310 006.9643 353.2282 14.77105989974617
1 26323U 99057HG  18211.44483755  .00000220  00000-0  70169-4 0  9990
2 26323  98.5451 187.3724 0079562 171.2284 342.2384 14.47661378965908
1 26329U 99057HN  18210.85519858 +.00000348 +00000-0 +89193-4 0  9992
2 26329 098.5185 208.7061 0084625 115.7984 002.6162 14.54620584966506
1 26333U 99057HS  18211.94448267  .00000541  00000-0  10818-3 0  9995
2 26333  98.2745 204.4703 0061884 195.6274 164.3020 14.64825721971323
1 26336U 99057HV  18211.38506482  .00000312  00000-0  84404-4 0  9999
2 26336  98.3865 188.0796 0074703  90.8881 270.0874 14.52926238965982
1 26339U 99057HY  18210.95622646 +.00000575 +00000-0 +11193-3 0  9990
2 26339 098.2273 203.7090 0061865 185.1414 174.9162 14.65735338970659
1 26347U 99057JG  18211.41587005  .00000178  00000-0  60022-4 0  9995
2 26347  98.5448 186.1824 0062871 149.1874   4.0996 14.47394915964228
1 26350U 99057JK  18209.00687341 +.00002797 +00000-0 +11188-3 0  9992
2 26350 098.6172 230.2374 0011360 055.2634 304.9669 15.26120900994890
1 26351U 99057JL  18211.42679351  .00000145  00000-0  51826-4 0  9993
2 26351  98.3630 164.4641 0063445 113.9029 246.8826 14.46188475967760
1 26416U 99057JM  18210.73175292 +.00000819 +00000-0 +12939-3 0  9992
2 26416 098.1198 216.9349 0052512 050.6673 006.2048 14.74195074970573
1 26423U 99057JU  18210.06727463  .00001379  00000-0  14814-3 0  9995
2 26423  97.8430 244.3602 0048674 242.3184 117.3089 14.89401313975659
1 26430U 99057KB  18210.07653943 +.00003025 +00000-0 +22936-3 0  9999
2 26430 098.2240 302.9496 0040737 245.3640 114.3338 15.02466678974659
1 26432U 99057KD  18210.24791799 +.00000491 +00000-0 +14548-3 0  9996
2 26432 098.7272 223.2425 0131305 325.0954 034.1677 14.43330213953105
1 26436U 99057KH  18210.52964564 +.00000639 +00000-0 +73031-3 0  9999
2 26436 099.4668 240.1451 0716241 009.9351 351.5096 12.95438437864205
1 26441U 99057KN  18211.94055099 +.00000506 +00000-0 +10304-3 0  9993
2 26441 098.2959 203.5873 0059845 213.1925 146.5517 14.64377413966126
1 26442U 99057KP  18211.36821012  .00000171  00000-0  54953-4 0  9993
2 26442  98.2559 169.9194 0066438  32.9721 118.1459 14.49689761962953
1 26443U 99057KQ  18211.40546459  .00000064  00000-0  34220-4 0  9994
2 26443  98.6557 175.1569 0099210  26.3101 126.4986 14.38901800959170
1 26444U 99057KR  18210.77500826 +.00000104 +00000-0 +32855-4 0  9999
2 26444 098.5003 144.0838 0079542 318.6947 070.3886 14.58215083968721
1 26446U 99057KT  18211.64429657 +.00000147 +00000-0 +57949-4 0  9998
2 26446 098.6893 187.7523 0107939 089.1878 272.1675 14.39900093956053
1 26448U 99057KV  18211.52288437  .00000760  00000-0  14082-3 0  9997
2 26448  98.3777 239.3793 0076041 339.8184  20.0017 14.66613967968504
1 26449U 99057KW  18211.38970894 +.00000120 +00000-0 +47877-4 0  9996
2 26449 098.6131 183.6443 0085805 270.6264 251.1046 14.43654705962574
1 26454U 99057KZ  18210.43717293 +.00000269 +00000-0 +72434-4 0  9990
2 26454 098.4073 189.1497 0075618 026.3622 124.3588 14.54270417952081
1 26498U 82055BP  18210.34941035 +.00000448 +00000-0 +38129-3 0  9992
2 26498 065.8181 113.4963 0027239 187.3968 286.1118 13.96939373934884
1 26503U 81021E   18209.88739675 -.00000042 +00000-0 +38374-4 0  9997
2 26503 064.9599 299.3956 0034248 132.0107 338.4327 13.90980443932553
1 26504U 81021F   18208.88614675 -.00000044 +00000-0 +36393-4 0  9990
2 26504 064.9641 293.6716 0032484 117.2423 357.1835 13.91296412939892
1 26505U 81021G   18178.94691210 -.00000005 +00000-0 +67797-4 0  9993
2 26505 064.9663 019.6079 0032909 122.0558 238.3709 13.91340472198882
