1 22477U 92093FS  18211.92111135 +.00000419 +00000-0 +75963-4 0  9999
2 22477 070.8688 187.5433 0068634 086.4227 304.1280 14.71383760351173
1 22478U 92093FT  18211.82231813 +.00001104 +00000-0 +20011-3 0  9990
2 22478 071.3184 096.8963 0037448 231.7920 127.9859 14.68152132336635
1 22480U 92093FV  18211.91470109 +.00000367 +00000-0 +12706-3 0  9998
2 22480 071.1187 150.0673 0076111 334.8127 136.0121 14.40523755318641
1 22481U 92093FW  18210.69321148 +.00005516 +00000-0 +52226-3 0  9993
2 22481 071.2602 113.6370 0029632 072.2177 288.2218 14.93746542323640
1 22493U 92093GC  18211.66560942 +.00000089 +00000-0 +39102-4 0  9990
2 22493 071.0409 093.6744 0107734 130.4414 230.6183 14.44436627354607
1 22494U 92093GD  18211.63323495 +.00000556 +00000-0 +39471-3 0  9995
2 22494 070.8234 275.8793 0186504 288.2935 225.8342 13.94084452286416
1 22495U 92093GE  18211.98538487  .00001555  00000-0  43271-3 0  9996
2 22495  71.1808 321.0000 0016151  30.4443  88.2756 14.47846352318818
1 22496U 92093GF  18211.78225828  .00000011  00000-0  37860-4 0  9991
2 22496  71.2166 133.4914 0088735  66.3615 324.8878 13.97022678301055
1 22499U 92093GJ  18210.91454435 +.00001140 +00000-0 +35132-3 0  9999
2 22499 071.4050 180.7874 0074821 032.3943 358.7129 14.41870711313844
1 22500U 92093GK  18212.12748064  .00000087  00000-0  58375-4 0  9995
2 22500  70.8496 109.7851 0064709 187.6174 172.3976 14.24136471320526
1 22502U 92093GM  18212.04977692  .00000023  00000-0  51930-4 0  9999
2 22502  70.8172  55.0387 0153098  74.4278  89.1779 13.88133243295096
1 22503U 92093GN  18212.06924570  .00016530  00000-0  59586-3 0  9993
2 22503  71.1723 243.5158 0003513 157.0170 203.1171 15.28573001341461
1 22504U 92093GP  18212.15385512  .00000841  00000-0  23030-3 0  9994
2 22504  71.2965 277.3927 0062979  65.7978 322.5618 14.48823215324012
1 22509U 92093GU  18211.48173844  .00000304  00000-0  17428-3 0  9995
2 22509  71.1334 215.1918 0126952 261.1254 260.5604 14.13035299308070
1 22537U 92093GX  18211.72078106 +.00000251 +00000-0 +17406-3 0  9995
2 22537 071.1753 112.5077 0113337 143.9261 216.9574 14.04806063299288
1 22543U 92093HD  18211.83231572 +.00001025 +00000-0 +38206-3 0  9993
2 22543 071.3612 266.5075 0091404 255.3519 227.1997 14.31910636308830
1 22544U 92093HE  18212.47419572  .00001255  00000-0  47410-3 0  9995
2 22544  71.2456  20.8037 0126988 213.1717 167.1205 14.28817533302043
1 22545U 92093HF  18211.21491437 -.00000136  00000-0 -11829-3 0  9991
2 22545  71.5618 291.9227 0415969  20.1725   9.8891 13.37336919236912
1 22546U 92093HG  18211.50468401  .00001055  00000-0  36707-3 0  9990
2 22546  71.3762 233.5856 0083562 178.4861 181.6545 14.35642797310538
1 22547U 92093HH  18211.90577411 +.00001378 +00000-0 +33108-3 0  9997
2 22547 071.4370 020.4070 0060597 180.0864 180.0283 14.54013024324589
1 22549U 92093HK  18210.91160153 +.00000036 +00000-0 +43667-4 0  9992
2 22549 071.2287 045.6978 0112911 341.6875 084.2286 14.09855035304950
1 22551U 92093HM  18211.92815481 -.00000006 +00000-0 +28732-4 0  9992
2 22551 070.8632 187.7701 0096487 217.1036 142.3381 13.96128528301683
1 22552U 92093HN  18211.77355308  .00001784  00000-0  27021-3 0  9995
2 22552  71.0664 337.8206 0020517 151.0959 209.1337 14.75531730335097
1 22554U 92093HQ  18211.79798333  .00000929  00000-0  30939-3 0  9990
2 22554  71.4013 139.6933 0075171  40.6704 350.5858 14.38491054318580
1 22567U 93014C   18211.84043696  .00000190  00000-0  61247-4 0  9996
2 22567  75.7550 162.3200 0163357  47.2981 342.1938 14.35349567320656
1 22568U 93014D   18211.80404510  .00000212  00000-0  67107-4 0  9995
2 22568  75.7505 146.0960 0164340  41.3786 349.5598 14.35913308321058
1 22571U 92093HT  18212.30668298  .00001084  00000-0  49897-3 0  9999
2 22571  71.3559 320.5256 0138420 212.1872 147.0752 14.18262062292879
1 22574U 92093HW  18211.93390257 +.00000656 +00000-0 +40054-3 0  9997
2 22574 071.0872 046.8474 0143998 183.7153 247.4196 14.04534328296040
1 22575U 93016C   18212.32348635  .00000003  00000-0  43728-4 0  9999
2 22575  71.0033 171.9331 0208460 287.9941 224.2633 13.72610210269521
1 22576U 93016D   18211.92901034 -.00000032 +00000-0 +10738-4 0  9991
2 22576 070.9953 153.8032 0202143 318.5559 151.1912 13.72893828269544
1 22579U 93016G   18211.86592153 -.00000002  00000-0  14764-4 0  9995
2 22579  71.0302 157.3300 0107113   1.1956  30.2300 14.44200994333930
1 22598U 92093HX  18211.52957196  .00000089  00000-0  87485-4 0  9999
2 22598  70.6448 258.6814 0089868 128.9258 231.9910 14.01569871304010
1 22599U 93014E   18211.62272969  .00000258  00000-0  74773-4 0  9997
2 22599  75.7562  71.5967 0150310 274.9500  83.4520 14.41119192324153
1 22601U 93016K   18212.52028002 -.00000034  00000-0  67089-5 0  9996
2 22601  71.0438  36.3964 0175602  92.9159 269.2055 13.78399763274753
1 22602U 93016L   18211.61481545 -.00000010 +00000-0 +30948-4 0  9998
2 22602 071.0424 185.7635 0202580 240.1908 239.2028 13.73423633269837
1 22605U 93016P   18211.90445087 +.00000060 +00000-0 +80185-4 0  9996
2 22605 070.9992 022.5732 0132725 276.8804 236.8055 13.89848432284237
1 22606U 93016Q   18211.86273918 +.00000058 +00000-0 +80370-4 0  9997
2 22606 071.0012 171.8791 0150857 027.2930 005.0837 13.86582309280055
1 22609U 93016T   18211.19667050 +.00000083 +00000-0 +10070-3 0  9997
2 22609 070.9941 136.6838 0138389 031.4605 037.5909 13.87048461280664
1 22610U 93016U   18211.69167989 -.00000020 +00000-0 +21671-4 0  9992
2 22610 071.0025 298.6635 0212587 035.2243 326.2693 13.67682339265014
1 22611U 93016V   18212.47948684  .00000016  00000-0  53994-4 0  9996
2 22611  70.9930  31.0083 0172614 222.0086 167.5490 13.77592917273317
1 22612U 93016W   18212.46808993  .00000638  00000-0  32439-3 0  9994
2 22612  70.9838 307.1914 0087549   6.8906  92.3747 14.17700537297248
1 22613U 93016X   18211.34713773  .00000039  00000-0  75480-4 0  9991
2 22613  70.9991 168.6700 0199578 305.9286 210.6197 13.74847332269028
1 22614U 93016Y   18211.77887216 +.00000025 +00000-0 +55099-4 0  9992
2 22614 070.9999 127.0710 0130933 019.6369 011.3015 13.87453000280913
1 22615U 93016Z   18211.20850073 +.00000133 +00000-0 +13357-3 0  9992
2 22615 071.0037 124.4874 0137491 010.8299 139.0294 13.89923341281114
1 22616U 93016AA  18211.78551362 -.00000004 +00000-0 +37437-4 0  9999
2 22616 070.9951 143.1802 0189948 299.7381 088.0813 13.73299682269844
1 22617U 93016AB  18211.61409035 +.00000081 +00000-0 +96742-4 0  9999
2 22617 071.0024 141.8419 0138031 026.7856 035.3924 13.88573518280568
1 22618U 93016AC  18212.13699216  .00000005  00000-0  41028-4 0  9993
2 22618  70.9918 270.9452 0156410 122.8591 238.7681 13.81958305276912
1 22645U 93016AF  18212.33897149  .00000124  00000-0  13714-3 0  9992
2 22645  70.9888 332.1788 0173842 170.2057 222.1546 13.82653475274515
1 22665U 92093JA  18212.28049639  .00000176  00000-0  13461-3 0  9991
2 22665  71.0785 162.8168 0068263 141.3783  10.7549 14.05112070297369
1 22706U 93041C   18211.23122660  .00000158  00000-0  44054-4 0  9994
2 22706  89.2847 294.2889 0030414  30.0095 348.6920 14.41319089314930
1 22707U 93041D   18211.88674739 +.00000083 +00000-0 +28457-4 0  9991
2 22707 090.1019 253.6151 0145642 008.6936 351.6726 14.23509196299715
1 22801U 93050C   18212.49393116  .00004476  00000-0  36828-3 0  9991
2 22801  98.9825  43.5489 0002644   5.6586  24.4340 14.99758269314998
1 22804U 93059C   18212.02248028 -.00000057  00000-0 -12801-4 0  9992
2 22804  70.9737  57.3038 0213010 239.5262 275.5072 13.71315222244479
1 22805U 93059D   18211.63147387 -.00000072  00000-0 -27178-4 0  9995
2 22805  70.9717  89.9603 0214618 293.4521  90.5856 13.70049209243370
1 22806U 93059E   18211.99966531 -.00000009  00000-0  30730-4 0  9992
2 22806  71.0191  42.1028 0200205 136.1554 302.2570 13.73210122246193
1 22807U 93059F   18212.08771358 -.00000036  00000-0  65247-5 0  9997
2 22807  71.0164  79.4097 0207593 190.2081 323.6420 13.71902523245007
1 22812U 92093JB  18211.94362297 +.00000336 +00000-0 +24566-3 0  9991
2 22812 070.6886 191.0758 0139405 214.3606 144.8433 13.98850572279628
1 22816U 92093JC  18212.54434914  .00000901  00000-0  42448-3 0  9995
2 22816  71.4610  59.1295 0127800  23.5668   6.1884 14.18139523297685
1 22840U 91009CK  18211.07572056 -.00000163 +00000-0 -10740-2 0  9996
2 22840 073.9572 110.9441 0177820 036.9708 027.3659 12.38289237173085
1 22841U 91009CL  18212.25065191 -.00000004  00000-0  10379-3 0  9997
2 22841  74.0437 132.8106 0129917 328.5734 193.1934 12.22917708223103
1 22842U 91009CM  18211.58355517 +.00000054 +00000-0 +52827-3 0  9995
2 22842 073.8825 068.2378 0140291 137.4026 252.4425 12.35995439234437
1 22843U 91009CN  18209.90538598 +.00000097 +00000-0 +78080-3 0  9997
2 22843 074.0251 171.0298 0239184 005.8276 023.2150 12.37980175136706
1 22849U 92089D   18212.39976560  .00033179  10274-5  22545-3 0  9995
2 22849  34.9139 224.1730 2355217  66.5148 316.4704 10.86533424635443
1 22919U 88023D   18211.95932896 +.00000253 +00000-0 +19369-3 0  9999
2 22919 082.9473 033.0796 0034312 280.6567 232.5071 13.89593447407131
1 23007U 93036C   18211.61592887 +.00000135 +00000-0 +49660-4 0  9990
2 23007 074.0269 066.6071 0011744 000.9256 029.7689 14.41485496314710
1 23089U 94023C   18212.25564930 -.00000069  00000-0 -25862-4 0  9992
2 23089  71.0253 322.0206 0197241  97.1527 265.2045 13.73616179216582
1 23090U 94023D   18211.62993912 -.00000016 +00000-0 +24372-4 0  9996
2 23090 071.0331 286.9802 0191767 033.7588 327.5552 13.74990073217520
1 23091U 94023E   18211.94097317 +.00000014 +00000-0 +53068-4 0  9997
2 23091 070.9839 297.5049 0201486 168.5032 303.7472 13.73105785215908
1 23094U 94023F   18211.65251309 -.00000056  00000-0 -12746-4 0  9997
2 23094  70.9869 289.0041 0199956 126.5532  21.7826 13.73617999216488
1 23250U 94057D   18212.13004786  .00001003  00000-0  28516-3 0  9999
2 23250  98.2674 262.9809 0009430 118.3433 262.5342 14.47382614248531
1 23254U 90081CK  18210.96115392  .00000121  00000-0  55501-4 0  9996
2 23254  98.7625 215.0541 0072857 124.5201 266.2370 14.35985568271669
1 23258U 90081CP  18211.27324294  .00000051  00000-0  46545-4 0  9998
2 23258  98.6608 235.8969 0023047  53.5269 306.8026 14.16903494353947
1 23259U 90081CQ  18211.84110098  .00000225  00000-0  11183-3 0  9999
2 23259  98.5589 233.8178 0019606 158.9088 201.2905 14.26017634399240
1 23260U 90081CR  18212.55383604  .00000907  00000-0  17507-3 0  9998
2 23260  98.0427 234.7209 0016004  46.7704 106.1249 14.65687108417798
1 23261U 90081CS  18212.02718137  .00000483  00000-0  15791-3 0  9996
2 23261  98.4045 233.1199 0027405 108.7753 281.6249 14.42543371425404
1 23263U 91009CU  18211.80184494  .00000122  00000-0  14309-2 0  9990
2 23263  74.1488 152.4872 0156237 263.3212 124.2750 12.10435317 92146
1 23264U 91009CV  11247.18235453 -.00000004 +00000-0 +10000-3 0  9991
2 23264 074.0774 302.6485 0239508 199.8045 159.3673 12.11746773779443
1 23265U 91009CW  18212.44265212  .00000107  00000-0  10285-2 0  9993
2 23265  73.9987  25.1356 0155312 314.3715  69.7603 12.28309649226315
1 23275U 92093JF  18212.07440526  .00000041  00000-0  58283-4 0  9999
2 23275  71.2445 238.5559 0104682  58.8444 302.2884 13.96283901259336
1 23282U 92093JG  18211.04917171  .00000782  00000-0  34234-3 0  9999
2 23282  71.1865 166.2844 0087778 247.6989 210.8831 14.24737044261783
1 23292U 85118P   18211.49587204 -.00000038 +00000-0 -48702-4 0  9991
2 23292 065.4216 358.4381 5521980 088.0303 331.1032 04.44960528411593
1 23293U 85118Q   18210.23317512 -.00000086 +00000-0 -18122-3 0  9991
2 23293 065.3973 297.0402 5679726 006.1845 005.8929 04.26825023382675
1 23297U 85118U   18209.53075191 +.00000048 +00000-0 +00000-0 0  9999
2 23297 067.1039 250.5590 4934030 096.1806 320.0814 04.68810575425340
1 23302U 92093JH  18212.33913248  .00000075  00000-0  68446-4 0  9994
2 23302  71.1291 329.1319 0127018  14.0779  17.1074 14.06047323249036
1 23303U 93059G   18209.32028138 +.00000898 +00000-0 +11984-3 0  9995
2 23303 071.1073 165.1987 0021099 297.7000 212.5798 14.82520440317808
1 23344U 94074C   18211.64832416  .00000048  00000-0  21513-4 0  9995
2 23344  98.2859 264.9021 0128544  17.0227 133.5512 14.53748616254710
1 23345U 94074D   18212.33232733  .00000085  00000-0  39586-4 0  9999
2 23345  97.8217 243.1515 0196798 191.9424 232.3901 14.30262671236366
1 23346U 94074E   18211.77884451  .00000093  00000-0  42429-4 0  9996
2 23346  98.3783 329.3515 0182090   8.0090 352.3934 14.33502824238669
1 23347U 94074F   18212.09364649  .00000023  00000-0  15069-4 0  9998
2 23347  97.7704  72.6336 0136247 125.6135  31.5415 14.50743704252483
1 23406U 94077C   18211.63774295 -.00000032  00000-0  91888-5 0  9993
2 23406  71.0318 281.3987 0201477  53.5654  95.0460 13.72729568186272
1 23407U 94077D   18212.51280416 -.00000050  00000-0 -75588-5 0  9999
2 23407  71.0328 270.5856 0199985  16.1324  46.5291 13.73090124186732
1 23408U 94077E   18211.95292052 +.00000042 +00000-0 +80266-4 0  9993
2 23408 070.9879 300.5311 0211906 131.8514 338.5698 13.70631592184264
1 23410U 94077G   18211.81400644  .00000008  00000-0  50297-4 0  9992
2 23410  70.9816   8.0787 0223491 212.1856 216.9050 13.68132702182321
1 23418U 94077J   18211.16455351  .00000046  00000-0  53260-4 0  9998
2 23418  71.0078  32.9198 0078408 194.4402 165.4477 14.07792844222743
1 23433U 94083C   18211.87839517 +.00000112 +00000-0 +45173-4 0  9998
2 23433 074.0071 223.6283 0010368 148.9193 280.4249 14.38785192235619
1 23434U 94083D   18211.82860486 +.00000091 +00000-0 +42311-4 0  9990
2 23434 074.0314 359.6140 0011504 164.6342 351.9752 14.33645581231561
1 23457U 94089B   18211.81784890 +.00002284 +00000-0 +25071-3 0  9993
2 23457 098.9109 340.1089 0002350 143.6544 216.4830 14.88888384242069
1 23485U 94085H   18210.33986517  .00000303  00000-0  96507-2 0  9997
2 23485  64.6588 197.7665 0142456 290.1804  68.3846 11.29606937972140
1 23486U 94085J   18212.03990435  .00000613  00000-0  19054-1 0  9996
2 23486  64.9137  61.1194 0165850  75.2088  77.1203 11.25102892968703
1 23487U 94085K   18210.76440144 -.00000024 +00000-0 +51285-3 0  9993
2 23487 064.9371 262.4440 0164560 027.8588 070.6601 11.30361735973816
1 23492U 94085Q   18212.08231936 -.00000035  00000-0  21429-3 0  9992
2 23492  64.9471 245.1330 0172043  12.3384  17.0976 11.31110221974653
1 23493U 94085R   18212.50483921 -.00000043  00000-0 -14026-4 0  9999
2 23493  64.9373 228.6901 0138428  23.8957 130.0811 11.31656247975060
1 23494U 94085S   18209.27796134 +.00005686 +00000-0 +10954+0 0  9990
2 23494 064.9424 302.3589 0278653 278.0265 108.1069 11.55885785249580
1 23495U 94085T   18211.66854337 +.00000006 +00000-0 +13151-2 0  9993
2 23495 065.0241 285.5206 0189794 290.8035 224.5646 11.31027001974270
1 23535U 95015C   18212.39483593  .00000859  00000-0  22480-3 0  9997
2 23535  98.6704  13.6319 0005489  64.8558 295.3205 14.51912591220771
1 23564U 94085V   18212.31010010 -.00000075  00000-0 -82638-3 0  9990
2 23564  64.9940 160.9618 0200101 313.4499 202.2222 11.34801363962472
1 23706U 95058C   18211.72764421 -.00000073 +00000-0 -28062-4 0  9995
2 23706 071.0024 322.6621 0199601 171.8126 338.9601 13.73683215139954
1 23707U 95058D   18211.86802522 -.00000032 +00000-0 +10716-4 0  9997
2 23707 070.9980 004.8075 0207347 232.5166 280.7984 13.71848997138553
1 23708U 95058E   18212.45566313 -.00000012  00000-0  27515-4 0  9992
2 23708  71.0523 295.5394 0185245  58.8058  41.5931 13.75999071142377
1 23709U 95058F   18212.36709385 -.00000007  00000-0  31984-4 0  9990
2 23709  71.0412 342.5626 0197614 139.2731 254.3616 13.74074070140612
1 23975U 94029V   18212.16459895  .00001258  00000-0  11885-3 0  9993
2 23975  82.4449 122.5031 0184265 186.1954 173.6984 14.80806848146481
1 23986U 94029AG  18211.58899139  .00000332  00000-0  25111-4 0  9999
2 23986  82.0454  69.1882 0071340 163.2163 227.5398 14.96957540197434
1 24007U 94029BC  18211.82908869  .00000142  00000-0  11731-4 0  9994
2 24007  81.9266 339.3147 0081410 357.3516 155.7659 14.88880141195827
1 24051U 94029CY  18212.43617255  .00000355  00000-0  93351-4 0  9991
2 24051  81.2929 302.5286 0461835  23.1345  88.2505 13.98445595112168
1 24091U 94029EN  18212.09113435  .00000189  00000-0  16202-4 0  9993
2 24091  81.9986  66.7582 0085898 347.8735 177.9847 14.89236092200928
1 24097U 94029EU  18212.10194080  .00000523  00000-0  31540-4 0  9990
2 24097  81.9976 134.8240 0069612 208.3624 151.3807 15.06604006205038
1 24102U 94029EZ  18211.89529943 +.00014657 +00000-0 +15419-3 0  9991
2 24102 081.8630 014.6976 0007996 295.0048 065.0378 15.64102348241504
1 24126U 94029FZ  18211.57519883  .00000355  00000-0  90232-4 0  9991
2 24126  81.8099 150.4703 0358014  12.6546 107.5334 14.16375155144782
1 24129U 94029GC  18212.51163295  .00000180  00000-0  46312-4 0  9997
2 24129  81.4796 249.5114 0593521 342.0372  69.0889 13.75614036103108
1 24138U 94029GM  18211.84594711 +.00001242 +00000-0 +10541-3 0  9997
2 24138 081.5592 076.9713 0118165 201.8147 157.8017 14.91837118168656
1 24151U 94029HA  18211.93463050 +.00000214 +00000-0 +35244-4 0  9999
2 24151 082.0207 075.0584 0167465 059.3641 302.3948 14.56588515173334
1 24163U 94029HN  18211.52162907 +.00000846 +00000-0 +55266-4 0  9991
2 24163 082.0578 052.5561 0049239 066.7693 321.7653 15.05501146200812
1 24165U 94029HQ  18211.75352577  .00000345  00000-0  64232-4 0  9999
2 24165  82.1854 333.0400 0275385  52.8650 309.7356 14.40410455141396
1 24197U 94029JY  18211.58841215 +.00000169 +00000-0 +18819-4 0  9991
2 24197 082.0917 270.0210 0089308 318.0622 206.8023 14.78345097270462
1 24213U 94029KL  18211.56090208  .00000158  00000-0  36588-4 0  9997
2 24213  81.4665 255.8942 0586905  36.3968 327.5633 13.77975898764287
1 24227U 94029LA  18211.89011223 +.00000134 +00000-0 +15983-4 0  9998
2 24227 082.0462 005.4423 0162257 087.4016 062.5546 14.66243088179139
1 24236U 94029LK  18211.56985449  .00000295  00000-0  48885-4 0  9997
2 24236  81.4439 255.0212 0459554 148.2184 214.7632 14.15162967124234
1 24239U 94029LN  18211.97971545  .00000301  00000-0  53847-4 0  9999
2 24239  81.5240 209.0665 0226296  69.0963 322.7838 14.48171813157677
1 24284U 95058G   18212.21225609  .00000033  00000-0  39422-4 0  9998
2 24284  70.8630  49.8301 0011616 158.1793 201.9828 14.18673994175768
1 24299U 96051C   18211.71066354 -.00000004 +00000-0 +35288-4 0  9997
2 24299 071.0403 327.2643 0190029 171.4575 188.9842 13.75202730098929
1 24300U 96051D   18212.10747985 -.00000013  00000-0  27935-4 0  9990
2 24300  71.0317 353.8427 0197517 229.2635 241.1855 13.74022035 98225
1 24301U 96051E   18212.50108727 -.00000024  00000-0  18959-4 0  9998
2 24301  70.9952  21.8294 0210659 288.2089 100.9188 13.71848410 96515
1 24302U 96051F   18211.96758545 -.00000058 +00000-0 -14418-4 0  9991
2 24302 070.9860 046.8346 0209616 343.8437 168.7442 13.70505029095187
1 24340U 94029NR  18211.90636756 +.00001115 +00000-0 +50302-3 0  9993
2 24340 081.5744 065.9471 0897269 261.5747 155.9363 13.00796985150061
1 24378U 94029QF  18211.46221359 +.00000118 +00000-0 +18900-4 0  9995
2 24378 082.0316 116.4369 0174356 165.0622 195.5823 14.53232507280087
1 24487U 94029UL  18212.26153064  .00016828  00000-0  20092-3 0  9991
2 24487  81.9348 193.3466 0019448 127.3910 232.9120 15.60637970205810
1 24529U 94029WD  18212.21797699  .00000126  00000-0  12075-4 0  9998
2 24529  81.9794 126.6589 0124611 271.8851 240.9044 14.79565291826262
1 24581U 94029YH  18210.79302262  .00000238  00000-0  88208-4 0  9990
2 24581  81.5481 231.4256 0806047  56.8559  58.4199 13.21836222 54246
1 24594U 94029YW  18211.82478575  .00000320  00000-0  75847-4 0  9997
2 24594  81.4719 157.7464 0531874  90.5138 304.1572 13.89215385106378
1 24602U 94029ZE  18211.96447174  .00000548  00000-0  18654-3 0  9997
2 24602  81.5306  85.5526 0787710 116.0519 252.3851 13.30260963 61953
1 24679U 94085Y   18211.54128743 -.00000039  00000-0  93423-4 0  9999
2 24679  64.9815 231.6562 0190196 329.2839 108.5722 11.32228005940664
1 24682U 94029AAQ 18211.38694958 +.00001335 +00000-0 +16824-3 0  9997
2 24682 082.1258 354.0758 0165644 228.2288 130.4667 14.72029491157627
1 24703U 94085Z   18211.59244949  .00000053  00000-0  28334-2 0  9991
2 24703  64.7333  72.2330 0218404 292.1055  92.1501 11.20685873910047
1 24752U 91006C   18211.52928611  .00000129  00000-0  10866-3 0  9999
2 24752  82.9159  44.2367 0023857 184.4392 206.3495 13.80498347154239
1 24756U 97012B   18212.07346765  .00008923  00000-0  44081-3 0  9997
2 24756  98.8241  30.3724 0006015  99.5418  51.9670 15.18151954127979
1 24778U 97012E   18211.72688606  .00000235  00000-0  76065-4 0  9991
2 24778  98.7881 131.8547 0004537 138.3910 251.8465 14.48065958112560
1 24817U 94029ABU 18211.75494698 +.00000940 +00000-0 +27519-3 0  9991
2 24817 081.6934 135.1207 0417888 044.9251 345.4931 14.02490697115801
1 24866U 96051H   18211.90562620  .00000341  00000-0  21495-3 0  9992
2 24866  71.1225 189.8567 0062258 357.6484   2.4335 14.10077542126715
1 24893U 88032C   18211.93203971 +.00000597 +00000-0 +56484-4 0  9996
2 24893 097.5094 243.6775 0037010 192.5946 287.4497 14.96745437397586
1 24911U 81070M   18211.75343920  .00000053  00000-0 -50410-4 0  9992
2 24911  90.0127  35.9213 6190411  92.5052   5.2967  3.52202490269559
1 24973U 94029ACF 18212.03477407  .00000297  00000-0  65322-4 0  9995
2 24973  82.0193 159.5171 0337873  87.1202  37.2319 14.23951384138704
1 24974U 92053C   18211.39052145  .00000108  00000-0  51047-4 0  9997
2 24974  74.0531 234.2279 0024346 234.8055 185.0463 14.30775685109725
1 24978U 94029ACL 18211.38610305 +.00000444 +00000-0 +49734-4 0  9996
2 24978 081.4459 357.8732 0333652 006.7991 353.7560 14.52041614133860
1 24980U 94029ACN 18211.56790282 +.00000731 +00000-0 +14417-3 0  9990
2 24980 081.5927 176.4649 0303053 131.7345 231.0189 14.35819290131126
1 24985U 94029ACT 18210.85051365 +.00000246 +00000-0 +80280-4 0  9991
2 24985 081.5191 161.4291 0663759 334.3841 022.5740 13.54998197207949
1 24996U 94029ADD 18210.65453320 +.00000932 +00000-0 +22545-3 0  9999
2 24996 082.1949 100.7118 0341413 138.5143 224.2506 14.22061238084770
1 25027U 92053D   18212.31075924  .00000114  00000-0  46382-4 0  9993
2 25027  74.0321  28.9930 0003332 136.0252 287.7669 14.38140243114962
1 25028U 93036D   18212.43164403  .00000103  00000-0  44479-4 0  9993
2 25028  74.0418 204.7116 0009431  31.3886 120.0988 14.36155821190633
1 25057U 90036C   18210.90126587  .00000075  00000-0  54693-4 0  9990
2 25057  82.9408   9.5607 0021769  44.5478 108.5656 13.82417041313252
1 25085U 91009CX  18211.49211032 +.00000086 +00000-0 +89867-3 0  9999
2 25085 074.1090 233.4886 0182384 303.1383 210.2773 12.22968717058947
1 25187U 87068N   18211.70807739  .00000856  00000-0  38367-3 0  9995
2 25187  82.5506 202.5547 0009128 239.0417 120.9867 14.21527789 48834
1 25199U 87068AA  18212.51731550  .00000226  00000-0  21332-3 0  9990
2 25199  82.3645  47.9948 0096359 153.7575 206.8510 13.75198621 22922
1 25203U 87068AE  18211.50618769 +.00000238 +00000-0 +10009-3 0  9992
2 25203 082.2677 227.6708 0096556 274.3051 084.7101 14.20214818055935
1 25204U 87068AF  18211.93969093 +.00000247 +00000-0 +17600-3 0  9993
2 25204 082.4330 007.5282 0121342 125.9473 035.8723 13.90099212029367
1 25205U 87068AG  18211.87869619 +.00000107 +00000-0 +72142-4 0  9998
2 25205 082.5393 000.4341 0016020 059.9139 092.2825 13.91571933036237
1 25214U 87068AR  18211.73308213  .00000326  00000-0  20473-3 0  9993
2 25214  82.5462 311.7264 0012384 256.9547 267.4235 14.01758058 40667
1 25221U 87068AY  18211.90729623 +.00000089 +00000-0 +10063-3 0  9992
2 25221 082.2983 182.3772 0167996 144.7348 248.8093 13.53862144008666
1 25225U 87068BC  18211.76277683  .00001426  00000-0  83498-3 0  9992
2 25225  82.5072 328.5586 0081921  89.3371  62.7367 14.06008866 37618
1 25227U 87068BE  18211.77824383  .00000799  00000-0  38383-3 0  9995
2 25227  82.5330 220.1690 0013014 332.0113  28.0364 14.17802237 46911
1 25246U 87068BP  18210.21451484 +.00000320 +00000-0 +15922-3 0  9996
2 25246 082.2519 293.4917 0084079 187.7781 202.4391 14.12600886049628
1 25254U 93059H   18211.91279694  .00000101  00000-0  68455-4 0  9998
2 25254  70.9880  27.5692 0014534  65.9298  83.6746 14.21333722 88658
1 25255U 81043D   18211.97319510  .00000216  00000-0  11815-3 0  9991
2 25255  81.2802  79.8597 0050098  77.7134 346.7484 14.07896946117096
1 25401U 98043H   18212.32460869  .00000076  00000-0  77519-4 0  9994
2 25401  98.5390 157.6471 0164899  47.1279 105.0296 13.93700417 19802
1 25402U 98043J   18211.84269869  .00000193  00000-0  15954-3 0  9992
2 25402  99.3222 181.2632 0153555 256.3583 114.9312 13.95804381 21232
1 25403U 98043K   18211.96109796 +.00000007 +00000-0 +38033-4 0  9996
2 25403 098.5177 022.2800 0212909 212.9623 301.2810 13.77714305007982
1 25409U 98045C   18212.14600271  .00000010  00000-0  47922-4 0  9990
2 25409  71.0790 254.4193 0192392  36.2207 355.5352 13.74430320  3637
1 25410U 98045D   18211.84885483 +.00000072 +00000-0 +11114-3 0  9999
2 25410 070.9798 266.4497 0210749 240.1173 233.5199 13.70834346000464
1 25411U 98045E   18211.84643676 -.00000038 +00000-0 +46627-5 0  9998
2 25411 070.9865 277.2030 0212869 212.5585 146.2241 13.70619662000288
1 25412U 98045F   18211.86986429 -.00000021  00000-0  19093-4 0  9995
2 25412  71.0779 214.9233 0184647  34.1935  34.1406 13.76124224  4572
1 25442U 94029ADX 18211.75865667 +.00000405 +00000-0 +85066-4 0  9992
2 25442 081.7655 226.0486 0283685 001.1967 358.9832 14.35363488137289
1 25444U 87068BX  18211.88613924  .00000141  00000-0  96092-4 0  9998
2 25444  82.5577   2.0335 0017503 347.1027 167.7251 13.93482546 25098
1 25445U 94029ADZ 18212.47750623  .00000058  00000-0  62621-5 0  9997
2 25445  81.9903  26.8314 0155484  18.1446  12.8008 14.60707603115456
1 25449U 94029AED 18211.46830690 +.00000383 +00000-0 +19142-3 0  9991
2 25449 082.1271 211.8173 0980375 042.0768 325.1529 12.79415324931636
1 25454U 87068CC  18211.43732585 +.00003497 +00000-0 +20927-2 0  9994
2 25454 082.1688 111.5216 0079327 116.8480 244.0829 14.05283602232645
1 25563U 90111D   18211.91739118 +.00000125 +00000-0 +50117-4 0  9991
2 25563 074.0494 186.0806 0022296 271.3819 120.9164 14.37937766444202
1 25655U 88032D   18211.69715593 +.00000300 +00000-0 +26136-4 0  9997
2 25655 097.4652 250.7667 0046787 032.0098 112.1240 15.03130287632557
1 25684U 85118X   18027.02647829  .00005695  00000-0  25521-2 0  9996
2 25684  64.4495 287.7503 5379769 188.3600 156.8939  4.93127622346924
1 25750U 94029AEG 18211.95660222 +.00002584 +00000-0 +13671-3 0  9998
2 25750 082.3688 083.9274 0070039 192.7974 167.1482 15.12850399026467
1 25803U 87079N   16106.46317271  .00002606  00000-0  94342-3 0  9993
2 25803  64.8295 121.1891 5131789  40.0895 348.3757  5.33888755350554
1 25804U 87079P   18210.20510185 +.00002743 +00000-0 +75469-3 0  9994
2 25804 064.9362 299.3699 4425386 333.8266 009.2985 06.53595064427617
1 25807U 87079S   18211.67911696  .00000211  00000-0  77380-3 0  9993
2 25807  65.3469 101.4453 5410771  98.2705 323.5724  4.63830897334960
1 25808U 87079T   18208.76414454 +.00001838 +00000-0 +21460-2 0  9993
2 25808 065.1168 119.9680 4761530 062.8907 337.5494 05.80133322094751
1 25809U 87079U   18207.63246095 +.00000637 +00000-0 +26240-3 0  9991
2 25809 065.1109 356.7118 4567104 319.6077 014.1198 06.27434236412883
1 25810U 87079V   18211.70985697  .00003691  00000-0  23249-2 0  9992
2 25810  64.4051  96.7683 4646517 137.7473 269.4436  6.06504953402268
1 25862U 99039C   18212.01609855  .00000033  00000-0  21177-4 0  9999
2 25862  97.7199  54.5435 0165993 299.0739  59.3914 14.39604272998392
1 25863U 99039D   18211.86544160 +.00000101 +00000-0 +40709-4 0  9997
2 25863 098.7171 228.6936 0156444 221.5353 263.3895 14.42090994999892
1 25864U 99039E   18212.50873782  .00000021  00000-0  20880-4 0  9994
2 25864  98.8252 215.3201 0173318  33.8005 115.9670 14.36739036996462
1 25865U 99039F   18211.92783222 +.00000079 +00000-0 +36120-4 0  9996
2 25865 097.7740 001.1498 0188194 148.6812 008.6508 14.32697832993470
1 25904U 94016D   18212.49814657  .00007344  58411-6  13504-3 0  9997
2 25904  34.5097 289.9044 2778601  61.4946 323.7214  9.90320016592566
1 25992U 99067B   18211.66540730 +.00000258 +00000-0 +10838-3 0  9990
2 25992 098.4303 280.7772 0005054 322.6891 190.1702 14.33722606970273
1 25993U 99067C   18211.62136354  .00000453  00000-0  17771-3 0  9990
2 25993  98.3277 252.9180 0003063 357.2647 156.3203 14.33839571969827
1 25999U 91068J   18211.74724024 +.00000105 +00000-0 +52412-3 0  9994
2 25999 082.6980 114.2271 0060522 106.3166 280.8359 12.61461613865505
1 26000U 91068K   18210.11115493 +.00000003 +00000-0 -48928-4 0  9998
2 26000 082.7189 256.3232 0041138 357.8396 030.5002 12.45021892845298
1 26002U 91068M   18212.46603006  .00000221  00000-0  83804-3 0  9994
2 26002  81.9675 223.8498 0142763 171.8400 344.2059 12.83971413877567
1 26003U 91068N   18211.84574427  .00001398  00000-0  73357-2 0  9997
2 26003  82.7107 171.3380 0187438  36.4782 351.0119 12.61394643860959
1 26004U 91068P   18211.98661083  .00000905  00000-0  44573-2 0  9999
2 26004  82.5773  46.5994 0091983 190.1728 323.6876 12.69603843865805
1 26005U 91068Q   18211.06650044  .00000040  00000-0  16718-3 0  9995
2 26005  82.6008  58.9748 0057758 174.9994 346.4596 12.61305150865342
1 26009U 91068U   18211.98918005  .00000196  00000-0  78600-3 0  9994
2 26009  82.4889 220.3977 0134121 105.7744 283.3652 12.79297872876406
1 26010U 91068V   18212.12432125  .00000041  00000-0  21587-3 0  9998
2 26010  82.7332 267.9971 0048980  10.0680  17.7921 12.44389025845968
1 26011U 91068W   18211.04551106 +.00000021 +00000-0 +63833-4 0  9999
2 26011 082.4259 318.2725 0055836 264.5100 217.8831 12.60790691864925
1 26013U 91068Y   18211.84936125 +.00000049 +00000-0 +23672-3 0  9993
2 26013 082.7153 172.4330 0025862 341.8626 046.5817 12.55212682861014
1 26015U 91068AA  18211.12004811  .00000024  00000-0  78193-4 0  9996
2 26015  82.4821 337.7128 0068604 196.5751 283.5188 12.62146682234518
1 26016U 91068AB  18212.31252532  .00000235  00000-0  80904-3 0  9990
2 26016  81.9091 160.0914 0241286  81.9522  68.0870 12.84615809251524
1 26018U 91068AD  18211.83612448 +.00000013 +00000-0 +20711-4 0  9999
2 26018 082.7120 247.1679 0019136 022.6125 101.3506 12.45338870223782
1 26019U 91068AE  18211.94705130 -.00000037 +00000-0 -32610-3 0  9991
2 26019 082.6509 278.3795 0277205 019.7924 096.3938 12.36452002218392
1 26020U 91068AF  18211.34989095 +.00000092 +00000-0 +42112-3 0  9998
2 26020 082.7332 162.3567 0114483 020.3142 133.6573 12.65648197231924
1 26021U 91068AG  18212.51338358  .00000175  00000-0  55189-3 0  9999
2 26021  81.7764  37.8393 0225941   8.0595  21.3501 12.91606768254716
1 26022U 91068AH  18212.10155390  .00000099  00000-0  49193-3 0  9991
2 26022  82.4622 333.7313 0082745 177.1559 304.3186 12.61572830235013
1 26023U 91068AJ  18212.26605140  .00000311  00000-0  19646-2 0  9998
2 26023  82.5790 132.1863 0009861 193.0560 324.4164 12.50656294227834
1 26024U 91068AK  18211.34284286  .00000239  00000-0  16323-2 0  9999
2 26024  82.7044 337.9050 0273080 104.8068 289.2421 12.33349196217969
1 26025U 91068AL  18211.79844330 -.00000102 +00000-0 -81867-3 0  9998
2 26025 082.7336 343.7271 0250828 061.1642 091.4196 12.34668951222470
1 26026U 91068AM  18211.37094385 +.00000152 +00000-0 +76913-3 0  9999
2 26026 082.5133 350.8395 0095628 190.2185 199.7004 12.63092398873527
1 26027U 91068AN  18211.70139347  .00000117  00000-0  84656-3 0  9999
2 26027  83.2858 304.3900 0119213 218.6482 298.6446 12.34042248859461
1 26028U 91068AP  18212.51570100  .00000040  00000-0  21009-3 0  9994
2 26028  82.6959 236.4563 0021454  28.3680 126.7792 12.45709055875722
1 26029U 91068AQ  18210.61867733 +.00000041 +00000-0 +18629-3 0  9990
2 26029 082.5714 081.0522 0040012 350.5484 036.9759 12.56244215881886
1 26030U 91068AU  18209.34811522 +.00000058 +00000-0 +24618-3 0  9998
2 26030 082.6754 066.8478 0083631 039.5850 082.6371 12.66474718683544
1 26037U 87079W   18211.16026673 +.00001849 +00000-0 +87472-3 0  9996
2 26037 064.5666 156.9711 5660191 196.4152 133.0112 04.50349846331684
1 26073U 00006C   18211.79364429 +.00000001 +00000-0 +39718-4 0  9994
2 26073 071.0774 096.1501 0193055 119.0647 350.5756 13.73993285927008
1 26074U 00006D   18211.42949341 -.00000000 +00000-0 +41940-4 0  9997
2 26074 070.9636 118.2109 0215695 334.8611 138.0334 13.69453155964708
1 26075U 00006E   18211.95898444 +.00000013 +00000-0 +49643-4 0  9994
2 26075 071.0642 053.5543 0188840 132.4026 298.8890 13.75626723928021
1 26076U 99040E   17074.46332275  .00001517  00000-0  19240-3 0  9997
2 26076  28.4404 131.4014 4523444 168.3218 207.3582  6.44511073299833
1 26077U 00006G   18211.96941269 -.00000018 +00000-0 +24008-4 0  9995
2 26077 070.9698 054.9756 0206710 253.7559 176.2676 13.72593714925969
1 26078U 99040F   18208.42727957 +.00000316 +00000-0 +42257-4 0  9991
2 26078 028.4212 160.3135 4508742 215.9404 103.1577 06.43818684305198
1 26079U 00004G   18211.87930354 +.00000068 +00000-0 +37608-4 0  9992
2 26079 100.2115 355.1867 0034124 099.7736 051.9586 14.43678248971790
1 26111U 87020DS  18206.23975240 +.00000004 +00000-0 +15439-3 0  9996
2 26111 073.6022 299.5086 0030939 044.9056 344.0775 12.42434813424680
1 26122U 99057J   18211.86703223 -.00000365 +00000-0 -27314-3 0  9993
2 26122 098.9225 270.2617 0539550 087.9236 334.0319 13.37469188894764
1 26123U 99057K   18211.90084632 +.00000113 +00000-0 +37932-4 0  9992
2 26123 098.5781 096.9077 0068638 114.3558 246.4823 14.53699616971264
1 26125U 99057M   18211.84376021  .00000255  00000-0  14219-3 0  9992
2 26125  99.0754 158.4973 0260245   0.5890  17.5494 14.03684276938292
1 26126U 99057N   18211.62031306 +.00000173 +00000-0 +67870-4 0  9994
2 26126 098.6123 175.5068 0106420 111.8459 304.8161 14.38016177961414
1 26127U 99057P   18211.86399778 +.00000289 +00000-0 +81839-4 0  9990
2 26127 098.1374 347.2428 0116395 030.0695 120.3265 14.48677630965106
1 26128U 99057Q   18211.68311424 +.00000167 +00000-0 +29539-4 0  9997
2 26128 098.6419 112.3730 0036525 250.2796 139.4998 14.80966584987678
1 26132U 99057U   18211.84978220  .00000486  00000-0  17557-3 0  9993
2 26132  98.8172 205.5838 0140508 182.5258 299.5115 14.32823658953923
1 26134U 99057W   18211.78309212 +.00000197 +00000-0 +17151-3 0  9996
2 26134 098.9844 180.4443 0436288 251.9014 228.7163 13.59818756909300
1 26140U 99057AC  18211.91982687 +.00000404 +00000-0 +11856-3 0  9998
2 26140 099.3633 165.3873 0200784 132.9874 266.3285 14.39011522957973
1 26142U 99057AE  18212.06332633 -.00000006  00000-0  19504-4 0  9995
2 26142  98.6757 247.6031 0308363  55.6260 339.0840 13.84036015925980
1 26143U 99057AF  18211.81044192 +.00000072 +00000-0 +92522-4 0  9991
2 26143 098.9608 056.9174 0483295 215.7976 209.5061 13.45234918900538
1 26147U 99067E   18212.21989649  .00000227  00000-0  80114-4 0  9992
2 26147  98.8104 117.3385 0005415 223.0405 294.6044 14.44121650973748
1 26150U 99057AL  18211.92149494 +.00000290 +00000-0 +21178-3 0  9992
2 26150 099.0125 004.1733 0360434 171.3358 343.9282 13.75813381919121
1 26152U 99057AN  18209.15197404 -.00000331  00000-0 -25484-3 0  9992
2 26152  99.2006  86.8573 0527748 253.2221 265.3646 13.35656548893289
1 26155U 99057AR  18211.91317671 +.00000967 +00000-0 +29211-3 0  9997
2 26155 098.6048 194.9891 0189008 122.6150 269.4553 14.34874992954384
1 26175U 99057BM  18211.55282653 +.00000053 +00000-0 +63701-4 0  9999
2 26175 098.7222 229.4670 0337869 284.5990 230.5129 13.76792202922684
1 26178U 99057BQ  18212.26762090  .00000817  00000-0  12674-3 0  9999
2 26178  98.4837 128.7411 0044416 144.0576   7.2351 14.75488291974484
1 26181U 99057BT  18212.14339140  .00000034  00000-0  17806-4 0  9990
2 26181  98.6417 267.1290 0014781 353.4267  32.0717 14.59703767977274
1 26184U 99057BW  18211.86713809  .00000060  00000-0  35065-4 0  9995
2 26184  98.6852 166.5257 0109791 146.5537 238.9869 14.34634067960649
1 26187U 99057BZ  18211.18536766  .00000105  00000-0  22413-4 0  9991
2 26187  98.6286  34.7975 0057677 158.4606 201.9049 14.78420138988033
1 26188U 99057CA  18212.16666422  .00003080  00000-0  21888-3 0  9993
2 26188  98.8177 144.7494 0024309  87.6043  20.0311 15.05409773981068
1 26191U 99057CD  18212.39021403  .00000151  00000-0  58492-4 0  9994
2 26191  98.6354 184.9695 0099161  15.1727 137.4001 14.41122480963053
1 26193U 99057CF  18211.87624550 +.00000389 +00000-0 +54928-4 0  9993
2 26193 098.5641 350.0677 0011485 270.7249 240.5208 14.83345852986034
1 26194U 99057CG  18212.51436397  .00000102  00000-0  30513-4 0  9993
2 26194  97.8569 216.9374 0052884  37.0811 114.1086 14.59496630975196
1 26196U 99057CJ  18210.62789338 -.00000041 +00000-0 +27661-6 0  9996
2 26196 098.8346 260.3073 0344448 341.9120 168.9088 13.75896199920786
1 26198U 99057CL  18211.73907005 +.00000133 +00000-0 +48910-4 0  9993
2 26198 098.5077 175.9823 0075878 166.1027 194.2277 14.45930358965900
1 26199U 99057CM  18211.18502638  .00000263  00000-0  74160-4 0  9996
2 26199  98.4967 195.6884 0085248 109.1150 310.8771 14.51766631966960
1 26200U 99057CN  18211.90233107 +.00000174 +00000-0 +44234-4 0  9991
2 26200 097.9375 190.2256 0056324 020.9136 339.4351 14.60752404975000
1 26202U 99057CQ  18211.76561571 +.00000092 +00000-0 +46415-4 0  9998
2 26202 098.6020 145.3266 0110957 191.2418 199.1383 14.33624350958934
1 26203U 99057CR  18211.94243326 +.00000036 +00000-0 +28591-4 0  9997
2 26203 098.3145 090.2092 0111954 243.1871 184.6349 14.30220806957275
1 26205U 99057CT  18211.32586006  .00000082  00000-0  12072-3 0  9993
2 26205  99.1702 171.6265 0651737 213.8957 141.8853 13.09398348875959
1 26207U 99057CV  18211.53373966  .00000382  00000-0  10354-3 0  9991
2 26207  98.6203 222.9612 0106779 307.3269 204.7885 14.50496647963885
1 26208U 99057CW  18212.15925595  .00000043  00000-0  22586-4 0  9997
2 26208  98.1694 166.3313 0075301 305.5885 181.5192 14.49741210969936
1 26209U 99057CX  18210.87849861 +.00000034 +00000-0 +17812-4 0  9992
2 26209 098.6663 231.9551 0030805 002.4022 119.8900 14.60401362976660
1 26211U 99057CZ  18211.55856514  .00000013  00000-0  44618-4 0  9995
2 26211  98.8892 234.0129 0547390 196.5994 325.3835 13.31317829890958
1 26218U 99057DG  18211.80798498 +.00000670 +00000-0 +14677-3 0  9996
2 26218 098.6878 161.1425 0078424 214.4858 145.1238 14.59468378969221
1 26231U 99057DV  18211.64510976 -.00000326  00000-0 -20941-4 0  9998
2 26231  98.7169 274.6465 0044847 304.5662 208.7997 14.97450309994469
1 26233U 99057DX  18211.43679859 +.00000994 +00000-0 +97731-4 0  9993
2 26233 098.5968 028.7574 0007930 166.1448 224.2090 14.94757656988395
1 26234U 99057DY  18211.79759440 +.00000037 +00000-0 +21254-4 0  9993
2 26234 098.7307 195.2914 0012551 031.9705 088.1395 14.51880847972360
1 26235U 99057DZ  18212.39464449  .00000435  00000-0  83053-4 0  9990
2 26235  98.5231 173.9219 0028781  95.7644  55.4544 14.68965085978385
1 26239U 99057ED  18212.21791417  .00003878  00000-0  28345-3 0  9999
2 26239  97.9737 311.7880 0027267  65.5465 317.1886 15.03966439981771
1 26241U 99057EF  18212.05538461  .00000012  00000-0  20010-4 0  9991
2 26241  98.6263 147.5869 0111672 200.5512 221.5323 14.32157436959494
1 26257U 99057ET  18211.87764095  .00000560  00000-0  57607-4 0  9991
2 26257  98.5330   1.5167 0012033 106.4477 253.8064 14.94815311988178
1 26259U 99057EV  18212.47049608  .00000316  00000-0  89619-4 0  9993
2 26259  98.5901 207.6642 0088659 228.5883 284.0645 14.50429026965188
1 26260U 99057EW  18211.94368493 +.00000393 +00000-0 +10798-3 0  9998
2 26260 098.5366 204.7164 0085217 229.7990 129.5724 14.50688804964890
1 26262U 99057EY  18212.22961985  .00000300  00000-0  80459-4 0  9997
2 26262  98.5392 207.0300 0066225  72.7195 350.7261 14.54230489967534
1 26265U 99057FB  18212.13183328  .00000096  00000-0  44424-4 0  9991
2 26265  98.6957 177.2306 0105639 107.6683  25.5261 14.37778678960765
1 26266U 99057FC  18211.77481843  .00000292  00000-0  84641-4 0  9997
2 26266  98.6172 204.9707 0100100 265.6568  93.3182 14.49402729964496
1 26268U 99057FE  18211.09277153 +.00000391 +00000-0 +58575-4 0  9998
2 26268 098.7281 071.6958 0008419 213.7289 146.3386 14.80945186982423
1 26270U 99057FG  18210.94908492 +.00000579 +00000-0 +11492-3 0  9995
2 26270 098.3262 212.0486 0066464 253.3374 106.0525 14.64837306970732
1 26272U 99057FJ  18211.94517448 +.00000353 +00000-0 +88164-4 0  9996
2 26272 098.5017 210.3736 0080276 049.6775 341.0229 14.55956105968155
1 26275U 99057FM  18211.70196453  .00000594  00000-0  11171-3 0  9992
2 26275  98.2150 207.1764 0067989 177.0603 239.0926 14.66948925971911
1 26280U 99057FS  18211.84436042 +.00000008 +00000-0 +17629-4 0  9999
2 26280 098.6454 165.1388 0088918 060.5162 328.0872 14.36163761961130
1 26283U 99057FV  18211.40086522 +.00000250 +00000-0 +80610-4 0  9997
2 26283 098.5770 187.9094 0088673 244.4359 271.9770 14.45805317964291
1 26284U 99057FW  18211.80154270  .00000776  00000-0  11511-3 0  9994
2 26284  98.0988 214.7499 0047697 274.3716  85.2045 14.77306429976015
1 26286U 99057FY  18212.43498725  .00000220  00000-0  65680-4 0  9993
2 26286  98.4761 187.9572 0075687  72.9082  78.6780 14.50922249968862
1 26300U 99057GL  18211.89450191  .00000300  00000-0  83390-4 0  9991
2 26300  98.4696 192.0613 0081438 104.3834 288.9133 14.51682589967144
1 26306U 99057GP  18211.82421774 +.00000034 +00000-0 +25841-4 0  9996
2 26306 098.6403 162.2825 0100310 070.7569 320.8628 14.35908905960002
1 26310U 99057GT  18211.90649112  .00000100  00000-0  43461-4 0  9990
2 26310  98.6568 187.4658 0099083  14.2004  13.5307 14.41309363962005
1 26313U 99057GW  18211.39955451 +.00000213 +00000-0 +69628-4 0  9990
2 26313 098.5546 187.8427 0085554 224.7117 290.3973 14.46612217964929
1 22477U 92093FS  18211.11790528  .00000408  00000-0  74163-4 0  9998
2 22477  70.8687 189.4033 0068620  87.7965   9.5058 14.71382969351345
1 22478U 92093FT  18210.11893944 +.00001038 +00000-0 +18879-3 0  9995
2 22478 071.3184 100.7317 0037545 234.6771 125.0870 14.68147751336573
1 22480U 92093FV  18211.29921792  .00000383  00000-0  13180-3 0  9993
2 22480  71.1187 151.4068 0076109 335.7412 184.2479 14.40523316318833
1 22481U 92093FW  18209.75565825 +.00005334 +00000-0 +50546-3 0  9991
2 22481 071.2602 115.8413 0029564 073.8368 286.6048 14.93736239323729
1 22493U 92093GC  18210.69607023 +.00000089 +00000-0 +39014-4 0  9996
2 22493 071.0409 095.8067 0107757 132.0264 229.0111 14.44436356354810
