1 30293U 99025ZE  18210.67884466 +.00000236 +00000-0 +95064-4 0  9992
2 30293 099.2185 161.4359 0096636 066.0396 057.9271 14.35164491602694
1 30294U 99025ZF  18211.82482542  .00000031  00000-0  25144-4 0  9995
2 30294  98.5051 259.9414 0214429   0.4348  55.9018 14.28609603600668
1 30295U 99025ZG  18212.31617081  .00000018  00000-0  26819-4 0  9994
2 30295  98.8148 239.1075 0095555 335.5963 152.8451 14.23067072598920
1 30297U 99025ZJ  18212.11736918  .00000195  00000-0  78419-4 0  9994
2 30297  98.7553 272.3064 0527097 347.3086  38.8112 13.82286027577264
1 30298U 99025ZK  18211.60318463 +.00000777 +00000-0 +49971-3 0  9995
2 30298 099.1262 251.3592 0075776 103.7971 047.0310 14.04737220589265
1 30299U 99025ZL  18212.56976074  .00000474  00000-0  35257-3 0  9996
2 30299  99.3034 232.4766 0114666 201.2116 311.6737 13.97066282586393
1 30300U 99025ZM  18211.91991105 +.00000529 +00000-0 +32470-3 0  9994
2 30300 099.1075 197.9290 0094930 313.9621 074.5039 14.08002078589668
1 30301U 99025ZN  18211.74289612 +.00000845 +00000-0 +46388-3 0  9993
2 30301 098.5823 032.4897 0124647 142.9791 349.8707 14.10376529590183
1 30302U 99025ZP  18211.59606691  .00000785  00000-0  58156-3 0  9996
2 30302  98.5540 263.4727 0135012  86.5851 275.0744 13.93614770584172
1 30303U 99025ZQ  18211.96947226  .00000440  00000-0  27328-3 0  9995
2 30303  99.1329 212.8397 0093580 306.7163  52.5437 14.08343468590187
1 30304U 99025ZR  18211.70623181 +.00000259 +00000-0 +18421-3 0  9991
2 30304 099.2113 217.8769 0088706 356.1418 003.9055 14.04730655589407
1 30305U 99025ZS  18212.50893613 -.00000022  00000-0  17242-4 0  9990
2 30305  98.5721  91.9728 0266095 306.0978 173.3918 13.59165746572173
1 30306U 99025ZT  18212.37983343  .00000436  00000-0  21851-3 0  9994
2 30306  98.8281 258.7790 0135570 193.6403 166.1093 14.16934776594973
1 30308U 99025ZV  18211.66270839 +.00004957 +00000-0 +17782-2 0  9995
2 30308 100.2762 012.9094 0112774 248.2610 110.6533 14.30980970587420
1 30309U 99025ZW  18211.90057031  .00000123  00000-0  12898-3 0  9995
2 30309  99.4227 201.2747 0093838 250.2433 108.8587 13.91762567585858
1 30310U 99025ZX  18211.83946706 +.00000001 +00000-0 +23037-4 0  9998
2 30310 098.9710 272.0443 0255562 338.7535 020.3167 14.02491592589541
1 30311U 99025ZY  18211.81865971  .00000021  00000-0  56026-4 0  9997
2 30311  98.9246  45.6934 0168176 143.7650 337.8201 13.76046227579344
1 30312U 99025ZZ  18212.41120458  .00000561  00000-0  27783-3 0  9995
2 30312  98.9337 195.1233 0018011  79.3606  85.9029 14.21300456595352
1 30313U 99025AAA 18212.11080689  .00000608  00000-0  37131-3 0  9994
2 30313  99.0827 255.4169 0066040  34.2223 351.1640 14.08797129590722
1 30314U 99025AAB 18212.47329225  .00000281  00000-0  22227-3 0  9993
2 30314  98.3918 232.5198 0148117 313.0147  45.8683 13.93800084585695
1 30315U 99025AAC 18212.53044779  .00000060  00000-0  52312-4 0  9993
2 30315  98.8399 242.3761 0037092 153.8189   4.4201 14.16143115596054
1 30316U 99025AAD 18212.10825662  .00000458  00000-0  20456-3 0  9999
2 30316  98.7998 261.2883 0060795  45.9190 314.6971 14.26576907597919
1 30317U 99025AAE 18211.93158890 -.00000160 +00000-0 -70656-4 0  9992
2 30317 098.9481 239.8120 0024554 266.1239 212.8507 14.05776285591846
1 30318U 99025AAF 18211.87186222 +.00005106 +00000-0 +64480-3 0  9996
2 30318 098.9694 086.7175 0026107 090.5978 269.8223 14.82188069605268
1 30319U 99025AAG 18212.23041822  .00001387  00000-0  59828-3 0  9991
2 30319  98.2900 300.6135 0081769 259.3871 120.0986 14.24231866593561
1 30320U 99025AAH 18211.92037896 -.00000204 +00000-0 -10959-3 0  9995
2 30320 099.3433 192.5317 0087866 066.9097 321.5361 13.97093055588083
1 30321U 99025AAJ 18211.57987231 +.00000042 +00000-0 +44348-4 0  9992
2 30321 098.8106 242.1427 0063244 006.9547 144.5566 14.13701776594832
1 30322U 99025AAK 18211.91437900 +.00000237 +00000-0 +18355-3 0  9998
2 30322 098.4020 245.5428 0138648 257.1614 101.4030 13.96929080586736
1 30325U 99025AAL 18210.84957876 +.00000088 +00000-0 +77789-4 0  9992
2 30325 099.0243 235.9535 0015209 269.0619 090.8807 14.08306489591060
1 30326U 99025AAM 18212.13210858  .00000005  00000-0  36277-4 0  9995
2 30326  98.6527 279.1028 0143837 162.9418 197.6647 13.84413599582247
1 30327U 99025AAN 18211.59118723  .00000849  00000-0  54131-3 0  9997
2 30327  98.4124 254.1933 0143892 220.7593 293.9444 14.01131970586356
1 30328U 99025AAP 18212.56755941 -.00000067  00000-0 -12458-4 0  9996
2 30328  98.9271 239.7869 0004713 221.5506 290.0320 14.11346536593045
1 30329U 99025AAQ 18211.75382435 +.00000093 +00000-0 +11173-3 0  9990
2 30329 099.2285 131.8971 0146069 037.7194 343.1893 13.84475583581420
1 30330U 99025AAR 18212.17438723  .00000357  00000-0  35953-3 0  9996
2 30330  98.9766 327.4798 0206364 154.4003 326.5631 13.74464405576208
1 30331U 99025AAS 18211.72499194 +.00000283 +00000-0 +23268-3 0  9990
2 30331 099.2686 236.2507 0099946 168.9366 254.9170 13.95199928585601
1 30332U 99025AAT 18212.32348449  .00000001  00000-0  44324-4 0  9999
2 30332  99.4424 141.5570 0180571 272.1637 249.9534 13.74301157577375
1 30333U 99025AAU 18212.47081924  .00000892  00000-0  92915-4 0  9995
2 30333  98.8903 283.9437 0150582 200.7967 282.1422 14.85106393617419
1 30334U 99025AAV 18211.75967828  .00000311  00000-0  29117-3 0  9991
2 30334  98.8911  28.0970 0162320  52.1892  67.7926 13.82785024579523
1 30335U 99025AAW 18212.06896215  .00000074  00000-0  76937-4 0  9997
2 30335  98.9962 239.3201 0086928  40.1489 338.8897 14.00012090589261
1 30336U 99025AAX 18212.56197747  .00000089  00000-0  67154-4 0  9994
2 30336  98.8948 241.8266 0046120 153.1837 358.9263 14.16017018595322
1 30338U 99025AAZ 18212.37924862  .00000482  00000-0  12203-3 0  9992
2 30338  98.7844 262.3010 0346351 205.3540 220.2639 14.25492379596745
1 30339U 99025ABA 18211.91106750 +.00000578 +00000-0 +32331-3 0  9990
2 30339 099.0437 236.3729 0032326 209.3766 271.2726 14.14536014592207
1 30340U 99025ABB 18211.50801081  .00000064  00000-0  63604-4 0  9994
2 30340  99.2534 207.2287 0147837  25.2695 129.3964 14.03487513590195
1 30341U 99025ABC 18212.28138788  .00000337  00000-0  21326-3 0  9995
2 30341  99.2175 323.7302 0070068  91.4390 297.3343 14.09754838590209
1 30342U 99025ABD 18212.33315880  .00000113  00000-0  14932-3 0  9999
2 30342 100.1524 168.5162 0174627 176.0045 350.8229 13.76444112578468
1 30343U 99025ABE 18212.48038153  .00000662  00000-0  96406-4 0  9997
2 30343  99.0523 212.1575 0202011 191.3974 322.7204 14.67256886610624
1 30344U 99025ABF 18211.40284167  .00000714  00000-0  32660-3 0  9996
2 30344  98.8891 193.8440 0015878  46.7963 117.2887 14.24623668595849
1 30345U 99025ABG 18211.89277259 +.00000591 +00000-0 +29849-3 0  9992
2 30345 098.9056 176.8739 0023470 089.4424 270.9441 14.19950601594160
1 30346U 99025ABH 18211.39319623 +.00000298 +00000-0 +17532-3 0  9990
2 30346 098.9349 272.1808 0076640 172.6456 247.1728 14.13954788592313
1 30347U 99025ABJ 18211.89680764  .00000038  00000-0  55739-4 0  9997
2 30347  98.3965 240.3283 0150742 298.3434 186.1050 13.91613909585329
1 30348U 99025ABK 18211.53783698  .00000562  00000-0  30392-3 0  9998
2 30348  99.0067 240.2316 0022698 175.4538 348.2509 14.16606311592982
1 30349U 99025ABL 18212.22066455 -.00000053  00000-0 -83922-5 0  9997
2 30349  98.6115 305.4717 0095523   2.0037  26.6369 13.97415873585495
1 30350U 99025ABM 18210.40370521 +.00000134 +00000-0 +13554-3 0  9999
2 30350 098.1157 007.9122 0230330 130.8600 260.4512 13.78398759578419
1 30352U 99025ABP 18211.55756351 -.00000092 +00000-0 -28367-4 0  9991
2 30352 099.0573 237.8621 0027768 298.3095 214.0368 14.05960881590676
1 30355U 99025ABS 18210.12060821 +.00000184 +00000-0 +12009-3 0  9991
2 30355 098.8040 254.3879 0058872 088.1143 288.8694 14.12799510592796
1 30356U 99025ABT 18211.81560352 -.00000003  00000-0  23584-4 0  9995
2 30356  98.8528 254.6605 0056353 344.0298  74.9172 14.07505701591161
1 30357U 99025ABU 18211.29039531  .00000278  00000-0  20188-3 0  9997
2 30357  99.1212 234.8044 0049058 271.6067 147.1572 14.04155005590202
1 30358U 99025ABV 18210.98291851  .00000478  00000-0  29629-3 0  9999
2 30358  98.7432 101.4623 0096289 301.5361 126.4088 14.07622431589443
1 30359U 99025ABW 18211.59727329  .00000662  00000-0  60515-3 0  9996
2 30359 101.6266  85.8676 0188205  91.4538 300.8112 13.80436637578598
1 30360U 99025ABX 18210.58792789 +.00000359 +00000-0 +21600-3 0  9993
2 30360 098.9679 252.8407 0034848 264.7473 250.0138 14.12943686593033
1 30361U 99025ABY 18211.82854485 +.00000393 +00000-0 +21585-3 0  9994
2 30361 098.8181 264.5901 0076041 208.3909 213.9519 14.15924318594518
1 30362U 99025ABZ 18212.27415353  .00000637  00000-0  47594-3 0  9991
2 30362  99.0449 127.5490 0109274 215.4186 297.8082 13.95636337585133
1 30363U 99025ACA 18211.96861044  .00000295  00000-0  20339-3 0  9997
2 30363  99.1969 215.4961 0095887 351.3980   8.5539 14.04978665589523
1 30364U 99025ACB 18212.00818323  .00000304  00000-0  13671-3 0  9998
2 30364  98.0978  42.1348 0431079 355.7384 159.1280 13.88590156581107
1 30365U 99025ACC 18212.33667433  .00000048  00000-0  40671-4 0  9995
2 30365  98.7388 243.9122 0171989 289.8076 200.9506 14.16387016595031
1 30366U 99025ACD 18211.97100338  .00000092  00000-0  55142-4 0  9999
2 30366  99.0278   1.9617 0069977  97.9298   0.1635 14.27346542599074
1 30368U 99025ACF 18212.03957006  .00000105  00000-0  13847-3 0  9991
2 30368  98.9943  57.6923 0188656 218.7433 298.5080 13.73657041577129
1 30369U 99025ACG 18211.90302177  .00000084  00000-0  69418-4 0  9992
2 30369  98.8572 241.1223 0100945 263.4485 219.8740 14.10072223593233
1 30370U 99025ACH 18211.85958875 +.00000348 +00000-0 +21441-3 0  9996
2 30370 099.0791 184.1694 0112291 319.6308 058.5180 14.09140673591040
1 30371U 99025ACJ 18210.98775171  .00000387  00000-0  20307-3 0  9999
2 30371  98.8207 250.2717 0007533 199.7518 245.7577 14.19921239596268
1 30372U 99025ACK 18211.51920197 +.00000858 +00000-0 +19537-3 0  9996
2 30372 099.0624 163.1804 0067492 132.5396 228.1526 14.57481605606084
1 30373U 99025ACL 18212.47973840  .00001417  00000-0  25545-3 0  9994
2 30373  99.0970 209.8107 0073007  26.4319 130.5131 14.66715646608229
1 30374U 99025ACM 18211.85697921 +.00000505 +00000-0 +19059-3 0  9999
2 30374 099.2769 167.0879 0060398 137.9213 249.5805 14.35053898601456
1 30375U 99025ACN 18211.76960920  .00000171  00000-0  74308-4 0  9990
2 30375  98.5493 143.6710 0016135 279.4765  80.4597 14.35731912598153
1 30377U 99025ACQ 18212.53992942  .00000372  00000-0  28113-3 0  9992
2 30377  99.1721 241.0041 0123185 106.2812  49.2542 13.96687091586345
1 30379U 99025ACS 18212.04269784 -.00000104  00000-0 -35837-4 0  9998
2 30379  99.0215 240.6377 0036067 262.4617 126.5147 14.05706548589962
1 30380U 99025ACT 18211.88995102 +.00000041 +00000-0 +23360-4 0  9997
2 30380 098.8967 088.1631 0193523 350.5479 009.2089 14.44564849606599
1 30381U 99025ACU 18207.50988389 +.00000413 +00000-0 +28219-3 0  9991
2 30381 099.0402 239.7400 0061090 069.8966 290.8761 14.04469976542527
1 30382U 99025ACV 18211.66341910 +.00000265 +00000-0 +13334-3 0  9994
2 30382 098.7939 277.7585 0174899 196.8093 317.8022 14.16790330593585
1 30385U 99025ACY 18211.08629104  .00000063  00000-0  37541-4 0  9990
2 30385  99.0527  74.1182 0133408 250.0481 265.5970 14.33798244601618
1 30386U 99025ACZ 18212.52263951  .00000478  00000-0  60778-3 0  9992
2 30386  98.6532  50.9894 0322873 229.1456 157.0589 13.47943918565330
1 30387U 99025ADA 18211.53555516 +.00000073 +00000-0 +63805-4 0  9990
2 30387 098.9231 240.3284 0000905 098.7851 062.7019 14.12491268592986
1 30388U 99025ADB 18211.93678508 +.00000180 +00000-0 +91592-4 0  9995
2 30388 098.8923 245.5061 0236557 201.8477 280.4518 14.13996642593508
1 30389U 99025ADC 18211.91097736 +.00000531 +00000-0 +26535-3 0  9996
2 30389 098.9559 204.0358 0019176 090.9581 298.8588 14.21069836593980
1 30390U 99025ADD 18211.60606525  .00000397  00000-0  22692-3 0  9996
2 30390  99.0150 247.1560 0081231 287.1319 238.7172 14.13774499592490
1 30391U 99025ADE 18211.91466701 +.00000416 +00000-0 +26683-3 0  9997
2 30391 099.0197 249.7570 0078771 285.8863 198.4621 14.07354344589487
1 30392U 99025ADF 18212.56901856 -.00000005  00000-0  22903-4 0  9992
2 30392  99.0545 243.6619 0189908 307.4912 205.8965 14.02611801589206
1 30393U 99025ADG 18211.59786226 +.00000193 +00000-0 +16452-3 0  9995
2 30393 099.3260 193.1638 0072568 047.6189 016.5684 13.98033663587050
1 30394U 99025ADH 18211.78917130  .00000199  00000-0  17850-3 0  9996
2 30394  99.2417 157.4284 0090629 180.7631 198.5402 13.93847747586142
1 30395U 99025ADJ 18211.36074258  .00000049  00000-0  63798-4 0  9993
2 30395  99.1976 241.0337 0164655 186.6909 243.1841 13.93494039585342
1 30396U 99025ADK 18211.76323435 -.00000003  00000-0  27616-4 0  9992
2 30396  98.3061 130.1692 0135386   2.4683  26.5991 13.86429755582929
1 30397U 99025ADL 18212.46596635  .00000225  00000-0  18845-3 0  9993
2 30397  98.3789 206.3206 0164600  12.3971 138.6312 13.90710689583258
1 30398U 99025ADM 18212.32897491 -.00000035  00000-0  10171-4 0  9998
2 30398  99.7700 351.2495 0178701  65.6065 327.3114 13.75537122577565
1 30400U 99025ADP 18212.22839769  .00000892  00000-0  56805-3 0  9998
2 30400  99.1606 125.9702 0284068 109.6290  41.9399 13.88058333580427
1 30401U 99025ADQ 18211.75665282  .00000010  00000-0  22358-4 0  9992
2 30401  98.8976 334.8908 0109903 340.0867  19.6039 14.25946706599434
1 30403U 99025ADS 18211.67269627 +.00000442 +00000-0 +29015-3 0  9993
2 30403 099.1900 214.4716 0094588 354.1612 005.8445 14.05256929588764
1 30404U 99025ADT 18211.99919787  .00000155  00000-0  27048-3 0  9993
2 30404  99.6655  35.2926 0388524 131.7110  20.6564 13.30622877559285
1 30405U 99025ADU 18212.06181809  .00000443  00000-0  25376-3 0  9991
2 30405  98.9208 280.2970 0061798 288.7763 188.4777 14.13712942592901
1 30406U 99025ADV 18212.51841039  .00000260  00000-0  33819-3 0  9998
2 30406  98.5919  49.0314 0298371 129.6627 261.7606 13.51870037567641
1 30408U 99025ADX 12057.81159816 +.00002657 +00000-0 +22255-2 0  9992
2 30408 099.0583 001.7104 0127655 181.7986 178.2567 13.85370304257644
1 30409U 99025ADY 18212.15942454  .00000124  00000-0  10080-3 0  9998
2 30409  98.6111 332.0319 0172323 345.5375 135.0708 13.98885485587840
1 30411U 99025AEA 18210.14250534 +.00000289 +00000-0 +22970-3 0  9992
2 30411 098.5601 270.6830 0148602 058.9352 302.6300 13.93205504583696
1 30413U 99025AEC 18211.79738637  .00000607  00000-0  37656-3 0  9992
2 30413 102.0774 183.4919 0061530 178.4413 299.3100 14.10237548590623
1 30414U 99025AED 18212.18993839  .00000348  00000-0  20979-3 0  9996
2 30414  99.0473 286.8364 0076466 273.9975 111.9537 14.11948261591137
1 30415U 99025AEE 18212.54833069  .00000441  00000-0  51003-3 0  9991
2 30415  99.8122 230.7058 0244708 284.7262 242.0284 13.62987768571830
1 30416U 99025AEF 18211.55376132 -.00000210  00000-0 -10895-3 0  9995
2 30416  99.1531 240.2820 0054962  84.1180 276.6246 14.00882036589300
1 30417U 99025AEG 18211.58915765 +.00000044 +00000-0 +47050-4 0  9997
2 30417 098.7778 244.0999 0065329 229.0039 283.4382 14.12003650593762
1 30418U 99025AEH 18211.73894008 +.00000213 +00000-0 +47576-4 0  9992
2 30418 098.7915 133.4140 0163554 154.9563 236.6030 14.60107944611677
1 30419U 99025AEJ 18211.47994042  .00000212  00000-0  14043-3 0  9994
2 30419  99.3350  25.8525 0056065  11.9532   5.3083 14.11766610593333
1 30420U 99025AEK 18211.90705889 +.00000306 +00000-0 +45172-4 0  9995
2 30420 098.9446 269.8870 0164653 326.1912 085.0077 14.75628167615309
1 30423U 99025AEN 18211.27605726 +.00001001 +00000-0 +32398-3 0  9995
2 30423 098.5438 141.6686 0070725 128.5802 025.5943 14.39752532599912
1 30429U 99025AEQ 18211.70110249  .00001879  00000-0  24143-3 0  9992
2 30429  99.1528 307.3366 0062973 253.7752 105.6522 14.81364682612889
1 30432U 99025AET 18212.32178975  .00000221  00000-0  93876-4 0  9995
2 30432  98.8688 344.7432 0091604 316.1400  72.9902 14.32881276601786
1 30434U 99025AEV 18211.98636786  .00000029  00000-0  56919-4 0  9990
2 30434  99.1090 251.8927 0123492 336.5291 141.7315 13.88478505583577
1 30435U 99025AEW 18211.77505306 +.00000166 +00000-0 +20164-3 0  9995
2 30435 099.0389 319.3335 0230523 003.8003 148.2267 13.68143245572619
1 30436U 99025AEX 18212.09737689  .00000671  00000-0  43854-3 0  9995
2 30436  98.4201 253.6889 0130836 228.4291 150.0192 14.01274154586198
1 30437U 99025AEY 18212.48255411  .00000610  00000-0  19913-3 0  9999
2 30437  98.9814  36.3309 0077557 275.7907 111.5507 14.40808997602918
1 30438U 99025AEZ 18210.31133782 +.00000395 +00000-0 +35770-3 0  9995
2 30438 098.8417 338.1298 0143957 307.5332 051.2815 13.84777027579967
1 30439U 99025AFA 18211.76453550 +.00000035 +00000-0 +48220-4 0  9990
2 30439 098.9925 241.9511 0038343 338.4436 082.3501 14.05897006589425
1 30441U 99025AFC 18211.46846174 +.00000089 +00000-0 +11916-3 0  9998
2 30441 098.9425 035.1585 0188918 190.3208 169.4040 13.74888021578518
1 30442U 99025AFD 18212.09913887  .00000410  00000-0  25038-3 0  9993
2 30442  98.9907 268.5945 0068915  15.7421  14.5371 14.10454206591503
1 30443U 99025AFE 18211.71508541 +.00000590 +00000-0 +32728-3 0  9992
2 30443 098.7973 131.2438 0033958 147.5042 212.8231 14.14702675592217
1 30444U 99025AFF 18211.89948240  .00000299  00000-0  12463-3 0  9996
2 30444  99.2848  13.1882 0251616  82.9230  76.7128 14.18217327591423
1 30445U 99025AFG 18211.95360316  .00000073  00000-0  36121-4 0  9994
2 30445  98.9363  26.9007 0121948 102.6929 258.7921 14.39813046603938
1 30446U 99025AFH 18212.54746334  .00000422  00000-0  19692-3 0  9990
2 30446  98.8214 255.8844 0047928  58.0417 302.5409 14.25101915597498
1 30447U 99025AFJ 18211.97983168  .00000569  00000-0  25539-3 0  9994
2 30447  98.9188 309.0380 0099849 324.3946 124.2957 14.23832397595760
1 30448U 99025AFK 18211.94811727 +.00000485 +00000-0 +26454-3 0  9997
2 30448 099.0042 242.3033 0024142 177.1673 300.8730 14.16793663590963
1 30450U 99025AFM 18212.07975385  .00000305  00000-0  71755-4 0  9992
2 30450  98.3631 256.2101 0232159 200.9053 188.3881 14.46622771605729
1 30451U 99025AFN 18212.04207451  .00001268  00000-0  32481-3 0  9993
2 30451  98.9310  46.4010 0059931 220.4191 291.8030 14.51243301603888
1 30452U 99025AFP 18212.51711897  .00000679  00000-0  29844-3 0  9994
2 30452  99.3241 104.4641 0087900 106.1682  19.7702 14.25062159595585
1 30453U 99025AFQ 18211.94959672 +.00000282 +00000-0 +16606-3 0  9998
2 30453 099.0383 244.1943 0132767 315.7844 163.8652 14.11797180591571
1 30454U 99025AFR 18211.62139906  .00000669  00000-0  43813-3 0  9993
2 30454  98.1352  80.0130 0215038 267.0101 119.8115 13.94423531583045
1 30455U 99025AFS 18211.87880981  .00009240  00000-0  24520-3 0  9995
2 30455  98.7930   6.5512 0068604 135.9378 224.7358 15.36192747625395
1 30462U 99025AFZ 18212.08254187  .00000267  00000-0  17882-3 0  9993
2 30462  98.8789 243.0420 0141955 236.8625 139.6865 14.04423314590129
1 30464U 99025AGB 18211.82834583  .00000067  00000-0  61943-4 0  9996
2 30464  99.1487 219.4861 0109258 253.6819 231.8248 14.09433830592141
1 30465U 99025AGC 18211.76279326  .00000426  00000-0  23725-3 0  9992
2 30465  99.0077 240.7522 0023592 184.6976 236.2903 14.16305262591860
1 30466U 99025AGD 18211.81241002 +.00000317 +00000-0 +18010-3 0  9999
2 30466 098.8949 258.3020 0133364 144.6761 277.5333 14.12252885592797
1 30467U 99025AGE 18211.59829860  .00000166  00000-0  11755-3 0  9990
2 30467  98.9461 248.9416 0071358 195.0204 323.2148 14.09603378592097
1 30468U 99025AGF 18212.57557446  .00000259  00000-0  17423-3 0  9999
2 30468  99.1256 245.9031 0086727  51.8055  99.2490 14.07526232588807
1 30469U 99025AGG 18211.80688892 +.00000245 +00000-0 +20469-3 0  9994
2 30469 098.4889 244.3929 0172198 056.6972 358.7657 13.89710256582611
1 30471U 99025AGJ 18212.54071007  .00000561  00000-0  38160-3 0  9991
2 30471  99.2187 245.1939 0095400 166.4220 359.8517 14.02077371586666
1 30472U 99025AGK 18211.88297934 +.00000338 +00000-0 +15821-3 0  9998
2 30472 098.8120 262.7491 0060734 068.6393 343.7208 14.25642850595117
1 30473U 99025AGL 18209.94061733 +.00000832 +00000-0 +36367-3 0  9996
2 30473 098.8855 205.0846 0014750 038.4530 351.5283 14.26514235594601
1 30474U 99025AGM 18212.46753194  .00000581  00000-0  30978-3 0  9990
2 30474  99.0015 199.8715 0027690 159.9228 352.6268 14.17182792592239
1 30475U 99025AGN 18211.89402868  .00000389  00000-0  24960-3 0  9996
2 30475  98.9788 247.6436 0044724 333.5012 150.7096 14.08728253590248
1 30476U 99025AGP 18212.39037315  .00000496  00000-0  31371-3 0  9997
2 30476  99.0394 167.2623 0050344 297.0791 216.0038 14.08236055589112
1 30477U 99025AGQ 18211.83849521  .00000114  00000-0  23635-3 0  9997
2 30477  99.4115 166.9345 0442472 221.9603 165.3983 13.18334778552341
1 30478U 99025AGR 18211.77614259  .00001590  00000-0  23950-3 0  9998
2 30478  98.9270 155.0335 0055709 293.7210  94.3129 14.75105968607929
1 30480U 99025AGS 18212.18032337  .00000104  00000-0  49774-4 0  9991
2 30480  98.5436 284.7819 0173443 198.9031 187.5638 14.29944042602122
1 30481U 99025AGT 18212.36248488  .00000098  00000-0  42021-4 0  9998
2 30481  98.6283 249.1447 0246764 323.5607 153.3770 14.30782746599876
1 30483U 99025AGV 18212.01590764  .00003701  00000-0  30699-3 0  9990
2 30483  98.9822 239.1078 0102233  38.5947 322.2520 14.95585067612561
1 30484U 99025AGW 18211.92467634 +.00001544 +00000-0 +24332-3 0  9999
2 30484 099.0190 192.4453 0063341 308.3223 051.2297 14.72914756609293
1 30485U 99025AGX 18212.32166073  .00001127  00000-0  38452-3 0  9993
2 30485  98.9789 351.0056 0134410 182.1026 197.9709 14.33567860598978
1 30486U 99025AGY 18212.04512212  .00000358  00000-0  46518-4 0  9991
2 30486  98.8770 241.6422 0177023 228.7594 160.1862 14.78299760616279
1 30489U 99025AHB 18212.45301284  .00000016  00000-0  28624-4 0  9993
2 30489  98.7852 284.0636 0144871  44.5234  85.8707 14.13219522594037
1 30490U 99025AHC 18211.88096457 +.00000554 +00000-0 +12886-3 0  9993
2 30490 098.5032 278.1943 0219137 166.0247 257.7842 14.45362301602617
1 30491U 99025AHD 18210.08043305 +.00001085 +00000-0 +40583-3 0  9994
2 30491 101.5185 074.4840 0037812 043.7503 316.6657 14.34592238596432
1 30492U 99025AHE 18212.52000097  .00000544  00000-0  31844-3 0  9996
2 30492 102.3382 235.9141 0174886 323.3788 197.2866 14.07646644587597
1 30493U 99025AHF 18211.99520469  .00000309  00000-0  28231-3 0  9992
2 30493  98.5828 225.3664 0198148 358.1570  32.7870 13.81351228578347
1 30494U 99025AHG 18211.32241659 -.00000117 +00000-0 -69559-4 0  9999
2 30494 099.5186 247.6608 0196274 070.0496 292.1676 13.73070526574865
1 30495U 99025AHH 18212.27380730  .00000414  00000-0  84996-3 0  9998
2 30495 102.2426 322.5203 0599891 323.3642  60.3365 12.87130785540140
1 30496U 99025AHJ 18212.19774865  .00000182  00000-0  32502-4 0  9995
2 30496  98.8427 193.9956 0187390 286.7745  71.2974 14.70558705615342
1 30497U 99025AHK 18211.06955957 +.00005386 +00000-0 +48590-3 0  9998
2 30497 099.1300 250.8197 0046629 066.3071 294.3028 14.95237552608509
1 30498U 99025AHL 18210.39741216 +.00000530 +00000-0 +41202-3 0  9994
2 30498 099.2659 193.0605 0113019 304.9684 221.9261 13.94138684583476
1 30499U 99025AHM 18211.67285620 +.00001349 +00000-0 +26588-3 0  9998
2 30499 098.9633 107.6789 0117734 067.8015 325.4182 14.60122431604158
1 30500U 99025AHN 18211.50715392  .00000436  00000-0  28548-3 0  9991
2 30500  99.2113 219.3200 0085313  97.5549  55.1590 14.05775304587574
1 30501U 99025AHP 18212.33247703  .00000332  00000-0  21149-3 0  9995
2 30501  98.9240 146.4303 0048585 256.9740 259.3859 14.09907159590243
1 30503U 99025AHR 18211.55700299  .00000087  00000-0  70671-4 0  9996
2 30503  99.0014 319.8688 0008022 288.1637 137.1666 14.13242323593266
1 30504U 99025AHS 18209.35527594 +.00000079 +00000-0 +60164-4 0  9994
2 30504 098.9673 167.0464 0118259 300.2238 214.1353 14.15391495593231
1 30505U 99025AHT 18212.04694372  .00000491  00000-0  30317-3 0  9998
2 30505  99.1227 237.1144 0071735 271.1425 115.3999 14.09030303589431
1 30506U 99025AHU 18211.91661059 -.00000088 +00000-0 -26014-4 0  9994
2 30506 098.9592 241.5009 0072142 349.7500 130.4044 14.06278129589696
1 30507U 99025AHV 18211.95439084 +.00000688 +00000-0 +42469-3 0  9995
2 30507 099.2069 217.3341 0144339 106.7048 285.8378 14.03698834587347
1 30508U 99025AHW 18212.12445288  .00000696  00000-0  21896-3 0  9999
2 30508  99.2320   5.9106 0270779  18.5646  32.7266 14.25099265593169
1 30509U 99025AHX 18210.08444729 +.00000276 +00000-0 +22363-3 0  9996
2 30509 098.4767 246.4818 0112878 044.1387 341.7781 13.94421842582270
1 30510U 99025AHY 18212.35420038  .00000137  00000-0  11672-3 0  9994
2 30510  99.0797 160.7361 0092168  58.2010  96.8931 14.00865947588302
1 30512U 99025AJA 18212.12721818  .00001285  00000-0  10131-3 0  9995
2 30512  98.7975 274.1772 0139858  52.3326 309.0483 14.95644981619175
1 30514U 99025AJC 18212.07638229  .00000076  00000-0  41933-4 0  9996
2 30514  98.7132 247.8523 0193092  78.1943 284.0824 14.26504467597864
1 30515U 99025AJD 18212.35869481  .00000255  00000-0  17565-3 0  9996
2 30515  98.4808  39.9048 0528247 289.9645 191.1351 13.54855968568674
1 30516U 99025AJE 18212.53982316  .00000537  00000-0  27885-3 0  9999
2 30516  98.9837 241.6650 0015283 130.2227  31.5430 14.19011602594224
1 30519U 99025AJH 18212.46329148  .00000389  00000-0  52521-4 0  9993
2 30519  98.8644 217.5293 0162951 238.5631 119.9558 14.77592810616892
1 30520U 99025AJJ 18211.71763439  .00000406  00000-0  66281-4 0  9995
2 30520  98.6816 124.4536 0160921 338.8907  51.3200 14.69168927613657
1 30521U 99025AJK 18211.75968332  .00000174  00000-0  54865-4 0  9996
2 30521  98.9500 131.5186 0163637  30.5032 330.5553 14.46279594606724
1 30522U 99025AJL 18211.22143618 +.00000845 +00000-0 +22449-3 0  9998
2 30522 099.3966 308.8144 0073067 327.1258 062.4099 14.50214092604968
1 30523U 99025AJM 18211.95778044 -.00000008 +00000-0 +12174-4 0  9993
2 30523 098.5258 255.3008 0255070 083.0350 035.5879 14.24224554597598
1 30524U 99025AJN 18212.54280562  .00000670  00000-0  66834-3 0  9998
2 30524  99.2847  63.5285 0249861 127.6278 234.7830 13.68373489572392
1 30525U 99025AJP 18211.48844389  .00000182  00000-0  24195-3 0  9996
2 30525  98.5772  45.7804 0310157  85.3585 278.2903 13.52103351567355
1 30526U 99025AJQ 18211.92225901 +.00000147 +00000-0 +22971-3 0  9990
2 30526 099.4210 026.1674 0317413 125.4581 237.6620 13.45954050564146
1 30527U 99025AJR 18212.09257160 -.00000069  00000-0 -37500-4 0  9992
2 30527 100.2645 260.7787 0426448  91.2618 302.5197 13.26175592556766
1 30528U 99025AJS 18211.81783721  .00000017  00000-0  28138-4 0  9997
2 30528  98.2472 263.3287 0152207  45.4566  18.9471 14.09391364592152
1 30529U 99025AJT 18211.09037309 +.00000282 +00000-0 +32003-3 0  9991
2 30529 098.4596 069.5133 0245660 176.5871 336.6691 13.64862959572244
1 30530U 99025AJU 18212.01588083  .00000078  00000-0  42488-4 0  9998
2 30530  98.7296 236.5363 0104508 186.2170 204.2671 14.33144812602365
1 30531U 99025AJV 18212.35634437  .00000911  00000-0  47518-3 0  9995
2 30531 102.3309 349.3232 0052826 217.1637 162.8898 14.17986778592947
1 30532U 99025AJW 18211.39874352 +.00001342 +00000-0 +60428-3 0  9995
2 30532 096.9835 016.1644 0154822 265.2954 093.0530 14.17284613591307
1 30533U 99025AJX 18212.12013039  .00000312  00000-0  15357-3 0  9992
2 30533  98.9053 271.0628 0136160  47.7388 342.7142 14.19673342594236
1 30538U 99025AKC 18212.40194291  .00019181  00000-0  21662-3 0  9998
2 30538  99.1490 196.2654 0057311 217.9478 141.7729 15.60502461625195
1 30539U 99025AKD 18212.48303604  .00000145  00000-0  52769-4 0  9990
2 30539  98.9350  39.9122 0141180  55.8358 305.6124 14.42889014604711
1 30540U 99025AKE 18211.11025785 +.00000546 +00000-0 +30855-3 0  9998
2 30540 098.9648 274.0678 0069873 187.8880 205.1492 14.13196711591243
1 30541U 99025AKF 18210.55742920 +.00000432 +00000-0 +25266-3 0  9997
2 30541 098.9173 249.8268 0020386 207.1064 152.9045 14.13494685592300
1 30542U 99025AKG 18211.52498885  .00000236  00000-0  17215-3 0  9991
2 30542  99.1032 234.5070 0027072 300.4554 215.3802 14.05730282591053
1 30543U 99025AKH 18211.87232904  .00000171  00000-0  13816-3 0  9999
2 30543  99.0538 237.6459 0072451 320.1218 164.8475 14.02068636588645
1 30545U 99025AKK 18211.99972649 -.00000010  00000-0  33071-4 0  9990
2 30545  98.9910  34.6977 0476921  33.4703 119.2738 13.19134560554682
1 30546U 99025AKL 18211.83143906  .00000457  00000-0  93642-4 0  9994
2 30546  98.8916 160.9699 0144833 192.0397 196.9805 14.60006463610314
1 30547U 99025AKM 18211.76492962  .00000119  00000-0  56356-4 0  9992
2 30547  98.6942 319.1757 0100686 217.4265 299.7509 14.33738737601183
1 30548U 99025AKN 18211.77404027 +.00000512 +00000-0 +30340-3 0  9990
2 30548 099.7218 195.9096 0081561 235.8864 249.9390 14.11089715589256
1 30549U 99025AKP 18211.36087157 +.00000472 +00000-0 +29349-3 0  9999
2 30549 098.4441 180.2661 0330198 127.1692 033.9262 13.84945694579299
1 30550U 99025AKQ 18211.24557240 +.00000397 +00000-0 +33711-3 0  9997
2 30550 099.1334 119.0222 0155447 053.1996 102.3264 13.87684516579435
1 30552U 99025AKS 18210.39010625 +.00000878 +00000-0 +42778-3 0  9992
2 30552 098.8975 269.9091 0023456 160.9288 258.2140 14.20614380592134
1 30553U 99025AKT 18212.08584913  .00000655  00000-0  25240-3 0  9995
2 30553  99.1516  78.7817 0038710 159.1954 201.0814 14.33530002597378
1 30554U 99025AKU 18211.72955780  .00001243  00000-0  38498-3 0  9993
2 30554  98.8192 310.1318 0033527 270.7961 252.7077 14.42734704598586
1 30555U 99025AKV 18211.10966133 +.00000360 +00000-0 +22841-3 0  9994
2 30555 098.9828 252.5159 0047899 343.9715 033.7409 14.09705514589130
1 30556U 99025AKW 18211.62375392 +.00000093 +00000-0 +92862-4 0  9997
2 30556 098.9675 264.9740 0065105 145.3778 007.4470 13.98616775586047
1 30557U 99025AKX 18211.86351065 +.00000611 +00000-0 +42846-3 0  9997
2 30557 099.1076 263.8022 0074959 150.0573 266.1142 14.00843447585355
1 30558U 99025AKY 18211.47273473  .00000421  00000-0  68644-3 0  9994
2 30558  99.4565 198.3768 0443386 237.8567 280.1714 13.20089687551883
1 30560U 99025ALA 18211.90772170  .00000036  00000-0  39262-4 0  9990
2 30560  98.7704 242.5131 0119951 351.9468 129.2041 14.14032849593081
1 30561U 99025ALB 18211.02243315  .00000207  00000-0  14336-3 0  9992
2 30561  98.9066 241.4260 0062826 158.3163 221.7179 14.08520110590606
1 30562U 99025ALC 18212.43632878  .00000333  00000-0  20896-3 0  9993
2 30562  98.9611 267.3272 0068559 347.5212 140.8402 14.10122331589962
1 30563U 99025ALD 18211.89255595 +.00001452 +00000-0 +27009-3 0  9996
2 30563 099.0897 194.5247 0064787 090.9398 299.9400 14.65609956605985
1 30564U 99025ALE 18211.92070866 +.00000159 +00000-0 +11063-3 0  9993
2 30564 099.0004 254.2965 0227118 046.1658 074.6206 13.99615567585933
1 30565U 99025ALF 18211.53884316  .00000432  00000-0  31343-3 0  9991
2 30565  98.4591 244.4332 0162493 348.4901 176.4427 13.95127822582841
1 30566U 99025ALG 18211.84797080 +.00000350 +00000-0 +25456-3 0  9994
2 30566 099.1769 173.9275 0076666 059.9412 330.3925 14.01490090585942
1 30567U 99025ALH 18212.04625785  .00000012  00000-0  32002-4 0  9991
2 30567  98.8656 244.1276 0112043 206.4799 182.6278 14.06250286589267
1 30568U 99025ALJ 18211.70002890 +.00000791 +00000-0 +39044-3 0  9996
2 30568 098.9363 285.5859 0027774 073.1589 077.9302 14.20176592592375
1 30569U 99025ALK 18212.37850296  .00000750  00000-0  31338-3 0  9995
2 30569  98.8148 263.3723 0026908 134.6575 225.6805 14.28963736595562
1 30570U 99025ALL 18210.73658319 +.00000191 +00000-0 +13246-3 0  9994
2 30570 099.0152 238.4616 0035827 268.0036 155.6300 14.10384936590062
1 30571U 99025ALM 18211.48790564 -.00000087 +00000-0 -24175-4 0  9997
2 30571 099.0351 237.9749 0020142 252.8824 213.2216 14.08609641589688
1 30572U 99025ALN 18211.89094141  .00000085  00000-0  77916-4 0  9998
2 30572  99.0806 235.1579 0023980 273.9831 207.7305 14.06910613589274
1 30573U 99025ALP 18210.36289163 +.00000837 +00000-0 +56813-3 0  9997
2 30573 099.1511 168.9292 0105294 158.0388 004.4594 14.00320366583970
1 30574U 99025ALQ 18212.10149259  .00000541  00000-0  58430-3 0  9992
2 30574  99.3270  77.7029 0243778 151.8935 209.5620 13.65333578570017
1 30575U 99025ALR 18212.19258595  .00000282  00000-0  12740-3 0  9992
2 30575  99.1789 103.5789 0063606 107.2017  50.2106 14.29129936597042
1 30576U 99025ALS 18211.83908198 +.00000792 +00000-0 +25498-3 0  9994
2 30576 099.0990 067.2118 0104767 147.4170 341.6079 14.39253581600785
1 30577U 99025ALT 18211.33044250  .00000019  00000-0  38452-4 0  9997
2 30577  99.0642 238.8037 0029523 285.0422 140.2350 14.07252011588963
1 30578U 99025ALU 18211.86585191  .00000980  00000-0  48090-3 0  9995
2 30578  99.0206 275.6466 0051898 251.1018 168.7731 14.19463775590583
1 30579U 99025ALV 18212.04471491 -.00000171  00000-0 -80335-4 0  9997
2 30579  99.1070 240.4591 0055112  36.2427 352.6945 14.02841293587395
1 30593U 99025ALY 18211.77494075  .00001013  00000-0  38178-3 0  9996
2 30593 102.3984 151.8052 0012599 151.7392 239.1311 14.35198400598495
1 30594U 99025ALZ 18211.52176103 -.00000007  00000-0  16989-4 0  9999
2 30594  98.9874 324.6044 0198459  10.2422 350.2705 14.15317270595088
1 30596U 99025AMB 18212.56822795  .00000025  00000-0  21808-4 0  9996
2 30596  98.5672 245.3793 0263768 324.7153 188.6150 14.29073239601244
1 30597U 99025AMC 18208.27341276 +.00001192 +00000-0 +43331-3 0  9990
2 30597 098.9388 328.5080 0129280 235.8770 123.0093 14.30699078597142
1 30599U 99025AME 18212.53581845  .00000176  00000-0  74399-4 0  9994
2 30599  98.8657 251.1664 0331446 107.3593 256.4111 14.11050885591801
1 30600U 99025AMF 18212.50935289  .00000473  00000-0  26397-3 0  9993
2 30600  98.3655  53.9312 0451640  49.4390 314.5176 13.72980560572832
1 30602U 99025AMH 18211.79252953  .00000766  00000-0  35655-3 0  9997
2 30602  99.0424 314.5980 0035221 101.6631  61.8874 14.23257407593402
1 30603U 99025AMJ 18209.74296606 +.00000056 +00000-0 +83802-4 0  9993
2 30603 098.4692 127.0725 0196404 315.5874 070.2410 13.76587041578234
1 30604U 99025AMK 18211.70757184  .00000172  00000-0  82477-4 0  9992
2 30604  98.7170 288.4422 0219039 248.6102 265.7686 14.19563643596893
1 30606U 99025AMM 18212.10146514  .00000136  00000-0  38271-4 0  9991
2 30606  98.3765 264.8021 0258571  77.3170 307.7280 14.42594346603706
1 30607U 99025AMN 18212.01477792  .00000890  00000-0  35408-3 0  9992
2 30607  98.9151 277.5296 0047298  71.7750 288.8571 14.30635972592652
1 30609U 99025AMQ 18210.96887937 +.00000265 +00000-0 +20709-3 0  9996
2 30609 098.5439 271.8068 0147342 032.8608 328.1611 13.94863734580674
1 30611U 99025AMS 18211.91826062 +.00000977 +00000-0 +48172-4 0  9992
2 30611 098.6390 194.7356 0177159 227.4432 131.1726 15.08553643619341
1 30612U 99025AMT 18212.33225734  .00000454  00000-0  10440-3 0  9995
2 30612  99.1336 224.9112 0116036 346.0697 144.7155 14.57233312608730
1 30613U 99025AMU 18211.11183212 +.00000763 +00000-0 +17745-3 0  9993
2 30613 098.5170 275.1345 0223147 191.9095 167.6769 14.43883673602080
1 30616U 99025AMX 18211.68927804  .00000300  00000-0  44997-3 0  9997
2 30616  98.6502 293.6014 0400693 133.0000 230.5449 13.30585568558809
1 30619U 99025ANA 18210.91520785  .00000124  00000-0  45851-4 0  9997
2 30619  98.6133 243.6104 0231163 180.1922 179.9213 14.35330770602801
1 30621U 99025ANC 18210.72141271 +.00000624 +00000-0 +48946-3 0  9990
2 30621 098.6851 289.8160 0168189 179.2281 334.5297 13.88959004580944
1 30622U 99025AND 18211.76166833 +.00001334 +00000-0 +87375-3 0  9995
2 30622 101.0112 311.6165 0109623 212.8147 300.5037 14.01646355308767
1 30623U 99025ANE 18211.38049001 +.00000128 +00000-0 +23500-3 0  9991
2 30623 098.8410 012.7132 0408701 252.4123 136.6135 13.27228073554836
1 30624U 99025ANF 18209.91124113 +.00000911 +00000-0 +45101-3 0  9997
2 30624 098.8970 193.6914 0035127 182.8523 177.2458 14.19478646590185
1 30625U 99025ANG 18211.21474111 +.00000946 +00000-0 +57546-3 0  9994
2 30625 098.9201 129.6254 0085563 026.9246 333.6325 14.06786378586152
1 30627U 99025ANJ 18212.49384250  .00001515  00000-0  21423-3 0  9999
2 30627  98.9138 159.1304 0057046 258.2948 101.1855 14.77830087608090
1 30628U 99025ANK 18212.41027378  .00000539  00000-0  21068-3 0  9997
2 30628  99.3801 191.4581 0034517 194.0118 166.0109 14.33870007597775
1 30629U 99025ANL 18211.11381385  .00000652  00000-0  29580-3 0  9998
2 30629  99.2726  80.3819 0010595  61.9212  95.5708 14.25658254593695
1 30630U 99025ANM 18211.21832052  .00000145  00000-0  10056-3 0  9998
2 30630  98.9519 309.0483 0030332 138.6406 251.7885 14.13302898591146
1 30631U 99025ANN 18211.82128420  .00001069  00000-0  46113-3 0  9992
2 30631  99.0395 332.0492 0052090 178.0295 333.8115 14.26008171593305
1 30632U 99025ANP 18211.81757670  .00000152  00000-0  88325-4 0  9991
2 30632  98.9027 261.2577 0030181 134.0433 287.0553 14.22433564592899
1 30633U 99025ANQ 18211.03778531  .00000607  00000-0  42971-3 0  9996
2 30633  98.4170 250.8377 0139358 255.0590 132.7941 13.96704922583920
1 30634U 99025ANR 18212.28071840  .00000626  00000-0  47311-3 0  9998
2 30634  99.1654 146.3833 0148175 254.2337 262.2054 13.92884911581519
1 30636U 99025ANT 18211.86161852 +.00001710 +00000-0 +13447-3 0  9994
2 30636 098.7360 182.9544 0062136 263.4406 095.9739 15.01081425613817
1 30637U 99025ANU 18212.30831870  .00000786  00000-0  15052-3 0  9995
2 30637  98.9127 146.3459 0087986 305.5629 221.4102 14.64748120606963
1 30639U 99025ANW 18211.78756706 +.00000366 +00000-0 +23003-3 0  9991
2 30639 099.0920 251.7360 0090312 333.4775 026.1787 14.08839166586616
1 30640U 99025ANX 18211.71289175 +.00000423 +00000-0 +28769-3 0  9995
2 30640 099.2302 211.4981 0093828 025.5329 030.3758 14.03506645585976
1 30641U 99025ANY 18212.51256362  .00000178  00000-0  39232-4 0  9992
2 30641  99.0112 222.2330 0177475 139.1565  11.6214 14.61853802611251
1 30642U 99025ANZ 18211.36547872  .00001258  00000-0  24401-3 0  9995
2 30642  99.0181 156.3684 0061179  95.9179  62.3409 14.64137449605134
1 30645U 99025APC 18211.98432102  .00003747  00000-0  35364-3 0  9990
2 30645  98.9791 216.8428 0038631 191.9383 196.8180 14.93964245609644
1 30646U 99025APD 18211.90648664 +.00000014 +00000-0 +35489-4 0  9998
2 30646 098.9301 274.2767 0050923 036.5686 323.8941 14.05014004587716
1 30647U 99025APE 18212.34891373  .00000575  00000-0  25055-3 0  9994
2 30647  99.0187 348.9553 0049917 104.1632 285.0541 14.27339194594770
1 30648U 99025APF 18211.88265479 +.00000427 +00000-0 +20133-3 0  9993
2 30648 098.7934 268.8189 0050357 089.4501 325.3022 14.24306331593935
1 30649U 99025APG 18211.91436848 +.00000495 +00000-0 +28267-3 0  9999
2 30649 098.9373 277.4959 0061754 300.1440 108.6340 14.13346594589263
1 30650U 99025APH 18211.83804372 +.00000398 +00000-0 +27876-3 0  9990
2 30650 099.1409 169.6642 0085106 089.7813 300.8209 14.02471290584759
1 30652U 99025APJ 18211.71658890  .00000130  00000-0  10490-3 0  9999
2 30652  99.1108 231.8862 0007447 239.9115 182.6086 14.07026950588307
1 30654U 99025APL 18211.99531204  .00000305  00000-0  20407-3 0  9993
2 30654  99.3157   2.0985 0038108  42.6797 317.7321 14.08528477587496
1 30655U 99025APM 18211.31237955 +.00001077 +00000-0 +46553-3 0  9993
2 30655 098.7667 156.7265 0022971 354.4087 160.0427 14.26358205590693
1 30656U 99025APN 18212.48654249  .00000762  00000-0  39819-3 0  9999
2 30656  98.9776 292.9178 0051057 258.4945 101.0493 14.16865111588756
1 30657U 99025APP 18210.54213940 +.00000499 +00000-0 +26752-3 0  9993
2 30657 099.0001 242.2146 0023657 172.9458 350.6575 14.17564567589359
1 30658U 99025APQ 18209.24830525 +.00000383 +00000-0 +36853-3 0  9998
2 30658 098.4810 127.6564 0204090 346.6681 166.9268 13.76625106576131
1 30659U 99025APR 18212.13380851  .00000468  00000-0  57073-4 0  9995
2 30659  99.0209 317.4461 0153633 327.1339 152.1627 14.81718545615122
1 30660U 99025APS 18212.56823330  .00000222  00000-0  40821-4 0  9999
2 30660  98.4156 238.5162 0194933 213.7354 299.5464 14.64884350612473
1 30661U 99025APT 18211.83110894 +.00000006 +00000-0 +23336-4 0  9995
2 30661 099.4376 170.0939 0148718 065.9346 295.7307 14.19250161597045
1 30662U 99025APU 18210.41086229 +.00000446 +00000-0 +27756-3 0  9990
2 30662 099.0636 181.5516 0039747 297.9316 214.5603 14.09811896586115
1 30663U 99025APV 18211.32267785 +.00000649 +00000-0 +58078-3 0  9996
2 30663 099.2786 052.5504 0709768 052.4130 313.9303 13.07785569537462
1 30664U 99025APW 18211.79057045  .00001605  00000-0  29540-3 0  9999
2 30664  98.9934 147.3375 0051638  73.7658 286.9215 14.66389320602702
1 30665U 99025APX 18212.31191729  .00000211  00000-0  16819-3 0  9994
2 30665  99.0409 140.6010 0089511  82.1548  71.7931 13.99581266582673
1 30666U 99025APY 18211.59338716 -.00000226  00000-0 -12166-3 0  9992
2 30666  98.9333 248.0901 0061649  76.2400  74.6530 14.00314188584245
1 30667U 99025APZ 18212.19559683  .00002719  00000-0  14526-3 0  9997
2 30667  98.8911 343.4216 0095664  42.1692 318.6842 15.12361702617438
1 30668U 99025AQA 18211.72959990  .00000862  00000-0  58971-3 0  9990
2 30668  99.2442 212.9196 0092885 126.7281 288.5259 14.00397856583013
1 30669U 99025AQB 18212.18162741  .00000070  00000-0  78885-4 0  9990
2 30669  98.6427 294.2012 0143201  79.8939 311.3884 13.91763246579436
1 30670U 99025AQC 18212.49495140 -.00000003  00000-0  21763-4 0  9998
2 30670  99.0466 227.2926 0039821 155.8486   5.1016 14.14804292591050
1 30671U 99025AQD 18211.99697306  .00000295  00000-0  26689-3 0  9994
2 30671  99.4544 224.1756 0139607  66.5687 323.6152 13.87524967578212
1 30672U 99025AQE 18211.81979828  .00001872  00000-0  23197-3 0  9991
2 30672  99.0589 252.6961 0061212 219.5048 140.1692 14.82924177607788
1 30673U 99025AQF 18211.72578137 -.00000198 +00000-0 -98361-4 0  9998
2 30673 099.2471 226.7965 0053463 031.2749 030.6387 14.02168965587950
1 30674U 99025AQG 18211.75490782  .00001134  00000-0  54495-3 0  9999
2 30674  99.0048 241.4192 0062563 244.9919 114.4751 14.19925439588433
1 30675U 99025AQH 18211.82208097  .00000530  00000-0  30227-3 0  9990
2 30675  98.9268 271.1616 0061539 295.8486 128.3626 14.13151397588010
1 30676U 99025AQJ 18211.40917636 -.00000041 +00000-0 -31520-5 0  9999
2 30676 098.2976 006.5555 0508080 063.2693 301.9523 13.64395559571388
1 30677U 99025AQK 18211.31627225  .00000583  00000-0  26523-3 0  9996
2 30677  98.3114 345.4099 0079147 223.8808 167.1640 14.23608174596184
