1 31079U 99025BFZ 15253.31222079  .00001357  00000-0  89508-3 0  9996
2 31079  99.0846 284.2475 0062121 103.4289 251.3901 14.02529851434435
1 31080U 99025BGA 18205.44380296 +.00000380 +00000-0 +24672-3 0  9994
2 31080 099.0833 283.4435 0088364 116.1358 244.8933 14.06733947248987
1 31081U 99025BGB 18211.31944740 -.00000126 +00000-0 -49331-4 0  9998
2 31081 099.0483 236.5059 0048032 206.1140 211.8366 14.05824166586271
1 31082U 99025BGC 18206.34363480 +.00000382 +00000-0 +24806-3 0  9993
2 31082 098.8986 249.6243 0073426 257.1948 102.1009 14.07219906583268
1 31083U 99025BGD 18211.89123046 +.00000448 +00000-0 +19183-3 0  9997
2 31083 098.7460 272.9511 0050452 009.3325 048.6707 14.29103374590679
1 31085U 99025BGF 18211.52624167 +.00000044 +00000-0 +34432-4 0  9996
2 31085 098.7650 319.3509 0088040 287.1382 131.5902 14.28596954592634
1 31086U 99025BGG 18212.06241588  .00000650  00000-0  89499-4 0  9995
2 31086  98.9729 250.3500 0124049  41.2997 349.8350 14.77383396607030
1 31087U 99025BGH 18211.94865804 +.00000305 +00000-0 +78792-4 0  9996
2 31087 098.4063 256.7127 0212526 251.2602 232.4216 14.44911717597962
1 31088U 99025BGJ 18211.83050149  .00000553  00000-0  32431-3 0  9997
2 31088  99.4371  76.2992 0038119  49.0262  11.0833 14.12370357584337
1 31089U 99025BGK 18211.45168090 +.00000127 +00000-0 +12828-3 0  9996
2 31089 098.9835 091.0428 0211951 302.8364 181.5857 13.84493825307769
1 31090U 99025BGL 18212.16799484  .00000230  00000-0  37416-4 0  9990
2 31090  98.9872 291.5873 0171203  22.5597 338.3020 14.73347234609740
1 31091U 99025BGM 18211.57618409 +.00000126 +00000-0 +20215-3 0  9994
2 31091 099.3131 327.2884 0282572 304.0265 053.4328 13.51356298252560
1 31092U 99025BGN 18211.52918000 +.00000259 +00000-0 +38987-3 0  9992
2 31092 099.5339 057.4168 0341712 290.8426 065.6427 13.40869714557555
1 31093U 99025BGP 18212.52045618  .00000115  00000-0  13051-3 0  9996
2 31093  98.6206 247.0872 0212033 283.0909  74.6658 13.78233252574425
1 31094U 99025BGQ 18211.69125629 +.00000258 +00000-0 +22199-3 0  9996
2 31094 099.0338 116.3809 0113979 240.2084 118.7702 13.92505559580743
1 31095U 99025BGR 18211.59331859 -.00000276 +00000-0 -41183-3 0  9996
2 31095 098.5859 134.3035 0501997 150.8715 212.1418 13.05724773543056
1 31097U 99025BGT 18209.62309788 +.00000519 +00000-0 +27165-3 0  9997
2 31097 098.9329 262.2246 0020601 153.1610 359.8226 14.18634396586595
1 31098U 99025BGU 18212.51136174  .00000739  00000-0  36528-3 0  9994
2 31098  98.9739 242.1261 0021894 134.8776 225.4182 14.20417586586647
1 31099U 99025BGV 18212.17274598  .00000047  00000-0  38676-4 0  9999
2 31099  98.9760 345.4669 0067039 112.2875  12.4305 14.24868401591188
1 31131U 03049D   18211.82009341 +.00000130 +00000-0 +62620-4 0  9999
2 31131 098.6419 161.3211 0134020 239.2343 149.3575 14.29691249587640
1 31137U 95021D   18211.83348078 +.00000211 +00000-0 +79843-4 0  9995
2 31137 098.3802 174.2505 0004836 095.5699 284.8192 14.40461984757010
1 31139U 03049E   18211.87110651 +.00000262 +00000-0 +78195-4 0  9999
2 31139 098.1895 185.9403 0094271 097.4577 263.7339 14.48036864594141
1 31144U 99025BGW 13276.33812043 +.00000206 +00000-0 +16243-3 0  9998
2 31144 099.2351 319.5653 0098724 273.1648 086.6520 14.00794070335052
1 31146U 99025BGY 18211.39087943 +.00000126 +00000-0 +64265-4 0  9992
2 31146 099.1640 011.5599 0230386 309.6862 048.4196 14.20728098584877
1 31147U 99025BGZ 18211.51941354  .00002715  00000-0  29705-3 0  9997
2 31147  99.1580 313.0456 0122887 189.3165 235.0953 14.83530984601103
1 31148U 99025BHA 18212.28398134  .00000097  00000-0  47324-4 0  9994
2 31148  98.8340 333.2814 0159612  34.6996 326.4476 14.32134563589529
1 31149U 99025BHB 18210.86208001 +.00001122 +00000-0 +24973-3 0  9994
2 31149 099.1580 173.1879 0117227 313.9155 077.7330 14.55222422593615
1 31150U 99025BHC 18212.05496365 -.00000013  00000-0  17519-4 0  9999
2 31150  98.9162 239.8397 0014515 233.5161 155.6970 14.11333805583508
1 31151U 99025BHD 18211.82254845  .00000582  00000-0  37969-3 0  9999
2 31151  99.0211 153.0870 0077325  15.0224 345.3215 14.04848731580542
1 31152U 99025BHE 18211.56216601 +.00000007 +00000-0 +16652-4 0  9998
2 31152 098.4422 240.2797 0133502 135.2213 016.3504 14.34265623594468
1 31154U 99025BHG 18211.28185392 +.00000829 +00000-0 +21058-3 0  9998
2 31154 098.6380 248.0538 0071883 352.5171 007.4944 14.52055647199636
1 31155U 99025BHH 18211.05049608 +.00000290 +00000-0 +22239-3 0  9997
2 31155 099.2450 238.3557 0107915 227.3589 161.8219 13.98724117578683
1 31157U 99025BHK 18211.39680735  .00000108  00000-0  68147-4 0  9995
2 31157  98.6258 263.5800 0103553 217.6844 201.6877 14.19573359588470
1 31158U 99025BHL 18211.86778681 +.00000499 +00000-0 +26631-3 0  9990
2 31158 098.9809 240.8745 0060859 203.5962 156.2418 14.16963574262483
1 31159U 99025BHM 18210.92433472 +.00000737 +00000-0 +69667-4 0  9995
2 31159 097.6561 254.0776 0333714 140.8355 221.7520 14.62655512597910
1 31160U 99025BHN 18211.81503207 -.00000229 +00000-0 -12543-3 0  9998
2 31160 099.3263 205.9423 0058822 063.8022 296.9172 13.98743613319594
1 31161U 99025BHP 18212.29501728  .00000202  00000-0  14608-3 0  9991
2 31161  99.0365 240.3124 0070103 344.3621  15.5381 14.06577815583289
1 31162U 99025BHQ 07340.18477635 +.00000719 +00000-0 +52048-3 0  9992
2 31162 098.8751 319.3365 0086993 282.1768 076.9640 13.97985442037017
1 31163U 99025BHR 18211.13830666 +.00000140 +00000-0 +76844-4 0  9993
2 31163 098.8780 326.5923 0060293 119.9246 240.7940 14.25591874263292
1 31165U 99025BHT 18212.56119941  .00000350  00000-0  10355-3 0  9996
2 31165  98.9211  73.5423 0102842  92.2927 299.5387 14.47022052597685
1 31166U 99025BHU 18212.15150936  .00001061  00000-0  40394-3 0  9997
2 31166  98.7977 281.0360 0021539 100.3858 290.7176 14.32898410590265
1 31167U 99025BHV 18212.45449834  .00001140  00000-0  28572-3 0  9991
2 31167  98.9981  97.0297 0053699 243.9025 115.6637 14.52742153593106
1 31168U 99025BHW 18212.21448207  .00000251  00000-0  68415-4 0  9992
2 31168  98.8655 127.2038 0138371 309.2863  49.6123 14.51703322599735
1 31169U 99025BHX 18209.78077959 +.00000780 +00000-0 +49135-3 0  9997
2 31169 099.0427 155.0518 0078755 016.7277 343.6461 14.05791834579954
1 31171U 99025BHZ 18211.41077810 +.00000282 +00000-0 +16329-3 0  9995
2 31171 098.0478 080.6915 0222022 193.5102 290.9792 14.03575064578532
1 31172U 99025BJA 18211.87435990 +.00000011 +00000-0 +20470-4 0  9996
2 31172 098.6266 240.6282 0152001 283.1875 075.2387 14.29462488591544
1 31173U 99025BJB 18211.11193587  .00000326  00000-0  23729-3 0  9995
2 31173  98.2150 156.2207 0078935 200.1529 226.8551 14.00796254578362
1 31174U 99025BJC 18210.18612333 +.00001848 +00000-0 +72664-3 0  9999
2 31174 099.0697 334.9928 0022267 133.2043 347.5573 14.30421258583887
1 31175U 99025BJD 18211.45854258  .00000161  00000-0  10013-3 0  9992
2 31175  98.4364 297.9804 0145982  91.1645 329.2583 14.11328054581237
1 31177U 99025BJF 18210.51357216 +.00000626 +00000-0 +77728-3 0  9994
2 31177 098.7589 044.7429 0353067 009.3130 017.3043 13.44749595555337
1 31178U 99025BJG 18211.32168025  .00000418  00000-0  26680-3 0  9993
2 31178  99.5373  36.9942 0155409 186.2387 173.6845 14.03622903579285
1 31179U 99025BJH 18212.31315998  .00000052  00000-0  67526-4 0  9996
2 31179  99.2918 248.1664 0230154  55.3854 306.8773 13.85561601573495
1 31180U 99025BJJ 18211.48390229 -.00000016 +00000-0 +17296-4 0  9995
2 31180 099.1766 085.7494 0510163 275.5277 207.6326 13.66722291272658
1 31181U 99025BJK 18211.40837181  .00000207  00000-0  15609-3 0  9997
2 31181  99.0149 252.4053 0052926  57.2785  58.7758 14.04348940579599
1 31182U 99025BJL 18211.94252409 +.00000034 +00000-0 +42734-4 0  9999
2 31182 098.7791 248.1936 0023222 239.4468 241.5714 14.11258750580885
1 31183U 99025BJM 18211.30947081  .00000308  00000-0  13006-3 0  9990
2 31183  99.0876  33.6988 0066162  81.3694  44.5345 14.31715641588724
1 31185U 99025BJP 18196.55229554 -.00000254 +00000-0 -13753-3 0  9990
2 31185 098.9876 228.1622 0042953 082.4744 278.1298 14.01794982243980
1 31186U 99025BJQ 18211.61676250 -.00000018 +00000-0 +16886-4 0  9993
2 31186 099.3051 004.2162 0026272 007.0242 056.3067 14.09433518581556
1 31187U 99025BJR 18210.99547572 +.00000945 +00000-0 +30822-3 0  9991
2 31187 099.2004 288.5860 0393072 294.5594 061.5085 14.05414057309430
1 31188U 99025BJS 18211.62386903 +.00000404 +00000-0 +24521-3 0  9991
2 31188 098.9508 267.3963 0068961 345.3290 172.2031 14.10761279582799
1 31190U 99025BJU 18212.53459267  .00000417  00000-0  31282-3 0  9995
2 31190  99.0852 246.5903 0075244 152.5305 207.9866 13.98699414579374
1 31191U 99025BJV 18211.82524911 +.00000126 +00000-0 +57191-4 0  9991
2 31191 098.8460 349.0605 0099620 207.1642 152.4311 14.35560665593530
1 31192U 99025BJW 18211.33022537  .00000052  00000-0  36430-4 0  9996
2 31192  98.6650 257.0576 0272659 312.6756  45.1733 14.15950100586654
1 31193U 99025BJX 18199.83553299  .00217350  00000-0  10445-2 0  9998
2 31193  99.1205  80.3207 0009153 144.9064 215.2804 15.82023779611285
1 31194U 99025BJY 18211.78071438 +.00000358 +00000-0 +16505-3 0  9990
2 31194 098.9286 333.3162 0065649 159.9697 200.4081 14.26089279586775
1 31195U 99025BJZ 18207.26370733 +.00000162 +00000-0 +10849-3 0  9997
2 31195 099.1082 228.5415 0174521 174.6761 185.6316 14.06693795582543
1 31196U 99025BKA 18208.91494178 +.00000140 +00000-0 +84605-4 0  9999
2 31196 098.7712 242.3560 0063229 093.0235 267.8179 14.20046703587582
1 31197U 99025BKB 18211.41217262 +.00000742 +00000-0 +39733-3 0  9995
2 31197 099.0723 275.3247 0059344 338.0374 021.8257 14.15459000260873
1 31198U 99025BKC 18211.77988595 -.00000033 +00000-0 +42449-5 0  9993
2 31198 098.5341 189.9706 0205991 021.2279 339.7267 13.74868565257579
1 31199U 99025BKD 18211.94264213 +.00000016 +00000-0 +34297-4 0  9998
2 31199 098.7941 252.0219 0064731 315.6786 165.5737 14.08244570582599
1 31201U 99025BKF 18211.79478682  .00000320  00000-0  13894-3 0  9999
2 31201  98.8771 321.9414 0165013 216.6201 298.4720 14.24067027588991
1 31202U 99025BKG 18211.36223559  .00000457  00000-0  10726-3 0  9996
2 31202  96.5756  47.7345 0114217 275.3156 208.4851 14.53934172599003
1 31203U 99025BKH 18211.85375008 +.00000710 +00000-0 +33947-3 0  9990
2 31203 098.9895 276.4643 0061350 115.1866 245.5689 14.21392005584074
1 31204U 99025BKJ 11087.18964326 +.00001383 +00000-0 +10408-2 0  9991
2 31204 098.0611 234.0605 0252294 188.1478 178.5437 13.81694359202152
1 31205U 99025BKK 18211.53664692 -.00000005 +00000-0 +18033-4 0  9995
2 31205 099.2253 121.8158 0164336 299.4704 059.0164 14.22492547589240
1 31206U 99025BKL 18212.35976177  .00000166  00000-0  75829-4 0  9994
2 31206  98.9096 352.1144 0085830 331.4374  28.2120 14.32463586592883
1 31208U 99025BKN 18208.55230618 +.00000557 +00000-0 +23296-3 0  9990
2 31208 099.2379 112.2837 0021344 210.2830 272.9052 14.30330129317621
1 31209U 99025BKP 18212.26523895  .00000681  00000-0  35287-3 0  9997
2 31209  99.0122 223.1008 0031827 179.8513 180.2676 14.18030427584604
1 31210U 99025BKQ 18210.32370453 +.00000155 +00000-0 +11462-3 0  9999
2 31210 098.8904 241.2211 0017282 210.6722 206.2765 14.08973613580698
1 31211U 99025BKR 18211.91379111 +.00000440 +00000-0 +26537-3 0  9992
2 31211 098.9061 257.2420 0057279 184.9459 175.1153 14.10991466252615
1 31212U 99025BKS 18212.09996865  .00000801  00000-0  54172-3 0  9991
2 31212  99.1152 168.8058 0089925  57.7232 303.2606 14.01316113578778
1 31213U 99025BKT 18211.76196247  .00001401  00000-0  55353-3 0  9990
2 31213  99.4601 145.0133 0027218 293.8827  65.9501 14.30676997585542
1 31214U 99025BKU 18211.53953112 +.00001032 +00000-0 +46341-3 0  9995
2 31214 098.9460 237.2415 0022621 085.5847 076.9932 14.24565344584767
1 31215U 99025BKV 18211.07726485 +.00000097 +00000-0 +63895-4 0  9990
2 31215 098.8893 314.2619 0075350 140.9904 219.6740 14.20709402581970
1 31217U 99025BKX 18212.54507184  .00000223  00000-0  13988-3 0  9996
2 31217  98.8641 247.4815 0106081 264.5523  94.3540 14.11646153584864
1 31218U 99025BKY 18211.83894278  .00000785  00000-0  36130-3 0  9998
2 31218  98.9247 213.7841 0036661  12.7860 347.4240 14.23743990585226
1 31219U 99025BKZ 18211.25346651  .00000735  00000-0  50292-3 0  9992
2 31219  99.0874 149.6184 0094690  68.4697 292.6529 14.00692078578299
1 31220U 99025BLA 18212.08428535  .00000928  00000-0  28009-3 0  9993
2 31220  99.0274  68.3349 0057645 276.7769 237.2613 14.44122503593080
1 31222U 99025BLC 18211.82290295 +.00000256 +00000-0 +36545-4 0  9995
2 31222 098.6656 069.7494 0261721 284.3045 072.9229 14.66556628603230
1 31223U 99025BLD 18212.53983904  .00001675  00000-0  17452-2 0  9991
2 31223  99.0758 248.2641 0296743 207.9871 150.5038 13.59176167560237
1 31224U 99025BLE 18211.37281428 +.00000092 +00000-0 +50904-4 0  9998
2 31224 098.5868 269.1805 0169822 131.4674 290.4166 14.23761873309038
1 31225U 99025BLF 18211.55712326 +.00000407 +00000-0 +26424-3 0  9994
2 31225 099.1739 225.5988 0102868 329.5289 190.7699 14.05934583579010
1 31226U 99025BLG 18205.44237884 +.00000030 +00000-0 +29270-4 0  9992
2 31226 098.6171 269.6373 0130689 160.2168 200.4147 14.23036009588136
1 31227U 99025BLH 18211.82753362 +.00001192 +00000-0 +51011-3 0  9993
2 31227 098.1202 224.1769 0131939 181.3008 178.7847 14.21953698264188
1 31228U 99025BLJ 18211.89545654 +.00000099 +00000-0 +53796-4 0  9992
2 31228 098.9605 356.6068 0086720 018.1405 132.6872 14.30386929590403
1 31229U 99025BLK 18211.03894920 +.00000519 +00000-0 +31622-3 0  9992
2 31229 099.0481 247.8346 0061960 354.2303 025.2883 14.09715164580544
1 31231U 99025BLM 18212.01433194  .00000184  00000-0  68722-4 0  9996
2 31231  98.8992 278.7991 0305188  72.8975  47.6317 14.20536012583809
1 31232U 99025BLN 18209.34436368 +.00000978 +00000-0 +47039-3 0  9993
2 31232 099.0187 253.6850 0043370 214.8097 145.0240 14.20769794230576
1 31234U 99025BLQ 18211.86219615 +.00000214 +00000-0 +15436-3 0  9998
2 31234 098.8984 242.7328 0075025 229.3148 130.1485 14.05689701348836
1 31235U 99025BLR 18212.16918641  .00001212  00000-0  84567-3 0  9998
2 31235  98.4982 175.7740 0248157 320.9164  37.4292 13.86578807570124
1 31236U 99025BLS 18212.57272787  .00000547  00000-0  45379-3 0  9996
2 31236  98.5505  69.9905 0385755  14.9952 346.2260 13.62692005566127
1 31237U 99025BLT 18211.88701392  .00000125  00000-0  68554-4 0  9992
2 31237  98.6202 248.7334 0096488 320.3132  39.1014 14.25186815589084
1 31238U 99025BLU 18211.81374800 +.00001958 +00000-0 +63807-3 0  9996
2 31238 098.9864 345.0494 0115167 221.6897 137.5467 14.36213227587899
1 31239U 99025BLV 18211.03217684 +.00000262 +00000-0 +18175-3 0  9992
2 31239 098.8840 243.2142 0051059 223.0042 166.7157 14.06726256581295
1 31240U 99025BLW 18206.92028102 +.00000229 +00000-0 +16893-3 0  9999
2 31240 098.9535 241.8954 0047661 024.6532 097.8737 14.04725132580036
1 31241U 99025BLX 18211.24157727 +.00000153 +00000-0 +73877-4 0  9999
2 31241 099.1931 144.7045 0075629 064.1979 296.6980 14.31314981591230
1 31242U 99025BLY 18211.88812851 +.00001220 +00000-0 +23871-3 0  9990
2 31242 097.4246 088.5959 0067038 189.8841 226.7860 14.62979874236305
1 31243U 99025BLZ 18210.39967772 +.00000036 +00000-0 +51618-4 0  9994
2 31243 099.0073 278.3627 0068636 120.9690 299.7012 14.01440152578972
1 31244U 99025BMA 18206.83104278 -.00000021 +00000-0 +14769-4 0  9994
2 31244 099.2704 204.0370 0108351 076.6477 284.6742 14.03142077579360
1 31246U 99025BMC 18212.48945050  .00000800  00000-0  57532-3 0  9993
2 31246  98.9813 104.5457 0169247 210.1314 149.0028 13.93124044579605
1 31247U 99025BMD 18211.57467656  .00000927  00000-0  64990-3 0  9990
2 31247  99.3275 336.5362 0070278 227.0818 193.8373 13.99836985578560
1 31248U 99025BME 18212.46965903  .00000090  00000-0  10636-3 0  9997
2 31248  99.4457 204.7113 0114565 340.9261 172.4546 13.89293487574552
1 31249U 99025BMF 18212.50796331  .00002612  00000-0  79543-3 0  9994
2 31249  99.0157 310.4264 0072153 237.2982 122.1234 14.41469339588272
1 31250U 99025BMG 18212.03252572  .00000468  00000-0  34381-3 0  9996
2 31250  98.4049 244.0814 0139258 274.5152  84.0115 13.95621645579387
1 31252U 99025BMJ 18211.90132266 +.00000153 +00000-0 +56669-4 0  9995
2 31252 098.6156 247.1996 0232643 262.3148 095.1562 14.32787629586099
1 31253U 99025BMK 18212.19919046  .00000167  00000-0  99802-4 0  9998
2 31253  99.2761 205.6591 0301747 303.5086  53.7580 14.00392216584660
1 31254U 99025BML 18210.90548819 +.00000204 +00000-0 +85389-4 0  9999
2 31254 098.8036 235.8914 0165164 206.5144 276.0250 14.29663588590297
1 31255U 99025BMM 18212.11108138  .00000119  00000-0  73332-4 0  9991
2 31255  99.0656 312.8157 0283097 271.0260  85.8488 14.05144045590549
1 31256U 99025BMN 18211.84214878  .00000943  00000-0  56440-3 0  9995
2 31256  98.6758 211.1459 0394864 232.4208 124.0473 13.76694318565375
1 31257U 99025BMP 18211.20601007 +.00000824 +00000-0 +55023-3 0  9994
2 31257 098.7153 002.6436 0121832 101.8877 259.5979 14.00063503578753
1 31258U 99025BMQ 18211.53329816 +.00000802 +00000-0 +36472-3 0  9999
2 31258 098.9376 230.9266 0023152 091.5852 060.4579 14.24503392584353
1 31259U 99025BMR 18212.35614882  .00000037  00000-0  51461-4 0  9997
2 31259  99.1587 246.3137 0076849 129.0961 298.2296 14.02686808577582
1 31260U 99025BMS 18211.58230705 +.00000331 +00000-0 +15590-3 0  9990
2 31260 098.9565 339.1420 0053608 166.8445 251.8721 14.25939634587477
1 31261U 99025BMT 18211.92125002 +.00000268 +00000-0 +12399-3 0  9995
2 31261 099.0984 022.1700 0061785 132.5864 228.0552 14.28170452588483
1 31262U 99025BMU 18211.05555917 +.00000005 +00000-0 +30875-4 0  9991
2 31262 099.1770 239.0250 0066561 064.0392 325.3164 14.04773602578051
1 31263U 99025BMV 18210.73566658 +.00001230 +00000-0 +54032-3 0  9991
2 31263 099.0048 314.6018 0048852 188.2435 171.7946 14.24838893584370
1 31264U 99025BMW 18211.84083394 +.00000147 +00000-0 +10197-3 0  9996
2 31264 099.1545 347.2870 0001242 152.8657 002.2494 14.14018492583512
1 31265U 99025BMX 18210.63497117 +.00001085 +00000-0 +23514-3 0  9994
2 31265 096.5635 356.5046 0107787 126.8680 234.2463 14.55958950228943
1 31266U 99025BMY 18210.35715455 +.00000039 +00000-0 +38516-4 0  9999
2 31266 099.2726 054.5356 0137067 010.8669 113.1393 14.18769799589876
1 31267U 99025BMZ 18211.41551735 +.00000772 +00000-0 +18506-3 0  9997
2 31267 099.3060 277.5124 0118615 265.8744 092.8884 14.52890026257093
1 31268U 99025BNA 18210.96685888 +.00000372 +00000-0 +27182-3 0  9990
2 31268 099.0244 279.3520 0058729 127.0535 233.6021 14.01263402242796
1 31269U 99025BNB 18211.55771019  .00000654  00000-0  21494-3 0  9992
2 31269  98.1615 231.7932 0330758 262.3242 257.7384 14.14857081584122
1 31270U 99025BNC 18212.27205727  .00000645  00000-0  14642-3 0  9999
2 31270  98.9811 143.3222 0134819 110.1656 251.4099 14.54461939600208
1 31272U 99025BNE 18211.79823898 +.00000204 +00000-0 +11606-3 0  9990
2 31272 099.0129 330.0829 0114853 200.8324 313.7663 14.17268115588144
1 31273U 99025BNF 18211.61674118 +.00001041 +00000-0 +33720-3 0  9992
2 31273 098.3382 090.4318 0072214 091.1862 299.6185 14.39485295593231
1 31274U 99025BNG 18211.16776627 +.00000642 +00000-0 +51778-3 0  9990
2 31274 099.1203 095.7759 0253029 119.3900 032.6349 13.79881303570203
1 31275U 99025BNH 18211.33149824 +.00000125 +00000-0 +11753-3 0  9998
2 31275 099.2154 243.8131 0109959 187.0009 172.9622 13.96154002578662
1 31279U 99025BNM 18211.90835893 +.00000106 +00000-0 +67327-4 0  9991
2 31279 098.7414 245.7450 0080434 065.1509 295.8005 14.20672151589661
1 31280U 99025BNN 18211.52123185  .00008025  00000-0  41790-3 0  9998
2 31280  97.9138 112.9823 0058848 169.2924 190.9575 15.14777222605561
1 31281U 99025BNP 18211.44804141  .00000477  00000-0  67413-4 0  9992
2 31281  98.5208 195.2025 0263591 324.7941 189.4453 14.61684706601823
1 31282U 99025BNQ 18211.27631580 +.00000031 +00000-0 +25469-4 0  9990
2 31282 099.2955 230.6362 0132994 264.5477 094.0526 14.40137552583433
1 31284U 99025BNS 18211.54490910  .00000145  00000-0  13457-3 0  9991
2 31284  99.7182 115.6564 0152410  54.5570 306.9709 13.93165808577932
1 31285U 99025BNT 18211.90766381  .00000022  00000-0  23575-4 0  9997
2 31285  98.5621 250.4430 0209669 125.0539   0.4670 14.22568707590819
1 31286U 99025BNU 18212.04731248  .00000786  00000-0  53918-3 0  9998
2 31286 100.8733 247.4130 0105459 124.3548 236.7641 14.00833161578327
1 31287U 99025BNV 18211.07670482 +.00000468 +00000-0 +27919-3 0  9992
2 31287 099.4296 074.7343 0036508 051.0484 309.3930 14.12283532585606
1 31288U 99025BNW 18210.40296506 +.00000557 +00000-0 +23393-3 0  9991
2 31288 098.8146 266.4936 0058669 036.3905 028.1386 14.28994656587817
1 31289U 99025BNX 18211.81616018  .00002649  00000-0  91271-4 0  9997
2 31289  97.4018  54.6690 0198738 186.9756 172.8704 15.14173760619350
1 31290U 99025BNY 18211.12471843  .00001183  00000-0  35442-3 0  9997
2 31290 101.9397 323.1803 0102123 336.4245  23.2269 14.43084587594661
1 31291U 99025BNZ 18211.78376181 +.00001094 +00000-0 +33596-3 0  9998
2 31291 098.5681 154.3967 0075539 111.8013 278.4938 14.41961503592409
1 31292U 99025BPA 18211.36946599 +.00001225 +00000-0 +57893-3 0  9991
2 31292 099.0788 265.6073 0052306 245.0857 114.4877 14.20975651580944
1 31293U 99025BPB 18212.33078771 -.00000009  00000-0  13552-4 0  9993
2 31293  98.6495 239.6590 0127081 253.9123 171.4148 14.29772535593535
1 31294U 99025BPC 18211.98298119  .00000010  00000-0  27424-4 0  9998
2 31294  98.7753 270.7408 0105664 101.6215 259.6838 14.11478591589381
1 31295U 99025BPD 18211.52206422 +.00000144 +00000-0 +12986-3 0  9999
2 31295 098.3385 241.4779 0077535 220.3352 139.2046 13.96019401579332
1 31296U 99025BPE 18211.59790639 +.00000822 +00000-0 +38931-3 0  9996
2 31296 099.0708 322.4974 0041543 118.6128 008.9713 14.22026892588095
1 31297U 99025BPF 18212.03246910  .00000143  00000-0  45593-4 0  9994
2 31297  98.8971 140.5722 0154878 310.8771 108.4551 14.49581119603575
1 31298U 99025BPG 18211.75018814 +.00005383 +00000-0 +44519-3 0  9990
2 31298 098.9965 232.1233 0036017 164.9498 195.2802 14.98947361604712
1 31299U 99025BPH 18211.76569319  .00006438  00000-0  26289-3 0  9999
2 31299  96.9895 318.7391 0216023 133.1079 228.8449 15.05848916607324
1 31300U 99025BPJ 18212.40449338  .00000524  00000-0  35293-3 0  9997
2 31300  99.5526  97.9947 0068090 258.6364 157.8688 14.04381106584072
1 31302U 99025BPL 18207.07821703 +.00000428 +00000-0 +25824-3 0  9998
2 31302 099.4200 063.3438 0036360 055.7002 096.6369 14.12130021581827
1 31303U 99025BPM 18209.92691626 +.00000070 +00000-0 +64807-4 0  9992
2 31303 098.9806 236.0592 0010994 200.1598 159.9140 14.10023767583856
1 31310U 99025BPN 18200.94129896 +.00001290 +00000-0 +78730-3 0  9992
2 31310 098.8724 097.5247 0105932 138.9169 282.8241 14.04969067573951
1 31311U 99025BPP 18212.55442311  .00000509  00000-0  29085-3 0  9994
2 31311  99.0378 237.3591 0023649 197.5938 314.4239 14.14109090581776
1 31312U 99025BPQ 18211.32885595  .00000193  00000-0  16262-3 0  9996
2 31312  98.9553 252.0139 0066397 137.7167 283.3227 13.98152985577193
1 31313U 99025BPR 18211.60289529 +.00000061 +00000-0 +51162-4 0  9996
2 31313 099.1100 354.8692 0046043 283.4681 076.1365 14.19300331588519
1 31314U 99025BPS 18181.88084399 +.00000310 +00000-0 +22211-3 0  9990
2 31314 098.9440 214.2515 0080974 036.5314 324.1338 14.02693533574374
1 31316U 99025BPU 18211.92833709 +.00000709 +00000-0 +41117-3 0  9996
2 31316 099.0263 259.2371 0118287 299.1633 059.7742 14.08677964263270
1 31317U 99025BPV 18212.19517185  .00003290  00000-0  95915-3 0  9997
2 31317  99.3777 117.3671 0090666 276.8015  82.2862 14.42577994584491
1 31318U 99025BPW 09299.98461400 +.00000187 +00000-0 +89836-4 0  9996
2 31318 098.9486 317.9650 0154146 204.5999 156.2858 14.24264095132752
1 31319U 99025BPX 18212.06424951 -.00000031  00000-0  71760-5 0  9998
2 31319  98.8229 286.4383 0172146  71.5189  45.8572 13.74905880567603
1 31320U 99025BPY 18211.21394411  .00000534  00000-0  35622-3 0  9995
2 31320  98.3011 203.4938 0126976 210.2940 149.0845 14.01011630575400
1 31321U 99025BPZ 18211.01593770 +.00000023 +00000-0 +36326-4 0  9999
2 31321 098.8703 297.4305 0029274 262.3499 097.4348 14.12436771193617
1 31322U 99025BQA 18211.10244507 -.00000014  00000-0  21598-4 0  9997
2 31322  98.5646 162.3304 0242254   8.2201  46.9204 13.71635794568798
1 31323U 99025BQB 18212.53621598  .00000445  00000-0  27045-3 0  9994
2 31323  99.4288  66.4065 0040093  56.7720 303.7282 14.11439396580339
1 31324U 99025BQC 18211.25247058 +.00000001 +00000-0 +25970-4 0  9992
2 31324 099.2798 013.9723 0049846 303.4233 056.2176 14.13305075584433
1 31325U 99025BQD 18211.93000012 +.00000307 +00000-0 +22182-3 0  9995
2 31325 099.1188 271.7234 0085487 167.6319 192.6972 14.02406464219417
1 31326U 99025BQE 18211.68831540  .00001158  00000-0  55204-3 0  9992
2 31326  99.0395 292.7980 0056544 248.7787 110.7343 14.20516032581913
1 31327U 99025BQF 18211.91601046 +.00000400 +00000-0 +66796-4 0  9993
2 31327 099.0148 240.3493 0178150 141.4210 219.9880 14.66640746604112
1 31328U 99025BQG 18212.03917367 -.00000007  00000-0  13812-4 0  9999
2 31328  98.4628 248.2617 0105134 224.6593 134.6086 14.27747395591823
1 31329U 99025BQH 18211.29050122 +.00000437 +00000-0 +14655-3 0  9995
2 31329 098.9544 028.6507 0084738 223.9182 135.5249 14.40635835591771
1 31330U 99025BQJ 18211.33605834 +.00000753 +00000-0 +35708-3 0  9991
2 31330 098.9708 242.0679 0035058 138.2659 357.0108 14.22341234585006
1 31331U 99025BQK 18211.83015197 -.00000177 +00000-0 -89282-4 0  9993
2 31331 099.1807 235.5989 0054404 070.8788 289.8256 13.99702867261903
1 31332U 99025BQL 18211.59732840 +.00000103 +00000-0 +89723-4 0  9995
2 31332 098.9293 254.3683 0053933 037.8495 114.1088 14.05200685581114
1 31333U 99025BQM 18211.40259506  .00000273  00000-0  14258-3 0  9997
2 31333  98.7089 270.4056 0107051 276.3760  82.5234 14.19472762584537
1 31334U 99025BQN 18208.89587971  .00000727  00000-0  42433-3 0  9997
2 31334  99.1265 242.3079 0075235  47.4628 313.2862 14.10302281577824
1 31335U 99025BQP 18211.76745847 +.00008674 +00000-0 +57509-3 0  9995
2 31335 098.7863 148.9910 0040657 037.5619 322.8433 15.06896381205394
1 31336U 99025BQQ 18211.25055850  .00000104  00000-0  51010-4 0  9990
2 31336  98.7830 226.4996 0099897 168.5677 252.8418 14.34002251592326
1 31337U 99025BQR 18211.40790573 +.00000902 +00000-0 +26842-3 0  9996
2 31337 099.4461 272.2353 0050305 127.1490 290.3539 14.45285719324975
1 31338U 99025BQS 18211.92083698 +.00000492 +00000-0 +34525-3 0  9998
2 31338 098.8567 090.8180 0094925 109.8828 251.2596 14.00584454259410
1 31339U 99025BQT 18211.56583844 +.00000147 +00000-0 +11567-3 0  9995
2 31339 098.9493 253.7680 0079368 333.3003 026.4088 14.05096097578157
1 31340U 99025BQU 18211.89882123 +.00000702 +00000-0 +37545-3 0  9996
2 31340 099.0463 240.6161 0043385 184.2666 299.2926 14.16023396285942
1 31341U 99025BQV 18211.65939219 +.00000493 +00000-0 +19683-3 0  9990
2 31341 099.5418 281.1486 0073999 198.0886 325.2653 14.32120316589480
1 31342U 99025BQW 18211.76877672 +.00000001 +00000-0 +17014-4 0  9999
2 31342 099.0267 042.2917 0115458 200.5157 159.1370 14.34488198592818
1 31344U 99025BQY 17238.55341583 -.01711175  00000-0 -92398-1 0  9992
2 31344  99.4022 356.0111 0008687   3.7509  56.4025 15.18269137548162
1 31345U 99025BQZ 18211.51779364  .00000982  00000-0  67813-3 0  9993
2 31345  98.1378 116.0718 0086868 187.0671 172.9278 13.99383110577489
1 31346U 99025BRA 18211.86989677 +.00000244 +00000-0 +36610-4 0  9995
2 31346 098.8961 220.0398 0203302 260.2034 220.7913 14.73012795596509
1 31347U 99025BRB 13082.06375482 +.00003417 +00000-0 +11179-2 0  9998
2 31347 098.5096 027.3771 0159368 105.0735 256.8144 14.32129287311382
1 31348U 99025BRC 18212.25794245  .00000393  00000-0  20206-3 0  9994
2 31348  99.2085  16.4935 0038787 209.8099 276.0616 14.20938793580728
1 31349U 99025BRD 18208.06935781 -.00000018 +00000-0 +18092-4 0  9997
2 31349 099.1530 162.4845 0073362 073.6917 287.2299 13.99129166252053
1 31350U 99025BRE 18209.07460781 +.00000095 +00000-0 +54959-4 0  9990
2 31350 098.7453 307.4554 0075124 062.1409 298.7356 14.27520046589495
1 31351U 99025BRF 18211.52743253 +.00000308 +00000-0 +21165-3 0  9991
2 31351 098.8703 246.9802 0096375 043.9610 316.9173 14.04260695235696
1 31352U 99025BRG 07147.17882266 +.00001467 +00000-0 +49795-3 0  9993
2 31352 099.2426 144.9216 0184978 359.9320 000.1805 14.29220088008281
1 31353U 99025BRH 18210.61369045 +.00000166 +00000-0 +72228-4 0  9994
2 31353 099.1120 006.1178 0246635 249.9167 107.5313 14.22979395587074
1 31354U 99025BRJ 10225.02374198 +.00001711 +00000-0 +49501-3 0  9997
2 31354 098.3743 171.9042 0261508 151.6462 288.6853 14.27684578180239
1 31355U 99025BRK 18211.48737563  .00000522  00000-0  12648-3 0  9991
2 31355  98.8694  95.1137 0100544 349.8104 134.6404 14.54756369597218
1 31356U 99025BRL 18211.36749021  .00000560  00000-0  23066-3 0  9999
2 31356  98.7587 266.0314 0058644 354.7348  62.2066 14.29957019587826
1 31357U 99025BRM 18211.27827810 -.00000044 +00000-0 +33589-6 0  9995
2 31357 098.9423 231.9442 0050954 089.9526 328.8212 14.18218801585382
1 31358U 99025BRN 18211.24673781 +.00001289 +00000-0 +43992-3 0  9996
2 31358 098.9092 323.7743 0159623 227.9074 130.8443 14.31355039586922
1 31359U 99025BRP 18211.93524002 +.00000848 +00000-0 +57217-3 0  9999
2 31359 099.2502 244.4935 0093739 219.2446 140.1897 14.01259543256726
1 31360U 99025BRQ 18211.22601669  .00000857  00000-0  64433-3 0  9996
2 31360  97.9984  10.9053 0127516 306.6564  52.2931 13.92893874572775
1 31361U 99025BRR 18211.33301781  .00000016  00000-0  29203-4 0  9995
2 31361  98.6420 261.3650 0044856 267.8276  91.7762 14.16436521585231
1 31362U 99025BRS 18211.90900109 +.00000015 +00000-0 +29885-4 0  9993
2 31362 098.7583 240.7548 0017624 251.6954 108.2303 14.15734284584754
1 31363U 99025BRT 15023.62135407 +.00004798 +00000-0 +29730-2 0  9991
2 31363 098.4778 163.1285 0153435 258.0174 100.2762 13.99941214397319
1 31364U 99025BRU 18212.07859175  .00000188  00000-0  16249-3 0  9990
2 31364  99.2987 255.3844 0114257 329.6051  59.6813 13.95821474572909
1 31365U 99025BRV 18211.34590369 +.00000466 +00000-0 +22933-3 0  9993
2 31365 098.8477 258.5945 0056067 131.4390 289.5419 14.21592378582382
1 31366U 99025BRW 18209.15220528 +.00000836 +00000-0 +33257-3 0  9999
2 31366 098.8662 279.7383 0005324 157.6605 232.4141 14.31393093584115
1 31367U 99025BRX 18211.30381874 +.00000122 +00000-0 +51213-4 0  9993
2 31367 098.7593 339.7380 0113596 101.3574 289.8757 14.39101894596817
1 31368U 99025BRY 18212.51019767  .00000007  00000-0  26184-4 0  9998
2 31368  98.9363 313.0879 0050819  31.4686  28.3404 14.16219680587899
1 31369U 99025BRZ 18210.34260595 +.00000035 +00000-0 +38108-4 0  9995
2 31369 098.6578 246.8511 0058025 136.3084 281.2699 14.16840404261681
1 31370U 99025BSA 18212.30783753  .00000201  00000-0  14663-3 0  9995
2 31370  98.9165 243.1180 0034293 314.1808  45.6543 14.06763142584401
1 31371U 99025BSB 18212.43523476 -.00000041  00000-0  15812-5 0  9996
2 31371  99.0388 277.2600 0071239 155.7373 270.6855 13.99482101581130
1 31372U 99025BSC 18211.45163817 +.00000474 +00000-0 +29041-3 0  9993
2 31372 099.4077 037.1799 0043750 057.7911 302.7488 14.10542910577827
1 31374U 99025BSE 18211.50585516  .00000732  00000-0  39923-3 0  9992
2 31374  99.6253 103.4228 0203722 231.5173 126.7564 14.05583578580484
1 31376U 99025BSG 18211.29654575 +.00000394 +00000-0 +14764-3 0  9992
2 31376 098.8486 340.1155 0072980 344.1613 015.7289 14.35938148593467
1 31377U 99025BSH 11170.99704821 +.00001565 +00000-0 +50097-3 0  9997
2 31377 098.9405 241.7958 0109989 281.0130 074.2981 14.37746898223572
1 31378U 99025BSJ 18211.81494335  .00000129  00000-0  16881-3 0  9996
2 31378 100.7837  68.8323 0177470  93.9105 268.2349 13.75819602574768
1 31379U 99025BSK 18210.99984279 +.00004055 +00000-0 +31443-3 0  9999
2 31379 099.4832 121.5905 0080323 071.1973 289.7937 14.99648093603824
1 31380U 99025BSL 18208.69947860 +.00001237 +00000-0 +20904-3 0  9999
2 31380 096.5420 016.0510 0097903 003.4055 356.7798 14.67526784596578
1 31381U 99025BSM 18206.46379575 -.00000001 +00000-0 +14433-4 0  9995
2 31381 098.6352 289.8209 0220813 064.4109 297.9714 14.29069746588232
1 31382U 99025BSN 18212.15987594  .00002726  00000-0  47466-3 0  9991
2 31382  96.9223 181.6597 0048315  87.2345 273.4391 14.67927962595806
1 31383U 99025BSP 18211.95928125 +.00000504 +00000-0 +35402-3 0  9993
2 31383 099.2826 216.6710 0115896 162.0470 229.2075 13.99742779576631
1 31384U 99025BSQ 18211.59816304  .00000567  00000-0  28825-3 0  9999
2 31384  98.4694  82.1189 0505122  94.7574 300.2929 13.68208096562541
1 31385U 99025BSR 18211.98656459  .00000032  00000-0  23463-4 0  9997
2 31385  98.9508 118.0826 0140837 102.9885 322.4564 14.41038775598214
1 31386U 99025BSS 18211.68118591 +.00000340 +00000-0 +33036-3 0  9993
2 31386 098.4741 117.4586 0224026 016.5975 344.2359 13.74810527567788
1 31387U 99025BST 18212.57210826  .00000144  00000-0  79803-4 0  9992
2 31387  99.1240 336.0453 0250808 144.9025 278.7739 14.10560644584800
1 31388U 99025BSU 18212.04639986 -.00000163  00000-0 -72282-4 0  9994
2 31388  98.8559 241.7063 0047205 208.5875 180.7248 14.06157223587321
1 31389U 99025BSV 18209.00789535 +.00000573 +00000-0 +32447-3 0  9994
2 31389 099.0878 256.6970 0057124 346.2616 130.7396 14.13443086581635
1 31391U 06029D   18211.47574598  .00000468  00000-0  23990-4 0  9991
2 31391  64.5005 234.7786 0036741 263.9900  95.7041 15.29909189653021
1 31392U 06029E   18211.48655182 +.00000445 +00000-0 +23697-4 0  9991
2 31392 064.5005 242.0675 0033368 261.4526 098.2821 15.29174300653360
1 31397U 88005S   18210.96783861 -.00000401 +00000-0 -32900-3 0  9998
2 31397 082.5403 081.2626 0004507 302.0267 122.1681 13.91564765588636
1 31398U 88005T   17210.21077753 +.00000228 +00000-0 +16634-3 0  9993
2 31398 082.5348 019.8679 0024008 146.9432 337.3665 13.91936589553021
1 31399U 88005U   18208.34713229 +.00001621 +00000-0 +11926-2 0  9997
2 31399 082.5139 058.1637 0014593 229.6289 253.9686 13.95023757260194
1 31400U 88005V   15157.09886360 +.00001629 +00000-0 +13646-2 0  9998
2 31400 082.4021 285.5991 0053001 055.2905 305.3233 13.87020563427839
1 31401U 88005W   18210.87857565 +.00000742 +00000-0 +51930-3 0  9997
2 31401 082.5329 065.9921 0015394 156.6627 203.5242 13.97183843257501
1 31402U 88005X   18212.41002411  .00000930  00000-0  70138-3 0  9992
2 31402  82.5425  79.8421 0002795 100.2885  17.6794 13.93259993598858
1 31403U 96017D   18212.01383097  .00005583  00000-0  58840-3 0  9998
2 31403  98.3360 231.9369 0016635 149.5752 240.9243 14.89674322169869
1 31409U 05024J   18211.91754936 +.00000274 +00000-0 +17417-4 0  9992
2 31409 097.5256 258.5621 0010798 241.0842 118.9308 15.16711260694377
1 31410U 99025BSW 18211.06445926 +.00000230 +00000-0 +93302-4 0  9999
2 31410 098.6603 305.3982 0130990 325.6823 158.0859 14.32547844591153
1 31411U 99025BSX 18211.87298705  .00000092  00000-0  56959-4 0  9993
2 31411  98.9606 219.9160 0108901 120.1725 359.1768 14.23235301587952
1 31412U 99025BSY 18212.45852992  .00000633  00000-0  46016-3 0  9996
2 31412  98.5712 298.7417 0090518 329.7548  29.8409 13.97816609573146
1 31413U 99025BSZ 15331.95041123 +.00000790 +00000-0 +34005-3 0  9996
2 31413 098.7417 032.9781 0073158 303.2519 059.0305 14.26056564446361
1 31414U 99025BTA 18211.30422125  .00000624  00000-0  18743-3 0  9998
2 31414  98.6939 239.6796 0073955  80.0092 280.9434 14.44688934592657
1 31415U 99025BTB 18211.31235884 +.00000306 +00000-0 +16759-3 0  9996
2 31415 099.6795 237.0755 0075395 071.2028 289.7305 14.18641209245707
1 31416U 99025BTC 18211.49487332  .00000060  00000-0  35255-4 0  9993
2 31416  99.0333  89.5578 0142949 226.8049 257.1130 14.35318073589125
1 31417U 99025BTD 18212.17434553  .00001189  00000-0  29932-3 0  9994
2 31417  99.0515 112.5822 0044557 281.2638  78.3550 14.52728126590171
1 31418U 99025BTE 18204.53640493 +.00000794 +00000-0 +41892-3 0  9998
2 31418 099.1461 318.7422 0060624 022.8175 337.5671 14.15962559577423
1 31419U 99025BTF 18207.46498751 +.00000502 +00000-0 +19637-3 0  9991
2 31419 098.7071 292.5647 0075470 305.0026 054.4089 14.32353479589368
1 31420U 99025BTG 18211.05114156 +.00000174 +00000-0 +69332-4 0  9990
2 31420 097.5068 054.5709 0151821 248.7490 268.5002 14.32288875263922
1 31421U 99025BTH 15268.93844154 +.00000043 +00000-0 +40662-4 0  9995
2 31421 098.9667 322.4350 0063074 179.0666 181.0639 14.20221517436491
1 31422U 99025BTJ 18210.94095205 -.00000066  00000-0 -12923-4 0  9998
2 31422  98.8990 242.1821 0035094 322.0735 157.7549 14.06683781580083
1 31423U 99025BTK 18211.87474746 +.00000019 +00000-0 +27945-4 0  9999
2 31423 098.5917 244.6955 0038503 093.3869 267.1714 14.21287986587181
1 31424U 99025BTL 18206.36743741 +.00000074 +00000-0 +66118-4 0  9998
2 31424 098.4766 357.7683 0096048 184.0905 175.9490 14.06314616579175
1 31425U 99025BTM 08050.70542971 +.00000357 +00000-0 +27412-3 0  9992
2 31425 098.7911 027.3891 0081487 148.5974 209.2450 13.97702990043992
1 31426U 99025BTN 18212.24041733  .00000041  00000-0  50341-4 0  9991
2 31426  98.5700 205.7344 0356804 303.9468 118.0966 13.78556247564599
1 31427U 99025BTP 18210.10761999 +.00000484 +00000-0 +21325-3 0  9998
2 31427 098.8119 257.8761 0053491 044.3316 343.7818 14.27232908583057
1 31428U 99025BTQ 18211.76927149 +.00000210 +00000-0 +95942-4 0  9997
2 31428 099.0987 034.9181 0077913 086.2842 341.1870 14.30265433589507
1 31429U 99025BTR 18210.33530301 +.00000307 +00000-0 +18562-3 0  9999
2 31429 098.9577 246.0439 0018667 176.9691 246.6913 14.13754792578285
1 31430U 99025BTS 18212.53163140  .00000249  00000-0  14818-3 0  9993
2 31430  98.9905 239.0108 0031095 180.9624 335.2755 14.16226310580227
1 31431U 99025BTT 18211.11616507 +.00000063 +00000-0 +72109-4 0  9999
2 31431 098.5224 262.5593 0149928 031.8354 329.1764 13.92623740569721
1 31432U 99025BTU 18212.23287036  .00005265  00000-0  13590-3 0  9992
2 31432  99.0260 134.8204 0076061 207.7806 151.9362 15.36842729611241
1 31433U 99025BTV 18211.62881583 +.00000328 +00000-0 +21490-3 0  9995
2 31433 098.3846 260.6962 0131295 166.3836 345.5468 14.03968743576243
1 31434U 99025BTW 18211.59521698 +.00001132 +00000-0 +30482-3 0  9995
2 31434 099.0339 089.8575 0050952 316.9330 074.2501 14.49430204587941
1 31435U 99025BTX 18212.08437918  .00000023  00000-0  18967-4 0  9995
2 31435  98.9816 163.6037 0159954 333.9093  25.4099 14.48656727594803
1 31436U 99025BTY 18210.70264575 +.00000884 +00000-0 +35300-3 0  9994
2 31436 098.8626 292.6403 0132636 289.0937 224.8955 14.26444860581438
1 31437U 99025BTZ 18212.44576774  .00000678  00000-0  33901-3 0  9991
2 31437  98.9692 203.0450 0020336 100.0185 260.3287 14.20058410584354
1 31439U 99025BUB 18212.34854230  .00000243  00000-0  21294-3 0  9998
2 31439  99.1413 255.9641 0143529 301.3556 117.2512 13.90605314574577
1 31440U 99025BUC 18212.07409470  .00000632  00000-0  32423-3 0  9990
2 31440  98.9004 259.2758 0047606 188.9723 171.0606 14.18441549584170
1 31441U 99025BUD 18211.97550255  .00000165  00000-0  10100-3 0  9996
2 31441  99.3189 270.7313 0274244  10.8329 349.8581 14.01862673580327
1 31442U 99025BUE 18212.06680796  .00000083  00000-0  48799-4 0  9997
2 31442  98.6466 297.4219 0085758   3.0610 357.1079 14.28480079589841
1 31443U 99025BUF 18211.47305741 +.00000259 +00000-0 +93286-4 0  9992
2 31443 099.2310 095.2605 0252614 335.6476 023.2932 14.27038058283992
1 31444U 99025BUG 18212.56344190  .00000763  00000-0  27423-3 0  9994
2 31444  98.9338 347.1779 0110653 122.8655 238.3236 14.33427058590076
1 31445U 99025BUH 18211.39326654  .00001320  00000-0  31031-3 0  9990
2 31445  98.9099  57.6140 0060677 172.0682 311.1281 14.55162696593096
1 31446U 99025BUJ 18212.07940484  .00001302  00000-0  56147-3 0  9995
2 31446  98.7361 160.7140 0077634 113.2280 247.7098 14.24587886584576
1 31447U 99025BUK 18212.32324031  .00000123  00000-0  59347-4 0  9994
2 31447  98.8670 160.1255 0239255 154.7422 206.5682 14.20972100586341
1 31448U 99025BUL 18210.33018225 +.00000216 +00000-0 +11870-3 0  9990
2 31448 098.7329 248.5734 0065668 098.8344 262.0275 14.20285771586077
1 31449U 99025BUM 18211.80034189 +.00000032 +00000-0 +27982-4 0  9999
2 31449 098.8544 217.5836 0149819 250.3730 108.1229 14.30739350591222
1 31450U 99025BUN 18211.58463539 +.00001931 +00000-0 +11269-3 0  9990
2 31450 098.5584 347.3572 0335848 086.6806 277.2757 14.76396928594066
1 31451U 99025BUP 18212.54847394  .00000053  00000-0  55101-4 0  9991
2 31451  99.0679 233.1599 0031437 247.3369 267.0105 14.10495413583289
1 31452U 99025BUQ 18211.31800998 +.00000120 +00000-0 +88935-4 0  9991
2 31452 098.7600 250.8293 0041381 244.1547 115.5355 14.11715580581912
1 31453U 99025BUR 13108.74280262 +.00000791 +00000-0 +18700-3 0  9991
2 31453 098.8000 213.4019 0106835 015.4093 345.0313 14.53808865318467
1 31455U 99025BUT 18211.37266286 +.00000147 +00000-0 +86553-4 0  9999
2 31455 098.7887 271.1576 0225236 139.5424 222.2740 14.08831679581756
1 31456U 99025BUU 18211.48709368  .00000218  00000-0  96780-4 0  9997
2 31456  98.6416 294.6727 0081182 354.7326   5.2994 14.30701595589963
1 31457U 99025BUV 18211.76290700 +.00000842 +00000-0 +72738-4 0  9994
2 31457 099.0140 321.4753 0147995 028.5473 332.3746 14.92807597605083
1 31458U 99025BUW 18211.28451183 +.00000627 +00000-0 +16335-3 0  9997
2 31458 099.2193 219.9044 0089329 154.9722 205.5840 14.51320770266789
1 31459U 99025BUX 18208.38572961 +.00000619 +00000-0 +26878-3 0  9997
2 31459 098.1371 260.9518 0125849 214.5804 144.7144 14.23116596583680
1 31462U 99025BVA 18211.53589000  .00000146  00000-0  10753-3 0  9994
2 31462  98.9697 240.2859 0032450 261.0759 258.1372 14.10174706580440
1 31463U 99025BVB 18211.79738015 +.00000085 +00000-0 +41836-4 0  9994
2 31463 099.1137 049.1804 0232598 315.9911 042.2955 14.29628019262079
1 31464U 99025BVC 18211.26004896 +.00000111 +00000-0 +88596-4 0  9994
2 31464 099.1091 227.0657 0044072 262.7701 155.2349 14.09937292567182
1 31465U 99025BVD 18211.11703580 +.00001090 +00000-0 +69319-3 0  9993
2 31465 098.6442 331.5175 0125145 278.9537 079.7481 14.02006384571320
1 31466U 99025BVE 18180.71739678  .00000007  00000-0  19279-4 0  9990
2 31466  99.2368 348.6698 0307539 102.3064 326.1397 14.16382076578634
1 31467U 99025BVF 18210.33666908 +.00000757 +00000-0 +61208-3 0  9998
2 31467 098.5830 242.3593 0171924 217.7365 141.1634 13.86458796568511
