1 36702U 99025DZY 18211.00860733  .00000665  00000-0  30298-3 0  9995
2 36702  98.3628 292.0006 0111376  48.1485 312.9135 14.21418286539349
1 36703U 99025DZZ 18212.18963699  .00000068  00000-0  62834-4 0  9990
2 36703  97.8477 344.9090 0131716 158.4742 202.2037 14.01015784535596
1 36706U 99025EAC 18212.17351389  .00006159  00000-0  10830-2 0  9993
2 36706  98.7827 185.7146 0022191 245.4073 114.4817 14.67870765546267
1 36707U 99025EAD 18211.32685988  .00000237  00000-0  15675-3 0  9999
2 36707  99.0201 242.9175 0054035 178.8362 181.2943 14.10258366476593
1 36710U 99025EAG 18207.39280783 +.00000487 +00000-0 +19278-3 0  9999
2 36710 098.6366 262.0476 0086776 282.8302 076.3196 14.31314247262566
1 36711U 99025EAH 18212.12118176  .00000909  00000-0  47688-3 0  9998
2 36711 100.8151 326.6230 0153684 219.8907 139.0882 14.11705861504892
1 36712U 99025EAJ 18211.40869745 +.00001268 +00000-0 +29841-3 0  9994
2 36712 098.9432 075.4783 0054661 184.0973 175.9782 14.55396858201381
1 36713U 99025EAK 18211.11129982 +.00000619 +00000-0 +83308-4 0  9993
2 36713 098.3886 323.5861 0226034 092.2964 270.4138 14.66929297568886
1 36714U 99025EAL 18211.35676055 +.00000450 +00000-0 +25134-3 0  9993
2 36714 098.8800 268.9586 0034037 230.8015 129.0135 14.15559789509139
1 36715U 99025EAM 14063.88304835 +.00003532 +00000-0 +78678-3 0  9992
2 36715 098.4915 102.4330 0195372 096.9632 270.2058 14.46367213279329
1 36716U 99025EAN 18205.59257321 -.00000010 +00000-0 +27420-4 0  9999
2 36716 099.1930 125.8957 0150466 281.7546 076.6765 13.86805325535212
1 36717U 99025EAP 11308.54978809 +.00010977 +00000-0 +29447-2 0  9994
2 36717 099.0977 054.7597 0166143 296.5016 067.1912 14.40436579155431
1 36719U 99025EAR 18208.38322848 +.00000366 +00000-0 +18707-3 0  9999
2 36719 098.4521 067.1921 0107712 046.1272 314.8740 14.18083157492115
1 36724U 99025EAW 18211.37679691  .00000591  00000-0  35471-3 0  9996
2 36724  99.4921  59.0010 0132492 114.2386   8.9508 14.06749691503734
1 36726U 99025EAY 18211.98853628  .00003539  00000-0  22212-3 0  9993
2 36726  98.9710 283.5695 0061338 299.2718  60.2384 15.08616112516328
1 36727U 99025EAZ 11100.04037224 -.00032535 +00000-0 -97688-2 0  9995
2 36727 099.0264 192.8032 0124855 084.8300 279.3135 14.38422909133302
1 36729U 99025EBB 18211.91750279 +.00000073 +00000-0 +67733-4 0  9995
2 36729 098.7908 254.0283 0046730 312.5916 047.1316 14.07992391493543
1 36730U 99025EBC 18209.57621907 +.00000996 +00000-0 +32006-3 0  9999
2 36730 099.6480 338.6569 0034523 286.4966 130.7881 14.41712925340062
1 36731U 99025EBD 18211.39149266 +.00000646 +00000-0 +25257-3 0  9998
2 36731 099.1529 070.5996 0052883 073.6918 287.0071 14.32419465270264
1 36732U 99025EBE 18212.07652149  .00000703  00000-0  79176-4 0  9998
2 36732  98.9495 307.4663 0145642 268.8860  89.5661 14.83552374515161
1 36733U 99025EBF 18211.76907150  .00000363  00000-0  28955-3 0  9999
2 36733  99.1879 144.8661 0154609 271.3548  86.9905 13.92234334450170
1 36734U 99025EBG 18212.13884061  .00000406  00000-0  25046-3 0  9993
2 36734  99.0176 175.4095 0041935 267.8156  91.8212 14.10725256446599
1 36735U 99025EBH 18211.44606659 +.00000554 +00000-0 +19962-3 0  9996
2 36735 099.1290 087.4035 0098385 151.5309 333.9380 14.35297378557465
1 36736U 99025EBJ 18211.32951154 +.00000605 +00000-0 +35335-3 0  9996
2 36736 098.9952 255.0479 0071573 227.8309 131.6769 14.11014952505400
1 36738U 99025EBL 18204.46522309 +.00001133 +00000-0 +42015-3 0  9991
2 36738 100.7910 093.3240 0035632 263.9527 095.7590 14.34652876537760
1 36739U 99025EBM 11305.18945240 -.00001324 +00000-0 -32064-3 0  9996
2 36739 098.9861 059.9652 0129364 198.2392 145.0771 14.46035147163882
1 36741U 99025EBP 18209.09167479 +.00001073 +00000-0 +59438-3 0  9992
2 36741 098.4588 296.8294 0120595 135.3053 225.7915 14.09543805503230
1 36742U 99025EBQ 11327.14622580 +.00007744 +00000-0 +50120-2 0  9991
2 36742 098.8200 276.5513 0087519 310.3674 048.9873 14.01138102162272
1 36743U 99025EBR 18211.92221565 +.00000450 +00000-0 +24485-3 0  9998
2 36743 098.8667 250.0672 0057634 193.0727 166.8956 14.16364689225384
1 36857U 82025AU  18064.73216966  .00000957  00000-0  55297-3 0  9997
2 36857  82.5284 214.4582 0034083  17.8500 342.3861 14.07836686688542
1 36858U 82025AV  18212.02210898  .00000688  00000-0  40752-3 0  9994
2 36858  82.5239 105.3653 0029180   4.4942 355.6486 14.06218829637438
1 36859U 82025AW  18210.98187154 +.00000521 +00000-0 +29894-3 0  9996
2 36859 082.5211 099.9980 0027312 354.7598 005.3285 14.07544462696687
1 36860U 82025AX  18198.55250235 +.00000997 +00000-0 +61343-3 0  9999
2 36860 082.5273 134.4944 0018050 237.0803 124.2065 14.04652988027789
1 36861U 82025AY  18211.94206442 +.00000621 +00000-0 +34866-3 0  9994
2 36861 082.5098 084.8707 0016085 281.9067 078.0303 14.09150724258824
1 36862U 82025AZ  18022.99188056  .00000421  00000-0  24554-3 0  9991
2 36862  82.5558 276.9948 0017267 266.2728  93.6470 14.06367035597444
1 36863U 82025BA  18211.02012545 +.00000357 +00000-0 +20487-3 0  9994
2 36863 082.5251 108.6949 0007550 331.8952 028.1812 14.07008904716207
1 36864U 82025BB  18086.13648402 +.00001012 +00000-0 +63002-3 0  9993
2 36864 082.5497 235.6546 0018899 057.9857 302.3025 14.03983554717586
1 36865U 82025BC  18210.35027488 +.00000775 +00000-0 +42433-3 0  9992
2 36865 082.5357 083.1987 0024378 187.1060 172.9773 14.10669945731690
1 36866U 82025BD  18204.22461887 +.00000884 +00000-0 +58583-3 0  9991
2 36866 082.5325 184.8727 0014475 265.7089 094.2426 14.00429921733542
1 36867U 82025BE  16087.24869910 +.00001260 +00000-0 +71195-3 0  9993
2 36867 082.4461 076.2107 0004576 293.0848 066.9843 14.09567174081218
1 36875U 81043N   18211.24227772  .00000969  00000-0  27950-3 0  9991
2 36875  81.2621 181.5955 0017636 200.1735 159.8759 14.43968592757628
1 36878U 81043R   18212.05793031 -.00000137  00000-0 -66702-4 0  9998
2 36878  81.2567 343.0640 0040933 282.4827 197.3306 14.22220951459358
1 36879U 81043S   18211.04347201 +.00000322 +00000-0 +13223-3 0  9994
2 36879 081.2568 338.5964 0042782 262.6431 096.9885 14.24481912242649
1 36880U 93041H   18204.76044770  .00002116  00000-0  40203-3 0  9994
2 36880  89.5460 201.1618 0058274 181.9324 178.5694 14.62778558426579
1 36881U 05011C   18212.26809564  .00000933  00000-0  30879-3 0  9992
2 36881  99.0236 323.7871 0001980 144.1369 215.9951 14.40442524457675
1 36882U 89001V   18211.87312982  .00001324  00000-0  46415-2 0  9990
2 36882  64.9948   1.5885 2443604 123.9157 261.8586  9.42187796278317
1 36884U 89039EG  14039.05565103 +.00080351 +00000-0 +40423+0 0  9999
2 36884 064.0227 015.4321 5502148 003.5212 359.0982 04.47753952102966
1 36932U 87011L   13276.37571584 +.00000275 +00000-0 +13788-3 0  9993
2 36932 065.0107 275.6843 0021780 255.0806 105.2836 14.32581578215785
1 36933U 87011M   15200.49217724 +.00000414 +00000-0 +18616-3 0  9999
2 36933 065.0068 240.2274 0022532 331.4685 025.8942 14.33218183311331
1 36934U 87011N   15145.07798875 -.00000084  00000-0  63348-5 0  9991
2 36934  64.9859  38.0645 0017163 328.5618  97.2874 14.31029680301460
1 36935U 87011P   18211.05512123 -.00000009  00000-0  32657-4 0  9992
2 36935  65.0099   8.3428 0019877 283.0607  76.8260 14.34044813486818
1 36936U 87011Q   18212.05097752 -.00000008  00000-0  33024-4 0  9998
2 36936  65.0018   2.4636 0020897 280.6861  79.1872 14.34059783482177
1 36937U 87011R   18211.82803037 -.00000013 +00000-0 +31283-4 0  9995
2 36937 065.0147 007.0732 0019458 279.7130 080.1758 14.34098753257881
1 36938U 87011S   12308.15599913 +.00000163 +00000-0 +97831-4 0  9994
2 36938 065.0110 134.9824 0021184 356.7197 003.4619 14.31841052189672
1 36939U 87011T   18209.83109134 +.00000006 +00000-0 +37915-4 0  9991
2 36939 065.0176 011.7405 0022176 278.5324 081.3249 14.34260579489799
1 36940U 87011U   18212.08319089 -.00000019  00000-0  29394-4 0  9993
2 36940  65.0146  19.5637 0022885 279.5719  80.2780 14.33299633467614
1 36941U 87011V   17066.22160508  .00000336  00000-0  11932-3 0  9995
2 36941  65.0254   0.5074 0018088 164.3801 195.7773 14.34210651407558
1 36942U 87011W   18211.79423794 -.00000014 +00000-0 +30851-4 0  9996
2 36942 065.0081 000.2634 0022405 281.7288 078.1284 14.34380689199230
1 36943U 87011X   18212.10593146 -.00000008  00000-0  33816-4 0  9999
2 36943  65.0104  19.8166 0020263 287.2591  72.6277 14.33149801436593
1 36944U 87011Y   18211.09931244 -.00000005  00000-0  34625-4 0  9998
2 36944  65.0114  22.3963 0018069 274.2513  85.6508 14.33192221442132
1 36945U 87011Z   15149.05901850 +.00001428 +00000-0 +54358-3 0  9995
2 36945 065.0275 021.7831 0015810 260.2765 099.9410 14.34179390326373
1 36946U 87011AA  18208.90271603 -.00000001 +00000-0 +36009-4 0  9996
2 36946 065.0162 025.1637 0019299 280.6990 079.1922 14.33569227465184
1 36947U 87011AB  18211.03952562 -.00000006  00000-0  33678-4 0  9999
2 36947  65.0106   6.7084 0022076 275.7587  84.0982 14.34181530467325
1 36948U 87011AC  15156.23536462  .00000274  00000-0  13689-3 0  9999
2 36948  65.0043   9.9612 0016523 278.2852  81.6359 14.32818128297062
1 36949U 87011AD  16145.47753520  .00000288  00000-0  10374-3 0  9994
2 36949  65.0203  95.4224 0018319 257.3061 102.5868 14.33385810348596
1 36950U 87011AE  10279.14439346 +.00000083 +00000-0 +69553-4 0  9996
2 36950 065.0062 102.9980 0019734 249.9385 109.9530 14.30742457053841
1 36951U 87011AF  16136.38961746 +.00000217 +00000-0 +11491-3 0  9991
2 36951 064.9952 119.0963 0020734 232.9739 127.0624 14.33348672085366
1 36952U 87011AG  11108.08334237 +.00000289 +00000-0 +14707-3 0  9994
2 36952 065.0070 279.8243 0017011 248.2653 111.6933 14.31073575071783
1 36953U 87011AH  14347.04356504 +.00030319 +00000-0 +11022-1 0  9992
2 36953 065.0145 138.0911 0012497 286.7520 073.2194 14.33042560250466
1 36954U 87011AJ  14083.59399414 +.00001081 +00000-0 +43755-3 0  9991
2 36954 065.0156 160.4901 0018233 259.7518 099.9125 14.32091240211428
1 36958U 06006CQ  17158.45654172  .00000804  00000-0  48688-3 0  9998
2 36958  51.7761 208.0351 4823537 167.4002 211.2693  5.78167325894707
1 36959U 06006CR  18211.88155299 +.00020483 +00000-0 +36527-2 0  9996
2 36959 051.8401 350.6740 4054244 120.3701 346.1048 07.23111383118921
1 36963U 06006CV  18212.16976491  .00000395  00000-0  18625-3 0  9998
2 36963  51.5491 264.4743 4986761  62.5120 339.2199  5.55083574197983
1 36964U 06006CW  18182.02668931 +.00000365 +00000-0 +43183-3 0  9991
2 36964 052.1036 052.2187 4999580 237.5006 064.3827 05.44317249197139
1 36971U 07003AH  18211.08513007 -.00000142  00000-0 -10997-2 0  9990
2 36971  26.3089 357.1156 7604210 217.3812  51.9219  1.75719345 61868
1 36986U 99025EBS 18211.41646637  .00000674  00000-0  46030-3 0  9990
2 36986  99.2347 201.1821 0107831 129.6073 231.4671 14.00490296439556
1 36987U 99025EBT 18210.20005618 +.00000017 +00000-0 +90378-4 0  9991
2 36987 100.8649 204.6433 0324440 292.4637 064.2435 13.43532838436619
1 36988U 99025EBU 10300.04390631 +.00004318 +00000-0 +12240-2 0  9996
2 36988 098.4006 244.7484 0258959 291.1722 066.1963 14.28201880114346
1 36989U 99025EBV 18212.29895641  .00000471  00000-0  38840-3 0  9996
2 36989  98.2015  34.0643 0265250 200.6045 158.4252 13.78042958473344
1 36990U 99025EBW 18206.46595189 +.00000175 +00000-0 +21687-3 0  9996
2 36990 096.5941 290.9452 0300977 184.7945 175.0303 13.54279291463575
1 36991U 99025EBX 18208.43874346 -.00000147 +00000-0 -10724-3 0  9992
2 36991 098.1361 276.8527 0284393 075.5411 287.7111 13.65434497536329
1 36994U 99025ECA 18210.55544866 -.00000031 +00000-0 +67025-5 0  9991
2 36994 098.7157 323.1207 0117510 130.1568 230.9954 13.89848568437115
1 36995U 99025ECB 18204.96780914 +.00000247 +00000-0 +17903-3 0  9992
2 36995 098.3519 268.2614 0040332 050.1241 310.3464 14.04211969256767
1 36996U 99025ECC 18210.22190080 +.00000133 +00000-0 +79853-4 0  9995
2 36996 098.2094 213.5782 0282771 096.1507 325.1976 14.01085089479997
1 36997U 99025ECD 18212.27999635  .00000850  00000-0  18156-3 0  9990
2 36997  98.6430 244.1698 0140906  67.6430 293.9630 14.55661761541662
1 36999U 99025ECF 17274.90749565  .00001255  00000-0  10116-2 0  9991
2 36999  99.2536 163.5282 0195419 326.2982  32.0381 13.83874933466462
1 37001U 99025ECH 18211.34692309 +.00000480 +00000-0 +29327-3 0  9993
2 37001 098.9833 257.4556 0032917 291.3392 129.0926 14.10599175195600
1 37003U 99025ECK 18208.41199252 +.00000154 +00000-0 +14905-3 0  9992
2 37003 099.1327 271.0233 0099189 331.7388 084.7371 13.92127220452957
1 37004U 99025ECL 13087.63653912 +.00010789 +00000-0 +19502-2 0  9997
2 37004 097.7253 239.0487 0171938 340.4575 019.1680 14.57362109282824
1 37005U 99025ECM 12244.48222671 +.00002402 +00000-0 +73941-3 0  9990
2 37005 098.9250 336.4889 0107972 062.7475 286.3404 14.39165373228739
1 37006U 99025ECN 18211.18108792  .00000136  00000-0  43282-4 0  9993
2 37006  99.3447 190.8507 0305005 177.1034 183.2007 14.33748272458896
1 37007U 99025ECP 18212.20075260  .00000677  00000-0  28120-3 0  9994
2 37007  99.0936 355.5894 0092007  13.8715 346.4960 14.27662005460181
1 37008U 99025ECQ 18211.70406838 -.00000163  00000-0 -77013-4 0  9996
2 37008  99.1049 293.1420 0073788 142.2823 218.3547 14.01184415455012
1 37009U 99025ECR 16094.61266372  .00006053  00000-0  27556-2 0  9998
2 37009 102.3517 240.1277 0112444 146.8164 216.3439 14.18963920447285
1 37011U 99025ECT 18212.01967724  .00001400  00000-0  33616-3 0  9994
2 37011  98.9318  54.2548 0061332 205.9020 153.9101 14.54055903443279
1 37012U 99025ECU 18208.87003631 +.00000635 +00000-0 +48653-3 0  9998
2 37012 098.5597 237.5671 0218131 194.8078 164.6624 13.85923929215291
1 37013U 99025ECV 18208.73171508 +.00001919 +00000-0 +24071-3 0  9997
2 37013 098.4132 189.2064 0107775 283.8185 075.1051 14.79518193152718
1 37014U 99025ECW 18212.27678712  .00000740  00000-0  37318-3 0  9990
2 37014  99.0054 238.4305 0034765 193.3456 166.6802 14.19140754446240
1 37017U 99025ECZ 18210.99734500  .00000185  00000-0  62968-4 0  9991
2 37017  98.7225 127.9707 0354833 265.3578  90.6997 14.18781509531359
1 37018U 99025EDA 18211.18333536  .00000950  00000-0  47631-3 0  9997
2 37018  98.5147 198.6358 0352681 315.0316  42.2773 13.91195177518888
1 37019U 99025EDB 18205.99011251 +.00000478 +00000-0 +19392-3 0  9995
2 37019 098.7460 284.4950 0200553 265.3897 092.4350 14.22177692263266
1 37020U 99025EDC 12092.76468176 +.00008233 +00000-0 +14885-2 0  9990
2 37020 097.7966 278.2827 0317096 292.7923 063.1028 14.38871371154388
1 37021U 99025EDD 18211.95966729 +.00000322 +00000-0 +13470-3 0  9999
2 37021 098.6671 268.4334 0198409 201.3227 285.5727 14.22671033317141
1 37022U 99025EDE 18177.95921503 +.00000947 +00000-0 +57717-3 0  9997
2 37022 098.4717 232.1774 0151492 014.0481 108.0789 14.02732317521874
1 37024U 99025EDG 18211.92956360 +.00001914 +00000-0 +39883-3 0  9993
2 37024 099.3302 266.6870 0030515 312.6397 047.2228 14.61126194235846
1 37025U 99025EDH 14225.62686498 +.00001691 +00000-0 +92453-3 0  9998
2 37025 098.2409 010.1982 0058630 211.6795 148.1333 14.12310199364945
1 37026U 99025EDJ 18208.90502163 +.00000452 +00000-0 +20020-3 0  9996
2 37026 098.7982 258.1053 0055816 041.1666 319.3704 14.27207022265205
1 37027U 99025EDK 12269.99706184 -.00225168 +00000-0 -95582-1 0  9994
2 37027 098.8325 286.9156 0124832 037.2816 323.8819 14.22836690193952
1 37028U 99025EDL 18211.61087740  .00000348  00000-0  22841-3 0  9996
2 37028  99.2614 343.6175 0041536  68.9347 291.6256 14.08514700564262
1 37029U 99025EDM 11154.27664917 +.00003802 +00000-0 +16653-2 0  9996
2 37029 099.7201 322.6126 0040909 144.7798 214.5503 14.23942953177686
1 37030U 99025EDN 18151.28840042  .00001761  00000-0  75430-3 0  9999
2 37030  99.7059 183.5702 0032686 231.5855 128.2385 14.26105178497794
1 37031U 99025EDP 13276.59222959 +.00003598 +00000-0 +12519-2 0  9996
2 37031 099.6938 202.3361 0054442 202.5395 157.4716 14.35336407267127
1 37032U 99025EDQ 18211.25187876  .00001986  00000-0  19181-3 0  9994
2 37032  99.3745  17.5456 0089451 141.1274 219.6418 14.91457636566328
1 37033U 99025EDR 14010.74901544 +.00001926 +00000-0 +56596-3 0  9993
2 37033 099.6810 354.2668 0119936 182.1140 177.9553 14.41089992322574
1 37034U 99025EDS 10029.37010495 +.00001032 +00000-0 +36414-3 0  9990
2 37034 098.9503 074.3057 0108017 334.4475 031.7245 14.33842578122895
1 37035U 99025EDT 18210.87895774 +.00000807 +00000-0 +47232-3 0  9996
2 37035 100.6371 233.9378 0066060 203.7717 156.0392 14.10990417556994
1 37036U 99025EDU 18211.37169383 +.00000278 +00000-0 +19942-3 0  9992
2 37036 098.9315 266.0518 0129413 005.8114 354.4517 14.00999081260281
1 37038U 99025EDW 18171.04328661  .00001486  00000-0  65297-3 0  9995
2 37038  99.0355 266.5387 0061562 190.7915 169.1946 14.24144179526504
1 37039U 99025EDX 12238.29438248 +.00007539 +00000-0 +11388-2 0  9990
2 37039 098.9700 034.6354 0121923 268.8898 087.6090 14.69676837225162
1 37040U 99025EDY 18201.71835855  .00000683  00000-0  33554-3 0  9993
2 37040  99.5643 164.3626 0083995 314.6030 167.3650 14.19635218492217
1 37041U 99025EDZ 18195.95074527  .00000433  00000-0  32047-3 0  9992
2 37041  98.9794  91.4121 0163467 240.1763 118.3062 13.94410498548068
1 37042U 99025EEA 18211.35351524  .00000684  00000-0  23624-3 0  9990
2 37042  98.7398 251.9656 0105164 195.8252 163.9639 14.36051731562095
1 37043U 99025EEB 18211.59298873 +.00002514 +00000-0 +62005-3 0  9994
2 37043 099.3273 138.6026 0090438 344.7055 015.1406 14.50766327249733
1 37044U 99025EEC 18207.11220452 -.00000003 +00000-0 +23932-4 0  9995
2 37044 098.9412 161.1645 0594723 266.7738 086.5232 13.48053358473792
1 37045U 99025EED 18204.26640283 +.00000957 +00000-0 +59633-3 0  9990
2 37045 098.3215 210.0786 0130282 254.2087 104.4683 14.02942052538457
1 37046U 99025EEE 18209.32897016 +.00000248 +00000-0 +14114-3 0  9999
2 37046 098.7992 245.2732 0057302 154.2587 206.1460 14.17582845259527
1 37047U 99025EEF 18211.14525626 -.00000658  00000-0 -54334-3 0  9993
2 37047  99.1535 342.7285 0279833  88.5589 274.7592 13.69100008553806
1 37048U 99025EEG 18212.36127377  .00000117  00000-0  16259-3 0  9992
2 37048  98.9037 260.9589 0257022 327.5330  87.7460 13.62435244496106
1 37049U 99025EEH 18210.29519313 +.00000483 +00000-0 +25612-3 0  9997
2 37049 099.2836 029.2910 0048974 312.0837 047.6176 14.18129797541742
1 37051U 99025EEK 18212.18381179  .00079907  00000-0  17277-2 0  9991
2 37051  98.9112 191.7579 0008381 153.9812 206.1854 15.44165615477288
1 37052U 99025EEL 18198.42133264  .00000113  00000-0  16498-3 0  9990
2 37052  98.7440 266.5597 0549043 334.0644  23.3876 13.21111334476253
1 37053U 99025EEM 18208.48738719 +.00000459 +00000-0 +18128-3 0  9990
2 37053 099.1470 098.2990 0058872 139.3823 345.1564 14.33138176494682
1 37054U 99025EEN 18210.97518253  .00000070  00000-0  54569-4 0  9996
2 37054  98.6689 258.7234 0103639 305.4156  53.7374 14.16358584502599
1 37055U 99025EEP 18212.43731549  .00000579  00000-0  16869-3 0  9999
2 37055  98.6182 296.1032 0106151  88.0211 273.3132 14.44778342511690
1 37056U 99025EEQ 18211.41067893  .00000111  00000-0  33778-4 0  9992
2 37056  98.9799  66.5183 0302151 234.2338 123.0411 14.39812445486360
1 37057U 99025EER 18212.28781236  .00000082  00000-0  70013-4 0  9993
2 37057  99.1921 242.3515 0291601 303.2001  54.1507 13.93190395471237
1 37058U 99025EES 18169.99996813  .00006490  00000-0  17165-2 0  9998
2 37058  96.6782 240.0191 0094640 223.7254 135.6420 14.46402725454681
1 37059U 99025EET 15249.98317232  .00010772  00000-0  11636-2 0  9991
2 37059  98.6068 326.5617 0132532 303.7366  55.1677 14.82262040353312
1 37060U 99025EEU 18211.21795806  .00000408  00000-0  31255-3 0  9993
2 37060  99.3275 209.2566 0082382 156.7838 203.7079 13.97620956543967
1 37061U 99025EEV 18211.21259794  .00000434  00000-0  26760-3 0  9999
2 37061  98.0350 197.6178 0906016   7.1442 354.1624 12.89782540693091
1 37062U 99025EEW 13239.81117959 +.00000694 +00000-0 +18360-3 0  9992
2 37062 098.6149 244.9623 0218378 003.9261 002.7389 14.39013980259774
1 37064U 99025EEY 18212.37975235  .00000809  00000-0  64312-3 0  9996
2 37064  98.9019  48.7591 0141162 317.0437  41.9767 13.89553528454772
1 37065U 99025EEZ 18189.65573240 -.00000223  00000-0 -17493-3 0  9991
2 37065 103.3171 130.1805 0317102 288.4044  68.2844 13.49103414517084
1 37067U 99025EFB 18211.89573487 +.00000781 +00000-0 +72376-3 0  9996
2 37067 099.3815 093.8053 0216615 011.3926 349.2016 13.75404881202360
1 37068U 99025EFC 18212.25505043  .00006858  00000-0  48058-3 0  9992
2 37068  98.6332  16.2639 0099499 113.8741 247.2945 15.01613755511058
1 37069U 99025EFD 18204.26046956 +.00000631 +00000-0 +82820-3 0  9996
2 37069 095.8428 215.0282 0453935 235.4414 120.3092 13.27283117518124
1 37070U 99025EFE 14360.12828883 +.00008172 +00000-0 +16173-2 0  9994
2 37070 098.7814 123.3516 0150446 319.3414 029.8394 14.55620330274379
1 37074U 99025EFJ 10249.68255970 +.00008707 +00000-0 +80018-3 0  9996
2 37074 099.2133 071.4264 0218646 194.0568 165.4267 14.78642535095059
1 37076U 99025EFL 18174.83415751  .00000739  00000-0  45484-3 0  9990
2 37076  98.2978 198.3405 0161171 266.6509  91.6211 14.02127951495425
1 37077U 99025EFM 18210.15588021 +.00000087 +00000-0 +45099-4 0  9997
2 37077 099.0337 102.6678 0103054 307.4939 051.6909 14.35836523463299
1 37079U 99025EFP 18210.92634606  .00000611  00000-0  30155-3 0  9994
2 37079  98.9308 259.4334 0023861  56.4655 303.8796 14.21102734490886
1 37080U 99025EFQ 18168.95447963 +.00000763 +00000-0 +47321-3 0  9990
2 37080 098.1593 078.8174 0174829 331.8728 027.3078 14.00466673494464
1 37081U 99025EFR 18211.08474560 +.00000476 +00000-0 +36020-3 0  9992
2 37081 098.7411 172.4698 0380425 052.2823 311.2174 13.68594187214549
1 37084U 93036BFE 18184.57818344 +.00000125 +00000-0 +18991-4 0  9995
2 37084 074.0333 158.3349 0142157 233.1726 125.6343 14.79660053259181
1 37085U 93036BFF 18211.58486888  .00000400  00000-0  62921-4 0  9990
2 37085  73.9808 174.7572 0093536 302.3256  56.8883 14.73554825461711
1 37086U 93036BFG 18211.81282344  .00000656  00000-0  13848-3 0  9994
2 37086  74.0044 356.4578 0056111  70.0305 290.6892 14.60506389435697
1 37087U 93036BFH 18212.43807245  .00001522  00000-0  33894-3 0  9993
2 37087  74.0207 226.2489 0208718 270.2859  87.4385 14.45294417457832
1 37088U 93036BFJ 18211.35728843 +.00000686 +00000-0 +13766-3 0  9996
2 37088 074.0223 347.1886 0025505 073.0408 287.3551 14.63534769438321
1 37089U 93036BFK 18211.11635299  .00000208  00000-0  84263-4 0  9994
2 37089  74.0448   0.4922 0208189  36.3823 325.1267 14.22487014451241
1 37092U 93036BFN 18210.18680345 +.00001757 +00000-0 +29195-3 0  9998
2 37092 074.0214 022.6322 0015674 019.9312 340.2468 14.70863719468142
1 37093U 93036BFP 18206.73111500 +.00001912 +00000-0 +32167-3 0  9993
2 37093 074.0218 353.6949 0163290 199.6922 159.7896 14.61912703456772
1 37094U 93036BFQ 18208.95876580 +.00000279 +00000-0 +11935-3 0  9991
2 37094 074.1161 316.5192 0098903 269.0076 089.9739 14.26838145459916
1 37095U 93036BFR 18211.26658388  .00000329  00000-0  22309-3 0  9997
2 37095  73.8493 193.1198 0221067  20.4060 340.5729 13.92794316473955
1 37097U 93036BFT 14006.09072096 -.00161143 +00000-0 -34702-1 0  9996
2 37097 074.0192 278.5435 0113048 056.5630 304.6281 14.55483772199219
1 37101U 93036BFX 18212.38628880  .00000372  00000-0  11132-3 0  9993
2 37101  74.0411 106.1245 0064340 144.9291 215.6130 14.45159971438376
1 37103U 93036BFZ 18209.27201183  .00001731  00000-0  16696-3 0  9992
2 37103  73.7824  82.5895 0058739 103.7189 257.0541 14.92553302465277
1 37105U 93036BGB 18211.01570681  .00000032  00000-0  25866-4 0  9994
2 37105  73.8908 320.3151 0393355  63.3290 300.7548 13.86460210462784
1 37108U 93036BGE 18212.52912915  .00000385  00000-0  15864-3 0  9991
2 37108  74.0505 292.9999 0118295 307.8722  51.1770 14.26508968471794
1 37110U 93036BGG 18212.16962514  .00000934  00000-0  13958-3 0  9996
2 37110  73.7993 155.6589 0057145  76.0170 284.7347 14.75324402448197
1 37111U 93036BGH 18206.06032433 +.00006174 +00000-0 +37454-3 0  9996
2 37111 074.0102 099.5083 0048143 145.9316 214.4983 15.09765796452166
1 37114U 93036BGL 18211.90223623 +.00001072 +00000-0 +27865-3 0  9998
2 37114 073.8184 044.4975 0056632 128.5266 232.0990 14.50021151198209
1 37118U 93036BGQ 18209.43736938 +.00000489 +00000-0 +14773-3 0  9990
2 37118 074.0292 123.5632 0014025 146.3209 213.8843 14.45013820462778
1 37120U 93036BGS 18206.70843477 +.00001071 +00000-0 +34818-3 0  9997
2 37120 074.0184 218.2272 0055113 207.5878 152.2350 14.39154841446940
1 37123U 93036BGV 18212.12260681  .00001271  00000-0  24774-3 0  9995
2 37123  73.9943   0.3950 0011601  87.7345  34.7294 14.64093323445932
1 37124U 93036BGW 18212.27185973  .00001355  00000-0  37603-3 0  9990
2 37124  74.0127 192.4485 0089580 222.7477 136.6690 14.45206868460605
1 37125U 93036BGX 18210.58823511 +.00000976 +00000-0 +16519-3 0  9991
2 37125 074.0240 309.6042 0024014 065.2116 295.1549 14.70601290433255
1 37126U 93036BGY 18212.26312765  .00000096  00000-0  21486-4 0  9996
2 37126  73.9517 183.0934 0137008 328.9215  30.3898 14.66114181455075
1 37127U 93036BGZ 18211.51861761  .00001184  00000-0  34656-3 0  9990
2 37127  74.0104 168.0433 0040873 155.3282 204.9843 14.44597346460626
1 37131U 93036BHD 18211.29352340  .00001480  00000-0  33868-3 0  9991
2 37131  74.0197  71.0999 0020378  81.8537 278.4938 14.56458459467562
1 37132U 93036BHE 18211.04921254  .00000206  00000-0  52680-4 0  9990
2 37132  74.0122 347.9520 0058325  87.7635 273.0205 14.55797829439847
1 37133U 93036BHF 18210.13450497 -.00001012 +00000-0 -56547-3 0  9999
2 37133 074.0180 023.3172 0307011 071.2666 292.1512 13.88559830417607
1 37136U 97051XG  18196.93475189 +.00000235 +00000-0 +98039-4 0  9996
2 37136 086.1785 075.1284 0086261 345.7479 014.1275 14.20082545473438
1 37269U 93036BHH 18211.69816191 +.00000175 +00000-0 +97660-4 0  9997
2 37269 074.1712 107.1543 0126977 355.6395 004.3627 14.13558851275557
1 37270U 93036BHJ 18210.29973657 -.00000068 +00000-0 -46545-4 0  9994
2 37270 073.9401 330.0269 0449638 129.1736 235.0222 13.44589609407557
1 37271U 93036BHK 18211.52775612 +.00002079 +00000-0 +27877-3 0  9991
2 37271 074.0433 291.1629 0017325 002.1482 357.9765 14.79977783272520
1 37273U 93036BHM 18211.49562451 +.00001201 +00000-0 +33029-3 0  9996
2 37273 074.0064 138.8925 0033617 130.6771 229.7318 14.47728926268509
1 37275U 93036BHP 18210.30939876 +.00001571 +00000-0 +75376-3 0  9997
2 37275 073.9237 078.8810 0171155 174.9291 185.3636 14.12363914450164
1 37277U 93036BHR 18212.43883711  .00001047  00000-0  29216-3 0  9991
2 37277  74.0461 138.9932 0033923 130.6950 229.7165 14.47188928438312
1 37278U 93036BHS 18211.31615833 +.00000052 +00000-0 +32880-4 0  9993
2 37278 073.7902 084.4030 0341483 001.3173 113.6970 14.00887434260288
1 37280U 93036BHU 18211.09309303  .00000429  00000-0  24193-3 0  9998
2 37280  74.0187 121.4884 0161923 146.8770 214.2635 14.06766437436316
1 37281U 93036BHV 13164.87651259 +.00008779 +00000-0 +24822-2 0  9991
2 37281 074.0504 344.7141 0022935 356.1473 002.7630 14.45580940166592
1 37282U 93036BHW 18208.05913816 +.00000749 +00000-0 +16175-3 0  9998
2 37282 073.8936 345.8136 0078018 318.0688 041.4517 14.58477697479525
1 37284U 93036BHY 18197.36046476  .00000758  00000-0  44585-3 0  9996
2 37284  74.0187 199.6547 0192550 244.3580 180.4365 14.00956206426150
1 37285U 93036BHZ 12322.50414886  .00003793  00000-0  12804-2 0  9991
2 37285  74.0350  22.6674 0026584 177.5664 182.5622 14.37086204179327
1 37286U 93036BJA 13109.02300440 +.00008391 +00000-0 +12011-2 0  9992
2 37286 074.0179 328.3264 0115690 161.3137 200.9770 14.72183664151822
1 37287U 93036BJB 18211.60789531 +.00001903 +00000-0 +57176-4 0  9993
2 37287 074.0405 169.8391 0085611 201.6361 285.8328 15.31797857472930
1 37292U 93036BJG 18207.63960127 +.00000782 +00000-0 +51721-3 0  9992
2 37292 074.1360 322.3675 0241863 284.5556 072.8860 13.90009161471455
1 37293U 93036BJH 18211.28496190  .00000338  00000-0  13456-3 0  9993
2 37293  73.9225 205.1195 0084833 326.3564  33.2215 14.30648901429098
1 37294U 93036BJJ 18211.16748787 +.00000659 +00000-0 +14185-3 0  9999
2 37294 074.0690 040.4483 0041612 045.9328 314.5251 14.60023723453013
1 37295U 93036BJK 18211.76679794 +.00000187 +00000-0 +51180-4 0  9990
2 37295 074.0116 355.6810 0055033 112.6868 248.0125 14.53217834431203
1 37296U 93036BJL 18209.10331215 +.00001198 +00000-0 +35001-3 0  9995
2 37296 073.8371 117.8205 0073047 202.3220 157.4753 14.43690460425026
1 37297U 93036BJM 18179.35462940 +.00001483 +00000-0 +30165-3 0  9992
2 37297 074.0260 059.5816 0020353 175.4026 184.7332 14.61904472455214
1 37299U 93036BJP 18211.39096326  .00002384  00000-0  27732-3 0  9993
2 37299  73.8559 234.2536 0043936 233.8459 125.8651 14.85278588467813
1 37303U 93036BJT 18212.35824396  .00003207  00000-0  32642-3 0  9993
2 37303  74.0028 221.6792 0028497 290.9179  68.8953 14.90908310455250
1 37305U 93036BJV 18208.31709824 +.00000157 +00000-0 +72886-4 0  9990
2 37305 073.8700 202.7157 0054672 334.4911 025.3540 14.28121070283297
1 37306U 93036BJW 18210.94000209 +.00001155 +00000-0 +23584-3 0  9993
2 37306 074.0717 049.5256 0089194 049.7674 019.2422 14.59594719343279
1 37307U 93036BJX 18185.49706611  .00001847  00000-0  17750-3 0  9991
2 37307  74.0224 243.9672 0026317 334.9838  25.0068 14.93621824483670
1 37309U 93036BJZ 18212.51501943  .00012958  00000-0  45476-3 0  9999
2 37309  74.0132  34.8061 0029704  46.6039 313.7628 15.29018173483803
1 37312U 93036BKC 18212.49941862  .00000122  00000-0  48269-4 0  9992
2 37312  74.0341 143.4562 0020538 187.8571 172.2265 14.38798542474301
1 37314U 93036BKE 18209.15535935 +.00001187 +00000-0 +12411-3 0  9994
2 37314 073.9330 118.1343 0075369 345.0903 014.8053 14.88974789460219
1 37315U 93036BKF 16249.93329128  .00000583  00000-0  18053-3 0  9995
2 37315  74.0251 335.6020 0016247 180.7077 179.4590 14.41113040445668
1 37316U 93036BKG 18211.10119066 +.00000532 +00000-0 +14465-3 0  9991
2 37316 074.0369 099.3341 0075238 134.4857 226.2487 14.48292113469170
1 37320U 93036BKL 18211.00374070  .00000194  00000-0  47090-4 0  9998
2 37320  74.0559 336.3177 0066472  40.1028 320.5015 14.58311024470878
1 37322U 93036BKN 18210.35927358 +.00001423 +00000-0 +14708-3 0  9995
2 37322 074.0502 183.9132 0049171 214.6733 296.2486 14.90338140278021
1 37323U 93036BKP 18212.37220795  .00010920  00000-0  32506-3 0  9999
2 37323  73.9069 219.5504 0042652  22.2847 338.0197 15.33855032482790
1 37325U 93036BKR 18212.19791465  .00000969  00000-0  18327-3 0  9995
2 37325  74.1209  26.9386 0041446 349.4217  10.6075 14.65280251474714
1 37326U 93036BKS 18211.82253773 +.00000132 +00000-0 +39457-4 0  9990
2 37326 074.0282 022.4154 0067448 100.1370 260.7408 14.51012242463681
1 37327U 93036BKT 18210.30846647 +.00000760 +00000-0 +19900-3 0  9998
2 37327 074.0243 083.3314 0025718 124.4070 235.9527 14.50868172467841
1 37329U 93036BKV 18211.37979125  .00003213  00000-0  30233-3 0  9994
2 37329  74.0121 198.5938 0028520 265.4235  94.3691 14.94046024478081
1 37330U 93036BKW 18211.04506474 +.00000073 +00000-0 +24329-4 0  9994
2 37330 074.0208 353.4316 0064045 145.3367 215.1995 14.52725081472204
1 37331U 93036BKX 18211.84953083 +.00000206 +00000-0 +91299-4 0  9993
2 37331 074.0759 269.7285 0063545 243.9714 115.4883 14.28086231462820
1 37334U 93036BLA 18211.86290252  .00007786  00000-0  31052-3 0  9990
2 37334  74.0132   7.6809 0028311  62.9133 297.4950 15.24961289480700
1 37335U 93036BLB 18212.19787961  .00001262  00000-0  35972-3 0  9994
2 37335  74.0080 165.6064 0045365 167.0172 193.2166 14.45686974418507
1 37336U 93036BLC 18211.38110521 -.00000022 +00000-0 +15237-5 0  9995
2 37336 074.0395 200.6291 0031107 217.6745 142.2227 14.31776119265795
1 37337U 93036BLD 18211.09174859 +.00000569 +00000-0 +12030-3 0  9999
2 37337 074.0220 351.9530 0037064 069.5577 051.9826 14.61311028356669
1 37340U 93036BLG 18212.22600451  .00000044  00000-0  25034-4 0  9998
2 37340  74.0255 173.3273 0019595 203.1701 156.8569 14.34295974455531
1 37341U 93036BLH 18212.07362212  .00008250  00000-0  39282-3 0  9998
2 37341  73.9942  77.6895 0016893 188.0919 330.0084 15.19152592474349
1 37342U 93036BLJ 18210.71046912 +.00000920 +00000-0 +17229-3 0  9997
2 37342 073.7392 222.6133 0039994 195.1036 164.8940 14.65979550466740
1 37343U 93036BLK 18208.39942082 +.00000527 +00000-0 +18480-3 0  9995
2 37343 074.0205 234.2955 0120869 148.7499 212.0913 14.33441320264867
1 37379U 01055G   18211.74671740 -.00002264 +00000-0 -45453-2 0  9998
2 37379 066.1046 310.8019 0121312 150.3794 008.5328 13.29484093785981
1 37400U 99025EFS 18211.32282052  .00000075  00000-0  88977-4 0  9991
2 37400  98.8624 243.5309 0410362 311.5729  45.0903 13.60449750436107
1 37401U 99025EFT 18212.33704602  .00000184  00000-0  78214-4 0  9998
2 37401  98.7128 245.2703 0179152 221.6377 137.1049 14.28771851469859
1 37402U 99025EFU 18212.26925914  .00001551  00000-0  38892-3 0  9998
2 37402  99.3636 243.7777 0028615  48.8492 311.5163 14.52816339475073
1 37403U 99025EFV 18212.02068534  .00004202  00000-0  47671-3 0  9990
2 37403  98.9221 129.0768 0036349  23.3290 336.9562 14.86521429503258
1 37404U 99025EFW 18211.59072479  .00000336  00000-0  16364-3 0  9994
2 37404  98.6504 250.7780 0050193 117.5634  34.2834 14.23751898443739
1 37405U 99025EFX 18210.99573116 +.00000925 +00000-0 +21950-3 0  9993
2 37405 098.5974 280.7397 0086673 310.1311 049.2313 14.54316109303630
1 37406U 99025EFY 18199.96779116 +.00000115 +00000-0 +10108-3 0  9999
2 37406 098.4344 246.3657 0162696 288.4269 193.2307 13.96311528254371
1 37408U 99025EGA 18207.87236753 +.00002923 +00000-0 +74507-3 0  9998
2 37408 098.5535 174.3063 0067292 102.9406 287.1735 14.50014691430518
1 37409U 99025EGB 17316.22690948  .00001540  00000-0  87200-3 0  9996
2 37409  97.7846 118.7296 0124567  94.7494 266.7916 14.07372206513291
1 37410U 99025EGC 18201.34667402  .00000480  00000-0  39513-3 0  9990
2 37410  98.0989  39.8834 0139027  58.0685 303.3910 13.88676404535783
1 37411U 99025EGD 18176.05592118  .00000051  00000-0  48358-4 0  9993
2 37411  97.8048 252.2565 0278130  38.1988 323.8529 13.91545540487883
1 37412U 99025EGE 18211.07240385  .00001168  00000-0  47669-3 0  9995
2 37412  98.9529 313.9635 0018705 320.3442  39.6370 14.29292048462427
1 37413U 99025EGF 18211.60655336  .00001622  00000-0  55914-3 0  9998
2 37413  98.6497 137.7940 0078071 329.0690  30.5908 14.35586392485868
1 37414U 99025EGG 18156.83307988  .00001097  00000-0  63747-3 0  9998
2 37414  98.0414  10.4830 0207586 344.2275  15.2490 14.00208117525601
1 37415U 99025EGH 18206.38978606 -.00000044 +00000-0 -67636-5 0  9992
2 37415 098.9003 185.4902 0287925 221.5672 136.3252 13.50313718545174
1 37416U 99025EGJ 18201.41454170 +.00001324 +00000-0 +52467-3 0  9991
2 37416 099.2346 055.8221 0045968 233.6954 125.9977 14.30168062219691
1 37417U 99025EGK 18212.28200694 -.00000005  00000-0  23852-4 0  9992
2 37417  98.9009 243.7801 0080436 250.9130 108.3314 14.04810219493821
1 37418U 99025EGL 18204.94210850 +.00001132 +00000-0 +30112-2 0  9998
2 37418 098.6170 250.8822 1082044 221.4610 129.9268 11.90314009384547
1 37419U 99025EGM 18011.00269686  .00002345  00000-0  12278-2 0  9993
2 37419  98.6158 288.0225 0494469  43.3141 320.5789 13.66546418358062
1 37420U 99025EGN 18200.89248448 +.00000392 +00000-0 +30407-3 0  9990
2 37420 098.9941 241.3372 0074149 183.6796 176.3830 13.97143338220010
1 37421U 99025EGP 18210.47471267 +.00000054 +00000-0 +10418-3 0  9998
2 37421 098.8991 097.8450 0413547 002.5486 357.7625 13.38588471428710
1 37422U 99025EGQ 18185.97721334  .00000649  00000-0  34261-3 0  9990
2 37422  98.9422 239.0677 0039196 308.2553  51.5097 14.17038089488718
1 37423U 99025EGR 18209.96287687 +.00000245 +00000-0 +18695-3 0  9990
2 37423 099.0328 277.5272 0053313 107.8092 252.8900 14.01971563258228
1 37424U 99025EGS 18209.95373621 +.00000168 +00000-0 +90620-4 0  9997
2 37424 097.2115 113.6780 0238933 327.6998 030.9731 14.08348532471828
1 37425U 99025EGT 18175.10250382  .00000457  00000-0  41399-3 0  9994
2 37425  97.1739 281.8016 0169445 312.1556 170.6946 13.80877202473530
1 37426U 99025EGU 16061.14323924 +.00003714 +00000-0 +98617-3 0  9998
2 37426 096.6369 033.5424 0078370 167.6581 203.8538 14.47218032071888
1 37427U 99025EGV 18211.51200810 +.00000121 +00000-0 +18277-4 0  9991
2 37427 098.5883 117.3887 0263901 221.3631 136.7326 14.73404569205211
1 37428U 99025EGW 18211.24732647 +.00000644 +00000-0 +35109-3 0  9992
2 37428 097.7304 014.0441 0079347 131.6211 229.1797 14.13274520252516
1 37429U 99025EGX 18210.34701714 -.00000058 +00000-0 -90898-5 0  9993
2 37429 098.8457 266.5250 0107729 038.5192 322.3603 14.05906276252129
1 37430U 99025EGY 18211.89780997 +.00000465 +00000-0 +26554-3 0  9992
2 37430 098.9796 249.8294 0023127 202.1358 157.8818 14.14538320235404
1 37432U 99025EHA 18210.92425441  .00000254  00000-0  74159-4 0  9998
2 37432  98.4553 256.0208 0222726 157.6804 203.4264 14.39006163565224
1 37433U 99025EHB 18181.18139999 +.00001501 +00000-0 +10710-2 0  9991
2 37433 098.1228 330.9237 0271789 239.4181 117.9909 13.82461284567116
1 37434U 99025EHC 18211.08634437  .00000859  00000-0  22432-3 0  9992
2 37434  99.1360 155.6763 0061944 224.0808 135.5437 14.51293914555093
1 37435U 99025EHD 18205.35862498 +.00000383 +00000-0 +22727-3 0  9995
2 37435 098.8794 250.3226 0047269 158.3863 201.9318 14.12886988507631
1 37436U 99025EHE 18211.25530163 +.00000463 +00000-0 +32609-3 0  9992
2 37436 099.2446 225.4600 0062839 048.8645 311.7920 14.02329505262296
1 37437U 99025EHF 18212.38441296  .00000157  00000-0  98416-4 0  9995
2 37437  98.7401 256.4408 0119439 204.6189 212.2913 14.13995928501266
1 37438U 99025EHG 18208.89442895 +.00000145 +00000-0 +10754-3 0  9998
2 37438 099.0233 237.8901 0029429 280.7953 078.9904 14.09996744528446
1 37439U 99025EHH 18211.92109007 +.00000454 +00000-0 +30509-3 0  9995
2 37439 099.2091 231.4108 0069740 054.5859 062.5769 14.04709451233726
1 37440U 99025EHJ 18212.07275604  .00001237  00000-0  50454-3 0  9992
2 37440  98.9807 318.4685 0064004 339.1310  20.7260 14.28190193574685
1 37441U 99025EHK 18206.27734164 -.00000051 +00000-0 -18624-4 0  9998
2 37441 099.1514 021.3102 0522805 328.5937 028.4910 13.09444379468273
1 37442U 99025EHL 18211.05804978 +.00001385 +00000-0 +33640-3 0  9995
2 37442 099.1401 156.0907 0041883 303.1863 056.5318 14.54200262199847
1 37443U 99025EHM 18211.33419010  .00001022  00000-0  63923-3 0  9991
2 37443  98.4256 251.8019 0144211 261.6210  96.8587 14.01729530518351
1 37444U 99025EHN 18211.93164673 +.00000130 +00000-0 +44527-4 0  9999
2 37444 099.0981 095.0412 0293266 315.9436 041.8710 14.32935177264971
1 37445U 99025EHP 18211.50031745  .00000106  00000-0  60853-4 0  9999
2 37445  99.2674  99.2875 0184112  31.8547 329.3608 14.20994880462410
1 37447U 99025EHR 18212.27558049  .00000288  00000-0  18434-3 0  9995
2 37447  99.1036 234.0250 0041903 276.5798 141.9978 14.11010561476895
1 37448U 99025EHS 18211.32084652  .00000433  00000-0  32690-3 0  9997
2 37448  99.5611 244.4479 0337740 318.6870  38.9170 13.75862498557187
1 37449U 99025EHT 18211.27507655 +.00000677 +00000-0 +74968-4 0  9990
2 37449 098.8739 244.3455 0148640 240.2165 118.4194 14.83998315476560
1 37450U 99025EHU 18170.99537879 +.00000373 +00000-0 +29379-3 0  9994
2 37450 097.6946 089.2411 0331629 290.4064 066.1767 13.73624011485712
1 37452U 99025EHW 18211.87219175  .00001172  00000-0  31506-3 0  9998
2 37452  99.0200  79.6032 0047962 300.9484  58.6998 14.49516141519305
1 37453U 99025EHX 18189.62687820  .00001093  00000-0  10319-2 0  9992
2 37453  97.6567 331.0652 0412927 281.9036  73.6098 13.50493725528645
1 37454U 99025EHY 18211.76216131  .00002668  00000-0  29663-3 0  9999
2 37454  98.9742 201.4046 0042598 231.1872 128.5534 14.87583221439390
1 37455U 99025EHZ 18211.75337488 +.00000709 +00000-0 +10218-3 0  9998
2 37455 099.4423 039.5233 0209050 132.9832 228.9105 14.66658622229158
1 37456U 99025EJA 18211.14538871  .00000690  00000-0  12233-3 0  9999
2 37456  98.9358 179.1149 0114870 179.9437 180.1797 14.66931163481996
1 37457U 99025EJB 18211.13429511 +.00000403 +00000-0 +26751-3 0  9991
2 37457 099.1473 190.3270 0080258 045.9777 314.7966 14.05664356221163
1 37460U 99025EJE 18211.87777895  .00000432  00000-0  20290-3 0  9991
2 37460  98.4724  87.1867 0077377 320.3609  39.1929 14.23379080442142
1 37461U 99025EJF 18211.75324672  .00000240  00000-0  50755-3 0  9996
2 37461  99.8511  45.7149 0691352  64.0228 303.0408 12.71614473446439
1 37462U 99025EJG 18209.85353032 +.00001664 +00000-0 +12995-3 0  9992
2 37462 098.8875 224.4125 0165366 354.2625 005.6692 14.92792176521490
1 37463U 99025EJH 18212.26911106  .00000677  00000-0  16602-3 0  9996
2 37463  98.8267  22.5298 0118310 352.7076   7.2392 14.51951841517394
1 37464U 99025EJJ 18211.01454535 +.00001072 +00000-0 +11546-2 0  9998
2 37464 102.7079 144.9498 0494842 161.6345 200.3359 13.33364875249277
1 37465U 99025EJK 18211.25610810  .00000747  00000-0  22977-3 0  9994
2 37465  99.3663 227.5438 0049820  28.7566 331.6352 14.44212855504504
1 37466U 99025EJL 18211.52946919  .00001061  00000-0  27625-3 0  9992
2 37466  99.1096 113.5948 0126394  63.3439 298.0631 14.47281122503915
1 37467U 99025EJM 18198.61150600  .00013099  00000-0  12069-2 0  9990
2 37467  99.4152 338.5552 0017491 199.6534 160.4009 14.94764244465896
1 37468U 99025EJN 17115.07303952 +.00000849 +00000-0 +56877-3 0  9994
2 37468 098.1470 065.1017 0071628 054.5360 302.6292 14.01911759386757
1 37469U 99025EJP 18212.12664051  .00001644  00000-0  24318-3 0  9999
2 37469  98.9506 175.2092 0063794 236.8869 122.6204 14.75501124440190
1 37470U 99025EJQ 18212.38667140  .00000630  00000-0  26855-3 0  9993
2 37470  98.7960 270.3236 0026993 204.4671 155.5231 14.28488489429674
1 37471U 99025EJR 18176.46238312  .00000960  00000-0  12892-3 0  9999
2 37471  98.7150  53.2017 0192857 242.9620 115.1786 14.70176583504537
1 36702U 99025DZY 18207.98175507 +.00000772 +00000-0 +34887-3 0  9992
2 36702 098.3628 289.1317 0112340 057.0154 304.1763 14.21414563538911
1 36703U 99025DZZ 18208.19021266 +.00000145 +00000-0 +11079-3 0  9991
2 36703 097.8498 341.4673 0130865 169.6487 190.7424 14.01015134203820
1 36706U 99025EAC 18210.12851345 +.00005339 +00000-0 +94062-3 0  9992
2 36706 098.7834 183.5219 0022790 254.7095 105.1588 14.67844215545963
1 36707U 99025EAD 18210.33357821 +.00000206 +00000-0 +14001-3 0  9999
2 36707 099.0203 241.9214 0053933 181.6207 178.4796 14.10257761260610
