1 35521U 87068CQ  18208.30390226 +.00000078 +00000-0 +53958-4 0  9998
2 35521 082.5554 050.5188 0009336 177.9480 305.4277 13.87202830700303
1 35522U 87068CR  18208.31309409 +.00000128 +00000-0 +97636-4 0  9990
2 35522 082.5456 052.8283 0017701 254.9910 227.8779 13.86518919774464
1 35523U 87068CS  18209.62087073 +.00000116 +00000-0 +69030-4 0  9990
2 35523 082.5251 318.0759 0018747 092.2872 330.4672 13.99146896225272
1 35524U 87068CT  18182.14780594 -.00000498  00000-0 -33233-3 0  9996
2 35524  82.5181 329.2261 0023706  73.9021 286.4757 14.02721090772518
1 35525U 87068CU  18211.43312703  .00000084  00000-0  63676-4 0  9999
2 35525  82.5446  79.6672 0021550  27.6014  88.4252 13.82601590767375
1 35526U 88074P   18163.34355099  .00000308  00000-0  41744-3 0  9999
2 35526  89.9899  21.4505 0087371 187.1472 171.4116 13.55799936679132
1 35527U 88074Q   18170.72138981  .00001154  00000-0  83871-3 0  9996
2 35527  89.8592 329.0000 0045592 155.6268 262.2275 13.95264858590671
1 35528U 88074R   18177.28309323  .00000220  00000-0  30134-3 0  9992
2 35528  89.9278   1.2113 0099212 160.6078 324.2769 13.53646466514352
1 35529U 88074S   09172.38384340 +.00000401 +00000-0 +57456-3 0  9998
2 35529 089.9138 031.1303 0089964 307.8446 050.0301 13.52962980208412
1 35530U 91068AX  18210.88292920 +.00000070 +00000-0 +42072-3 0  9997
2 35530 082.7046 255.7176 0031737 068.3615 051.5401 12.44137408655497
1 35531U 91082CN  14041.20713266 +.00007502 +00000-0 +27546-2 0  9994
2 35531 098.4985 051.9122 0029904 151.3447 025.6317 14.32739853402567
1 35532U 91082CP  18211.92644093 +.00000752 +00000-0 +45944-3 0  9991
2 35532 098.7123 020.1968 0136256 002.2905 357.8859 14.04371025259375
1 35534U 91082CQ  18212.16965345  .00001102  00000-0  47092-3 0  9992
2 35534  98.8211 177.3771 0050331 249.0756 180.0385 14.26392740729088
1 35536U 01049QL  18211.60453374 +.00000150 +00000-0 +10636-3 0  9996
2 35536 098.6904 126.7985 0428330 154.5472 207.7465 13.72416751751546
1 35537U 01049QM  11092.15069827 +.00000197 +00000-0 +75856-4 0  9990
2 35537 098.2031 067.3711 0090567 049.9616 311.3399 14.37725730338478
1 35538U 06006CF  18208.33647520 -.00001048 +00000-0 -48055-2 0  9994
2 35538 051.7245 342.7400 5110677 066.1259 344.7032 05.04930629097508
1 35540U 06006CH  18211.42050553  .00000081  00000-0  17862-3 0  9992
2 35540  52.1170 202.9581 5056029 111.2875  12.6198  5.23396061193874
1 35541U 06006CJ  18194.22617587  .00000138  00000-0  16960-3 0  9998
2 35541  51.5427 156.5055 5140914 240.1475  59.3816  5.19222613191541
1 35542U 06006CK  18211.20938314 -.00000932  00000-0 -73528-2 0  9997
2 35542  51.5675 302.4758 4987760 128.5894 348.6611  5.13075717191373
1 35543U 06006CL  18194.13303185  .00000476  00000-0  35332-2 0  9994
2 35543  52.7713  81.1405 5107529 222.4254 340.0250  4.99932795182110
1 35544U 06006CM  18175.06565511  .00012550  00000-0  15610-2 0  9992
2 35544  51.4401  71.1865 2974197 231.1105  98.4989  9.27588641255827
1 35545U 06006CN  18211.36271140  .00015242  00000-0  15940-2 0  9996
2 35545  51.5852 281.7159 1984562  21.4478 345.8898 11.26051624292167
1 35546U 06006CP  18211.41594866 -.00013901  00000-0 -18393-1 0  9992
2 35546  51.2718   9.1155 2698188  36.3461 339.3394  9.28344637224687
1 35547U 07003F   18206.75723148  .00000267  00000-0  32401-3 0  9996
2 35547  24.4982  77.5811 4778517 246.9549  56.6930  5.79431598132020
1 35548U 07003G   18206.50436875 -.00000000 +00000-0 +99234-3 0  9991
2 35548 026.2788 321.8780 7533346 271.3256 014.9333 01.82335820064865
1 35555U 07003P   18209.87828534 +.00973881 +00000-0 +20395-1 0  9994
2 35555 026.1039 130.8703 4276865 003.2168 358.8470 07.01604252107006
1 35563U 07003X   18212.45084486 -.00000138  00000-0 -18722-2 0  9991
2 35563  22.3406 264.3970 7450014  98.7554   1.7320  1.88888043 68242
1 35567U 07042G   18212.18395227  .00000122  00000-0  85884-4 0  9992
2 35567  98.5306 197.2677 0016450 134.4008 225.8515 14.13907187543128
1 35568U 07047D   16320.92215511  .00000074  00000-0  00000+0 0  9993
2 35568  39.8879 190.7603 5057887 173.2435 198.1957  5.65401201152084
1 35571U 08053G   18211.89537787 +.00000508 +00000-0 +10115-3 0  9998
2 35571 097.6903 007.3779 0172691 244.4973 113.8280 14.57180687510904
1 35573U 08053J   18212.47196042  .00000522  00000-0  98221-4 0  9991
2 35573  97.6806  35.4202 0168826 222.4762 136.3274 14.59892327511129
1 35574U 08056F   18212.49412556  .00000184  00000-0  61136-4 0  9997
2 35574  98.4224 221.4087 0132166  41.9124 319.2093 14.44039123508640
1 35575U 08061B   18211.63964716 +.00000248 +00000-0 +94090-4 0  9995
2 35575 097.7805 278.8612 0239153 156.3291 204.9113 14.23587074497075
1 35580U 93036ALX 18211.81026485 +.00000292 +00000-0 +23849-3 0  9991
2 35580 073.9104 024.1407 0303149 180.4940 179.5928 13.74453094251998
1 35581U 93036ALY 11086.11980244  .00005787  00000-0  10931-2 0  9991
2 35581  74.0024 341.7200 0117172  90.7154 278.2719 14.60276544105239
1 35582U 93036ALZ 11090.52218698  .00000654  00000-0  24158-3 0  9994
2 35582  74.0384  32.9578 0019569 352.2948   5.0303 14.34294388101883
1 35583U 93036AMA 18212.02838901  .00000098  00000-0  11196-3 0  9998
2 35583  73.9184 231.8385 0396562  34.3609 328.2471 13.51050688461571
1 35584U 93036AMB 18210.09382981 +.00001691 +00000-0 +72546-3 0  9992
2 35584 074.0876 102.6885 0143624 046.8818 314.4235 14.20112749470873
1 35585U 93036AMC 18212.11381056  .00000432  00000-0  37206-3 0  9996
2 35585  73.9773 116.0692 0333150 216.7700 213.6244 13.66842297468869
1 35586U 93036AMD 18212.55504723  .00000039  00000-0  57009-4 0  9990
2 35586  74.0220 277.9435 0413645 352.6173  67.8728 13.49047467461140
1 35587U 93036AME 18211.39942603 +.00000091 +00000-0 +21649-4 0  9994
2 35587 074.0044 219.6961 0113316 353.4261 006.5412 14.64783317268808
1 35589U 93036AMG 18212.07820521  .00005052  00000-0  21722-3 0  9999
2 35589  73.9698 349.4365 0084459 184.8392 175.1999 15.19698161500073
1 35591U 93036AMJ 18211.92911647 +.00001869 +00000-0 +42169-3 0  9995
2 35591 073.9797 056.8941 0047103 111.1048 249.5160 14.56368750489149
1 35592U 93036AMK 18211.93960635 +.00000620 +00000-0 +63443-4 0  9991
2 35592 074.0086 061.0448 0118206 144.9576 215.9457 14.88030094497075
1 35593U 93036AML 18212.21920794  .00000065  00000-0  42417-4 0  9997
2 35593  74.0871  39.3147 0118348   2.3236 357.8430 14.16404946470866
1 35594U 93036AMM 18210.57546879 +.00000401 +00000-0 +98283-4 0  9999
2 35594 073.8211 292.3425 0058578 199.5471 160.3446 14.55059838490764
1 35598U 93036AMR 18211.79153525  .00001290  00000-0  68745-4 0  9997
2 35598  73.9254 264.4615 0069736  89.0058 271.9125 15.14453702499125
1 35600U 93036AMT 18211.08282823  .00000710  00000-0  14424-3 0  9997
2 35600  73.9871 351.5488 0065032  73.9741 286.8575 14.61814214491346
1 35602U 93036AMV 18212.23956719  .00000245  00000-0  19330-4 0  9994
2 35602  74.0235 303.6767 0172383   5.3764  24.7211 14.96758321496754
1 35604U 93036AMX 18211.41625809 +.00000977 +00000-0 +32746-3 0  9995
2 35604 074.0223 230.0379 0060797 213.1732 146.5605 14.37573571299369
1 35605U 93036AMY 18211.31596454  .00000681  00000-0  19095-3 0  9992
2 35605  73.9045  97.7961 0107562 246.5628 112.4192 14.44796569485565
1 35606U 93036AMZ 18210.99444123 +.00000655 +00000-0 +69800-3 0  9991
2 35606 073.8132 322.3489 0464956 227.2386 128.8715 13.37236801250116
1 35610U 93036AND 18211.31033293  .00004135  00000-0  43449-3 0  9993
2 35610  73.9960 336.4186 0017367 340.2224  19.8282 14.89702423482838
1 35611U 93036ANE 18210.31546519 +.00000608 +00000-0 +19934-3 0  9996
2 35611 074.0304 176.1743 0043724 190.4112 169.6143 14.39933879483295
1 35612U 93036ANF 18212.28960819  .00010204  00000-0  45323-3 0  9992
2 35612  73.9869  70.2658 0015385 121.0488 239.2223 15.21518025491080
1 35613U 93036ANG 18211.82818043 +.00001876 +00000-0 +19302-3 0  9996
2 35613 073.9819 152.5177 0039714 276.7826 116.4748 14.90579215491667
1 35614U 93036ANH 18212.19386487  .00000300  00000-0  81459-4 0  9994
2 35614  73.9637  32.2958 0101561 145.8780 214.8965 14.49016012487330
1 35615U 97051QM  18211.79049851 +.00030108 +00000-0 +94703-3 0  9996
2 35615 086.3568 028.3969 0001354 200.0422 160.0775 15.32822582495886
1 35616U 97051QN  18211.36828523 +.00000538 +00000-0 +13461-3 0  9997
2 35616 086.3645 083.0541 0018242 295.0210 064.9100 14.49634273483831
1 35617U 97051QP  18212.09157395  .00005814  00000-0  63501-3 0  9993
2 35617  86.4887 137.2602 0051553 139.6047 220.9025 14.86725462484309
1 35618U 97051QQ  18211.37123177  .00000233  00000-0  62068-4 0  9993
2 35618  86.3407  77.8550 0032263 328.3437  31.5823 14.43878794483058
1 35620U 97051QS  18212.44245971  .00000869  00000-0  45986-3 0  9996
2 35620  86.4006 217.1032 0239137  41.6085 320.3014 13.99057603465693
1 35622U 97051QU  18211.50225215  .00000377  00000-0  10492-3 0  9991
2 35622  86.2241  42.9065 0028332  12.6668  16.8494 14.43620371483846
1 35624U 97051QW  18212.11434163  .00002995  00000-0  54224-3 0  9994
2 35624  86.3547  98.4415 0045097 311.0177  48.7140 14.65365088488405
1 35625U 97051QX  18212.45539617  .00000391  00000-0  18070-3 0  9999
2 35625  86.2000  99.5278 0132688  93.2729  30.8338 14.13603822476326
1 35627U 97051QZ  18211.43822887  .00002686  00000-0  65594-3 0  9994
2 35627  86.3498 101.0359 0051611 332.3937  27.4529 14.51482991483767
1 35628U 97051RA  18211.42469615  .00000462  00000-0  12855-3 0  9992
2 35628  86.3637  93.5334 0018685 331.8390  28.1799 14.44186047481021
1 35629U 97051RB  18211.73248195  .00002851  00000-0  54591-3 0  9992
2 35629  86.3679 122.3257 0123738  34.5569 326.3603 14.58618637478207
1 35631U 97051RD  18211.13239432  .00000131  00000-0  33859-4 0  9997
2 35631  86.3684  91.9783 0019971  34.5802 127.8996 14.41891383486429
1 35632U 97051RE  18211.34649875 +.00000702 +00000-0 +27695-3 0  9991
2 35632 086.4309 175.7146 0110783 323.8125 035.5604 14.24499029471791
1 35643U 93036ANJ 18212.40416551  .00000613  00000-0  13343-3 0  9999
2 35643  74.0130 359.7916 0051055  69.2642 291.3984 14.59425041491323
1 35644U 93036ANK 18212.18486254  .00001149  00000-0  96614-4 0  9990
2 35644  74.0072 154.4062 0026009 268.2222  91.5985 14.99440421500782
1 35645U 93036ANL 18211.59251248 +.00000400 +00000-0 +17986-3 0  9991
2 35645 073.9791 312.1953 0092803 349.8812 068.9206 14.23279549483194
1 35646U 93036ANM 18211.05309119 +.00000382 +00000-0 +41314-3 0  9995
2 35646 073.8748 347.8112 0470944 194.5561 290.2733 13.36634263458468
1 35647U 93036ANN 18211.32246660 +.00000240 +00000-0 +94146-4 0  9992
2 35647 074.0246 203.4718 0057239 233.9469 125.6372 14.33701177290075
1 35650U 93036ANR 18211.34155299 +.00000466 +00000-0 +12776-3 0  9993
2 35650 074.0588 083.8588 0033372 118.5706 003.3514 14.49591349484280
1 35653U 93036ANU 18211.86552552 +.00014680 +00000-0 +60576-3 0  9990
2 35653 073.9878 165.5250 0011009 253.5700 106.4289 15.23997338486809
1 35655U 93036ANW 18212.12155261  .00000597  00000-0  11834-3 0  9993
2 35655  74.0009 336.3909 0011135 111.1488 249.0871 14.64516733491526
1 35658U 93036ANZ 18210.36611899 +.00000812 +00000-0 +20695-3 0  9999
2 35658 074.0163 094.3551 0023543 114.4961 245.8658 14.52061582485155
1 35660U 93036APB 18211.04791932  .00000162  00000-0  56273-4 0  9995
2 35660  74.0429 105.2687 0020202 202.4217 220.7145 14.42968480477556
1 35661U 93036APC 18211.44323045 +.00000230 +00000-0 +44536-4 0  9991
2 35661 074.0219 261.6162 0131165 325.3577 033.9096 14.64438733483221
1 35662U 93036APD 13079.36946758  .00008121  00000-0  16816-2 0  9997
2 35662  74.0484  86.4520 0054575 276.7273  85.3655 14.59456226199540
1 35663U 93036APE 18212.48447649  .00000440  00000-0  13895-3 0  9991
2 35663  74.0297 128.8836 0014474 145.7275 214.4818 14.43109621478920
1 35667U 93036APJ 18207.18429004 +.00000314 +00000-0 +10039-3 0  9998
2 35667 074.0606 135.7174 0028746 162.1140 198.1036 14.43429273317875
1 35668U 93036APK 18211.58385948 +.00000081 +00000-0 +23397-4 0  9999
2 35668 074.0484 309.2488 0090912 023.3367 337.1883 14.57697197483774
1 35669U 93036APL 18208.32748055 +.00000093 +00000-0 +10257-3 0  9993
2 35669 073.8642 209.5016 0401395 065.6281 298.6170 13.52135670456184
1 35670U 93036APM 18211.57348601 +.00000272 +00000-0 +60930-4 0  9992
2 35670 073.9075 266.3374 0063505 105.8318 254.9860 14.60627990482338
1 35671U 93036APN 18211.96227234 +.00000045 +00000-0 +20726-4 0  9991
2 35671 074.0189 064.8313 0042529 172.9499 254.3995 14.44832632478622
1 35672U 93036APP 18211.77757152  .00000440  00000-0  95986-4 0  9997
2 35672  74.0592  10.0055 0050777  42.5415  20.7128 14.60136094482323
1 35673U 93036APQ 18211.60869389 +.00002251 +00000-0 +22957-3 0  9995
2 35673 073.9498 181.9240 0023018 336.0493 148.0687 14.91162438281692
1 35674U 93036APR 18211.45071940 +.00000457 +00000-0 +15725-3 0  9998
2 35674 074.0662 235.1935 0133817 243.0502 185.0277 14.34006584473862
1 35675U 93036APS 18212.30316408  .00000867  00000-0  28279-3 0  9998
2 35675  74.0144 207.4979 0053654 192.3130 167.6718 14.39311740475081
1 35676U 93036APT 18211.41735690  .00000406  00000-0  87348-4 0  9990
2 35676  74.0117   6.5060 0038211  82.6607 309.0856 14.61417582488820
1 35678U 97051RG  18212.54344552  .00002743  00000-0  37338-3 0  9990
2 35678  86.3543  61.5673 0006708  66.6773 293.5152 14.78390652484697
1 35679U 97051RH  18212.53669118  .00007396  00000-0  66435-3 0  9997
2 35679  86.3147  55.0107 0019532  60.9324 299.3859 14.95414710486417
1 35680U 97051RJ  18207.01836899 +.00000109 +00000-0 +52389-4 0  9997
2 35680 086.1077 103.2677 0200574 005.4180 055.1134 13.99660300466210
1 35699U 93036APU 18211.37336130 +.00000438 +00000-0 +49752-4 0  9998
2 35699 074.0134 109.1121 0083187 190.4778 169.4673 14.87467145204538
1 35700U 93036APV 18210.03801898 +.00002133 +00000-0 +42305-3 0  9991
2 35700 074.0049 108.1822 0042832 100.8926 259.7064 14.62294728323408
1 35701U 93036APW 18212.36856590  .00000742  00000-0  59765-3 0  9991
2 35701  74.0110  94.6375 0317179 157.6527 203.8774 13.71019134467813
1 35702U 93036APX 18212.22781479  .00000923  00000-0  20499-3 0  9993
2 35702  74.0411  42.0934 0031340  77.7786 282.6886 14.58227972480347
1 35703U 93036APY 18210.76578256 +.00000196 +00000-0 +37930-4 0  9999
2 35703 074.0506 242.2495 0103085 298.9909 060.0958 14.67482459498844
1 35705U 93036AQA 18211.08332429  .00000350  00000-0  13493-3 0  9996
2 35705  74.3033 359.8570 0064286  85.0295 275.8192 14.32445048472994
1 35706U 93036AQB 18212.15763315  .00000183  00000-0  18086-3 0  9995
2 35706  73.8944 155.6347 0365803 333.5241  24.7575 13.59374615463642
1 35707U 93036AQC 18211.23583122  .00005998  00000-0  47393-3 0  9992
2 35707  74.0056 296.7396 0013222 297.7556  62.2290 15.00830592490107
1 35709U 93036AQE 18209.35075158  .00000810  00000-0  26843-3 0  9994
2 35709  74.0102 218.3753 0060411 226.9923 130.6340 14.38472074476446
1 35711U 93036AQG 18211.58303083 +.00000074 +00000-0 +21806-4 0  9993
2 35711 074.0502 308.6794 0093076 019.4810 340.9872 14.57749499485012
1 35713U 93036AQJ 18212.06921072  .00003238  00000-0  22505-3 0  9994
2 35713  74.0194 121.2828 0029953 184.9075 175.1826 15.05636279492337
1 35716U 93036AQM 18212.56198125  .00000021  00000-0  11160-4 0  9990
2 35716  73.9961 284.9449 0092850  55.8351   8.3273 14.56997822485700
1 35717U 93036AQN 18211.11917785 +.00000497 +00000-0 +22048-3 0  9995
2 35717 074.1679 013.7309 0090195 250.9768 108.1592 14.23483774356826
1 35718U 93036AQP 18211.43378306  .00000431  00000-0  13561-3 0  9999
2 35718  74.0422 136.7096 0022339 147.6643 212.5888 14.43211704481854
1 35720U 93036AQR 18211.30185780  .00001158  00000-0  33992-3 0  9997
2 35720  73.9986 191.6510 0106543 247.1734 111.8142 14.41742801484175
1 35721U 93036AQS 18211.07813263  .00000485  00000-0  21440-3 0  9993
2 35721  73.9565 356.5146 0181738   6.7765 353.5769 14.17499689472889
1 35723U 93036AQU 18212.40855126  .00003381  00000-0  42818-3 0  9997
2 35723  74.0004   3.2581 0023751   7.2830 352.8687 14.82021313487782
1 35724U 93036AQV 18211.79923872 +.00000063 +00000-0 +21796-4 0  9990
2 35724 074.0355 352.7935 0065049 100.5902 260.2595 14.52792154483994
1 35726U 93036AQX 18210.76105491 +.00000506 +00000-0 +10270-3 0  9993
2 35726 074.0527 333.3111 0041079 039.4436 320.9709 14.63420193486130
1 35729U 93036ARA 18212.10386781  .00000446  00000-0  10109-3 0  9993
2 35729  74.0363 355.1913 0034375  97.1950  20.5937 14.58800478489878
1 35730U 93036ARB 18212.11524084  .00004533  00000-0  27909-3 0  9993
2 35730  73.9815  99.6204 0023667 214.6418 145.3234 15.10095609497865
1 35732U 97051RK  18212.35240707  .00002101  00000-0  54270-3 0  9999
2 35732  86.2408  59.7850 0061204  16.5563 343.7619 14.48397729480631
1 35735U 97051RN  18211.29174733  .00003879  00000-0  36421-3 0  9990
2 35735  86.3757  46.7971 0010041 336.3855  23.6911 14.93664662488867
1 35737U 97051RQ  18211.27798161 +.00001416 +00000-0 +32797-3 0  9994
2 35737 086.4262 139.7340 0054600 042.3325 110.6548 14.53484836328538
1 35739U 97051RS  18212.02116606  .00002974  00000-0  58644-3 0  9997
2 35739  86.3932 121.9346 0064760 353.7819   6.2580 14.60836688488253
1 35742U 97051RV  18211.74433553  .00001833  00000-0  40411-3 0  9998
2 35742  86.4274 129.1761 0042561 222.0485 137.7454 14.56317681484348
1 35743U 97051RW  12361.43993687 +.00002511 +00000-0 +92320-3 0  9994
2 35743 086.3852 257.9618 0041815 200.9410 041.5396 14.31838169185904
1 35744U 97051RX  18211.87719604  .00000444  00000-0  10963-3 0  9994
2 35744  86.3345  67.9215 0031034 268.9306  90.8342 14.49563937483180
1 35745U 97051RY  18212.50679225  .00003174  00000-0  80574-3 0  9998
2 35745  86.3591 131.8631 0066755 119.1090 241.6820 14.49158998477202
1 35747U 97051SA  18180.55043230  .00002280  00000-0  10934-2 0  9999
2 35747  86.1312 108.6611 0182240 333.2485  23.0499 14.10320741458914
1 35749U 97051SC  18211.44989278  .00001470  00000-0  34565-3 0  9992
2 35749  86.3763  92.5536 0014791 121.8654 238.3995 14.53712693477707
1 35759U 93036ARD 18211.58387548 +.00000078 +00000-0 +22726-4 0  9999
2 35759 074.0427 308.7614 0086034 032.2415 328.3967 14.57766516268587
1 35760U 93036ARE 18212.31258937  .00001903  00000-0  18814-3 0  9992
2 35760  73.9858 155.5657 0036757 268.3054 251.0418 14.92250026497140
1 35761U 93036ARF 12259.25707325 +.00007604 +00000-0 +19514-2 0  9992
2 35761 074.0685 101.6135 0045916 355.1048 000.2537 14.49771569172260
1 35763U 93036ARH 18211.34283743 +.00000875 +00000-0 +23126-3 0  9999
2 35763 073.8595 074.0363 0084479 114.7003 008.6913 14.48325842225012
1 35764U 93036ARJ 18212.23719414  .00000434  00000-0  11675-3 0  9995
2 35764  74.0322  51.1139 0040632 128.0792 232.4045 14.50570409497554
1 35765U 93036ARK 18211.86133713  .00001241  00000-0  27710-3 0  9990
2 35765  74.1216 167.5280 0142849 119.0090 242.5475 14.51696425482899
1 35767U 93036ARM 18174.67534873  .00000700  00000-0  25567-3 0  9998
2 35767  73.9956 293.7678 0062636 279.9060  79.5025 14.33830756480265
1 35769U 93036ARP 18209.23783496 +.00000807 +00000-0 +22889-3 0  9990
2 35769 074.0751 167.8043 0073428 158.1693 202.2623 14.45499239265068
1 35771U 93036ARR 18211.78060299 +.00001371 +00000-0 +96480-3 0  9990
2 35771 074.1833 149.3711 0320740 064.6711 298.7264 13.76930005455644
1 35772U 93036ARS 18212.37350592  .00000727  00000-0  19182-3 0  9993
2 35772  73.9759  98.6802 0100771 181.4524 178.6358 14.47838243491129
1 35773U 93036ART 18212.48685709  .00000184  00000-0  53561-4 0  9994
2 35773  74.0122  27.5851 0057309 121.2993 239.3796 14.50133052486216
1 35775U 93036ARV 18211.06477117 +.00000530 +00000-0 +10860-3 0  9990
2 35775 074.0354 334.7451 0035356 079.2008 042.5148 14.62916959488092
1 35776U 93036ARW 18211.02006425 +.00001236 +00000-0 +25445-3 0  9996
2 35776 074.0093 349.0863 0332975 279.8283 076.5428 14.32334072225891
1 35777U 93036ARX 18211.65650083 +.00000288 +00000-0 +31690-3 0  9996
2 35777 073.7721 290.4801 0458768 220.9594 295.1121 13.38717785436375
1 35782U 93036ASC 18211.26993306 +.00002333 +00000-0 +24665-3 0  9994
2 35782 073.9712 187.8899 0023781 345.8431 014.2080 14.89668842281591
1 35784U 93036ASE 18211.94073871 +.00000063 +00000-0 +25604-4 0  9990
2 35784 074.0388 074.1712 0044687 153.7071 206.6370 14.45092234267883
1 35785U 93036ASF 18211.15727425 +.00001077 +00000-0 +30467-3 0  9993
2 35785 073.9453 153.5071 0063340 148.0337 212.4689 14.45691483255857
1 35786U 93036ASG 18210.94984226  .00000273  00000-0  81279-4 0  9999
2 35786  74.0210  78.6987 0049946 145.1472 215.2975 14.47102678489255
1 35787U 93036ASH 18210.56213222 +.00000142 +00000-0 +57502-4 0  9996
2 35787 074.0366 172.5944 0022747 195.1048 164.9429 14.36140943486389
1 35788U 93036ASJ 18212.53115292  .00000880  00000-0  20488-3 0  9995
2 35788  74.0189  45.4266 0025707 109.0086 251.3866 14.56189240486373
1 35789U 93036ASK 18212.31811641  .00000024  00000-0  17770-4 0  9994
2 35789  74.0385 174.5954 0049800 213.4979 146.3021 14.34295141477584
1 35792U 93036ASN 18211.32397041  .00000986  00000-0  31330-3 0  9995
2 35792  73.9969 206.4012 0060419 219.0317 140.6471 14.40259755475279
1 35793U 93036ASP 18211.41242222 +.00000493 +00000-0 +14241-3 0  9991
2 35793 074.0504 104.2580 0013190 142.8625 334.2673 14.47105202266683
1 35795U 93036ASR 18212.55507283  .00000792  00000-0  13104-3 0  9999
2 35795  74.0121 286.4706 0028408  28.8167 331.4567 14.71910672491880
1 35796U 93036ASS 18199.64473285  .00000748  00000-0  23688-3 0  9997
2 35796  74.0071 186.9746 0047520 216.2878 143.5053 14.41198220475890
1 35797U 97051SF  18212.32728774  .00000567  00000-0  14029-3 0  9994
2 35797  86.3455  73.8515 0022658 276.2534  83.6090 14.50106498483183
1 35799U 97051SH  18212.50521265  .00001254  00000-0  29481-3 0  9994
2 35799  85.9365 287.7129 0077912 264.5812  94.6501 14.51798161490697
1 35800U 97051SJ  18212.14081778  .00003499  00000-0  31551-3 0  9991
2 35800  86.2642 355.0008 0022895 256.1004 103.7679 14.95050586493520
1 35802U 97051SL  18211.33576176  .00002494  00000-0  71975-3 0  9992
2 35802  86.4616 164.7946 0097335 127.3064  26.0878 14.41500965487025
1 35805U 97051SP  18211.51552336  .00002076  00000-0  79231-3 0  9996
2 35805  86.3247 134.4945 0112877 309.8988  49.2321 14.26939578468838
1 35806U 97051SQ  18211.93080090 +.00000431 +00000-0 +13346-3 0  9994
2 35806 086.3484 097.8960 0017584 341.2262 018.8286 14.38924782474940
1 35808U 97051SS  14087.66159468 +.00005074 +00000-0 +13440-2 0  9991
2 35808 086.3779 054.9070 0009797 071.8845 288.3425 14.48595829249042
1 35809U 97051ST  18212.35045316  .00000538  00000-0  14134-3 0  9990
2 35809  86.3354  75.7134 0022188 302.3025 180.7576 14.47272905477765
1 35822U 93036ASU 18210.54167495 +.00010140 +00000-0 +54699-3 0  9996
2 35822 074.0229 260.8345 0010583 265.2956 094.7030 15.14800279484631
1 35824U 93036ASW 18211.62126451  .00000047  00000-0  50283-4 0  9996
2 35824  73.8492 310.6418 0276026 151.7375 209.9046 13.79992330470256
1 35825U 93036ASX 18208.65309553 +.00000402 +00000-0 +33799-3 0  9999
2 35825 074.1162 207.8944 0378558 219.6641 137.6223 13.62487709457372
1 35829U 93036ATB 18212.08870115  .00000473  00000-0  14418-3 0  9997
2 35829  74.0382 125.1830 0018636 141.1743 219.0757 14.44528792488487
1 35830U 93036ATC 18212.20210031  .00000564  00000-0  29947-3 0  9992
2 35830  73.9047  40.8907 0144490 168.1927 192.2662 14.10615769466302
1 35831U 93036ATD 18210.51132221 +.00001146 +00000-0 +32942-3 0  9995
2 35831 074.0121 164.8343 0040421 159.0041 201.2788 14.45486149478684
1 35834U 93036ATG 18211.92242167 +.00000303 +00000-0 +17100-3 0  9998
2 35834 073.9458 040.1316 0115134 044.2445 024.5381 14.11132567282785
1 35835U 93036ATH 18212.28799147  .00000501  00000-0  37790-3 0  9991
2 35835  74.0654  70.9674 0317966 106.4872 257.1436 13.74962405463670
1 35836U 93036ATJ 18211.23347418 +.00000523 +00000-0 +16899-3 0  9997
2 35836 074.0417 168.7985 0046075 179.3617 180.7606 14.40920735245587
1 35837U 93036ATK 18210.50195869 +.00001823 +00000-0 +15832-2 0  9997
2 35837 073.7349 265.6348 0478242 204.5030 222.8812 13.44632678452275
1 35839U 93036ATM 18211.96730618 +.00000519 +00000-0 +11815-3 0  9996
2 35839 074.2405 079.5542 0033539 345.9669 073.5747 14.58030773490159
1 35840U 93036ATN 18211.08413327 +.00000421 +00000-0 +19271-3 0  9992
2 35840 073.9411 352.3870 0149938 107.7782 253.9787 14.18529198469773
1 35841U 93036ATP 18212.29638764  .00001241  00000-0  12217-3 0  9995
2 35841  74.0419 206.1595 0115148 211.0385 148.3961 14.88530176494884
1 35843U 93036ATR 18211.36359459  .00001987  00000-0  48942-3 0  9996
2 35843  74.0159 226.8276 0096102 172.5075 187.7550 14.50127645474349
1 35844U 97051SU  18211.75949823  .00006720  00000-0  57887-3 0  9999
2 35844  86.3028  23.8773 0018735  77.4730 282.8595 14.97045765481184
1 35846U 97051SW  18210.04191339 +.00000150 +00000-0 +45867-4 0  9990
2 35846 086.3800 115.4157 0020030 004.6643 355.4736 14.34749654326466
1 35848U 97051SY  18211.43094802  .00000479  00000-0  12222-3 0  9995
2 35848  86.3996  99.4647 0014938 309.7550  50.2337 14.48441822471239
1 35850U 97051TA  18212.37267239  .00000547  00000-0  13847-3 0  9998
2 35850  86.3579  81.2172 0017998 294.7373  65.1958 14.49062782482855
1 35851U 97051TB  18211.51366127  .00002177  00000-0  45140-3 0  9992
2 35851  86.4190 127.5635 0069745 319.5750  40.0288 14.58238480488434
1 35853U 97051TD  18211.94474137 +.00002043 +00000-0 +48813-3 0  9994
2 35853 086.3048 090.8362 0068584 358.2637 001.8319 14.51749818468736
1 35854U 97051TE  17127.59503770 +.00020217 +00000-0 +26717-2 0  9998
2 35854 086.3226 239.7678 0016232 253.2779 123.1510 14.79806205420422
1 35856U 97051TG  18212.11550267  .00001393  00000-0  22622-3 0  9993
2 35856  86.3727  79.8652 0061650  92.1965  63.8366 14.69074582475474
1 35857U 97051TH  18211.98723734  .00000708  00000-0  13042-3 0  9994
2 35857  86.4309  95.5531 0046978 185.4201 174.6509 14.63316740485221
1 35858U 97051TJ  18211.00959209 +.00000931 +00000-0 +20198-3 0  9994
2 35858 086.3567 102.0310 0007587 241.5217 118.5227 14.57084235293258
1 35860U 97051TL  10265.21067292 +.00003846 +00000-0 +13056-2 0  9995
2 35860 086.4543 239.4298 0025604 290.0216 069.8225 14.36278399068668
1 35862U 97051TN  18212.09910688  .00002943  00000-0  42253-3 0  9998
2 35862  86.3730  74.2090 0031232  77.6416  75.5678 14.75808895480181
1 35863U 97051TP  18210.69564121 +.00002846 +00000-0 +76565-3 0  9995
2 35863 086.3361 113.0114 0087053 089.2906 271.8270 14.45442773473565
1 35881U 93036ATU 18211.54108422  .00001487  00000-0  58035-3 0  9999
2 35881  74.2059  44.4455 0054824 264.1324  95.3575 14.29661598486626
1 35883U 93036ATW 18212.26940079  .00000102  00000-0  35148-4 0  9997
2 35883  74.0244  62.6318 0090172 131.0715 350.5818 14.45536182481746
1 35884U 93036ATX 18086.92660092  .00000911  00000-0  47711-3 0  9990
2 35884  74.0088 302.0359 0141902   6.7111 353.5883 14.10653357456300
1 35885U 93036ATY 18212.23899026  .00000078  00000-0  37623-4 0  9993
2 35885  74.0284 186.9019 0026078 203.3475 156.6495 14.33547031478676
1 35887U 93036AUA 18212.07707399  .00000177  00000-0  87422-4 0  9990
2 35887  73.9907 348.9815 0120095  34.2583 326.6233 14.20604734469441
1 35888U 93036AUB 18212.18968967  .00000131  00000-0  40357-4 0  9999
2 35888  74.0350  29.1218 0056874 112.6378 248.0812 14.50057651472837
1 35890U 93036AUD 18211.60588301  .00000490  00000-0  18040-3 0  9999
2 35890  73.9438 199.1309 0081554 198.1033 161.7211 14.33477322465832
1 35891U 93036AUE 18211.35094058  .00000367  00000-0  45715-4 0  9996
2 35891  74.0020 100.5261 0127317 195.0632 164.6741 14.81227643481452
1 35893U 93036AUG 18211.78231944  .00000762  00000-0  21464-3 0  9995
2 35893  73.6560   6.6935 0069456 239.2452 120.1853 14.46367046468642
1 35895U 93036AUJ 18206.89697984 +.00000528 +00000-0 +35671-3 0  9998
2 35895 074.0522 287.5734 0228754 290.5757 067.0965 13.90970299451744
1 35897U 93036AUL 18211.87332189 +.00001165 +00000-0 +73214-4 0  9991
2 35897 073.9603 283.8400 0103598 056.4022 304.7002 15.06333837488737
1 35898U 93036AUM 18210.27399367 +.00000215 +00000-0 +36917-4 0  9990
2 35898 073.9994 185.7748 0123452 281.6155 137.7219 14.71034748483690
1 35900U 93036AUP 18211.14056418 +.00000772 +00000-0 +22194-3 0  9997
2 35900 074.0290 140.7761 0029090 146.1790 214.1232 14.46254622185437
1 35901U 93036AUQ 18210.44346247 +.00000639 +00000-0 +17940-3 0  9997
2 35901 074.0346 109.4387 0017704 133.3412 340.7922 14.47880404469558
1 35902U 93036AUR 18211.80170558  .00000147  00000-0  81252-4 0  9991
2 35902  73.9885  16.5969 0122613  15.0240 345.4491 14.15989394469208
1 35903U 93036AUS 18210.25794711 +.00000404 +00000-0 +57811-4 0  9993
2 35903 074.0607 187.8875 0101770 225.9061 133.3707 14.76958832273392
1 35904U 93036AUT 18211.08071205  .00000524  00000-0  12103-3 0  9999
2 35904  74.0257  15.2976 0028430 100.1744 260.2629 14.57525007472569
1 35905U 93036AUU 18211.13917013 +.00000174 +00000-0 +26334-4 0  9995
2 35905 074.0386 133.6967 0132689 202.4218 157.1126 14.77154465486910
1 35906U 93036AUV 18211.81128677  .00000769  00000-0  10878-3 0  9996
2 35906  74.0208 253.8929 0114328  76.0326  47.3272 14.74633002482488
1 35907U 97051TQ  09304.93338152 +.00001881 +00000-0 +10320-2 0  9992
2 35907 086.3762 015.3133 0153302 320.4253 042.6240 14.05561339013433
1 35908U 97051TR  11125.30468280 +.00001872 +00000-0 +88699-3 0  9999
2 35908 086.2440 136.8239 0091084 044.2329 307.1074 14.16947664088713
1 35911U 97051TU  18211.40533044  .00001405  00000-0  53448-3 0  9994
2 35911  86.2343  91.1703 0090217 260.3277  98.7715 14.28098636483014
1 35915U 97051TY  18212.37290968  .00000546  00000-0  13995-3 0  9998
2 35915  86.3537  81.0810 0022207 289.1794  70.7006 14.48471544473105
1 35917U 97051UA  18211.91321326 +.00002352 +00000-0 +45124-3 0  9998
2 35917 086.3894 084.7270 0021330 155.9548 204.2665 14.63204497198440
1 35918U 97051UB  18212.07097403  .00000321  00000-0  10353-3 0  9993
2 35918  86.4095 127.7607 0033769  32.9211  23.7433 14.35725788467364
1 35921U 97051UE  18211.24038089  .00001702  00000-0  68686-3 0  9996
2 35921  86.4268 186.0949 0144825  63.0391 298.5505 14.21816575480825
1 35922U 97051UF  18210.39140983 +.00000818 +00000-0 +19012-3 0  9995
2 35922 086.3898 095.2995 0028183 248.3253 111.4952 14.53502314472366
1 35925U 97051UJ  18211.29462647  .00002613  00000-0  37082-3 0  9994
2 35925  86.3158  53.3491 0013230  12.1412 348.0123 14.76554685488420
1 35926U 97051UK  18212.04073879  .00001161  00000-0  23873-3 0  9994
2 35926  86.3454  68.6219 0005584 259.8508 100.2072 14.59760694479135
1 35929U 97051UN  18212.35045995  .00000656  00000-0  14879-3 0  9993
2 35929  86.3494  67.5364 0029316 224.0812 135.8058 14.54328209484863
1 35953U 09057C   18212.54316206  .00000243  00000-0  13953-3 0  9990
2 35953  98.6135 240.4551 0005179 149.8820   4.2072 14.17988408453775
1 35954U 09057D   18211.08226911 +.00000274 +00000-0 +15547-3 0  9997
2 35954 098.6271 241.6457 0005309 149.8047 227.2470 14.17742345453475
1 35955U 93061K   18211.99710830  .00000734  00000-0  19073-3 0  9993
2 35955  98.6927 257.3420 0005277 348.9378 128.6421 14.52737190461998
1 35956U 93036AUW 18211.69392418  .00001010  00000-0  71675-3 0  9995
2 35956  74.0949 109.0384 0316766 107.4674 256.1333 13.77283597444294
1 35959U 93036AUZ 18212.35808250  .00000010  00000-0  13224-4 0  9994
2 35959  74.0311 189.7708 0023497 206.2743 153.7218 14.32557442465502
1 35960U 93036AVA 18212.44583173  .00001926  00000-0  17666-3 0  9990
2 35960  74.0109 125.3208 0065208 184.5677 175.4921 14.94087241491885
1 35961U 93036AVB 18201.71651158  .00000546  00000-0  35123-3 0  9993
2 35961  73.9293 217.0039 0213855 336.3187  22.8208 13.94902012466724
1 35962U 93036AVC 18212.28443786  .00001036  00000-0  31967-3 0  9991
2 35962  74.0093 184.9961 0046166 170.6856 189.5167 14.42017198484161
1 35965U 93036AVF 18212.19644345  .00002806  00000-0  26257-3 0  9990
2 35965  74.0361 153.3835 0037155 229.2219 130.5740 14.94112495487804
1 35966U 93036AVG 18211.00482307  .00000485  00000-0  23054-3 0  9991
2 35966  74.0409  77.8482 0165863  92.9808 269.0327 14.14882641465201
1 35968U 93036AVJ 18211.89406580 +.00000783 +00000-0 +93083-4 0  9990
2 35968 073.7085 038.7646 0087630 031.7016 328.9393 14.83868063499814
1 35970U 93036AVL 18212.10341191  .00000462  00000-0  10467-3 0  9992
2 35970  74.0423   2.6605 0041772  69.3485 291.2151 14.58555810473143
1 35974U 93036AVQ 18210.27712578 +.00000615 +00000-0 +15731-3 0  9992
2 35974 074.0302 069.2380 0018765 121.7074 238.5920 14.52431206495266
1 35975U 93036AVR 18208.01370321 +.00000334 +00000-0 +17724-3 0  9990
2 35975 074.0573 077.2722 0137450 086.7908 274.8947 14.12443712474186
1 35976U 93036AVS 18208.32183286 +.00000388 +00000-0 +14103-3 0  9994
2 35976 074.0415 210.5933 0062676 226.5174 133.0758 14.35485642478323
1 35979U 93036AVV 18210.36308066 +.00000211 +00000-0 +53132-4 0  9990
2 35979 074.0213 344.0843 0082138 064.8763 327.0871 14.55527278494274
1 35980U 93036AVW 18207.13550897 +.00000469 +00000-0 +15507-3 0  9992
2 35980 073.9199 133.3149 0075760 125.6805 235.1432 14.39102937465869
1 35982U 93036AVY 18211.92283067 +.00000140 +00000-0 +40545-4 0  9995
2 35982 074.0604 030.3858 0078851 071.3865 289.5838 14.51583106470330
1 35983U 93036AVZ 18211.58150757  .00001470  00000-0  20209-3 0  9998
2 35983  74.0319 288.3288 0015238  15.8763 344.2887 14.79238750475033
1 35984U 93036AWA 18211.75526423  .00002080  00000-0  17166-3 0  9991
2 35984  73.9729 226.5324 0130527  95.3644 266.2446 14.93275017475860
1 35986U 93036AWC 18161.21639270  .00001289  00000-0  26506-3 0  9991
2 35986  74.0209 113.6643 0019949 191.1361 231.0178 14.61558272464235
1 35987U 93036AWD 18202.52004456  .00000305  00000-0  12299-3 0  9996
2 35987  74.0032 242.1881 0061223 279.4365  79.9868 14.31153124483137
1 35988U 93036AWE 14151.49957873 +.00005700 +00000-0 +19139-2 0  9995
2 35988 074.0275 097.5582 0024882 030.1969 329.9003 14.37243969267579
1 35989U 93036AWF 18211.27286220  .00000026  00000-0  18383-4 0  9992
2 35989  74.0379 178.9785 0023913 203.2565 156.7507 14.34401243486333
1 35991U 93036AWH 18209.47375956 +.00002690 +00000-0 +22724-3 0  9991
2 35991 073.9099 246.5322 0090052 193.4082 166.4710 14.95567678488006
1 35992U 93036AWJ 15151.06342420 +.00001165 +00000-0 +20536-3 0  9995
2 35992 073.9533 292.9072 0090633 355.1963 004.8325 14.66171244307811
1 35993U 93036AWK 18212.17355552  .00000234  00000-0  65874-4 0  9990
2 35993  74.0198  28.5488 0036700 156.3733 203.9124 14.50913848472084
1 35996U 93036AWN 18210.99414352  .00000251  00000-0  30784-4 0  9996
2 35996  74.0236  82.7859 0143298 156.3834 204.4012 14.82278504481289
1 35997U 93036AWP 18211.48448941  .00000232  00000-0  81301-4 0  9993
2 35997  74.0489 143.8607 0019269 172.2656 187.8800 14.40364027469598
1 36000U 93036AWS 18211.08736983 +.00000612 +00000-0 +17980-3 0  9994
2 36000 074.0200 135.0166 0081708 181.4316 178.6621 14.44010019210642
1 36001U 93036AWT 16191.27908683  .00005464  00000-0  96081-3 0  9998
2 36001  74.0303  44.7028 0014200 214.8759 144.6915 14.67807992360537
1 36002U 93036AWU 18211.41814603 +.00000471 +00000-0 +79853-4 0  9990
2 36002 074.0120 233.1364 0076929 325.5130 034.1062 14.70558123274994
1 36004U 93036AWW 18212.34077771  .00001538  00000-0  74028-4 0  9996
2 36004  73.9149 198.0181 0098988  22.4516 338.0964 15.15658754496692
1 36005U 93036AWX 18212.03989553  .00000049  00000-0  21769-4 0  9993
2 36005  74.0271  71.6830 0063905 148.6608 211.8384 14.44297445487817
1 36007U 93036AWZ 14124.23400568 +.00001073 +00000-0 +19168-3 0  9996
2 36007 074.0298 327.5711 0121860 095.1507 260.5509 14.63512499256328
1 36008U 93036AXA 18211.83080227  .00001009  00000-0  61832-3 0  9994
2 36008  74.0187 272.5792 0234585 303.5913  54.3019 13.94399156462858
1 36011U 97051US  18210.43902955 +.00000222 +00000-0 +71859-4 0  9992
2 36011 086.3437 101.3821 0022255 035.5257 089.2147 14.34296563467925
1 36012U 97051UT  18210.88541423 +.00001686 +00000-0 +10173-2 0  9996
2 36012 086.4581 266.9586 0304803 216.2349 141.7833 13.85580443461147
1 36015U 97051UW  11201.01377527 +.00002520 +00000-0 +73811-3 0  9996
2 36015 086.3751 102.0981 0043805 173.7838 185.9001 14.43033383100709
1 36016U 97051UX  14005.49459247 +.00001031 +00000-0 +31691-3 0  9990
2 36016 086.4004 087.2571 0004176 012.5011 342.0792 14.40680995229992
1 36017U 97051UY  18211.89289444 +.00002076 +00000-0 +27062-3 0  9995
2 36017 086.3664 065.5437 0015611 008.2812 048.6525 14.79997356269677
1 36019U 97051VA  18212.12150066  .00000832  00000-0  18982-3 0  9990
2 36019  86.3936  92.6160 0008637 341.7290 177.1507 14.54612055471711
1 36021U 97051VC  18212.29130332  .00002238  00000-0  76485-3 0  9999
2 36021  86.4226 168.7035 0128245 283.8342  74.8610 14.31428321465082
1 36023U 97051VE  18212.40268193  .00001123  00000-0  26769-3 0  9993
2 36023  86.3400  86.3390 0024833 252.0260 107.8239 14.52728109471228
1 36025U 97051VG  18211.19988027  .00001847  00000-0  42222-3 0  9990
2 36025  86.5642 193.7894 0053991   0.7330 359.3946 14.54305188471527
1 36028U 97051VK  18211.88214852  .00000607  00000-0  13947-3 0  9992
2 36028  86.3356  63.1824 0032303 226.8958 132.9545 14.53548352478881
1 36030U 96051M   18211.94564943 +.00003745 +00000-0 +57906-3 0  9999
2 36030 070.8591 328.0937 0029741 098.8448 261.6074 14.73687681462368
1 36031U 96051N   18211.73264257 +.00001628 +00000-0 +49590-3 0  9990
2 36031 070.8505 113.7675 0013203 181.1240 210.5489 14.43494446458128
1 36042U 93036AXD 18208.76383279 +.00003083 +00000-0 +19706-3 0  9990
2 36042 073.8679 335.1926 0053171 208.2133 151.6175 15.07989917475325
1 36045U 93036AXG 18211.35433277  .00000307  00000-0  10828-3 0  9998
2 36045  73.7753 108.1117 0096012 240.4664 118.6890 14.36793769474682
1 36046U 93036AXH 18211.09795229 +.00000114 +00000-0 +33187-4 0  9998
2 36046 074.0214 352.9850 0068568 085.2608 036.1620 14.53876870247968
1 36047U 93036AXJ 18211.26049462 +.00000536 +00000-0 +14062-3 0  9997
2 36047 074.0513 069.9693 0022214 123.3084 237.0209 14.51480585266408
1 36048U 93036AXK 18211.33275557  .00000066  00000-0  32576-4 0  9991
2 36048  74.0566 189.6697 0028611 196.6321 231.1585 14.34319607470063
1 36049U 93036AXL 18211.73038588 +.00000328 +00000-0 +10422-3 0  9993
2 36049 074.0388 119.6156 0018903 153.4308 206.7822 14.43729826463947
1 36050U 93036AXM 18212.10839241  .00000216  00000-0  30820-4 0  9993
2 36050  74.0396 124.2385 0132123 193.9015 165.8512 14.78085483489658
1 36052U 93036AXP 18210.68332320 +.00000608 +00000-0 +16810-3 0  9999
2 36052 074.0312 101.9243 0017173 123.9926 236.2869 14.48727956472277
1 36053U 93036AXQ 18211.10863881  .00000632  00000-0  22591-3 0  9999
2 36053  73.8826 141.2837 0043125 276.8689  82.7557 14.35744427488487
1 36055U 93036AXS 18210.64251469 +.00001713 +00000-0 +89919-3 0  9990
2 36055 074.0441 286.1295 0239064 296.4841 061.1951 14.01349309450367
1 36057U 93036AXU 18212.21888138  .00001406  00000-0  17101-3 0  9999
2 36057  73.9703 177.6382 0048371 300.8049  58.8372 14.83757865477558
1 36058U 93036AXV 18211.24753630  .00000161  00000-0  50277-4 0  9999
2 36058  74.0264  57.2366 0054987 133.6032 226.9710 14.47822441492163
1 36059U 93036AXW 18210.65202571 +.00001008 +00000-0 +31690-3 0  9995
2 36059 074.0075 203.6534 0057092 209.2163 150.5797 14.40837452229664
1 36060U 93036AXX 18211.52648942 +.00000090 +00000-0 +39302-4 0  9999
2 36060 074.0311 156.9147 0016705 195.0161 165.0499 14.36943007463035
1 36061U 93036AXY 18211.38483908  .00000080  00000-0  40900-4 0  9998
2 36061  74.0233 224.8328 0042442 236.9649 122.7420 14.29802288487215
1 36062U 93036AXZ 18179.22378300  .00270367  00000-0  13393-2 0  9995
2 36062  73.9009 260.4009 0011627 350.3571   9.7432 15.81106892504880
1 36064U 93036AYB 18210.38690941 +.00000802 +00000-0 +24498-3 0  9992
2 36064 073.8432 104.1855 0066890 175.5596 184.6168 14.42294403466417
1 36065U 93036AYC 10040.58142306 +.00003896 +00000-0 +27252-3 0  9992
2 36065 074.0137 012.2459 0221708 170.6541 189.4362 14.87854867037732
1 36067U 93036AYE 18212.29328942  .00001157  00000-0  25918-3 0  9998
2 36067  74.0133  67.0119 0014386  70.1897 290.0817 14.57751153482077
1 36069U 93036AYG 18212.01477639  .00007535  00000-0  24297-3 0  9993
2 36069  74.0175 341.7402 0031193  14.7804 345.4303 15.31837671483764
1 36070U 93036AYH 18210.04356777 +.00002067 +00000-0 +29052-3 0  9994
2 36070 074.0250 340.6956 0009469 016.8300 343.3187 14.78059820271020
1 36071U 93036AYJ 18212.44171445  .00000821  00000-0  22702-3 0  9999
2 36071  74.0353 122.5998 0032788 128.6098 231.8005 14.47952595483419
1 36073U 93036AYL 18211.32728956 +.00000041 +00000-0 +25052-4 0  9998
2 36073 074.0308 201.2012 0026541 205.5248 154.4595 14.32071459316442
1 36074U 93036AYM 18211.47879975  .00000353  00000-0  14421-3 0  9996
2 36074  73.9947 236.7354 0057053 232.3771 127.2193 14.30168379476639
1 36076U 93036AYP 18211.59903175 +.00001479 +00000-0 +27021-3 0  9991
2 36076 073.8401 310.9358 0044706 346.6962 013.3023 14.66323618472378
1 36077U 93036AYQ 18211.19942331  .00000587  00000-0  74914-4 0  9998
2 36077  73.9826 147.2682 0084117 253.4022 105.7905 14.81728426484937
1 36079U 93036AYS 18212.12231775  .00002298  00000-0  18870-3 0  9996
2 36079  74.0501 132.7844 0042692 168.4832 191.7343 14.99165959480804
1 36080U 97051VM  18212.38978999  .00000291  00000-0  90915-4 0  9995
2 36080  86.3215  86.2150 0020439  22.9841 337.2266 14.37289957468585
1 36081U 97051VN  18210.90814911  .00001030  00000-0  29681-3 0  9998
2 36081  86.2358  69.2501 0070265  89.9187 271.0065 14.42315003466647
1 36083U 97051VQ  18204.45884638 +.00000345 +00000-0 +11335-3 0  9991
2 36083 086.3478 103.7641 0032064 070.2577 290.2073 14.35047840467919
1 35521U 87068CQ  18206.28429576 +.00000113 +00000-0 +83647-4 0  9992
2 35521 082.5543 052.1286 0009247 184.0478 299.2545 13.87202648700029
1 35522U 87068CR  18203.33390253 +.00000124 +00000-0 +94227-4 0  9993
2 35522 082.5465 056.8010 0017724 270.4569 212.9771 13.86517937253259
1 35523U 87068CS  18208.61960828 +.00000017 +00000-0 +12886-5 0  9994
2 35523 082.5252 318.8937 0018879 094.4624 327.8848 13.99145043692865
1 35524U 87068CT  18179.15191396 -.00000521  00000-0 -34673-3 0  9995
2 35524  82.5153 331.6937 0024248  82.6983 277.6942 14.02724095772099
1 35525U 87068CU  18209.40740921 +.00000093 +00000-0 +71492-4 0  9995
2 35525 082.5448 081.2726 0021660 033.1008 085.8590 13.82601293766187
