1 34432U 93036RZ  18211.79352139  .00000241  00000-0  16392-3 0  9990
2 34432  73.8322 130.5621 0194476 331.2201  57.5700 13.96833938480979
1 34433U 93036SA  18212.22622951  .00000282  00000-0  17764-3 0  9991
2 34433  74.0206 172.6600 0179660 199.7384 224.0425 14.01067447482175
1 34434U 93036SB  18209.84378933 +.00000716 +00000-0 +56746-3 0  9999
2 34434 074.0659 158.7363 0340261 187.5953 202.6247 13.69157151469728
1 34439U 93036SG  18211.90824493 +.00000468 +00000-0 +88864-4 0  9992
2 34439 074.0576 006.4499 0128502 019.4898 151.8777 14.62111130500228
1 34442U 93036SK  18211.97712361  .00000477  00000-0  92052-4 0  9997
2 34442  74.0193 285.3730 0073720   7.6906  50.5663 14.64751185502271
1 34445U 93036SN  18212.54799831  .00000929  00000-0  10116-3 0  9993
2 34445  74.0122 154.1857 0099281 206.0628 272.3510 14.86216496505751
1 34446U 93036SP  18211.97240845  .00000029  00000-0  15463-4 0  9998
2 34446  74.0414  49.7391 0052642 140.0101 220.4954 14.46795631497745
1 34447U 93036SQ  18211.88721361 +.00000965 +00000-0 +13001-3 0  9990
2 34447 074.0240 271.6305 0027223 340.1124 134.1459 14.80469492502007
1 34448U 93036SR  18212.57637442  .00004973  00000-0  38997-3 0  9998
2 34448  74.0374 261.7902 0003520 317.9047 198.2446 15.01242427502838
1 34449U 93036SS  18211.96699069  .00000597  00000-0  16997-3 0  9998
2 34449  74.0522 126.7112 0069447 145.3761 340.3811 14.46111932495317
1 34451U 93036SU  18211.89530190 +.00000591 +00000-0 +16998-3 0  9997
2 34451 074.0620 137.3597 0070562 146.0278 214.5429 14.45542087494847
1 34452U 93036SV  18211.76029672 +.00000211 +00000-0 +30384-4 0  9997
2 34452 074.0434 131.3098 0120944 204.4762 185.1830 14.78690115506876
1 34453U 93036SW  18211.86108532 +.00000758 +00000-0 +20806-3 0  9995
2 34453 074.1670 165.8905 0043236 071.8644 319.2321 14.48178477495547
1 34454U 93036SX  18211.85666597 +.00000044 +00000-0 +24287-4 0  9991
2 34454 074.0591 175.4646 0037756 195.2531 164.7487 14.35486886494170
1 34456U 93036SZ  18208.35297656 +.00001259 +00000-0 +35086-3 0  9997
2 34456 074.0457 178.4381 0063316 179.8469 330.7804 14.46192878493502
1 34457U 93036TA  18211.28460104 +.00000421 +00000-0 +83447-4 0  9999
2 34457 074.0044 319.7582 0105798 029.4086 000.0472 14.62222216500420
1 34458U 93036TB  18211.54643816  .00000820  00000-0  22224-3 0  9990
2 34458  74.0279 111.0057 0019374 115.6512 308.4028 14.49159728496111
1 34459U 93036TC  18212.01142395  .00000097  00000-0  73267-4 0  9990
2 34459  74.0783 207.4443 0199414 203.8081 155.3733 13.97097478481038
1 34464U 93036TH  18211.95279231 +.00000300 +00000-0 +62795-4 0  9999
2 34464 074.0242 294.7079 0055324 043.8961 069.3012 14.63467994501864
1 34465U 93036TJ  18211.40239297  .00000581  00000-0  14428-3 0  9998
2 34465  74.0741 113.3028 0097631 109.9268 251.2443 14.51228944496534
1 34468U 93036TM  18211.85393105 +.00000086 +00000-0 +32957-4 0  9997
2 34468 074.0149 089.9560 0081545 164.3391 196.0317 14.42644349496084
1 34469U 93036TN  18212.43688511  .00001080  00000-0  21657-3 0  9990
2 34469  74.0189  15.7012 0015747  75.0840 285.2069 14.62943619499246
1 34472U 93036TR  18211.89335576  .00000537  00000-0  46458-3 0  9995
2 34472  74.0828 172.4050 0348940 197.6969 161.1742 13.64011924470223
1 34473U 93036TS  18211.77383969 +.00000749 +00000-0 +21674-3 0  9990
2 34473 074.0317 136.6268 0025788 125.3849 264.1843 14.46019334495831
1 34474U 93036TT  18211.86523326  .00000653  00000-0  41418-3 0  9996
2 34474  74.0811 272.5734 0233195 273.0321 209.8474 13.93377283479501
1 34476U 93036TV  18211.92844330 +.00000846 +00000-0 +69505-3 0  9997
2 34476 074.0140 193.9861 0374250 265.2684 090.5606 13.62851376468245
1 34477U 93036TW  18212.12157490  .00000247  00000-0  76103-4 0  9993
2 34477  73.9820  80.6310 0092214 175.5352 350.0887 14.44344104497112
1 34478U 93036TX  18212.12208904  .00000565  00000-0  14624-3 0  9993
2 34478  74.0627  98.5391 0098294 289.0955 222.2950 14.49511368497531
1 34481U 93036UA  18211.52911147  .00000056  00000-0  34107-4 0  9994
2 34481  73.9805 262.6162 0078055 322.2221 105.0398 14.25291445490880
1 34482U 93036UB  18211.95024507 +.00000546 +00000-0 +18241-3 0  9991
2 34482 074.0493 195.1859 0077946 209.2918 184.0954 14.38134203493064
1 34486U 97051GB  18211.91216002 +.00000453 +00000-0 +10929-3 0  9997
2 34486 086.4114 100.4176 0016523 277.5800 204.9475 14.50974594497207
1 34487U 97051GC  18212.11811444  .00000094  00000-0  23329-4 0  9992
2 34487  86.3445  85.6864 0032543   1.8313 150.1044 14.39813094495104
1 34488U 97051GD  18211.55914561  .00000685  00000-0  15578-3 0  9996
2 34488  86.3441  67.5099 0023305 241.2245 118.6621 14.54385812499136
1 34489U 97051GE  18211.56687340 +.00001559 +00000-0 +49662-3 0  9992
2 34489 086.4148 152.1783 0079009 147.3332 213.2789 14.37432298490217
1 34490U 97051GF  18211.64481809 +.00002411 +00000-0 +31485-3 0  9997
2 34490 086.3263 058.6246 0047846 054.6674 341.9909 14.79237380498822
1 34492U 97051GH  18211.96103187 +.00001258 +00000-0 +72926-3 0  9997
2 34492 086.4995 285.2087 0310601 226.0185 261.9560 13.86740068475044
1 34493U 97051GJ  18212.51923964  .00001854  00000-0  34532-3 0  9996
2 34493  86.2659  44.8517 0060356  93.3810 267.4309 14.63319085496824
1 34496U 97051GM  18211.11608299 +.00002741 +00000-0 +84202-3 0  9990
2 34496 086.3937 154.0999 0077468 245.8472 113.4614 14.39582290317391
1 34497U 97051GN  18212.19788878  .00000258  00000-0  10918-3 0  9996
2 34497  86.2818 110.6106 0088921 296.0047 220.3017 14.19829486487706
1 34503U 97051GU  18211.53116434  .00000444  00000-0  92484-4 0  9990
2 34503  86.3171  48.9494 0004048  23.2085 336.9306 14.57732924499092
1 34508U 97051GZ  18211.54564401 +.00000522 +00000-0 +21276-3 0  9994
2 34508 086.3813 142.7672 0075473 221.9320 137.6077 14.24089873488923
1 34511U 97051HC  18212.45469532  .00001004  00000-0  26701-3 0  9992
2 34511  86.3889 109.9793 0025363 289.7523 124.0855 14.47452363494798
1 34517U 97051HJ  18211.90740949 +.00002352 +00000-0 +34065-3 0  9990
2 34517 086.3624 069.1512 0005195 318.2035 105.0851 14.75684257499053
1 34518U 97051HK  18211.08566578  .00001794  00000-0  26707-3 0  9997
2 34518  86.3912  86.5909 0015987 178.3163 181.8112 14.74275017498425
1 34520U 97051HM  18212.15560502  .00004568  00000-0  61176-3 0  9991
2 34520  86.3621  75.9421 0017358  77.0332 283.2826 14.79129406498944
1 34521U 97051HN  18211.66097988 +.00000459 +00000-0 +13182-3 0  9999
2 34521 086.3872 104.1864 0004164 236.7464 123.3338 14.42782688495238
1 34522U 97051HP  18212.47619725  .00002566  00000-0  55574-3 0  9991
2 34522  86.3653 109.0936 0044561 344.0026  70.1702 14.57236046494064
1 34524U 97051HR  18211.84436375  .00001032  00000-0  26181-3 0  9990
2 34524  86.3433  90.1519 0033680 300.4697  59.3182 14.49561809495295
1 34525U 97051HS  18212.04281635  .00000175  00000-0  52613-4 0  9998
2 34525  86.3759 106.4700 0002946 306.5182 118.9895 14.36912901494467
1 34526U 97051HT  18211.84519848 +.00002523 +00000-0 +41450-3 0  9991
2 34526 086.3417 074.1318 0018462 129.2241 231.0617 14.70139605497519
1 34529U 97051HW  18212.14859283  .00000108  00000-0  29321-4 0  9999
2 34529  86.3653  98.1114 0009287  48.7062 311.4934 14.37762224495037
1 34532U 97051HZ  18211.78691300 +.00002857 +00000-0 +56048-3 0  9994
2 34532 086.3394 096.0333 0043109 284.2400 075.4025 14.61827219494138
1 34535U 97051JC  18211.78777611 +.00001966 +00000-0 +27816-3 0  9998
2 34535 086.3352 048.5666 0018945 058.6851 069.7584 14.76467099500652
1 34538U 97051JF  18211.95012825 +.00000321 +00000-0 +11367-3 0  9997
2 34538 086.2794 086.5592 0044263 082.4399 341.9506 14.30857629491827
1 34540U 97051JH  18212.54187854  .00000623  00000-0  14890-3 0  9990
2 34540  86.3208  58.9032 0025154 274.2058 114.7894 14.51861617498743
1 34542U 93036UC  18211.77844634  .00000708  00000-0  13807-3 0  9992
2 34542  74.0249 335.2509 0026741  68.3620 292.0393 14.64758430498942
1 34544U 93036UE  18211.36874135  .00000056  00000-0  72809-4 0  9992
2 34544  73.9161 225.4024 0394470  30.7123  25.7839 13.51386452465525
1 34545U 93036UF  18212.54424587  .00001030  00000-0  22522-3 0  9995
2 34545  74.0349  52.8357 0018927  74.8055 315.7085 14.58998735498230
1 34546U 93036UG  18211.37075644 +.00000203 +00000-0 +77966-4 0  9996
2 34546 074.0343 174.1414 0025764 190.6215 330.9899 14.36410308493068
1 34547U 93036UH  18211.42275495  .00000516  00000-0  15553-3 0  9999
2 34547  74.0395 122.3959 0038787 152.6651 207.6559 14.44573558495281
1 34550U 93036UL  18209.36334516 +.00000285 +00000-0 +10651-3 0  9990
2 34550 073.9935 351.1407 0182765 069.4458 292.6193 14.27396544485791
1 34552U 93036UN  18211.98183389  .00000910  00000-0  25718-3 0  9998
2 34552  74.0334 144.0014 0034520 139.5290 340.7865 14.46732446493582
1 34553U 93036UP  18211.97360816  .00000407  00000-0  13846-3 0  9990
2 34553  74.0312 159.0509 0028154 175.1823 298.2264 14.39496619493028
1 34554U 93036UQ  18210.92624281 +.00000091 +00000-0 +42131-4 0  9993
2 34554 074.0384 192.2327 0025569 199.3191 187.7768 14.33698812491334
1 34555U 93036UR  18210.70412068 +.00000879 +00000-0 +22775-3 0  9993
2 34555 074.0276 106.9287 0025586 114.5436 277.1246 14.51113769494658
1 34556U 93036US  18211.80856411 +.00000514 +00000-0 +16146-3 0  9991
2 34556 074.0310 144.9615 0023982 150.0156 240.7362 14.42830702493047
1 34560U 93036UW  18211.27361788  .00000480  00000-0  15392-3 0  9999
2 34560  74.0276 149.8710 0030874 168.3927 342.2893 14.41867157493184
1 34561U 93036UX  18211.81162557  .00000768  00000-0  18682-3 0  9997
2 34561  74.0337  66.0986 0045231 104.6434 255.9749 14.53926210495896
1 34563U 93036UZ  18211.51983859 +.00000097 +00000-0 +39891-4 0  9993
2 34563 074.0403 145.1827 0015583 185.9635 292.7286 14.39067141494175
1 34564U 93036VA  18211.55352060  .00000055  00000-0  27414-4 0  9994
2 34564  74.0343 155.7546 0020611 202.1219 275.5125 14.36817490493742
1 34567U 93036VD  18212.28110847  .00000027  00000-0  23330-4 0  9995
2 34567  74.0442 307.4186 0077006 306.7759  83.1679 14.21680456489589
1 34569U 93036VF  18212.51654925  .00000012  00000-0  15492-4 0  9997
2 34569  73.9955 343.8177 0171812  61.3926  55.8962 14.17787983487905
1 34570U 93036VG  18211.36080130  .00000122  00000-0  92666-4 0  9992
2 34570  73.9611 193.5583 0201305 280.1956 148.6386 13.95004424480543
1 34571U 93036VH  18211.85571538 +.00000574 +00000-0 +26207-3 0  9992
2 34571 074.0522 015.0681 0103845 349.3188 010.5749 14.21007075488777
1 34572U 93036VJ  18210.04661057 +.00000473 +00000-0 +20849-3 0  9993
2 34572 074.0205 337.6439 0100940 328.7167 152.0242 14.23417273488789
1 34574U 93036VL  18212.04429493  .00000334  00000-0  89784-4 0  9993
2 34574  74.0758  80.4612 0098435  88.5238 342.3056 14.49167544496591
1 34576U 93036VN  18211.72191189 +.00000283 +00000-0 +93114-4 0  9992
2 34576 074.0400 119.0409 0010293 189.9623 198.7926 14.42712896495597
1 34577U 93036VP  18211.80624584 +.00000423 +00000-0 +96484-4 0  9991
2 34577 074.0385 357.2610 0033931 093.9738 266.5307 14.58595769499298
1 34579U 93036VR  18212.05207773  .00000165  00000-0  62068-4 0  9992
2 34579  74.0562 153.9969 0030522 179.8991 309.8612 14.38529968494452
1 34582U 93036VU  18211.91718184 +.00000168 +00000-0 +67385-4 0  9993
2 34582 074.0217 186.3021 0057921 225.9691 133.6682 14.34715077492827
1 34585U 93036VX  18211.89022742 +.00000966 +00000-0 +17993-3 0  9996
2 34585 074.0297 350.7305 0015359 070.4490 289.8336 14.66440111498486
1 34588U 93036WA  18211.90835149 +.00000134 +00000-0 +55184-4 0  9996
2 34588 074.0448 178.2310 0020937 182.2134 208.8373 14.35698916492740
1 34589U 93036WB  18211.25528021 -.00000297  00000-0 -19763-3 0  9997
2 34589  73.9257 302.4924 0258685  54.4908 340.1820 13.82140339475820
1 34590U 93036WC  18210.75773326 -.00000012 +00000-0 +42527-5 0  9993
2 34590 074.0453 359.5625 0071663 089.8477 333.8671 14.51978434500582
1 34593U 97051JK  18211.74648795 +.00055762 +00000-0 +15142-2 0  9999
2 34593 086.3246 056.4275 0001763 185.2364 174.8870 15.37366361502249
1 34609U 93036WE  18211.93563865 +.00000394 +00000-0 +19789-3 0  9994
2 34609 073.7378 298.0728 0160224 224.8278 257.9206 14.13627423485352
1 34610U 93036WF  18210.51029204 +.00000473 +00000-0 +30604-3 0  9990
2 34610 074.0260 237.7712 0212143 258.3596 099.3658 13.95185391479549
1 34611U 93036WG  18212.14832560  .00000398  00000-0  11934-3 0  9990
2 34611  74.0626 116.2568 0039049 134.0757 296.8606 14.45533479494192
1 34613U 93036WJ  18211.97166639 +.00000522 +00000-0 +27189-3 0  9997
2 34613 073.9671 044.2110 0132769 102.1203 053.4889 14.12493487483578
1 34614U 93036WK  18211.74588802 -.00000017 +00000-0 +31885-5 0  9993
2 34614 073.8915 320.4678 0276441 107.8796 044.8643 13.85491665472656
1 34615U 93036WL  18211.87798878 +.00000020 +00000-0 +38821-4 0  9993
2 34615 074.0046 274.6092 0410448 011.2069 103.8831 13.49020227464909
1 34616U 93036WM  18211.93513729 +.00003153 +00000-0 +41285-3 0  9998
2 34616 074.0274 017.3093 0019082 353.3827 165.3273 14.80716780497223
1 34619U 93036WQ  18211.90418287 +.00000018 +00000-0 +10282-4 0  9992
2 34619 074.0495 296.0408 0102926 001.5144 358.6311 14.58807441500068
1 34620U 93036WR  18212.51213832  .00000383  00000-0  17950-3 0  9994
2 34620  74.0681  35.8469 0127715  19.3199  11.5703 14.19190412484985
1 34622U 93036WT  18212.55194858 -.00000172  00000-0 -73249-4 0  9998
2 34622  74.0432  46.2152 0121818  49.3082 342.6858 14.13439434483834
1 34624U 93036WV  18212.32443951  .00004605  00000-0  47124-3 0  9991
2 34624  74.0011 325.7950 0017990 334.9599  56.5336 14.90720661501542
1 34626U 93036WX  18211.97556400  .00000382  00000-0  98131-4 0  9990
2 34626  74.0596  34.8664 0040475 100.7075  52.4934 14.53101245499358
1 34629U 93036XA  18211.95886587  .00001551  00000-0  15321-3 0  9991
2 34629  73.7801  42.6796 0061974 328.2620  31.4830 14.91619581506854
1 34631U 93036XC  18211.15798701  .00004657  00000-0  29059-3 0  9999
2 34631  74.0107 149.9118 0018409 226.4768 193.5771 15.09686029506288
1 34634U 93036XF  18211.92425094 +.00000099 +00000-0 +33279-4 0  9995
2 34634 074.0535 048.1664 0051071 118.9238 309.3020 14.48667380497544
1 34635U 93036XG  18212.49182991  .00000418  00000-0  12107-3 0  9996
2 34635  74.0538  94.5762 0047051 128.0346 296.2028 14.46839379496354
1 34637U 93036XJ  18211.68339644  .00000404  00000-0  11975-3 0  9994
2 34637  74.0541 102.4651 0066814 134.6070 256.9348 14.45249329495975
1 34638U 93036XK  18211.77823594 +.00000626 +00000-0 +15563-3 0  9990
2 34638 074.0449 080.9570 0013617 091.1932 027.6812 14.53799237495785
1 34639U 93036XL  18212.19010861  .00000938  00000-0  24212-3 0  9990
2 34639  74.0328 111.0716 0047900 131.2070  23.9300 14.50728671494568
1 34641U 93036XN  18211.67178348  .00000305  00000-0  10855-3 0  9996
2 34641  73.8427  90.3747 0020688 174.0503 217.8523 14.38523616494683
1 34642U 93036XP  18210.54053566 +.00000362 +00000-0 +25388-3 0  9996
2 34642 074.0069 273.9284 0230639 323.7000 103.6956 13.89825955478532
1 34643U 97051JU  18211.88321437 +.00001200 +00000-0 +29147-3 0  9990
2 34643 086.3832 102.2358 0032053 282.3069 077.4549 14.51790220491984
1 34648U 97051JZ  18212.09477063  .00002075  00000-0  14474-2 0  9993
2 34648  86.4124 249.1507 0236676 222.5107 167.0353 13.85647632475724
1 34651U 97051KC  18211.83120530  .00000526  00000-0  29063-3 0  9992
2 34651  86.2956 169.8608 0191909 320.9972  37.7492 14.00977890480500
1 34652U 97051KD  18211.90628650  .00000371  00000-0  97294-4 0  9997
2 34652  86.3345  73.8544 0036029 297.6779 122.4821 14.46198610496288
1 34671U 93036XR  18211.49937795  .00000474  00000-0  14972-3 0  9999
2 34671  74.0352 136.5115 0022409 159.3387 318.4728 14.42776217493425
1 34672U 93036XS  18211.63337012  .00000058  00000-0  30549-4 0  9999
2 34672  74.0346 192.2567 0026392 204.1995 277.6488 14.33147266491465
1 34674U 93036XU  18212.02754495  .00000701  00000-0  13903-3 0  9992
2 34674  73.9833 341.2751 0114552 222.5564 136.6683 14.60261475498220
1 34675U 93036XV  18211.06794796  .00000900  00000-0  23260-3 0  9992
2 34675  74.0348 104.1394 0037001 128.4047 232.0447 14.51012757494543
1 34678U 93036XY  18211.77976350 -.00000032  00000-0 -23188-5 0  9990
2 34678  74.0352 217.5286 0025970 201.2520 215.7306 14.29689084489216
1 34679U 93036XZ  18211.70122382 +.00000775 +00000-0 +14029-3 0  9996
2 34679 074.0113 314.3011 0046981 027.0583 333.3020 14.67491869499756
1 34680U 93036YA  18212.17926622  .00000277  00000-0  89695-4 0  9998
2 34680  74.0491 121.4207 0012118 162.4863 356.5736 14.43512704494078
1 34681U 93036YB  18211.93640187 +.00000312 +00000-0 +78046-4 0  9999
2 34681 074.0750 026.2051 0043462 076.5182 074.2145 14.55044256499529
1 34682U 93036YC  18212.06666733  .00000264  00000-0  81513-4 0  9999
2 34682  74.0434  87.9442 0023785 168.3718 262.5242 14.45850968496978
1 34683U 93036YD  18211.90513694 +.00000238 +00000-0 +75626-4 0  9998
2 34683 074.0345 104.7788 0028882 159.6791 327.3533 14.45006381493420
1 34685U 93036YF  18211.87819089 +.00000264 +00000-0 +88552-4 0  9994
2 34685 074.0353 129.9457 0020198 172.8152 300.7294 14.41950297496290
1 34687U 93036YH  18212.47118188  .00001514  00000-0  12729-3 0  9996
2 34687  73.9249  20.9591 0094471 163.5554 220.7702 14.95933593509683
1 34689U 93036YK  18211.75967637  .00000735  00000-0  52352-3 0  9999
2 34689  74.0989  82.1962 0302318  75.6732  37.4374 13.79232220471364
1 34690U 97051KM  18211.66023329 +.00000878 +00000-0 +26047-3 0  9993
2 34690 086.3856 107.2872 0008997 349.3416 031.4585 14.42236653491983
1 34693U 97051KQ  18211.86409750  .00000691  00000-0  16003-3 0  9998
2 34693  86.3371  66.4483 0024211 241.4108 246.1887 14.53512483495703
1 34696U 97051KT  18211.19341875  .00001560  00000-0  75035-3 0  9996
2 34696  86.2076 114.0133 0142838 148.6043   3.2812 14.12994499484031
1 34702U 97051KZ  18211.70259138  .00000668  00000-0  13357-3 0  9998
2 34702  86.3071  41.1245 0042962 155.7264 204.5983 14.59654989499613
1 34705U 97051LC  18212.10744315  .00002196  00000-0  39025-3 0  9990
2 34705  86.4702 138.1319 0070639 211.8353 147.8582 14.65085793495632
1 34706U 97051LD  18212.24431948  .00004037  00000-0  43010-3 0  9996
2 34706  86.3185  25.2422 0032889  67.8548  57.4215 14.88240022502123
1 34721U 93036YP  18211.80786145  .00000117  00000-0  94025-4 0  9993
2 34721  73.9249 263.6784 0242170  16.5939  97.6458 13.87574392477431
1 34722U 93036YQ  18212.23240920  .00000093  00000-0  61917-4 0  9995
2 34722  73.8890  58.3880 0179826 148.8178 329.1735 14.06071685483718
1 34723U 93036YR  18211.89164568 +.00003212 +00000-0 +20695-3 0  9993
2 34723 073.9844 175.9306 0096316 220.7690 138.6266 15.05032818500536
1 34724U 93036YS  18211.55655319  .00000395  00000-0  22151-3 0  9994
2 34724  74.0382 302.1000 0247030 326.1509  32.4060 13.99556358474648
1 34725U 93036YT  18211.92784119 +.00002726 +00000-0 +56024-3 0  9993
2 34725 074.2024 184.3627 0039796 354.5732 005.4997 14.60605271493794
1 34726U 93036YU  18211.89565328 +.00000043 +00000-0 +18123-4 0  9998
2 34726 074.0305 025.4139 0050151 124.0675 236.5262 14.50451289494130
1 34728U 93036YW  18211.48849752 +.00000204 +00000-0 +52755-4 0  9999
2 34728 074.0251 346.3849 0054553 095.7213 265.0174 14.55412831495334
1 34729U 93036YX  18211.77910569 +.00000500 +00000-0 +13702-3 0  9994
2 34729 074.0286 069.7210 0029883 137.8610 349.7212 14.49499648492657
1 34732U 93036ZA  18211.07906321  .00000047  00000-0  21034-4 0  9996
2 34732  74.0443  70.9364 0040620 175.4572 345.4313 14.44970024493009
1 34735U 93036ZD  18211.01930006  .00001273  00000-0  20835-3 0  9999
2 34735  74.0315 334.1347 0053651   9.8579 350.3631 14.71015064498761
1 34736U 93036ZE  18211.96678918  .00000639  00000-0  18635-3 0  9995
2 34736  74.0333 126.4132 0018813 130.4117 329.1142 14.46028618492278
1 34737U 93036ZF  18212.19565578  .00001679  00000-0  35672-3 0  9994
2 34737  74.0376  90.2718 0025083   7.2144 136.8376 14.59729312493795
1 34738U 93036ZG  18211.50369562 +.00000140 +00000-0 +50641-4 0  9990
2 34738 074.0178 105.1895 0050377 181.9432 242.0262 14.41375922490349
1 34739U 93036ZH  18212.53998924  .00000988  00000-0  14570-3 0  9995
2 34739  74.0248 248.1244 0062242 305.2171 205.4615 14.75579165502553
1 34741U 93036ZK  18212.28081785  .00002246  00000-0  17039-3 0  9990
2 34741  73.9814 173.8993 0106647 228.0188 131.1878 14.98510968504319
1 34742U 93036ZL  18212.49273012  .00032691  00000-0  56099-3 0  9996
2 34742  74.0079 345.7920 0012467  44.7933 315.4284 15.50934781510386
1 34744U 93036ZN  18211.72396413  .00000925  00000-0  16247-3 0  9990
2 34744  74.0112 307.7850 0041842  22.7875 128.8025 14.68679067498538
1 34745U 93036ZP  18212.50368052  .00003035  00000-0  31673-3 0  9991
2 34745  74.0194 233.8474 0018022 321.0767 189.2821 14.90109562501835
1 34746U 93036ZQ  18211.93378215 +.00000984 +00000-0 +19736-3 0  9996
2 34746 074.0288 015.5916 0025966 063.3155 098.3738 14.62901869498435
1 34747U 93036ZR  18211.77613390 +.00001147 +00000-0 +12084-3 0  9996
2 34747 073.9875 132.3148 0053701 250.7599 108.7768 14.89713284505128
1 34750U 93036ZU  18211.99458319  .00000360  00000-0  11480-3 0  9997
2 34750  74.1167 166.8114 0053427 128.1555 343.9068 14.42349101493864
1 34751U 93036ZV  18211.85677722  .00001083  00000-0  31403-3 0  9994
2 34751  74.0073 161.8887 0039004 142.7595 240.0463 14.45165438493658
1 34752U 93036ZW  18212.48798663  .00000338  00000-0  60817-4 0  9997
2 34752  74.0210 225.5830 0091449 319.8081  39.6349 14.68395426501737
1 34754U 93036ZY  18211.92158238 +.00000066 +00000-0 +30981-4 0  9992
2 34754 074.0322 147.5725 0031494 202.4273 270.9872 14.37253448494378
1 34755U 93036ZZ  18211.61012288 -.00000329  00000-0 -30208-3 0  9998
2 34755  73.9270 274.3990 0419960  73.0272  75.5306 13.46400382463592
1 34756U 93036AAA 18211.57633557  .00000171  00000-0  16699-3 0  9993
2 34756  74.0052 177.3240 0363892 254.5417 101.5237 13.60771399468573
1 34758U 93036AAC 18212.52408310  .00000576  00000-0  54065-3 0  9996
2 34758  74.1065 283.5392 0404269 304.5525  51.8043 13.52492172465173
1 34759U 93036AAD 18212.19916872  .00002119  00000-0  38062-3 0  9991
2 34759  74.0211  45.0196 0021728  38.9959 321.2772 14.67201816500963
1 34760U 93036AAE 18211.22340657  .00000506  00000-0  26305-3 0  9993
2 34760  74.0648  37.9946 0104593  27.4995  93.8718 14.14400719486125
1 34761U 93036AAF 18212.04084845  .00000190  00000-0  82760-4 0  9996
2 34761  74.0299 235.5421 0043781 203.6718 156.2418 14.30065251491712
1 34763U 93036AAH 18212.14313701  .00001327  00000-0  34423-3 0  9990
2 34763  74.1737 259.2423 0062200  77.4771 314.1969 14.49564074494198
1 34764U 97051LH  18211.90023811 +.00003103 +00000-0 +39236-3 0  9996
2 34764 086.3596 064.7653 0005210 001.5568 358.5669 14.81530185498118
1 34765U 97051LJ  18211.98739677  .00000186  00000-0  58937-4 0  9997
2 34765  86.3403  98.6025 0019012  25.7386  37.3858 14.34382873490634
1 34773U 97051LS  18211.86277039 +.00000945 +00000-0 +23034-3 0  9994
2 34773 086.4117 110.7294 0015109 171.1423 189.0052 14.51629401496694
1 34774U 97051LT  18211.88772257 +.00000052 +00000-0 +64675-5 0  9996
2 34774 086.4282 108.3541 0020423 085.3389 042.4692 14.57339021498492
1 34775U 97051LU  18211.70112937  .00000726  00000-0  21202-3 0  9996
2 34775  86.3798 111.6527 0029956 323.2495  66.0416 14.42547091493108
1 34784U 93036AAM 18212.12760580  .00000138  00000-0  41274-4 0  9994
2 34784  74.0099  14.7289 0059266 117.7258 242.9931 14.50889663495061
1 34787U 93036AAQ 18211.74692293  .00000949  00000-0  17379-3 0  9997
2 34787  74.0226 345.8154 0015393  69.0247 291.2568 14.67213430498983
1 34788U 93036AAR 18211.89910944 +.00000599 +00000-0 +57949-4 0  9999
2 34788 073.9919 042.7384 0140853 127.5450 300.2569 14.88266703510818
1 34789U 93036AAS 18212.28008797  .00001380  00000-0  53248-3 0  9994
2 34789  74.2080  44.7889 0099218 246.4568 167.3904 14.28449637487050
1 34790U 93036AAT 18211.82638028 +.00000109 +00000-0 +62194-4 0  9990
2 34790 074.0571 009.1507 0109208 003.3719 063.9133 14.17504233483778
1 34791U 93036AAU 18211.33060726  .00001154  00000-0  14229-3 0  9997
2 34791  74.0187 185.3934 0051799 292.0131  67.5549 14.83293143506358
1 34792U 93036AAV 18211.80412832 +.00000349 +00000-0 +11757-3 0  9997
2 34792 074.0256 142.7638 0017558 169.1972 221.5288 14.40587752487845
1 34793U 93036AAW 18211.86167465 +.00000065 +00000-0 +31853-4 0  9998
2 34793 074.0041 161.8159 0055052 230.5609 160.0584 14.34986896486917
1 34796U 93036AAZ 18211.56032616  .00000204  00000-0  70743-4 0  9993
2 34796  74.0348 159.0304 0118168 201.7843 278.0567 14.38098444493386
1 34797U 93036ABA 18210.61832440 +.00000760 +00000-0 +32948-3 0  9993
2 34797 073.9858 319.5082 0098986 320.8389 096.8521 14.23379350487055
1 34801U 91025R   11088.41583846 +.00002650 +00000-0 +92328-2 0  9999
2 34801 064.9061 239.2898 5645951 000.4157 349.9275 04.32246059032095
1 34813U 93036ABC 18211.53381115  .00000989  00000-0  10206-2 0  9997
2 34813  73.9387  57.7772 0490962 227.4258 128.4424 13.34444816456461
1 34814U 93036ABD 18211.42402959 +.00000270 +00000-0 +11879-3 0  9997
2 34814 073.8964 220.1835 0064368 298.0305 131.2758 14.27268753488534
1 34815U 93036ABE 18211.58719372 +.00000109 +00000-0 +29332-4 0  9990
2 34815 074.0485 357.6743 0083854 040.1494 320.5825 14.57712001492688
1 34816U 93036ABF 18212.39010147  .00000106  00000-0  11696-3 0  9995
2 34816  73.8874 192.2672 0387829  17.5492 130.7967 13.54080528463579
1 34818U 93036ABH 18211.93907115 +.00000058 +00000-0 +30091-4 0  9993
2 34818 074.0357 186.8357 0026522 203.4233 177.5904 14.33658954487701
1 34819U 93036ABJ 18212.23714355  .00000323  00000-0  10636-3 0  9997
2 34819  74.0262 137.0502 0025878 163.8493 347.3225 14.41941717494136
1 34822U 93036ABM 18211.58741549 +.00001851 +00000-0 +23534-3 0  9991
2 34822 074.0133 273.3861 0021661 340.5394 019.4954 14.82269158495706
1 34823U 93036ABN 18212.02786902  .00000202  00000-0  55322-4 0  9994
2 34823  74.0428  92.6257 0180739 130.7705 230.9300 14.44293613495214
1 34825U 97051LZ  18212.14283571  .00001050  00000-0  25189-3 0  9993
2 34825  86.3718  94.5331 0010594 200.2150 312.0982 14.52516567493149
1 34827U 97051MB  18211.61735183  .00003902  00000-0  55282-3 0  9992
2 34827  86.3817  77.1249 0026505 202.0628 187.7954 14.76567905496311
1 34833U 97051MH  18211.51446786  .00000414  00000-0  12534-3 0  9994
2 34833  86.3977 112.2242 0024112   6.1757  47.2574 14.39774530489006
1 34845U 93036ABP 18210.40255539 +.00000108 +00000-0 +41522-4 0  9997
2 34845 074.0278 108.8319 0023617 208.4152 151.5718 14.41454028486273
1 34846U 93036ABQ 18211.90653478  .00000279  00000-0  10492-3 0  9998
2 34846  74.0352 185.6364 0032252 194.5357 165.4871 14.35806062486914
1 34847U 93036ABR 18212.01538297  .00000598  00000-0  60709-4 0  9994
2 34847  74.0455  69.0042 0115111 125.9594 235.2331 14.88642212504757
1 34850U 93036ABU 18211.92896153 +.00001054 +00000-0 +20149-3 0  9996
2 34850 074.0154 014.9995 0057762 059.4542 096.4960 14.64196389494211
1 34852U 93036ABW 18211.23377420  .00000002  00000-0  98706-5 0  9991
2 34852  74.0330 164.6201 0017529 209.1020 150.9157 14.35270213488926
1 34853U 93036ABX 18211.58218990 +.00001494 +00000-0 +21603-3 0  9992
2 34853 074.0703 293.8016 0051219 302.2337 057.3878 14.76270695497053
1 34854U 93036ABY 18212.53407557  .00000225  00000-0  50048-4 0  9995
2 34854  74.0371 292.3105 0086103   8.2572 351.9987 14.60809129496665
1 34856U 93036ACA 18211.64322517 +.00000264 +00000-0 +54980-4 0  9992
2 34856 074.0149 286.2072 0078784 011.7185 138.2490 14.63414168495123
1 34857U 93036ACB 18211.67764516 +.00000272 +00000-0 +84604-4 0  9990
2 34857 074.0215 105.9776 0085404 165.7786 225.5372 14.43651713489534
1 34859U 93036ACD 18211.65371360 +.00000668 +00000-0 +17819-3 0  9993
2 34859 074.0400 085.9942 0006332 155.4873 235.8004 14.50330073490405
1 34860U 93036ACE 18212.54538480  .00000931  00000-0  20320-3 0  9996
2 34860  74.0260  49.2883 0029237  81.4582 278.9894 14.59067265491777
1 34861U 93036ACF 18211.74794809 +.00000569 +00000-0 +16549-3 0  9992
2 34861 074.0330 124.3229 0028497 140.1247 250.5128 14.46253967488913
1 34868U 97051MN  18212.33479641  .00001797  00000-0  40038-3 0  9994
2 34868  86.5421 178.8249 0127112  21.9438 338.7141 14.51405162489431
1 34869U 97051MP  18212.32053368  .00002013  00000-0  62345-3 0  9995
2 34869  86.4592 163.7043 0066080 107.2005  49.7249 14.39494614485057
1 34870U 97051MQ  18212.35717792  .00000537  00000-0  13431-3 0  9999
2 34870  86.3189  63.3442 0028823 273.7702 210.8926 14.49445686498822
1 34873U 93036ACL 18211.60898255  .00002861  00000-0  49983-3 0  9995
2 34873  74.0029  74.2815 0035748  66.3951 294.0965 14.68002942496698
1 34874U 93036ACM 18211.64990365 +.00000233 +00000-0 +10523-3 0  9994
2 34874 074.0416 280.3809 0061544 239.7590 280.5685 14.26604283485844
1 34875U 93036ACN 18211.73269106 +.00000201 +00000-0 +69511-4 0  9994
2 34875 074.0478 118.4184 0018002 193.3557 197.1374 14.41791964489087
1 34877U 93036ACQ 18211.24136124 +.00001205 +00000-0 +80206-4 0  9994
2 34877 073.9391 307.3820 0087688 110.3225 250.7414 15.05401978507417
1 34878U 93036ACR 18212.02891382  .00000061  00000-0  79645-4 0  9990
2 34878  73.9677 338.9062 0448186 119.8051 359.0441 13.40495412457272
1 34879U 93036ACS 18209.81289508 +.00000173 +00000-0 +20845-3 0  9996
2 34879 073.9188 147.2610 0543694 342.3107 015.9679 13.23713397453986
1 34882U 93036ACV 18211.57801988  .00000036  00000-0  14112-4 0  9997
2 34882  74.0502 307.0002 0087816  44.1538 316.6592 14.57401450496352
1 34883U 93036ACW 18211.84637779 +.00000622 +00000-0 +31112-3 0  9992
2 34883 074.2094 161.5249 0154850 023.6202 007.1488 14.12643547481862
1 34884U 93036ACX 18211.73202206 +.00000499 +00000-0 +14660-3 0  9995
2 34884 074.0330 113.4165 0019030 141.4057 250.1596 14.46234071486572
1 34885U 93036ACY 18211.97761120  .00000242  00000-0  84390-4 0  9991
2 34885  74.0373 142.2339 0018997 170.6317 287.8827 14.40301547486556
1 34886U 93036ACZ 18211.19443809 +.00000317 +00000-0 +48177-4 0  9993
2 34886 073.9740 154.5685 0107789 275.2930 083.5952 14.75248387230146
1 34889U 97051MR  18211.61333856 +.00001753 +00000-0 +34200-3 0  9990
2 34889 086.3685 083.7030 0009320 108.1251 252.0976 14.62424568492731
1 34890U 97051MS  18212.13453387  .00002069  00000-0  55852-3 0  9999
2 34890  86.3038  98.9085 0078210  62.4137 298.4980 14.45577793489119
1 34893U 97051MV  18211.30132327  .00177255  00000-0  27755-2 0  9998
2 34893  86.1013 327.0445 0007938 325.0544  35.0195 15.53091436501379
1 34896U 97051MY  18211.91685395 +.00000386 +00000-0 +95393-4 0  9991
2 34896 086.3332 066.9338 0034754 267.2257 156.5645 14.49081206485268
1 34898U 97051NA  18211.48908152  .00000994  00000-0  17555-3 0  9992
2 34898  86.3320  45.8224 0026112 126.6682 233.6937 14.66148876495129
1 34899U 97051NB  18212.13392082  .00002774  00000-0  41300-3 0  9998
2 34899  86.3993  95.7204 0025467 151.6288   4.3509 14.74343151490507
1 34907U 93036ADC 18211.76407163 +.00000776 +00000-0 +22870-3 0  9993
2 34907 074.0228 134.4002 0021491 130.8129 260.0922 14.45122499487475
1 34908U 93036ADD 18211.79677292  .00000185  00000-0  80585-4 0  9991
2 34908  74.0594 246.6423 0047115 217.0589 263.8222 14.30061969487432
1 34909U 93036ADE 18211.76853595 +.00000145 +00000-0 +31455-4 0  9999
2 34909 074.0162 243.3270 0106830 333.7967 025.7816 14.64469978273597
1 34910U 93036ADF 18212.12434120  .00000256  00000-0  29259-3 0  9992
2 34910  73.8793   9.9742 0480595 226.0684 257.9429 13.33907539457878
1 34911U 93036ADG 18210.74040094 +.00000029 +00000-0 +12875-4 0  9997
2 34911 074.0446 317.0414 0087573 046.8990 104.7119 14.56100939494739
1 34912U 93036ADH 18212.23022547  .00000692  00000-0  11253-3 0  9991
2 34912  74.1665 294.0456 0065787 246.4142 113.0113 14.71777502499032
1 34913U 93036ADJ 18211.59179663 -.00000018  00000-0  31364-5 0  9992
2 34913  74.0275 172.0721 0021962 216.0067 263.9234 14.33940834488793
1 34914U 93036ADK 18210.99179755 +.00000693 +00000-0 +11796-3 0  9991
2 34914 074.0059 332.4837 0167282 191.7101 168.0158 14.62443186494021
1 34916U 93036ADM 18212.03252609  .00000703  00000-0  11517-3 0  9993
2 34916  74.0792 329.4105 0100265 109.0617   9.7066 14.69475472500604
1 34918U 93036ADP 18211.78443552 +.00000512 +00000-0 +18791-3 0  9994
2 34918 074.0757 242.2267 0048663 182.9948 297.6750 14.34567950265676
1 34920U 93036ADR 18212.42041579  .00000776  00000-0  21593-3 0  9998
2 34920  74.0323 116.0821 0018064 128.3287 231.9500 14.47949149491071
1 34922U 93036ADT 18212.22860330  .00000561  00000-0  59362-4 0  9990
2 34922  74.1581 165.4953 0095239  90.3322 270.8774 14.88567486501219
1 34924U 93036ADV 18212.48492002  .00000285  00000-0  85568-4 0  9997
2 34924  74.0450  93.9933 0071982 133.5835 290.6724 14.45640341487444
1 34926U 97051NF  18211.17708152  .00000293  00000-0  13569-3 0  9991
2 34926  86.1587 103.3614 0172693 212.5980 302.4459 14.10068488483039
1 34928U 97051NH  18211.93909092 +.00000532 +00000-0 +11124-3 0  9994
2 34928 086.4014 083.5855 0030921 220.9185 138.9703 14.57585347267259
1 34944U 93036ADX 18211.81856255  .00000391  00000-0  19412-3 0  9991
2 34944  73.7662   4.7251 0237696 291.9661  65.6367 14.07077822482367
1 34946U 93036ADZ 18211.89625949 +.00000187 +00000-0 +53749-4 0  9990
2 34946 074.0245 028.4577 0061084 110.7797 249.9922 14.50519828491020
1 34948U 93036AEB 18212.25249707  .00000808  00000-0  23299-3 0  9993
2 34948  74.0224 138.3538 0027847 126.0692  26.1528 14.46077665488734
1 34949U 93036AEC 18211.82219717  .00000107  00000-0  25926-4 0  9996
2 34949  74.0224 256.9148 0095773 358.5681   1.5196 14.62816146496923
1 34951U 93036AEE 18211.59784186  .00000460  00000-0  89713-4 0  9996
2 34951  74.0194 288.8312 0068213  13.2445 347.0493 14.64624276494997
1 34953U 93036AEG 18211.30336896 +.00000326 +00000-0 +86309-4 0  9997
2 34953 074.0979 067.0513 0079962 064.0227 057.2582 14.50842587489653
1 34954U 93036AEH 18212.07623051  .00000563  00000-0  15981-3 0  9995
2 34954  73.9925 111.4088 0033588 154.6133 205.6685 14.47410154489267
1 34955U 93036AEJ 18211.16395117 +.00000196 +00000-0 +30780-4 0  9991
2 34955 074.0465 157.9197 0122365 221.4407 137.7439 14.75548968501717
1 34958U 93036AEM 18211.94585051 +.00000517 +00000-0 +49808-4 0  9996
2 34958 074.0132 046.7260 0146254 109.4560 252.2490 14.88299555498876
1 34962U 93036AER 18210.78826532 +.00000153 +00000-0 +57522-4 0  9992
2 34962 074.0334 139.9686 0021039 193.7660 197.1504 14.39334467487837
1 34963U 93036AES 18210.55374382 +.00000319 +00000-0 +12229-3 0  9997
2 34963 074.1797 279.8937 0050758 150.6890 209.7127 14.33584809485988
1 34964U 93036AET 18211.57008833  .00000327  00000-0  23166-3 0  9997
2 34964  73.9803 284.5272 0240858 353.4634   6.3364 13.88539433472803
1 34965U 93036AEU 18211.39170406 +.00000118 +00000-0 +42425-4 0  9992
2 34965 074.0534 097.4831 0028353 182.4638 295.1970 14.43545766482278
1 34966U 93036AEV 18212.51098433  .00003135  00000-0  27730-3 0  9990
2 34966  73.9683 149.6107 0027860 339.4318  20.5742 14.96507656499425
1 34967U 93036AEW 18210.58085862 +.00000199 +00000-0 +78697-4 0  9994
2 34967 073.9964 180.2432 0046263 236.6185 123.0536 14.34775725485878
1 34968U 93036AEX 18211.27594217 +.00000015 +00000-0 +99683-5 0  9997
2 34968 074.0420 317.9584 0091203 040.5875 320.2040 14.55884111492701
1 34969U 93036AEY 18211.76615105  .00000087  00000-0  44260-4 0  9991
2 34969  74.0137 237.9023 0080768 283.6648  75.5516 14.28125472485784
1 34970U 93036AEZ 18212.15422625  .00003690  00000-0  26498-3 0  9995
2 34970  73.9907 152.5693 0025146 226.1170 133.7943 15.04464357500293
1 34971U 93036AFA 18211.03075437 +.00000030 +00000-0 +14298-4 0  9998
2 34971 073.9815 341.2129 0073890 119.2661 358.6129 14.51636639270720
1 34972U 93036AFB 18211.65004662 +.00000441 +00000-0 +12992-3 0  9993
2 34972 073.9969 093.0786 0056196 168.0372 221.4947 14.45759813485820
1 34976U 93036AFF 18211.48891233  .00000258  00000-0  65865-4 0  9990
2 34976  74.0661  29.1119 0068808  61.9291 329.3159 14.54144052490450
1 34977U 93036AFG 18211.73948474 +.00001087 +00000-0 +29228-3 0  9992
2 34977 074.0281 129.5452 0058920 152.2526 208.1799 14.48251350485825
1 34978U 93036AFH 18212.10731053  .00000868  00000-0  13264-3 0  9997
2 34978  74.0246 262.0979 0042235 357.9875   2.1121 14.74901245492426
1 34979U 93036AFJ 18211.41303877 +.00000226 +00000-0 +56955-4 0  9993
2 34979 074.0481 008.7097 0074532 058.2182 302.6212 14.55356955489078
1 34983U 97051NP  18212.41891098  .00002896  00000-0  52984-3 0  9999
2 34983  86.3585  92.8466 0032637 203.3276 156.6458 14.65202482489081
1 34985U 97051NR  18212.51541760  .00000269  00000-0  88940-4 0  9994
2 34985  86.3726 113.1384 0025819  35.3524  84.9083 14.34066398485756
1 34986U 97051NS  18211.16187264  .00001220  00000-0  30416-3 0  9992
2 34986  86.3844 108.0971 0025483 287.0674  72.7740 14.50716208487018
1 34987U 97051NT  18210.96715105 +.00001647 +00000-0 +22312-3 0  9990
2 34987 086.3362 045.8766 0009299 120.4805 239.7334 14.78298492500994
1 34989U 93036AFM 18211.94043270 +.00000445 +00000-0 +11127-3 0  9994
2 34989 074.0229 035.9743 0031838 116.5758 243.8674 14.54208893486990
1 34990U 93036AFN 18211.53260296  .00000111  00000-0  46413-4 0  9997
2 34990  74.0467 167.8634 0017751 183.7339 176.3685 14.36657833487691
1 34991U 93036AFP 18208.91452084 +.00001020 +00000-0 +22348-3 0  9994
2 34991 074.0444 043.3446 0014101 121.7582 238.4959 14.58951527490749
1 34993U 93036AFR 18211.65039490 +.00002486 +00000-0 +46475-3 0  9997
2 34993 074.0155 088.4494 0040564 082.7866 277.7911 14.64937673489628
1 34995U 93036AFT 18212.03669571  .00000926  00000-0  19717-3 0  9997
2 34995  73.8348 345.4567 0047101  31.4893 328.9074 14.59885467490036
1 34997U 93036AFV 18212.35892323  .00000303  00000-0  12398-3 0  9994
2 34997  73.8871 226.8688 0120251  26.9509 333.7814 14.27599000483797
1 34998U 93036AFW 18212.46018583  .00000213  00000-0  74912-4 0  9996
2 34998  74.0149 122.0421 0023955 193.4190 283.2933 14.40532459486851
1 35000U 93036AFY 18211.86858743 +.00000256 +00000-0 +61449-4 0  9992
2 35000 074.0408 016.8962 0078893 058.1344 302.7466 14.56808719489687
1 35012U 93036AFZ 18212.29496102  .00000038  00000-0  18786-4 0  9994
2 35012  74.0203  79.7692 0083568 153.5695 206.9762 14.43009428487481
1 35014U 93036AGB 18211.99552266  .00000438  00000-0  12891-3 0  9990
2 35014  74.0091  90.5986 0014445 165.1231 195.0355 14.46566156490263
1 35015U 93036AGC 18212.55725902  .00000265  00000-0  99539-4 0  9996
2 35015  73.9534 172.9786 0091527 278.7968 199.4959 14.34232096486354
1 35016U 93036AGD 18212.26662330  .00000089  00000-0  41924-4 0  9999
2 35016  73.9311 190.0104 0122788 322.7215  94.4400 14.29866295482890
1 35018U 93036AGF 18211.89416637 +.00000210 +00000-0 +20166-3 0  9996
2 35018 073.9834 184.6766 0368219 279.9071 076.0670 13.59926704465350
1 35019U 93036AGG 18210.72481563 +.00001228 +00000-0 +19800-3 0  9991
2 35019 074.0122 321.3563 0028252 022.7540 337.4877 14.72364700492950
1 35020U 93036AGH 18211.90551449 +.00000076 +00000-0 +21850-4 0  9994
2 35020 074.0517 290.3320 0097207 017.2526 343.1902 14.58802269489584
1 35022U 93036AGK 18211.12181917  .00000139  00000-0  41206-4 0  9996
2 35022  74.0288  13.6220 0054415 161.8408 198.4714 14.51716969493812
1 35023U 93036AGL 18211.84553667 +.00000283 +00000-0 +66621-4 0  9999
2 35023 074.0530 348.5912 0067754 041.7517 118.8324 14.57730129488534
1 35025U 93036AGN 18212.03351291  .00000066  00000-0  18491-4 0  9993
2 35025  73.9378 229.5363 0099615  38.6317 322.1919 14.62205083492937
1 35026U 93036AGP 18212.05343956 -.00000017  00000-0  29375-5 0  9996
2 35026  74.0481 351.3273 0084590  66.9988  49.6684 14.52159130491763
1 35028U 93036AGR 18210.77284750 -.00000005 +00000-0 +57572-5 0  9998
2 35028 074.0408 328.6250 0085244 061.9074 089.9675 14.54473822491186
1 35031U 93036AGU 18211.54788539 +.00000047 +00000-0 +25420-4 0  9993
2 35031 074.0391 164.1916 0020154 203.1254 156.8994 14.35758973266272
1 35032U 93036AGV 18211.90334806 +.00000241 +00000-0 +77135-4 0  9994
2 35032 073.8559 052.2509 0086214 077.4549 346.7803 14.42944915487443
1 35033U 93036AGW 18211.10709857 +.00000213 +00000-0 +75386-4 0  9994
2 35033 074.0316 137.7993 0017532 182.2400 177.8679 14.40286952270882
1 35036U 93036AGZ 13089.71680854  .00005966  00000-0  24488-2 0  9992
2 35036  74.0749 230.0672 0108135 310.7742  48.7503 14.24118514205366
1 35037U 93036AHA 18212.00290511  .00000392  00000-0  89348-4 0  9991
2 35037  74.0058 343.1050 0045234  84.1134 276.5185 14.58692812491542
1 35038U 93036AHB 18212.10095000  .00000192  00000-0  11114-3 0  9992
2 35038  74.0801 113.9641 0147257  60.1374   6.7992 14.09739819476576
1 35039U 93036AHC 18211.48607845  .00001672  00000-0  29958-3 0  9998
2 35039  74.0183  25.6282 0030858  52.1711 308.2244 14.67338788489987
1 35042U 93036AHF 18211.39025863 +.00001660 +00000-0 +20395-3 0  9999
2 35042 074.0119 220.2651 0031219 341.9349 018.0716 14.83618824495258
1 35043U 93036AHG 18211.76720525 -.00000057 +00000-0 -99616-5 0  9993
2 35043 073.9732 333.5394 0205823 066.8391 295.4294 14.25589415287737
1 35045U 93036AHJ 18211.06987650  .00000158  00000-0  11551-3 0  9992
2 35045  73.7205 101.0376 0192969  25.1811  39.2846 13.95662631471135
1 35049U 97051NV  18212.08632906  .00001489  00000-0  31225-3 0  9999
2 35049  86.3704  80.3688 0024722   4.9231 355.2217 14.58874146489677
1 35050U 97051NW  18212.49766161  .00002966  00000-0  40845-3 0  9996
2 35050  86.3044  43.8562 0027996  95.1732 265.2684 14.77639560491520
1 35051U 97051NX  18211.94274253 +.00000271 +00000-0 +83466-4 0  9996
2 35051 086.3254 087.2958 0007913 319.7698 040.2914 14.37792036482495
1 35052U 97051NY  18212.12612571  .00000110  00000-0  31466-4 0  9992
2 35052  86.3302  89.6790 0009905 241.0947 271.2139 14.35507575488814
1 35054U 97051PA  18212.37845961  .00003615  00000-0  51873-3 0  9998
2 35054  86.3439  66.2322 0015701  69.4727 290.8175 14.76161333493162
1 35056U 91025AA  10030.87953118 -.00001994 +00000-0 -16813-1 0  9997
2 35056 065.3186 054.7376 5610935 349.0324 002.6415 04.25227581010506
1 35058U 93036AHM 18211.66633459 +.00002263 +00000-0 +16698-3 0  9993
2 35058 074.0049 096.2140 0060175 150.2323 210.2312 15.02530966498889
1 35059U 93036AHN 18211.37829156 +.00001118 +00000-0 +20860-3 0  9997
2 35059 073.9939 359.9260 0030043 065.6192 322.3595 14.65968219490303
