1 33905U 93036DJ  18211.43542682  .00000188  00000-0  86006-4 0  9999
2 33905  73.8875 211.4797 0066335 283.0023 228.0670 14.27329617492217
1 33906U 93036DK  18211.87492910 +.00000547 +00000-0 +20711-3 0  9995
2 33906 074.0381 243.2346 0055616 220.9136 195.2510 14.32664334493023
1 33907U 93036DL  18211.17420321 +.00000927 +00000-0 +48310-3 0  9993
2 33907 074.0573 123.4542 0157094 118.9363 314.5526 14.09693549484943
1 33908U 93036DM  18211.38455945 +.00000440 +00000-0 +27461-3 0  9991
2 33908 073.8446 212.3385 0265331 000.2252 359.8946 13.91712845479074
1 33909U 93036DN  18211.82666751  .00006208  00000-0  65499-3 0  9991
2 33909  74.0549  91.9066 0031084  20.6217 339.6211 14.89141119498476
1 33911U 93036DQ  18212.02280656  .00000483  00000-0  14964-3 0  9993
2 33911  74.1032 159.8373 0023517 117.0359   3.1449 14.43600192496714
1 33912U 93036DR  18212.27848441  .00000140  00000-0  52859-4 0  9999
2 33912  74.0400 145.8703 0015123 168.6926 344.0992 14.39911069496398
1 33913U 93036DS  18211.22309802 +.00000187 +00000-0 +66692-4 0  9998
2 33913 074.0370 136.6536 0055168 182.4769 328.2746 14.39972304496412
1 33915U 93036DU  18211.56519238 +.00000211 +00000-0 +87715-4 0  9990
2 33915 074.0443 250.1039 0118410 278.6891 234.6637 14.28693780492645
1 33917U 93036DW  18211.90274680 +.00000421 +00000-0 +36945-3 0  9990
2 33917 074.1028 185.0178 0352442 193.9474 165.1713 13.63309927470024
1 33918U 93036DX  18212.22285237  .00000672  00000-0  10660-3 0  9991
2 33918  74.0613 293.9659 0058135 313.7798  76.4538 14.73280495503688
1 33919U 93036DY  18211.53300447 +.00000753 +00000-0 +17831-3 0  9993
2 33919 074.0515 053.3817 0033403 088.3830 272.1159 14.55490257499123
1 33920U 93036DZ  18211.36837237  .00000402  00000-0  14750-3 0  9996
2 33920  74.0690 228.3537 0055270 205.5271 154.3151 14.35042348493871
1 33921U 93036EA  18212.39780386  .00003332  00000-0  41864-3 0  9994
2 33921  73.9845 290.4320 0007189   0.5958 359.5227 14.82538212502835
1 33922U 93036EB  18212.19192628  .00000182  00000-0  62697-4 0  9997
2 33922  74.0510 111.4467 0026180 174.4458 342.0130 14.42507205497623
1 33928U 93036EH  18212.23825708  .00000068  00000-0  28194-4 0  9997
2 33928  73.9259  52.1769 0065518 213.3627 146.3393 14.42830917497997
1 33929U 93036EJ  18211.94105650 +.00001002 +00000-0 +20945-3 0  9996
2 33929 074.0314 044.0581 0002425 281.4341 150.3606 14.61178429499629
1 33930U 93036EK  18212.00863949  .00001185  00000-0  34314-3 0  9995
2 33930  74.0300 148.9438 0028123 107.4507 351.6988 14.45356645496148
1 33931U 93036EL  18211.81007322 +.00000767 +00000-0 +13333-3 0  9992
2 33931 074.0247 074.6551 0234682 115.4673 247.0971 14.53483060498101
1 33932U 93036EM  18211.42096994  .00000141  00000-0  60793-4 0  9992
2 33932  74.0345 205.5280 0041882 220.0999 139.7059 14.32751001494174
1 33933U 93036EN  18211.81040180  .00000141  00000-0  63940-4 0  9999
2 33933  74.0900 260.3773 0078300 239.0691 120.2746 14.29009671493039
1 33935U 93036EQ  18211.77191142 +.00000436 +00000-0 +93533-4 0  9999
2 33935 074.0095 340.5725 0044464 066.5385 294.0446 14.61198732501097
1 33936U 93036ER  18211.77172405 +.00000217 +00000-0 +66056-4 0  9998
2 33936 074.0216 062.2633 0035062 154.9232 205.3639 14.47480254498558
1 33938U 93036ET  18212.51472313  .00000233  00000-0  83611-4 0  9998
2 33938  74.0492 145.6091 0019114 180.1115 300.7924 14.39201543496414
1 33939U 93036EU  18212.14626337  .00000636  00000-0  19143-3 0  9990
2 33939  74.0265 135.1921 0022229 145.3781 280.9970 14.44484118496453
1 33940U 93036EV  18211.75516216 +.00000332 +00000-0 +10742-3 0  9991
2 33940 074.0471 128.4101 0017650 157.3195 233.2542 14.42725838496667
1 33941U 93036EW  18212.09367570  .00010565  00000-0  37174-3 0  9994
2 33941  73.9746 356.8387 0027804  76.4282 284.0014 15.29031626512268
1 33944U 93036EZ  18211.38948566  .00000080  00000-0  36425-4 0  9998
2 33944  74.0402 196.9638 0122100 235.7228 276.2604 14.33072982494406
1 33945U 93036FA  18211.91931196 +.00000014 +00000-0 +14750-4 0  9993
2 33945 074.0289 188.0440 0024077 208.9465 151.0353 14.32806870494492
1 33948U 93036FD  18211.33454063  .00000037  00000-0  22752-4 0  9991
2 33948  74.0350 190.3819 0024975 206.2509 153.7378 14.33147964494508
1 33950U 97051BK  18212.39872206  .00001650  00000-0  33187-3 0  9990
2 33950  86.3829  90.0470 0016896 128.3750 231.8981 14.60939380498741
1 33952U 97051BM  18211.61088545 +.00001034 +00000-0 +23027-3 0  9999
2 33952 086.3516 078.2599 0012099 222.7773 137.2494 14.55949230498513
1 33953U 97051BN  18211.73046137  .00000393  00000-0  12170-3 0  9998
2 33953  86.3944 116.0263 0023621 359.4358  28.9943 14.38575339495404
1 33954U 97051BP  18212.44872907  .00000978  00000-0  20801-3 0  9999
2 33954  86.3796  98.7335 0017191 115.7777 299.9537 14.57956936497586
1 33955U 97051BQ  18211.76642439  .00003024  00000-0  53280-3 0  9991
2 33955  86.3560  93.5785 0036070 208.9807 150.9405 14.66809976497417
1 33956U 97051BR  18211.89820649 +.00004524 +00000-0 +68059-3 0  9993
2 33956 086.4108 103.1390 0040745 344.2083 142.8811 14.73697875249485
1 33959U 97051BU  18212.21713347  .00000423  00000-0  14299-3 0  9990
2 33959  86.3666 128.6818 0061935 153.5320 206.9061 14.33367405491377
1 33960U 97051BV  18212.03340786  .00000762  00000-0  20510-3 0  9994
2 33960  86.2722  52.9334 0007075 168.0128 344.2801 14.46739976497537
1 33961U 97051BW  18211.98040973  .00001630  00000-0  30208-3 0  9993
2 33961  86.2710  42.1635 0020122 178.1711 181.9578 14.64555747499180
1 33962U 97051BX  18211.35988399  .00001846  00000-0  36450-3 0  9992
2 33962  86.3525  75.3459 0016810 206.6771 153.3577 14.61839621499040
1 33965U 97051CA  18212.42915600  .00001275  00000-0  31771-3 0  9996
2 33965  86.3693  90.9415 0006679 216.4075 143.6677 14.50963494497812
1 33966U 97051CB  18212.18652875  .00000296  00000-0  86465-4 0  9995
2 33966  86.3962 107.4395 0010101 105.0322  48.3207 14.40608081496553
1 33971U 93036FE  18211.88910014 +.00000089 +00000-0 +39813-4 0  9993
2 33971 074.0264 164.4811 0020449 201.1337 189.5134 14.35688557494795
1 33972U 93036FF  18211.87119171  .00000333  00000-0  15154-3 0  9991
2 33972  73.9994   5.9345 0155872  68.7605  92.8417 14.19020556487882
1 33973U 93036FG  18211.84938902 +.00000048 +00000-0 +22110-4 0  9994
2 33973 074.0081 075.1355 0047912 179.4279 282.5340 14.43080057497539
1 33975U 93036FJ  18212.16176326  .00000091  00000-0  71740-4 0  9997
2 33975  73.8033 114.0648 0197429 344.3902  15.1192 13.96719265482387
1 33980U 93036FP  18211.91240484 +.00000206 +00000-0 +64264-4 0  9993
2 33980 074.0259 073.2461 0036061 156.2025 314.0045 14.46458524497934
1 33981U 93036FQ  18211.95474384 +.00000692 +00000-0 +84642-4 0  9997
2 33981 073.8337 071.0230 0072882 340.9730 018.8725 14.83764721507997
1 33982U 93036FR  18211.61754265 +.00000110 +00000-0 +33360-4 0  9996
2 33982 074.0734 032.7116 0088143 060.6813 343.6641 14.51210556500462
1 33983U 93036FS  18211.74706903  .00000136  00000-0  48681-4 0  9997
2 33983  74.0536 114.1069 0024650 173.1181 217.8446 14.42654343497608
1 33984U 93036FT  18211.53948750  .00000277  00000-0  78441-4 0  9996
2 33984  74.0149  40.8713 0030748 171.9835 219.2675 14.49901129499557
1 33986U 93036FV  18211.94413271 +.00000226 +00000-0 +89588-4 0  9996
2 33986 074.0391 205.2090 0049799 220.5785 159.9259 14.33703705493841
1 33989U 93036FY  18211.74538817  .00000455  00000-0  92292-4 0  9991
2 33989  74.0234 314.9732 0039373  73.7568 286.7926 14.63722420502406
1 33992U 93036GB  18211.83168001 +.00000237 +00000-0 +65248-4 0  9998
2 33992 074.0282 033.4434 0070493 100.8456 320.5676 14.50923389499846
1 33993U 93036GC  18212.37414957  .00000692  00000-0  14117-3 0  9996
2 33993  74.0215 352.7309 0030995  69.3894 291.0593 14.62662017501237
1 33994U 93036GD  18211.72888471 +.00000026 +00000-0 +16763-4 0  9992
2 33994 074.0445 122.4841 0024174 207.1709 181.0691 14.39620339496690
1 33995U 93036GE  18211.68985976 +.00000136 +00000-0 +67407-4 0  9999
2 33995 074.0677 305.9240 0071689 269.5198 089.7734 14.24987874491035
1 33996U 93036GF  18211.71881107 +.00002031 +00000-0 +45712-3 0  9995
2 33996 074.1062 198.4771 0065117 099.4991 261.3540 14.55774334495013
1 33999U 93036GJ  18211.61810036 +.00000358 +00000-0 +90859-4 0  9993
2 33999 073.9386 357.1830 0074257 138.7999 221.8801 14.53006591499737
1 34000U 93036GK  18211.89039510  .00000652  00000-0  15208-3 0  9998
2 34000  74.0428  49.9662 0026263  88.8514 334.6778 14.56584998499585
1 34001U 93036GL  18211.86564769 +.00000057 +00000-0 +29274-4 0  9993
2 34001 074.0391 176.1355 0021639 201.7839 184.4980 14.34550754495272
1 34003U 93036GN  18211.76480206  .00000845  00000-0  64969-3 0  9991
2 34003  74.0801  84.0107 0306435 100.3392 263.2421 13.74529462473682
1 34004U 93036GP  18211.77113212 +.00000327 +00000-0 +12718-3 0  9993
2 34004 074.0383 224.2197 0041676 183.7999 229.6767 14.33228876493565
1 34005U 93036GQ  18212.27005177  .00000031  00000-0  18700-4 0  9990
2 34005  74.0466 135.2775 0021503 204.8136 313.1063 14.38454089496738
1 34006U 93036GR  18211.58733859 +.00000653 +00000-0 +20318-3 0  9996
2 34006 074.0702 168.9798 0026337 130.0515 349.0295 14.42690141495832
1 34007U 93036GS  18211.91822420 +.00000203 +00000-0 +58184-4 0  9991
2 34007 074.0238 037.1827 0059182 116.0502 244.6767 14.50329301499611
1 34008U 93036GT  18211.44806212 +.00000005 +00000-0 +11424-4 0  9997
2 34008 074.0328 201.7373 0023165 132.9984 022.8594 14.31610060494253
1 34009U 93036GU  18210.94205135  .00000018  00000-0  16505-4 0  9998
2 34009  74.0357 207.0943 0029196 214.0559 163.7769 14.31389327494111
1 34010U 93036GV  18211.77890403 +.00000508 +00000-0 +13128-3 0  9991
2 34010 074.0238 051.6032 0028809 125.4141 002.0152 14.52322814499145
1 34011U 93036GW  18211.75575751 +.00000262 +00000-0 +10728-3 0  9996
2 34011 074.0182 222.1938 0046921 230.0308 129.6718 14.31489116493264
1 34012U 93036GX  18211.62862040  .00002470  00000-0  54544-3 0  9990
2 34012  74.0273 165.2539 0052177 138.2585 222.2579 14.57008782495526
1 34013U 93036GY  18211.76308091 +.00001359 +00000-0 +22117-3 0  9993
2 34013 074.0216 337.2711 0034467 020.4956 339.7589 14.71735072501600
1 34014U 93036GZ  18211.88788963  .00000229  00000-0  60503-4 0  9994
2 34014  74.0249   7.4850 0052218  98.1690  53.2877 14.53764647500683
1 34015U 93036HA  18211.82572517 +.00000712 +00000-0 +22501-3 0  9997
2 34015 074.0320 147.0065 0032012 180.4218 213.3801 14.41695364496118
1 34017U 93036HC  18211.83586827 +.00005722 +00000-0 +55110-3 0  9997
2 34017 074.0045 357.3008 0018115 336.8751 023.1615 14.93062340500726
1 34018U 93036HD  18212.45452174  .00000025  00000-0  34952-4 0  9997
2 34018  73.8805 317.5331 0271703 127.0837   0.3464 13.78203011475784
1 34019U 93036HE  18211.85598704 +.00000195 +00000-0 +92601-4 0  9994
2 34019 073.9588 266.4193 0070419 316.2778 161.3916 14.24829890491159
1 34020U 93036HF  18211.48572913 +.00000842 +00000-0 +14518-3 0  9998
2 34020 074.0384 313.0462 0037016 012.4326 347.7749 14.69768828502525
1 34021U 93036HG  18212.11539491  .00000147  00000-0  51523-4 0  9990
2 34021  74.0411 100.9934 0022940 191.3413 322.0519 14.43082019497828
1 34022U 93036HH  18211.88175399 +.00000055 +00000-0 +28083-4 0  9990
2 34022 074.0550 171.7061 0024004 193.0871 197.6561 14.35766323495391
1 34023U 93036HJ  18211.87742008 +.00000101 +00000-0 +43929-4 0  9995
2 34023 074.0278 164.9043 0020539 197.7728 193.8619 14.35866633495458
1 34024U 93036HK  18211.34408660 +.00000038 +00000-0 +23232-4 0  9995
2 34024 074.0456 196.2384 0022609 195.8240 232.6427 14.32934396494414
1 34026U 93036HM  18210.68933604 +.00000217 +00000-0 +20848-3 0  9992
2 34026 073.7676 106.0632 0363045 024.5000 004.2076 13.59830635468812
1 34028U 93036HP  18212.26851097 -.00000006  00000-0  15763-4 0  9993
2 34028  73.8839 143.8608 0552500  10.7573 138.3669 13.18534740455351
1 34029U 93036HQ  18212.03672037  .00000985  00000-0  96950-4 0  9996
2 34029  73.9460  71.7917 0078822 205.6021 154.1251 14.91459706509452
1 34030U 93036HR  18211.47792049  .00001723  00000-0  51684-4 0  9997
2 34030  73.9523 128.7836 0089961 225.1848 252.9175 15.31632420519068
1 34031U 93036HS  18211.53469596 +.00000333 +00000-0 +10875-3 0  9995
2 34031 074.0196 127.5320 0032244 176.8449 238.1287 14.42111410496418
1 34032U 93036HT  18212.29430122  .00000724  00000-0  21024-3 0  9995
2 34032  74.0341 153.3666 0053802 166.5079 345.6802 14.45283494495926
1 34033U 93036HU  18212.38794437  .00000939  00000-0  28767-3 0  9997
2 34033  74.0070 177.6357 0061974 113.1204  50.5783 14.41998209494808
1 34035U 93036HW  18212.54165439  .00000326  00000-0  12765-3 0  9992
2 34035  74.0714 249.3992 0060753 220.5708 290.5371 14.32418286493184
1 34036U 93036HX  18210.68173684 +.00000711 +00000-0 +22440-3 0  9996
2 34036 074.0453 176.6411 0047884 179.2410 180.8827 14.41404016495009
1 34037U 93036HY  18211.80912853 +.00000171 +00000-0 +77540-4 0  9993
2 34037 074.0527 258.8848 0061328 251.6831 107.7640 14.28165801492403
1 34038U 93036HZ  18212.06379774  .00000994  00000-0  25205-3 0  9995
2 34038  74.0642 119.4903 0032593  98.8318 261.6536 14.51847574497464
1 34040U 93036JB  18212.35488166  .00000356  00000-0  32363-3 0  9991
2 34040  73.9598 156.3515 0359590 282.5083 250.5681 13.61490446469474
1 34042U 93036JD  18211.63912856  .00002425  00000-0  11839-3 0  9995
2 34042  73.8848 262.3710 0052659 115.9535 244.7100 15.17758203513545
1 34046U 93036JH  18212.51916848  .00000498  00000-0  19193-3 0  9991
2 34046  74.0415 255.5728 0103487 276.8652 152.1690 14.30060468492666
1 34050U 93036JM  18211.87808251  .00000155  00000-0  11617-3 0  9995
2 34050  74.0918 278.0893 0229733 269.6639 214.3597 13.90838634479867
1 34051U 93036JN  18212.46909682  .00000790  00000-0  12642-3 0  9996
2 34051  73.9865 226.7209 0055740 357.2988   2.7874 14.72647619504918
1 34053U 93036JQ  18212.08587029  .00000033  00000-0  49693-4 0  9990
2 34053  73.8441 245.1621 0428372 121.5111 242.8587 13.46322121464693
1 34054U 93036JR  18211.91670234 +.00000537 +00000-0 +12692-3 0  9990
2 34054 074.0379 031.3325 0032889 089.3193 343.2981 14.56301397499920
1 34055U 93036JS  18212.54683382  .00000274  00000-0  60125-4 0  9992
2 34055  74.1114  54.5597 0088355  19.1603  10.4437 14.60172464500246
1 34056U 93036JT  18211.76596819 +.00000986 +00000-0 +54151-3 0  9995
2 34056 074.0677 132.8127 0151222 111.1850 280.0390 14.07327696484457
1 34057U 93036JU  18211.99848650  .00000903  00000-0  21897-3 0  9994
2 34057  74.0199  63.4225 0031050 111.1717 303.3902 14.54148538498757
1 34059U 93036JW  18211.83177341 +.00000295 +00000-0 +10137-3 0  9990
2 34059 074.0442 145.8403 0023195 170.2940 207.5442 14.40220939496199
1 34061U 93036JY  18211.59684122 +.00000088 +00000-0 +39604-4 0  9997
2 34061 074.0409 171.6586 0022474 195.5713 281.7943 14.35701443495110
1 34062U 93036JZ  18212.29874569  .00000453  00000-0  12956-3 0  9998
2 34062  74.0415 154.2119 0141656 186.1624 326.9949 14.42361670495837
1 34064U 93036KB  18211.92737057 +.00000136 +00000-0 +56661-4 0  9999
2 34064 074.0340 181.7216 0025348 190.6859 203.9071 14.35207521494743
1 34065U 93036KC  18211.86543181  .00000028  00000-0  18909-4 0  9999
2 34065  74.0363 162.4401 0017634 204.1947 186.8256 14.35705952495554
1 34066U 93036KD  18211.85082642 +.00000662 +00000-0 +14151-3 0  9997
2 34066 073.9970 237.6502 0262366 313.2387 099.1914 14.41863061491699
1 34069U 93036KG  18211.22616076 +.00000700 +00000-0 +12497-3 0  9999
2 34069 074.0158 295.6827 0039735 028.6625 331.6717 14.68488440502691
1 34070U 93036KH  18211.80361550  .00000467  00000-0  14730-3 0  9991
2 34070  74.0129 139.5345 0040737 178.8037 212.6201 14.42596082496075
1 34076U 97051CK  18211.96574269 +.00001902 +00000-0 +22472-3 0  9995
2 34076 086.3328 030.3707 0036187 037.0775 116.9113 14.83622021503612
1 34077U 97051CL  18211.70784218  .00000159  00000-0  44546-4 0  9995
2 34077  86.3962 117.8650 0018588 325.3263  67.2390 14.39410771494505
1 34079U 97051CN  18212.44476944  .00000238  00000-0  57804-4 0  9992
2 34079  86.3902  96.6071 0012910  48.7771  74.2078 14.48582238498261
1 34081U 97051CQ  18211.87353358  .00007563  00000-0  44812-3 0  9996
2 34081  86.3108   5.5709 0016701 342.9551 170.1089 15.11121894506420
1 34082U 97051CR  18211.79502089  .00002431  00000-0  59757-3 0  9998
2 34082  86.3672 147.9584 0130663 271.7083  86.9158 14.46879447490268
1 34086U 97051CV  18211.71134031  .00000789  00000-0  23022-3 0  9992
2 34086  86.3865 117.4337 0025025 351.4425  39.5579 14.42779545494893
1 34090U 97051CZ  18211.91851396 +.00002593 +00000-0 +28650-3 0  9996
2 34090 086.4150 067.4869 0020322 077.6633 282.6866 14.86863871503494
1 34091U 97051DA  18212.12076486  .00000627  00000-0  22933-3 0  9994
2 34091  86.3721 133.3157 0058848 177.8082 248.7390 14.30428207491429
1 34093U 97051DC  18211.84706786  .00005316  00000-0  39916-3 0  9996
2 34093  86.2937 357.0778 0014653 239.8205 278.7881 15.02333031506891
1 34095U 97051DE  18211.78950490 +.00002139 +00000-0 +46945-3 0  9994
2 34095 086.3826 103.0451 0049078 261.5031 098.0613 14.56424487496388
1 34097U 97051DG  18211.63799960 +.00001373 +00000-0 +61208-3 0  9991
2 34097 086.2039 086.0128 0098841 333.4555 026.1589 14.19586280488225
1 34098U 97051DH  18212.52812288  .00002265  00000-0  32016-3 0  9996
2 34098  86.1353 325.1328 0021936 101.1284  21.7715 14.76530804502181
1 34099U 97051DJ  18211.96139069 +.00001653 +00000-0 +34306-3 0  9997
2 34099 086.3649 085.6981 0013246 145.4513 279.1016 14.59538228498205
1 34101U 97051DL  18211.98462510  .00001899  00000-0  60426-3 0  9997
2 34101  86.3792 150.3876 0108865 265.3343  93.5413 14.36075430489694
1 34102U 97051DM  18211.61869191 +.00001108 +00000-0 +43250-3 0  9993
2 34102 086.3788 163.6326 0120804 001.4818 056.5180 14.24884106487525
1 34103U 97051DN  18211.42262998  .00001577  00000-0  35917-3 0  9996
2 34103  86.3475  84.9635 0032744 103.1446  18.1611 14.54940534497333
1 34104U 97051DP  18212.04418439  .00001696  00000-0  28293-3 0  9990
2 34104  86.3421  56.0168 0022530 258.8853 253.7407 14.69226023501172
1 34105U 97051DQ  18211.75444579  .00005028  00000-0  47968-3 0  9995
2 34105  86.3454  52.5127 0006464 242.5671 117.4900 14.93120163502261
1 34106U 97051DR  18212.11628390  .00000999  00000-0  24686-3 0  9996
2 34106  86.3613  83.7721 0019208  36.3478 115.5883 14.51011584498217
1 34107U 97051DS  18212.11916557  .00000690  00000-0  16118-3 0  9991
2 34107  86.3840  90.9848 0013731   8.2158 143.9942 14.53242609498440
1 34114U 93036KK  18212.18167458  .00000528  00000-0  21206-3 0  9997
2 34114  74.0694 293.1792 0073912 252.8820 125.6932 14.29189604491799
1 34115U 93036KL  18212.36021309  .00000185  00000-0  48684-4 0  9991
2 34115  74.0187 351.7640 0044026 122.1446 238.4001 14.55548392501274
1 34116U 93036KM  18212.24708175  .00000235  00000-0  82113-4 0  9993
2 34116  74.0466 142.6293 0015988 167.9213 342.5758 14.40533879496615
1 34117U 93036KN  18211.83315508 +.00000227 +00000-0 +93059-4 0  9994
2 34117 074.0406 226.1279 0066724 242.6828 116.7519 14.31497531495449
1 34118U 93036KP  18211.85796564 +.00000435 +00000-0 +10200-3 0  9999
2 34118 073.9687 020.7575 0124204 121.0370 308.4876 14.53093121498558
1 34119U 93036KQ  18211.83154133 +.00001135 +00000-0 +31001-3 0  9998
2 34119 074.0453 147.8114 0032427 120.6365 270.9462 14.48131539495298
1 34120U 93036KR  18211.94705924 +.00000082 +00000-0 +66967-4 0  9992
2 34120 073.9926 185.0060 0188623 239.1622 150.2116 13.96196480483931
1 34122U 93036KT  18211.73648543 +.00000313 +00000-0 +93144-4 0  9998
2 34122 074.0449 123.3705 0114334 336.6479 051.4590 14.43837070496984
1 34123U 93036KU  18211.86464971  .00000815  00000-0  20776-3 0  9991
2 34123  74.0280  96.7050 0017903  94.1712  32.6821 14.52110058497815
1 34124U 93036KV  18210.62332126 +.00001130 +00000-0 +26053-3 0  9996
2 34124 074.0266 075.5560 0021769 088.9566 271.4091 14.56373454498328
1 34126U 93036KX  18211.54844319 +.00000348 +00000-0 +63324-4 0  9995
2 34126 074.0034 250.0643 0059569 025.9227 124.0089 14.69076286504010
1 34127U 93036KY  18212.18900293  .00000424  00000-0  21766-3 0  9999
2 34127  74.1913 120.3696 0139050 341.5993 169.1440 14.13453408486481
1 34128U 93036KZ  18211.72370622  .00000655  00000-0  16495-3 0  9995
2 34128  74.0147  49.1375 0073721 112.5145  15.0414 14.51586779498875
1 34129U 93036LA  18211.87561338 +.00000334 +00000-0 +88824-4 0  9998
2 34129 074.0465 050.4867 0049847 099.1170 261.5636 14.51696080220896
1 34130U 93036LB  18211.78669896 +.00000700 +00000-0 +14325-3 0  9999
2 34130 074.0325 352.9258 0025849 071.3813 289.0158 14.62579475500568
1 34131U 93036LC  18212.08747801  .00001072  00000-0  22555-3 0  9994
2 34131  74.1200  81.2432 0006782   6.0149 150.9065 14.60773630499455
1 34136U 93036LH  18212.50487209  .00000170  00000-0  34196-4 0  9992
2 34136  74.0218 223.8362 0110658 308.4338 205.7533 14.66536023504995
1 34139U 93036LL  18211.98695399  .00000516  00000-0  18109-3 0  9996
2 34139  74.0364 202.1420 0063318 218.4996 172.5669 14.36343279493719
1 34141U 93036LN  18211.51353399  .00000467  00000-0  19218-3 0  9996
2 34141  74.0182 276.9160 0073935 281.4059 139.5495 14.28255920491192
1 34142U 93036LP  18211.63013115 +.00000444 +00000-0 +82667-4 0  9993
2 34142 073.9936 273.0108 0048263 034.6857 117.0156 14.67583383502860
1 34143U 97051DW  18211.94308047 +.00001264 +00000-0 +25354-3 0  9990
2 34143 086.3910 092.5958 0005313 138.5710 279.4649 14.60959406498094
1 34145U 97051DY  18211.81681028 +.00000454 +00000-0 +17049-3 0  9993
2 34145 086.2166 069.3302 0062966 181.7025 178.3963 14.28312544491166
1 34146U 97051DZ  18211.84331384 +.00000225 +00000-0 +70010-4 0  9998
2 34146 086.2872 078.5031 0039726 054.2544 067.8933 14.35967356493874
1 34147U 97051EA  18212.52112295  .00004064  00000-0  53614-3 0  9998
2 34147  86.4350 124.0644 0056580 215.8795 143.8621 14.78693327498072
1 34148U 97051EB  18212.55778467  .00003606  00000-0  25361-3 0  9990
2 34148  86.3862  63.9790 0012463  65.0409 295.2119 15.04702263503589
1 34150U 97051ED  18211.61672852  .00002897  00000-0  61338-3 0  9995
2 34150  86.4843 154.2188 0093917 344.7662  68.4040 14.56183973495702
1 34155U 97051EJ  18211.75206028  .00002097  00000-0  41235-3 0  9999
2 34155  86.4670 134.4538 0051722 178.6560 210.8726 14.61303192497308
1 34159U 97051EN  18212.14969815  .00000209  00000-0  69019-4 0  9991
2 34159  86.3535 107.0597 0033413  65.5530 294.9144 14.32747695493772
1 34160U 97051EP  18211.83061837 +.00001485 +00000-0 +32135-3 0  9990
2 34160 086.4089 114.4082 0037567 304.6962 055.0709 14.57183815496131
1 34174U 87011E   14051.86165142 -.00028900 +00000-0 -11720-1 0  9993
2 34174 065.0017 243.6981 0014115 261.6732 202.4099 14.27570415284468
1 34175U 87011F   15032.26975495 -.00000083 +00000-0 +63358-5 0  9997
2 34175 064.9902 356.1144 0023163 307.9690 051.9302 14.33086415329060
1 34176U 87011G   18211.80531340 -.00000005  00000-0  34363-4 0  9994
2 34176  65.0158  11.5458 0019696 279.3419 145.5856 14.33854237515676
1 34177U 87011H   14149.12619162 +.00001209 +00000-0 +47948-3 0  9993
2 34177 065.0055 332.5521 0015337 233.9900 122.5452 14.32730676297100
1 34185U 92072R   18191.20529765 -.00000617  00000-0 -24253-2 0  9991
2 34185   7.9544 342.6543 7067063 313.7299   6.0689  2.41410495110902
1 34189U 92072V   18064.49344774  .00001912  00000-0  76887-1 0  9996
2 34189   5.3526 352.5780 6510270 131.9856  23.9822  2.90669687133479
1 34191U 92072X   18210.63843115 -.00000117 +00000-0 -12748-2 0  9996
2 34191 007.7806 283.0278 6512882 250.6703 022.1730 02.91987912137614
1 34195U 92072AB  18210.96233791 -.00000105 +00000-0 -23747-3 0  9998
2 34195 005.6479 045.5493 6574709 064.5313 025.0796 02.94657982054735
1 34196U 92072AC  18189.66575546 -.00000078 +00000-0 -57972-2 0  9993
2 34196 007.6488 081.7831 6455887 306.8769 256.6476 02.90582454124167
1 34201U 97070L   13223.53985288 +.01963372 +00000-0 +24252+0 0  9997
2 34201 046.4116 302.8662 4128994 242.4135 070.0282 07.13308270015522
1 34204U 99057RF  18212.38609665  .00010929  00000-0  59496-3 0  9997
2 34204  98.2122 266.3958 0001597  63.8004 296.3390 15.14635964545326
1 34205U 99057RG  10131.35741025 +.00008397 +00000-0 +19700-2 0  9993
2 34205 098.4941 175.7095 0009459 071.8579 289.9205 14.54707145129105
1 34207U 99057RJ  18211.35323610  .00002289  00000-0  30072-3 0  9998
2 34207  98.3007 248.8592 0014205 213.1441 146.8881 14.81233866557006
1 34208U 99057RK  18212.27949769  .00002574  00000-0  28010-3 0  9996
2 34208  98.2811 244.3333 0008437 129.0408 231.1560 14.88971424559854
1 34209U 99057RL  18211.76418011  .00001721  00000-0  28926-3 0  9990
2 34209  98.3250 211.5152 0004733 221.4085 138.6762 14.70964299564956
1 34211U 99057RN  18210.19922228 +.00000322 +00000-0 +75315-4 0  9990
2 34211 098.4493 209.1532 0075438 294.7829 064.5535 14.60000842812071
1 34213U 99057RQ  18212.25657586  .00001858  00000-0  27204-3 0  9991
2 34213  98.2882 228.1088 0011171 113.7020 308.3430 14.76855649580128
1 34214U 99057RR  18212.00997495  .00007815  00000-0  47127-3 0  9996
2 34214  98.2117 281.6893 0001704 102.3230 257.8189 15.11063852574596
1 34215U 99057RS  18208.17638584 +.00001120 +00000-0 +24215-3 0  9997
2 34215 098.3725 185.4941 0006846 003.6899 356.4350 14.60242248175992
1 34216U 99057RT  14043.15707469 +.00004570 +00000-0 +45308-3 0  9996
2 34216 098.1287 171.2447 0004596 219.1376 264.7215 14.92312977342733
1 34217U 99057RU  18209.94317406 +.00004551 +00000-0 +41795-3 0  9995
2 34217 098.2088 203.3342 0014686 132.9757 227.2697 14.95295050573820
1 34220U 01049PQ  15357.22596365  .00003417  00000-0  13459-3 0  9994
2 34220  98.1773 348.9789 0008434  86.5561 273.6640 15.26385840629193
1 34221U 01049PR  18211.35695654 -.00000437  00000-0 -26182-4 0  9991
2 34221  98.5445 178.3415 0074502 320.2537  39.3239 15.01144608882870
1 34223U 02024H   18211.74756259 +.00000248 +00000-0 +17811-3 0  9995
2 34223 099.1823 194.7261 0133155 027.3345 333.4746 14.01918851807913
1 34224U 06006AP  18211.22301841  .00000313  00000-0  85032-3 0  9999
2 34224  52.1117 160.6441 5027056 140.8714 269.2838  5.26848695197026
1 34226U 06006AR  18049.49311893  .00002163  00000-0  19082-2 0  9993
2 34226  51.6700 110.1122 5027033 256.1729  45.1464  5.41300501191923
1 34227U 06006AS  18208.02959260 +.00000096 +00000-0 +54805-3 0  9992
2 34227 052.0115 070.5453 4915845 233.4243 333.1896 05.38472954200591
1 34228U 06006AT  11337.07599237 +.00086168 +00000-0 +30133-1 0  9998
2 34228 051.8664 211.9560 4577633 170.6514 354.1589 06.25036147076185
1 34229U 06006AU  18009.32360739  .00006549  00000-0  28097-2 0  9995
2 34229  51.4167 112.1454 4505833 210.6617 112.9037  6.34739125204789
1 34230U 06006AV  18106.15916284  .00000185  00000-0  20302-3 0  9990
2 34230  51.4138 119.3291 5051028 235.3600  66.3577  5.32398254193820
1 34231U 06006AW  17161.55389459 +.00001986 +00000-0 +94502-2 0  9995
2 34231 052.2249 251.6724 5061846 192.5310 150.8561 05.12434176167415
1 34232U 06006AX  10188.84941953 +.00027218 +00000-0 +13005-1 0  9997
2 34232 051.6387 013.0302 5062914 165.2742 218.0214 05.42263510042517
1 34233U 06006AY  18087.46868579  .00015499  00000-0  24027-1 0  9998
2 34233  52.2117 137.1761 4869952 158.0275 234.1058  5.58643941194060
1 34234U 06006AZ  18212.31973784  .00001394  00000-0  77148-3 0  9991
2 34234  51.5486 185.5862 4830702 117.0704 299.8050  5.78220280206449
1 34235U 06006BA  18044.61826835  .00000515  00000-0  77905-3 0  9997
2 34235  51.6925 152.2920 5030396 221.8249  86.3350  5.36125851189922
1 34236U 06006BB  17247.12820478  .00000422  00000-0  34620-3 0  9999
2 34236  51.6575 160.2766 5004110 217.4451  94.2305  5.48815189183400
1 34237U 06006BC  14231.07464448 +.00002331 +00000-0 +35286-2 0  9994
2 34237 051.7761 025.4036 4999229 231.5630 072.0905 05.39101773120194
1 34238U 06006BD  18111.61863099  .00000795  00000-0  14402-2 0  9990
2 34238  51.6927 222.5978 5083257 182.7204 173.3308  5.24195058188596
1 34239U 06006BE  18210.50359411 +.00004013 +00000-0 +98265-2 0  9993
2 34239 050.4932 260.9619 2314194 210.4236 133.9563 09.77400222359708
1 34241U 06006BG  18191.33728624 -.00000294 +00000-0 -76810-3 0  9993
2 34241 051.8097 078.9370 4952297 261.2721 319.4077 05.35822368100452
1 34242U 06006BH  18211.17787479  .00000005  00000-0  00000+0 0  9994
2 34242  54.6800 140.3554 4847471 129.8195 284.0959  4.98485631192414
1 34243U 06006BJ  18183.23725882  .00000077  00000-0  11795-3 0  9996
2 34243  51.6381  91.6963 5090150 275.6031  30.9498  5.28477096203310
1 34244U 06006BK  18037.45010581  .00003510  00000-0  62069-2 0  9996
2 34244  51.9146  97.7482 4899581 206.3974 118.8597  5.52497676201752
1 34245U 06006BL  12141.60882022 +.00013363 +00000-0 +13065-1 0  9999
2 34245 051.8877 215.4324 4797855 176.0028 355.5973 05.76387557087708
1 34246U 06006BM  18205.76292332 +.00003977 +00000-0 +35507-2 0  9999
2 34246 051.5343 120.9312 4595432 165.8786 213.4244 06.10613114127691
1 34247U 06006BN  18212.08613714  .00000380  00000-0  84138-3 0  9994
2 34247  52.1483  68.3481 4964369 210.9580 346.9395  5.40790145206531
1 34248U 06006BP  18211.81147643 +.00000929 +00000-0 +41455-3 0  9992
2 34248 051.6221 155.8528 4882077 124.6919 291.4464 05.72348689124865
1 34250U 06006BR  18204.25193877 -.00000161 +00000-0 -15548-3 0  9999
2 34250 051.7054 112.5607 5086924 249.3127 050.5363 05.24839220203082
1 34252U 06006BT  18205.30187903 -.00000076 +00000-0 -23134-4 0  9997
2 34252 051.6438 097.0883 5117902 270.8549 033.5431 05.23005858201806
1 34254U 06006BV  18208.89368147 +.00004054 +00000-0 +30589-2 0  9995
2 34254 051.6165 066.3172 4589231 201.2675 131.0367 06.13733699211084
1 34255U 06006BW  16102.88749763  .00002501  00000-0  39781-2 0  9991
2 34255  52.0959 325.6212 4872235 139.8572 268.9364  5.57912728152516
1 34256U 06006BX  18211.52382125  .00000051  00000-0  15957-3 0  9999
2 34256  51.8864 251.2810 5088101 111.1798  12.9661  5.17451418190319
1 34257U 06006BY  18211.30002257  .00000073  00000-0  16509-3 0  9999
2 34257  52.0982 218.1474 5062356 103.2918   4.9068  5.21416032193977
1 34258U 06006BZ  18212.30488788  .00000543  00000-0  14310-2 0  9997
2 34258  51.8994 178.9419 5057442 165.9929 353.4781  5.22655827193812
1 34260U 06006CB  18182.29036385 +.00000777 +00000-0 +43451-2 0  9993
2 34260 051.9299 164.0182 4887960 169.1055 207.5122 05.35354671203118
1 34261U 06006CC  18210.86721182 +.00012309 +00000-0 +63727-2 0  9997
2 34261 052.1113 031.0075 4522210 133.7794 274.0022 06.29703909210732
1 34262U 06006CD  18212.29105174 -.00000074  00000-0 -22840-3 0  9994
2 34262  51.8201 194.0988 5030537 166.7035 214.2914  5.21204269190538
1 34263U 06006CE  18212.39405519  .00001222  00000-0  82680-3 0  9994
2 34263  51.5900 195.0813 4797323 103.3540 312.7097  5.81163424208382
1 34270U 93036LQ  18211.90522784 +.00000385 +00000-0 +99812-4 0  9996
2 34270 074.0167 012.2642 0060934 105.2891 255.5016 14.52086445499351
1 34271U 93036LR  18211.93489244 +.00000449 +00000-0 +15294-3 0  9995
2 34271 074.0336 182.6615 0039700 182.8489 211.2967 14.38905011493297
1 34273U 93036LT  18212.14010226  .00000248  00000-0  77535-4 0  9995
2 34273  74.0413  95.3008 0020332 164.0511 349.0417 14.45560057496434
1 34274U 93036LU  18211.67049381  .00000334  00000-0  10207-3 0  9995
2 34274  74.0111  92.0980 0031735 165.2446 228.5267 14.45442705496660
1 34275U 93036LV  18211.94077132 +.00000772 +00000-0 +21447-3 0  9995
2 34275 074.0334 114.7589 0013736 126.8431 006.5102 14.48128334495813
1 34276U 93036LW  18212.33053447  .00000224  00000-0  71481-4 0  9999
2 34276  74.0266  86.3802 0027978 169.5007 310.6177 14.45035195496536
1 34277U 93036LX  18212.25841405  .00002800  00000-0  27007-3 0  9996
2 34277  73.6923  70.1134 0031652 169.4774 190.7077 14.93108477506068
1 34292U 93036MN  18211.02742755  .00000726  00000-0  10516-3 0  9997
2 34292  74.0588 226.5714 0070309 269.1549  90.1569 14.76514778504870
1 34293U 93036MP  18212.16451396  .00001225  00000-0  11066-3 0  9998
2 34293  73.9674 112.9092 0073588 320.3593 200.3010 14.94799600507264
1 34294U 93036MQ  18212.09199973  .00014923  00000-0  45296-3 0  9992
2 34294  73.9021  90.0904 0031431 174.7991 185.3546 15.33595712507878
1 34295U 93036MR  18211.76378392 +.00000799 +00000-0 +14864-3 0  9993
2 34295 074.0193 322.7874 0080866 156.1560 355.8063 14.64797849501188
1 34297U 93036MT  18211.90383488  .00000008  00000-0  12039-4 0  9999
2 34297  74.0484 175.8309 0018213 197.0258 193.4040 14.34714216494757
1 34298U 93036MU  18211.66626134 +.00001010 +00000-0 +23482-3 0  9998
2 34298 074.0530 089.1363 0039777 089.7493 270.8228 14.55771875497559
1 34299U 93036MV  18211.85739822 +.00000547 +00000-0 +11018-3 0  9995
2 34299 074.0256 116.5616 0226773 159.5864 201.4547 14.49101467496126
1 34300U 93036MW  18211.78533904 +.00000709 +00000-0 +17987-3 0  9994
2 34300 074.0218 139.2824 0146936 185.4740 174.4822 14.46467246495494
1 34301U 93036MX  18211.35523105 +.00000629 +00000-0 +20759-3 0  9992
2 34301 074.0237 179.6118 0036729 176.6867 334.0406 14.39708844494046
1 34302U 93036MY  18212.42874475  .00000201  00000-0  85384-4 0  9993
2 34302  74.1873 306.4126 0088075 198.7701 281.6233 14.29033942492048
1 34303U 93036MZ  18212.41190082  .00000352  00000-0  11393-3 0  9993
2 34303  74.0128 219.2597 0187374 279.6287 148.1625 14.33505396492802
1 34304U 93036NA  18211.77334448 +.00000174 +00000-0 +78276-4 0  9994
2 34304 074.0200 318.4125 0157346 008.9006 146.1867 14.22981294489031
1 34307U 93036ND  18211.95006087 +.00000151 +00000-0 +16304-3 0  9990
2 34307 074.0575 289.4187 0407217 342.0882 126.6006 13.49882853465045
1 34308U 93036NE  18211.69230774 +.00000824 +00000-0 +14430-3 0  9999
2 34308 073.9973 298.3710 0050929 024.5050 126.1658 14.68726417501640
1 34313U 93036NK  18211.93065156 +.00000613 +00000-0 +16129-3 0  9995
2 34313 074.0002 067.2673 0056116 138.4255 222.1194 14.50325738497411
1 34314U 93036NL  18211.97340573 -.00000015 +00000-0 +48441-5 0  9990
2 34314 074.0045 042.1032 0111730 041.4684 108.2680 14.12193670486196
1 34315U 93036NM  18212.28225178  .00002681  00000-0  21867-3 0  9990
2 34315  74.1075 160.0503 0047165 125.7185 234.8405 14.99142781508611
1 34316U 93036NN  18211.95979462 +.00000433 +00000-0 +11224-3 0  9995
2 34316 074.0782 066.4332 0019294 157.2826 269.3559 14.52618502499080
1 34317U 93036NP  18211.76017774  .00000122  00000-0  12902-3 0  9993
2 34317  73.9272 129.7065 0342483 268.9047 116.7476 13.61814675469878
1 34319U 93036NR  18212.07019405  .00001157  00000-0  27795-3 0  9998
2 34319  74.0313  92.5527 0028865  98.8996 261.5436 14.54309950497566
1 34321U 93036NT  18211.88347925 +.00000164 +00000-0 +58849-4 0  9992
2 34321 074.0321 120.7939 0018095 188.9704 289.2582 14.41360930496425
1 34323U 93036NV  18211.99568142  .00000558  00000-0  17130-3 0  9996
2 34323  73.9684 144.1669 0110218  87.0895  37.0014 14.40504752495000
1 34325U 93036NX  18211.96279207 +.00000454 +00000-0 +29907-3 0  9996
2 34325 073.8755 193.2469 0220741 356.9147 032.8321 13.93487882479382
1 34327U 93036NZ  18211.75000995 +.00000242 +00000-0 +57201-4 0  9995
2 34327 074.0096 322.6286 0052687 082.1882 067.5659 14.58834864501020
1 34330U 93036PC  18211.02081435  .00000755  00000-0  18680-3 0  9993
2 34330  74.0351  63.0847 0014880 117.0467  37.8174 14.53708430498578
1 34331U 93036PD  18211.78988666  .00000989  00000-0  26457-3 0  9999
2 34331  74.0307 132.7752 0048635  31.0489 329.3529 14.48950445496214
1 34333U 93036PF  18211.76481532  .00005603  00000-0  31463-3 0  9990
2 34333  74.0271 132.2878 0024953 146.4031 238.4896 15.13307421508046
1 34337U 93036PK  18211.80889521 +.00001224 +00000-0 +94844-4 0  9997
2 34337 073.9803 020.5816 0099876 102.0224 259.2177 14.98854796510622
1 34340U 93036PN  18211.66903078  .00000411  00000-0  33267-3 0  9997
2 34340  74.0787  89.9193 0306529  99.9953 294.2093 13.72993109472834
1 34342U 93036PQ  18211.81099566 +.00000287 +00000-0 +53856-4 0  9992
2 34342 074.1783 348.2188 0108997 020.5832 128.8260 14.65737045503036
1 34343U 93036PR  18211.83170295  .00000432  00000-0  13126-3 0  9991
2 34343  74.0289 111.3809 0029615 337.1607  60.9889 14.44887201497191
1 34344U 93036PS  18211.83412049 +.00000404 +00000-0 +24206-3 0  9998
2 34344 073.9846 154.4615 0178948 205.7150 184.1772 14.02502526482573
1 34346U 93036PU  18212.56898944  .00000686  00000-0  45521-3 0  9998
2 34346  74.0004 253.8300 0230937 298.6511 215.0738 13.91161046479215
1 34350U 97051ES  18212.10009403  .00000202  00000-0  58129-4 0  9991
2 34350  86.3277  81.5233 0023297  15.5719 136.4311 14.39519725495309
1 34351U 97051ET  18211.92110991  .00001174  00000-0  22832-3 0  9996
2 34351  86.4228  99.3636 0040913 167.0154 193.2121 14.61726631499036
1 34354U 97051EW  18211.85868973  .00003122  00000-0  40683-3 0  9990
2 34354  86.2095   9.0347 0026420 359.1264   0.9906 14.80021983499921
1 34358U 97051FA  18211.58653771 +.00001223 +00000-0 +30581-3 0  9998
2 34358 086.3235 076.9685 0007700 253.8683 135.3231 14.50737020496558
1 34359U 97051FB  18212.06366122  .00002123  00000-0  32905-3 0  9996
2 34359  86.3566  64.7243 0031280 291.6195 221.8392 14.72384234500148
1 34361U 97051FD  18212.39136742  .00005548  00000-0  58445-3 0  9999
2 34361  86.3517  69.6750 0020222  31.1378 329.1041 14.89027093499558
1 34363U 97051FF  18211.65586896  .00001374  00000-0  33221-3 0  9996
2 34363  86.3520 100.6523 0047765 342.3587  47.1065 14.51699102494382
1 34366U 97051FJ  18211.19760144  .00000346  00000-0  11006-3 0  9993
2 34366  86.3780 113.9475 0028934  34.3290 117.4056 14.36717076494073
1 34367U 97051FK  18211.79772543 +.00001845 +00000-0 +39175-3 0  9998
2 34367 086.4148 113.6709 0024042 229.1448 166.8594 14.58438575496867
1 34368U 97051FL  18211.73273615  .00003802  00000-0  89310-3 0  9990
2 34368  86.3822 125.2423 0081398  36.8105 352.8974 14.52168577493107
1 34375U 97051FT  18211.89225344 +.00000191 +00000-0 +87215-4 0  9992
2 34375 086.4347 182.1431 0108395 357.9311 030.9351 14.13409845486548
1 34376U 97051FU  18212.11399168  .00000396  00000-0  12878-3 0  9994
2 34376  86.3109  93.9070 0040623  60.5256 299.9983 14.35751781493804
1 34378U 97051FW  18211.89174468 +.00002680 +00000-0 +66854-3 0  9995
2 34378 086.3537 112.6033 0057289 035.8026 324.6997 14.50293020492865
1 34383U 93036PY  18211.66895975  .00000653  00000-0  16713-3 0  9995
2 34383  74.0388  54.7720 0018319 129.4349 344.3585 14.52288214497821
1 34386U 93036QB  18211.90299663 +.00000802 +00000-0 +21031-3 0  9992
2 34386 074.0282 096.7395 0016111 107.8440 020.3728 14.50826647496040
1 34387U 93036QC  18211.94972723  .00000160  00000-0  60247-4 0  9992
2 34387  74.0428 143.7965 0042016 187.5926 291.2890 14.38607887494604
1 34388U 93036QD  18211.85818650 +.00000225 +00000-0 +82510-4 0  9990
2 34388 074.0437 163.5228 0016869 162.0298 228.5305 14.38237266493797
1 34389U 93036QE  18211.87126844  .00000135  00000-0  55337-4 0  9997
2 34389  74.0212 166.7385 0032750 209.0754 181.0494 14.35794059493375
1 34390U 93036QF  18211.53697233 +.00000558 +00000-0 +12868-3 0  9997
2 34390 074.0913 050.7124 0075350 040.4508 342.8402 14.55999545497958
1 34395U 93036QL  18211.87238941  .00001031  00000-0  24329-3 0  9998
2 34395  74.0416  85.4396 0012340  57.5435  69.8958 14.55473816495830
1 34396U 93036QM  18211.80496882 +.00000487 +00000-0 +15216-3 0  9991
2 34396 074.0418 139.0351 0018738 139.0478 251.9608 14.43314729493265
1 34397U 93036QN  18211.78915847 +.00000727 +00000-0 +89253-4 0  9996
2 34397 073.8514 078.0479 0077001 344.8401 133.6761 14.83270217505282
1 34398U 93036QP  18212.31994017  .00001820  00000-0  21010-3 0  9994
2 34398  73.9809 260.1433 0121574 329.7202 154.1506 14.81285079502452
1 34400U 93036QR  18211.59848097  .00000319  00000-0  62952-4 0  9996
2 34400  74.0052 274.1936 0068296  13.9309 346.3722 14.65501355502277
1 34401U 93036QS  18211.68662019 +.00000628 +00000-0 +15002-3 0  9991
2 34401 074.0478 054.7908 0068501 083.8189 026.3098 14.54390368499243
1 34409U 93036RA  18211.82472616 +.00000023 +00000-0 +12129-4 0  9994
2 34409 074.0657 352.6030 0085845 045.0220 106.2433 14.53655358500473
1 34410U 93036RB  18211.39164493 +.00000454 +00000-0 +91777-4 0  9993
2 34410 073.7653 194.0339 0066342 164.3807 345.9329 14.63316950501340
1 34411U 93036RC  18211.80068597 +.00001355 +00000-0 +16746-3 0  9991
2 34411 074.0350 217.5850 0084015 008.8523 044.3572 14.81444924504078
1 34412U 93036RD  18211.46207962  .00000353  00000-0  11140-3 0  9995
2 34412  73.9523 237.2106 0241148 207.3313 151.4982 14.28955575490942
1 34413U 93036RE  18211.21090544  .00000423  00000-0  21403-3 0  9996
2 34413  74.0368  36.5185 0112015  34.6151  85.5342 14.15862735489654
1 34420U 93036RM  18211.83854851 +.00000054 +00000-0 +15827-4 0  9995
2 34420 074.0338 240.0752 0115716 327.0118 085.2309 14.63388206503605
1 34422U 93036RP  18211.83223375  .00001514  00000-0  23858-3 0  9992
2 34422  73.9448 155.0047 0237307 270.8864  86.5119 14.56415000493856
1 34424U 93036RR  18211.86202637  .00000664  00000-0  11240-3 0  9992
2 34424  74.0174 268.4710 0049487 357.0221 122.9211 14.70706239502815
1 34425U 93036RS  18212.06631345  .00000511  00000-0  14662-3 0  9990
2 34425  74.0328  79.1194 0033588 147.1683 213.1572 14.47168485497157
1 34426U 93036RT  18211.73177997  .00002419  00000-0  35240-3 0  9996
2 34426  74.0415 312.5989 0015538  30.3602 120.5281 14.76362450501468
1 34427U 93036RU  18211.81694623 +.00001220 +00000-0 +20830-3 0  9994
2 34427 074.0186 354.5684 0043718 032.8002 327.5868 14.69512420499905
1 34428U 93036RV  18211.68975943  .00000762  00000-0  20212-3 0  9991
2 34428  74.0389  98.8739 0041040 123.4601 270.1174 14.49905172496692
1 34429U 93036RW  18211.82970050 +.00000363 +00000-0 +84612-4 0  9994
2 34429 074.0118 353.2959 0046623 083.2539 067.2825 14.57906478499094
1 34430U 93036RX  18212.37761655  .00000126  00000-0  53095-4 0  9994
2 34430  74.0523 195.5968 0067679 215.5207 144.1431 14.34027145493631
1 34431U 93036RY  18211.77742853 +.00000181 +00000-0 +90527-4 0  9999
2 34431 074.0798 328.9870 0075163 267.2840 091.9700 14.22117972488260
1 33905U 93036DJ  18209.47327420 +.00000209 +00000-0 +94337-4 0  9991
2 33905 073.8874 215.0635 0066353 286.9286 225.8215 14.27328630491886
1 33906U 93036DK  18211.18750689  .00000540  00000-0  20473-3 0  9997
2 33906  74.0381 244.4896 0055624 222.3024 249.8415 14.32663498493016
