1 28675U 88074L   18211.23111319  .00000293  00000-0  43269-3 0  9990
2 28675  89.9739  13.9577 0089520 177.7786 306.8980 13.50265651677620
1 28676U 88074M   18208.74052466 +.00000257 +00000-0 +40184-3 0  9993
2 28676 089.9511 011.6837 0087799 252.9373 169.5179 13.46752933751555
1 28679U 92047AC  06087.58224374 -.00000019 +00000-0 +00000-0 0  9991
2 28679 061.8870 071.7479 2457636 142.3780 237.4219 08.01411551042759
1 28739U 05024C   18211.75104243 +.00002117 +00000-0 +13778-3 0  9999
2 28739 097.6059 315.7599 0091244 139.2187 221.5917 15.05671871700866
1 28740U 05024D   18211.81392578  .00000658  00000-0  68484-4 0  9991
2 28740  97.8220 340.4475 0130983  67.4107 294.0906 14.87167367696806
1 28742U 05024F   18211.89962035 +.00000996 +00000-0 +90053-4 0  9994
2 28742 097.7229 007.1429 0111538 299.5303 059.4832 14.93236933697640
1 28785U 05024G   18212.24457310  .00002946  00000-0  20862-3 0  9993
2 28785  97.7818   5.0793 0097185 228.3247 130.9630 15.01887555699487
1 28850U 01049PC  18211.87146478  .00003339  00000-0  13477-3 0  9998
2 28850  97.6313 232.9142 0013171 197.6424 162.4358 15.25456145766616
1 28851U 01049PD  18212.20671634  .00000269  00000-0  31473-4 0  9990
2 28851  97.9406 199.9810 0038610 274.7223  84.9587 14.92949875756561
1 28852U 01049PE  18212.10860133  .00000028  00000-0  12348-4 0  9997
2 28852  98.0890 162.4856 0045628 143.4414 280.0490 14.72883004813720
1 28853U 01049PF  18210.73742164 +.00000131 +00000-0 +22758-4 0  9999
2 28853 097.9976 178.1837 0035796 328.6309 154.3217 14.83307696777596
1 28855U 01049PH  18211.75034511  .00000508  00000-0  54820-4 0  9997
2 28855  97.7433 194.4418 0001243  90.9499 269.1863 14.92542380869572
1 28856U 01049PJ  09318.18304321 +.00000267 +00000-0 +53812-4 0  9994
2 28856 097.7379 302.1955 0043603 282.1076 084.3433 14.68270261276861
1 28859U 01049PM  18211.82384769  .00001151  00000-0  72903-4 0  9999
2 28859  97.7132 216.3575 0017182 283.2932  76.6381 15.10939229823588
1 28897U 05043H   18211.89099512  .00000079  00000-0  23712-4 0  9997
2 28897  97.9112   2.1054 0014680 287.7876 225.0289 14.64016873672666
1 28950U 93014AB  18211.86631223  .00003656  00000-0  46150-3 0  9994
2 28950  75.7406 275.0753 0064826  64.1098  57.1007 14.80634781727208
1 28955U 93014AG  18211.87676764 +.00001553 +00000-0 +20625-3 0  9992
2 28955 075.7421 276.9427 0077926 053.3890 307.4429 14.78175894261667
1 28956U 93014AH  18204.88244179 +.00001540 +00000-0 +22929-3 0  9992
2 28956 075.7417 285.4449 0083381 066.2898 294.7004 14.73065725238471
1 28958U 93014AK  18211.41351973  .00002924  00000-0  32618-3 0  9995
2 28958  75.7389 233.2912 0068677 340.6334  19.2246 14.85597921713851
1 28975U 87001C   18210.34179491 +.00000624 +00000-0 +45170-3 0  9999
2 28975 082.4596 219.7720 0022874 242.6715 177.1743 13.95078782260531
1 28984U 90011C   17348.90893964  .00019041  00000-0  18052-1 0  9995
2 28984  30.3236 338.3107 6295415 292.8202 299.1769  3.52766028153306
1 28985U 92047AN  17204.77302165 -.00000011 +00000-0 +00000-0 0  9992
2 28985 064.0875 130.0837 3771459 322.9356 016.1756 06.52731338268406
1 28988U 88005C   18211.94854035 +.00000770 +00000-0 +58646-3 0  9993
2 28988 082.5321 079.9557 0016751 157.0094 203.1824 13.92451111212087
1 28989U 88005D   18210.89252581 +.00000872 +00000-0 +60426-3 0  9997
2 28989 082.5314 056.9529 0027963 109.9712 312.8389 13.97782059257125
1 28990U 88005E   18209.90060394 +.00000564 +00000-0 +41543-3 0  9995
2 28990 082.5178 062.2272 0008296 149.5512 272.3865 13.94002333646630
1 28991U 88005F   18211.55547811 +.00000159 +00000-0 +10510-3 0  9994
2 28991 082.5320 056.1023 0006820 102.4054 289.4572 13.95851909663103
1 28992U 88005G   18211.97165689 -.00000057  00000-0 -58006-4 0  9992
2 28992  82.5364  87.1226 0004276 306.9927 115.4788 13.90853190658025
1 28993U 88005H   18211.36469323 +.00000504 +00000-0 +38931-3 0  9997
2 28993 082.5262 077.4608 0005302 333.1140 026.9748 13.91091694189282
1 28994U 88005J   18211.63620413  .00001195  00000-0  91776-3 0  9990
2 28994  82.5454  84.9962 0003126 249.5957 139.8306 13.92456136655672
1 28995U 88005K   18211.32422632  .00000941  00000-0  68295-3 0  9998
2 28995  82.5325  66.7152 0000954   5.4388 118.1543 13.95482355645499
1 29020U 81021V   15093.74908743 +.00005621 +00000-0 +44621-2 0  9998
2 29020 064.9572 227.1611 0033958 154.6236 272.7687 13.91755118516623
1 29021U 84069AL  16171.36102603 +.00046936 +00000-0 +37040-1 0  9991
2 29021 065.0470 078.8185 0047131 210.7837 149.0462 13.90735695561229
1 29029U 93014AW  18212.42444223  .00002551  00000-0  29896-3 0  9998
2 29029  75.7405 250.5978 0066447  12.7621 347.5228 14.83731485665118
1 29030U 93014AX  18211.54528781  .00001246  00000-0  18492-3 0  9994
2 29030  75.7428 289.4592 0072475  71.1312 289.7711 14.73884333655799
1 29032U 93014AZ  17280.00072034 +.00011875 +00000-0 +12980-2 0  9991
2 29032 075.7460 030.1155 0072258 003.5677 005.6543 14.85947045687319
1 29033U 94029AEQ 18211.78745224  .00000218  00000-0  46219-4 0  9990
2 29033  81.9802 142.4792 0277292 173.0441 187.4727 14.33376520814165
1 29037U 99040G   18194.20643941 +.00000295 +00000-0 +40247-4 0  9992
2 29037 028.4530 177.1591 4505556 184.2627 170.0502 06.44881908294105
1 29039U 99057NJ  18210.88316038 +.00000250 +00000-0 +66130-4 0  9999
2 29039 098.3018 181.0983 0062666 288.8404 100.4184 14.56138897827067
1 29040U 99057NK  18211.34544569  .00000085  00000-0  38008-4 0  9994
2 29040  98.5386 170.8853 0079220 220.5552 138.9719 14.43263456805604
1 29042U 04035J   18211.84117817 -.00000137 +00000-0 -66394-5 0  9995
2 29042 097.7492 230.2109 0008824 024.7577 335.4067 14.97989009279729
1 29043U 04035K   18211.85682621 +.00000131 +00000-0 +16170-4 0  9995
2 29043 097.7624 232.1389 0009310 056.5033 303.7078 14.97754234687777
1 29066U 88005L   18167.12515975 -.00000504  00000-0 -38565-3 0  9993
2 29066  82.5535 100.8004 0005738 277.5406  82.5108 13.95061529622375
1 29067U 88005M   18210.90779786  .00000672  00000-0  48257-3 0  9994
2 29067  82.5324  62.3601 0026553 121.1802 239.1973 13.95495678633670
1 29068U 91082BP  18212.21222076  .00003625  00000-0  89776-3 0  9997
2 29068  98.9108 310.1921 0057026 156.5904 203.7904 14.51637243654498
1 29069U 91082BQ  18211.88351111 +.00000741 +00000-0 +36581-3 0  9995
2 29069 098.9412 183.4308 0090688 038.2204 354.5249 14.18428034706738
1 29070U 91082BR  18210.53478568 +.00000787 +00000-0 +30637-3 0  9990
2 29070 098.7520 240.7460 0014660 044.7894 315.4470 14.32588890723999
1 29071U 91082BS  18211.13328276 +.00000844 +00000-0 +44072-3 0  9990
2 29071 098.9704 185.6896 0096268 150.3785 210.2889 14.14790547722756
1 29072U 91082BT  18212.21456186  .00004307  00000-0  10022-2 0  9998
2 29072  98.9381 307.1853 0066326 193.9275 166.0092 14.54106190720684
1 29073U 91082BU  18212.34774451  .00000904  00000-0  32075-3 0  9993
2 29073  98.6568 245.9274 0012964 328.2889  31.7515 14.36867207721310
1 29074U 91082BV  18206.28839139 +.00000602 +00000-0 +25226-3 0  9990
2 29074 098.7822 233.2030 0013074 076.2722 283.9914 14.29645522710817
1 29075U 91082BW  18211.89956891 +.00015054 +00000-0 +91200-3 0  9991
2 29075 098.5949 011.3768 0015681 141.6409 218.5935 15.10607123690409
1 29077U 91082BY  18208.21795675 +.00001146 +00000-0 +65577-3 0  9991
2 29077 098.6483 007.7158 0105888 205.3370 154.2586 14.08648646722888
1 29078U 91082BZ  18211.50275761  .00000426  00000-0  19817-3 0  9993
2 29078  98.8780 231.7671 0022678 147.2197 213.0394 14.25748601714508
1 29081U 91082CA  18210.10240624 +.00005706 +00000-0 +72310-3 0  9995
2 29081 098.5967 263.0194 0029785 306.9985 052.8500 14.81885695736070
1 29082U 91082CB  18211.19187662  .00001952  00000-0  40574-3 0  9994
2 29082  98.6474 294.4529 0015934 111.7956 248.4940 14.61229766720888
1 29083U 91082CC  18210.91984510 +.00001119 +00000-0 +36133-3 0  9992
2 29083 098.6644 252.7786 0010154 265.6015 094.4013 14.41110750716878
1 29084U 91082CD  18211.89841331 +.00010625 +00000-0 +78486-3 0  9993
2 29084 098.6155 002.5530 0004108 205.8949 313.3931 15.03446320736887
1 29085U 91082CE  06107.27500905 +.00000096 +00000-0 +70654-4 0  9997
2 29085 098.7123 126.2034 0013541 053.3411 306.8654 14.16071559089733
1 29086U 91082CF  18212.42258369  .00001535  00000-0  40983-3 0  9999
2 29086  98.6497 273.1140 0012216 174.6448 250.6439 14.49796196692523
1 29087U 91082CG  18211.92422804 +.00000868 +00000-0 +29558-3 0  9994
2 29087 098.7155 249.1201 0007759 291.9809 068.0553 14.39089520735753
1 29088U 91082CH  18211.93944048 +.00000812 +00000-0 +29165-3 0  9998
2 29088 098.6761 246.0400 0010068 321.0656 038.9804 14.36536549266721
1 29089U 91082CJ  18212.31223969  .00006337  00000-0  79837-3 0  9993
2 29089  98.6246 337.0677 0005106 343.4946  46.7049 14.82384397743163
1 29090U 91082CK  18211.24058135  .00000940  00000-0  33239-3 0  9997
2 29090  98.7578 221.2859 0018377   7.7491  53.2351 14.36928825735674
1 29094U 92093JQ  18211.89563343 +.00000874 +00000-0 +38558-3 0  9992
2 29094 071.2911 171.0764 0143103 306.2111 052.5854 14.20618202819136
1 29096U 93016AK  18211.28370079 +.00002551 +00000-0 +35747-3 0  9996
2 29096 070.9191 066.7057 0055572 127.6006 233.0213 14.77536537268336
1 29097U 93016AL  18211.47901885 -.00000002 +00000-0 +30269-4 0  9998
2 29097 071.0039 253.5810 0125824 154.9376 271.6898 13.93704846873071
1 29098U 93016AM  18179.35879955  .00000307  00000-0  18941-3 0  9990
2 29098  70.8989 169.6190 0089175 252.3010 173.3529 14.11290942832484
1 29100U 93016AP  18211.16155775 +.00000347 +00000-0 +22835-3 0  9998
2 29100 070.7342 021.7197 0078214 316.1119 043.3800 14.07589528825954
1 29101U 93016AQ  18211.00040880  .00000908  00000-0  33194-3 0  9995
2 29101  70.9292  89.8855 0124058   8.3571 351.9585 14.31498994803549
1 29102U 93016AR  18211.38144439 +.00001239 +00000-0 +46290-3 0  9991
2 29102 070.9332 210.1730 0106287 129.7503 231.3052 14.30728257266734
1 29104U 01049PN  18211.22255635 +.00001836 +00000-0 +86356-4 0  9993
2 29104 097.5129 221.8413 0019946 075.1339 285.2104 15.20704985279976
1 29105U 04021G   18210.57468534 -.00000076 +00000-0 -27105-4 0  9992
2 29105 070.9240 296.3121 0215354 059.4484 302.7677 13.79068397704500
1 29106U 05049E   18199.86824756  .00000084  00000-0  00000+0 0  9991
2 29106   8.5329  51.0849 0009522 166.2241  52.5299  1.01168882 45662
1 29126U 85108Q   18212.52178352  .00007040  00000-0  19617-3 0  9997
2 29126  82.5657  42.3497 0005688 118.1233 242.0586 15.36574185668057
1 29136U 85100C   18205.88248906 +.00000225 +00000-0 +51671-3 0  9998
2 29136 082.5466 258.0578 0041536 299.9269 184.4529 13.21511839685471
1 29137U 85100D   18087.99638983  .00000266  00000-0  59934-3 0  9992
2 29137  82.5422 335.5170 0011216 196.7902 228.4135 13.23494762649001
1 29140U 88074N   06175.66853416 +.00001515 +00000-0 +17158-2 0  9997
2 29140 089.8427 039.6394 0054304 038.1446 320.9096 13.69325368028366
1 29202U 81031L   04045.04675875 +.00000626 +00000-0 +10000-3 0  9991
2 29202 066.4106 271.2050 6764830 156.5359 260.6630 02.00371146007661
1 29203U 81037E   18208.00695612 -.00000058  00000-0  26820-4 0  9999
2 29203  64.7619 348.7993 0029676 333.6429  26.3355 13.91423330721041
1 29204U 82099F   18185.94949602 -.00000039  00000-0  43694-4 0  9994
2 29204  64.8146  15.7115 0055780 184.1446 175.9160 13.87454868680626
1 29207U 87080K   18206.58296299 -.00000652 +00000-0 -60949-3 0  9996
2 29207 090.2916 322.9433 0134633 143.8470 217.1892 13.78785732649989
1 29208U 87080L   18185.17455872  .00001693  00000-0  13874-2 0  9990
2 29208  90.2771 326.7308 0084768 248.4699 110.7422 13.87529369709087
1 29209U 87080M   18182.17408174  .00002205  00000-0  95040-3 0  9997
2 29209  90.2737 340.1973 0094104 311.4591  47.8546 14.22021398670000
1 29210U 87080N   06161.34809881 +.00000314 +00000-0 +32798-3 0  9992
2 29210 090.2499 197.6767 0144449 127.7651 233.6566 13.68755266158382
1 29211U 87080P   18209.21281731 +.00000614 +00000-0 +46156-3 0  9999
2 29211 090.3314 010.8160 0094395 087.9786 273.2195 13.91340529696533
1 29212U 88033H   18206.98340372 +.00000696 +00000-0 +98761-3 0  9996
2 29212 090.3456 277.1405 0143916 248.5269 235.1706 13.51827893687980
1 29213U 99057NL  18212.37112436  .00045128  00000-0  53130-3 0  9993
2 29213  98.6637 262.8432 0009485 185.8773 174.2371 15.61235124749397
1 29215U 02024F   18212.55628565  .00000041  00000-0  84879-4 0  9998
2 29215  98.8168 114.0765 0246493 217.8877 266.2418 13.62173488795871
1 29216U 02024G   18211.14165689 +.00000058 +00000-0 +94268-4 0  9997
2 29216 098.8024 190.5305 0230578 120.8043 303.8039 13.67298691305814
1 29217U 05024H   18212.20596367  .00001047  00000-0  86512-4 0  9992
2 29217  97.6093 299.2260 0107133 281.9532  76.9696 14.96877754696835
1 29282U 81120L   18212.01196694  .00000117  00000-0  12756-2 0  9997
2 29282  82.9555 231.3045 0018289 202.7995 184.9940 12.03862659694252
1 29283U 81120M   18211.34763339  .00000060  00000-0  57761-3 0  9992
2 29283  82.9597 177.0854 0029828 308.3112  51.5267 12.07760801636570
1 29284U 81120N   18212.57510542 -.00000039  00000-0 -58096-3 0  9995
2 29284  82.9584 252.9730 0032497 282.7254 232.3020 12.02406180609973
1 29285U 81120P   18211.43445784 -.00000011 +00000-0 -21221-3 0  9995
2 29285 082.9556 096.2978 0048286 338.1652 142.4863 12.13306495227148
1 29286U 81120Q   18211.97553519  .00000063  00000-0  61627-3 0  9990
2 29286  82.9717 210.4985 0000666  24.2620   7.4810 12.05897203609592
1 29287U 81120R   17023.77876023  .00006144  00000-0  70592-1 0  9992
2 29287  82.9709 168.5952 0032330 247.1426 295.9078 12.05935188566412
1 29288U 81120S   18210.94483706 -.00000010  00000-0 -22044-3 0  9992
2 29288  82.9619 197.9872 0009639 310.5077  49.5142 12.06697859633931
1 29289U 81120T   18211.04675924  .00000012  00000-0  21299-4 0  9992
2 29289  82.9578  67.9542 0055314 201.3484 320.9200 12.15572866583964
1 29290U 81120U   18211.78918635 +.00000051 +00000-0 +45233-3 0  9990
2 29290 082.9623 142.7045 0027652 099.7464 287.6984 12.10369755215997
1 29295U 81053MS  18197.50054722  .00000272  00000-0  27812-3 0  9999
2 29295  82.9589 110.7992 0117091   9.3500 113.0325 13.70288688605710
1 29299U 88005N   18211.28797529  .00000496  00000-0  35901-3 0  9994
2 29299  82.5346  68.9452 0035930 166.7925 193.4190 13.94422073619694
1 29300U 88005P   18211.92943716 +.00000200 +00000-0 +14286-3 0  9995
2 29300 082.5363 077.5047 0022925 309.7315 109.7048 13.92892827617252
1 29301U 88005Q   18210.91990832  .00000253  00000-0  18508-3 0  9994
2 29301  82.5351  72.9773 0010141 230.5113 187.1101 13.92339401613697
1 29302U 88005R   18211.86804987 +.00000425 +00000-0 +29021-3 0  9998
2 29302 082.5412 046.8034 0019131 315.1020 044.8599 13.97749272218610
1 29308U 89039P   18211.51102853  .00011801  00000-0  76942-2 0  9990
2 29308  64.7917 248.1146 4469824 167.2921 209.4983  6.35257771229909
1 29311U 89039S   14114.93262932 +.00000867 +00000-0 +10000-3 0  9997
2 29311 062.2782 329.1103 3842690 083.7114 317.7739 07.66855456143119
1 29318U 89039Z   18211.88799257 +.00005824 +00000-0 +57942-2 0  9998
2 29318 065.2665 208.2035 2987987 066.4896 322.0185 08.84098086273604
1 29323U 89039AE  12108.45959865 +.00027648 +00000-0 +93042-2 0  9998
2 29323 064.7109 159.7745 5441717 336.1991 024.2400 04.85637874092518
1 29325U 89039AG  18209.67717201 -.00000132 +00000-0 -14713-3 0  9998
2 29325 064.9880 344.4924 5579069 227.2683 070.0013 04.49419789194920
1 29328U 89039AK  18200.21880234 -.00000007 +00000-0 -29452-3 0  9996
2 29328 065.0956 158.9609 5587681 226.1173 317.9863 04.28193880187092
1 29331U 89039AN  06296.87729248 -.00001424 +00000-0 -20435-1 0  9995
2 29331 065.4754 242.0285 5458138 065.4406 340.3634 04.38084311003764
1 29339U 89039AW  11037.91159705 -.00000008 +00000-0 +10000-3 0  9997
2 29339 065.0601 054.6768 5656925 011.7879 149.9763 04.35659235071923
1 29344U 89039BB  06308.90812811 +.00012417 +00000-0 +36735-1 0  9998
2 29344 065.7091 238.6096 5632700 061.9407 348.9811 04.35923808005265
1 29347U 89039BE  18064.90655702  .00000013  00000-0  00000+0 0  9990
2 29347  62.5133 246.3415 4629841  22.3873 352.5936  4.59733489193380
1 29355U 87020DW  18209.61813927 +.00000134 +00000-0 +10731-2 0  9990
2 29355 073.6281 293.6430 0030118 346.1119 082.3939 12.44356363230880
1 29356U 87020DX  18211.61700508  .00000151  00000-0  11821-2 0  9994
2 29356  73.6570 316.8528 0035560 292.3357 128.0601 12.45007490727600
1 29357U 87020DY  18211.94231691 +.00000034 +00000-0 +19280-3 0  9991
2 29357 073.7926 296.3174 0220933 009.3695 104.9240 12.85237375232432
1 29358U 87020DZ  18196.72289082  .00003577  00000-0  70199-2 0  9997
2 29358  73.8750 216.5379 0032050 274.0654  85.6781 13.35913203667284
1 29359U 87020EA  18211.76750170 -.00000033 +00000-0 -11452-3 0  9995
2 29359 073.6194 321.7722 0029351 036.6023 117.6950 12.41088582171742
1 29360U 87020EB  18211.75540851 +.00000112 +00000-0 +96459-3 0  9995
2 29360 073.7082 121.8722 0064212 031.8642 359.1602 12.39147479789480
1 29361U 87020EC  15070.54369151 -.00000003 +00000-0 +10000-3 0  9993
2 29361 073.6312 145.3373 0024604 341.2529 023.9319 12.43525808432759
1 29362U 88033J   18197.01099763  .00000189  00000-0  33556-3 0  9998
2 29362  90.3528 286.7034 0220164 123.1353 237.6371 13.29818567659575
1 29363U 00075F   18211.37238160 +.00005310 +00000-0 +14689-2 0  9997
2 29363 095.3699 270.6178 0320222 135.7311 226.9974 14.20712439184396
1 29414U 89039BS  16297.01662508  .00000187  00000-0  10245-2 0  9992
2 29414  65.1464 267.3344 5438970 252.4335  43.3937  4.53907555164279
1 29416U 89039BU  18208.82850522 -.00000000 +00000-0 -11991-4 0  9999
2 29416 064.3837 149.5501 5096164 305.9208 016.7877 05.22031286078176
1 29419U 03037D   13247.60541910 +.00000052 +00000-0 +29559-3 0  9991
2 29419 082.4735 014.9152 0024624 188.2064 188.7298 12.45651385453156
1 29421U 03037F   13281.19500608 +.00000012 +00000-0 +15703-4 0  9998
2 29421 082.4746 353.9503 0025727 117.3876 242.5210 12.45640837453542
1 29422U 04023D   18212.52306283  .00039198  51210-6  25667-3 0  9995
2 29422  38.8590 273.4842 3618395  58.2446 332.0940  8.32117102284233
1 29441U 89039CQ  18212.42227997  .00000768  00000-0  63048-2 0  9999
2 29441  63.1066 187.2467 3724856  41.4636 341.5831  7.03425312274744
1 29443U 89039CS  17316.64604203 -.00000046  00000-0  00000+0 0  9994
2 29443  62.2686  47.1530 4365193 147.0567 249.9447  4.95899873199803
1 29444U 81021W   18211.86329596 -.00000056 +00000-0 +28151-4 0  9999
2 29444 064.9639 029.4521 0036504 132.4227 227.9934 13.88980600204324
1 29447U 86010F   18211.84684833 -.00000041  00000-0  85134-3 0  9998
2 29447  31.1159  32.3923 7163312  87.6983 345.3527  2.30854228112168
1 29448U 86010G   18202.82480971  .00000789  00000-0  33106-2 0  9993
2 29448  30.7161 326.9185 7117385 215.7750  64.2272  2.38110007130784
1 29458U 89039DC  16180.28408305  .00001940  00000-0  55708+0 0  9991
2 29458  65.3462 149.8347 4598285 149.9268 246.0564  4.64335011160339
1 29459U 89039DD  18190.71452142  .00001934  00000-0  12398-2 0  9995
2 29459  68.1417  62.7718 3818813   5.7226 357.6685  7.46332014292848
1 29463U 89039DH  18131.96643372 -.00000008  00000-0  00000+0 0  9995
2 29463  67.5299 141.8201 3223771   1.7319 359.1992  7.03687965283593
1 29489U 89039DZ  17022.16748451  .00031389  00000-0  95712+0 0  9996
2 29489  61.9443  85.8399 5316939 332.0764  14.7205  4.41609324165659
1 29509U 06046E   18211.80384624 -.00000201 +00000-0 -12860-4 0  9995
2 29509 097.9822 218.7385 0046138 103.7662 256.8698 14.93562145637948
1 29519U 04029D   18212.42155620  .00007829  00000-0  12619-2 0  9997
2 29519  88.1112 196.8444 3655721 236.7128 319.3168  7.96117356203846
1 29524U 06050C   18212.02928836  .00000305  00000-0  16384-3 0  9998
2 29524  98.7812 236.4806 0004748 223.5841 165.7670 14.20066609606688
1 29525U 06050D   18211.89557573 +.00000268 +00000-0 +14448-3 0  9996
2 29525 098.7656 237.4011 0003348 217.2783 218.5763 14.20801499606802
1 29532U 90065Z   18210.43627558 -.00000514 +00000-0 +14011-3 0  9994
2 29532 018.0773 001.6224 7031571 342.7393 001.9938 02.55994254058007
1 29533U 90065AA  18207.93647417  .00000044  00000-0  14479-3 0  9997
2 29533  17.7133 101.8596 7079670 160.8522 351.4914  2.50026118172581
1 29534U 05038D   18211.36836049  .00000516  00000-0  90250-4 0  9993
2 29534  39.4260 256.2213 5854306 323.2456   8.2777  4.26972286185502
1 29536U 06015C   18211.46745146  .00000194  00000-0  48802-4 0  9997
2 29536  97.8560 290.1702 0164683  76.9530 284.9993 14.53111181643497
1 29537U 06015D   18211.25881890  .00000309  00000-0  74500-4 0  9994
2 29537  97.9702 324.0754 0171914 136.6992 224.7864 14.51066420642662
1 29538U 06015E   18211.85001974 +.00000303 +00000-0 +63820-4 0  9995
2 29538 097.8627 357.7063 0144632 302.8122 055.9218 14.60182843645313
1 29539U 06015F   18211.82863444 +.00000373 +00000-0 +76233-4 0  9990
2 29539 097.8728 336.1721 0135241 269.4388 244.2263 14.61038715646623
1 29600U 06050BS  18212.57833994  .00000556  00000-0  27168-3 0  9993
2 29600  98.7597 239.9768 0006267 240.7073 271.0188 14.21995978605353
1 29676U 05049F   18200.04349691 -.00000225 +00000-0 +00000-0 0  9995
2 29676 008.4413 050.6093 0034866 338.9675 185.9332 01.02231434044473
1 29733U 99025X   18211.69885821  .00000952  00000-0  17334-2 0  9995
2 29733  99.2359 293.6871 0582240 259.2913 262.2914 12.91522458543301
1 29734U 99025Y   18211.94859317 +.00000194 +00000-0 +39369-3 0  9996
2 29734 099.1271 210.0566 0638920 008.3099 018.9441 12.83538174539526
1 29735U 99025Z   18211.43694969 +.00000199 +00000-0 +42959-3 0  9995
2 29735 099.3534 201.5177 0724824 328.7333 027.2493 12.67546531532467
1 29736U 99025AA  18211.79263804  .00000370  00000-0  91770-3 0  9991
2 29736  99.4408 151.9320 0732441 183.6868 206.6949 12.54023458527773
1 29737U 99025AB  18212.55797806  .00000281  00000-0  65615-3 0  9991
2 29737  99.5648 230.9322 0727360 160.7565 352.3688 12.59468383529445
1 29740U 99025AE  18211.58605102 +.00000712 +00000-0 +19115-2 0  9996
2 29740 099.0508 085.1558 1006716 133.7475 235.1514 12.02767837505204
1 29741U 99025AF  18211.64229723 -.00000535  00000-0 -13649-2 0  9996
2 29741  99.1930 103.6728 1037251 271.0755 104.5317 11.95631402502559
1 29746U 99025AL  18211.38422171  .00009025  00000-0  13507-1 0  9997
2 29746  99.5427   5.2653 1044811 241.9604 107.2001 12.23678992492029
1 29748U 99025AN  18210.85823195 +.00019393 +00000-0 +10057+0 0  9995
2 29748 100.4234 085.0980 1085145 083.3689 288.9447 11.52540735473297
1 29750U 99025AQ  18211.92360019 -.00000062 +00000-0 -99649-5 0  9993
2 29750 099.0686 236.6436 0035509 299.9760 178.6370 14.07525696591896
1 29751U 99025AR  18212.05422451  .00000007  00000-0  22912-4 0  9993
2 29751  98.8590 237.0007 0091538   6.0521  22.5630 14.21702673598243
1 29753U 99025AT  18211.49003717  .00001369  00000-0  34399-3 0  9995
2 29753  98.9200  41.1505 0059620 216.9473 142.7607 14.52015328604295
1 29754U 99025AU  18211.69948698 +.00000227 +00000-0 +15002-3 0  9996
2 29754 098.9339 294.2602 0037667 306.7567 206.9810 14.11070545593290
1 29756U 99025AW  18211.61847931  .00000844  00000-0  26180-3 0  9992
2 29756  99.2469 173.7414 0052082  58.3979 302.2277 14.43272602603109
1 29758U 99025AY  18210.62137282 +.00000708 +00000-0 +37479-3 0  9997
2 29758 098.9355 268.6949 0033532 147.3231 018.9527 14.16729490593780
1 29760U 99025BA  18211.51921593 +.00000222 +00000-0 +14834-3 0  9996
2 29760 098.9413 240.1986 0133522 182.2259 177.8331 14.06529621592333
1 29762U 99025BC  18212.08077514  .00000086  00000-0  50627-4 0  9995
2 29762  98.6233 248.0644 0212410 214.1961 172.1010 14.19106042597518
1 29763U 99025BD  18211.91664675 +.00000303 +00000-0 +19545-3 0  9992
2 29763 098.8059 250.8636 0130273 204.5536 282.8885 14.05974647592104
1 29765U 99025BF  18211.75415128 -.00000212 +00000-0 -10831-3 0  9993
2 29765 099.1204 237.8516 0062071 358.7037 065.7950 14.01548255590378
1 29766U 99025BG  18212.20429098  .00000183  00000-0  16542-3 0  9996
2 29766  98.7119 305.8330 0161714 133.6029 246.8297 13.88843520583908
1 29767U 99025BH  18212.14589909  .00000339  00000-0  17888-3 0  9995
2 29767  98.2218  87.2482 0386480  19.6310 131.5503 13.86935207581885
1 29769U 99025BK  18212.43876198  .00000459  00000-0  31226-3 0  9993
2 29769  99.1776 195.9446 0103702  36.6790 324.1416 14.02549380588969
1 29770U 99025BL  18209.95065080 +.00000686 +00000-0 +42245-3 0  9993
2 29770 099.0209 262.9095 0070544 311.3426 173.8831 14.07729537590931
1 29771U 99025BM  18212.27720643  .00002237  00000-0  96078-3 0  9993
2 29771  99.5579  86.5597 0081332 193.2707 166.6329 14.24113159590905
1 29772U 99025BN  18211.75178997 +.00000385 +00000-0 +28500-3 0  9992
2 29772 098.4026 243.0056 0146875 271.1671 151.5362 13.95700764586424
1 29773U 99025BP  18211.77058963 +.00000124 +00000-0 +73927-4 0  9990
2 29773 098.7889 307.8834 0052285 143.3552 008.2994 14.22912195598805
1 29774U 99025BQ  18211.92171069 +.00000025 +00000-0 +33566-4 0  9996
2 29774 099.2110 030.3118 0050784 242.0577 252.5494 14.20823954598360
1 29775U 99025BR  18211.90785589 +.00001826 +00000-0 +20794-3 0  9991
2 29775 099.0388 255.2130 0062391 177.9977 182.1496 14.86379279613495
1 29776U 99025BS  18211.91031576 -.00000173 +00000-0 -76798-4 0  9995
2 29776 099.0813 235.8037 0022950 248.8348 233.4602 14.06473427592303
1 29777U 99025BT  18212.44390091 -.00000056  00000-0 -68407-5 0  9994
2 29777  99.4248 191.1686 0092939 245.4242 267.2501 13.91235230586154
1 29779U 99025BV  18211.55985680 +.00000016 +00000-0 +33267-4 0  9990
2 29779 098.9244 240.1938 0064106 240.7673 118.7077 14.11302236594221
1 29780U 99025BW  18211.85265394 +.00000473 +00000-0 +30428-3 0  9990
2 29780 099.3116 352.4882 0046154 078.3567 282.2775 14.07746392591062
1 29781U 99025BX  18211.92384439 +.00000206 +00000-0 +16317-3 0  9996
2 29781 099.0205 246.4570 0077788 110.0014 011.4555 14.00686755589292
1 29782U 99025BY  18211.90772431 +.00000639 +00000-0 +44259-3 0  9994
2 29782 099.1736 199.2532 0061684 099.0294 295.3078 14.01780212588780
1 29783U 99025BZ  18211.86552351  .00001507  00000-0  19282-3 0  9990
2 29783  98.9698 219.8828 0087552 118.0393   2.0142 14.80537315614131
1 29784U 99025CA  18212.42737362  .00000109  00000-0  64705-4 0  9999
2 29784  99.0699   5.9451 0064790 138.4636 245.5876 14.25336666599872
1 29785U 99025CB  18211.86546929 +.00001185 +00000-0 +23516-3 0  9993
2 29785 099.0357 175.1703 0075687 040.9153 319.7692 14.62616850609095
1 29786U 99025CC  18211.96632215 +.00000073 +00000-0 +68147-4 0  9994
2 29786 099.0151 238.6567 0078141 311.7078 164.2171 14.07648891592796
1 29789U 99025CF  18211.98902159  .00000326  00000-0  44119-3 0  9999
2 29789  99.6498 105.7444 0310218 168.3859 314.7918 13.48340692566912
1 29790U 99025CG  18212.56402384  .00000047  00000-0  37185-4 0  9997
2 29790  99.1446  61.6658 0082945  39.3606 321.3562 14.27651453600959
1 29791U 99025CH  18212.48808663  .00000391  00000-0  15580-3 0  9995
2 29791  99.0790  38.7490 0063037  68.5058 320.3822 14.33296761601487
1 29792U 99025CJ  18211.64266081 +.00000335 +00000-0 +23025-3 0  9996
2 29792 099.0001 268.2766 0054698 047.1059 313.4681 14.05532256590457
1 29793U 99025CK  18212.52394472  .00000243  00000-0  19403-3 0  9994
2 29793  98.3693 225.9541 0152043 299.7734 213.3760 13.93988343586073
1 29794U 99025CL  18211.96874687 +.00000599 +00000-0 +35751-3 0  9991
2 29794 098.1838 221.6184 0167369 155.1412 239.7255 14.03659637590455
1 29795U 99025CM  18212.13568105  .00000023  00000-0  47033-4 0  9996
2 29795  98.8387  88.5845 0114299 107.9791  43.6043 13.91772143586260
1 29796U 99025CN  18211.98819694  .00000324  00000-0  21926-3 0  9997
2 29796  99.1330 231.5097 0054340 249.0333 140.2010 14.06864963591726
1 29798U 99025CQ  18211.93412792 +.00000151 +00000-0 +14788-3 0  9998
2 29798 099.3969 201.4198 0123969 348.0669 040.0441 13.90885536584337
1 29800U 99025CS  18211.96559215  .00000368  00000-0  31986-3 0  9996
2 29800  98.3236 121.3188 0151323 131.2447   1.6595 13.86189029581965
1 29801U 99025CT  18211.84484205 +.00000030 +00000-0 +26647-4 0  9995
2 29801 098.8881 353.2444 0106212 238.6284 279.6956 14.33597814603552
1 29802U 99025CU  18211.63488422 +.00000346 +00000-0 +15384-3 0  9993
2 29802 098.7593 269.3703 0065437 027.3135 125.4247 14.28071060598477
1 29803U 99025CV  18212.00532104  .00002128  00000-0  72132-3 0  9997
2 29803  98.9927 321.1697 0061844 285.6155 162.8990 14.36790142597791
1 29804U 99025CW  18212.04968292 -.00000218  00000-0 -10516-3 0  9991
2 29804  99.0305 238.6601 0097582 250.5448 136.0453 14.03682229591437
1 29805U 99025CX  18212.47947679 -.00000018  00000-0  28655-4 0  9996
2 29805  99.7340 214.8953 0189585 349.1742  10.5351 13.71898617578046
1 29806U 99025CY  18211.78957135  .00000083  00000-0  74905-4 0  9998
2 29806  98.9702 243.6688 0026775 277.2926 135.7110 14.07828588592411
1 29807U 99025CZ  18211.89531573 +.00000164 +00000-0 +12217-3 0  9992
2 29807 098.9540 240.8412 0081280 339.2046 143.2399 14.06661444592340
1 29808U 99025DA  18211.75859363 +.00000808 +00000-0 +37143-3 0  9998
2 29808 099.0151 311.5241 0034390 095.7327 056.0000 14.23776578595351
1 29809U 99025DB  18212.49526890  .00000051  00000-0  28808-4 0  9996
2 29809  98.9334  40.9977 0126186  90.5337 299.1691 14.41604807606603
1 29810U 99025DC  18211.91492081 +.00000037 +00000-0 +35261-4 0  9993
2 29810 099.1735 085.7511 0069424 187.1704 240.6583 14.25416514600014
1 29811U 99025DD  18211.88615269 +.00000455 +00000-0 +21398-3 0  9994
2 29811 099.0219 289.0453 0079252 110.2664 250.7055 14.23285238594537
1 29812U 99025DE  18211.03825469 +.00000289 +00000-0 +22449-3 0  9990
2 29812 098.3786 229.7185 0149431 299.3747 083.7712 13.94491850585822
1 29813U 99025DF  18211.93976948 +.00000052 +00000-0 +56053-4 0  9996
2 29813 099.0211 236.8099 0011627 240.8510 236.8267 14.08775691593549
1 29814U 99025DG  18211.71969206  .00000828  00000-0  24878-3 0  9992
2 29814  99.1005 118.1950 0054075   0.4071  29.7950 14.44773554603430
1 29815U 99025DH  18211.55646838  .00000326  00000-0  73755-4 0  9990
2 29815  98.3104 257.5093 0226369 162.0069 198.9305 14.48296678607941
1 29816U 99025DJ  18211.75442247 +.00000124 +00000-0 +47778-4 0  9993
2 29816 098.8535 315.3468 0300541 088.6910 062.0143 14.24374779597275
1 29819U 99025DM  18211.64796561 -.00000087 +00000-0 -24941-4 0  9992
2 29819 098.9117 265.9412 0199085 011.6462 145.2254 13.99903520589362
1 29820U 99025DN  18212.03954234  .00000108  00000-0  10254-3 0  9994
2 29820  99.0725 243.3651 0068432 125.5148 265.0477 13.99255765588945
1 29821U 99025DP  18212.04921458 -.00000126  00000-0 -25150-4 0  9992
2 29821  99.2668 238.1238 0393863  40.6405 347.9488 13.99769227587864
1 29825U 99025DT  18212.08237366  .00001105  00000-0  71739-4 0  9998
2 29825  98.7483 265.7689 0118264 300.5595  58.4000 15.05315029623064
1 29827U 99025DV  18211.55611105 +.00000054 +00000-0 +47010-4 0  9995
2 29827 098.6918 243.5734 0026969 168.4796 345.5450 14.18326312596751
1 29828U 99025DW  18211.90533928 +.00000538 +00000-0 +37171-3 0  9994
2 29828 099.0186 276.6735 0066184 106.6194 309.7967 14.02322519589633
1 29832U 99025EA  18212.25376870 -.00000037  00000-0  46751-5 0  9990
2 29832  98.8056 129.9345 0204145 162.7514 198.0753 14.52716579611533
1 29833U 99025EB  18211.74151850 +.00000350 +00000-0 +75118-4 0  9998
2 29833 099.1049 236.6589 0155371 244.4862 114.0198 14.59081230611555
1 29834U 99025EC  18212.47492384  .00004046  00000-0  30196-3 0  9992
2 29834  98.3134 231.5219 0112071 146.6922 214.1417 14.98555753615779
1 29835U 99025ED  18211.74612278 -.00000002  00000-0  13670-4 0  9996
2 29835  98.9964 143.0979 0173320  79.7153 311.6378 14.41495780607055
1 29836U 99025EE  18211.94752678 +.00000136 +00000-0 +43979-4 0  9990
2 29836 097.9676 025.5261 0179734 161.9827 352.2941 14.43929951246410
1 29837U 99025EF  18211.87791722 +.00012321 +00000-0 +52039-3 0  9991
2 29837 098.4490 013.2790 0054137 185.1292 174.9394 15.22081573616683
1 29840U 99025EJ  18211.66467172 +.00001377 +00000-0 +22467-3 0  9992
2 29840 099.0146 184.8337 0099810 357.7401 002.3337 14.69667569610040
1 29841U 99025EK  18212.46976288  .00000024  00000-0  19539-4 0  9990
2 29841  98.9336  27.0457 0220752  55.9252 331.0199 14.39569953605680
1 29842U 99025EL  18212.45095736  .00000441  00000-0  13463-3 0  9992
2 29842  98.7261 198.8049 0144642 344.0142 167.3442 14.41413384604727
1 29843U 99025EM  18212.27291796  .00000026  00000-0  25551-4 0  9998
2 29843  98.8194 318.2208 0205519 144.5654 244.8021 14.24224406599498
1 29844U 99025EN  18210.59262069 +.00000059 +00000-0 +38755-4 0  9999
2 29844 098.9879 345.8732 0184163 026.0765 334.9549 14.25297884599291
1 29845U 99025EP  18211.76098890  .00000034  00000-0  33975-4 0  9991
2 29845  98.6851 245.7644 0083980  34.1991  31.2638 14.21552674598310
1 29846U 99025EQ  18212.02219935  .00000015  00000-0  28490-4 0  9992
2 29846  98.9863 229.2478 0087442  86.3211 302.4971 14.17667450597136
1 29847U 99025ER  18212.57161280 -.00000092  00000-0 -30295-4 0  9995
2 29847  98.9674 235.0466 0087779 325.3992 186.8324 14.01353384590415
1 29848U 99025ES  18211.92235017 +.00000401 +00000-0 +23530-3 0  9999
2 29848 098.2502 249.6119 0138359 122.2056 000.5410 14.08234666591384
1 29849U 99025ET  18211.68564167  .00000430  00000-0  32903-3 0  9990
2 29849  99.1439 285.0291 0091574 262.6031 252.1978 13.96965043587226
1 29850U 99025EU  18211.58204866  .00000273  00000-0  23221-3 0  9996
2 29850  98.0952  71.3595 0109381 287.9920  98.3271 13.91804944585155
1 29851U 99025EV  18212.13085861  .00000051  00000-0  81833-4 0  9999
2 29851  99.4717 164.7458 0146020 111.9271 316.7211 13.81716603581915
1 29852U 99025EW  18212.34373451  .00000385  00000-0  30477-3 0  9995
2 29852  99.2250 154.4639 0156310 273.2545 243.3433 13.92132760584329
1 29853U 99025EX  18211.38487980 +.00000216 +00000-0 +19161-3 0  9992
2 29853 098.4135 189.9002 0174959 088.7706 273.3490 13.86736763582990
1 29854U 99025EY  18212.19943244  .00000072  00000-0  97957-4 0  9993
2 29854  99.1067 106.2084 0151239  75.9128  74.0035 13.81413212581780
1 29855U 99025EZ  18212.08532278  .00000420  00000-0  31648-3 0  9994
2 29855  98.1713  73.3307 0218113   6.8279 145.9319 13.88174171582829
1 29856U 99025FA  18211.81541653  .00000044  00000-0  28144-4 0  9992
2 29856  98.7686 329.4387 0431070  42.3698 110.2403 14.00710219584125
1 29857U 99025FB  18210.69526533 +.00000428 +00000-0 +42149-3 0  9994
2 29857 098.4762 117.9309 0210005 008.9577 351.5231 13.74172144577242
1 29858U 99025FC  18212.47038826  .00000388  00000-0  41503-3 0  9994
2 29858  99.0640  36.2130 0213088 298.5264  88.0156 13.70468069576432
1 29859U 99025FD  18211.90218980 +.00000546 +00000-0 +52007-3 0  9990
2 29859 098.3644 008.5130 0325224 182.7820 177.1526 13.62939081572210
1 29860U 99025FE  18211.27184619  .00000329  00000-0  36766-3 0  9996
2 29860  98.6403 127.1066 0248035 292.8817 221.1699 13.65222499573074
1 29865U 99025FK  18211.91003949 +.00000200 +00000-0 +44745-4 0  9993
2 29865 098.9849 200.8334 0163959 162.7435 228.7891 14.61039238613105
1 29866U 99025FL  18212.08791285  .00000075  00000-0  22951-4 0  9995
2 29866  98.1398 256.5348 0222502 332.5481  54.8525 14.54346175611617
1 29868U 99025FN  18211.86324600  .00000342  00000-0  57119-4 0  9996
2 29868  98.3228 262.9794 0268780 156.4467 261.8803 14.55445863610044
1 29869U 99025FP  18212.43273751  .00000110  00000-0  56727-4 0  9998
2 29869  99.0144  16.7738 0092417 319.3712  67.1357 14.31876852602747
1 29870U 99025FQ  18211.92149571 -.00000013 +00000-0 +11359-4 0  9990
2 29870 098.4475 251.6400 0121071 209.9959 274.6809 14.28058753601688
1 29871U 99025FR  18212.43195194  .00000209  00000-0  95430-4 0  9998
2 29871  99.0615  23.7201 0071275  50.8493 339.4090 14.30684505601501
1 29872U 99025FS  18211.57810990 +.00000069 +00000-0 +33139-4 0  9993
2 29872 098.6289 249.8766 0263646 007.3277 353.1641 14.29536568600634
1 29873U 99025FT  18211.74763897 -.00000069 +00000-0 -15767-4 0  9995
2 29873 099.3183 327.1097 0092281 293.6564 236.4965 13.95495582587433
1 29874U 99025FU  18211.38525677 +.00000450 +00000-0 +27845-3 0  9999
2 29874 098.3697 250.2245 0139190 150.7908 281.9902 14.04957299588739
1 29875U 99025FV  18212.47039435 -.00000019  00000-0  10306-4 0  9990
2 29875  98.6675 296.0942 0082756 348.5653  72.6273 14.24286001600188
1 29876U 99025FW  18211.91418000  .00000022  00000-0  29754-4 0  9998
2 29876  98.2965   7.5073 0061441 270.7507 242.0494 14.18633785597517
1 29877U 99025FX  18211.92572980 +.00000097 +00000-0 +65156-4 0  9996
2 29877 098.7448 245.0196 0050709 091.3392 029.6268 14.19861121597378
1 29878U 99025FY  18212.35804140  .00000482  00000-0  18055-3 0  9994
2 29878  97.0097 104.1982 0124941 324.3573  34.9318 14.30773730598163
1 29880U 99025GA  18212.56278292  .00000219  00000-0  17390-3 0  9992
2 29880  98.1573  67.2930 0254154  12.3125  19.8893 13.85387941582499
1 29881U 99025GB  18212.15014933  .00000650  00000-0  77751-3 0  9994
2 29881  98.7406  98.6319 0307404 183.5908 332.4265 13.51933883568134
1 29884U 99025GE  18212.16308766  .00000304  00000-0  13925-3 0  9997
2 29884  99.5709 288.0814 0051427 268.4202 120.1619 14.28872586600441
1 29885U 99025GF  18211.78361898  .00000008  00000-0  24664-4 0  9994
2 29885  98.3717 308.2832 0120511 357.4426 156.1890 14.12008630594683
1 29886U 99025GG  18212.48401994  .00001047  00000-0  38296-3 0  9994
2 29886  99.2164  92.0594 0040128 119.1072 317.2957 14.34821095599005
1 29887U 99025GH  18211.89147191  .00000241  00000-0  80309-4 0  9993
2 29887  99.0089 227.1451 0327027 231.5256 254.3453 14.21422661596564
1 29888U 99025GJ  18212.51565493 -.00000008  00000-0  14377-4 0  9997
2 29888  98.9692 316.1524 0296210  77.9360 285.4837 14.12958249594600
1 29889U 99025GK  18212.31181510  .00000094  00000-0  72208-4 0  9991
2 29889  99.4562 134.0838 0159118 296.4080 232.0094 14.10290601593724
1 29890U 99025GL  18211.57777150  .00000311  00000-0  19241-3 0  9990
2 29890  99.4542 122.4242 0021047  38.3016 321.9644 14.13056668593607
1 29891U 99025GM  18211.64161806  .00000378  00000-0  29164-3 0  9992
2 29891  98.9931 274.7489 0066722 156.7733   6.3983 13.97947597588647
1 29892U 99025GN  18211.63867674 +.00000781 +00000-0 +39520-3 0  9993
2 29892 099.2147 268.8294 0270556 260.2852 256.9248 14.01999786587306
1 29893U 99025GP  18211.91456596 +.00000012 +00000-0 +44675-4 0  9997
2 29893 098.4851 184.0410 0173478 237.5379 147.3633 13.78355567580484
1 29894U 99025GQ  18212.45257758  .00000111  00000-0  14153-3 0  9994
2 29894  99.6016 195.4863 0172018 250.7481 264.9291 13.77970389579971
1 29895U 99025GR  18212.14405439  .00000469  00000-0  26300-3 0  9995
2 29895  99.8767  96.1548 0370793 292.9534 227.4535 13.86501810580832
1 29896U 99025GS  18210.59243264 +.00000145 +00000-0 +19652-3 0  9992
2 29896 099.5381 126.3425 0244582 156.5153 327.3459 13.62819412573482
1 29897U 99025GT  18212.46079557  .00000549  00000-0  69810-3 0  9992
2 29897  98.6250  29.0471 0319563 225.1219 162.1006 13.47799892566203
1 29898U 99025GU  18211.54788411  .00000452  00000-0  34835-3 0  9999
2 29898  98.2072 235.6253 0483670  94.5916  52.8251 13.52212535566531
1 29899U 99025GV  18210.36718491 -.00000028 +00000-0 +98815-5 0  9990
2 29899 098.6722 000.5254 0354791 002.5896 357.6969 13.36703204562803
1 29901U 99025GX  18212.39424462  .00000010  00000-0  57814-4 0  9994
2 29901  98.7600  10.3877 0385006 132.5601 260.9491 13.31834592560932
1 29903U 99025GZ  18211.70103165  .00000657  00000-0  16651-3 0  9994
2 29903  98.9499 116.5864 0084113 108.1073 252.9304 14.52471214607279
1 29904U 99025HA  18212.06845620  .00000063  00000-0  31413-4 0  9999
2 29904  99.0292  79.2616 0231573 325.6945  32.9465 14.36086248603823
1 29905U 99025HB  18211.85396737 +.00010930 +00000-0 +61436-3 0  9997
2 29905 099.2190 350.5476 0020923 283.9695 075.9204 15.13352380612844
1 29906U 99025HC  18211.35977685  .00000506  00000-0  23773-3 0  9990
2 29906  98.8369 262.3566 0053361 100.1812 260.5391 14.23723247596946
1 28675U 88074L   18207.23011753 +.00000296 +00000-0 +43733-3 0  9995
2 28675 089.9733 013.9690 0089039 189.3062 298.2933 13.50263303677085
1 28676U 88074M   18206.73400642 +.00000269 +00000-0 +42154-3 0  9995
2 28676 089.9554 011.7063 0088050 258.7831 161.2190 13.46752049751288
1 28739U 05024C   18210.08959177 +.00001865 +00000-0 +12195-3 0  9999
2 28739 097.6060 314.1215 0091059 144.8520 215.8761 15.05663747700612
1 28740U 05024D   18210.60283360 +.00000664 +00000-0 +69105-4 0  9993
2 28740 097.8218 339.2542 0131038 071.3493 290.1899 14.87165348696410
1 28742U 05024F   18211.89962035  .00000996  00000-0  90053-4 0  9994
2 28742  97.7229   7.1429 0111538 299.5303  59.4832 14.93236933698045
1 28785U 05024G   18211.37844717 +.00002780 +00000-0 +19717-3 0  9990
2 28785 097.7811 004.2107 0097178 231.2733 127.9774 15.01881969699360
1 28850U 01049PC  18209.83797518 +.00002616 +00000-0 +10630-3 0  9993
2 28850 097.6313 230.8398 0012965 205.1843 154.8764 15.25443098281662
1 28851U 01049PD  18210.73221732  .00000386  00000-0  42575-4 0  9991
2 28851  97.9395 198.4917 0038603 279.6107  80.0752 14.92948420756349
1 28852U 01049PE  18211.08846329 +.00000022 +00000-0 +11429-4 0  9997
2 28852 098.0892 161.4705 0045499 146.6690 270.9192 14.72882851274559
1 28853U 01049PF  18208.16147314 +.00000194 +00000-0 +30273-4 0  9999
2 28853 097.9976 175.6052 0036133 337.0277 078.9796 14.83306636777216
1 28855U 01049PH  18210.20839496 +.00000293 +00000-0 +33975-4 0  9990
2 28855 097.7432 192.9251 0001228 088.0780 272.0580 14.92540548869341
1 28859U 01049PM  18210.23443112 +.00001035 +00000-0 +65928-4 0  9991
2 28859 097.7134 214.7551 0017288 289.5718 070.3644 15.10935136823344
1 28897U 05043H   18210.86669473 +.00000083 +00000-0 +24555-4 0  9993
2 28897 097.9111 001.1217 0014700 291.3425 226.1792 14.64016660672518
1 28950U 93014AB  18209.90622951 +.00003141 +00000-0 +39691-3 0  9995
2 28950 075.7411 278.5359 0065109 069.1365 049.2268 14.80619570272891
1 28955U 93014AG  18211.53835599  .00001571  00000-0  20867-3 0  9996
2 28955  75.7421 277.5378 0077897  54.2317 306.6077 14.78174797749695
1 28956U 93014AH  18203.93160174 +.00001541 +00000-0 +22934-3 0  9996
2 28956 075.7418 287.1041 0083441 068.6470 292.3591 14.73062757238330
1 28958U 93014AK  18210.40335339 +.00002616 +00000-0 +29216-3 0  9999
2 28958 075.7389 235.0892 0068640 343.1920 016.6993 14.85591524173557
