1 31868U 99057PT  11262.73508588 -.00065057 +00000-0 -22587-1 0  9992
2 31868 098.2350 238.9791 0014568 299.6621 044.4427 14.35966287227943
1 31870U 99057PV  18210.91750817  .00005014  00000-0  44113-3 0  9995
2 31870  98.2277 248.2827 0006808 113.8385 246.3549 14.96989532595143
1 31871U 99057PW  18211.91596448 +.00004196 +00000-0 +40232-3 0  9993
2 31871 098.2355 248.2054 0008234 085.1243 275.0915 14.93693076595386
1 31872U 99057PX  18211.20044491 +.00002173 +00000-0 +30387-3 0  9995
2 31872 098.2860 218.9384 0005738 161.6919 198.4499 14.78677353271484
1 31873U 99057PY  18211.77521043  .00000980  00000-0  22726-3 0  9993
2 31873  98.3921 186.4442 0004671 355.1783 125.8723 14.57241738589142
1 31874U 99057PZ  12003.72173391 +.00008468 +00000-0 +25715-2 0  9990
2 31874 098.2060 347.1572 0011746 066.1886 295.0777 14.42335266241339
1 31875U 99057QA  15136.14692426 +.00011234 +00000-0 +25652-2 0  9997
2 31875 098.3008 100.4452 0007171 017.3231 046.0454 14.55891281419071
1 31876U 99057QB  18211.73665483  .00001243  00000-0  26213-3 0  9997
2 31876  98.3558 179.4777 0011871 346.4077  13.6802 14.61184100596147
1 31877U 99025CKC 18211.44356427  .00000206  00000-0  37163-4 0  9991
2 31877  99.0182 287.2058 0183640  53.1242 308.6636 14.68696177593259
1 31878U 99025CKD 18211.81337504 +.00000145 +00000-0 +41352-4 0  9995
2 31878 099.4813 063.6517 0141475 089.5012 272.2391 14.56845295587250
1 31879U 99025CKE 18211.76942259  .00000067  00000-0  34444-4 0  9996
2 31879  99.7392  60.6843 0227125 220.7855 137.6134 14.36260857582466
1 31880U 99025CKF 18211.01987461 +.00000157 +00000-0 +17035-3 0  9996
2 31880 099.9638 153.6754 0136785 351.4251 008.4566 13.84972294256683
1 31881U 99025CKG 18211.30913436 +.00003552 +00000-0 +30545-3 0  9993
2 31881 099.0387 252.9850 0057020 231.6969 127.9114 14.96999662204563
1 31882U 99025CKH 18205.55169243 +.00000254 +00000-0 +17584-3 0  9997
2 31882 098.8850 125.0407 0037817 255.1057 104.5923 14.07385673572240
1 31883U 99025CKJ 18210.96336825  .00000161  00000-0  46144-4 0  9993
2 31883  99.1018 213.7884 0153204 306.2548  52.4570 14.53739637588146
1 31886U 99025CKM 18207.57510358 +.00000557 +00000-0 +29786-3 0  9995
2 31886 099.1832 332.8882 0057611 021.5958 338.7627 14.16596696193556
1 31887U 99025CKN 18211.45897199  .00000486  00000-0  19306-3 0  9997
2 31887  99.5354 284.3793 0034643 217.5190 199.2081 14.33655518579490
1 31888U 99025CKP 18211.59111289  .00000578  00000-0  31895-3 0  9991
2 31888  99.1918 351.9052 0026591 290.5427 130.6477 14.15513056576292
1 31890U 99025CKR 18211.85223998  .00000064  00000-0  61555-4 0  9991
2 31890  98.9667 238.8165 0072269 276.7395  82.5554 14.09073355574176
1 31891U 99025CKS 18211.90244446 +.00000211 +00000-0 +27243-3 0  9998
2 31891 099.6641 241.0085 0227953 239.9848 117.8501 13.63752736556989
1 31892U 99025CKT 18211.07233534 +.00000165 +00000-0 +63681-4 0  9998
2 31892 099.2323 153.2924 0227380 170.7174 189.8319 14.30963059263299
1 31893U 99025CKU 18211.29856875 +.00000075 +00000-0 +25442-4 0  9995
2 31893 099.0942 250.2204 0195630 212.3044 212.4274 14.55988184591745
1 31895U 99025CKW 18212.16580725 -.00000125  00000-0 -85484-4 0  9992
2 31895  99.1409 343.0559 0245235  59.5084 303.0031 13.65397564554868
1 31897U 99025CKY 15287.29917184 +.00000532 +00000-0 +26114-3 0  9994
2 31897 098.8324 314.7133 0088884 110.1889 244.1416 14.19824757433011
1 31898U 99025CKZ 18211.53421173  .00000118  00000-0  38453-4 0  9990
2 31898  98.5737 315.8450 0205978 102.0018 260.4340 14.44481600587460
1 31899U 99025CLA 18211.89477875 +.00000052 +00000-0 +10531-3 0  9993
2 31899 102.0931 237.4076 0216044 054.2953 307.8080 13.73711883305176
1 31901U 99025CLC 18211.52935441 +.00000112 +00000-0 +10867-3 0  9994
2 31901 098.6717 322.9513 0134591 074.5068 287.0910 13.92873472259191
1 31902U 99025CLD 18212.36059119  .00000012  00000-0  21735-4 0  9993
2 31902  98.6026 258.4903 0188590  49.0786  11.3316 14.19988044577770
1 31903U 99025CLE 18211.58155296  .00000133  00000-0  45455-4 0  9999
2 31903  99.2632 260.0630 0161116 129.4889 232.0676 14.46655204586757
1 31904U 99025CLF 18212.29429207  .00001185  00000-0  86106-3 0  9990
2 31904  98.8976  27.0079 0181690 327.9095  31.1105 13.90712700562500
1 31905U 99025CLG 18211.74290630  .00000191  00000-0  84467-4 0  9991
2 31905  99.2043  41.3167 0219628 277.8939  79.7363 14.23564446582573
1 31906U 99025CLH 18211.51930411  .00000136  00000-0  10383-3 0  9999
2 31906  98.5911  47.4284 0062502 231.1182 159.5661 14.07223487575026
1 31910U 99025CLM 18211.51605314 +.00000285 +00000-0 +82431-4 0  9994
2 31910 097.7528 117.9058 0282901 051.0811 311.5233 14.30019935257651
1 31911U 99025CLN 18209.42571231 +.00000728 +00000-0 +84323-3 0  9995
2 31911 098.7544 283.4298 0544984 294.1822 060.3259 13.21915514537914
1 31912U 99025CLP 18208.50382639 +.00000169 +00000-0 +22740-3 0  9990
2 31912 098.8503 310.8427 0551753 336.9480 020.7721 13.20711099535796
1 31913U 99025CLQ 18211.01759103 +.00000487 +00000-0 +49341-3 0  9994
2 31913 099.3585 150.9347 0239817 193.3671 166.1048 13.70001962188537
1 31914U 99025CLR 18211.90430131  .00000018  00000-0  16922-4 0  9990
2 31914  99.0485 194.5248 0192593 252.6082 105.3970 14.51276081590084
1 31915U 99025CLS 18211.32899880  .00000162  00000-0  11249-3 0  9993
2 31915  98.8863 259.2944 0109586 346.7243  13.1049 14.09159187572069
1 31916U 99025CLT 18211.53665267  .00000432  00000-0  20170-3 0  9990
2 31916  99.3472  95.5467 0174061 168.2629 192.2683 14.18182784575030
1 31917U 99025CLU 18210.37192192 +.00000054 +00000-0 +31995-4 0  9992
2 31917 098.5139 254.1073 0211123 000.3749 054.8120 14.29490544579871
1 31919U 99025CLW 18210.05112448 +.00000061 +00000-0 +34221-4 0  9998
2 31919 099.0604 142.6337 0111342 224.9106 192.4792 14.39435782583708
1 31920U 99025CLX 18211.99554674  .00000574  00000-0  61007-4 0  9996
2 31920  98.8289 223.3801 0175148 141.1519 220.2434 14.83303122600378
1 31921U 99025CLY 18211.71954740 +.00000535 +00000-0 +56571-3 0  9991
2 31921 099.4271 124.9797 0217876 065.4326 329.1537 13.69049949554183
1 31922U 99025CLZ 18211.82512653 -.00000541  00000-0 -43704-3 0  9990
2 31922  98.9073 328.5026 0174744  68.9726  80.0148 13.79170822560031
1 31923U 99025CMA 18211.74889591 -.00000456  00000-0 -49495-3 0  9998
2 31923  98.4344 316.0013 0316046  80.7604 282.9131 13.49378658548929
1 31924U 99025CMB 18211.89282979 +.00000531 +00000-0 +61791-3 0  9997
2 31924 098.4140 351.0995 0287881 324.7475 190.7059 13.56368943549114
1 31926U 99025CMD 18211.30586257  .00000524  00000-0  31350-3 0  9991
2 31926  99.0851 237.7327 0047495 332.8589 161.2013 14.11076831571989
1 31929U 99025CME 18211.02092474 +.00000079 +00000-0 +47887-4 0  9994
2 31929 098.6880 302.3501 0081628 022.2805 338.1890 14.28283480321618
1 31930U 99025CMF 12019.70469688 +.00003716 +00000-0 +20486-2 0  9991
2 31930 098.2607 189.2774 0312987 057.1291 305.7249 13.89997780235059
1 31931U 99025CMG 18211.40447798 +.00000057 +00000-0 +90702-4 0  9992
2 31931 097.8007 012.3193 0434384 040.5637 322.7027 13.38995149291625
1 31934U 99025CMK 18210.97066182 +.00000467 +00000-0 +13926-3 0  9997
2 31934 098.9567 043.0974 0104686 135.8397 225.1210 14.45016023216495
1 31935U 99025CML 18205.27129313 +.00000869 +00000-0 +44892-3 0  9993
2 31935 099.7331 224.3246 0070111 174.3549 185.8428 14.16829435226864
1 31937U 99025CMN 18210.44383967 +.00000328 +00000-0 +66461-4 0  9994
2 31937 099.2541 302.6026 0232433 156.2812 204.9304 14.53685775267790
1 31938U 99025CMP 18211.12489418  .00000154  00000-0  25694-4 0  9999
2 31938  98.9121 273.6806 0210668 267.4025  90.3051 14.73560603595010
1 31942U 99025CMT 18212.47874832  .00002596  00000-0  14216-2 0  9999
2 31942  98.9233  43.3404 0150628 280.5557  77.8674 14.07191223559836
1 31944U 99025CMV 18212.48684929  .00000354  00000-0  21954-3 0  9996
2 31944  99.0454 306.4283 0162821 309.0677 109.0573 14.05295794580174
1 31945U 99025CMW 18211.99567934  .00000404  00000-0  25903-3 0  9992
2 31945  99.1463 228.1485 0070430 300.4494  58.9730 14.08020718573035
1 31946U 99025CMX 18210.34848724 +.00000061 +00000-0 +61511-4 0  9995
2 31946 099.0213 248.8615 0094987 054.1633 306.8313 14.06187854569819
1 31947U 99025CMY 18208.38725811 +.00001005 +00000-0 +35325-3 0  9990
2 31947 098.7695 277.5039 0071925 294.8839 064.4881 14.35741112584580
1 31948U 99025CMZ 18211.61355471 +.00000480 +00000-0 +27997-3 0  9994
2 31948 099.4144 078.8294 0032554 026.6295 002.3610 14.13374061568859
1 31949U 99025CNA 18212.39340971 -.00000005  00000-0  18537-4 0  9995
2 31949  98.7129 266.9693 0131697  10.0741 350.3025 14.13755348575641
1 31952U 99025CND 18212.21115000  .00000068  00000-0  31200-4 0  9993
2 31952  98.9359 126.3250 0131326  57.0511 304.3228 14.45443036584248
1 31953U 99025CNE 18211.16132272 +.00001582 +00000-0 +73253-3 0  9992
2 31953 099.3608 348.4763 0173463 251.0135 107.2171 14.14741766238063
1 31954U 99025CNF 18210.94586161  .00000554  00000-0  40580-3 0  9993
2 31954  98.1470 115.3172 0090014 228.3437 130.9997 13.97558936574725
1 31955U 99025CNG 18211.85765484 +.00000510 +00000-0 +19162-3 0  9996
2 31955 099.2946 174.0164 0066302 152.4316 237.9548 14.35081448577652
1 31956U 99025CNH 17200.63133255 +.00000748 +00000-0 +34458-3 0  9993
2 31956 099.4903 134.8095 0040929 319.6512 040.1630 14.24096275532780
1 31957U 99025CNJ 18210.98013539 +.00000513 +00000-0 +19355-3 0  9995
2 31957 099.5063 280.0068 0056026 203.6684 156.1920 14.35400077266178
1 31958U 99025CNK 18211.21369527 +.00005106 +00000-0 +42226-3 0  9990
2 31958 098.9485 207.8547 0036294 156.9299 203.3559 14.98968832561893
1 31959U 99025CNL 18203.95849732 +.00000893 +00000-0 +44303-3 0  9990
2 31959 098.6292 096.6103 0042901 121.2023 239.3369 14.19111515582073
1 31960U 99025CNM 18184.82847944  .00000386  00000-0  30479-3 0  9995
2 31960  99.7186  48.3817 0140846 244.6103 114.0419 13.93791868558626
1 31963U 99025CNQ 18212.40570533  .00001340  00000-0  66988-3 0  9996
2 31963 101.7071  72.9442 0396000 141.3875 221.6309 13.85290724558648
1 31964U 99025CNR 18210.61960397 +.00000569 +00000-0 +24910-3 0  9990
2 31964 098.7718 276.7948 0049137 055.5036 305.0770 14.27015531289118
1 31965U 99025CNS 18211.03476459  .00000863  00000-0  43909-3 0  9995
2 31965  99.0232 302.0863 0042359 252.2355 107.4194 14.18106225573113
1 31966U 99025CNT 18210.61915434 +.00000209 +00000-0 +67100-4 0  9994
2 31966 098.9767 133.2377 0122994 082.6791 278.8359 14.46197727266878
1 31968U 99025CNV 09304.89192010 +.00000899 +00000-0 +37129-3 0  9999
2 31968 098.9862 332.5378 0090005 210.5467 151.2795 14.27153047124248
1 31971U 99025CNY 18212.34515427  .00001051  00000-0  44097-3 0  9995
2 31971 102.2742  42.1517 0014310   7.4509 116.2101 14.29507798575084
1 31972U 99025CNZ 18211.82195826 -.00000061 +00000-0 -90649-5 0  9993
2 31972 099.0985 163.1829 0077390 295.2936 096.3275 14.05851441571239
1 31973U 99025CPA 18211.44413485 -.00000195  00000-0 -78791-4 0  9997
2 31973  98.3695 283.0897 0106401 139.4505 221.4657 14.13403943573870
1 31974U 99025CPB 18211.80186581 +.00000498 +00000-0 +28870-3 0  9998
2 31974 098.4831 323.7049 0089257 148.8528 002.7434 14.11008816313269
1 31976U 99025CPD 18210.06505939 +.00000941 +00000-0 +29941-3 0  9992
2 31976 100.0035 151.3764 0067043 340.4613 019.4003 14.41615605582965
1 31977U 99025CPE 18204.58283019 +.00000148 +00000-0 +14858-3 0  9995
2 31977 098.2125 343.8061 0300424 350.0029 009.5229 13.71469464553930
1 31978U 99025CPF 18209.83063034 +.00000337 +00000-0 +40905-3 0  9994
2 31978 098.3933 350.7819 0275059 292.0382 065.1756 13.57450876549938
1 31979U 99025CPG 18183.67667362  .00000409  00000-0  48420-3 0  9992
2 31979  99.3517 351.7663 0298418  32.8302 329.0993 13.55831609546579
1 31980U 99025CPH 18209.84410976 +.00000183 +00000-0 +26552-3 0  9990
2 31980 097.5860 236.1057 0435750 167.0721 194.2017 13.29544671538518
1 31981U 99025CPJ 18210.23301290 +.00000196 +00000-0 +30490-3 0  9994
2 31981 098.4193 219.6176 0397488 067.1736 297.0860 13.31561138538571
1 31982U 99025CPK 18211.30068302  .00001055  00000-0  74015-4 0  9995
2 31982  97.5571  30.4610 0147505  18.5254 342.1260 14.98989092600991
1 31983U 99025CPL 18212.10349966  .00000575  00000-0  34033-4 0  9995
2 31983  97.8246 327.9251 0332821   6.5783 353.9637 14.79470521591729
1 31984U 99025CPM 18210.29670574 +.00000065 +00000-0 +50660-4 0  9994
2 31984 098.7580 241.5478 0067115 088.9994 271.8870 14.19305626561396
1 31985U 99025CPN 18211.42125478 +.00000111 +00000-0 +64157-4 0  9997
2 31985 098.2017 282.4695 0159867 204.6009 154.7483 14.18687821574057
1 31986U 99025CPP 18211.30385596 +.00000059 +00000-0 +56511-4 0  9990
2 31986 099.7649 244.2776 0129630 015.6811 344.8315 14.11211550285776
1 31987U 99025CPQ 18211.45197524 +.00000274 +00000-0 +12082-3 0  9992
2 31987 099.0960 032.1272 0066582 098.3416 292.1839 14.30391443577867
1 31988U 99025CPR 18210.65568608  .00000345  00000-0  23485-3 0  9997
2 31988  98.1431 147.1488 0076281 108.1065 252.8431 14.04100544567708
1 31989U 99025CPS 18212.23811610  .00000122  00000-0  12909-3 0  9990
2 31989  99.4634 210.7246 0120553 344.2812  78.0625 13.90130081563995
1 31990U 99025CPT 18212.25791935  .00000061  00000-0  11670-3 0  9997
2 31990  99.2316 353.5764 0262271 202.8541 277.9921 13.56033323552591
1 31991U 99025CPU 18211.11530675 -.00000019  00000-0  35206-4 0  9990
2 31991 100.4483 178.5792 0245388 210.8851 147.7656 13.60532217551174
1 31992U 99025CPV 18207.91071081 +.00000199 +00000-0 +26004-3 0  9998
2 31992 099.1852 096.1950 0553854 057.7068 307.6471 13.19861730534901
1 31993U 99025CPW 18211.47657810  .00001242  00000-0  18219-2 0  9993
2 31993  99.2347  89.5540 0456451 154.0526 208.4270 13.20651379533494
1 31994U 99025CPX 18211.16153615  .00000011  00000-0  33758-4 0  9994
2 31994  98.6498 339.4428 0164310  49.7380 311.8020 13.94754021570295
1 31995U 99025CPY 18208.67702483 +.00000488 +00000-0 +41078-3 0  9991
2 31995 098.4103 164.7460 0144621 171.9847 188.3672 13.87296854255490
1 31996U 99025CPZ 18211.42831631 -.00000256  00000-0 -25742-3 0  9992
2 31996  99.2840 288.9903 0327063  81.7476 282.0605 13.47533982545366
1 31997U 99025CQA 18211.85373945 +.00000450 +00000-0 +58066-3 0  9998
2 31997 102.5224 227.8640 0311583 171.7164 188.9275 13.51679666252418
1 31998U 99025CQB 18211.11294289  .00015082  00000-0  77783-3 0  9995
2 31998 105.5008 180.9161 0033742 130.5573 229.8571 15.16184302594687
1 32005U 04021H   18211.10089883  .00000612  00000-0  56351-3 0  9999
2 32005  71.0960  15.7955 0213976 280.6516  77.0555 13.76755703703703
1 32006U 04021J   18210.88219774 +.00000383 +00000-0 +35411-3 0  9997
2 32006 071.0990 293.3187 0186796 177.4709 182.7389 13.80804702258123
1 32033U 06006L   18205.17568391 -.00000109 +00000-0 -53585-4 0  9991
2 32033 051.6695 086.4493 5107569 275.7897 030.6769 05.25227186217499
1 32036U 06006P   18206.15143347 -.00000104 +00000-0 -27679-4 0  9993
2 32036 051.6905 068.5277 5118847 287.2387 024.5679 05.25598531218544
1 32037U 06006Q   18212.29230110  .00001015  00000-0  40962-3 0  9990
2 32037  51.5899 167.0276 4958056 123.1824 294.3743  5.61009815228381
1 32040U 06006T   18212.18396144  .00000326  00000-0  18902-3 0  9995
2 32040  51.6171 282.7014 5007853  39.1058 348.1636  5.50055296224152
1 32041U 06006U   18052.27072839 +.00001336 +00000-0 +31895-3 0  9998
2 32041 051.7855 349.7431 4506221 235.2563 292.4674 06.41498818231009
1 32044U 06006X   18026.18931859 -.00002437 +00000-0 -10732+0 0  9996
2 32044 051.0968 047.3787 4955821 164.3053 219.5754 04.79906258190997
1 32065U 99057QD  18211.97159259  .00002105  00000-0  28613-3 0  9997
2 32065  98.2906 215.9301 0006943 166.4081 193.7318 14.79924739590158
1 32066U 99057QE  18211.80318465  .00001219  00000-0  23231-3 0  9992
2 32066  98.3474 203.3909 0005634 244.0385 237.7902 14.65861154582987
1 32067U 99057QF  14154.12860017 +.00000137 +00000-0 +53917-4 0  9998
2 32067 098.1628 113.6504 0034846 358.7697 063.5312 14.42165538361474
1 32068U 99057QG  10297.19027138 +.00000643 +00000-0 +23502-3 0  9997
2 32068 098.1708 284.4884 0009118 032.0755 322.3860 14.36048704175456
1 32069U 99057QH  14086.12963755 +.00025109 +00000-0 +63848-2 0  9995
2 32069 098.2873 054.1104 0014579 052.0247 294.9089 14.50578187349441
1 32070U 99057QJ  12352.10236154 +.00012245 +00000-0 +32892-2 0  9997
2 32070 098.2113 319.3565 0008616 093.5074 266.0816 14.48184702291492
1 32071U 99057QK  18211.86471430  .00002446  00000-0  27636-3 0  9992
2 32071  98.2663 242.7649 0003057 104.0471 256.1084 14.87499569590401
1 32072U 99057QL  18211.14541425 +.00000995 +00000-0 +20919-3 0  9990
2 32072 098.3641 193.3702 0007959 330.3379 029.7369 14.61794622243434
1 32075U 99057QP  18211.98803654  .00005745  00000-0  40138-3 0  9993
2 32075  98.2158 278.8843 0003052 134.0178 226.1299 15.05759375589219
1 32077U 99057QR  12105.17251714 +.00003811 +00000-0 +12084-2 0  9996
2 32077 098.2285 079.8109 0004590 154.4270 205.7483 14.40577270247706
1 32079U 99057QT  18211.09006111  .00000108  00000-0  49672-4 0  9993
2 32079  98.5193 156.9275 0005666 187.9411 230.5058 14.38707948583670
1 32080U 99057QU  18211.93507283 +.00008415 +00000-0 +48389-3 0  9996
2 32080 098.2326 274.5942 0006967 038.8397 321.3332 15.12742492263964
1 32081U 99057QV  18211.80649454  .00003124  00000-0  37977-3 0  9993
2 32081  98.2389 200.6605 0014843 162.9472 197.2243 14.84182849588351
1 32082U 99057QW  18210.97963799  .00004734  00000-0  39822-3 0  9991
2 32082  98.2467 272.2215 0008304 138.4691 221.7163 14.98765333590400
1 32084U 99057QY  18211.23362649  .00001326  00000-0  23610-3 0  9992
2 32084  98.3335 206.9678 0001489 313.7117 102.7370 14.68775363603361
1 32085U 99057QZ  18211.86154416 +.00001924 +00000-0 +27595-3 0  9993
2 32085 098.2938 236.1597 0001991 216.2823 143.8252 14.77735503587991
1 32086U 99025CQC 18212.17949291  .00000878  00000-0  89731-3 0  9994
2 32086  99.2746 357.0372 0326758 212.1628 145.9206 13.58132499546049
1 32087U 99025CQD 18208.47729783 +.00001835 +00000-0 +25991-3 0  9997
2 32087 098.6206 293.9944 0103825 020.7483 339.7892 14.74823356581329
1 32088U 99025CQE 18211.36940383 +.00000211 +00000-0 +42727-3 0  9994
2 32088 102.3922 273.3000 0441150 297.4837 058.2079 13.17421571243284
1 32089U 99025CQF 18210.92800666  .00000191  00000-0  12766-3 0  9992
2 32089  98.8631 254.3603 0121113 191.0149 168.8365 14.08614018566610
1 32090U 99025CQG 18211.07385508 +.00000646 +00000-0 +31363-3 0  9993
2 32090 098.9916 303.6439 0070963 106.1406 017.2802 14.20543836245758
1 32092U 99025CQJ 18211.35407299 +.00000596 +00000-0 +32808-3 0  9997
2 32092 098.9346 266.1958 0035565 250.0697 109.6643 14.15230878328086
1 32093U 99025CQK 18211.52070354 +.00000145 +00000-0 +69367-4 0  9996
2 32093 098.7522 320.9747 0085955 319.1906 040.2860 14.31294356579587
1 32094U 99025CQL 18211.04979229  .00000064  00000-0  63649-4 0  9990
2 32094  98.8434 245.4215 0035510 311.9151  77.5261 14.07538121567237
1 32095U 99025CQM 18211.33509083  .00000064  00000-0  56284-4 0  9997
2 32095  98.9116 240.3361 0080809 201.2946 158.4857 14.13347177568895
1 32096U 99025CQN 18207.07838124 +.00000278 +00000-0 +26735-3 0  9999
2 32096 099.3009 248.2180 0142173 176.3009 183.9231 13.84121659555609
1 32097U 99025CQP 18210.33002194 +.00000735 +00000-0 +84828-4 0  9999
2 32097 099.1069 346.5921 0131631 060.4605 300.9653 14.83596691587573
1 32098U 99025CQQ 18211.90524435 +.00000056 +00000-0 +42705-4 0  9995
2 32098 098.7217 245.7559 0204644 304.3404 053.8556 14.15993718261024
1 32099U 99025CQR 18211.50867164  .00000317  00000-0  19326-3 0  9993
2 32099  98.3094  96.6507 0377593 126.5673 356.5631 13.81119821564307
1 32101U 99025CQT 18211.94780721 +.00000419 +00000-0 +34897-3 0  9991
2 32101 099.1159 122.9800 0145399 009.5127 350.8732 13.89245520557093
1 32102U 99025CQU 18211.84038444 +.00004818 +00000-0 +64535-3 0  9998
2 32102 099.3337 173.6384 0118027 110.9944 281.0372 14.75242963550931
1 32103U 99025CQV 18211.51420319  .00001707  00000-0  30887-3 0  9996
2 32103  96.7147  92.1493 0080220  85.9901  32.7154 14.65207932593353
1 32104U 99025CQW 18154.54760318  .00000457  00000-0  34170-3 0  9992
2 32104  97.6751  70.6951 0332453 313.7835  43.6249 13.75360201546679
1 32105U 99025CQX 18205.39375874 +.00000728 +00000-0 +10151-2 0  9995
2 32105 103.4540 042.4637 0434191 226.3684 130.0639 13.29964343532791
1 32106U 99025CQY 18211.03397238 +.00000835 +00000-0 +56454-3 0  9998
2 32106 101.4753 151.6517 0156691 081.9565 279.9335 13.98524389315473
1 32107U 99025CQZ 13256.87214244 -.00000103 +00000-0 -36943-4 0  9992
2 32107 099.1239 260.9498 0058809 322.1102 155.7579 14.02276659313566
1 32109U 99025CRB 18210.52299920 +.00000091 +00000-0 +44713-4 0  9993
2 32109 098.5564 122.7341 0223576 324.2225 034.4150 14.27151213576135
1 32110U 99025CRC 18211.03850775 +.00000390 +00000-0 +22862-3 0  9995
2 32110 099.5095 146.8776 0039757 344.8075 073.0036 14.14326122262260
1 32111U 99025CRD 18211.28452753 +.00000074 +00000-0 +43871-4 0  9990
2 32111 098.6057 241.5380 0124454 212.3932 210.5553 14.28461976575703
1 32112U 99025CRE 18184.24840862  .00001611  00000-0  16420-3 0  9995
2 32112  98.6395 353.1000 0124989 312.1029  46.9610 14.86823493583925
1 32113U 99025CRF 18210.33459646 +.00000142 +00000-0 +12190-3 0  9990
2 32113 099.3083 242.3637 0250729 321.9841 036.3849 13.88787355557896
1 32114U 99025CRG 18211.10368640  .00000385  00000-0  12976-3 0  9991
2 32114  99.9345 170.5935 0081089 255.6857 103.5314 14.42411692580055
1 32115U 99025CRH 18210.31894245 +.00000686 +00000-0 +34498-3 0  9996
2 32115 098.9747 245.1466 0025065 134.8928 225.4288 14.19680072567938
1 32116U 99025CRJ 17313.05721004  .00016136  00000-0  73315-3 0  9991
2 32116  99.5316  37.3841 0147146 269.8254 118.6208 15.11653097562213
1 32117U 99025CRK 18211.62497821 +.00000334 +00000-0 +19781-3 0  9990
2 32117 098.8547 268.6629 0028102 236.2960 123.5533 14.14201753566723
1 32118U 99025CRL 18211.43629897  .00001842  00000-0  41856-3 0  9993
2 32118 102.4122 287.0825 0035499 263.6759 161.2269 14.57839094590550
1 32119U 99025CRM 18211.17603400  .00000102  00000-0  10553-3 0  9995
2 32119  99.8901 188.8217 0095220  62.7610 298.3212 13.96856832560884
1 32120U 99025CRN 18029.70825608  .00004530  00000-0  36422-3 0  9991
2 32120  98.8795   5.9908 0057970 271.8365  87.6216 14.99332411562917
1 32123U 99025CRR 18211.08761956 +.00000076 +00000-0 +26661-4 0  9999
2 32123 098.8852 157.4777 0177328 194.6147 228.5711 14.54438927321875
1 32124U 99025CRS 18211.25091325 +.00005411 +00000-0 +25010-3 0  9999
2 32124 099.0201 020.3358 0077765 132.2296 228.5567 15.18050941274926
1 32125U 99025CRT 18210.62092474 +.00000542 +00000-0 +15197-3 0  9991
2 32125 099.0914 002.0730 0293860 308.7618 048.7635 14.28515899580334
1 32126U 99025CRU 18202.36495261 +.00000268 +00000-0 +36442-3 0  9996
2 32126 099.1074 253.6596 0289769 298.9786 058.2588 13.51694992251757
1 32127U 99025CRV 18211.46579331 +.00000225 +00000-0 +30919-3 0  9995
2 32127 099.2798 305.3982 0300496 354.2848 005.4888 13.51252995239916
1 32128U 99025CRW 18211.28889257  .00000092  00000-0  61831-4 0  9997
2 32128  99.3663 242.7039 0417875 314.5109  42.2596 13.88013215567015
1 32129U 99025CRX 18210.63439228 +.00000180 +00000-0 +13075-3 0  9999
2 32129 099.1378 258.4198 0095984 047.7337 103.9353 14.06355465562207
1 32130U 99025CRY 18211.50316673  .00000144  00000-0  69239-4 0  9990
2 32130  98.6871 309.2506 0090349 315.0158  44.3730 14.30816935576877
1 32132U 99025CSA 18211.90426317 +.00000374 +00000-0 +15605-3 0  9995
2 32132 098.6725 264.0461 0103794 329.3964 030.1188 14.29065232322072
1 32133U 99025CSB 18211.64070207 +.00000043 +00000-0 +43266-4 0  9998
2 32133 098.7197 279.8360 0035290 291.5279 068.2135 14.16258027568554
1 32134U 99025CSC 18210.33444650 +.00000064 +00000-0 +40400-4 0  9991
2 32134 098.8043 248.3676 0286628 063.2036 353.5070 14.12934738573117
1 32136U 99025CSE 18212.35608020  .00000187  00000-0  85128-4 0  9992
2 32136  98.5042 269.8677 0072459 255.8409 103.4715 14.31165556582519
1 32137U 99025CSF 18211.91337086 +.00000174 +00000-0 +37479-4 0  9997
2 32137 098.5974 259.8321 0288133 043.3448 319.0020 14.48483698275645
1 32138U 99025CSG 17328.02892280  .00002378  00000-0  11290-2 0  9999
2 32138  98.8910  46.5619 0021916 165.9358 205.6892 14.20343251538879
1 32139U 99025CSH 18210.35442018 +.00000258 +00000-0 +89144-4 0  9997
2 32139 098.6550 266.3740 0221695 086.8281 275.8240 14.31117983574832
1 32141U 99025CSK 18211.36709160 +.00000560 +00000-0 +40453-3 0  9991
2 32141 098.9744 265.6158 0068998 140.3617 220.2620 13.99595788572517
1 32142U 99025CSL 16253.87263610  .00003022  00000-0  11822-2 0  9990
2 32142  99.0124 279.1116 0075396 262.6605  96.6635 14.28005444689216
1 32143U 99025CSM 18210.91663726 +.00000025 +00000-0 +32913-4 0  9999
2 32143 098.6499 253.7710 0105373 299.0129 060.0518 14.15985593578107
1 32146U 99025CSQ 18211.38889499 +.00000456 +00000-0 +21164-3 0  9994
2 32146 098.8888 286.5041 0122983 006.6911 353.5873 14.21691902565916
1 32147U 99025CSR 14154.14073593 +.00004504 +00000-0 +31775-3 0  9998
2 32147 099.0229 121.7910 0178546 201.9667 157.3886 14.93615858373385
1 32148U 99025CSS 18210.57675926 +.00000241 +00000-0 +32168-4 0  9993
2 32148 099.0773 339.0027 0164523 334.0035 025.2977 14.82576503593008
1 32150U 99025CSU 18211.99727467  .00000080  00000-0  27784-4 0  9990
2 32150  99.1376 291.4290 0184332 266.6340  91.3754 14.54932290586404
1 32151U 99025CSV 18212.17024571  .00002283  00000-0  31540-3 0  9999
2 32151  98.9942 185.3550 0045031 300.1269 116.8869 14.78643001587267
1 32152U 99025CSW 18211.04432194  .00000730  00000-0  26506-3 0  9990
2 32152  98.6551 298.9937 0076136 301.4962  57.8799 14.34695590586464
1 32153U 99025CSX 18211.07573351 -.00000009  00000-0  10439-4 0  9994
2 32153  98.5552 317.2168 0224919  26.5270 334.7226 14.42788988583515
1 32154U 99025CSY 18206.33727641 +.00004895 +00000-0 +36984-3 0  9999
2 32154 099.0255 263.5654 0050354 223.8240 135.8980 15.01977050585935
1 32155U 99025CSZ 18208.65755237 +.00000107 +00000-0 +61189-4 0  9997
2 32155 099.0738 009.5337 0077332 120.9502 239.9307 14.27089059317416
1 32156U 99025CTA 18211.11418245 +.00000072 +00000-0 +47984-4 0  9996
2 32156 099.3009 160.6209 0086632 217.6597 141.8497 14.27296619263771
1 32157U 99025CTB 18211.64282284 +.00000459 +00000-0 +68992-4 0  9998
2 32157 099.0142 282.6135 0150884 081.9560 279.8733 14.73048770588121
1 32158U 99025CTC 18212.53689150  .00001146  00000-0  33162-3 0  9995
2 32158  99.1180 128.7640 0047241   5.5808 354.5898 14.46009539580210
1 32160U 99025CTE 18211.03035946  .00000116  00000-0  59426-4 0  9998
2 32160  98.6883 306.8186 0091282 341.4136  18.3719 14.30103299577822
1 32161U 99025CTF 18211.36791349 -.00000165  00000-0 -77284-4 0  9999
2 32161  98.5941  52.6219 0146860 234.0765 124.6699 13.99397160576786
1 32162U 99025CTG 18211.37516479  .00000387  00000-0  14137-3 0  9991
2 32162  99.4535 280.6123 0071457 129.7077 231.0436 14.37917038575403
1 32163U 99025CTH 18209.96913452 +.00000295 +00000-0 +13007-3 0  9999
2 32163 099.5227 269.4122 0061752 212.2561 147.4836 14.30635868573144
1 32164U 99025CTJ 15072.08990585 +.00002255 +00000-0 +55693-3 0  9995
2 32164 099.3273 029.7416 0124038 216.0851 143.1921 14.48733747405009
1 32165U 99025CTK 18210.99519856 +.00000332 +00000-0 +26158-3 0  9999
2 32165 098.6132 284.8976 0156996 062.8129 298.8937 13.92270630255760
1 32166U 99025CTL 18212.52870325  .00000506  00000-0  50396-4 0  9997
2 32166  98.1974 329.7831 0156985  19.1484 341.5542 14.87926180594156
1 32167U 99025CTM 18211.32016597  .00000009  00000-0  19333-4 0  9992
2 32167  98.5930 243.5295 0175397  42.1744 319.2778 14.26098161576091
1 32168U 99025CTN 18207.90638707 +.00001327 +00000-0 +11754-2 0  9996
2 32168 101.6621 008.7684 0293729 239.8576 117.3156 13.69650856264470
1 32169U 99025CTP 18211.34778731 +.00000854 +00000-0 +42218-3 0  9996
2 32169 098.5564 058.8506 0079161 100.8235 260.1863 14.18243931581786
1 32170U 99025CTQ 18212.44096092  .00003042  00000-0  29686-3 0  9999
2 32170  99.0878 284.1723 0055859 227.8437 131.8026 14.92244821590325
1 32171U 99025CTR 18210.59802380 -.00000184 +00000-0 -11825-3 0  9991
2 32171 102.8189 123.8673 0542904 323.6426 155.1322 13.26757009247805
1 32172U 99025CTS 18211.99972907  .00000411  00000-0  69047-4 0  9991
2 32172  99.0494 289.3493 0152438 118.5858 243.0780 14.68764458591168
1 32173U 99025CTT 18211.84916730 +.00000611 +00000-0 +29072-3 0  9993
2 32173 099.6197 213.3464 0071679 227.5880 131.9217 14.22266954261042
1 32174U 99025CTU 18210.45133350 -.00000017 +00000-0 +12189-4 0  9992
2 32174 098.8250 292.0639 0159565 030.4855 330.5477 14.14755901568395
1 32175U 99025CTV 18212.51373110 -.00000034  00000-0  45058-5 0  9993
2 32175  98.8576 318.4518 0172784  54.6135 307.1025 13.81345541554980
1 32176U 99025CTW 18211.90050460 +.00000427 +00000-0 +14832-3 0  9995
2 32176 099.4171 258.6822 0064908 080.1048 280.7456 14.40058860224920
1 32177U 99025CTX 18211.75713521  .00000338  00000-0  13428-3 0  9994
2 32177  99.0747  46.5177 0074987  54.5765 306.2390 14.33914740578420
1 32178U 99025CTY 18211.00109685  .00000291  00000-0  17825-3 0  9996
2 32178 100.2713 125.5318 0110772  70.0861 291.2200 14.12151178567973
1 32179U 99025CTZ 18211.99372428  .00000225  00000-0  16070-3 0  9990
2 32179  99.2401 228.3635 0148087  81.5278 312.2007 14.02090586564901
1 32180U 99025CUA 18211.37124788 +.00000021 +00000-0 +56643-4 0  9993
2 32180 099.4745 164.4099 0138337 091.3240 058.8807 13.81699253570815
1 32181U 99025CUB 18212.52985275  .00000194  00000-0  73937-4 0  9994
2 32181  99.4739 325.0475 0094910  44.5583  13.9205 14.40867964579310
1 32182U 99025CUC 18208.26749078 +.00000992 +00000-0 +47781-3 0  9993
2 32182 098.2056 231.2713 0121926 296.0745 062.7923 14.16988913580700
1 32183U 99025CUD 18208.97746727 +.00000175 +00000-0 +13406-3 0  9990
2 32183 098.9685 282.5958 0045540 060.0595 300.5083 14.05221057348793
1 32184U 99025CUE 18210.43384048 +.00000349 +00000-0 +45965-4 0  9998
2 32184 098.2481 276.8980 0264305 029.8136 331.7831 14.65506866585923
1 32185U 99025CUF 18211.57436551 +.00000526 +00000-0 +11463-3 0  9994
2 32185 098.7344 334.3849 0481807 324.0565 032.9064 14.09068229565745
1 32186U 99025CUG 18212.16517569 -.00000093  00000-0 -37657-4 0  9995
2 32186  99.6578 188.5487 0284301 324.6807  94.6185 13.71851616552649
1 32187U 99025CUH 18212.44175353  .00000055  00000-0  11523-3 0  9997
2 32187  99.3261  28.7055 0297822  41.5834 349.1122 13.48792715544759
1 32188U 99025CUJ 18176.50398502  .00002222  00000-0  82498-3 0  9994
2 32188  99.0488 271.1769 0070082 138.9811 224.3761 14.31863522565290
1 32189U 99025CUK 18211.29288630  .00000914  00000-0  44947-3 0  9994
2 32189  99.0242 242.6305 0034941 213.9358 145.9582 14.19905938567893
1 32190U 99025CUL 18211.41650559  .00001113  00000-0  29736-3 0  9994
2 32190  98.9726  69.1789 0058622 238.0713 121.4769 14.49574040578676
1 32191U 99025CUM 18212.30909322  .00000417  00000-0  23667-3 0  9992
2 32191  98.9451 255.2438 0107608 305.3242  53.7906 14.12568489567550
1 32192U 99025CUN 18211.58426421  .00000123  00000-0  13677-3 0  9990
2 32192  98.6633 266.6007 0184627 247.1819 110.9743 13.80532681556188
1 32193U 99025CUP 18210.23104489 +.00000906 +00000-0 +44268-3 0  9998
2 32193 098.4805 351.9117 0101950 003.3408 356.8427 14.17620150566655
1 32194U 99025CUQ 18212.04792992  .00000588  00000-0  15961-3 0  9996
2 32194  99.0982 156.6785 0077466 172.3693 187.8697 14.50072796579702
1 32195U 99025CUR 18185.89655939 +.00000005 +00000-0 +30435-4 0  9996
2 32195 098.9571 218.4067 0071817 358.0719 002.0161 14.04421951561616
1 32197U 99025CUT 18212.22153160  .00000013  00000-0  21535-4 0  9995
2 32197  98.9974 356.2496 0175093 109.9536  12.4351 14.27276862573278
1 32198U 99025CUU 18176.78235619 +.00000436 +00000-0 +32797-3 0  9996
2 32198 098.3278 165.2719 0105200 056.6605 304.4577 13.96335580563747
1 32199U 99025CUV 18212.12842402  .00001470  00000-0  31266-3 0  9999
2 32199  99.1618 174.0906 0118390 318.7698  40.4600 14.56613241578075
1 32200U 99025CUW 18212.06350802  .00000191  00000-0  13945-3 0  9996
2 32200  99.0352 249.9427 0042877 310.5171  49.2266 14.07354957565639
1 32201U 99025CUX 18211.28703778  .00000447  00000-0  27885-3 0  9996
2 32201  99.1970 230.3832 0147268 126.0333 235.4584 14.04662933582635
1 32202U 99025CUY 18211.39441561  .00001321  00000-0  60434-3 0  9997
2 32202  98.3815 279.1125 0125122 115.2944 246.1257 14.18879094564307
1 32203U 99025CUZ 18211.83376161 +.00001313 +00000-0 +70361-4 0  9992
2 32203 097.0448 351.2639 0355454 174.9689 185.5255 14.75606931350037
1 32204U 99025CVA 18211.82913690 +.00002974 +00000-0 +83597-3 0  9994
2 32204 099.3393 080.1365 0128242 016.2230 344.3004 14.42061439317109
1 32205U 99025CVB 18210.92790806  .00000005  00000-0  26568-4 0  9996
2 32205  98.8711 239.1384 0011617  32.0583  86.9851 14.12389928568761
1 32207U 99025CVD 18212.53619479  .00000068  00000-0  42628-4 0  9997
2 32207  99.8349 113.1758 0091478 250.4859 234.8855 14.34350737577276
1 32208U 99025CVE 18211.89945591  .00001780  00000-0  34451-3 0  9999
2 32208  98.9536  88.8580 0033244 136.4362 223.9472 14.64428801580162
1 32209U 99025CVF 18209.70169454 +.00000807 +00000-0 +10835-2 0  9991
2 32209 099.4356 301.9928 0349945 226.4044 130.7552 13.40378870539193
1 32210U 99025CVG 18211.29136461  .00000219  00000-0  16575-3 0  9997
2 32210  99.1123 245.2042 0079205 117.8745 243.0472 14.02798238562470
1 32211U 99025CVH 18142.41698010  .00000505  00000-0  39878-3 0  9997
2 32211  98.6009 203.9363 0134363   9.3836  47.7302 13.91623935546266
1 32212U 99025CVJ 18211.82062736  .00000220  00000-0  89840-4 0  9999
2 32212  99.5818 331.4280 0152053 249.0705 266.4184 14.32812602575070
1 32213U 99025CVK 14237.28036838 +.00000396 +00000-0 +27232-3 0  9998
2 32213 099.2220 248.1361 0183412 027.9138 333.1397 13.97395130361001
1 32214U 99025CVL 18211.52604433 +.00000666 +00000-0 +65095-3 0  9993
2 32214 099.0284 330.0193 0228644 355.1056 064.9798 13.71653367253719
1 32216U 99025CVN 18211.38153018  .00000837  00000-0  31630-3 0  9995
2 32216  99.5491 262.0865 0053235 225.1357 134.5495 14.33582505572321
1 32217U 99025CVP 18211.79057472  .00000619  00000-0  23525-3 0  9990
2 32217  99.1370  69.3186 0051871  60.8113 299.8245 14.34051123572647
1 32218U 99025CVQ 18212.05823007  .00000193  00000-0  76418-4 0  9993
2 32218  98.6345 310.6512 0084982 183.1608 303.1943 14.37672004575957
1 32219U 99025CVR 10291.26267109 +.00000828 +00000-0 +38835-3 0  9996
2 32219 098.8394 293.4115 0086757 273.6268 090.0703 14.20944452167235
1 32220U 99025CVS 14321.03979087 +.00001588 +00000-0 +10801-2 0  9992
2 32220 099.2673 257.6674 0228324 031.3800 330.0753 13.89663064369825
1 32221U 99025CVT 18211.05326644 +.00000063 +00000-0 +24332-4 0  9995
2 32221 098.3749 306.4648 0164769 120.6922 241.0626 14.51285388580928
1 32222U 99025CVU 18211.60639258 +.00000498 +00000-0 +23427-3 0  9990
2 32222 099.1246 346.6962 0103592 104.7482 256.5201 14.21778535260558
1 32223U 99025CVV 18212.41684294  .00000255  00000-0  17272-3 0  9993
2 32223  99.0080 269.8836 0056010   5.4279  50.9823 14.08411799563916
1 32224U 99025CVW 18212.46203605  .00000050  00000-0  36984-4 0  9997
2 32224  99.0878  34.3178 0080478 335.9678  23.7755 14.29906449573776
1 32225U 99025CVX 18211.11426680  .00000052  00000-0  52965-4 0  9998
2 32225  99.0529 169.2956 0073211 196.2213 163.6613 14.11021117566086
1 32226U 99025CVY 18211.46059522 +.00006055 +00000-0 +63929-3 0  9994
2 32226 099.4736 035.0556 0030961 141.0093 219.3359 14.89404372588001
1 32227U 99025CVZ 18211.35325112 +.00000444 +00000-0 +62962-4 0  9997
2 32227 099.4852 170.7063 0143282 215.1689 303.8925 14.77207034594004
1 32228U 99025CWA 18212.37056044  .00000530  00000-0  15420-3 0  9998
2 32228  98.6382 276.1199 0094344  70.2838 290.8500 14.45939849582399
1 32230U 99025CWC 18212.41728274  .00000490  00000-0  23643-3 0  9998
2 32230  98.8886 282.0544 0088784   7.9466  49.7052 14.21226760572676
1 32232U 99025CWE 18208.71492899 +.00002202 +00000-0 +50653-3 0  9993
2 32232 097.0688 186.2699 0119443 184.1937 175.8273 14.51883313577557
1 32233U 99025CWF 18211.91697289 +.00000224 +00000-0 +13078-3 0  9992
2 32233 097.6642 263.3753 0261448 355.1991 004.6676 14.00072310564187
1 32234U 99025CWG 18212.54747464  .00000354  00000-0  31056-3 0  9994
2 32234  98.5402 242.4238 0147188 171.2401 189.1378 13.86451607560126
1 32235U 99025CWH 18212.27173905  .00000853  00000-0  14673-3 0  9998
2 32235  99.0637 235.2914 0113852 237.1646 184.1120 14.67725919603980
1 32238U 99025CWL 18211.75728242  .00000531  00000-0  39550-4 0  9998
2 32238  98.8935 321.7737 0143241 358.3324   1.7400 15.01007502600611
1 32241U 99025CWP 18212.08999271  .00000370  00000-0  19687-3 0  9990
2 32241  98.9695 157.9604 0179156 299.9436  58.4051 14.11719882570381
1 32242U 99025CWQ 18210.19444852 +.00000188 +00000-0 +19431-3 0  9995
2 32242 097.2742 341.9135 0170866 310.8703 047.7753 13.78214012556583
1 32243U 99025CWR 18211.68821849  .00000510  00000-0  30811-3 0  9990
2 32243  98.3182 117.3330 0323678  65.4460 298.0073 13.86930926561681
1 32245U 99025CWT 18210.46709256 +.00000234 +00000-0 +68858-4 0  9990
2 32245 098.5030 305.7456 0154272 293.0150 065.4834 14.46776585582642
1 32303U 99025CWU 18212.18921974  .00001394  00000-0  89274-3 0  9991
2 32303  97.8421 332.2625 0126998 168.7511 191.6544 14.00766742548555
1 32304U 99025CWV 18137.23148543  .00000369  00000-0  14659-3 0  9993
2 32304  99.4362 154.2075 0063569 344.4598  15.4631 14.34330668565078
1 32305U 99025CWW 18210.28540335 +.00001113 +00000-0 +67484-3 0  9998
2 32305 098.0010 025.3249 0217118 230.0659 128.1252 13.97072539546634
1 32308U 99025CWZ 18208.66635415 +.00000398 +00000-0 +30894-3 0  9993
2 32308 097.7760 279.7493 0122163 168.7822 191.6111 13.93568194277841
1 32311U 99025CXC 18211.76141541 +.00000248 +00000-0 +43646-3 0  9997
2 32311 101.7511 054.5387 0427825 289.0934 066.4325 13.24463680244219
1 32312U 99025CXD 18178.59522054 +.00000568 +00000-0 +46170-3 0  9993
2 32312 098.7648 309.2774 0136812 254.0450 166.6643 13.89668919568795
1 32313U 99025CXE 18212.36294781  .00000729  00000-0  52818-3 0  9996
2 32313  99.1916 263.4203 0145721 257.2096 101.2747 13.94867578559627
1 32314U 99025CXF 18211.85235050 +.00000294 +00000-0 +64057-4 0  9990
2 32314 098.8864 092.7968 0224918 088.8227 273.8723 14.51558268582046
1 32315U 99025CXG 18205.23492602 +.00000012 +00000-0 +69328-4 0  9998
2 32315 100.8236 004.8516 0229961 250.6567 106.9580 13.65351057556887
1 32316U 99025CXH 18211.65783021 +.00000648 +00000-0 +25485-3 0  9990
2 32316 099.5235 274.4128 0047065 198.6511 315.2215 14.32569962571055
1 32317U 99025CXJ 18182.22612130  .00001086  00000-0  40994-3 0  9992
2 32317  97.9800 173.9496 0148856 246.9407 111.6022 14.27222757565619
1 32318U 99025CXK 18211.46947355 +.00014094 +00000-0 +72207-3 0  9997
2 32318 097.3237 104.1879 0017375 344.1439 015.9248 15.16559708228672
1 32319U 99025CXL 18211.19866878 +.00000739 +00000-0 +87408-4 0  9999
2 32319 099.1441 003.6341 0123900 049.2607 311.9281 14.83277868272592
1 32320U 99025CXM 18206.56481966 +.00000330 +00000-0 +16557-3 0  9990
2 32320 100.3752 249.5206 0065284 293.9777 065.4570 14.24048426575185
1 32322U 99025CXP 18211.16210307 -.00000002 +00000-0 +37855-4 0  9995
2 32322 098.3535 189.3618 0432936 021.6596 340.2241 13.30134445245509
1 32323U 99025CXQ 18211.13725150  .00000556  00000-0  50189-3 0  9997
2 32323  98.5625 188.3045 0184312   1.7796 358.3976 13.80273025555353
1 32324U 99025CXR 18211.52194024 +.00000156 +00000-0 +12541-3 0  9997
2 32324 099.5300 121.7874 0051774 204.2554 155.6173 14.05258911261551
1 32325U 99025CXS 18209.24275127 +.00000750 +00000-0 +25019-3 0  9992
2 32325 098.9802 011.7415 0070286 087.6373 273.2858 14.39225478578133
1 32326U 99025CXT 18210.87127133  .00000177  00000-0  15087-3 0  9994
2 32326  98.4553  77.9285 0399505  98.6532 266.0076 13.64615673549797
1 32329U 99025CXW 18195.63196381 +.00000526 +00000-0 +27486-3 0  9998
2 32329 099.9561 345.3832 0054329 256.8321 102.6785 14.18854555574391
1 32330U 99025CXX 18212.37600640  .00000731  00000-0  48391-3 0  9995
2 32330  98.0491  67.6388 0185623 176.1733 184.0903 13.96017977575928
1 32331U 99025CXY 18207.85777391 +.00001001 +00000-0 +50536-3 0  9996
2 32331 099.2047 349.4887 0040629 328.2922 031.5805 14.18257118567667
1 32332U 99025CXZ 18205.32778455 +.00000063 +00000-0 +61889-4 0  9990
2 32332 099.3513 239.4741 0317206 037.9436 324.3617 13.86493820556675
1 32333U 99025CYA 18211.06719699  .00001032  00000-0  75257-3 0  9994
2 32333  97.8815 316.7156 0126180 249.7275 109.0289 13.94227201560132
1 32334U 99025CYB 18212.10890023 -.00000018  00000-0  18762-4 0  9995
2 32334  99.2666 181.0094 0069917  81.4090 279.4986 13.98528067562896
1 32336U 99025CYD 11116.43215084 +.00002109 +00000-0 +67324-3 0  9996
2 32336 098.9945 205.8822 0139046 032.0357 328.7671 14.35469826202863
1 32337U 99025CYE 18185.00647323  .00001263  00000-0  15259-2 0  9997
2 32337  99.2963 268.5483 0329014 153.7155 211.3832 13.47619296536372
1 32338U 99025CYF 18185.10441933 +.00000329 +00000-0 +13535-3 0  9996
2 32338 098.8346 302.2120 0071580 034.0162 326.5579 14.32163386260907
1 32339U 99025CYG 18211.33825468 +.00000402 +00000-0 +18339-3 0  9990
2 32339 098.8025 256.7509 0049491 044.2156 316.2962 14.26462747261817
1 32340U 99025CYH 18211.43563778  .00000530  00000-0  19197-3 0  9991
2 32340  99.0308  30.5860 0066281  23.5338 336.8855 14.36580557583280
1 32342U 99025CYK 18211.27963229 -.00000044 +00000-0 +41251-6 0  9990
2 32342 098.9036 238.8377 0008776 077.5337 343.5582 14.12489760557019
1 32343U 99025CYL 18210.91087702 +.00000065 +00000-0 +49377-4 0  9991
2 32343 098.6942 248.2411 0158569 316.2051 042.6637 14.15889649265780
1 32344U 99025CYM 18212.01206493  .00000119  00000-0  17290-4 0  9994
2 32344 100.2831 296.9735 0123422 353.5945   6.3684 14.97219374605164
1 32345U 99025CYN 11269.62775281 +.00012723 +00000-0 +35452-2 0  9995
2 32345 098.4148 204.8029 0254989 039.5651 322.3942 14.29038528223053
1 32346U 99025CYP 18178.36525238  .00000534  00000-0  44592-3 0  9991
2 32346  97.8311 228.5222 0161503 117.0837 244.6904 13.85783652551913
1 32350U 99025CYT 18212.35799498  .00000180  00000-0  44625-4 0  9990
2 32350  98.5929 261.8046 0322481 117.1603 246.2849 14.36370112587860
