1 34246U 06006BM  18235.70764155  .00002538  00000-0  22579-2 0  9990
2 34246  51.5505  93.7253 4593948 186.0071 165.7614  6.10771892219650
1 34247U 06006BN  18235.93332941 +.00000486 +00000-0 +96271-3 0  9991
2 34247 052.1483 050.7231 4966436 223.6265 334.5929 05.40812964108415
1 34248U 06006BP  18241.84739381  .00001159  00000-0  52035-3 0  9996
2 34248  51.6251 130.7237 4879459 143.3532 262.9320  5.72425114217402
1 34250U 06006BR  18236.44512063 -.00000094  00000-0 -54088-4 0  9995
2 34250  51.7179  89.3625 5089802 266.5101  36.6504  5.24833791204846
1 34252U 06006BT  18236.46306592 -.00000048  00000-0  18969-4 0  9993
2 34252  51.6557  74.5899 5120582 287.6123  24.3713  5.23004174203439
1 34254U 06006BV  18217.94825344  .00002405  00000-0  19995-2 0  9994
2 34254  51.6159  58.0751 4582125 207.3920 337.1382  6.13772464211633
1 34255U 06006BW  16102.88749763  .00002501  00000-0  39781-2 0  9991
2 34255  52.0959 325.6212 4872235 139.8572 268.9364  5.57912728152516
1 34256U 06006BX  18234.31870323  .00000016  00000-0  75306-4 0  9999
2 34256  51.8824 235.4941 5080012 122.7612 355.9729  5.17454488191495
1 34257U 06006BY  18240.05910368 +.00000717 +00000-0 +19713-2 0  9998
2 34257 052.0874 198.0787 5058463 117.6919 349.2148 05.21435211194823
1 34258U 06006BZ  18222.25320237 +.00000690 +00000-0 +19336-2 0  9992
2 34258 051.8880 171.9356 5056324 171.1273 351.8035 05.22655441104614
1 34260U 06006CB  18239.96907950  .00000740  00000-0  43459-2 0  9993
2 34260  51.8830 122.9391 4885027 198.8588 133.8006  5.35403229206204
1 34261U 06006CC  18240.37268418  .00012609  00000-0  62431-2 0  9998
2 34261  52.1219   2.9709 4521026 154.1156 238.1730  6.30449237212599
1 34262U 06006CD  18222.26108776 -.00000101 +00000-0 -22660-3 0  9994
2 34262 051.8102 187.1638 5029489 171.8173 201.3942 05.21203520078753
1 34263U 06006CE  18239.05421160  .00005743  00000-0  38889-2 0  9999
2 34263  51.5829 172.4391 4796548 120.1808 295.8086  5.81288917209929
1 35248U 07055C   18242.42119274  .00000578  00000-0  10439-3 0  9996
2 35248  97.8721 112.1053 0154445 149.1757 335.9968 14.62608139570968
1 35249U 07055D   18241.50568728  .00000346  00000-0  10112-3 0  9998
2 35249  97.7866 264.8401 0245027 254.1011 103.3050 14.33923189560700
1 35251U 07055F   18241.72380226 +.00000321 +00000-0 +83308-4 0  9991
2 35251 097.8965 327.9457 0205257 073.5534 075.9119 14.43910443564782
1 35268U 04035L   18242.01379840  .00001519  00000-0  77660-4 0  9991
2 35268  97.6781 302.8467 0003953  28.2982  96.1238 15.18238884587451
1 35269U 04035M   18241.88145526 +.00000529 +00000-0 +87858-4 0  9998
2 35269 097.9107 014.3439 0148520 065.9767 295.6902 14.67140085735671
1 35270U 04035N   18241.92122951 +.00000519 +00000-0 +10265-3 0  9998
2 35270 097.7320 276.0027 0178131 269.1463 213.1704 14.56905845733067
1 35271U 05024K   18242.38243149  .00000463  00000-0  27537-4 0  9991
2 35271  97.5152 286.5820 0013707 137.5948 287.1854 15.16025679670487
1 35272U 05024L   18242.34306919  .00000435  00000-0  25682-4 0  9991
2 35272  97.5035 286.0890 0014508 129.4952 289.4825 15.16555619704466
1 35273U 05024M   18241.93334225  .00000535  00000-0  29800-4 0  9994
2 35273  97.5006 287.7746 0015324 116.5311 243.7496 15.17749171745669
1 35274U 08056D   18241.73246104  .00000249  00000-0  15781-3 0  9993
2 35274  99.0486 223.2078 0168673 274.7095  83.4829 14.06209067497478
1 35275U 08056E   18241.41166556 +.00000212 +00000-0 +99986-4 0  9991
2 35275 098.7946 226.9128 0138554 287.5647 071.0436 14.25096463502167
1 35335U 01049PT  12034.85550724 +.00000176 +00000-0 +38114-4 0  9994
2 35335 097.7722 002.3658 0048743 221.5748 116.7175 14.68335919350593
1 35336U 01049PU  15310.22555668  .00001460  00000-0  25698-3 0  9997
2 35336  97.7288 110.5233 0077542 135.1599 233.4363 14.67055962585070
1 35338U 01049PW  14107.23843678 +.00007045 +00000-0 +19110-2 0  9990
2 35338 097.9127 182.5090 0178274 012.9460 349.5390 14.38874493537127
1 35339U 01049PX  18241.31032350 +.00000226 +00000-0 +76743-4 0  9991
2 35339 098.1272 066.8154 0185707 110.6185 251.5028 14.35793247828235
1 35341U 01049PZ  18242.70210915  .00000611  00000-0  82256-4 0  9997
2 35341  97.8716 151.9042 0033735 185.7468 174.3363 14.82405401827977
1 35342U 01049QA  18241.75059085  .00000126  00000-0  81003-4 0  9991
2 35342  98.2378  69.9061 0365162 291.6781  64.5871 13.89537094714028
1 35344U 01049QC  18241.96407162  .00000382  00000-0  79907-4 0  9993
2 35344  98.0103 309.2929 0053469 358.6776   1.4277 14.64428562744597
1 35345U 01049QD  18234.19581711 +.00000518 +00000-0 +11007-3 0  9991
2 35345 098.0757 220.1854 0065184 146.9689 213.5610 14.61843889294439
1 35346U 01049QE  18242.21751291  .00000632  00000-0  18173-3 0  9994
2 35346  98.9103 236.6686 0040594 118.5312 241.9975 14.48033526848927
1 35347U 01049QF  18242.10936290  .00008720  00000-0  29495-3 0  9992
2 35347  98.3810 198.8497 0013176 308.9997  51.0067 15.30838713812742
1 35348U 01049QG  18241.20773332  .00001009  00000-0  18291-3 0  9994
2 35348  98.0091 228.0028 0052755 328.1374  31.6643 14.67580248865643
1 35349U 01049QH  18238.26285158  .00002268  00000-0  10842-3 0  9993
2 35349  97.5447 247.2385 0021461  41.3255 318.9599 15.19859456649632
1 35350U 01049QJ  18242.11870946  .00000217  00000-0  69872-4 0  9999
2 35350  98.4579 205.0904 0075251  40.4579 320.2175 14.47263550792699
1 35351U 01049QK  18241.95918848  .00000483  00000-0  15820-3 0  9993
2 35351  98.7566 145.2535 0003258 307.2145  52.8746 14.43016197794193
1 35374U 06046G   18242.06788010  .00001077  00000-0  43433-4 0  9991
2 35374  97.4366 269.9890 0058032 171.1342 189.0935 15.25556051651168
1 35375U 06046H   18242.27412302  .00000414  00000-0  38426-4 0  9993
2 35375  97.8789 253.8987 0026922 258.0104 163.3580 14.99731726643699
1 35376U 06046J   18241.96276799 +.00000714 +00000-0 +14358-3 0  9997
2 35376 097.7528 299.6432 0197347 175.6105 311.0396 14.52847198623390
1 35378U 06046L   18241.15151945 +.00000480 +00000-0 +89141-4 0  9998
2 35378 097.8481 014.2990 0172037 043.7276 317.7405 14.60482874621100
1 35379U 03049F   18241.21793809  .00000131  00000-0  12581-3 0  9993
2 35379  99.0454 151.3469 0178783  83.0475  72.8839 13.88751189733641
1 35380U 03049G   18240.53324034  .00004246  00000-0  39045-3 0  9994
2 35380  97.9983 347.1424 0037900  86.4165 274.1388 14.94794368657747
1 35381U 03049H   18242.17249050  .00000480  00000-0  93673-4 0  9995
2 35381  98.6626 215.4317 0097830 210.0734 206.9892 14.65175295779785
1 35382U 03049J   18241.56575868 +.00000212 +00000-0 +10991-3 0  9991
2 35382 098.6911 163.0319 0156562 097.6128 264.2860 14.17936646749384
1 35383U 03049K   18241.58994510  .00000023  00000-0  16451-4 0  9991
2 35383  98.4698 141.6797 0049951 262.6874 215.1475 14.56010413775476
1 35397U 07042E   18242.17934926  .00000516  00000-0  10967-3 0  9996
2 35397  98.6237 141.7034 0108675 320.6313  38.7022 14.60262625567294
1 35398U 07042F   18242.14177146  .00001186  00000-0  13077-3 0  9996
2 35398  98.5398 204.1567 0094857 286.6568 129.1605 14.86593105587120
1 35404U 02024J   18242.18895000 -.00000018  00000-0  12626-4 0  9993
2 35404  98.9164 220.3072 0053654  68.0218 348.6633 14.19427120837865
1 35405U 02024K   18241.38503074  .00000154  00000-0  98215-4 0  9990
2 35405  98.9638 221.8014 0125557 293.4672  65.3344 14.13834387835696
1 35413U 06029F   18241.33776010  .00001326  00000-0  53755-4 0  9997
2 35413  64.5088 142.4856 0034150 269.0517  90.6699 15.29378894847433
1 35414U 01055F   18242.41163007  .00001190  00000-0  38167-2 0  9995
2 35414  66.0152 238.4056 0065308 273.4769 236.4091 13.05479660779893
1 35417U 04012L   18241.73643468 +.00001479 +00000-0 +18774-3 0  9995
2 35417 097.7797 123.3775 0106023 109.0411 293.3457 14.79269643688909
1 35418U 06002Z   18241.95641859 +.00000254 +00000-0 +54113-4 0  9991
2 35418 097.8513 226.7631 0001753 083.5158 341.7268 14.66493390615210
1 35420U 01056M   18241.97554192 +.00000086 +00000-0 +13376-3 0  9991
2 35420 099.1222 047.9226 0024887 193.9561 295.3391 13.74844886835117
1 35428U 04045D   18212.55187936  .00105080  28079-6  31366-3 0  9991
2 35428  39.0226 291.2650 3044527 201.0670 319.5515  9.50197390273433
1 35536U 01049QL  18242.00569327  .00000264  00000-0  16925-3 0  9993
2 35536  98.6882 154.4706 0429640  73.4487 291.3394 13.72431061757075
1 35537U 01049QM  11092.15069827 +.00000197 +00000-0 +75856-4 0  9990
2 35537 098.2031 067.3711 0090567 049.9616 311.3399 14.37725730338478
1 35538U 06006CF  18241.42147260 -.00000735  00000-0 -36131-2 0  9991
2 35538  51.7125 320.8399 5103306  82.3142 359.3182  5.04837364191663
1 35540U 06006CH  18241.02019929 +.00000797 +00000-0 +20153-2 0  9993
2 35540 052.0983 182.1660 5052920 126.1905 346.3654 05.23424471125288
1 35541U 06006CJ  18241.97871357 -.00000112  00000-0 -15832-3 0  9991
2 35541  51.5358 122.3509 5143130 265.7385  36.6388  5.19201093194022
1 35542U 06006CK  18232.45490476 +.00000003 +00000-0 +23683-3 0  9994
2 35542 051.5622 288.3054 4983750 139.2486 349.9903 05.13066702192460
1 35543U 06006CL  18202.13500189 -.00000599 +00000-0 -32952-2 0  9990
2 35543 052.7651 076.0862 5109612 225.9347 341.7939 04.99933791182521
1 35544U 06006CM  18184.00800139 +.00005331 +00000-0 +66429-3 0  9998
2 35544 051.4423 055.0212 2973770 243.3519 083.3577 09.27772788256798
1 35545U 06006CN  18241.87656154  .00031178  00000-0  31456-2 0  9993
2 35545  51.5748 203.6976 1977139  79.6412 302.0061 11.28143946295606
1 35546U 06006CP  18241.36692276 -.00010771  00000-0 -19357-1 0  9996
2 35546  51.2404 316.6344 2651680  76.2433 311.6876  9.27536955227465
1 35547U 07003F   18241.42503287 +.00000288 +00000-0 +28910-3 0  9992
2 35547 024.5034 034.9561 4780073 320.5602 012.8737 05.79446619134084
1 35548U 07003G   18234.53450729  .00000060  00000-0  15612-2 0  9991
2 35548  26.2775 314.4919 7531621 283.6673  54.1306  1.82341300 65379
1 35555U 07003P   18241.90164797  .01056237  00000-0  18100-1 0  9997
2 35555  26.0892  71.9098 3857662 102.8004 302.1316  7.80390959109374
1 35563U 07003X   18236.26857012 -.00000215  00000-0  18878-3 0  9997
2 35563  22.3611 257.5720 7445273 110.6238 357.5113  1.88887610 68691
1 35567U 07042G   18222.16193662 +.00000125 +00000-0 +87463-4 0  9998
2 35567 098.5319 206.7948 0016901 107.6089 252.6932 14.13910297257052
1 35568U 07047D   16320.92215511  .00000074  00000-0  00000+0 0  9993
2 35568  39.8879 190.7603 5057887 173.2435 198.1957  5.65401201152084
1 35571U 08053G   18242.38364063  .00000718  00000-0  13751-3 0  9993
2 35571  97.6942  35.5627 0174885 148.4422 212.7410 14.57220171515903
1 35573U 08053J   18241.73851870  .00000666  00000-0  12150-3 0  9994
2 35573  97.6820  62.5534 0170868 129.9943 231.6402 14.59927425515398
1 35574U 08056F   18241.87272346 +.00000277 +00000-0 +86521-4 0  9990
2 35574 098.4233 250.5100 0130179 313.1210 045.9150 14.44056266510817
1 35575U 08061B   18242.14386178  .00000155  00000-0  63276-4 0  9994
2 35575  97.7775 305.8835 0239318  66.0697 296.5351 14.23599278502807
1 35953U 09057C   18242.09056866  .00000297  00000-0  16566-3 0  9998
2 35953  98.6124 269.1266 0005707  87.8927 334.6078 14.18009366457969
1 35954U 09057D   18241.66157000 +.00000325 +00000-0 +18050-3 0  9995
2 35954 098.6261 271.3526 0005770 085.5395 037.3876 14.17761593457802
1 36090U 09061C   18241.76086977  .00000534  00000-0  11693-3 0  9995
2 36090  98.1157 300.3644 0081200  52.6446  62.8110 14.59692630466468
1 36091U 09061D   18241.93140348 +.00000654 +00000-0 +13445-3 0  9998
2 36091 098.1014 199.4676 0071907 312.0836 093.7218 14.62403240466948
1 36092U 09061E   18241.93310635 +.00000292 +00000-0 +11841-3 0  9993
2 36092 098.4825 215.5808 0150921 112.8757 307.5079 14.28469916457564
1 36093U 09061F   18241.57394216  .00000314  00000-0  12191-3 0  9995
2 36093  98.0706 101.1692 0150104  15.2544 345.3093 14.30035188457821
1 36100U 09057F   18242.12124138  .00000621  00000-0  31416-3 0  9997
2 36100  98.6939 287.1572 0011297  75.8257 284.4173 14.19645258455088
1 36289U 08053K   18241.70829340  .00000182  00000-0  21880-4 0  9997
2 36289  97.7063 221.1851 0014426 168.8159 191.3385 14.94907662522138
1 36290U 08053L   18241.73976369 -.00000308 +00000-0 -20908-4 0  9998
2 36290 097.6335 224.8827 0021270 136.9442 223.3449 14.98301707301819
1 36291U 08056G   18242.24713936  .00000144  00000-0  10318-3 0  9997
2 36291  98.4113  53.6591 0175962 206.4715 152.7384 14.02892091500105
1 36292U 08056H   18242.39784433  .00000280  00000-0  19382-3 0  9995
2 36292  98.5744  99.8037 0163563 286.3339  71.9895 14.00382199500837
1 36293U 01049QN  11360.11946871 +.00006660 +00000-0 +10944-2 0  9993
2 36293 097.8436 224.6670 0115746 126.8097 224.4155 14.66525754253419
1 36571U 06002AA  18242.01584367  .00000267  00000-0  56969-4 0  9995
2 36571  97.8112 262.3800 0001444  89.6027 270.5343 14.65994112445175
1 36881U 05011C   18241.09370011 +.00004454 +00000-0 +14112-2 0  9998
2 36881 099.0209 354.1658 0009249 200.8648 159.2162 14.40592065461846
1 36958U 06006CQ  18241.02443208  .00006186  00000-0  25676-2 0  9991
2 36958  51.6963 188.8934 4834706  87.8417 324.6777  5.80600414205091
1 36959U 06006CR  18236.62394584 +.00015067 +00000-0 +28443-2 0  9997
2 36959 051.8242 321.1418 4044931 142.1208 001.2163 07.24105414120711
1 36963U 06006CV  18241.88914569  .00001393  00000-0  64328-3 0  9997
2 36963  51.5476 240.6264 4985160  80.3175 330.5416  5.55153179199639
1 36964U 06006CW  18182.02668931 +.00000365 +00000-0 +43183-3 0  9991
2 36964 052.1036 052.2187 4999580 237.5006 064.3827 05.44317249197139
1 36971U 07003AH  18242.35647714 -.00000191  00000-0 -13181-2 0  9999
2 36971  26.2553 349.2172 7607240 230.6290  33.6916  1.75721241 62418
1 37379U 01055G   18241.89450094 +.00002050 +00000-0 +43962-2 0  9998
2 37379 066.1046 242.6517 0116754 137.4768 299.2226 13.29555001789996
1 37567U 10038C   18241.58355535 +.00000791 +00000-0 +14466-3 0  9996
2 37567 097.9564 141.9268 0148062 005.1627 111.9956 14.61835419423589
1 37568U 10038D   18241.34186901  .00000577  00000-0  13403-3 0  9992
2 37568  97.8255  82.5022 0184868 167.6660 192.9154 14.48448527421244
1 37569U 10038E   18241.82762111 +.00000528 +00000-0 +10781-3 0  9991
2 37569 097.7888 097.9666 0163294 049.0426 312.4774 14.56642104421910
1 37570U 10038F   18242.28470957  .00000406  00000-0  95422-4 0  9999
2 37570  97.7776  69.3654 0182646 137.8799 223.6601 14.49447696423677
1 37571U 08026C   18241.39647374  .00000110  00000-0  12741-3 0  9998
2 37571  98.8046  89.4859 0247983 319.7528 160.4992 13.74598959499981
1 37572U 08026D   18241.34546478  .00000120  00000-0  13514-3 0  9997
2 37572  98.7152  59.2349 0243788 277.8414 201.3048 13.75391200503956
1 37573U 08026E   18241.37246622 +.00000113 +00000-0 +12292-3 0  9993
2 37573 098.7052 081.2456 0224947 210.0174 275.9707 13.79584226498899
1 37574U 08026F   18241.47721655 +.00000096 +00000-0 +11752-3 0  9999
2 37574 098.7629 068.2739 0253356 326.3651 032.1637 13.73142126298511
1 37586U 04025L   18241.70467808 -.00000052  00000-0 -64615-5 0  9992
2 37586  98.2191 149.8808 0325073 172.7359 187.8687 13.96164839408370
1 37732U 11030C   18241.68158240 +.00000299 +00000-0 +12364-3 0  9996
2 37732 097.9893 118.2170 0166111 009.6196 057.1827 14.25843594371439
1 37733U 11030D   18241.93333424 +.00000268 +00000-0 +10856-3 0  9994
2 37733 098.2724 240.2734 0155421 049.7519 007.6096 14.28551511371879
1 37734U 11030E   18242.39209080  .00000654  00000-0  14657-3 0  9998
2 37734  97.9322 212.7009 0089834  31.3314  96.6544 14.57335571379224
1 37735U 11030F   18241.97496432 +.00000660 +00000-0 +14019-3 0  9990
2 37735 098.4280 006.7238 0087794 112.1709 007.3306 14.60149678379262
1 37767U 11039C   18241.84457140 +.00000334 +00000-0 +12908-3 0  9996
2 37767 097.9354 155.0708 0155312 022.0922 019.5434 14.29284700369022
1 37768U 11039D   18242.12662060  .00000231  00000-0  93849-4 0  9998
2 37768  98.2349 283.6008 0152847 102.3751 320.5739 14.29493612369199
1 37769U 11039E   18241.55643288  .00000580  00000-0  11836-3 0  9998
2 37769  98.5221  77.3014 0082370 170.2433 254.6175 14.62899269376780
1 37770U 11039F   18241.94624153 +.00000593 +00000-0 +13287-3 0  9999
2 37770 097.7635 235.7863 0096822 090.0578 330.6175 14.57089225375422
1 38174U 10047D   18241.77508284 +.00000315 +00000-0 +10920-3 0  9996
2 38174 097.8784 065.2372 0209068 168.6757 259.2756 14.29965715408207
1 38175U 10047E   18241.87327402 +.00000238 +00000-0 +84535-4 0  9997
2 38175 098.0362 112.7936 0203214 181.5492 178.5088 14.31649711854332
1 38176U 11068D   18241.26419485 +.00000293 +00000-0 +10153-3 0  9993
2 38176 098.4308 273.6803 0124587 117.7045 243.6847 14.38345181351270
1 38177U 11068E   18242.18831226  .00000231  00000-0  83993-4 0  9992
2 38177  98.4953 236.0490 0139943 103.7117 319.5758 14.36691494350800
1 38178U 11068F   18241.14648414  .00000208  00000-0  87773-4 0  9997
2 38178  98.5669 213.5196 0134137 171.1720 247.7937 14.30604478350348
1 38179U 11068G   18241.44315097  .00000200  00000-0  11000-3 0  9990
2 38179  98.7577 229.6507 0136675 344.2343 168.5917 14.17439986348920
1 38180U 11068H   18241.15089385  .00000153  00000-0  85806-4 0  9991
2 38180  98.7412 218.9869 0148968 326.2120  90.9390 14.18366863347738
1 38184U 10051E   18241.53678895  .00000536  00000-0  98646-4 0  9999
2 38184  97.8460 134.8668 0157660 162.5001 198.1721 14.61754600417674
1 38187U 11069D   18241.61254539 -.00000119  00000-0  00000+0 0  9996
2 38187   2.1656 351.0758 3809218 185.2544 169.5714  1.71974985 40040
1 38262U 07019B   18242.11734118  .00000184  00000-0  65574-4 0  9995
2 38262  97.8274   2.7622 0183805  20.2891 102.9238 14.35193263562809
1 38263U 07019C   18242.27090584  .00000330  00000-0  12261-3 0  9992
2 38263  97.9342 351.7981 0226637 250.6495 107.0059 14.24905661583410
1 38264U 08061C   18242.12845293  .00000357  00000-0  13844-3 0  9997
2 38264  97.9452 334.4117 0264110 202.6160 277.5815 14.17926384501797
1 38265U 09069B   18241.71125259 +.00000249 +00000-0 +97034-4 0  9998
2 38265 097.7703 052.6155 0241275 126.5073 235.8595 14.21804265446495
1 38266U 09069C   18242.80071588  .00000256  00000-0  10676-3 0  9999
2 38266  97.9045  83.5848 0260063 233.1237 124.5848 14.17051066445584
1 38269U 12020B   18242.02467290  .00004404  00000-0  16842-3 0  9996
2 38269  97.2454 264.1369 0079888 264.5480  94.6641 15.24137116345329
1 38270U 12020C   18242.33586406  .00004094  00000-0  23299-3 0  9992
2 38270  97.2542 203.2263 0117474   0.4660 359.6657 15.07633586343116
1 38293U 10059C   18241.24547340 -.00000015  00000-0  12506-4 0  9990
2 38293  98.9393 268.3370 0010707 309.6386  50.3849 14.28632999400935
1 38294U 10059D   18242.41320004  .00000126  00000-0  14080-3 0  9997
2 38294  98.7156 315.4792 0266838 170.0238 190.6359 13.71422052380224
1 38295U 10059E   18241.01968958 +.00000187 +00000-0 +20076-3 0  9998
2 38295 098.7192 308.1831 0273354 196.3500 288.0127 13.69150818278374
1 38296U 10059F   18241.51597068 +.00000024 +00000-0 +51354-4 0  9998
2 38296 098.7941 346.4253 0247116 130.4688 231.8293 13.75076626387285
1 38297U 10059G   18242.71159530  .00000031  00000-0  57058-4 0  9995
2 38297  98.7633 340.7622 0244477 111.9853 250.7469 13.75616190387591
1 38298U 10027C   18241.84541707 +.00000722 +00000-0 +11698-3 0  9991
2 38298 097.6510 092.1346 0189186 151.3111 209.8659 14.62815830429159
1 38299U 10027D   18242.18551971  .00000543  00000-0  90829-4 0  9999
2 38299  97.9547 151.9164 0187819 202.3310 156.9637 14.63043962432763
1 38300U 10027E   18242.38306979  .00000731  00000-0  10991-3 0  9990
2 38300  97.5812  84.1939 0177209  88.4114  32.3512 14.67130120430888
1 38301U 10027F   18242.22726478  .00000747  00000-0  11116-3 0  9991
2 38301  97.8998 152.1822 0175813 131.3654  21.2640 14.67903382427580
1 38302U 10027G   18241.70108345 +.00001061 +00000-0 +17049-3 0  9992
2 38302 097.5721 048.0309 0196092 148.5353 212.7757 14.61433990426697
1 34246U 06006BM  18233.90765208  .00004181  00000-0  34568-2 0  9997
2 34246  51.5455  95.3394 4600363 185.0913 167.9247  6.10757221219546
1 34247U 06006BN  18235.93332941  .00000486  00000-0  96271-3 0  9991
2 34247  52.1483  50.7231 4966436 223.6265 334.5929  5.40812964207820
1 34248U 06006BP  18241.84739381 +.00001159 +00000-0 +52035-3 0  9996
2 34248 051.6251 130.7237 4879459 143.3532 262.9320 05.72425114126580
1 34250U 06006BR  18226.15824785 -.00000091  00000-0 -10069-3 0  9996
2 34250  51.7125  96.7788 5088901 261.0118  40.5978  5.24834536204304
1 34252U 06006BT  18226.13957478 -.00000036 +00000-0 -83095-5 0  9992
2 34252 051.6531 082.0457 5119556 282.0585 027.1393 05.23004114202512
1 34254U 06006BV  18217.94825344  .00002815  00000-0  22788-2 0  9993
2 34254  51.6478  58.0522 4583995 207.2800 337.4134  6.13784761211636
1 34255U 06006BW  14223.00002208 +.00026259 +00000-0 +24638-1 0  9993
2 34255 051.9930 077.7623 5032234 157.9448 356.5943 05.39743285118615
1 34256U 06006BX  18227.36202396  .00000076  00000-0  25004-3 0  9990
2 34256  51.8794 240.3175 5081963 119.2283 356.8192  5.17453465191135
1 34257U 06006BY  18239.10041623  .00000680  00000-0  18861-2 0  9993
2 34257  52.0887 198.7458 5058543 117.2117 349.5974  5.21433593195422
