1 38961U 12044CU  18242.03054712  .00021503  44952-5  41573-3 0  9990
2 38961  50.0914 105.2645 1738682 183.9859 174.5352 12.05964727241927
1 38605U 08011BC  16082.79245447 -.00006854  00000-0 -22518+0 0  9993
2 38605  49.1320 223.5179 6384388 171.1367 356.3974  3.07032609 56860
1 40000U 04042D   17363.55183407 -.00000332  00000-0  00000+0 0  9995
2 40000   9.4060  40.1038 0077532 344.5713  15.1779  1.00303233 32417
1 39029U 12072D   18242.06871272  .00007822  00000-0  13196-3 0  9997
2 39029  97.1350 269.5808 0019451 295.3520  64.5719 15.51716043319091
1 39996U 08011DV  13298.39350232 -.00000021 +00000-0 +00000-0 0  9990
2 39996 047.3091 262.1861 5848285 187.3597 157.1287 02.93601464871954
1 38634U 08011CH  15326.41706536 -.00000886 +00000-0 -34459-1 0  9993
2 38634 048.9656 302.0202 6434937 106.8842 010.5485 02.96690025050005
1 40168U 10042V   14180.99290371 -.00000074 +00000-0 +68147-2 0  9990
2 40168 023.9952 170.6098 7306120 172.3245 213.3150 02.01116908013743
1 38563U 06006DD  18084.45978830 +.00001312 +00000-0 +16357-2 0  9993
2 38563 051.7213 167.0190 5052192 215.4940 097.1349 05.33866842188475
1 38663U 12029E   18241.98441491  .00000085  00000-0  35386-3 0  9997
2 38663 100.1568 299.2722 0139418 126.9360 234.4613 13.08251434295544
1 38576U 08011X   18238.70798429 -.00000038  00000-0  38056-3 0  9994
2 38576  49.1497 159.4719 6435153 175.4108 196.2882  3.21834296 89083
1 39627U 14014D   18241.79010351  .00000368  00000-0  15376-3 0  9991
2 39627  98.1189 180.1015 0182158 104.8196 257.3241 14.22632414229124
1 38948U 12044CH  18242.05251607  .00019520  45139-5  38927-3 0  9992
2 38948  50.0707 115.1792 1740927 181.0570 178.6311 12.05151024241624
1 40290U 14066E   18241.92123702 +.00000594 +00000-0 +14551-3 0  9991
2 40290 097.9331 305.7872 0095572 199.3949 160.3602 14.53226247203473
1 38311U 11079E   18241.44266417  .00000329  00000-0  10949-3 0  9994
2 38311  98.2928 300.0367 0124455 149.3991 279.8450 14.39458786723914
1 38314U 11043D   18241.92501426 -.00000018 +00000-0 +36356-4 0  9990
2 38314 099.4747 123.5645 0267230 312.8950 109.6325 13.41132090266234
1 38614U 08011BM  16259.11426498 -.00000070  00000-0  00000+0 0  9997
2 38614  49.2620 234.0715 6222327 157.8053 249.7101  3.02923393 58193
1 40152U 07003AL  17180.00330920 +.00000101 +00000-0 +00000-0 0  9998
2 40152 027.6187 136.9735 7337225 282.6488 010.8756 01.90767800025143
1 39205U 13035D   18242.21784427  .00000593  00000-0  13720-3 0  9996
2 39205  97.9820 326.4197 0099014 174.5927 185.6365 14.55698756271725
1 38677U 08012D   18240.51563128  .00018547  62966-6  33129-3 0  9999
2 38677  40.0667 354.6697 4992420 209.6026 148.3289  5.76859952180786
1 38581U 08011AC  18241.29132531 -.00001023  00000-0 -25338-2 0  9998
2 38581  49.4477 338.2535 6011956 326.2742   7.1078  3.83640961 96946
1 39798U 08046K   18240.42564106 -.00000362 +00000-0 -17246-2 0  9992
2 39798 064.6603 335.1816 5672592 035.4064 351.5411 04.23024490065658
1 38318U 12001E   18242.19604776  .00006125  00000-0  26230-3 0  9994
2 38318  97.5236 228.0234 0100290 326.3912  33.0986 15.18641623357681
1 39224U 13035E   18241.93999349 +.00000285 +00000-0 +11803-3 0  9994
2 39224 097.8829 237.2287 0177312 027.8419 333.2115 14.24858955261006
1 39999U 02040F   18228.42022434 -.00000222 +00000-0 +00000-0 0  9994
2 39999 009.8132 032.8046 0091145 055.8302 272.8429 01.01972455012900
1 38644U 08011CT  15054.89036693  .00006627  00000-0  91808-2 0  9993
2 38644  49.3360 281.6706 6429062 113.1157 357.7154  3.31983178 45914
1 40177U 10057AF  18239.90859326  .00000725  00000-0  10897-1 0  9997
2 40177  17.8897   3.7841 7214857 238.0177  32.8443  2.19455653 43591
1 39803U 08046Q   18240.77167511 -.00000355  00000-0 -21036-2 0  9990
2 39803  64.7022 340.4945 5653854  34.6565 351.6704  4.22618127 65550
1 39992U 08011DR  13100.65203905 -.00000194 +00000-0 -78055-2 0  9990
2 39992 049.0269 254.1348 6327428 190.8939 142.1076 03.05273323015108
1 38325U 09072D   18241.88067397 -.00000045  00000-0  75016-5 0  9997
2 38325 100.4443 114.7867 0156582 309.2883 112.0965 13.46111863364936
1 40156U 07003AQ  18115.80962757 +.00000292 +00000-0 +15192-1 0  9998
2 40156 026.7448 345.2252 7508706 221.5222 017.6102 01.84338002026847
1 39327U 08011DE  18240.45842056 -.00000256  00000-0 -23989-2 0  9991
2 39327  49.7964 331.5167 6551434   5.7352  16.3237  2.94944499 70622
1 38642U 08011CR  18231.25793733 -.00000614 +00000-0 -94880-2 0  9991
2 38642 048.7046 249.4261 6453767 117.9027 354.9079 03.08229969062167
1 38659U 09072G   18241.83340345 +.00000171 +00000-0 +63325-3 0  9996
2 38659 100.3347 225.2674 0135219 335.3911 140.5103 13.05132316411190
1 40245U 08046T   18241.22244952  .00001217  00000-0  96177-3 0  9993
2 40245  65.2582 299.5644 5727745   5.7138 358.8191  4.35189023 64634
1 39934U 06006DG  13174.83813748 +.00048935 +00000-0 +11119-1 0  9991
2 39934 051.9938 012.1867 4178105 211.2021 110.7155 06.98403534078417
1 38623U 08011BW  15051.94803497 +.00000258 +00000-0 +20355-1 0  9999
2 38623 049.1140 027.4995 6323170 032.9139 353.9319 03.05494782037924
1 39995U 08011DU  18241.25879369 -.00000352 +00000-0 -35080-2 0  9990
2 39995 049.1941 256.0311 6491825 080.9456 000.9829 03.08473369072190
1 38557U 06006CX  18240.99888569  .00000970  00000-0  11486-2 0  9995
2 38557  51.7478 227.6910 4917258  54.5191 342.0929  5.54894700176342
1 40167U 10042U   18241.16324235  .00000021  00000-0  00000+0 0  9999
2 40167  26.1051 238.6425 7191953 270.2487  15.1952  1.93644153 41352
1 39342U 10057G   18238.36638505 -.00000245  00000-0 -20384-3 0  9995
2 39342  20.4929  11.5508 7201928 172.1458 271.2019  2.20575264 56079
1 40265U 14059E   18241.82647957  .00000201  00000-0  94824-4 0  9994
2 40265  97.9089 196.9947 0193403 275.2196  82.6940 14.19782284203042
1 38305U 10009J   18241.95121853 -.00000074 +00000-0 +15036-4 0  9990
2 38305 063.4985 062.0916 0094114 056.4330 020.4942 12.99841167237528
1 38595U 08011AS  15302.05614124  .00000000  00000-0  00000+0 0  9993
2 38595  49.7924 253.5313 6493810 120.9284 318.2576  3.08428684 52930
1 38604U 08011BB  18236.39791692  .00000012  00000-0  37203-3 0  9998
2 38604  49.0516 226.5194 6511493 117.3669 321.8234  3.09022029 86597
1 39028U 12072C   18223.17778255  .11174336  24125-5  26395-3 0  9995
2 39028  97.1339 298.9219 0014784 250.8752 109.0950 16.45023837318295
1 38632U 08011CF  18216.32901269 -.00000055 +00000-0 -38162-3 0  9997
2 38632 049.1044 186.3618 6488333 154.3948 358.6116 03.15461352055974
1 38562U 06006DC  18017.66606241 +.00001262 +00000-0 +15679-2 0  9995
2 38562 051.8411 138.2763 4929373 214.3768 100.8163 05.53200294151987
1 38662U 12029D   18241.51300715 -.00000050 +00000-0 -16387-4 0  9993
2 38662 100.3325 348.6685 0131194 058.0492 303.3302 13.19021881297846
1 38574U 08011V   18218.39795934 -.00000039 +00000-0 +10000-3 0  9993
2 38574 049.4359 021.6830 6308211 356.2786 000.6178 03.01765017000014
1 39626U 14014C   18241.96476492 +.00000459 +00000-0 +11550-3 0  9992
2 39626 097.9572 235.0334 0103652 280.0786 078.8730 14.52600263233746
1 38907U 12044AQ  12335.42514951 +.00533393 +23217-4 +12536-1 0  9996
2 38907 049.9193 357.0839 2379252 216.9692 142.3996 10.68608655004579
1 40289U 14066D   18241.94555263 +.00000543 +00000-0 +13957-3 0  9995
2 40289 098.5614 028.0751 0106388 274.1976 084.7065 14.51197501203181
1 38310U 11079D   18241.93045367 +.00000350 +00000-0 +10329-3 0  9992
2 38310 098.8001 041.4268 0130391 153.2042 000.8213 14.45319193349787
1 38960U 12044CT  18241.42417163  .00012558  34579-5  27992-3 0  9997
2 38960  50.1379  36.5937 1924739 298.3042  43.6854 11.64908587235109
1 40326U 02005J   18241.91567375 +.00009737 +00000-0 +10674-2 0  9997
2 40326 086.4135 075.6520 0021856 152.0158 208.2248 14.87459594200681
1 38313U 11043C   18241.61860220 +.00000049 +00000-0 +12315-3 0  9996
2 38313 099.5951 164.9358 0220028 205.3937 278.2186 13.50677036265721
1 38613U 08011BL  18241.23210775  .00000311  00000-0  44161-3 0  9998
2 38613  48.8092 123.8973 6445565 228.4987 343.6945  3.30387145 78443
1 40121U 08046S   18133.19927598 +.00065491 +00000-0 +60894-2 0  9996
2 40121 064.7855 309.8514 5544437 024.9747 353.9354 04.77883263062929
1 39204U 13035C   18242.10556964  .00000478  00000-0  11016-3 0  9994
2 39204  98.4472  66.1291 0090415 225.3360 134.0445 14.57691724272119
1 38674U 06042D   17079.11633425  .00014492  00000-0  23176-3 0  9991
2 38674  39.8992 298.2758 4630707 328.7048  10.5631  6.40021775143916
1 38580U 08011AB  18235.39332824 -.00002157  00000-0 -72630-1 0  9993
2 38580  48.4404 357.5894 6496695  37.1479 353.5568  2.93216585 78930
1 39629U 14014F   18242.02070450  .00000262  00000-0  11287-3 0  9996
2 39629  98.3655 246.8513 0177590 140.9996 220.4148 14.23798883229369
1 38879U 12044L   12341.40151353 +.00033086 +17130-5 +10000-2 0  9999
2 38879 050.3167 350.8929 2505652 218.4632 120.8347 10.39923934004783
1 38587U 08011AJ  13196.53044440  .00000266  00000-0  19257-2 0  9995
2 38587  48.7936 201.0213 6480353 237.7816 336.8672  3.08120861 25531
1 38316U 11043F   18241.62689997 +.00000014 +00000-0 +79474-4 0  9992
2 38316 099.5997 160.6857 0229500 236.7667 244.5821 13.48745948253648
1 39991U 08011DQ  13029.94691056 -.00001507 +00000-0 -10996-1 0  9997
2 39991 048.2833 251.4459 6548109 201.3131 348.6015 03.03718054013254
1 38617U 08011BQ  18241.08582245 +.00000048 +00000-0 +91142-3 0  9997
2 38617 049.1913 154.3672 6384102 172.9123 204.6277 03.23533719082757
1 39214U 13037G   18242.24012951  .00000037  00000-0  14747-4 0  9991
2 39214  97.9991 244.5761 0014497 128.8659 231.3842 14.68418616273592
1 39998U 02040E   18240.45879488 -.00000202  00000-0  00000+0 0  9996
2 39998   9.9552  33.3570 0011246 184.8100 175.2889  1.01186306 35821
1 40176U 10057AE  18242.26287259 -.00000522  00000-0 -23303-1 0  9992
2 40176  20.1087 126.4258 7229267 319.7477 272.1286  2.07856729957633
1 38842U 05017F   18240.06806977  .00000566  00000-0  74112-4 0  9992
2 38842  97.9736 185.9719 0063606  39.7084  19.3059 14.83000942430869
1 38584U 08011AF  18242.36660703  .00001065  00000-0  12260-1 0  9990
2 38584  48.7094 236.9351 6492169 130.9813   2.2003  3.06352059 80012
1 39802U 08046P   18210.17538216 +.00047846 +00000-0 +37859-2 0  9998
2 39802 064.8459 281.7168 5649610 014.2484 356.7673 04.62182229066507
1 39933U 06006DF  18236.21328649  .00000166  00000-0  42443-3 0  9997
2 39933  51.9663 229.4648 5107619 118.5506 301.8177  5.17109084153066
1 38324U 08056K   18242.49971643  .00002647  00000-0  45587-3 0  9990
2 38324  98.5128 341.3167 0107440 274.7819  84.1121 14.65762957454725
1 40155U 07003AP  18235.94244083 -.00000073  00000-0  75778-2 0  9995
2 40155  23.4238 189.4339 7322267 189.3365 139.9821  2.00988171 73414
1 39231U 13037H   18241.43207319 +.00000201 +00000-0 +98602-4 0  9999
2 39231 098.1184 110.3109 0254783 212.7256 145.7913 14.11556050258025
1 38638U 08011CM  15340.81164422  .00001692  00000-0  54234-2 0  9997
2 38638  48.6651 196.9694 6498491 206.7713  95.0822  3.16835269 52625
1 38658U 09072F   18241.13775734 -.00000321  00000-0 -82104-3 0  9997
2 38658 100.3787 195.0999 0136017 311.1422 115.5884 13.04897604406398
1 40200U 12008K   18241.43773398 -.00000075  00000-0  00000+0 0  9999
2 40200  21.2674  35.1388 6988229  31.2833 355.8326  2.19198289938485
1 39994U 08011DT  18237.27117569 -.00000120 +00000-0 -11574-2 0  9998
2 39994 048.9423 253.9889 6483365 099.1366 358.4443 03.07929891036276
1 38327U 11068J   18241.91533833 -.00000015 +00000-0 +17670-4 0  9992
2 38327 098.6375 119.4215 0204763 236.8955 188.3790 13.91110083339970
1 40165U 10042S   18242.24771649  .00000234  00000-0  30011-1 0  9995
2 40165  27.6873 157.1547 7338501  21.0222  93.2731  1.92866326 48894
1 39331U 08011DJ  15295.02076717 +.00000025 +00000-0 +83052-3 0  9999
2 39331 048.7847 218.8898 6477118 182.6866 170.6102 03.16317968023257
1 40264U 14059D   18241.94865122 +.00000559 +00000-0 +14230-3 0  9990
2 40264 097.7712 247.9382 0111271 106.9315 254.4115 14.50446541207278
1 38304U 10009H   18241.84013029 -.00000067 +00000-0 +42717-4 0  9990
2 38304 063.3227 326.9356 0105365 322.6631 136.7000 13.03666380237915
1 38989U 12044DS  12343.36749356 +.00460866 +17806-4 +11798-1 0  9997
2 38989 050.0222 336.8270 2352548 231.3525 164.4036 10.73045609005104
1 38630U 08011CD  15271.17731201 -.00001412  00000-0 -75793-2 0  9991
2 38630  49.2813 256.5100 6504270 137.2706 348.5675  3.11052931 42366
1 38637U 08011CL  16276.86353254 -.00000006  00000-0  11785-2 0  9996
2 38637  48.9743 164.2496 6394995 221.7358  66.0179  3.06794811 61419
1 38559U 06006CZ  18241.24505017  .00001396  00000-0  37206-2 0  9991
2 38559  52.0133 182.1421 5060911 139.4210   1.4252  5.21578622159970
1 38661U 12029C   18241.21956786 -.00000016  00000-0  65637-4 0  9997
2 38661 100.2580 338.8282 0124507  49.7069 311.4850 13.19174427297841
1 38570U 08011R   14069.56236261 -.00000111  00000-0 -17831-2 0  9991
2 38570  48.6746 128.8135 6539415 301.5956  10.7349  3.01431193 27154
1 39601U 12044DU  18242.16625027  .00101399  10129-4  55294-3 0  9994
2 39601  49.8680 225.3347 0523193 256.4120  97.8048 14.89049648245476
1 40288U 14066C   18241.90868307 +.00000337 +00000-0 +14650-3 0  9998
2 40288 097.9044 234.4971 0187922 003.1329 357.0980 14.20528172198950
1 38309U 11079C   18242.01430819  .00000285  00000-0  82202-4 0  9997
2 38309  98.2754 316.6952 0120638  61.8671  61.1172 14.47797523716620
1 38959U 12044CS  12344.36753397 +.00574484 +25319-4 +14382-1 0  9997
2 38959 050.0801 347.6370 2643477 223.0607 011.5103 10.14004847004928
1 38603U 08011BA  18240.06459959 +.00000696 +00000-0 +19053-2 0  9993
2 38603 049.4956 201.7703 6510221 106.0870 330.4078 03.15801288065189
1 38971U 12044DE  18242.34362404  .00015621  41283-5  29048-3 0  9996
2 38971  50.1002   0.6502 1614234 270.9971  70.7110 12.33303476243666
1 38607U 08011BE  18236.07722778 -.00000121  00000-0 -57022-3 0  9999
2 38607  49.7051 304.0548 6437438  27.3885   7.8504  3.05908818 84585
1 40052U 07029Q   14274.90043103 +.00038187 +00000-0 +35550-1 0  9993
2 40052 071.0609 353.4502 0314450 331.8363 025.6304 13.61881785013396
1 39990U 08011DP  13093.16449355 +.00001343 +00000-0 +38972-2 0  9995
2 39990 048.9136 198.0876 6418239 235.8447 045.6250 03.27586095015854
1 39119U 09049J   18242.19993033 -.00000018  00000-0  10378-4 0  9992
2 39119  98.4112 245.0675 0003301 306.5132  53.5742 14.21833281290185
1 38635U 08011CJ  16060.28620741 +.00003757 +00000-0 +14457+0 0  9990
2 38635 048.7782 222.0968 6366002 182.1778 073.2633 03.07351425054822
1 38564U 06006DE  17027.17904237 -.00000038  00000-0  00000+0 0  9999
2 38564  51.6905  83.3323 5045808  13.0806 356.3999  5.31536711107581
1 38664U 12029F   18242.36637358  .00000022  00000-0  16748-3 0  9992
2 38664 100.0832 298.8264 0138130  85.7720 275.9162 13.12005443298843
1 38578U 08011Z   18241.25097153 -.00000334  00000-0 -18567-1 0  9999
2 38578  47.4986 260.1300 6371689 155.8269 256.5388  3.00744621 79672
1 39628U 14014E   18241.80812356 +.00000446 +00000-0 +11248-3 0  9990
2 39628 098.3435 317.9065 0103190 335.6441 023.9897 14.53000598233767
1 38957U 12044CQ  18242.21878442  .00019685  51892-5  36026-3 0  9995
2 38957  50.0093 239.7896 1775979  94.4262 286.0513 11.98987828238208
1 40291U 14066F   18241.86619131 +.00000135 +00000-0 +66434-4 0  9990
2 40291 098.4499 323.4377 0176987 037.2695 324.0614 14.23822486199436
1 38312U 11079F   18241.95591703 +.00000276 +00000-0 +10245-3 0  9990
2 38312 098.2616 280.9493 0124133 184.5689 296.2006 14.35252028295486
1 38315U 11043E   18241.29512887  .00000002  00000-0  61495-4 0  9998
2 38315  99.6751 179.2454 0218185 214.1023 144.5931 13.51040640341020
1 38615U 08011BN  18242.02974701 -.00000330  00000-0 -16015-2 0  9993
2 38615  49.0924 190.1767 6506006 149.8824 273.2564  3.11680726 81500
1 39213U 13037F   18241.85449806 +.00000062 +00000-0 +18183-4 0  9995
2 39213 097.9768 251.4657 0012071 175.7800 184.3510 14.70597771274165
1 39997U 08011DW  13296.97242389 +.00000969 +00000-0 +20000-1 0  9999
2 39997 049.8740 225.8006 6731970 198.3427 112.8608 02.72051466778349
1 40173U 10057AB  14006.31657601 +.00019769 +00000-0 +18039+0 0  9990
2 40173 022.9885 223.5019 7158557 191.9305 131.3613 02.28429479016405
1 38678U 09014D   18229.12015447  .00103740  78509-7  23185-3 0  9995
2 38678  40.0925 136.3652 3013819 259.2038 281.7125  9.58029536181175
1 38583U 08011AE  18241.70944366 -.00000143  00000-0 -51627-3 0  9996
2 38583  49.1744 185.5799 6511348 149.0417 275.2447  3.12686819 84373
1 39799U 08046L   18242.32773108 -.00000239  00000-0 -68379-3 0  9995
2 39799  64.9112 336.6733 5721324  24.6269 354.3703  4.21535789 65837
1 39804U 08046R   18230.24900526 +.00000145 +00000-0 +82091-3 0  9997
2 39804 065.8266 324.3870 5653784 346.3986 003.1615 04.32873225066568
1 38323U 08056J   18242.12429576  .00000061  00000-0  65728-4 0  9990
2 38323  98.5222   1.5273 0202191   9.4522 111.2152 13.92428550496173
1 40154U 07003AN  09206.94999816 -.00000425 +00000-0 -11743-1 0  9996
2 40154 025.6598 143.8633 7630920 197.1707 104.3316 01.67178581010113
1 39225U 13035F   18241.83753827 +.00000153 +00000-0 +71950-4 0  9997
2 39225 098.4622 337.6360 0180448 109.1557 252.9251 14.23990642260829
1 38657U 09072E   18242.11197144  .00000026  00000-0  16036-3 0  9999
2 38657 100.3389 332.1694 0134508 161.2102 319.1076 13.22303310416306
1 40183U 11077G   18190.78896763 -.00000468  00000-0 -18910-2 0  9996
2 40183  22.2054  23.3597 7567580 293.2695   7.2689  1.81765599 33780
1 39993U 08011DS  18240.35845432 -.00000038  00000-0 -29245-3 0  9990
2 39993  51.3624 301.7219 6229115 320.0854   7.8843  3.17697949 77927
1 38326U 10051H   18241.33422852 +.00000589 +00000-0 +12566-3 0  9999
2 38326 097.6890 075.8293 0184180 251.3796 106.7324 14.52442505405994
1 40164U 10042R   18242.60352925 -.00000127  00000-0  00000+0 0  9991
2 40164  26.3869 217.4076 7289280 300.7656 324.3366  1.89878616 43133
1 39329U 08011DG  14094.23208973  .00000258  00000-0  40004-2 0  9993
2 39329  48.8901 118.1387 6451277 309.5527   9.1345  3.06671036 27609
1 40263U 14059C   18241.84566677  .00000600  00000-0  15155-3 0  9995
2 40263  98.2878 330.6500 0110397 161.2412 199.2901 14.51047640207411
1 38303U 10009G   18236.79821562 -.00000003  00000-0  91259-4 0  9991
2 38303  63.3972  25.0593 0320628   7.8348 352.7523 13.57163875411867
1 39987U 08011DL  13077.05278311  .00001228  00000-0  31896-1 0  9992
2 39987  49.2348 248.8653 6407912 195.2470 337.6236  3.07308305  9188
1 38628U 08011CB  16071.39190343 +.00001856 +00000-0 +52750-2 0  9995
2 38628 048.7897 173.5329 6533135 223.5434 141.3492 03.13123694049066
1 38558U 06006CY  18238.02212899  .00049257  00000-0  41540-2 0  9999
2 38558  51.1248 170.5834 2502410  51.5869 328.4348 10.25799219254747
1 38660U 09072H   18242.06739851  .00000176  00000-0  76261-3 0  9996
2 38660 100.5845 180.3130 0156030 130.0519 290.1924 12.92318653402292
1 39600U 10057X   18241.14245087 -.00000148  00000-0 -37568-3 0  9995
2 39600  20.2285 308.1094 7227067 290.6312   9.7574  2.24492040 39155
1 40266U 14059F   18241.90788391 +.00000193 +00000-0 +91134-4 0  9993
2 40266 098.2278 263.2862 0188718 310.4866 047.9996 14.20967005203166
1 38307U 11066E   18242.41491716  .00038889  00000-0  50947-3 0  9999
2 38307  97.4258 231.7380 0039352 323.7297  36.1291 15.57539065371039
1 38598U 08011AV  16267.21248920 -.00000543  00000-0 -28023-2 0  9994
2 38598  48.9446 129.3579 6524337 255.5219 339.2934  3.08920699 62899
1 39987U 08011DL  13077.05278311 +.00001228 +00000-0 +31896-1 0  9992
2 39987 049.2348 248.8653 6407912 195.2470 337.6236 03.07308305009188
1 38628U 08011CB  16071.39190343  .00001856  00000-0  52750-2 0  9995
2 38628  48.7897 173.5329 6533135 223.5434 141.3492  3.13123694 49055
1 38558U 06006CY  18235.87790771  .00039746  00000-0  33652-2 0  9996
2 38558  51.1253 175.2543 2503174  47.9865 330.8604 10.25601866254523
1 38660U 09072H   18241.69281519 +.00000174 +00000-0 +75773-3 0  9992
2 38660 100.5845 179.9537 0156018 130.8648 347.5017 12.92318553401663
1 39600U 10057X   18240.25171523 -.00000123 +00000-0 -24409-3 0  9992
2 39600 020.2285 308.4306 7226800 290.0499 009.8954 02.24492178039131
1 40266U 14059F   18241.55581445  .00000196  00000-0  92441-4 0  9990
2 40266  98.2278 262.9579 0188730 311.5250  46.9868 14.20966842203165
1 38307U 11066E   18240.93720394 +.00044974 +00000-0 +59088-3 0  9998
2 38307 097.4228 230.1994 0039711 329.4016 030.4922 15.57416761370462
1 38598U 08011AV  16267.21248920 -.00000543 +00000-0 -28023-2 0  9994
2 38598 048.9446 129.3579 6524337 255.5219 339.2934 03.08920699062899
1 38961U 12044CU  18241.86483749 +.00023138 +45065-5 +44516-3 0  9998
2 38961 050.0896 105.7683 1738749 183.5728 175.1127 12.05958700235304
1 38605U 08011BC  16082.79245447 -.00006854  00000-0 -22518+0 0  9993
2 38605  49.1320 223.5179 6384388 171.1367 356.3974  3.07032609 56860
1 40000U 04042D   17363.55162519 -.00000325  00000-0  00000+0 0  9998
2 40000   9.4099  40.0997 0072974 344.2802  15.4783  1.00245515 32419
1 39029U 12072D   18241.61730016 +.00009445 +00000-0 +15901-3 0  9996
2 39029 097.1350 269.1327 0019458 297.1975 062.7295 15.51710478318964
