1 27007U 01056G   18241.93302232 +.00000229 +00000-0 +28679-3 0  9996
2 27007 099.2159 044.9793 0012779 225.5263 134.4842 13.74470136836931
1 27097U 01049AR  18242.17170706  .00005708  00000-0  15262-3 0  9994
2 27097  97.5083  18.1401 0036235  75.1760 285.3494 15.37811975910326
1 27115U 01049BK  18241.71198699  .00023823  00000-0  24245-3 0  9994
2 27115  97.6649 307.5807 0011563 131.9116 348.7069 15.65070877917478
1 27119U 01049BP  18242.22440142  .00000767  00000-0  49226-4 0  9997
2 27119  97.8268 238.3534 0033538 176.6981 183.4476 15.11225425909537
1 27121U 01049BR  18242.13647415  .00002086  00000-0  11308-3 0  9997
2 27121  97.2893 292.9634 0042349 201.3428 158.6041 15.14907127902025
1 27123U 01049BT  18242.55098107  .00000151  00000-0  36215-4 0  9999
2 27123  97.3368  91.8757 0043493 211.1336 148.7291 14.63909443889167
1 27128U 01049BY  18242.16698861  .00003629  00000-0  21593-3 0  9999
2 27128  97.5847   6.6761 0058225 136.9266 223.6542 15.10446523903628
1 27129U 01049BZ  18242.45296347  .00001232  00000-0  13404-3 0  9995
2 27129  97.9371 233.8113 0040735  46.2366 106.0055 14.89345778896642
1 27132U 01049CC  18242.77730590  .00000968  00000-0  66589-4 0  9995
2 27132  97.7421 219.9189 0048431 127.0279 353.2346 15.07436753920057
1 27133U 01049CD  18241.86934137 +.00000088 +00000-0 +25545-4 0  9998
2 27133 097.7459 323.9491 0044600 316.8083 042.9625 14.63375877889276
1 27142U 01049CN  18242.36578976  .00000230  00000-0  10363-3 0  9999
2 27142  97.3760  23.9787 0286611 301.3558  55.9860 14.10095073857479
1 27146U 01049CS  18242.41153059  .00000277  00000-0  45883-4 0  9997
2 27146  98.1797 217.4828 0052090 130.5072 349.6143 14.77357410894650
1 27147U 01049CT  18242.75446514  .00001648  00000-0  11504-3 0  9991
2 27147  97.5348 274.2029 0017857 193.6725 232.4400 15.06613567918054
1 27150U 01049CW  18241.90525440 +.00001647 +00000-0 +89041-4 0  9998
2 27150 097.8990 268.0728 0032313 007.8624 352.3107 15.15802946950827
1 27152U 01049CY  18242.77193748  .00000403  00000-0  56406-4 0  9996
2 27152  98.1333 223.1139 0035792 331.7619  28.1653 14.82827924897256
1 27153U 01049CZ  18241.90192806 +.00000792 +00000-0 +80198-4 0  9991
2 27153 097.9856 224.5076 0038202 318.7394 041.0939 14.93467620903213
1 27160U 01049DG  18241.83492911  .00000010  00000-0  10823-4 0  9992
2 27160  98.1599 185.7127 0047070 223.7581 189.8637 14.67653759893135
1 27216U 01049FL  18241.65466528 +.00001227 +00000-0 +97263-4 0  9993
2 27216 098.1523 182.3730 0035417 142.1370 341.3590 15.02147451903366
1 27218U 01049FN  18242.43216458  .00001119  00000-0  13573-3 0  9998
2 27218  99.0505  46.1760 0248376 111.0956 251.6991 14.66515820877257
1 27226U 01049FW  18241.87426904  .00000640  00000-0  67294-4 0  9991
2 27226  97.9150 221.7584 0027930  66.5069 293.9080 14.92721418900980
1 27255U 01049HB  18242.19463347  .00000484  00000-0  56223-4 0  9997
2 27255  97.8454 216.8046 0044177 148.7884 279.2388 14.89259198900408
1 27267U 01049HP  18241.41744910  .00000581  00000-0  66656-4 0  9991
2 27267  98.0511 229.4748 0043884 222.0111 137.7738 14.89264294899003
1 27305U 01049KB  18241.85861800  .00000127  00000-0  28661-4 0  9990
2 27305  98.1841 198.2617 0044065 190.3761 223.0352 14.71626049894143
1 27353U 01049MA  18242.76915750  .00001471  00000-0  92398-4 0  9999
2 27353  97.6637 240.9465 0025982  81.9753 278.4423 15.10611950903202
1 27530U 01049MV  18242.61913473  .00003019  00000-0  85569-4 0  9992
2 27530  97.6197  17.0246 0029392 140.8932 219.4444 15.36676445900835
1 27533U 02036D   13247.66985865 +.00000055 +00000-0 +31562-3 0  9991
2 27533 082.4864 023.1677 0021605 023.6469 350.4011 12.44781683497877
1 27538U 01049MW  18241.88027453  .00000945  00000-0  60701-4 0  9998
2 27538  97.6716 217.4979 0044560  62.7716 297.8042 15.10159938899617
1 27580U 01049MY  18239.10142543  .00000080  00000-0  20286-4 0  9999
2 27580  98.0699 189.3724 0048371  61.5162 299.0905 14.72988518866369
1 27582U 01049NA  18242.66000279  .00000283  00000-0  45595-4 0  9990
2 27582  98.2681 140.6809 0052681 247.7363 111.8255 14.78776525869976
1 27583U 01049NB  18241.25516583 +.00003060 +00000-0 +16839-3 0  9999
2 27583 097.6109 248.8668 0015232 164.8435 254.9465 15.14725478878625
1 27585U 01049ND  18241.78057542 +.00000208 +00000-0 +37990-4 0  9997
2 27585 098.0593 176.0348 0063856 069.3428 291.4612 14.74749770881240
1 27586U 01049NE  18242.23046525  .00000977  00000-0  48755-4 0  9992
2 27586  97.2722 248.5951 0044246 252.7266 106.9125 15.19032834888119
1 27653U 01049NQ  18241.39036046  .00000268  00000-0  43346-4 0  9994
2 27653  98.0813 203.9738 0063121 331.6681 181.3745 14.78296203868572
1 27655U 01049NS  18241.94230465 +.00000351 +00000-0 +10135-3 0  9990
2 27655 097.2742 137.0273 0175702 263.8454 094.2696 14.41087731849198
1 27657U 01049NU  18241.27342773  .00000881  00000-0  74331-4 0  9991
2 27657  97.9422 246.9090 0040919 147.2198 277.8525 15.00273805877590
1 27689U 01056H   18242.74459251 -.00000018  00000-0  48254-4 0  9995
2 27689  99.9235 299.5112 0208867 167.8591 305.4226 13.25714854808815
1 27690U 01056J   18241.93940751 -.00000056 +00000-0 -20963-4 0  9997
2 27690 100.3700 025.8627 0182977 055.7858 058.4198 13.30739606811608
1 27768U 02054D   18241.34937089 +.00000319 +00000-0 +71506-4 0  9996
2 27768 098.2447 029.5899 0035955 140.6957 219.6865 14.62854528837726
1 27769U 02054E   18242.38064444  .00000256  00000-0  55739-4 0  9998
2 27769  98.1832  30.9360 0037502  74.0466 286.4865 14.65643628839205
1 28055U 03048B   18241.90778199 +.00000360 +00000-0 +18312-3 0  9998
2 28055 098.6122 231.5945 0002495 137.2705 279.8792 14.21834681768951
1 28056U 03048C   18241.94176914 +.00000333 +00000-0 +17248-3 0  9997
2 28056 098.6126 231.6361 0002669 147.6449 212.4893 14.21305975768877
1 28080U 03048D   18241.96166463 +.00000426 +00000-0 +20417-3 0  9999
2 28080 098.5243 260.2178 0005284 167.7898 252.9739 14.23968270767270
1 28193U 04009D   18212.17110939 +.00030900 +18524-7 +19967-3 0  9995
2 28193 038.8312 166.6726 3022175 236.6616 090.7983 09.49778265356506
1 28225U 04012F   18242.20105468  .00146996  00000-0  99740-3 0  9996
2 28225  97.4394  77.6131 0004170 319.7324  40.3631 15.74523097778454
1 28232U 04012J   18241.94966991  .00034552  00000-0  69707-3 0  9994
2 28232  97.9384 229.0607 0024900 156.9949 203.2419 15.46118116771216
1 28264U 03010D   18241.44489443  .00007960  00000-0  25584-3 0  9991
2 28264  39.0837 270.7143 4800027 114.7279   6.0362  6.06863154274391
1 28354U 04021C   18241.91666176 -.00000011 +00000-0 +31019-4 0  9998
2 28354 070.9563 296.5126 0222477 022.0446 339.0038 13.68281095709619
1 28355U 04021D   18241.66921159 -.00000089 +00000-0 -45475-4 0  9993
2 28355 070.9688 316.3160 0229329 357.0506 118.9048 13.67536882709181
1 28356U 04021E   18242.45078826 -.00000001  00000-0  41352-4 0  9999
2 28356  71.0661 343.6619 0222862 287.1748 142.7065 13.68739438710070
1 28357U 04021F   18241.57211873 -.00000003  00000-0  36745-4 0  9995
2 28357  71.0735 281.8109 0201466 206.4298 230.1714 13.72840535712083
1 28429U 01049NP  18241.30425582 +.00003791 +00000-0 +19241-3 0  9994
2 28429 097.4148 266.1084 0015812 118.8786 241.4036 15.17406953810014
1 28430U 01049NW  18241.74970484 +.00000969 +00000-0 +74005-4 0  9994
2 28430 097.6300 226.9298 0038161 072.0571 288.4809 15.03750472828048
1 28432U 01049NY  18242.40802502  .00000604  00000-0  10871-3 0  9991
2 28432  97.7371 308.9126 0076587 177.6595 182.4984 14.68088570810447
1 28436U 01056K   18241.96900413 -.00000012 +00000-0 +53023-4 0  9994
2 28436 099.4285 025.8631 0192689 182.0975 291.6214 13.28641560810385
1 28437U 01056L   18241.90413517 -.00000029 +00000-0 +21455-4 0  9995
2 28437 099.4543 004.7105 0201098 235.5416 243.9861 13.27300681809374
1 28438U 02024E   18242.19146754  .00000450  00000-0  18829-3 0  9997
2 28438  98.4785 230.5281 0020603 296.6949  63.2125 14.30669579846204
1 28481U 04046C   18241.89497329 +.00000280 +00000-0 +95532-4 0  9992
2 28481 098.1599 341.6852 0131504 144.2291 334.7956 14.38690710720197
1 28482U 04046D   18241.96249756 +.00000436 +00000-0 +15299-3 0  9994
2 28482 098.7864 230.1520 0134211 028.3668 027.7433 14.35246945718797
1 28483U 04046E   18241.94350678 +.00000340 +00000-0 +10303-3 0  9994
2 28483 098.0620 043.8737 0111528 016.5477 134.0690 14.44586804723247
1 28484U 04046F   18241.97318299 +.00000278 +00000-0 +93597-4 0  9998
2 28484 098.6336 272.7709 0106611 240.2026 184.1547 14.41839697721763
1 28488U 04046G   07229.28095273  .00006150  00000-0  10047-2 0  9996
2 28488  98.1779 246.7669 0026016 320.1533  49.2311 14.71014898146717
1 28739U 05024C   18241.52261231 +.00002907 +00000-0 +18725-3 0  9992
2 28739 097.6060 345.1185 0090219 039.5789 321.1978 15.05812499705342
1 28740U 05024D   18241.14862173  .00001267  00000-0  12719-3 0  9999
2 28740  97.8252   9.3572 0128626 331.0512  28.3610 14.87215781701161
1 28742U 05024F   18242.18753450  .00002910  00000-0  25074-3 0  9997
2 28742  97.7265  36.8976 0112446 197.6181 162.1126 14.93338244702561
1 28785U 05024G   18242.22397507  .00002687  00000-0  18857-3 0  9998
2 28785  97.7909  35.1722 0099462 126.4164 234.6283 15.02089861703982
1 28850U 01049PC  18241.51879198  .00004875  00000-0  19365-3 0  9992
2 28850  97.6309 263.1612 0015408 100.3835 259.9140 15.25712664771136
1 28851U 01049PD  18241.16033484 +.00000677 +00000-0 +69982-4 0  9991
2 28851 097.9439 229.2089 0040120 176.2223 183.9306 14.92983974269169
1 28852U 01049PE  18241.67153071  .00000080  00000-0  20404-4 0  9997
2 28852  98.0921 191.9371 0045958  51.5782  71.6576 14.72888643818073
1 28853U 01049PF  18242.16017626  .00000275  00000-0  40142-4 0  9995
2 28853  98.0015 209.6523 0035369 222.5587 193.6883 14.83324798782256
1 28855U 01049PH  18242.18666114  .00000750  00000-0  78307-4 0  9993
2 28855  97.7464 224.3859 0001864  95.4243 264.7189 14.92585807874113
1 28856U 01049PJ  09318.18304321 +.00000267 +00000-0 +53812-4 0  9994
2 28856 097.7379 302.1955 0043603 282.1076 084.3433 14.68270261276861
1 28859U 01049PM  18241.82339018  .00001891  00000-0  11678-3 0  9991
2 28859  97.7147 246.6088 0019070 174.0786 186.0672 15.11020850828116
1 28897U 05043H   18241.95750340 +.00000138 +00000-0 +34974-4 0  9998
2 28897 097.9156 030.9900 0015947 186.4084 296.1586 14.64026419676802
1 29042U 04035J   18241.83311190 -.00000418 +00000-0 -30425-4 0  9994
2 29042 097.7494 259.9898 0007394 280.5568 079.4821 14.98003232284216
1 29043U 04035K   18241.25217352 +.00000120 +00000-0 +15271-4 0  9996
2 29043 097.7618 261.3633 0007483 316.3623 043.7006 14.97764885692172
1 29104U 01049PN  18239.84475837  .00004786  00000-0  21919-3 0  9999
2 29104  97.5132 250.3823 0017345 339.4648  20.5888 15.20845559762207
1 29105U 04021G   18241.61852609  .00000803  00000-0  69655-3 0  9992
2 29105  70.9239 234.6250 0214623  14.5420 346.1727 13.79095514708778
1 29106U 05049E   18242.38087149  .00000009  00000-0  00000+0 0  9991
2 29106   8.5956  50.7091 0018320 174.7628  48.4701  1.01166130 46108
1 29215U 02024F   18241.56859006 +.00000128 +00000-0 +17358-3 0  9990
2 29215 098.8134 140.3392 0247791 142.0445 337.9280 13.62180022792348
1 29216U 02024G   18242.76468929  .00000062  00000-0  99011-4 0  9998
2 29216  98.8058 219.3684 0230788  37.9765  81.0088 13.67305051802914
1 29217U 05024H   18241.68511738 +.00001964 +00000-0 +15633-3 0  9998
2 29217 097.6083 327.9173 0108884 182.1144 177.9633 14.96985849700576
1 29419U 03037D   13247.60541910 +.00000052 +00000-0 +29559-3 0  9991
2 29419 082.4735 014.9152 0024624 188.2064 188.7298 12.45651385453156
1 29421U 03037F   13281.19500608 +.00000012 +00000-0 +15703-4 0  9998
2 29421 082.4746 353.9503 0025727 117.3876 242.5210 12.45640837453542
1 29422U 04023D   18242.26423395  .00036906  47533-6  24512-3 0  9998
2 29422  38.8563 215.9356 3606350 133.2459 263.2004  8.34359808286714
1 29509U 06046E   18242.01850226  .00000180  00000-0  22608-4 0  9993
2 29509  97.9831 249.4223 0044821   6.1812 353.9951 14.93573744642584
1 29519U 04029D   18242.31519012  .00012587  00000-0  19980-2 0  9992
2 29519  88.1064 194.6102 3653283 203.2669 337.8447  7.96744559206220
1 29524U 06050C   18241.63925206 +.00000418 +00000-0 +21688-3 0  9993
2 29524 098.7804 265.8691 0007038 142.3204 336.4642 14.20092124610797
1 29525U 06050D   18241.96432795 +.00000355 +00000-0 +18493-3 0  9996
2 29525 098.7648 267.2278 0005586 139.3645 289.3010 14.20823839611074
1 29534U 05038D   18240.17064260 +.00001026 +00000-0 +19707-3 0  9996
2 29534 039.4145 235.9219 5852733 349.3631 002.2244 04.27017203185895
1 29536U 06015C   18242.45328270  .00000408  00000-0  93204-4 0  9999
2 29536  97.8541 319.2274 0162377 340.6471  18.8605 14.53131002647993
1 29537U 06015D   18241.11647192 +.00000307 +00000-0 +74410-4 0  9995
2 29537 097.9720 352.3899 0171382 045.0030 316.4908 14.51082083647005
1 29538U 06015E   18241.86406390 +.00000709 +00000-0 +13598-3 0  9996
2 29538 097.8665 026.2027 0145550 207.5137 151.8306 14.60215590649695
1 29539U 06015F   18242.16156545  .00000693  00000-0  13257-3 0  9999
2 29539  97.8757   5.0440 0137222 173.3950 309.6048 14.61072818651045
1 29600U 06050BS  18241.97296425 +.00000465 +00000-0 +23022-3 0  9995
2 29600 098.7593 269.1732 0008795 157.3056 267.9021 14.22028722609378
1 29676U 05049F   18200.04349691 -.00000225 +00000-0 +00000-0 0  9995
2 29676 008.4413 050.6093 0034866 338.9675 185.9332 01.02231434044473
1 31131U 03049D   18242.35748590  .00000232  00000-0  97694-4 0  9999
2 31131  98.6441 191.6403 0135628 149.2009   3.0211 14.29704229592033
1 31139U 03049E   18241.72174145  .00000398  00000-0  11313-3 0  9992
2 31139  98.1928 214.8801 0093365   7.3092 352.9438 14.48058360598967
1 31391U 06029D   18242.13223727  .00001027  00000-0  42728-4 0  9995
2 31391  64.5021 132.6069 0036125 261.9263  97.7767 15.29970852657717
1 31392U 06029E   18241.11147937  .00001345  00000-0  54708-4 0  9995
2 31392  64.5027 143.4481 0032418 259.5751 100.1724 15.29231263658627
1 31409U 05024J   18241.93554505  .00000489  00000-0  28364-4 0  9998
2 31409  97.5225 288.3501 0013378 135.5375 224.6934 15.16737712701847
1 31794U 07029C   18242.05238294  .00000051  00000-0  89257-4 0  9993
2 31794  71.0404  89.0215 0205856  33.7526 120.1641 13.71036693558988
1 31795U 07029D   18241.92106205 -.00000066 +00000-0 -24693-4 0  9996
2 31795 070.9455 092.6962 0222027 125.0851 342.0396 13.67867796557653
1 31796U 07029E   18241.87910986 +.00000135 +00000-0 +17562-3 0  9991
2 31796 071.0425 127.6869 0214188 082.3803 358.1618 13.68189288557771
1 31799U 07029F   18241.82945866  .00000041  00000-0  84777-4 0  9993
2 31799  70.9413 117.8139 0227100 171.3951 264.4556 13.65750802556560
1 32005U 04021H   18225.70456912 +.00000817 +00000-0 +73782-3 0  9995
2 32005 071.0962 347.1372 0215428 259.4993 098.1775 13.76777871254111
1 32006U 04021J   18235.36791654  .00000367  00000-0  34085-3 0  9997
2 32006  71.0967 244.9575 0185073 142.2781 219.1470 13.80822763703923
1 32033U 06006L   18239.82249212  .00000015  00000-0  74332-4 0  9995
2 32033  51.6870  61.2754 5108084 294.5017  21.3278  5.25226214219317
1 32036U 06006P   18240.01351769 -.00000027  00000-0  45073-4 0  9996
2 32036  51.7066  43.8193 5117819 305.5860  16.7871  5.25598598220323
1 32037U 06006Q   18241.15437660  .00001940  00000-0  80247-3 0  9993
2 32037  51.5890 143.5057 4954581 140.6989 268.5915  5.61083062230005
1 32040U 06006T   18241.26775886 +.00001800 +00000-0 +92407-3 0  9990
2 32040 051.6112 259.7444 5009521 056.1557 341.9926 05.50111084110947
1 32041U 06006U   18052.27072839 +.00001336 +00000-0 +31895-3 0  9998
2 32041 051.7855 349.7431 4506221 235.2563 292.4674 06.41498818231100
1 32044U 06006X   18026.18931859 -.00002437 +00000-0 -10732+0 0  9996
2 32044 051.0968 047.3787 4955821 164.3053 219.5754 04.79906258047370
1 32473U 07042C   18242.14296816  .00000261  00000-0  76328-4 0  9995
2 32473  98.2362 314.3402 0110715  36.9454 323.9300 14.48299993565941
1 32474U 07042D   18241.83001203 +.00000464 +00000-0 +86946-4 0  9997
2 32474 098.6594 189.4142 0098515 216.9347 142.5045 14.67163457579693
1 32491U 06006AE  13320.37222416 +.00237901 +00000-0 +19370-1 0  9990
2 32491 051.4460 290.0775 3240588 236.8047 322.6474 08.82360017139311
1 32492U 06006AF  18020.95417419  .00000044  00000-0  62249-4 0  9998
2 32492  51.3619 216.9333 4979133 218.7071 339.3329  5.31555280210106
1 32493U 06006AG  18242.15244567  .00000513  00000-0  45065-3 0  9996
2 32493  51.5885 290.9426 5009544  38.9116 348.2550  5.44803385224940
1 32494U 06006AH  18242.48567879 -.00000003  00000-0  38951-4 0  9999
2 32494  51.6669  51.9635 5104839 305.1375  17.0349  5.25635632220072
1 32496U 06006AK  18230.46827615 -.00000244  00000-0 -15452-3 0  9991
2 32496  51.7789  31.7328 5054926 309.6955  29.4721  5.35969558209916
1 32497U 06006AL  18065.46395795  .00000388  00000-0  45703-3 0  9996
2 32497  51.7043 134.2546 5054237 233.8777  68.2190  5.34364830202236
1 32498U 06006AM  17351.73456019  .00003767  00000-0  35438-2 0  9998
2 32498  51.6961 149.6245 4959895 225.1727  81.9343  5.51064894199382
1 32499U 06006AN  18242.35116873  .00001747  00000-0  66713-3 0  9995
2 32499  51.6096 204.5898 4961528  93.8453 321.8834  5.60740679217170
1 33458U 06053D   18241.01425415 -.00000092  00000-0  00000+0 0  9996
2 33458   6.6791  55.9650 0084487 335.8749  23.9060  1.00299454 36760
1 34220U 01049PQ  15357.22596365  .00003417  00000-0  13459-3 0  9994
2 34220  98.1773 348.9789 0008434  86.5561 273.6640 15.26385840629193
1 34221U 01049PR  18242.75250636 -.00000224  00000-0 -10458-4 0  9999
2 34221  98.5403 212.8501 0076812 215.4166 144.1941 15.01113480887585
1 34223U 02024H   18240.15216806  .00000097  00000-0  87482-4 0  9995
2 34223  99.1871 223.3447 0131771 309.2802  49.6734 14.01936406812963
1 34224U 06006AP  18241.95476642  .00000411  00000-0  11562-2 0  9999
2 34224  52.1082 138.8722 5023760 156.4678 238.3236  5.26876134198632
1 34226U 06006AR  18049.49311893 +.00002163 +00000-0 +19082-2 0  9993
2 34226 051.6700 110.1122 5027033 256.1729 045.1464 05.41300501095836
1 34227U 06006AS  18229.94282683 +.00000304 +00000-0 +12671-2 0  9990
2 34227 052.0355 054.6146 4920879 245.0274 332.3768 05.38483845094967
1 34228U 06006AT  11337.07599237 +.00086168 +00000-0 +30133-1 0  9998
2 34228 051.8664 211.9560 4577633 170.6514 354.1589 06.25036147076185
1 34229U 06006AU  18009.32360739 +.00006549 +00000-0 +28097-2 0  9995
2 34229 051.4167 112.1454 4505833 210.6617 112.9037 06.34739125078115
1 34230U 06006AV  18106.15916284  .00000185  00000-0  20302-3 0  9990
2 34230  51.4138 119.3291 5051028 235.3600  66.3577  5.32398254193820
1 34231U 06006AW  18240.50313337 -.00001996 +00000-0 -99703-2 0  9992
2 34231 052.0538 311.8255 5052791 049.6856 017.7018 05.12406347070890
1 34232U 06006AX  10188.84941953 +.00027218 +00000-0 +13005-1 0  9997
2 34232 051.6387 013.0302 5062914 165.2742 218.0214 05.42263510042517
1 34233U 06006AY  18087.46882538  .00000741  00000-0  11975-2 0  9992
2 34233  52.1877 137.1998 4867383 157.4242 234.6232  5.58371902194061
1 34234U 06006AZ  18241.70578397 +.00001673 +00000-0 +93836-3 0  9999
2 34234 051.5432 160.6924 4827985 135.6288 275.2147 05.78345694208203
1 34235U 06006BA  18044.61826835  .00000515  00000-0  77905-3 0  9997
2 34235  51.6925 152.2920 5030396 221.8249  86.3350  5.36125851189922
1 34236U 06006BB  18240.60356934  .00002186  00000-0  98266-3 0  9992
2 34236  51.6330 238.4573 5021707  66.8723 337.5387  5.49480629203080
1 34237U 06006BC  14231.07464448 +.00002331 +00000-0 +35286-2 0  9994
2 34237 051.7761 025.4036 4999229 231.5630 072.0905 05.39101773120194
1 34238U 06006BD  18111.61863099 +.00000795 +00000-0 +14402-2 0  9990
2 34238 051.6927 222.5978 5083257 182.7204 173.3308 05.24195058088629
1 34239U 06006BE  18230.33799535  .00006808  00000-0  17348-1 0  9997
2 34239  50.4708 222.5531 2303554 241.6816  93.2943  9.77654643361648
1 34241U 06006BG  18191.33728624 -.00000294  00000-0 -76810-3 0  9993
2 34241  51.8097  78.9370 4952297 261.2721 319.4077  5.35822368209193
1 34242U 06006BH  18233.03084539 -.00000016  00000-0  00000+0 0  9993
2 34242  54.7035 128.0656 4875288 136.7682 274.0420  4.98851309193508
1 34243U 06006BJ  18220.13098198 -.00000100 +00000-0 -67146-4 0  9991
2 34243 051.6569 064.6329 5089432 295.7503 020.9237 05.28465825194880
1 34244U 06006BK  18037.45010581  .00003510  00000-0  62069-2 0  9996
2 34244  51.9146  97.7482 4899581 206.3974 118.8597  5.52497676201752
1 34245U 06006BL  12141.60882022 +.00013363 +00000-0 +13065-1 0  9999
2 34245 051.8877 215.4324 4797855 176.0028 355.5973 05.76387557087708
1 27007U 01056G   18241.42346385  .00000249  00000-0  30863-3 0  9997
2 27007  99.2158  44.4877 0012744 226.8767 133.1318 13.74469991836899
1 27097U 01049AR  18241.65114996 +.00006829 +00000-0 +18214-3 0  9990
2 27097 097.5083 017.6078 0036268 076.9868 283.5422 15.37807252910227
1 27115U 01049BK  18240.69051462 +.00034743 +00000-0 +35324-3 0  9999
2 27115 097.6653 306.4698 0011561 135.1829 354.0904 15.65021058917301
1 27119U 01049BP  18241.95954827 +.00000765 +00000-0 +49132-4 0  9990
2 27119 097.8267 238.0824 0033512 177.6060 182.5336 15.11224944909390
