1 41322U 12026J   18237.46199697 -.00000156  00000-0  00000+0 0  9997
2 41322  12.5302 359.4978 4131945 341.6404   6.9501  1.77208756 17092
1 41741U 09055J   18241.88234326 +.00001853 +00000-0 +61102-3 0  9998
2 41741 098.5537 321.4899 0006203 354.5174 005.5944 14.39299272110874
1 41692U 07052Z   18239.93012963  .00004111  00000-0  30796-2 0  9996
2 41692  65.2071 214.9378 5796513 347.9125   2.5610  4.25892970 57637
1 41646U 08067S   16292.16851197  .00000385  00000-0  26712-1 0  9995
2 41646  64.9818 342.8782 5408150  69.1096 334.3728  4.13669091  5494
1 40870U 12008AL  15195.44609949 +.00000159 +00000-0 +12519-1 0  9990
2 40870 017.8614 008.0495 7306611 183.7542 163.8017 02.04627960014072
1 41649U 08067V   18240.95515283  .00001611  00000-0  22838-1 0  9991
2 41649  66.1905 128.6008 5622983  44.1087 349.1000  4.15707553 33401
1 41722U 15020K   18240.96665805  .00000048  00000-0  18253-3 0  9998
2 41722  82.4931 325.3233 0178567 273.8178  84.2518 12.70388071130005
1 40816U 10057AH  18241.96622065  .00000192  00000-0  48873-2 0  9998
2 40816  20.4810 335.4116 7112913 237.6568  34.4359  2.29213673 34336
1 41689U 07052W   18037.77969986  .01888812  00000-0  14051+0 0  9998
2 41689  64.9111 257.3614 4886402  14.7148 355.6075  5.86778452 55796
1 41439U 16012H   18241.95959589 +.00002769 +00000-0 +18421-3 0  9999
2 41439 031.0061 182.2648 0011980 096.7003 263.4997 15.04993198133162
1 41768U 06062J   18241.23195801  .00001601  00000-0  13354-2 0  9991
2 41768  64.2699 332.7820 5813823   7.3848 358.4248  4.22559318 29812
1 40833U 10057BA  15255.47588044  .00000249  00000-0  40764-2 0  9997
2 40833  20.7285  35.8446 7214841 195.3452 117.9128  2.18192546879416
1 41695U 10007M   17258.46786204  .00000057  00000-0  10000-2 0  9998
2 41695  65.0120 241.5735 5050318  79.9536 331.2490  4.44595654 50024
1 42980U 10041V   18241.54026739  .00000429  00000-0  36933-2 0  9992
2 42980  65.3317  56.8901 5657359  64.7189 342.6601  4.18926226 15013
1 43036U 17077C   18241.74566296 +.00002261 +00000-0 +10233-3 0  9992
2 43036 097.5595 320.7668 0011226 246.4518 113.5539 15.21917411040926
1 40987U 08066D   18241.10400851  .00000084  00000-0  00000+0 0  9994
2 40987   4.6534  59.2850 0153243 278.6900  79.8639  1.00345949 33868
1 41676U 07052H   17293.19324567 +.00003645 +00000-0 +11038+0 0  9997
2 41676 065.6862 001.7040 5483894 356.0781 005.3725 04.20436723048760
1 42671U 15069D   18241.80099494  .00000504  00000-0  10942-3 0  9998
2 42671  97.9399 182.5712 0161910 335.8105  23.5549 14.54596219140668
1 42674U 16012S   18241.95002450 +.00004116 +00000-0 +24761-3 0  9999
2 42674 031.0043 165.2011 0007786 132.7336 227.3958 15.09090638123345
1 41736U 09055D   18241.92115676 +.00001246 +00000-0 +42101-3 0  9997
2 41736 098.5179 319.6510 0002270 087.1125 273.0322 14.38643819110864
1 40822U 10057AP  18241.22384283 -.00000104  00000-0  42354-3 0  9994
2 40822  20.9993 348.4835 7215481 202.7107  93.9725  2.22263321 29146
1 41739U 09055G   18223.16692772  .07357665  92508-1  36393-1 0  9998
2 41739  98.5184 356.2742 0029410 300.8723  58.9653 15.87702166110437
1 40826U 10057AT  17238.85214310 -.00000054 +00000-0 -12266-3 0  9999
2 40826 020.6324 126.6158 7165570 312.3975 006.1420 02.24790460020985
1 41548U 15075J   18241.26993052 +.00000047 +00000-0 +00000-0 0  9993
2 41548 002.4265 073.4169 0382495 060.7383 303.5643 01.02192256010150
1 41447U 16012R   18242.18239358  .00003607  00000-0  22580-3 0  9992
2 41447  31.0001 173.0144 0008398 142.2979 217.8248 15.07530087133284
1 41805U 06062K   18241.44847114  .00000245  00000-0  26515-3 0  9994
2 41805  65.3775 337.7100 5781811 345.2672   3.2838  4.26400884 30153
1 40836U 10057BD  15256.27727524  .00000037  00000-0  77284-3 0  9990
2 40836  20.2554  42.2767 7202022 189.6739 139.5847  2.17986037879168
1 41544U 15075E   18240.99960228 -.00000145 +00000-0 +00000-0 0  9997
2 41544 002.0033 092.3378 0293102 084.8307 279.0238 01.05680526010125
1 43069U 17082E   18241.86643647 +.00000442 +00000-0 +15988-3 0  9994
2 43069 098.5017 313.1445 0032373 099.9304 260.5539 14.37945143035893
1 40991U 15044C   17281.88019700  .00000101  00000-0  00000+0 0  9990
2 40991  18.3581 189.5748 6146201  68.9010 344.1042  2.08537456 15720
1 41680U 07052M   16333.23774355  .00001267  00000-0  13651-1 0  9998
2 41680  64.2133  24.4426 4833597  31.4908 353.3541  5.30764298 40525
1 42677U 16029C   18241.38475117 +.00000184 +00000-0 +75086-4 0  9999
2 42677 097.9367 220.7727 0257626 221.6271 136.5045 14.21152590106411
1 42680U 16049E   18241.81268715 +.00000235 +00000-0 +84971-4 0  9997
2 42680 098.3744 243.4691 0019899 087.4564 272.8903 14.41713886105084
1 41642U 08067N   18241.65085890  .00000528  00000-0  71754-3 0  9997
2 41642  65.1853  93.2427 5750614  28.2917 353.6771  4.27472503 34992
1 41698U 10007Q   18240.06895514  .00000069  00000-0  81336-3 0  9998
2 41698  65.0618 119.8322 5525297  54.3517 345.5036  4.34559793 64209
1 41811U 06062R   18242.28568623  .00019552  00000-0  32390-2 0  9997
2 41811  64.5850 305.2618 5598620 358.3493   0.4738  4.66102222 32844
1 41702U 10007U   18242.01758726  .00028843  00000-0  37256-1 0  9994
2 41702  65.7545 113.5196 5279793  49.1868 346.0147  4.97731292 61558
1 40328U 14000A   18240.26595948 +.00000137 +00000-0 +00000-0 0  9996
2 40328 070.5558 219.7552 4544757 085.0408 323.6210 02.02606913027691
1 41040U 15064C   18242.61486491  .00001770  00000-0  48693-4 0  9990
2 41040  97.3789  20.0003 0015963 172.3932 187.7558 15.38463353156363
1 41684U 07052R   18150.16903462 -.00003298  00000-0 -55045-1 0  9997
2 41684  62.9458 213.1034 5183933  24.7236 353.4874  4.71821960 62357
1 41688U 07052V   18241.00304215  .00004569  00000-0  61539-2 0  9992
2 41688  64.2252 210.7411 5749510  24.5785 354.3994  4.27462678 62436
1 42976U 10041R   18158.79474086  .00019349  00000-0  19437+0 0  9991
2 42976  65.5281  81.2021 5593669  68.9707 340.6188  4.24894627 11728
1 41645U 08067R   18242.20530724 -.00000472  00000-0 -29380-2 0  9990
2 41645  65.1522 120.1854 5705517  41.9885 350.0288  4.15504739 33683
1 40864U 12008AE  17023.10082114 -.00001573  00000-0 -53895-1 0  9992
2 40864  19.8280 138.4121 7094240 218.2016  59.9189  2.25211943 16533
1 42465U 10042AG  18235.94536318 +.00000328 +00000-0 +68641-2 0  9996
2 42465 023.3304 148.2648 7477402 109.9721 338.9247 01.87042660018314
1 43097U 17084D   18241.74576697  .00005887  00000-0  15725-3 0  9991
2 43097  97.3357 319.3368 0053153 149.4320 211.0041 15.37029421 37779
1 40532U 13057E   18241.51792878 +.00000341 +00000-0 +87692-4 0  9997
2 40532 074.8786 179.8578 0235407 204.4391 154.5466 14.38066679180533
1 43104U 18002F   18242.19698910  .00001955  00000-0  80432-4 0  9994
2 43104  97.4283 317.3600 0051143 233.6984 125.9525 15.24210695 35480
1 41119U 11077AJ  18241.48224208 -.00000183  00000-0  00000+0 0  9990
2 41119  20.8975 206.8246 7246841 329.7939   3.2488  1.69755097 22605
1 41320U 12026G   18240.55795542 -.00000139  00000-0  00000+0 0  9991
2 41320  12.6685   2.1827 4158947 337.9509   8.3748  1.76040799 17184
1 41740U 09055H   18242.04670478  .00002802  00000-0  85476-3 0  9993
2 41740  98.5896 326.5811 0006875 165.1102 195.0291 14.42719541111065
1 42979U 10041U   18238.61283158 +.00000029 +00000-0 +23484-3 0  9998
2 42979 065.1670 053.1833 5637020 065.7895 342.1326 04.25533311015075
1 41718U 15020F   18241.82153629 -.00000005  00000-0 -55610-4 0  9999
2 41718  82.4875 293.5148 0229145 190.3544 169.2803 12.91188703152285
1 42670U 15069C   18241.85818316 +.00000704 +00000-0 +48037-4 0  9993
2 42670 097.8294 254.0007 0093883 227.5202 131.8063 15.06325578102455
1 41721U 15020J   18241.92901604  .00000082  00000-0  30633-3 0  9998
2 41721  82.4941 318.1993 0244824 251.8245 105.6061 12.74564242149325
1 40649U 15013F   16112.92530742 -.00000050 +00000-0 +00000-0 0  9992
2 40649 052.7812 202.5124 5584158 194.8970 137.7756 03.83508225014614
1 41691U 07052Y   18237.68071848  .00005415  00000-0  29215-2 0  9994
2 41691  64.4049 198.4929 5770454  15.0364 356.6041  4.32159286 58674
1 41324U 12026L   18241.97229325 -.00000130  00000-0  00000+0 0  9994
2 41324  12.6312 359.2727 4138939 345.5873   5.4553  1.79763205 17143
1 40830U 10057AX  15282.25758233  .00000102  00000-0  28443-2 0  9997
2 40830  20.5834  15.6925 7137220 234.6349  36.7777  2.22854353869431
1 41694U 07052AB  18239.21504492  .00000209  00000-0  56433-3 0  9993
2 41694  65.5378 234.1130 5755461 340.7142   4.2807  4.21432824 54075
1 40835U 10057BC  18235.61711411 -.00000261  00000-0  29361-3 0  9998
2 40835  20.4013  18.8887 7196347 160.4893 256.1491  2.20217351 27819
1 43035U 17077B   18242.18680782  .00001962  00000-0  78352-4 0  9991
2 43035  97.3423 315.2820 0017401 158.4940 201.7033 15.26200826 41081
1 41648U 08067U   16256.32863924 -.00004794  00000-0 -30016+0 0  9996
2 41648  64.8281 353.6398 5416086  72.9197 337.6300  4.13243737  3757
1 40872U 12035F   18097.02015033 -.00000171 +00000-0 +00000-0 0  9991
2 40872 002.8071 089.3264 0088581 151.1408 209.6572 01.02741501017014
1 41651U 08067X   16274.43082585 -.00000048  00000-0  00000+0 0  9995
2 41651  64.8611 347.9234 5382139  70.2204 338.8755  4.13828431  4493
1 41735U 09055C   18241.88587222 +.00002518 +00000-0 +81914-3 0  9999
2 41735 098.5176 319.8892 0018292 279.7445 080.1677 14.39548598110869
1 40818U 10057AK  18239.23501082 -.00000205 +00000-0 +00000-0 0  9996
2 40818 020.6790 007.9521 7119576 175.0820 200.6983 02.25697717028587
1 40824U 10057AR  17115.18755859  .00000770  00000-0  12337-1 0  9995
2 40824  19.3558 171.3014 7181525 252.2751  23.0491  2.22072289891642
1 41547U 15075H   18215.61682314 -.00000200 +00000-0 +00000-0 0  9990
2 41547 001.9704 097.3778 0266535 044.6662 317.3804 01.03191852009612
1 41743U 09055L   18241.44332519  .00001679  00000-0  54111-3 0  9993
2 41743  98.5378 321.6962 0008646  68.7990 291.4122 14.40530736110717
1 41445U 16012P   18241.95460383 +.00004807 +00000-0 +28293-3 0  9998
2 41445 031.0033 161.1876 0010542 147.5294 212.5994 15.09964608133360
1 41804U 14016H   18242.06089219  .00002996  00000-0  38642-3 0  9993
2 41804  98.1793 270.5340 0053452 251.9252 107.6133 14.80822220107808
1 43038U 17077E   18241.90976306 +.00003257 +00000-0 +10863-3 0  9994
2 43038 097.3142 315.8651 0040829 057.9394 302.5802 15.30996650041116
1 41679U 07052L   18237.01184871  .00002892  00000-0  34707-2 0  9996
2 41679  64.2627 212.4561 5759521  23.5096 354.6785  4.26980371 62473
1 42673U 15069F   18241.22599532  .00000127  00000-0  21386-4 0  9990
2 42673  97.9376 229.3991 0003608   1.0809 359.0412 14.84866900148693
1 42676U 16029B   18242.21080467  .00000212  00000-0  83307-4 0  9998
2 42676  98.0624 236.1073 0257270 235.2873 122.3831 14.22145926106486
1 41738U 09055F   18241.88090607  .00002062  00000-0  40752-3 0  9997
2 41738  98.5993 348.1598 0049342 121.5335 239.0698 14.62789546112214
1 41562U 08067L   18242.64446084  .00000073  00000-0  41522-3 0  9999
2 41562  65.0778 111.6337 5728773  22.1219 355.0988  4.20240066 37171
1 41697U 10007P   18241.46653646  .00000070  00000-0  17091-2 0  9998
2 41697  65.4079 194.2692 5326527  55.6850 343.8242  4.12945979 61353
1 41543U 15075D   18240.56897276 -.00000191  00000-0  00000+0 0  9991
2 41543   2.0482  88.6082 0251554  88.9074 274.4996  1.05306047 10069
1 41810U 06062Q   18235.25861537  .00019895  00000-0  25586-2 0  9994
2 41810  64.6783 299.2162 5484516 355.4761   1.1809  4.85560821 33841
1 40857U 12008X   18232.34985421 -.00000250  00000-0  50632-3 0  9994
2 40857  20.0280 314.8162 7159768 191.3966 133.5107  2.21538347 30335
1 41701U 10007T   18241.39522156  .00000057  00000-0  10000-2 0  9995
2 41701  65.4073 190.9757 5452486  47.5282 347.2318  4.13215196 61298
1 40327U 02005K   18242.31403408  .00001912  00000-0  44035-3 0  9995
2 40327  86.3896  89.2305 0008888 141.3883 218.7962 14.54884359198054
1 43096U 17084C   18242.16614935  .00002435  00000-0  96317-4 0  9998
2 43096  97.4622 320.0741 0018603 128.0648 232.2272 15.26290509 37580
1 40990U 15034F   18222.22968868 -.00000004  00000-0  00000+0 0  9993
2 40990   1.3136 207.2013 0079104  18.7281 340.8274  1.02651393 11450
1 41024U 15061C   18242.05443285  .00001574  00000-0  17109-3 0  9990
2 41024  97.3109 275.4029 0227155  41.3613 320.4550 14.72309492152021
1 41683U 07052Q   18242.08771850  .00003175  00000-0  39531-2 0  9998
2 41683  63.9345 195.1119 5720551  36.4815 351.4020  4.32294955 63426
1 42679U 16049D   18241.83623953 -.00000000 +00000-0 +12410-4 0  9996
2 42679 098.4091 251.8570 0006884 007.9341 352.1958 14.45199015108303
1 42973U 10041N   18240.55785751  .00000228  00000-0  20251-2 0  9993
2 42973  64.9075  53.0447 5624533  69.9603 340.4493  4.23217857 15183
1 41644U 08067Q   18242.75360639  .00005850  00000-0  21659-1 0  9998
2 41644  65.0306  95.0854 5627615  46.3732 348.5344  4.34064115 34881
1 41928U 16066H   18242.00603412  .00019564  00000-0  28526-2 0  9996
2 41928  98.5290 244.1202 0350600  61.9861 301.6331 14.41702094 93112
1 41704U 10007W   18241.46329081 +.00003894 +00000-0 +79364-1 0  9997
2 41704 065.3013 142.6689 5426566 043.8400 348.3469 04.35320300055990
1 40531U 13057D   18241.54653714 +.00000309 +00000-0 +78364-4 0  9994
2 40531 074.9774 194.4369 0232583 184.8813 175.0083 14.39162283180557
1 41042U 15064E   18241.93164819 +.00002304 +00000-0 +17142-3 0  9991
2 41042 097.1564 289.0939 0199452 355.0183 004.9047 14.89337090150936
1 41686U 07052T   18241.11354630  .00003385  00000-0  47779-2 0  9993
2 41686  64.2572 212.0444 5749489  24.2660 354.4744  4.27031324 62540
1 41690U 07052X   18111.47421640 +.00018138 +00000-0 +97686-2 0  9993
2 41690 063.8917 241.4430 5765713 034.7125 352.0047 04.32641947053133
1 40828U 10057AV  15203.28034756 +.00000353 +00000-0 +12955-1 0  9995
2 40828 020.8684 050.6336 7114068 165.2662 238.2739 02.24496229003816
1 42978U 10041T   18241.55714134 +.00000027 +00000-0 +23103-3 0  9993
2 42978 065.6562 045.1531 5465224 059.1619 343.4654 04.50664374016162
1 41647U 08067T   18241.82089313 -.00000003  00000-0  00000+0 0  9996
2 41647  64.5520 138.7269 5129780  52.9916 343.8828  4.12545664 33308
1 42468U 10057BH  18222.82872028 -.00000045 +00000-0 +82746-3 0  9999
2 42468 020.7085 339.4068 7168997 225.0528 047.9483 02.25902903029741
1 41720U 15020H   18241.88199493 +.00000047 +00000-0 +12031-3 0  9990
2 41720 082.4870 293.8986 0230154 191.1790 168.4156 12.90878206151228
1 43103U 18002E   18241.70866813  .00001288  00000-0  96880-4 0  9991
2 43103  97.6951 317.8303 0038735 125.5841 234.9004 15.03781127 34944
1 40594U 14088D   18242.04503883  .00001512  00000-0  46067-4 0  9997
2 40594  97.3437 331.2532 0006309 132.4534 227.7244 15.35540141200735
1 41319U 12026F   18240.89537678 -.00000136  00000-0  00000+0 0  9997
2 41319  12.7285   2.9261 4135544 337.6678   8.5457  1.76694500 17264
1 41323U 12026K   18240.58738346 -.00000137  00000-0  00000+0 0  9994
2 41323  12.4767 357.7049 4158669 344.7871   5.7236  1.77769430 17218
1 41742U 09055K   18241.91027384 +.00000453 +00000-0 +15874-3 0  9997
2 41742 098.4959 321.0513 0011679 174.0035 186.1295 14.39656955110831
1 41693U 07052AA  18014.31237017 +.00000720 +00000-0 +16605-2 0  9994
2 41693 065.6894 299.8858 5718846 348.4720 002.5764 04.28592805036151
1 40834U 10057BB  18241.89165386 -.00000175  00000-0  27484-3 0  9996
2 40834  20.5106  28.3098 7187420 141.1884 303.2023  2.19626692 27905
1 42981U 10041W   18241.72043792 -.00000060  00000-0 -30223-3 0  9991
2 42981  65.7756  46.9248 5472428  57.4283   9.0229  4.48811990 15738
1 40871U 12035E   18241.18350167 -.00000249 +00000-0 +00000-0 0  9994
2 40871 003.1650 087.6820 0032022 206.5966 032.3188 01.01518056022276
1 41650U 08067W   17023.20705350 -.23003682  00000-0  10000-3 0  9991
2 41650  65.3197 315.1788 5456152  63.0078 341.9668  4.14448087  3734
1 42672U 15069E   18241.83423204  .00000589  00000-0  11663-3 0  9996
2 42672  98.0099 195.9383 0161086 332.0271  27.2338 14.58220593141039
1 41723U 15020L   18237.87603004 +.00000266 +00000-0 +84838-3 0  9992
2 41723 082.4874 295.6116 0226024 198.7582 160.5099 12.91720767130958
1 40817U 10057AJ  17236.88938045 -.00000060 +00000-0 -52377-3 0  9992
2 40817 019.0984 164.1085 7175230 265.6053 017.1545 02.19853558019504
1 40823U 10057AQ  18241.29178214 -.00000098 +00000-0 +70962-3 0  9995
2 40823 020.9637 353.0878 7188214 195.5753 117.7690 02.23395276029300
1 41546U 15075G   18240.96854564 -.00000102  00000-0  00000+0 0  9993
2 41546   1.9976  96.0759 0241334  71.1313 291.9576  1.04637084  9992
1 41444U 16012N   18241.96320255 +.00004568 +00000-0 +28078-3 0  9996
2 41444 031.0023 170.1899 0010393 135.3408 224.8068 15.08369046133293
1 41798U 14016B   18241.61349377 +.00003996 +00000-0 +47390-3 0  9990
2 41798 098.1656 272.0939 0059644 245.1038 114.3969 14.83852417107777
1 41696U 10007N   18242.11707614  .00001054  00000-0  43206-1 0  9994
2 41696  64.6761 166.7587 5532529  80.6094 335.0189  4.06596414 60460
1 41542U 14087D   16102.50593157  .00009121  00000-0  21035-3 0  9998
2 41542  97.2850 201.0270 0005174 222.2385 137.8466 15.42782739 68807
1 43037U 17077D   18242.18332536  .00004959  00000-0  12987-3 0  9994
2 43037  97.5362 326.5804 0054168  79.3873 281.3466 15.37688420 41313
1 40989U 15034E   18237.54163045 -.00000015  00000-0  00000+0 0  9998
2 40989   1.2998 203.9794 0030621  95.1003 264.1335  1.01534481 11378
1 41678U 07052K   16273.28858696  .00000856  00000-0  43665-2 0  9996
2 41678  65.8557 108.7922 5480019  36.8608 344.5427  4.50383187 34219
1 42675U 16012T   18232.28491758 +.00004079 +00000-0 +25567-3 0  9992
2 42675 031.0116 237.6463 0007922 030.8612 329.2490 15.07596129085703
1 41737U 09055E   18241.84958374  .00005576  00000-0  15515-2 0  9997
2 41737  98.5779 328.7664 0021758 142.3707 217.9011 14.46648065111202
1 40827U 10057AU  17232.08073512 -.00001120  00000-0 -22242-1 0  9994
2 40827  20.3066 127.6434 7130138 315.4376   5.8443  2.26370379 21094
1 41561U 08067K   18203.67633523 +.00014865 +00000-0 +83181-1 0  9993
2 41561 065.2852 098.1497 5482945 035.9925 350.8262 04.49051416037577
1 41541U 14087C   18242.10933734  .00003535  00000-0  61797-4 0  9992
2 41541  97.3211 358.4781 0002102 279.6216  80.4799 15.51348954203517
1 41808U 06062N   16342.72621571  .00000000  00000-0  00000+0 0  9991
2 41808  64.6620 208.7305 4990304  23.4653 353.1895  5.73249200  6129
1 41545U 15075F   17244.81185559 -.00000097 +00000-0 +00000-0 0  9994
2 41545 001.2577 100.4271 0258370 072.8643 290.4509 01.05636214006297
1 43095U 17084B   18242.67399521  .00001684  00000-0  70895-4 0  9992
2 43095  97.4377 319.2127 0012291 114.9399 245.3117 15.24712906 37624
1 41023U 15061B   18241.87044142 +.00001480 +00000-0 +15147-3 0  9993
2 41023 097.2770 279.4768 0199716 003.7898 356.4771 14.78282934152677
1 41682U 07052P   18042.99808065 -.00022716 +00000-0 -10711+0 0  9994
2 41682 065.2632 329.3644 5698839 008.4633 357.2628 04.20895337053349
1 42678U 16049C   18241.85482133 -.00000001  00000-0  12175-4 0  9999
2 42678  98.4088 251.9710 0008736   3.4705 356.6545 14.45296825102366
1 42797U 17036AJ  18242.68568011  .00229136  00000-0  18884-2 0  9992
2 42797  97.4020 311.9768 0006671 190.3543 169.7583 15.69640093 65578
1 41643U 08067P   18231.91536869 -.00000064 +00000-0 +00000-0 0  9992
2 41643 064.7866 130.3203 5426780 054.0518 345.0308 04.14766935033480
1 41700U 10007S   18241.10924367  .00000192  00000-0  49962-2 0  9992
2 41700  65.0471 179.2069 5544163  58.0628 344.2496  4.10595044 61201
1 41846U 16066F   18242.04683349  .00000333  00000-0  60712-4 0  9995
2 41846  98.7496 271.9992 0368581  27.9059 334.1368 14.37390379 94513
1 41703U 10007V   18240.54232243  .00000095  00000-0  99414-3 0  9997
2 41703  65.0548 125.7817 5562297  55.1736 345.4148  4.30072766 54989
1 40530U 13057C   18241.20579284 +.00000369 +00000-0 +90925-4 0  9998
2 40530 075.0592 204.0207 0223225 140.7144 221.0459 14.40691866180618
1 41041U 15064D   18242.38834482  .00001645  00000-0  12862-3 0  9991
2 41041  97.2446 297.1508 0206339   5.7402 354.6110 14.87088898150790
1 41685U 07052S   17118.22263069  .00174662  00000-0  21841+0 0  9997
2 41685  65.5686  49.1062 5735656  25.2129 354.2492  4.30107044 36272
1 42977U 10041S   18238.60839381  .00005192  00000-0  60871-2 0  9996
2 42977  64.8391  39.1397 5638314  69.1522 340.8466  4.44994657 15693
1 40846U 11077AB  17347.26307043  .00000135  00000-0  18476-2 0  9992
2 40846  23.1620  77.8001 7602756 177.9318  13.2092  1.82303605 18970
1 42466U 10057BF  18231.63994609 -.00000249  00000-0  94560-3 0  9999
2 42466  20.7638  31.3228 7205250 130.6957 318.5418  2.18737817 24966
1 41719U 15020G   18241.52492601  .00000054  00000-0  19182-3 0  9998
2 41719  82.4934 317.8579 0221339 252.6009 105.0779 12.75062438149403
1 43102U 18002D   18241.73458203  .00001182  00000-0  78869-4 0  9993
2 43102  97.4496 312.2778 0017861  62.4193 297.8848 15.08802706 35066
1 40533U 13057F   18242.11474836  .00000343  00000-0  82681-4 0  9991
2 40533  74.9288 164.8215 0215297 172.5634 187.8814 14.43066430253947
1 41318U 12026E   18241.86898681 -.00000133  00000-0  00000+0 0  9995
2 41318  12.7208   2.7635 4142698 337.7999   8.4873  1.76517981 16904
