1 43096U 17084C   18212.66233162 +.00001520 +00000-0 +61559-4 0  9993
2 43096 097.4643 290.6083 0015947 231.4116 128.5695 15.26149854033095
1 41718U 15020F   18212.99561439  .00000079  00000-0  23422-3 0  9991
2 41718  82.4910 313.1566 0228059 259.3405  98.1948 12.91187349148564
1 40533U 13057F   18212.44221999  .00000279  00000-0  68849-4 0  9992
2 40533  74.9261 216.9582 0216236 239.0462 118.9294 14.43047523249669
1 42679U 16049D   18212.82680313 -.00000019 +00000-0 +71321-5 0  9993
2 42679 098.4084 223.1255 0008098 086.0066 274.2051 14.45196489104113
1 41688U 07052V   18208.01093079 +.00001506 +00000-0 +23169-2 0  9994
2 41688 064.1842 223.3649 5737261 025.3890 354.2778 04.27323761061021
1 40165U 10042S   18212.65223750 -.00000050 +00000-0 +38126-2 0  9995
2 40165 027.6820 164.8628 7335405 008.2631 064.9705 01.92865015048331
1 39629U 14014F   18212.85593805  .00000265  00000-0  11531-3 0  9993
2 39629  98.3644 219.0799 0175106 226.5306 132.1199 14.23780609225214
1 41318U 12026E   18207.88033615 -.00000152 +00000-0 +00000-0 0  9999
2 41318 012.7333 005.0984 4143434 333.0955 010.2176 01.76518378016308
1 41810U 06062Q   18208.45571180 +.00013163 +00000-0 +18585-2 0  9991
2 41810 064.6851 311.6777 5487497 356.7621 000.7812 04.84585472032541
1 40264U 14059D   18213.45710775  .00000561  00000-0  14357-3 0  9991
2 40264  97.7704 221.6214 0109115 194.7477 165.0529 14.50415747203209
1 41645U 08067R   18212.35236733  .00013137  00000-0  12336+0 0  9996
2 41645  65.2196 130.3812 5673582  42.5941 349.6381  4.15081184 32449
1 40870U 12008AL  15195.44609949 +.00000159 +00000-0 +12519-1 0  9990
2 40870 017.8614 008.0495 7306611 183.7542 163.8017 02.04627960014072
1 39998U 02040E   18210.81030556 -.00000019  00000-0  00000+0 0  9994
2 39998   9.9269  33.5903 0007732 129.7579 230.4022  1.01178461 35524
1 43103U 18002E   18212.43027698 +.00001409 +00000-0 +10587-3 0  9993
2 43103 097.6981 288.6996 0037040 224.2625 135.5636 15.03737711030544
1 41721U 15020J   18209.11716398 +.00000004 +00000-0 -21659-4 0  9991
2 41721 082.4954 339.8851 0245323 328.1182 030.5262 12.74562357145145
1 40816U 10057AH  18210.14940309 +.00000278 +00000-0 +72971-2 0  9999
2 40816 020.5129 346.7240 7106711 217.2510 061.7054 02.29189155033626
1 42973U 10041N   18209.60336951 +.00000722 +00000-0 +98347-2 0  9998
2 42973 064.9987 064.2752 5576069 070.4533 339.9141 04.23194608013872
1 41691U 07052Y   18211.98806889  .00002729  00000-0  16607-2 0  9996
2 41691  64.3918 208.5828 5765980  15.7523 356.4941  4.31928223 57569
1 39802U 08046P   18210.17538216 +.00047846 +00000-0 +37859-2 0  9998
2 39802 064.8459 281.7168 5649610 014.2484 356.7673 04.62182229066653
1 41322U 12026J   18211.50563461 -.00000131  00000-0  00000+0 0  9991
2 41322  12.5422   1.3011 4132243 338.0338   8.3074  1.77209231 16633
1 40833U 10057BA  15255.47588044  .00000249  00000-0  40764-2 0  9997
2 40833  20.7285  35.8446 7214841 195.3452 117.9128  2.18192546879416
1 39991U 08011DQ  13029.94691056 -.00001507 +00000-0 -10996-1 0  9997
2 39991 048.2833 251.4459 6548109 201.3131 348.6015 03.03718054013254
1 41928U 16066H   18212.84266712  .00008372  00000-0  13172-2 0  9999
2 41928  98.5235 214.9596 0341158 147.8696 214.3792 14.40558755 88915
1 40288U 14066C   18212.95928548 +.00000212 +00000-0 +96678-4 0  9998
2 40288 097.9017 208.5824 0189341 087.9685 274.3164 14.20510564194846
1 41648U 08067U   16256.32863924 -.00004794  00000-0 -30016+0 0  9996
2 41648  64.8281 353.6398 5416086  72.9197 337.6300  4.13243737  3757
1 42468U 10057BH  18202.05215082  .00000088  00000-0  13591-2 0  9990
2 42468  20.7305 346.7673 7168315 211.8057  71.5417  2.25901560 29279
1 40291U 14066F   18213.19462769  .00000072  00000-0  42587-4 0  9991
2 40291  98.4512 295.8650 0177923 120.5504 241.3368 14.23816415195409
1 41651U 08067X   16274.43082585 -.00000048  00000-0  00000+0 0  9995
2 41651  64.8611 347.9234 5382139  70.2204 338.8755  4.13828431  4493
1 40987U 08066D   17365.80611396  .00000140  00000-0  00000+0 0  9998
2 40987   4.2266  59.6560 0072375 260.0641  98.9192  1.00231399 31464
1 40052U 07029Q   14274.90043103 +.00038187 +00000-0 +35550-1 0  9993
2 40052 071.0609 353.4502 0314450 331.8363 025.6304 13.61881785013396
1 41735U 09055C   18212.90036262 +.00001357 +00000-0 +44916-3 0  9994
2 41735 098.5196 291.0809 0018730 011.6612 348.5006 14.39423546106694
1 40822U 10057AP  18207.13060964 -.00000096 +00000-0 +75772-3 0  9993
2 40822 021.0332 000.4040 7210326 181.2533 174.9134 02.22258797028385
1 42978U 10041T   18212.93213571 -.00000068 +00000-0 -20058-3 0  9995
2 42978 065.6650 055.9218 5460363 061.0818 342.7999 04.50660187014871
1 41694U 07052AB  18213.11301836  .00000072  00000-0  23323-3 0  9991
2 41694  65.5127 243.3683 5754764 342.2200   4.0335  4.21423098 52973
1 39933U 06006DF  18211.46676488 +.00000008 +00000-0 +33766-4 0  9998
2 39933 051.9654 246.6931 5114192 106.0318 314.1532 05.17103427151772
1 41439U 16012H   18213.50556940  .00001790  00000-0  11724-3 0  9995
2 41439  31.0078   4.4335 0011536 172.0492 188.0329 15.04878597128873
1 41544U 15075E   18211.66607704 -.00000190 +00000-0 +00000-0 0  9996
2 41544 001.9442 092.7907 0292930 083.6435 279.5542 01.05681237009813
1 42672U 15069E   18212.67190296 +.00000305 +00000-0 +64345-4 0  9990
2 42672 098.0069 167.8294 0163063 062.7856 298.9855 14.58191173136786
1 40328U 14000A   18213.12053354  .00000165  00000-0  00000+0 0  9991
2 40328  70.5536 220.7210 4544717  85.9409 323.0480  2.02608779 34701
1 41679U 07052L   18207.02876338 +.00002016 +00000-0 +27330-2 0  9992
2 41679 064.2190 223.9152 5749272 024.2134 354.5875 04.26850868061198
1 40991U 15044C   17281.88019700  .00000101  00000-0  00000+0 0  9990
2 40991  18.3581 189.5748 6146201  68.9010 344.1042  2.08537456 15720
1 41738U 09055F   18212.73955644 +.00006598 +00000-0 +12878-2 0  9995
2 41738 098.6053 317.8049 0047077 202.3931 157.5215 14.62595481107956
1 40173U 10057AB  14006.31657601 +.00019769 +00000-0 +18039+0 0  9990
2 40173 022.9885 223.5019 7158557 191.9305 131.3613 02.28429479016405
1 40826U 10057AT  17238.85214310 -.00000054 +00000-0 -12266-3 0  9999
2 40826 020.6324 126.6158 7165570 312.3975 006.1420 02.24790460020985
1 42981U 10041W   18212.74832453 +.00000034 +00000-0 +45469-3 0  9998
2 42981 065.7824 057.6837 5467537 059.4425 358.2549 04.48809758014442
1 41697U 10007P   18213.13230685  .00000085  00000-0  17091-2 0  9991
2 41697  65.2267 202.3184 5271430  56.9928 343.1275  4.12929087 60180
1 41447U 16012R   18213.51078060  .00003409  00000-0  21414-3 0  9993
2 41447  31.0019 357.3006 0007622 217.1473 142.8637 15.07345395128950
1 40836U 10057BD  15256.27727524  .00000037  00000-0  77284-3 0  9990
2 40836  20.2554  42.2767 7202022 189.6739 139.5847  2.17986037879168
1 39994U 08011DT  18212.27159694 -.00000066 +00000-0 -90303-3 0  9993
2 39994 048.9378 263.0777 6491503 091.1983 005.0519 03.07932199035502
1 40864U 12008AE  17023.10082114 -.00001573  00000-0 -53895-1 0  9992
2 40864  19.8280 138.4121 7094240 218.2016  59.9189  2.25211943 16533
1 41547U 15075H   18211.74056572 -.00000230  00000-0  00000+0 0  9993
2 41547   1.9623  97.4500 0266546  44.5333 317.4125  1.03192335  9560
1 42675U 16012T   18209.64045377 +.00002803 +00000-0 +17462-3 0  9996
2 42675 031.0134 023.1929 0006834 164.4472 195.6377 15.07447403082253
1 41683U 07052Q   18212.47250677 +.00001516 +00000-0 +23215-2 0  9996
2 41683 063.9092 206.7219 5707491 036.9149 351.2767 04.32160365062149
1 40154U 07003AN  09206.94999816 -.00000425 +00000-0 -11743-1 0  9996
2 40154 025.6598 143.8633 7630920 197.1707 104.3316 01.67178581010113
1 39601U 12044DU  18213.49387135  .00177488  13957-4  10314-2 0  9990
2 39601  49.8690 359.5385 0561920 144.3093 219.6804 14.79440169241217
1 41040U 15064C   18213.34494591  .00000957  00000-0  27451-4 0  9993
2 41040  97.3743 350.5700 0014254 285.4557  74.5114 15.38380634151860
1 41741U 09055J   18213.17036805  .00000739  00000-0  25265-3 0  9993
2 41741  98.5538 292.8480 0010102  89.9399 270.2946 14.39220720106749
1 41798U 14016B   18212.54729155  .00003495  00000-0  41774-3 0  9990
2 41798  98.1654 242.3617 0059936 342.5293  17.3857 14.83606633103464
1 40183U 11077G   18190.78896763 -.00000468  00000-0 -18910-2 0  9996
2 40183  22.2054  23.3597 7567580 293.2695   7.2689  1.81765599 33780
1 41562U 08067L   18212.89895605 +.00000111 +00000-0 +55504-3 0  9998
2 41562 065.0747 122.1819 5728092 023.4771 354.6960 04.20233001035927
1 43037U 17077D   18213.48186688  .00003608  00000-0  96345-4 0  9991
2 43037  97.5373 297.1340 0053337 179.6094 180.5201 15.37366057 36904
1 41701U 10007T   18210.41786869 +.00000068 +00000-0 +10000-2 0  9999
2 41701 065.3117 200.3572 5421406 048.9666 346.6495 04.13207613060019
1 43095U 17084B   18212.68058422  .00001268  00000-0  54309-4 0  9992
2 43095  97.4402 289.4264 0009672 215.7374 144.3217 15.24597796 33055
1 41704U 10007W   18210.44032123 -.00000126  00000-0 -28769-2 0  9990
2 41704  65.3014 153.3462 5398055  45.1551 347.7173  4.35056262 54641
1 40532U 13057E   18212.36861493 +.00000278 +00000-0 +73069-4 0  9990
2 40532 074.8764 230.8395 0236073 268.9198 088.4908 14.38047127176341
1 42678U 16049C   18212.84735106 -.00000013 +00000-0 +87289-5 0  9999
2 42678 098.4082 223.2381 0010021 083.7739 276.4594 14.45294296098170
1 41686U 07052T   18212.07095214  .00001419  00000-0  23602-2 0  9991
2 41686  64.2143 223.1008 5738476  24.9325 354.3673  4.26916009 61306
1 40164U 10042R   18213.19738980  .00000088  00000-0  00000+0 0  9997
2 40164  26.3381 224.9696 7299700 288.3029  23.5194  1.89877131 42571
1 39628U 14014E   18212.67892006 +.00000218 +00000-0 +60482-4 0  9995
2 39628 098.3451 288.9140 0105505 065.2855 295.9280 14.52980371229535
1 41119U 11077AJ  18212.61885388 -.00000101 +00000-0 +00000-0 0  9996
2 41119 020.8274 212.5816 7252619 319.5430 004.5498 01.69755360022122
1 41808U 06062N   16342.72621571  .00000000  00000-0  00000+0 0  9991
2 41808  64.6620 208.7305 4990304  23.4653 353.1895  5.73249200  6129
1 40263U 14059C   18212.67653107 +.00000503 +00000-0 +12980-3 0  9994
2 40263 098.2880 301.9027 0108251 250.8299 108.1154 14.51013407203120
1 41644U 08067Q   18212.56271869  .00014778  00000-0  77170-1 0  9998
2 41644  65.2611 106.4733 5597863  46.5325 348.1438  4.33783497 33571
1 39990U 08011DP  13093.16449355 +.00001343 +00000-0 +38972-2 0  9995
2 39990 048.9136 198.0876 6418239 235.8447 045.6250 03.27586095015854
1 39997U 08011DW  13296.97242389 +.00000969 +00000-0 +20000-1 0  9999
2 39997 049.8740 225.8006 6731970 198.3427 112.8608 02.72051466778349
1 43102U 18002D   18213.15029678  .00000724  00000-0  49873-4 0  9992
2 43102  97.4519 284.5316 0017373 152.0612 208.1553 15.08753083 30753
1 41720U 15020H   18212.58410631  .00000009  00000-0 -14132-6 0  9991
2 41720  82.4906 313.8526 0229077 261.2611  96.2492 12.90876793147443
1 40649U 15013F   16112.92530742 -.00000050 +00000-0 +00000-0 0  9992
2 40649 052.7812 202.5124 5584158 194.8970 137.7756 03.83508225014614
1 42797U 17036AJ  18212.15683321  .00101467  00000-0  12765-2 0  9991
2 42797  97.4046 279.9726 0006987 210.8051 149.2796 15.59294104 60802
1 41690U 07052X   18111.47421640  .00018138  00000-0  97686-2 0  9993
2 41690  63.8917 241.4430 5765713  34.7125 352.0047  4.32641947 54112
1 39799U 08046L   18208.40455499 -.00000383 +00000-0 -11187-2 0  9990
2 39799 064.9542 348.8544 5720216 026.0978 353.9684 04.21555148064159
1 41320U 12026G   18212.72530091 -.00000128  00000-0  00000+0 0  9993
2 41320  12.6799   4.0873 4159456 334.1044   9.8063  1.76040748 16696
1 40830U 10057AX  15282.25758233  .00000102  00000-0  28443-2 0  9997
2 40830  20.5834  15.6925 7137220 234.6349  36.7777  2.22854353869431
1 41846U 16066F   18212.67138329 +.00000202 +00000-0 +40327-4 0  9999
2 41846 098.7513 242.0364 0369334 114.8703 249.1352 14.37370533090293
1 40266U 14059F   18212.89739375 -.00000003 +00000-0 +14788-4 0  9998
2 40266 098.2282 236.2343 0191124 035.6505 325.7265 14.20957883199046
1 41647U 08067T   18209.80226302 -.00000009 +00000-0 +00000-0 0  9996
2 41647 064.5296 147.8889 5112986 053.2587 343.5902 04.12087632031994
1 42466U 10057BF  18209.71139776 -.00000235 +00000-0 -57584-4 0  9991
2 42466 020.7401 038.7614 7203474 117.2715 331.0798 02.18736179024481
1 40290U 14066E   18213.48439030  .00000356  00000-0  91940-4 0  9999
2 40290  97.9352 278.8556 0093785 288.7243  70.3794 14.53196680199393
1 41650U 08067W   17023.20705350 -.23003682  00000-0  10000-3 0  9991
2 41650  65.3197 315.1788 5456152  63.0078 341.9668  4.14448087  3734
1 40872U 12035F   18097.02015033 -.00000171  00000-0  00000+0 0  9990
2 40872   2.8071  89.3264 0088581 151.1408 209.6572  1.02741501 16990
1 40000U 04042D   17363.55183407 -.00000332  00000-0  00000+0 0  9995
2 40000   9.4060  40.1038 0077532 344.5713  15.1779  1.00303233 32417
1 41723U 15020L   18212.00529024 +.00000273 +00000-0 +87945-3 0  9999
2 41723 082.4904 313.2609 0224020 260.6024 096.9697 12.91709210127615
1 40818U 10057AK  18212.72413446 -.00000129  00000-0  00000+0 0  9991
2 40818  20.6714  17.0574 7116091 158.5944 260.6266  2.25695632 27971
1 40168U 10042V   14180.99290371 -.00000074 +00000-0 +68147-2 0  9990
2 40168 023.9952 170.6098 7306120 172.3245 213.3150 02.01116908013743
1 42977U 10041S   18208.46493416 +.00022751 +00000-0 +21286-1 0  9998
2 42977 064.9645 051.5535 5659479 069.8634 340.7852 04.43990061014358
1 41693U 07052AA  18014.31237017 +.00000720 +00000-0 +16605-2 0  9994
2 41693 065.6894 299.8858 5718846 348.4720 002.5764 04.28592805036151
1 39804U 08046R   18206.45404403 -.00000292 +00000-0 -43827-3 0  9995
2 39804 065.8563 332.9674 5654600 348.1284 002.6652 04.32872192065537
1 41324U 12026L   18212.49104853 -.00000123  00000-0  00000+0 0  9999
2 41324  12.6446   1.3956 4139481 341.3293   7.0079  1.79763649 16617
1 40835U 10057BC  18210.69144986 -.00000162  00000-0  32783-3 0  9998
2 40835  20.3808  27.3817 7192953 145.0774 295.8713  2.20215056 27260
1 42671U 15069D   18212.63485822 +.00000253 +00000-0 +59175-4 0  9994
2 42671 097.9382 154.8622 0163755 066.1521 295.6743 14.54571400136429
1 40327U 02005K   18213.15117030  .00001424  00000-0  32727-3 0  9991
2 40327  86.3867 101.8607 0008652 293.8061  66.2239 14.54805330193812
1 41678U 07052K   16273.28858696  .00000856  00000-0  43665-2 0  9996
2 41678  65.8557 108.7922 5480019  36.8608 344.5427  4.50383187 34219
1 40990U 15034F   18206.64741877 -.00000091 +00000-0 +00000-0 0  9997
2 40990 001.3216 208.3127 0078013 017.2034 342.6257 01.02653533011296
1 40152U 07003AL  17180.00330920 +.00000101 +00000-0 +00000-0 0  9998
2 40152 027.6187 136.9735 7337225 282.6488 010.8756 01.90767800071885
1 41737U 09055E   18213.21198096  .00004381  00000-0  12298-2 0  9992
2 41737  98.5768 299.7831 0019101 202.6172 157.4180 14.46368604107060
1 40824U 10057AR  17115.18755859  .00000770  00000-0  12337-1 0  9995
2 40824  19.3558 171.3014 7181525 252.2751  23.0491  2.22072289891642
1 42980U 10041V   18212.65619826  .00004388  00000-0  36100-1 0  9990
2 42980  65.4111  66.9889 5660010  65.7814 342.4081  4.18935599 13805
1 41696U 10007N   18209.89687661 -.00000244 +00000-0 -14250-1 0  9990
2 41696 064.6803 176.8081 5523543 081.7239 334.3733 04.06577766059157
1 41445U 16012P   18212.66743127  .00003295  00000-0  19359-3 0  9997
2 41445  31.0052 350.1222 0009472 214.2457 145.7571 15.09711009128939
1 39993U 08011DS  18211.40133067 -.00000062  00000-0  84567-3 0  9992
2 39993  51.3564 311.3155 6232301 312.7467   9.5126  3.17695844 77009
1 41543U 15075D   18164.60298571 -.00000071  00000-0  00000+0 0  9991
2 41543   1.8989  89.4580 0255446  84.9323 277.2250  1.05295050  9251
1 41546U 15075G   18212.29861689 -.00000159  00000-0  00000+0 0  9996
2 41546   1.9394  96.6144 0239921  68.3504 294.0500  1.04639381  9699
1 42674U 16012S   18212.64620188 +.00003132 +00000-0 +18822-3 0  9995
2 42674 031.0061 353.9921 0006989 198.1425 161.8964 15.08865080118916
1 41682U 07052P   18042.99808065 -.00022716 +00000-0 -10711+0 0  9994
2 41682 065.2632 329.3644 5698839 008.4633 357.2628 04.20895337053372
1 39600U 10057X   18210.41276857 -.00000091 +00000-0 -66334-4 0  9991
2 39600 020.2335 319.2174 7228134 270.5036 015.1649 02.24491106038468
1 41024U 15061C   18212.89786025 +.00000994 +00000-0 +11003-3 0  9993
2 41024 097.3126 249.1403 0227728 135.6136 226.3581 14.72237873147730
1 41740U 09055H   18213.19394091  .00002517  00000-0  77174-3 0  9990
2 41740  98.5884 297.5214 0004876 163.3111 196.8239 14.42563629106907
1 41768U 06062J   18208.10453723 +.00000155 +00000-0 +27252-3 0  9996
2 41768 064.3221 345.4086 5815259 008.2772 010.0750 04.22496955028411
1 40177U 10057AF  18211.68218440  .00000370  00000-0  67940-2 0  9996
2 40177  17.8789  13.4353 7210042 220.0725  54.8690  2.19423082 42979
1 41561U 08067K   18203.67633523 +.00014865 +00000-0 +83181-1 0  9993
2 41561 065.2852 098.1497 5482945 035.9925 350.8262 04.49051416037566
1 39987U 08011DL  13077.05278311  .00001228  00000-0  31896-1 0  9992
2 39987  49.2348 248.8653 6407912 195.2470 337.6236  3.07308305  9188
1 43036U 17077C   18212.68369311  .00001200  00000-0  55932-4 0  9990
2 43036  97.5616 291.5621 0012512 358.7454   1.3748 15.21813146 36470
1 41700U 10007S   18211.88295010 -.00000064  00000-0 -45468-2 0  9997
2 41700  65.0488 188.4285 5532166  59.3161 343.7390  4.10592832 60003
1 40857U 12008X   18209.40238095 -.00000142 +00000-0 +14213-2 0  9997
2 40857 020.1079 322.6556 7157979 177.1399 192.2914 02.21537116029834
1 39996U 08011DV  13298.39350232 -.00000021 +00000-0 +00000-0 0  9990
2 39996 047.3091 262.1861 5848285 187.3597 157.1287 02.93601464871954
1 40531U 13057D   18212.41919361 +.00000334 +00000-0 +84699-4 0  9997
2 40531 074.9765 245.1422 0233253 249.8783 107.7145 14.39143760176368
1 42677U 16029C   18212.16606189  .00000082  00000-0  42013-4 0  9999
2 42677  97.9336 194.4638 0257789 308.3726  49.4545 14.21141905102267
1 41685U 07052S   17118.22263069  .00174662  00000-0  21841+0 0  9997
2 41685  65.5686  49.1062 5735656  25.2129 354.2492  4.30107044 36272
1 40156U 07003AQ  18115.80962757  .00000292  00000-0  15192-1 0  9998
2 40156  26.7448 345.2252 7508706 221.5222  17.6102  1.84338002 54107
1 39627U 14014D   18212.81238776  .00000227  00000-0  10164-3 0  9999
2 39627  98.1178 153.3701 0179922 190.0608 169.6952 14.22614905225008
1 41042U 15064E   18213.10795585  .00001821  00000-0  13522-3 0  9990
2 41042  97.1587 262.9912 0202095  91.2484 271.1895 14.89210723146648
1 41805U 06062K   18212.60158441 -.00000030  00000-0  76273-4 0  9998
2 41805  65.4140 348.4051 5784076 346.8998   2.8140  4.26390782 28926
1 40245U 08046T   18212.26788973  .00000202  00000-0  20713-3 0  9997
2 40245  65.2525 310.6142 5724811   7.3312 358.3671  4.35159984 63362
1 41643U 08067P   18211.39016491 -.00000008  00000-0  00000+0 0  9993
2 41643  64.7756 136.6627 5335911  53.5915 344.6721  4.13561097 32638
1 43069U 17082E   18212.91923117 +.00000496 +00000-0 +17761-3 0  9991
2 43069 098.5035 284.4991 0031509 182.4747 177.6289 14.37918082031739
1 41703U 10007V   18210.77873706 +.00000360 +00000-0 +37857-2 0  9991
2 41703 065.0696 136.3398 5553496 056.5493 344.8092 04.30046160050853
1 43097U 17084D   18212.18575989  .00002604  00000-0  71856-4 0  9992
2 43097  97.3377 289.8376 0050823 256.5015 103.0564 15.36757241 33237
1 41719U 15020G   18212.64917759 +.00000029 +00000-0 +85284-4 0  9994
2 41719 082.4940 336.9548 0221589 319.8334 038.6564 12.75061038145721
1 40594U 14088D   18213.04543610  .00000835  00000-0  26534-4 0  9991
2 40594  97.3445 302.3474 0003577 238.2175 121.8721 15.35469779196283
1 42680U 16049E   18212.94119379 +.00000162 +00000-0 +62623-4 0  9999
2 42680 098.3725 215.1541 0018572 170.1548 190.0009 14.41699852100924
1 41689U 07052W   18037.77969986  .01888812  00000-0  14051+0 0  9998
2 41689  64.9111 257.3614 4886402  14.7148 355.6075  5.86778452 55796
1 40167U 10042U   18211.21841397  .00000178  00000-0  00000+0 0  9998
2 40167  26.1364 246.3384 7196864 257.6322  20.1314  1.93642503 40772
1 39798U 08046K   18212.29531596 -.00000443  00000-0 -22592-2 0  9993
2 39798  64.6968 345.3014 5671639  36.4216 351.2542  4.23044565 64461
1 41319U 12026F   18210.90206611 -.00000137  00000-0  00000+0 0  9997
2 41319  12.7395   4.9889 4135989 333.5046  10.0940  1.76694707 16736
1 40828U 10057AV  15203.28034756 +.00000353 +00000-0 +12955-1 0  9995
2 40828 020.8684 050.6336 7114068 165.2662 238.2739 02.24496229003816
1 41811U 06062R   18213.28713402  .00013259  00000-0  24207-2 0  9998
2 41811  64.6023 318.0166 5601098 359.5862   0.0974  4.65142349 31495
1 40265U 14059E   18212.86198340 +.00000182 +00000-0 +86385-4 0  9994
2 40265 097.9065 171.0799 0196100 000.7360 359.4071 14.19769142198889
1 41646U 08067S   16292.16851197  .00000385  00000-0  26712-1 0  9995
2 41646  64.9818 342.8782 5408150  69.1096 334.3728  4.13669091  5494
1 41649U 08067V   18212.78387342 +.00011511 +00000-0 +29507+0 0  9992
2 41649 066.2351 137.5147 5550075 044.8661 348.4830 04.14786518032259
1 40871U 12035E   18212.80093873  .00000030  00000-0  00000+0 0  9995
2 40871   3.1045  88.0589 0027667 210.5306  95.1603  1.01514019 21984
1 39999U 02040F   18192.24222306 -.00000034  00000-0  00000+0 0  9994
2 39999   9.7796  33.0877 0095232  52.2710 315.2644  1.01972184 27260
1 43104U 18002F   18212.45629837  .00001442  00000-0  60279-4 0  9990
2 43104  97.4309 287.8817 0051956 341.2715  18.6609 15.24092261 30955
1 41722U 15020K   18213.08742831  .00000008  00000-0 -66775-5 0  9997
2 41722  82.4916 343.6010 0179120 338.1380  21.2138 12.70387488126465
1 40817U 10057AJ  17236.88938045 -.00000060  00000-0 -52377-3 0  9992
2 40817  19.0984 164.1085 7175230 265.6053  17.1545  2.19853558 19492
1 42976U 10041R   18158.79474086  .00019349  00000-0  19437+0 0  9991
2 42976  65.5281  81.2021 5593669  68.9707 340.6188  4.24894627 11728
1 41692U 07052Z   18211.04345103  .00001306  00000-0  95733-3 0  9999
2 41692  65.1964 225.7092 5797635 349.3585   2.3469  4.25739714 56402
1 39803U 08046Q   18212.37769194 -.00000413  00000-0 -26120-2 0  9994
2 39803  64.7338 350.6004 5653102  35.6911 351.3899  4.22638114 64358
1 41323U 12026K   18212.46287820 -.00000125  00000-0  00000+0 0  9993
2 41323  12.4917 359.6811 4159153 340.8035   7.1722  1.77769387 16712
1 40834U 10057BB  18212.77950473 -.00000142  00000-0  49295-3 0  9998
2 40834  20.4755  38.1854 7184996 123.3173 325.8632  2.19624977 27260
1 42465U 10042AG  18212.96283511  .00000099  00000-0  23480-2 0  9994
2 42465  23.2954 154.9658 7473963  98.6915 343.9480  1.87032817 17885
1 40289U 14066D   18213.46966061  .00000254  00000-0  71836-4 0  9993
2 40289  98.5585 359.0913 0106981   2.0195 358.1409 14.51171866199095
1 42670U 15069C   18212.23108499  .00000298  00000-0  23027-4 0  9997
2 42670  97.8292 223.8923 0094153 329.3222  30.2519 15.06310859 97994
1 40326U 02005J   18213.11594693  .00010346  00000-0  11535-2 0  9996
2 40326  86.4108  88.6896 0019194 277.8190  82.0856 14.86821005196557
1 41676U 07052H   17293.19324567  .00003645  00000-0  11038+0 0  9997
2 41676  65.6862   1.7040 5483894 356.0781   5.3725  4.20436723 48760
1 40989U 15034E   18211.94282721 -.00000247  00000-0  00000+0 0  9994
2 40989   1.3156 206.6408 0029699  96.1830 263.3507  1.01535875 11111
1 40121U 08046S   18133.19927598 +.00065491 +00000-0 +60894-2 0  9996
2 40121 064.7855 309.8514 5544437 024.9747 353.9354 04.77883263062929
1 41736U 09055D   18213.54410854  .00000955  00000-0  32630-3 0  9992
2 41736  98.5185 291.4891 0004537 119.3376 240.8264 14.38582086106785
1 40823U 10057AQ  18210.05534631 -.00000125 +00000-0 +55371-3 0  9992
2 40823 020.9858 003.9611 7183624 175.9697 197.3023 02.23389382028607
1 42979U 10041U   18210.41252031 +.00000036 +00000-0 +47501-3 0  9996
2 42979 065.1752 063.1914 5631813 067.1624 341.6080 04.25532185013872
1 41695U 10007M   17258.46786204  .00000057  00000-0  10000-2 0  9998
2 41695  65.0120 241.5735 5050318  79.9536 331.2490  4.44595654 50024
1 41444U 16012N   18212.77751107 +.00002999 +00000-0 +18353-3 0  9998
2 41444 031.0040 358.0107 0009641 202.7566 157.2644 15.08139306128881
1 39992U 08011DR  13100.65203905 -.00000194 +00000-0 -78055-2 0  9990
2 39992 049.0269 254.1348 6327428 190.8939 142.1076 03.05273323015108
1 41542U 14087D   16102.50593157  .00009121  00000-0  21035-3 0  9998
2 41542  97.2850 201.0270 0005174 222.2385 137.8466 15.42782739 68807
1 39995U 08011DU  18212.08383219 -.00000155 +00000-0 -15711-2 0  9993
2 39995 049.2086 266.6685 6496786 071.8196 001.8604 03.08476308071290
1 41545U 15075F   17244.81185559 -.00000097  00000-0  00000+0 0  9993
2 41545   1.2577 100.4271 0258370  72.8643 290.4509  1.05636214  6286
1 42673U 15069F   18212.18201234  .00000003  00000-0  66993-5 0  9999
2 42673  97.9347 200.4729 0005257  77.3061 282.8741 14.84859861144386
1 40530U 13057C   18212.80362858 +.00000308 +00000-0 +77265-4 0  9994
2 40530 075.0586 253.3152 0223983 204.6924 154.3388 14.40674600176525
1 41680U 07052M   16333.23774355  .00001267  00000-0  13651-1 0  9998
2 41680  64.2133  24.4426 4833597  31.4908 353.3541  5.30764298 40525
1 41023U 15061B   18212.56120860 +.00000890 +00000-0 +92514-4 0  9997
2 41023 097.2792 252.9534 0201734 099.6079 262.7989 14.78212479148343
1 41739U 09055G   18210.93673731  .00639906  00000-0  14261-1 0  9992
2 41739  98.5644 341.6803 0033744 206.3103 153.6427 15.40598688108532
1 41743U 09055L   18213.03368253  .00002557  00000-0  81828-3 0  9992
2 41743  98.5383 293.3487 0009127 140.0444 220.1417 14.40431150106624
1 40176U 10057AE  18210.27130431  .00000174  00000-0 -52909-2 0  9994
2 40176  20.0024 136.5875 7237286 301.7300  92.0737  2.07874176956967
1 40827U 10057AU  17232.08073512 -.00001120  00000-0 -22242-1 0  9994
2 40827  20.3066 127.6434 7130138 315.4376   5.8443  2.26370379 21094
1 39934U 06006DG  13174.83813748 +.00048935 +00000-0 +11119-1 0  9991
2 39934 051.9938 012.1867 4178105 211.2021 110.7155 06.98403534078417
1 43035U 17077B   18213.00923518  .00001379  00000-0  56176-4 0  9999
2 43035  97.3446 286.6106 0014970 266.2707  93.6820 15.26074223 36638
1 41698U 10007Q   18212.91416885 +.00000568 +00000-0 +60512-2 0  9997
2 41698 065.0670 129.5810 5517272 055.6237 344.9539 04.34536181063020
1 41541U 14087C   18212.56495061 +.00002829 +00000-0 +50146-4 0  9996
2 41541 097.3180 328.4249 0004474 047.3311 312.8318 15.51136891198931
1 40846U 11077AB  17347.26307043  .00000135  00000-0  18476-2 0  9992
2 40846  23.1620  77.8001 7602756 177.9318  13.2092  1.82303605 18970
1 41548U 15075J   18212.89177154  .00000033  00000-0  00000+0 0  9991
2 41548   2.3716  73.3761 0383095  60.1152 303.7692  1.02191618  9438
1 42676U 16029B   18212.94235264 +.00000122 +00000-0 +54292-4 0  9993
2 42676 098.0601 209.2934 0257827 322.0123 036.3113 14.22130975102323
1 41684U 07052R   18150.16903462 -.00003298  00000-0 -55045-1 0  9997
2 41684  62.9458 213.1034 5183933  24.7236 353.4874  4.71821960 62357
1 40155U 07003AP  18209.15708024 -.00000222  00000-0 -64808-2 0  9998
2 40155  23.4830 197.2600 7321715 175.5854 199.4818  2.00991310 72872
1 39626U 14014C   18212.96503629 +.00000277 +00000-0 +73622-4 0  9990
2 39626 097.9546 207.5176 0105985 010.6173 349.7226 14.52573860229537
1 41041U 15064D   18212.37719748 +.00002239 +00000-0 +17195-3 0  9998
2 41041 097.2474 269.7346 0208611 105.3040 257.1339 14.86968248146336
1 41742U 09055K   18212.99751446  .00000340  00000-0  12270-3 0  9998
2 41742  98.4972 292.3821 0009519 262.3252  97.6855 14.39631726106674
1 41804U 14016H   18212.53010568  .00002900  00000-0  37603-3 0  9994
2 41804  98.1789 240.4244 0054120 350.9114   9.1113 14.80603230103439
1 40200U 12008K   18212.69932983 -.00000091  00000-0  00000+0 0  9990
2 40200  21.2223  43.5886 6989577  16.0765 358.0414  2.19200306937850
1 41642U 08067N   18213.10942341  .00000532  00000-0  76017-3 0  9991
2 41642  65.1838 103.8205 5749316  29.7401 353.2889  4.27435680 33774
1 43038U 17077E   18212.88811056 +.00002538 +00000-0 +85802-4 0  9996
2 43038 097.3165 287.2488 0040462 157.4659 202.8371 15.30794744036672
1 41702U 10007U   18210.21024174 +.00021760 +00000-0 +66524-1 0  9995
2 41702 065.8445 127.6042 5219013 050.6052 345.1390 04.95824401059971
