1 40989U 15034E   18237.54163045 -.00000015  00000-0  00000+0 0  9998
2 40989   1.2998 203.9794 0030621  95.1003 264.1335  1.01534481 11378
1 40328U 14000A   18240.26595948 +.00000137 +00000-0 +00000-0 0  9996
2 40328 070.5558 219.7552 4544757 085.0408 323.6210 02.02606913027691
1 39231U 13037H   18241.43207319 +.00000201 +00000-0 +98602-4 0  9999
2 39231 098.1184 110.3109 0254783 212.7256 145.7913 14.11556050258025
1 40121U 08046S   18133.19927598 +.00065491 +00000-0 +60894-2 0  9996
2 40121 064.7855 309.8514 5544437 024.9747 353.9354 04.77883263062929
1 40823U 10057AQ  18241.29178214 -.00000098 +00000-0 +70962-3 0  9995
2 40823 020.9637 353.0878 7188214 195.5753 117.7690 02.23395276029300
1 41444U 16012N   18241.96320255 +.00004568 +00000-0 +28078-3 0  9996
2 41444 031.0023 170.1899 0010393 135.3408 224.8068 15.08369046133293
1 41542U 14087D   16102.50593157  .00009121  00000-0  21035-3 0  9998
2 41542  97.2850 201.0270 0005174 222.2385 137.8466 15.42782739 68807
1 39803U 08046Q   18240.77167511 -.00000355  00000-0 -21036-2 0  9990
2 39803  64.7022 340.4945 5653854  34.6565 351.6704  4.22618127 65550
1 41689U 07052W   18037.77969986  .01888812  00000-0  14051+0 0  9998
2 41689  64.9111 257.3614 4886402  14.7148 355.6075  5.86778452 55796
1 38614U 08011BM  16259.11426498 -.00000070  00000-0  00000+0 0  9997
2 38614  49.2620 234.0715 6222327 157.8053 249.7101  3.02923393 58193
1 41023U 15061B   18241.87044142 +.00001480 +00000-0 +15147-3 0  9993
2 41023 097.2770 279.4768 0199716 003.7898 356.4771 14.78282934152677
1 40532U 13057E   18241.51792878 +.00000341 +00000-0 +87692-4 0  9997
2 40532 074.8786 179.8578 0235407 204.4391 154.5466 14.38066679180533
1 38644U 08011CT  15054.89036693  .00006627  00000-0  91808-2 0  9993
2 38644  49.3360 281.6706 6429062 113.1157 357.7154  3.31983178 45914
1 39331U 08011DJ  15295.02076717 +.00000025 +00000-0 +83052-3 0  9999
2 39331 048.7847 218.8898 6477118 182.6866 170.6102 03.16317968023257
1 41649U 08067V   18239.99286558 -.00005862  00000-0 -84281-1 0  9997
2 41649  66.2000 128.9189 5619372  44.1106 349.0805  4.15682097 33363
1 40827U 10057AU  17232.08073512 -.00001120  00000-0 -22242-1 0  9994
2 40827  20.3066 127.6434 7130138 315.4376   5.8443  2.26370379 21094
1 40176U 10057AE  18242.26287259 -.00000522  00000-0 -23303-1 0  9992
2 40176  20.1087 126.4258 7229267 319.7477 272.1286  2.07856729957633
1 41541U 14087C   18242.10933734  .00003535  00000-0  61797-4 0  9992
2 41541  97.3211 358.4781 0002102 279.6216  80.4799 15.51348954203517
1 40846U 11077AB  17347.26307043  .00000135  00000-0  18476-2 0  9992
2 40846  23.1620  77.8001 7602756 177.9318  13.2092  1.82303605 18970
1 41545U 15075F   17244.81185559 -.00000097 +00000-0 +00000-0 0  9994
2 41545 001.2577 100.4271 0258370 072.8643 290.4509 01.05636214006297
1 41692U 07052Z   18239.93012963  .00004111  00000-0  30796-2 0  9996
2 41692  65.2071 214.9378 5796513 347.9125   2.5610  4.25892970 57637
1 39992U 08011DR  13100.65203905 -.00000194 +00000-0 -78055-2 0  9990
2 39992 049.0269 254.1348 6327428 190.8939 142.1076 03.05273323015108
1 41695U 10007M   17258.46786204  .00000057  00000-0  10000-2 0  9998
2 41695  65.0120 241.5735 5050318  79.9536 331.2490  4.44595654 50024
1 39995U 08011DU  18241.25879369 -.00000352 +00000-0 -35080-2 0  9990
2 39995 049.1941 256.0311 6491825 080.9456 000.9829 03.08473369072190
1 38642U 08011CR  18231.25793733 -.00000614 +00000-0 -94880-2 0  9991
2 38642 048.7046 249.4261 6453767 117.9027 354.9079 03.08229969062167
1 41041U 15064D   18242.38834482  .00001645  00000-0  12862-3 0  9991
2 41041  97.2446 297.1508 0206339   5.7402 354.6110 14.87088898150790
1 40649U 15013F   16112.92530742 -.00000050 +00000-0 +00000-0 0  9992
2 40649 052.7812 202.5124 5584158 194.8970 137.7756 03.83508225014614
1 38659U 09072G   18241.83340345 +.00000171 +00000-0 +63325-3 0  9996
2 38659 100.3347 225.2674 0135219 335.3911 140.5103 13.05132316411190
1 40155U 07003AP  18235.94244083 -.00000073  00000-0  75778-2 0  9995
2 40155  23.4238 189.4339 7322267 189.3365 139.9821  2.00988171 73414
1 39601U 12044DU  18242.16625027  .00101399  10129-4  55294-3 0  9994
2 39601  49.8680 225.3347 0523193 256.4120  97.8048 14.89049648245476
1 41676U 07052H   17293.19324567 +.00003645 +00000-0 +11038+0 0  9997
2 41676 065.6862 001.7040 5483894 356.0781 005.3725 04.20436723048760
1 40200U 12008K   18241.43773398 -.00000075  00000-0  00000+0 0  9999
2 40200  21.2674  35.1388 6988229  31.2833 355.8326  2.19198289938485
1 39934U 06006DG  13174.83813748 +.00048935 +00000-0 +11119-1 0  9991
2 39934 051.9938 012.1867 4178105 211.2021 110.7155 06.98403534078417
1 41548U 15075J   18241.26993052 +.00000047 +00000-0 +00000-0 0  9993
2 41548 002.4265 073.4169 0382495 060.7383 303.5643 01.02192256010150
1 41642U 08067N   18241.65085890  .00000528  00000-0  71754-3 0  9997
2 41642  65.1853  93.2427 5750614  28.2917 353.6771  4.27472503 34992
1 41698U 10007Q   18240.06895514  .00000069  00000-0  81336-3 0  9998
2 41698  65.0618 119.8322 5525297  54.3517 345.5036  4.34559793 64209
1 41318U 12026E   18241.86898681 -.00000133  00000-0  00000+0 0  9995
2 41318  12.7208   2.7635 4142698 337.7999   8.4873  1.76517981 16904
1 40818U 10057AK  18239.23501082 -.00000205 +00000-0 +00000-0 0  9996
2 40818 020.6790 007.9521 7119576 175.0820 200.6983 02.25697717028587
1 38662U 12029D   18241.51300715 -.00000050 +00000-0 -16387-4 0  9993
2 38662 100.3325 348.6685 0131194 058.0492 303.3302 13.19021881297846
1 40165U 10042S   18242.24771649  .00000234  00000-0  30011-1 0  9995
2 40165  27.6873 157.1547 7338501  21.0222  93.2731  1.92866326 48894
1 41680U 07052M   16333.23774355  .00001267  00000-0  13651-1 0  9998
2 41680  64.2133  24.4426 4833597  31.4908 353.3541  5.30764298 40525
1 38595U 08011AS  15302.05614124  .00000000  00000-0  00000+0 0  9993
2 38595  49.7924 253.5313 6493810 120.9284 318.2576  3.08428684 52930
1 38948U 12044CH  18241.88669431 +.00020180 +45214-5 +40108-3 0  9992
2 38948 050.0713 115.6805 1741033 180.6440 179.2092 12.05145209241644
1 38961U 12044CU  18242.03054712  .00021503  44952-5  41573-3 0  9990
2 38961  50.0914 105.2645 1738682 183.9859 174.5352 12.05964727241927
1 40264U 14059D   18241.94865122 +.00000559 +00000-0 +14230-3 0  9990
2 40264 097.7712 247.9382 0111271 106.9315 254.4115 14.50446541207278
1 39119U 09049J   18242.19993033 -.00000018  00000-0  10378-4 0  9992
2 39119  98.4112 245.0675 0003301 306.5132  53.5742 14.21833281290185
1 38623U 08011BW  15051.94803497 +.00000258 +00000-0 +20355-1 0  9999
2 38623 049.1140 027.4995 6323170 032.9139 353.9319 03.05494782037924
1 39213U 13037F   18241.85449806 +.00000062 +00000-0 +18183-4 0  9995
2 39213 097.9768 251.4657 0012071 175.7800 184.3510 14.70597771274165
1 38632U 08011CF  18216.32901269 -.00000055 +00000-0 -38162-3 0  9997
2 38632 049.1044 186.3618 6488333 154.3948 358.6116 03.15461352055974
1 41645U 08067R   18242.20530724 -.00000472  00000-0 -29380-2 0  9990
2 41645  65.1522 120.1854 5705517  41.9885 350.0288  4.15504739 33683
1 41322U 12026J   18237.46199697 -.00000156  00000-0  00000+0 0  9997
2 41322  12.5302 359.4978 4131945 341.6404   6.9501  1.77208756 17092
1 38674U 06042D   17079.11633425  .00014492  00000-0  23176-3 0  9991
2 38674  39.8992 298.2758 4630707 328.7048  10.5631  6.40021775143916
1 39629U 14014F   18242.02070450  .00000262  00000-0  11287-3 0  9996
2 39629  98.3655 246.8513 0177590 140.9996 220.4148 14.23798883229369
1 40833U 10057BA  15255.47588044  .00000249  00000-0  40764-2 0  9997
2 40833  20.7285  35.8446 7214841 195.3452 117.9128  2.18192546879416
1 41684U 07052R   18150.16903462 -.00003298  00000-0 -55045-1 0  9997
2 41684  62.9458 213.1034 5183933  24.7236 353.4874  4.71821960 62357
1 38604U 08011BB  18236.39791692  .00000012  00000-0  37203-3 0  9998
2 38604  49.0516 226.5194 6511493 117.3669 321.8234  3.09022029 86597
1 40870U 12008AL  15195.44609949 +.00000159 +00000-0 +12519-1 0  9990
2 40870 017.8614 008.0495 7306611 183.7542 163.8017 02.04627960014072
1 40288U 14066C   18241.90868307 +.00000337 +00000-0 +14650-3 0  9998
2 40288 097.9044 234.4971 0187922 003.1329 357.0980 14.20528172198950
1 40291U 14066F   18241.86619131 +.00000135 +00000-0 +66434-4 0  9990
2 40291 098.4499 323.4377 0176987 037.2695 324.0614 14.23822486199436
1 39225U 13035F   18241.83753827 +.00000153 +00000-0 +71950-4 0  9997
2 39225 098.4622 337.6360 0180448 109.1557 252.9251 14.23990642260829
1 40052U 07029Q   14274.90043103 +.00038187 +00000-0 +35550-1 0  9993
2 40052 071.0609 353.4502 0314450 331.8363 025.6304 13.61881785013396
1 41648U 08067U   16256.32863924 -.00004794  00000-0 -30016+0 0  9996
2 41648  64.8281 353.6398 5416086  72.9197 337.6300  4.13243737  3757
1 40822U 10057AP  18241.22384283 -.00000104  00000-0  42354-3 0  9994
2 40822  20.9993 348.4835 7215481 202.7107  93.9725  2.22263321 29146
1 41439U 16012H   18241.95959589 +.00002769 +00000-0 +18421-3 0  9999
2 41439 031.0061 182.2648 0011980 096.7003 263.4997 15.04993198133162
1 38587U 08011AJ  13196.53044440  .00000266  00000-0  19257-2 0  9995
2 38587  48.7936 201.0213 6480353 237.7816 336.8672  3.08120861 25531
1 39802U 08046P   18210.17538216 +.00047846 +00000-0 +37859-2 0  9998
2 39802 064.8459 281.7168 5649610 014.2484 356.7673 04.62182229066507
1 41688U 07052V   18241.00304215  .00004569  00000-0  61539-2 0  9992
2 41688  64.2252 210.7411 5749510  24.5785 354.3994  4.27462678 62436
1 38613U 08011BL  18241.23210775  .00000311  00000-0  44161-3 0  9998
2 38613  48.8092 123.8973 6445565 228.4987 343.6945  3.30387145 78443
1 39991U 08011DQ  13029.94691056 -.00001507 +00000-0 -10996-1 0  9997
2 39991 048.2833 251.4459 6548109 201.3131 348.6015 03.03718054013254
1 40987U 08066D   18241.10400851  .00000084  00000-0  00000+0 0  9994
2 40987   4.6534  59.2850 0153243 278.6900  79.8639  1.00345949 33868
1 40991U 15044C   17281.88019700  .00000101  00000-0  00000+0 0  9990
2 40991  18.3581 189.5748 6146201  68.9010 344.1042  2.08537456 15720
1 40531U 13057D   18241.54653714 +.00000309 +00000-0 +78364-4 0  9994
2 40531 074.9774 194.4369 0232583 184.8813 175.0083 14.39162283180557
1 39329U 08011DG  14094.23208973  .00000258  00000-0  40004-2 0  9993
2 39329  48.8901 118.1387 6451277 309.5527   9.1345  3.06671036 27609
1 40826U 10057AT  17238.85214310 -.00000054 +00000-0 -12266-3 0  9999
2 40826 020.6324 126.6158 7165570 312.3975 006.1420 02.24790460020985
1 40173U 10057AB  14006.31657601 +.00019769 +00000-0 +18039+0 0  9990
2 40173 022.9885 223.5019 7158557 191.9305 131.3613 02.28429479016405
1 38584U 08011AF  18242.36660703  .00001065  00000-0  12260-1 0  9990
2 38584  48.7094 236.9351 6492169 130.9813   2.2003  3.06352059 80012
1 41447U 16012R   18242.18239358  .00003607  00000-0  22580-3 0  9992
2 41447  31.0001 173.0144 0008398 142.2979 217.8248 15.07530087133284
1 40836U 10057BD  15256.27727524  .00000037  00000-0  77284-3 0  9990
2 40836  20.2554  42.2767 7202022 189.6739 139.5847  2.17986037879168
1 41544U 15075E   18240.99960228 -.00000145 +00000-0 +00000-0 0  9997
2 41544 002.0033 092.3378 0293102 084.8307 279.0238 01.05680526010125
1 39933U 06006DF  18236.21328649  .00000166  00000-0  42443-3 0  9997
2 39933  51.9663 229.4648 5107619 118.5506 301.8177  5.17109084153066
1 41691U 07052Y   18237.68071848  .00005415  00000-0  29215-2 0  9994
2 41691  64.4049 198.4929 5770454  15.0364 356.6041  4.32159286 58674
1 38617U 08011BQ  18241.08582245 +.00000048 +00000-0 +91142-3 0  9997
2 38617 049.1913 154.3672 6384102 172.9123 204.6277 03.23533719082757
1 41694U 07052AB  18239.21504492  .00000209  00000-0  56433-3 0  9993
2 41694  65.5378 234.1130 5755461 340.7142   4.2807  4.21432824 54075
1 39994U 08011DT  18237.27117569 -.00000120 +00000-0 -11574-2 0  9998
2 39994 048.9423 253.9889 6483365 099.1366 358.4443 03.07929891036276
1 38638U 08011CM  15340.81164422  .00001692  00000-0  54234-2 0  9997
2 38638  48.6651 196.9694 6498491 206.7713  95.0822  3.16835269 52625
1 41040U 15064C   18238.19196697 +.00001221 +00000-0 +34294-4 0  9997
2 41040 097.3781 015.5516 0015514 188.3353 171.7637 15.38441020155681
1 40594U 14088D   18242.04503883  .00001512  00000-0  46067-4 0  9997
2 40594  97.3437 331.2532 0006309 132.4534 227.7244 15.35540141200735
1 38658U 09072F   18241.13775734 -.00000321  00000-0 -82104-3 0  9997
2 38658 100.3787 195.0999 0136017 311.1422 115.5884 13.04897604406398
1 40154U 07003AN  09206.94999816 -.00000425 +00000-0 -11743-1 0  9996
2 40154 025.6598 143.8633 7630920 197.1707 104.3316 01.67178581010113
1 39600U 10057X   18241.14245087 -.00000148  00000-0 -37568-3 0  9995
2 39600  20.2285 308.1094 7227067 290.6312   9.7574  2.24492040 39155
1 41651U 08067X   16274.43082585 -.00000048  00000-0  00000+0 0  9995
2 41651  64.8611 347.9234 5382139  70.2204 338.8755  4.13828431  4493
1 40183U 11077G   18190.78896763 -.00000468  00000-0 -18910-2 0  9996
2 40183  22.2054  23.3597 7567580 293.2695   7.2689  1.81765599 33780
1 40864U 12008AE  17023.10082114 -.00001573  00000-0 -53895-1 0  9992
2 40864  19.8280 138.4121 7094240 218.2016  59.9189  2.25211943 16533
1 41547U 15075H   18215.61682314 -.00000200 +00000-0 +00000-0 0  9990
2 41547 001.9704 097.3778 0266535 044.6662 317.3804 01.03191852009612
1 41562U 08067L   18240.74077321  .00000055  00000-0  28477-3 0  9996
2 41562  65.0756 112.3077 5728615  22.2127 355.0847  4.20239095 37095
1 41697U 10007P   18241.46653646  .00000070  00000-0  17091-2 0  9998
2 41697  65.4079 194.2692 5326527  55.6850 343.8242  4.12945979 61353
1 41119U 11077AJ  18241.48224208 -.00000183  00000-0  00000+0 0  9990
2 41119  20.8975 206.8246 7246841 329.7939   3.2488  1.69755097 22605
1 40817U 10057AJ  17236.88938045 -.00000060 +00000-0 -52377-3 0  9992
2 40817 019.0984 164.1085 7175230 265.6053 017.1545 02.19853558019504
1 38661U 12029C   18241.21956786 -.00000016  00000-0  65637-4 0  9997
2 38661 100.2580 338.8282 0124507  49.7069 311.4850 13.19174427297841
1 40164U 10042R   18239.40676191  .00000034  00000-0  00000+0 0  9995
2 40164  26.3814 218.2243 7290526 299.4168 299.1754  1.89876277 43079
1 41679U 07052L   18237.01184871  .00002892  00000-0  34707-2 0  9996
2 41679  64.2627 212.4561 5759521  23.5096 354.6785  4.26980371 62473
1 38907U 12044AQ  12335.42514951 +.00533393 +23217-4 +12536-1 0  9996
2 38907 049.9193 357.0839 2379252 216.9692 142.3996 10.68608655004579
1 38960U 12044CT  18241.42417163  .00012558  34579-5  27992-3 0  9997
2 38960  50.1379  36.5937 1924739 298.3042  43.6854 11.64908587235109
1 40263U 14059C   18241.84566677  .00000600  00000-0  15155-3 0  9995
2 40263  98.2878 330.6500 0110397 161.2412 199.2901 14.51047640207411
1 39029U 12072D   18242.06871272  .00007822  00000-0  13196-3 0  9997
2 39029  97.1350 269.5808 0019451 295.3520  64.5719 15.51716043319091
1 39205U 13035D   18242.21784427  .00000593  00000-0  13720-3 0  9996
2 39205  97.9820 326.4197 0099014 174.5927 185.6365 14.55698756271725
1 38630U 08011CD  15271.17731201 -.00001412  00000-0 -75793-2 0  9991
2 38630  49.2813 256.5100 6504270 137.2706 348.5675  3.11052931 42366
1 41644U 08067Q   18241.83230646  .00005363  00000-0  20321-1 0  9994
2 41644  65.0739  95.5042 5625650  46.1763 348.9407  4.34044630 34844
1 38637U 08011CL  16276.86353254 -.00000006  00000-0  11785-2 0  9996
2 38637  48.9743 164.2496 6394995 221.7358  66.0179  3.06794811 61419
1 41320U 12026G   18240.55795542 -.00000139  00000-0  00000+0 0  9991
2 41320  12.6685   2.1827 4158947 337.9509   8.3748  1.76040799 17184
1 38664U 12029F   18242.36637358  .00000022  00000-0  16748-3 0  9992
2 38664 100.0832 298.8264 0138130  85.7720 275.9162 13.12005443298843
1 39628U 14014E   18241.80812356 +.00000446 +00000-0 +11248-3 0  9990
2 39628 098.3435 317.9065 0103190 335.6441 023.9897 14.53000598233767
1 40830U 10057AX  15282.25758233  .00000102  00000-0  28443-2 0  9997
2 40830  20.5834  15.6925 7137220 234.6349  36.7777  2.22854353869431
1 38879U 12044L   12341.40151353 +.00033086 +17130-5 +10000-2 0  9999
2 38879 050.3167 350.8929 2505652 218.4632 120.8347 10.39923934004783
1 41683U 07052Q   18242.08771850  .00003175  00000-0  39531-2 0  9998
2 41683  63.9345 195.1119 5720551  36.4815 351.4020  4.32294955 63426
1 38603U 08011BA  18240.06459959 +.00000696 +00000-0 +19053-2 0  9993
2 38603 049.4956 201.7703 6510221 106.0870 330.4078 03.15801288065189
1 40266U 14059F   18241.90788391 +.00000193 +00000-0 +91134-4 0  9993
2 40266 098.2278 263.2862 0188718 310.4866 047.9996 14.20967005203166
1 39990U 08011DP  13093.16449355 +.00001343 +00000-0 +38972-2 0  9995
2 39990 048.9136 198.0876 6418239 235.8447 045.6250 03.27586095015854
1 40290U 14066E   18241.92123702 +.00000594 +00000-0 +14551-3 0  9991
2 40290 097.9331 305.7872 0095572 199.3949 160.3602 14.53226247203473
1 39224U 13035E   18241.93999349 +.00000285 +00000-0 +11803-3 0  9994
2 39224 097.8829 237.2287 0177312 027.8419 333.2115 14.24858955261006
1 38635U 08011CJ  16060.28620741 +.00003757 +00000-0 +14457+0 0  9990
2 38635 048.7782 222.0968 6366002 182.1778 073.2633 03.07351425054822
1 39997U 08011DW  13296.97242389 +.00000969 +00000-0 +20000-1 0  9999
2 39997 049.8740 225.8006 6731970 198.3427 112.8608 02.72051466778349
1 41647U 08067T   18241.82089313 -.00000003  00000-0  00000+0 0  9996
2 41647  64.5520 138.7269 5129780  52.9916 343.8828  4.12545664 33308
1 40168U 10042V   14180.99290371 -.00000074 +00000-0 +68147-2 0  9990
2 40168 023.9952 170.6098 7306120 172.3245 213.3150 02.01116908013743
1 41324U 12026L   18241.97229325 -.00000130  00000-0  00000+0 0  9994
2 41324  12.6312 359.2727 4138939 345.5873   5.4553  1.79763205 17143
1 38678U 09014D   18229.12015447  .00103740  78509-7  23185-3 0  9995
2 38678  40.0925 136.3652 3013819 259.2038 281.7125  9.58029536181175
1 39799U 08046L   18242.32773108 -.00000239  00000-0 -68379-3 0  9995
2 39799  64.9112 336.6733 5721324  24.6269 354.3703  4.21535789 65837
1 40835U 10057BC  18235.61711411 -.00000261  00000-0  29361-3 0  9998
2 40835  20.4013  18.8887 7196347 160.4893 256.1491  2.20217351 27819
1 41686U 07052T   18241.11354630  .00003385  00000-0  47779-2 0  9993
2 41686  64.2572 212.0444 5749489  24.2660 354.4744  4.27031324 62540
1 38607U 08011BE  18236.07722778 -.00000121  00000-0 -57022-3 0  9999
2 38607  49.7051 304.0548 6437438  27.3885   7.8504  3.05908818 84585
1 40872U 12035F   18097.02015033 -.00000171 +00000-0 +00000-0 0  9991
2 40872 002.8071 089.3264 0088581 151.1408 209.6572 01.02741501017014
1 40990U 15034F   18222.22968868 -.00000004  00000-0  00000+0 0  9993
2 40990   1.3136 207.2013 0079104  18.7281 340.8274  1.02651393 11450
1 40530U 13057C   18241.20579284 +.00000369 +00000-0 +90925-4 0  9998
2 40530 075.0592 204.0207 0223225 140.7144 221.0459 14.40691866180618
1 39327U 08011DE  18240.45842056 -.00000256  00000-0 -23989-2 0  9991
2 39327  49.7964 331.5167 6551434   5.7352  16.3237  2.94944499 70622
1 40152U 07003AL  17180.00330920 +.00000101 +00000-0 +00000-0 0  9998
2 40152 027.6187 136.9735 7337225 282.6488 010.8756 01.90767800025143
1 40824U 10057AR  17115.18755859  .00000770  00000-0  12337-1 0  9995
2 40824  19.3558 171.3014 7181525 252.2751  23.0491  2.22072289891642
1 41445U 16012P   18241.95460383 +.00004807 +00000-0 +28293-3 0  9998
2 41445 031.0033 161.1876 0010542 147.5294 212.5994 15.09964608133360
1 41543U 15075D   18240.56897276 -.00000191  00000-0  00000+0 0  9991
2 41543   2.0482  88.6082 0251554  88.9074 274.4996  1.05306047 10069
1 39804U 08046R   18230.24900526 +.00000145 +00000-0 +82091-3 0  9997
2 39804 065.8266 324.3870 5653784 346.3986 003.1615 04.32873225066568
1 41690U 07052X   18111.47421640 +.00018138 +00000-0 +97686-2 0  9993
2 41690 063.8917 241.4430 5765713 034.7125 352.0047 04.32641947053133
1 38615U 08011BN  18242.02974701 -.00000330  00000-0 -16015-2 0  9993
2 38615  49.0924 190.1767 6506006 149.8824 273.2564  3.11680726 81500
1 41693U 07052AA  18014.31237017 +.00000720 +00000-0 +16605-2 0  9994
2 41693 065.6894 299.8858 5718846 348.4720 002.5764 04.28592805036151
1 39993U 08011DS  18240.35845432 -.00000038  00000-0 -29245-3 0  9990
2 39993  51.3624 301.7219 6229115 320.0854   7.8843  3.17697949 77927
1 41024U 15061C   18242.05443285  .00001574  00000-0  17109-3 0  9990
2 41024  97.3109 275.4029 0227155  41.3613 320.4550 14.72309492152021
1 40533U 13057F   18242.11474836  .00000343  00000-0  82681-4 0  9991
2 40533  74.9288 164.8215 0215297 172.5634 187.8814 14.43066430253947
1 38657U 09072E   18242.11197144  .00000026  00000-0  16036-3 0  9999
2 38657 100.3389 332.1694 0134508 161.2102 319.1076 13.22303310416306
1 39342U 10057G   18238.36638505 -.00000245  00000-0 -20384-3 0  9995
2 39342  20.4929  11.5508 7201928 172.1458 271.2019  2.20575264 56079
1 41650U 08067W   17023.20705350 -.23003682  00000-0  10000-3 0  9991
2 41650  65.3197 315.1788 5456152  63.0078 341.9668  4.14448087  3734
1 40177U 10057AF  18239.90859326  .00000725  00000-0  10897-1 0  9997
2 40177  17.8897   3.7841 7214857 238.0177  32.8443  2.19455653 43591
1 40857U 12008X   18232.34985421 -.00000250  00000-0  50632-3 0  9994
2 40857  20.0280 314.8162 7159768 191.3966 133.5107  2.21538347 30335
1 41546U 15075G   18240.96854564 -.00000102  00000-0  00000+0 0  9993
2 41546   1.9976  96.0759 0241334  71.1313 291.9576  1.04637084  9992
1 41561U 08067K   18203.67633523 +.00014865 +00000-0 +83181-1 0  9993
2 41561 065.2852 098.1497 5482945 035.9925 350.8262 04.49051416037577
1 41696U 10007N   18242.11707614  .00001054  00000-0  43206-1 0  9994
2 41696  64.6761 166.7587 5532529  80.6094 335.0189  4.06596414 60460
1 41042U 15064E   18241.93164819 +.00002304 +00000-0 +17142-3 0  9991
2 41042 097.1564 289.0939 0199452 355.0183 004.9047 14.89337090150936
1 40816U 10057AH  18241.96622065  .00000192  00000-0  48873-2 0  9998
2 40816  20.4810 335.4116 7112913 237.6568  34.4359  2.29213673 34336
1 38660U 09072H   18242.06739851  .00000176  00000-0  76261-3 0  9996
2 38660 100.5845 180.3130 0156030 130.0519 290.1924 12.92318653402292
1 40156U 07003AQ  18115.80962757 +.00000292 +00000-0 +15192-1 0  9998
2 40156 026.7448 345.2252 7508706 221.5222 017.6102 01.84338002026847
1 39626U 14014C   18241.96476492 +.00000459 +00000-0 +11550-3 0  9992
2 39626 097.9572 235.0334 0103652 280.0786 078.8730 14.52600263233746
1 41678U 07052K   16273.28858696  .00000856  00000-0  43665-2 0  9996
2 41678  65.8557 108.7922 5480019  36.8608 344.5427  4.50383187 34219
1 38959U 12044CS  12344.36753397 +.00574484 +25319-4 +14382-1 0  9997
2 38959 050.0801 347.6370 2643477 223.0607 011.5103 10.14004847004928
1 40245U 08046T   18241.22244952  .00001217  00000-0  96177-3 0  9993
2 40245  65.2582 299.5644 5727745   5.7138 358.8191  4.35189023 64634
1 38989U 12044DS  12343.36749356 +.00460866 +17806-4 +11798-1 0  9997
2 38989 050.0222 336.8270 2352548 231.3525 164.4036 10.73045609005104
1 39987U 08011DL  13077.05278311  .00001228  00000-0  31896-1 0  9992
2 39987  49.2348 248.8653 6407912 195.2470 337.6236  3.07308305  9188
1 38628U 08011CB  16071.39190343 +.00001856 +00000-0 +52750-2 0  9995
2 38628 048.7897 173.5329 6533135 223.5434 141.3492 03.13123694049066
1 41643U 08067P   18231.91536869 -.00000064 +00000-0 +00000-0 0  9992
2 41643 064.7866 130.3203 5426780 054.0518 345.0308 04.14766935033480
1 39996U 08011DV  13298.39350232 -.00000021 +00000-0 +00000-0 0  9990
2 39996 047.3091 262.1861 5848285 187.3597 157.1287 02.93601464871954
1 41700U 10007S   18241.10924367  .00000192  00000-0  49962-2 0  9992
2 41700  65.0471 179.2069 5544163  58.0628 344.2496  4.10595044 61201
1 41319U 12026F   18240.89537678 -.00000136  00000-0  00000+0 0  9997
2 41319  12.7285   2.9261 4135544 337.6678   8.5457  1.76694500 17264
1 38663U 12029E   18241.98441491  .00000085  00000-0  35386-3 0  9997
2 38663 100.1568 299.2722 0139418 126.9360 234.4613 13.08251434295544
1 40167U 10042U   18241.16324235  .00000021  00000-0  00000+0 0  9999
2 40167  26.1051 238.6425 7191953 270.2487  15.1952  1.93644153 41352
1 39627U 14014D   18241.79010351  .00000368  00000-0  15376-3 0  9991
2 39627  98.1189 180.1015 0182158 104.8196 257.3241 14.22632414229124
1 40828U 10057AV  15203.28034756 +.00000353 +00000-0 +12955-1 0  9995
2 40828 020.8684 050.6336 7114068 165.2662 238.2739 02.24496229003816
1 41682U 07052P   18042.99808065 -.00022716 +00000-0 -10711+0 0  9994
2 41682 065.2632 329.3644 5698839 008.4633 357.2628 04.20895337053349
1 38598U 08011AV  16267.21248920 -.00000543  00000-0 -28023-2 0  9994
2 38598  48.9446 129.3579 6524337 255.5219 339.2934  3.08920699 62899
1 38957U 12044CQ  18242.21878442  .00019685  51892-5  36026-3 0  9995
2 38957  50.0093 239.7896 1775979  94.4262 286.0513 11.98987828238208
1 38971U 12044DE  18242.34362404  .00015621  41283-5  29048-3 0  9996
2 38971  50.1002   0.6502 1614234 270.9971  70.7110 12.33303476243666
1 40265U 14059E   18241.82647957  .00000201  00000-0  94824-4 0  9994
2 40265  97.9089 196.9947 0193403 275.2196  82.6940 14.19782284203042
1 39204U 13035C   18242.10556964  .00000478  00000-0  11016-3 0  9994
2 39204  98.4472  66.1291 0090415 225.3360 134.0445 14.57691724272119
1 39214U 13037G   18242.24012951  .00000037  00000-0  14747-4 0  9991
2 39214  97.9991 244.5761 0014497 128.8659 231.3842 14.68418616273592
1 38634U 08011CH  15326.41706536 -.00000886 +00000-0 -34459-1 0  9993
2 38634 048.9656 302.0202 6434937 106.8842 010.5485 02.96690025050005
1 41646U 08067S   16292.16851197  .00000385  00000-0  26712-1 0  9995
2 41646  64.9818 342.8782 5408150  69.1096 334.3728  4.13669091  5494
1 41323U 12026K   18240.58738346 -.00000137  00000-0  00000+0 0  9994
2 41323  12.4767 357.7049 4158669 344.7871   5.7236  1.77769430 17218
1 38677U 08012D   18240.51563128  .00018547  62966-6  33129-3 0  9999
2 38677  40.0667 354.6697 4992420 209.6026 148.3289  5.76859952180786
1 39798U 08046K   18240.42564106 -.00000362 +00000-0 -17246-2 0  9992
2 39798 064.6603 335.1816 5672592 035.4064 351.5411 04.23024490065658
1 40834U 10057BB  18241.89165386 -.00000175  00000-0  27484-3 0  9996
2 40834  20.5106  28.3098 7187420 141.1884 303.2023  2.19626692 27905
1 41685U 07052S   17118.22263069  .00174662  00000-0  21841+0 0  9997
2 41685  65.5686  49.1062 5735656  25.2129 354.2492  4.30107044 36272
1 38605U 08011BC  16082.79245447 -.00006854  00000-0 -22518+0 0  9993
2 38605  49.1320 223.5179 6384388 171.1367 356.3974  3.07032609 56860
1 40871U 12035E   18241.18350167 -.00000249 +00000-0 +00000-0 0  9994
2 40871 003.1650 087.6820 0032022 206.5966 032.3188 01.01518056022276
1 40289U 14066D   18241.94555263 +.00000543 +00000-0 +13957-3 0  9995
2 40289 098.5614 028.0751 0106388 274.1976 084.7065 14.51197501203181
1 39214U 13037G   18241.96756348 +.00000038 +00000-0 +14847-4 0  9996
2 39214 097.9991 244.3095 0014482 129.6740 230.5745 14.68418580273496
1 38634U 08011CH  15326.41706536 -.00000886  00000-0 -34459-1 0  9993
2 38634  48.9656 302.0202 6434937 106.8842  10.5485  2.96690025 50005
1 41646U 08067S   16291.20488234 -.00005807  00000-0  10000-3 0  9997
2 41646  64.9871 343.0334 5422601  69.2463 339.2970  4.13665864  5469
1 41323U 12026K   18239.46238439 -.00000143  00000-0  00000+0 0  9994
2 41323  12.4773 357.7841 4158692 344.6284   5.7688  1.77769517 17192
1 38677U 08012D   18238.46224037 +.00024495 +39803-6 +43729-3 0  9993
2 38677 040.0658 356.8890 4992730 206.8066 204.4011 05.76762171007772
1 39798U 08046K   18239.48005923 -.00000314  00000-0 -14388-2 0  9994
2 39798  64.6610 335.5213 5672573  35.4410 351.5256  4.23025528 65611
1 40834U 10057BB  18241.43694836 -.00000182 +00000-0 +17693-3 0  9992
2 40834 020.5100 028.4653 7187408 140.9069 303.6923 02.19626742027892
1 41685U 07052S   17116.37141879 +.00189381 +00000-0 +24500+0 0  9994
2 41685 065.5530 049.9294 5737594 025.2040 010.2107 04.29519752041303
1 38605U 08011BC  16082.79245447 -.00006854  00000-0 -22518+0 0  9993
2 38605  49.1320 223.5179 6384388 171.1367 356.3974  3.07032609 56860
1 40871U 12035E   18239.38718580 -.00000258  00000-0  00000+0 0  9999
2 40871   3.1611  87.7051 0031865 206.8581  95.5311  1.01518599 22259
1 40289U 14066D   18241.53186036  .00000554  00000-0  14219-3 0  9992
2 40289  98.5614  27.6539 0106372 275.4732  83.4336 14.51197057203168
