1 29509U 06046E   18242.01850226  .00000180  00000-0  22608-4 0  9993
2 29509  97.9831 249.4223 0044821   6.1812 353.9951 14.93573744642584
1 29524U 06050C   18241.63925206 +.00000418 +00000-0 +21688-3 0  9993
2 29524 098.7804 265.8691 0007038 142.3204 336.4642 14.20092124610797
1 29525U 06050D   18241.96432795 +.00000355 +00000-0 +18493-3 0  9996
2 29525 098.7648 267.2278 0005586 139.3645 289.3010 14.20823839611074
1 29536U 06015C   18241.42043258  .00000467  00000-0  10509-3 0  9996
2 29536  97.8543 318.2589 0162440 343.8777  15.7285 14.53130255647841
1 29537U 06015D   18241.11647192 +.00000307 +00000-0 +74410-4 0  9995
2 29537 097.9720 352.3899 0171382 045.0030 316.4908 14.51082083647005
1 29538U 06015E   18241.86406390 +.00000709 +00000-0 +13598-3 0  9996
2 29538 097.8665 026.2027 0145550 207.5137 151.8306 14.60215590649695
1 29539U 06015F   18242.16156545  .00000693  00000-0  13257-3 0  9999
2 29539  97.8757   5.0440 0137222 173.3950 309.6048 14.61072818651045
1 29600U 06050BS  18241.97296425 +.00000465 +00000-0 +23022-3 0  9995
2 29600 098.7593 269.1732 0008795 157.3056 267.9021 14.22028722609378
1 31391U 06029D   18242.13223727  .00001027  00000-0  42728-4 0  9995
2 31391  64.5021 132.6069 0036125 261.9263  97.7767 15.29970852657717
1 31392U 06029E   18241.11147937  .00001345  00000-0  54708-4 0  9995
2 31392  64.5027 143.4481 0032418 259.5751 100.1724 15.29231263658627
1 31794U 07029C   18242.05238294  .00000051  00000-0  89257-4 0  9993
2 31794  71.0404  89.0215 0205856  33.7526 120.1641 13.71036693558988
1 31795U 07029D   18241.92106205 -.00000066 +00000-0 -24693-4 0  9996
2 31795 070.9455 092.6962 0222027 125.0851 342.0396 13.67867796557653
1 31796U 07029E   18241.87910986 +.00000135 +00000-0 +17562-3 0  9991
2 31796 071.0425 127.6869 0214188 082.3803 358.1618 13.68189288557771
1 31799U 07029F   18241.82945866  .00000041  00000-0  84777-4 0  9993
2 31799  70.9413 117.8139 0227100 171.3951 264.4556 13.65750802556560
1 32033U 06006L   18239.82249212  .00000015  00000-0  74332-4 0  9995
2 32033  51.6870  61.2754 5108084 294.5017  21.3278  5.25226214219317
1 32036U 06006P   18240.01351769 -.00000027  00000-0  45073-4 0  9996
2 32036  51.7066  43.8193 5117819 305.5860  16.7871  5.25598598220323
1 32037U 06006Q   18241.15437660  .00001940  00000-0  80247-3 0  9993
2 32037  51.5890 143.5057 4954581 140.6989 268.5915  5.61083062230005
1 32040U 06006T   18241.26775886 +.00001800 +00000-0 +92407-3 0  9990
2 32040 051.6112 259.7444 5009521 056.1557 341.9926 05.50111084110947
1 32041U 06006U   18052.27072839 +.00001336 +00000-0 +31895-3 0  9998
2 32041 051.7855 349.7431 4506221 235.2563 292.4674 06.41498818231100
1 32044U 06006X   18026.18931859 -.00002437 +00000-0 -10732+0 0  9996
2 32044 051.0968 047.3787 4955821 164.3053 219.5754 04.79906258047370
1 32473U 07042C   18242.14296816  .00000261  00000-0  76328-4 0  9995
2 32473  98.2362 314.3402 0110715  36.9454 323.9300 14.48299993565941
1 32474U 07042D   18241.83001203 +.00000464 +00000-0 +86946-4 0  9997
2 32474 098.6594 189.4142 0098515 216.9347 142.5045 14.67163457579693
1 32491U 06006AE  13320.37222416 +.00237901 +00000-0 +19370-1 0  9990
2 32491 051.4460 290.0775 3240588 236.8047 322.6474 08.82360017139311
1 32492U 06006AF  18020.95417419  .00000044  00000-0  62249-4 0  9998
2 32492  51.3619 216.9333 4979133 218.7071 339.3329  5.31555280210106
1 32493U 06006AG  18242.15244567  .00000513  00000-0  45065-3 0  9996
2 32493  51.5885 290.9426 5009544  38.9116 348.2550  5.44803385224940
1 32494U 06006AH  18240.01274892  .00000001  00000-0  69776-4 0  9992
2 32494  51.6657  53.7631 5105038 303.7984  17.5405  5.25635456219943
1 32496U 06006AK  18230.46827615 -.00000244  00000-0 -15452-3 0  9991
2 32496  51.7789  31.7328 5054926 309.6955  29.4721  5.35969558209916
1 32497U 06006AL  18065.46395795  .00000388  00000-0  45703-3 0  9996
2 32497  51.7043 134.2546 5054237 233.8777  68.2190  5.34364830202236
1 32498U 06006AM  17351.73456019  .00003767  00000-0  35438-2 0  9998
2 32498  51.6961 149.6245 4959895 225.1727  81.9343  5.51064894199382
1 32499U 06006AN  18242.35116873  .00001747  00000-0  66713-3 0  9995
2 32499  51.6096 204.5898 4961528  93.8453 321.8834  5.60740679217170
1 33458U 06053D   18241.01425415 -.00000092  00000-0  00000+0 0  9996
2 33458   6.6791  55.9650 0084487 335.8749  23.9060  1.00299454 36760
1 34224U 06006AP  18241.95476642  .00000411  00000-0  11562-2 0  9999
2 34224  52.1082 138.8722 5023760 156.4678 238.3236  5.26876134198632
1 34226U 06006AR  18049.49311893 +.00002163 +00000-0 +19082-2 0  9993
2 34226 051.6700 110.1122 5027033 256.1729 045.1464 05.41300501095836
1 34227U 06006AS  18229.94282683 +.00000304 +00000-0 +12671-2 0  9990
2 34227 052.0355 054.6146 4920879 245.0274 332.3768 05.38483845094967
1 34228U 06006AT  11337.07599237 +.00086168 +00000-0 +30133-1 0  9998
2 34228 051.8664 211.9560 4577633 170.6514 354.1589 06.25036147076185
1 34229U 06006AU  18009.32360739 +.00006549 +00000-0 +28097-2 0  9995
2 34229 051.4167 112.1454 4505833 210.6617 112.9037 06.34739125078115
1 34230U 06006AV  18106.15916284  .00000185  00000-0  20302-3 0  9990
2 34230  51.4138 119.3291 5051028 235.3600  66.3577  5.32398254193820
1 34231U 06006AW  18240.50313337 -.00001996 +00000-0 -99703-2 0  9992
2 34231 052.0538 311.8255 5052791 049.6856 017.7018 05.12406347070890
1 34232U 06006AX  10188.84941953 +.00027218 +00000-0 +13005-1 0  9997
2 34232 051.6387 013.0302 5062914 165.2742 218.0214 05.42263510042517
1 34233U 06006AY  18087.46882538  .00000741  00000-0  11975-2 0  9992
2 34233  52.1877 137.1998 4867383 157.4242 234.6232  5.58371902194061
1 34234U 06006AZ  18241.70578397 +.00001673 +00000-0 +93836-3 0  9999
2 34234 051.5432 160.6924 4827985 135.6288 275.2147 05.78345694208203
1 34235U 06006BA  18044.61826835  .00000515  00000-0  77905-3 0  9997
2 34235  51.6925 152.2920 5030396 221.8249  86.3350  5.36125851189922
1 34236U 06006BB  18240.60356934  .00002186  00000-0  98266-3 0  9992
2 34236  51.6330 238.4573 5021707  66.8723 337.5387  5.49480629203080
1 34237U 06006BC  14231.07464448 +.00002331 +00000-0 +35286-2 0  9994
2 34237 051.7761 025.4036 4999229 231.5630 072.0905 05.39101773120194
1 34238U 06006BD  18111.61863099 +.00000795 +00000-0 +14402-2 0  9990
2 34238 051.6927 222.5978 5083257 182.7204 173.3308 05.24195058088629
1 34239U 06006BE  18230.33799535  .00006808  00000-0  17348-1 0  9997
2 34239  50.4708 222.5531 2303554 241.6816  93.2943  9.77654643361648
1 34241U 06006BG  18191.33728624 -.00000294  00000-0 -76810-3 0  9993
2 34241  51.8097  78.9370 4952297 261.2721 319.4077  5.35822368209193
1 34242U 06006BH  18233.03084539 -.00000016  00000-0  00000+0 0  9993
2 34242  54.7035 128.0656 4875288 136.7682 274.0420  4.98851309193508
1 34243U 06006BJ  18220.13098198 -.00000100 +00000-0 -67146-4 0  9991
2 34243 051.6569 064.6329 5089432 295.7503 020.9237 05.28465825194880
1 34244U 06006BK  18037.45010581  .00003510  00000-0  62069-2 0  9996
2 34244  51.9146  97.7482 4899581 206.3974 118.8597  5.52497676201752
1 34245U 06006BL  12141.60882022 +.00013363 +00000-0 +13065-1 0  9999
2 34245 051.8877 215.4324 4797855 176.0028 355.5973 05.76387557087708
1 34246U 06006BM  18235.70764155  .00002538  00000-0  22579-2 0  9990
2 34246  51.5505  93.7253 4593948 186.0071 165.7614  6.10771892219650
1 34247U 06006BN  18235.93332941 +.00000486 +00000-0 +96271-3 0  9991
2 34247 052.1483 050.7231 4966436 223.6265 334.5929 05.40812964108415
1 34248U 06006BP  18241.84739381  .00001159  00000-0  52035-3 0  9996
2 34248  51.6251 130.7237 4879459 143.3532 262.9320  5.72425114217402
1 34250U 06006BR  18236.44512063 -.00000094  00000-0 -54088-4 0  9995
2 34250  51.7179  89.3625 5089802 266.5101  36.6504  5.24833791204846
1 34252U 06006BT  18236.46306592 -.00000048  00000-0  18969-4 0  9993
2 34252  51.6557  74.5899 5120582 287.6123  24.3713  5.23004174203439
1 34254U 06006BV  18217.94825344  .00002405  00000-0  19995-2 0  9994
2 34254  51.6159  58.0751 4582125 207.3920 337.1382  6.13772464211633
1 34255U 06006BW  16102.88749763  .00002501  00000-0  39781-2 0  9991
2 34255  52.0959 325.6212 4872235 139.8572 268.9364  5.57912728152516
1 34256U 06006BX  18234.31870323  .00000016  00000-0  75306-4 0  9999
2 34256  51.8824 235.4941 5080012 122.7612 355.9729  5.17454488191495
1 34257U 06006BY  18240.05910368 +.00000717 +00000-0 +19713-2 0  9998
2 34257 052.0874 198.0787 5058463 117.6919 349.2148 05.21435211194823
1 34258U 06006BZ  18222.25320237 +.00000690 +00000-0 +19336-2 0  9992
2 34258 051.8880 171.9356 5056324 171.1273 351.8035 05.22655441104614
1 34260U 06006CB  18239.96907950  .00000740  00000-0  43459-2 0  9993
2 34260  51.8830 122.9391 4885027 198.8588 133.8006  5.35403229206204
1 34261U 06006CC  18240.37268418  .00012609  00000-0  62431-2 0  9998
2 34261  52.1219   2.9709 4521026 154.1156 238.1730  6.30449237212599
1 34262U 06006CD  18222.26108776 -.00000101 +00000-0 -22660-3 0  9994
2 34262 051.8102 187.1638 5029489 171.8173 201.3942 05.21203520078753
1 34263U 06006CE  18239.05421160  .00005743  00000-0  38889-2 0  9999
2 34263  51.5829 172.4391 4796548 120.1808 295.8086  5.81288917209929
1 35248U 07055C   18242.42119274  .00000578  00000-0  10439-3 0  9996
2 35248  97.8721 112.1053 0154445 149.1757 335.9968 14.62608139570968
1 35249U 07055D   18241.50568728  .00000346  00000-0  10112-3 0  9998
2 35249  97.7866 264.8401 0245027 254.1011 103.3050 14.33923189560700
1 35251U 07055F   18241.72380226 +.00000321 +00000-0 +83308-4 0  9991
2 35251 097.8965 327.9457 0205257 073.5534 075.9119 14.43910443564782
1 35274U 08056D   18241.73246104  .00000249  00000-0  15781-3 0  9993
2 35274  99.0486 223.2078 0168673 274.7095  83.4829 14.06209067497478
1 35275U 08056E   18241.41166556 +.00000212 +00000-0 +99986-4 0  9991
2 35275 098.7946 226.9128 0138554 287.5647 071.0436 14.25096463502167
1 35374U 06046G   18242.06788010  .00001077  00000-0  43433-4 0  9991
2 35374  97.4366 269.9890 0058032 171.1342 189.0935 15.25556051651168
1 35375U 06046H   18242.27412302  .00000414  00000-0  38426-4 0  9993
2 35375  97.8789 253.8987 0026922 258.0104 163.3580 14.99731726643699
1 35376U 06046J   18241.96276799 +.00000714 +00000-0 +14358-3 0  9997
2 35376 097.7528 299.6432 0197347 175.6105 311.0396 14.52847198623390
1 35378U 06046L   18241.15151945 +.00000480 +00000-0 +89141-4 0  9998
2 35378 097.8481 014.2990 0172037 043.7276 317.7405 14.60482874621100
1 35397U 07042E   18242.17934926  .00000516  00000-0  10967-3 0  9996
2 35397  98.6237 141.7034 0108675 320.6313  38.7022 14.60262625567294
1 35398U 07042F   18242.14177146  .00001186  00000-0  13077-3 0  9996
2 35398  98.5398 204.1567 0094857 286.6568 129.1605 14.86593105587120
1 35413U 06029F   18241.33776010  .00001326  00000-0  53755-4 0  9997
2 35413  64.5088 142.4856 0034150 269.0517  90.6699 15.29378894847433
1 35418U 06002Z   18241.95641859 +.00000254 +00000-0 +54113-4 0  9991
2 35418 097.8513 226.7631 0001753 083.5158 341.7268 14.66493390615210
1 35538U 06006CF  18241.42147260 -.00000735  00000-0 -36131-2 0  9991
2 35538  51.7125 320.8399 5103306  82.3142 359.3182  5.04837364191663
1 35540U 06006CH  18241.02019929 +.00000797 +00000-0 +20153-2 0  9993
2 35540 052.0983 182.1660 5052920 126.1905 346.3654 05.23424471125288
1 35541U 06006CJ  18241.97871357 -.00000112  00000-0 -15832-3 0  9991
2 35541  51.5358 122.3509 5143130 265.7385  36.6388  5.19201093194022
1 35542U 06006CK  18232.45490476 +.00000003 +00000-0 +23683-3 0  9994
2 35542 051.5622 288.3054 4983750 139.2486 349.9903 05.13066702192460
1 35543U 06006CL  18202.13500189 -.00000599 +00000-0 -32952-2 0  9990
2 35543 052.7651 076.0862 5109612 225.9347 341.7939 04.99933791182521
1 35544U 06006CM  18184.00800139 +.00005331 +00000-0 +66429-3 0  9998
2 35544 051.4423 055.0212 2973770 243.3519 083.3577 09.27772788256798
1 35545U 06006CN  18241.87656154  .00031178  00000-0  31456-2 0  9993
2 35545  51.5748 203.6976 1977139  79.6412 302.0061 11.28143946295606
1 35546U 06006CP  18241.36692276 -.00010771  00000-0 -19357-1 0  9996
2 35546  51.2404 316.6344 2651680  76.2433 311.6876  9.27536955227465
1 35547U 07003F   18241.42503287 +.00000288 +00000-0 +28910-3 0  9992
2 35547 024.5034 034.9561 4780073 320.5602 012.8737 05.79446619134084
1 35548U 07003G   18234.53450729  .00000060  00000-0  15612-2 0  9991
2 35548  26.2775 314.4919 7531621 283.6673  54.1306  1.82341300 65379
1 35555U 07003P   18241.90164797  .01056237  00000-0  18100-1 0  9997
2 35555  26.0892  71.9098 3857662 102.8004 302.1316  7.80390959109374
1 35563U 07003X   18236.26857012 -.00000215  00000-0  18878-3 0  9997
2 35563  22.3611 257.5720 7445273 110.6238 357.5113  1.88887610 68691
1 35567U 07042G   18222.16193662 +.00000125 +00000-0 +87463-4 0  9998
2 35567 098.5319 206.7948 0016901 107.6089 252.6932 14.13910297257052
1 35568U 07047D   16320.92215511  .00000074  00000-0  00000+0 0  9993
2 35568  39.8879 190.7603 5057887 173.2435 198.1957  5.65401201152084
1 35571U 08053G   18242.38364063  .00000718  00000-0  13751-3 0  9993
2 35571  97.6942  35.5627 0174885 148.4422 212.7410 14.57220171515903
1 35573U 08053J   18241.73851870  .00000666  00000-0  12150-3 0  9994
2 35573  97.6820  62.5534 0170868 129.9943 231.6402 14.59927425515398
1 35574U 08056F   18241.87272346 +.00000277 +00000-0 +86521-4 0  9990
2 35574 098.4233 250.5100 0130179 313.1210 045.9150 14.44056266510817
1 35575U 08061B   18242.14386178  .00000155  00000-0  63276-4 0  9994
2 35575  97.7775 305.8835 0239318  66.0697 296.5351 14.23599278502807
1 35953U 09057C   18242.09056866  .00000297  00000-0  16566-3 0  9998
2 35953  98.6124 269.1266 0005707  87.8927 334.6078 14.18009366457969
1 35954U 09057D   18241.66157000 +.00000325 +00000-0 +18050-3 0  9995
2 35954 098.6261 271.3526 0005770 085.5395 037.3876 14.17761593457802
1 36090U 09061C   18241.76086977  .00000534  00000-0  11693-3 0  9995
2 36090  98.1157 300.3644 0081200  52.6446  62.8110 14.59692630466468
1 36091U 09061D   18241.93140348 +.00000654 +00000-0 +13445-3 0  9998
2 36091 098.1014 199.4676 0071907 312.0836 093.7218 14.62403240466948
1 36092U 09061E   18241.93310635 +.00000292 +00000-0 +11841-3 0  9993
2 36092 098.4825 215.5808 0150921 112.8757 307.5079 14.28469916457564
1 36093U 09061F   18241.57394216  .00000314  00000-0  12191-3 0  9995
2 36093  98.0706 101.1692 0150104  15.2544 345.3093 14.30035188457821
1 36100U 09057F   18242.12124138  .00000621  00000-0  31416-3 0  9997
2 36100  98.6939 287.1572 0011297  75.8257 284.4173 14.19645258455088
1 36289U 08053K   18241.70829340  .00000182  00000-0  21880-4 0  9997
2 36289  97.7063 221.1851 0014426 168.8159 191.3385 14.94907662522138
1 36290U 08053L   18241.73976369 -.00000308 +00000-0 -20908-4 0  9998
2 36290 097.6335 224.8827 0021270 136.9442 223.3449 14.98301707301819
1 36291U 08056G   18242.24713936  .00000144  00000-0  10318-3 0  9997
2 36291  98.4113  53.6591 0175962 206.4715 152.7384 14.02892091500105
1 36292U 08056H   18242.39784433  .00000280  00000-0  19382-3 0  9995
2 36292  98.5744  99.8037 0163563 286.3339  71.9895 14.00382199500837
1 36571U 06002AA  18242.01584367  .00000267  00000-0  56969-4 0  9995
2 36571  97.8112 262.3800 0001444  89.6027 270.5343 14.65994112445175
1 36958U 06006CQ  18241.02443208  .00006186  00000-0  25676-2 0  9991
2 36958  51.6963 188.8934 4834706  87.8417 324.6777  5.80600414205091
1 36959U 06006CR  18236.62394584 +.00015067 +00000-0 +28443-2 0  9997
2 36959 051.8242 321.1418 4044931 142.1208 001.2163 07.24105414120711
1 36963U 06006CV  18241.88914569  .00001393  00000-0  64328-3 0  9997
2 36963  51.5476 240.6264 4985160  80.3175 330.5416  5.55153179199639
1 36964U 06006CW  18182.02668931 +.00000365 +00000-0 +43183-3 0  9991
2 36964 052.1036 052.2187 4999580 237.5006 064.3827 05.44317249197139
1 36971U 07003AH  18242.35647714 -.00000191  00000-0 -13181-2 0  9999
2 36971  26.2553 349.2172 7607240 230.6290  33.6916  1.75721241 62418
1 37567U 10038C   18241.58355535 +.00000791 +00000-0 +14466-3 0  9996
2 37567 097.9564 141.9268 0148062 005.1627 111.9956 14.61835419423589
1 37568U 10038D   18241.34186901  .00000577  00000-0  13403-3 0  9992
2 37568  97.8255  82.5022 0184868 167.6660 192.9154 14.48448527421244
1 37569U 10038E   18241.82762111 +.00000528 +00000-0 +10781-3 0  9991
2 37569 097.7888 097.9666 0163294 049.0426 312.4774 14.56642104421910
1 37570U 10038F   18242.28470957  .00000406  00000-0  95422-4 0  9999
2 37570  97.7776  69.3654 0182646 137.8799 223.6601 14.49447696423677
1 37571U 08026C   18241.39647374  .00000110  00000-0  12741-3 0  9998
2 37571  98.8046  89.4859 0247983 319.7528 160.4992 13.74598959499981
1 37572U 08026D   18241.34546478  .00000120  00000-0  13514-3 0  9997
2 37572  98.7152  59.2349 0243788 277.8414 201.3048 13.75391200503956
1 37573U 08026E   18241.37246622 +.00000113 +00000-0 +12292-3 0  9993
2 37573 098.7052 081.2456 0224947 210.0174 275.9707 13.79584226498899
1 37574U 08026F   18241.47721655 +.00000096 +00000-0 +11752-3 0  9999
2 37574 098.7629 068.2739 0253356 326.3651 032.1637 13.73142126298511
1 37732U 11030C   18241.68158240 +.00000299 +00000-0 +12364-3 0  9996
2 37732 097.9893 118.2170 0166111 009.6196 057.1827 14.25843594371439
1 37733U 11030D   18241.93333424 +.00000268 +00000-0 +10856-3 0  9994
2 37733 098.2724 240.2734 0155421 049.7519 007.6096 14.28551511371879
1 37734U 11030E   18242.39209080  .00000654  00000-0  14657-3 0  9998
2 37734  97.9322 212.7009 0089834  31.3314  96.6544 14.57335571379224
1 37735U 11030F   18241.97496432 +.00000660 +00000-0 +14019-3 0  9990
2 37735 098.4280 006.7238 0087794 112.1709 007.3306 14.60149678379262
1 37767U 11039C   18241.84457140 +.00000334 +00000-0 +12908-3 0  9996
2 37767 097.9354 155.0708 0155312 022.0922 019.5434 14.29284700369022
1 37768U 11039D   18242.12662060  .00000231  00000-0  93849-4 0  9998
2 37768  98.2349 283.6008 0152847 102.3751 320.5739 14.29493612369199
1 37769U 11039E   18241.55643288  .00000580  00000-0  11836-3 0  9998
2 37769  98.5221  77.3014 0082370 170.2433 254.6175 14.62899269376780
1 37770U 11039F   18241.94624153 +.00000593 +00000-0 +13287-3 0  9999
2 37770 097.7635 235.7863 0096822 090.0578 330.6175 14.57089225375422
1 38174U 10047D   18241.77508284 +.00000315 +00000-0 +10920-3 0  9996
2 38174 097.8784 065.2372 0209068 168.6757 259.2756 14.29965715408207
1 38175U 10047E   18241.87327402 +.00000238 +00000-0 +84535-4 0  9997
2 38175 098.0362 112.7936 0203214 181.5492 178.5088 14.31649711854332
1 38176U 11068D   18241.26419485 +.00000293 +00000-0 +10153-3 0  9993
2 38176 098.4308 273.6803 0124587 117.7045 243.6847 14.38345181351270
1 38177U 11068E   18242.18831226  .00000231  00000-0  83993-4 0  9992
2 38177  98.4953 236.0490 0139943 103.7117 319.5758 14.36691494350800
1 38178U 11068F   18241.14648414  .00000208  00000-0  87773-4 0  9997
2 38178  98.5669 213.5196 0134137 171.1720 247.7937 14.30604478350348
1 38179U 11068G   18241.44315097  .00000200  00000-0  11000-3 0  9990
2 38179  98.7577 229.6507 0136675 344.2343 168.5917 14.17439986348920
1 38180U 11068H   18241.15089385  .00000153  00000-0  85806-4 0  9991
2 38180  98.7412 218.9869 0148968 326.2120  90.9390 14.18366863347738
1 38184U 10051E   18241.53678895  .00000536  00000-0  98646-4 0  9999
2 38184  97.8460 134.8668 0157660 162.5001 198.1721 14.61754600417674
1 38187U 11069D   18241.61254539 -.00000119  00000-0  00000+0 0  9996
2 38187   2.1656 351.0758 3809218 185.2544 169.5714  1.71974985 40040
1 38262U 07019B   18242.11734118  .00000184  00000-0  65574-4 0  9995
2 38262  97.8274   2.7622 0183805  20.2891 102.9238 14.35193263562809
1 38263U 07019C   18242.27090584  .00000330  00000-0  12261-3 0  9992
2 38263  97.9342 351.7981 0226637 250.6495 107.0059 14.24905661583410
1 38264U 08061C   18242.12845293  .00000357  00000-0  13844-3 0  9997
2 38264  97.9452 334.4117 0264110 202.6160 277.5815 14.17926384501797
1 38265U 09069B   18241.71125259 +.00000249 +00000-0 +97034-4 0  9998
2 38265 097.7703 052.6155 0241275 126.5073 235.8595 14.21804265446495
1 38266U 09069C   18241.81216246 +.00000286 +00000-0 +11737-3 0  9993
2 38266 097.9042 082.7046 0260060 236.0367 121.5849 14.17050608443188
1 38269U 12020B   18242.02467290  .00004404  00000-0  16842-3 0  9996
2 38269  97.2454 264.1369 0079888 264.5480  94.6641 15.24137116345329
1 38270U 12020C   18242.33586406  .00004094  00000-0  23299-3 0  9992
2 38270  97.2542 203.2263 0117474   0.4660 359.6657 15.07633586343116
1 38293U 10059C   18241.24547340 -.00000015  00000-0  12506-4 0  9990
2 38293  98.9393 268.3370 0010707 309.6386  50.3849 14.28632999400935
1 38294U 10059D   18242.41320004  .00000126  00000-0  14080-3 0  9997
2 38294  98.7156 315.4792 0266838 170.0238 190.6359 13.71422052380224
1 38295U 10059E   18241.01968958 +.00000187 +00000-0 +20076-3 0  9998
2 38295 098.7192 308.1831 0273354 196.3500 288.0127 13.69150818278374
1 38296U 10059F   18241.51597068 +.00000024 +00000-0 +51354-4 0  9998
2 38296 098.7941 346.4253 0247116 130.4688 231.8293 13.75076626387285
1 38297U 10059G   18241.03869657 +.00000044 +00000-0 +67994-4 0  9991
2 38297 098.7634 339.2223 0244490 116.4337 246.2124 13.75616036386253
1 38298U 10027C   18241.84541707 +.00000722 +00000-0 +11698-3 0  9991
2 38298 097.6510 092.1346 0189186 151.3111 209.8659 14.62815830429159
1 38299U 10027D   18242.18551971  .00000543  00000-0  90829-4 0  9999
2 38299  97.9547 151.9164 0187819 202.3310 156.9637 14.63043962432763
1 38300U 10027E   18242.38306979  .00000731  00000-0  10991-3 0  9990
2 38300  97.5812  84.1939 0177209  88.4114  32.3512 14.67130120430888
1 38301U 10027F   18242.22726478  .00000747  00000-0  11116-3 0  9991
2 38301  97.8998 152.1822 0175813 131.3654  21.2640 14.67903382427580
1 38302U 10027G   18241.70108345 +.00001061 +00000-0 +17049-3 0  9992
2 38302 097.5721 048.0309 0196092 148.5353 212.7757 14.61433990426697
1 38303U 10009G   18236.79821562 -.00000003  00000-0  91259-4 0  9991
2 38303  63.3972  25.0593 0320628   7.8348 352.7523 13.57163875411867
1 38304U 10009H   18241.84013029 -.00000067 +00000-0 +42717-4 0  9990
2 38304 063.3227 326.9356 0105365 322.6631 136.7000 13.03666380237915
1 38305U 10009J   18241.95121853 -.00000074 +00000-0 +15036-4 0  9990
2 38305 063.4985 062.0916 0094114 056.4330 020.4942 12.99841167237528
1 38307U 11066E   18242.41491716  .00038889  00000-0  50947-3 0  9999
2 38307  97.4258 231.7380 0039352 323.7297  36.1291 15.57539065371039
1 38309U 11079C   18242.01430819  .00000285  00000-0  82202-4 0  9997
2 38309  98.2754 316.6952 0120638  61.8671  61.1172 14.47797523716620
1 38310U 11079D   18241.93045367 +.00000350 +00000-0 +10329-3 0  9992
2 38310 098.8001 041.4268 0130391 153.2042 000.8213 14.45319193349787
1 38311U 11079E   18241.44266417  .00000329  00000-0  10949-3 0  9994
2 38311  98.2928 300.0367 0124455 149.3991 279.8450 14.39458786723914
1 38312U 11079F   18241.95591703 +.00000276 +00000-0 +10245-3 0  9990
2 38312 098.2616 280.9493 0124133 184.5689 296.2006 14.35252028295486
1 38313U 11043C   18241.61860220 +.00000049 +00000-0 +12315-3 0  9996
2 38313 099.5951 164.9358 0220028 205.3937 278.2186 13.50677036265721
1 38314U 11043D   18241.92501426 -.00000018 +00000-0 +36356-4 0  9990
2 38314 099.4747 123.5645 0267230 312.8950 109.6325 13.41132090266234
1 38315U 11043E   18241.29512887  .00000002  00000-0  61495-4 0  9998
2 38315  99.6751 179.2454 0218185 214.1023 144.5931 13.51040640341020
1 38316U 11043F   18241.62689997 +.00000014 +00000-0 +79474-4 0  9992
2 38316 099.5997 160.6857 0229500 236.7667 244.5821 13.48745948253648
1 38318U 12001E   18242.19604776  .00006125  00000-0  26230-3 0  9994
2 38318  97.5236 228.0234 0100290 326.3912  33.0986 15.18641623357681
1 38323U 08056J   18242.12429576  .00000061  00000-0  65728-4 0  9990
2 38323  98.5222   1.5273 0202191   9.4522 111.2152 13.92428550496173
1 38324U 08056K   18234.51268678  .00002266  00000-0  39267-3 0  9996
2 38324  98.5130 333.0404 0106684 300.2537  58.8139 14.65710883453559
1 38325U 09072D   18241.88067397 -.00000045  00000-0  75016-5 0  9997
2 38325 100.4443 114.7867 0156582 309.2883 112.0965 13.46111863364936
1 38326U 10051H   18241.33422852 +.00000589 +00000-0 +12566-3 0  9999
2 38326 097.6890 075.8293 0184180 251.3796 106.7324 14.52442505405994
1 38327U 11068J   18241.91533833 -.00000015 +00000-0 +17670-4 0  9992
2 38327 098.6375 119.4215 0204763 236.8955 188.3790 13.91110083339970
1 38557U 06006CX  18240.99888569  .00000970  00000-0  11486-2 0  9995
2 38557  51.7478 227.6910 4917258  54.5191 342.0929  5.54894700176342
1 38558U 06006CY  18238.02212899  .00049257  00000-0  41540-2 0  9999
2 38558  51.1248 170.5834 2502410  51.5869 328.4348 10.25799219254747
1 38559U 06006CZ  18241.24505017  .00001396  00000-0  37206-2 0  9991
2 38559  52.0133 182.1421 5060911 139.4210   1.4252  5.21578622159970
1 38562U 06006DC  18017.66606241 +.00001262 +00000-0 +15679-2 0  9995
2 38562 051.8411 138.2763 4929373 214.3768 100.8163 05.53200294151987
1 38563U 06006DD  18084.45978830 +.00001312 +00000-0 +16357-2 0  9993
2 38563 051.7213 167.0190 5052192 215.4940 097.1349 05.33866842188475
1 38564U 06006DE  17027.17904237 -.00000038  00000-0  00000+0 0  9999
2 38564  51.6905  83.3323 5045808  13.0806 356.3999  5.31536711107581
1 38570U 08011R   14069.56236261 -.00000111  00000-0 -17831-2 0  9991
2 38570  48.6746 128.8135 6539415 301.5956  10.7349  3.01431193 27154
1 38574U 08011V   18218.39795934 -.00000039 +00000-0 +10000-3 0  9993
2 38574 049.4359 021.6830 6308211 356.2786 000.6178 03.01765017000014
1 38576U 08011X   18238.70798429 -.00000038  00000-0  38056-3 0  9994
2 38576  49.1497 159.4719 6435153 175.4108 196.2882  3.21834296 89083
1 38578U 08011Z   18241.25097153 -.00000334  00000-0 -18567-1 0  9999
2 38578  47.4986 260.1300 6371689 155.8269 256.5388  3.00744621 79672
1 38580U 08011AB  18235.39332824 -.00002157  00000-0 -72630-1 0  9993
2 38580  48.4404 357.5894 6496695  37.1479 353.5568  2.93216585 78930
1 38581U 08011AC  18241.29132531 -.00001023  00000-0 -25338-2 0  9998
2 38581  49.4477 338.2535 6011956 326.2742   7.1078  3.83640961 96946
1 38583U 08011AE  18241.70944366 -.00000143  00000-0 -51627-3 0  9996
2 38583  49.1744 185.5799 6511348 149.0417 275.2447  3.12686819 84373
1 29509U 06046E   18241.95150788 +.00000172 +00000-0 +21909-4 0  9995
2 29509 097.9831 249.3542 0044829 006.4025 353.7757 14.93573702642445
1 29524U 06050C   18241.57832851  .00000417  00000-0  21642-3 0  9998
2 29524  98.7804 265.8086 0007036 142.4801  25.0182 14.20092061610876
1 29525U 06050D   18241.90416759  .00000350  00000-0  18234-3 0  9990
2 29525  98.7648 267.1682 0005585 139.3887 341.7315 14.20823727611133
1 29536U 06015C   18240.45643912 +.00000436 +00000-0 +98712-4 0  9990
2 29536 097.8544 317.3550 0162519 346.8968 012.8030 14.53129011647497
1 29537U 06015D   18240.28902424 +.00000263 +00000-0 +65136-4 0  9990
2 29537 097.9720 351.6051 0171439 047.5506 314.0041 14.51081282646882
1 29538U 06015E   18240.63061084 +.00000832 +00000-0 +15799-3 0  9999
2 29538 097.8663 025.0313 0145453 211.4083 147.8373 14.60214239649513
1 29539U 06015F   18241.60311611 +.00000744 +00000-0 +14163-3 0  9998
2 29539 097.8757 004.5123 0137179 175.1462 252.2477 14.61072148650972
1 29600U 06050BS  18241.56804708  .00000477  00000-0  23558-3 0  9996
2 29600  98.7594 268.7710 0008769 158.2591 355.2235 14.22028365609477
1 31391U 06029D   18240.17130988  .00001139  00000-0  46504-4 0  9993
2 31391  64.5022 139.1425 0036178 262.0418  97.6604 15.29965292657416
1 31392U 06029E   18240.13054160 +.00001078 +00000-0 +45505-4 0  9999
2 31392 064.5028 146.7138 0032459 259.5856 100.1614 15.29226866657747
1 31794U 07029C   18241.96945187 +.00000051 +00000-0 +89288-4 0  9992
2 31794 071.0404 089.1831 0205854 033.8709 070.8380 13.71036673558883
1 31795U 07029D   18241.05257913 -.00000069  00000-0 -27548-4 0  9998
2 31795  70.9456  94.3877 0222052 126.3088  25.3375 13.67867821557536
1 31796U 07029E   18241.37420319  .00000147  00000-0  18758-3 0  9993
2 31796  71.0426 128.6659 0214180  83.0985  31.2487 13.68189162557708
1 31799U 07029F   18240.95668167 +.00000047 +00000-0 +91242-4 0  9993
2 31799 070.9414 119.5082 0227142 172.6133 293.2665 13.65750688556304
