1 41739U 09055G   18223.16692772  .07357665  92508-1  36393-1 0  9998
2 41739  98.5184 356.2742 0029410 300.8723  58.9653 15.87702166110437
1 43376U 07052AC  18235.11329159  .00000037  00000-0 -38669-4 0  9994
2 43376  65.1458 262.7467 5801674 357.9097   0.5395  4.09342477 56484
1 42978U 10041T   18241.55714134 +.00000027 +00000-0 +23103-3 0  9993
2 42978 065.6562 045.1531 5465224 059.1619 343.4654 04.50664374016162
1 43414U 14007D   18242.40579828 -.00000084  00000-0  00000+0 0  9990
2 43414  14.2259 315.2929 4711728 308.6149  17.9575  1.89407264 26804
1 43545U 10007AE  18209.81563631 +.00002102 +00000-0 +16109-1 0  9995
2 43545 065.4063 155.1640 5699284 043.7508 349.2797 04.14576183002113
1 43390U 09055R   18240.48877190 +.00008204 +00000-0 +19364-2 0  9996
2 43390 098.5719 331.1071 0010345 192.5966 167.4973 14.54429343089268
1 42468U 10057BH  18222.82872028 -.00000045 +00000-0 +82746-3 0  9999
2 42468 020.7085 339.4068 7168997 225.0528 047.9483 02.25902903029741
1 43394U 10023D   18011.43749006  .00001237  00000-0  28196-2 0  9994
2 43394 100.4267 220.9987 0040066 290.8949  68.7884 13.27952810207490
1 43401U 12026N   18241.60878775 -.00000133 +00000-0 +00000-0 0  9995
2 43401 012.3454 001.9344 4134827 336.3195 035.0798 01.75796313038761
1 43431U 17034G   18242.06578558  .00000083  00000-0  43167-4 0  9997
2 43431  43.1011 235.2527 0223480 142.2479 219.4261 14.55431196 61866
1 43490U 18048E   18241.75079801 +.00000262 +00000-0 +46729-4 0  9996
2 43490 098.1745 317.6534 0034516 332.3430 027.5941 14.74980336012772
1 41742U 09055K   18241.91027384 +.00000453 +00000-0 +15874-3 0  9997
2 41742 098.4959 321.0513 0011679 174.0035 186.1295 14.39656955110831
1 43379U 07052AF  18241.00847410  .00005103  00000-0  42806-2 0  9991
2 43379  64.0883 199.0299 5759304  30.2097 353.0736  4.30249419 61527
1 43035U 17077B   18242.18680782  .00001962  00000-0  78352-4 0  9991
2 43035  97.3423 315.2820 0017401 158.4940 201.7033 15.26200826 41081
1 43418U 14080G   18239.02253030 -.00000063  00000-0  43939-4 0  9993
2 43418  63.4096  86.8152 0126881   2.5798 357.5855 13.44482830161606
1 41702U 10007U   18242.01758726  .00028843  00000-0  37256-1 0  9994
2 41702  65.7545 113.5196 5279793  49.1868 346.0147  4.97731292 61558
1 43103U 18002E   18241.70866813  .00001288  00000-0  96880-4 0  9991
2 43103  97.6951 317.8303 0038735 125.5841 234.9004 15.03781127 34944
1 43393U 10023C   18241.56878716 +.00000884 +00000-0 +20836-2 0  9993
2 43393 100.3857 091.5296 0016800 073.7292 286.5673 13.26863910230815
1 43106U 17008DK  18242.22183793  .00087513  00000-0  14717-2 0  9998
2 43106  97.4583 313.9383 0009290 234.6508 125.3877 15.51392366 36508
1 42672U 15069E   18241.83423204  .00000589  00000-0  11663-3 0  9996
2 42672  98.0099 195.9383 0161086 332.0271  27.2338 14.58220593141039
1 43407U 13014D   18242.26411886 -.00000113  00000-0  00000+0 0  9995
2 43407  14.3053 294.7350 4857399  24.5461 352.5286  1.91511780 20807
1 43505U 18025C   18241.85456859 +.00001838 +00000-0 +92525-4 0  9996
2 43505 097.4838 000.7800 0017975 273.6860 086.2318 15.18359958022628
1 41798U 14016B   18241.61349377 +.00003996 +00000-0 +47390-3 0  9990
2 41798 098.1656 272.0939 0059644 245.1038 114.3969 14.83852417107777
1 43421U 14080K   18238.11062689 -.00000040  00000-0  82605-4 0  9992
2 43421  63.4007  91.4800 0125500   2.2100 357.9454 13.43984885105798
1 43149U 18006D   18241.83805434 +.00003505 +00000-0 +12264-3 0  9998
2 43149 097.3905 001.8636 0020299 256.0511 103.8472 15.30010089034898
1 42675U 16012T   18232.28491758 +.00004079 +00000-0 +25567-3 0  9992
2 42675 031.0116 237.6463 0007922 030.8612 329.2490 15.07596129085703
1 43404U 12066G   18241.41557213  .00000013  00000-0  32515-3 0  9997
2 43404  63.3603 182.9492 0106849 219.8468 139.4651 12.92721198262954
1 43237U 18025B   18241.84404826 +.00002316 +00000-0 +10020-3 0  9995
2 43237 097.2447 356.8637 0016316 185.1079 174.9994 15.23301439025135
1 42678U 16049C   18241.85482133 -.00000001  00000-0  12175-4 0  9999
2 42678  98.4088 251.9710 0008736   3.4705 356.6545 14.45296825102366
1 43410U 13052E   18241.71815542  .00000107  00000-0  12262-3 0  9996
2 43410  98.8347 194.5200 0248725  79.4915 283.4154 13.74166470239108
1 43525U 10007X   18241.99046175  .00103140  00000-0  89620-1 0  9999
2 43525  66.2101 144.3071 5808396  41.3923 350.5210  4.22646265  3925
1 43037U 17077D   18242.18332536  .00004959  00000-0  12987-3 0  9994
2 43037  97.5362 326.5804 0054168  79.3873 281.3466 15.37688420 41313
1 41808U 06062N   16342.72621571  .00000000  00000-0  00000+0 0  9991
2 41808  64.6620 208.7305 4990304  23.4653 353.1895  5.73249200  6129
1 43424U 15040C   18241.91247958  .00000011  00000-0  15056-3 0  9990
2 43424 100.3381 287.0947 0150850 303.7010  54.9796 13.09937121139239
1 41718U 15020F   18241.82153629 -.00000005  00000-0 -55610-4 0  9999
2 41718  82.4875 293.5148 0229145 190.3544 169.2803 12.91188703152285
1 41721U 15020J   18241.92901604  .00000082  00000-0  30633-3 0  9998
2 41721  82.4941 318.1993 0244824 251.8245 105.6061 12.74564242149325
1 43266U 18031H   18242.19139437  .00000312  00000-0  44881-4 0  9993
2 43266  98.0671 319.5786 0036093 300.5119  59.2532 14.83128583 22466
1 42797U 17036AJ  18241.98434048  .00226670  00000-0  18975-2 0  9997
2 42797  97.4025 311.2346 0006941 189.1854 170.9281 15.69264203 65461
1 43535U 18056G   18241.87546858  .02288990  27098-5  19916-2 0  9994
2 43535  97.8192 316.6750 0092098 327.1073  32.5185 16.04447290  8006
1 43386U 09055M   18241.88771657 +.00002102 +00000-0 +56643-3 0  9990
2 43386 098.4516 325.3683 0031654 136.4128 223.9574 14.48687559111533
1 43095U 17084B   18241.68957100 +.00002417 +00000-0 +10047-3 0  9992
2 43095 097.4379 318.2351 0012266 117.9442 242.3039 15.24709822037485
1 41846U 16066F   18242.04683349  .00000333  00000-0  60712-4 0  9995
2 41846  98.7496 271.9992 0368581  27.9059 334.1368 14.37390379 94513
1 43427U 16033E   18240.32225558 +.00001942 +00000-0 +19557-3 0  9996
2 43427 097.4810 268.2244 0212940 020.6791 340.2876 14.76864756110154
1 41735U 09055C   18241.88587222 +.00002518 +00000-0 +81914-3 0  9999
2 41735 098.5176 319.8892 0018292 279.7445 080.1677 14.39548598110869
1 41738U 09055F   18241.88090607  .00002062  00000-0  40752-3 0  9997
2 41738  98.5993 348.1598 0049342 121.5335 239.0698 14.62789546112214
1 43375U 07029S   18237.93262824 +.00000623 +00000-0 +42340-3 0  9994
2 43375 070.9055 076.3839 0123501 230.4553 198.5285 14.00358204243318
1 42977U 10041S   18238.60839381  .00005192  00000-0  60871-2 0  9996
2 42977  64.8391  39.1397 5638314  69.1522 340.8466  4.44994657 15693
1 43413U 13068B   18241.27441214  .00000336  00000-0  11174-3 0  9993
2 43413  97.9720 171.2302 0130753   9.4344 350.9256 14.38691328241440
1 43544U 10007AD  18219.81645999  .00416362 -26316-6  64093-2 0  9991
2 43544  65.5814 145.6751 5579579  39.4580 350.3703  4.79940105  2750
1 43389U 09055Q   18189.32382292  .00302288  00000-0  11347-1 0  9994
2 43389  98.6114 316.5757 0034922 190.8574 169.1911 15.25342818 77210
1 42466U 10057BF  18231.63994609 -.00000249  00000-0  94560-3 0  9999
2 42466  20.7638  31.3228 7205250 130.6957 318.5418  2.18737817 24966
1 43400U 12026M   18049.18518875 -.00000128  00000-0  00000+0 0  9998
2 43400  12.8400  17.6679 4101926 308.9841  21.0336  1.76667666  6901
1 43430U 17034F   18241.06755097  .00000145  00000-0  55181-4 0  9998
2 43430  43.0110 250.0900 0241521 123.3090 239.1113 14.51686687 59189
1 41741U 09055J   18241.88234326 +.00001853 +00000-0 +61102-3 0  9998
2 41741 098.5537 321.4899 0006203 354.5174 005.5944 14.39299272110874
1 43378U 07052AE  18241.99550128  .00004792  00000-0  59005-2 0  9997
2 43378  64.2220 209.3025 5754583  24.9710 354.3202  4.27504705 58268
1 42981U 10041W   18241.72043792 -.00000060  00000-0 -30223-3 0  9991
2 42981  65.7756  46.9248 5472428  57.4283   9.0229  4.48811990 15738
1 43417U 14016J   18181.26231813 +.00162117 +00000-0 +79861-2 0  9997
2 43417 098.2131 207.6379 0025916 105.4479 254.9617 15.16929933098810
1 41701U 10007T   18241.39522156  .00000057  00000-0  10000-2 0  9995
2 41701  65.4073 190.9757 5452486  47.5282 347.2318  4.13215196 61298
1 43102U 18002D   18241.73458203  .00001182  00000-0  78869-4 0  9993
2 43102  97.4496 312.2778 0017861  62.4193 297.8848 15.08802706 35066
1 43579U 10007AF  18241.99902838  .00030272  00000-0  63764-1 0  9991
2 43579  65.8043 144.7759 5796385  43.5623 349.8998  4.16299635  3333
1 43392U 09055T   18242.21017833  .00002545  00000-0  77756-3 0  9993
2 43392  98.5955 325.5982 0016940 161.3332 198.8482 14.42648206104975
1 43105U 18002G   18241.71819936 +.00002472 +00000-0 +11097-3 0  9990
2 43105 097.6865 323.6844 0046953 223.4767 136.2762 15.21217209035346
1 43399U 12025S   18242.05029841  .00004033  00000-0  43951-3 0  9999
2 43399  98.3322 264.8618 0005090 205.3542 154.7424 14.88580881 66748
1 43403U 12052C   18242.00004322  .00000231  00000-0  83701-4 0  9991
2 43403  98.0151 155.8415 0224646 214.7394 143.8947 14.28754906307061
1 43487U 18048D   18241.69075835  .00000264  00000-0  46617-4 0  9996
2 43487  97.9073 314.7204 0034021 330.1031  29.8234 14.74862706 13046
1 43406U 12073D   18242.20642332  .00001142  00000-0  13731-3 0  9995
2 43406  97.9549 151.1248 0105582  51.1881 309.8702 14.82077739257279
1 43504U 17084E   18241.72105602  .00001867  00000-0  90697-4 0  9992
2 43504  97.5678 320.5765 0017886 348.7678  11.3155 15.19610789 37352
1 41768U 06062J   18241.23195801  .00001601  00000-0  13354-2 0  9991
2 41768  64.2699 332.7820 5813823   7.3848 358.4248  4.22559318 29812
1 43420U 14080J   18237.17761523  .00001237  00000-0  21263-2 0  9998
2 43420  63.4025  88.0732 0126778   6.5753 353.6900 13.45608277170580
1 41704U 10007W   18241.46329081 +.00003894 +00000-0 +79364-1 0  9997
2 41704 065.3013 142.6689 5426566 043.8400 348.3469 04.35320300055990
1 42671U 15069D   18241.80099494  .00000504  00000-0  10942-3 0  9998
2 42671  97.9399 182.5712 0161910 335.8105  23.5549 14.54596219140668
1 43148U 18006C   18242.32137732  .00002370  00000-0  91716-4 0  9990
2 43148  97.3252 359.4439 0018631 192.0573 168.0222 15.27026049 34939
1 42674U 16012S   18241.95002450 +.00004116 +00000-0 +24761-3 0  9999
2 42674 031.0043 165.2011 0007786 132.7336 227.3958 15.09090638123345
1 42677U 16029C   18241.38475117 +.00000184 +00000-0 +75086-4 0  9999
2 42677 097.9367 220.7727 0257626 221.6271 136.5045 14.21152590106411
1 41805U 06062K   18241.44847114  .00000245  00000-0  26515-3 0  9994
2 41805  65.3775 337.7100 5781811 345.2672   3.2838  4.26400884 30153
1 41720U 15020H   18241.88199493 +.00000047 +00000-0 +12031-3 0  9990
2 41720 082.4870 293.8986 0230154 191.1790 168.4156 12.90878206151228
1 43190U 09066H   18238.01245606  .01627303  00000-0  13519-1 0  9996
2 43190  97.3152 260.0232 0018469 215.8368 144.2722 15.67036220 15372
1 43263U 18031E   18241.66025595 +.00000252 +00000-0 +50396-4 0  9991
2 43263 097.9824 314.1106 0048445 130.7250 229.8178 14.69149988022244
1 42680U 16049E   18241.81268715 +.00000235 +00000-0 +84971-4 0  9997
2 42680 098.3744 243.4691 0019899 087.4564 272.8903 14.41713886105084
1 43409U 13052D   18241.66379138  .00000099  00000-0  11492-3 0  9998
2 43409  98.7556 181.2408 0241832  49.8389 312.3670 13.75594918239409
1 43507U 18025E   18241.86270393  .00005875  00000-0  16676-3 0  9993
2 43507  97.2385 359.5052 0054304  90.4527 270.2940 15.35084415 22955
1 43412U 13065C   18242.06955173  .00000057  00000-0  25489-3 0  9995
2 43412 100.4888 334.4836 0132843 268.2050  90.3844 13.17182333221308
1 43528U 10007AA  18241.85526290 +.00000394 +00000-0 +25011-2 0  9990
2 43528 064.8557 142.5883 5700204 042.7418 349.7559 04.17618834003876
1 43381U 08020C   18241.85697233  .00000012  00000-0  00000+0 0  9990
2 43381  56.8033 102.9956 0544399 169.4618 191.8082  1.67812685 54267
1 43069U 17082E   18241.86643647 +.00000442 +00000-0 +15988-3 0  9994
2 43069 098.5017 313.1445 0032373 099.9304 260.5539 14.37945143035893
1 41811U 06062R   18242.28568623  .00019552  00000-0  32390-2 0  9997
2 41811  64.5850 305.2618 5598620 358.3493   0.4738  4.66102222 32844
1 43423U 15030D   18241.59004287  .00001847  00000-0  53724-4 0  9991
2 43423  97.4281  13.0312 0008458  57.7400 302.4662 15.36749220166697
1 43426U 15078B   18242.29929641  .00000954  00000-0  10045-3 0  9990
2 43426  97.3995 181.9099 0205261 194.0636 165.4809 14.77358256143071
1 41723U 15020L   18237.87603004 +.00000266 +00000-0 +84838-3 0  9992
2 41723 082.4874 295.6116 0226024 198.7582 160.5099 12.91720767130958
1 41737U 09055E   18241.84958374  .00005576  00000-0  15515-2 0  9997
2 41737  98.5779 328.7664 0021758 142.3707 217.9011 14.46648065111202
1 43374U 07029R   18242.33421094  .00000961  00000-0  87770-3 0  9990
2 43374  71.0645 120.6867 0222688  61.4636 300.8686 13.74912136239114
1 42976U 10041R   18158.79474086  .00019349  00000-0  19437+0 0  9991
2 42976  65.5281  81.2021 5593669  68.9707 340.6188  4.24894627 11728
1 43543U 10007AC  18218.78603953 -.00002964 +00000-0 -73475-2 0  9999
2 43543 066.0042 152.0259 5760804 041.7415 345.2026 04.19578599002860
1 43388U 09055P   18241.79662546  .00062792  00000-0  69334-2 0  9999
2 43388  98.6482   2.2441 0024729 180.2638 179.8567 14.86921203 75371
1 42465U 10042AG  18235.94536318 +.00000328 +00000-0 +68641-2 0  9996
2 42465 023.3304 148.2648 7477402 109.9721 338.9247 01.87042660018314
1 43429U 16043D   18241.92967285 +.00000490 +00000-0 +12951-3 0  9994
2 43429 074.9744 333.4893 0241385 206.6638 152.1944 14.35114658111508
1 41740U 09055H   18242.04670478  .00002802  00000-0  85476-3 0  9993
2 41740  98.5896 326.5811 0006875 165.1102 195.0291 14.42719541111065
1 43377U 07052AD  18240.99727031  .00002320  00000-0  19707-2 0  9994
2 43377  64.3868 211.3219 5789610  17.0233 356.1992  4.25898956 38879
1 42979U 10041U   18238.61283158 +.00000029 +00000-0 +23484-3 0  9998
2 42979 065.1670 053.1833 5637020 065.7895 342.1326 04.25533311015075
1 43416U 14015F   18241.93707697 +.00000401 +00000-0 +22105-3 0  9991
2 43416 098.7725 261.3449 0009379 033.6303 326.5466 14.17081146223049
1 43097U 17084D   18241.74576697  .00005887  00000-0  15725-3 0  9991
2 43097  97.3357 319.3368 0053153 149.4320 211.0041 15.37029421 37779
1 43555U 18056J   18242.17978539  .00042260  00000-0  43193-2 0  9994
2 43555  98.0650 313.3096 0046335 135.5852 224.9095 14.89611887  7604
1 43104U 18002F   18242.19698910  .00001955  00000-0  80432-4 0  9994
2 43104  97.4283 317.3600 0051143 233.6984 125.9525 15.24210695 35480
1 42670U 15069C   18241.85818316 +.00000704 +00000-0 +48037-4 0  9993
2 42670 097.8294 254.0007 0093883 227.5202 131.8063 15.06325578102455
1 43396U 12002D   17364.00270595  .00000130  00000-0  00000+0 0  9992
2 43396   2.1149  78.4476 0150960 215.1275 204.1092  1.00237133 20464
1 43402U 12052B   18241.56279864 +.00000216 +00000-0 +82324-4 0  9998
2 43402 098.0710 157.5252 0242848 267.5762 089.7599 14.25191321247874
1 43483U 18047H   18241.41603825  .00693450  00000-0  11790-1 0  9993
2 43483  89.0491 226.3813 0008079 145.3813 214.7976 15.49300112 14983
1 43503U 08061D   18241.58424601  .00008778  00000-0  67780-3 0  9997
2 43503  97.7112 110.0665 0069664 201.5994 158.2288 14.99851043206505
1 43036U 17077C   18241.74566296 +.00002261 +00000-0 +10233-3 0  9992
2 43036 097.5595 320.7668 0011226 246.4518 113.5539 15.21917411040926
1 43419U 14080H   18229.26862309 -.00000098 +00000-0 -12960-4 0  9993
2 43419 063.4058 107.7063 0127387 002.4172 357.7443 13.45652414165995
1 41703U 10007V   18240.54232243  .00000095  00000-0  99414-3 0  9997
2 41703  65.0548 125.7817 5562297  55.1736 345.4148  4.30072766 54989
1 43391U 09055S   18241.73675004  .00003551  00000-0  93271-3 0  9996
2 43391  98.6919 338.3126 0034087 181.3515 178.7591 14.49460667 86218
1 43147U 18006B   18241.81305093 +.00002258 +00000-0 +10040-3 0  9994
2 43147 097.2520 355.2455 0013397 029.8959 330.3040 15.22425193034756
1 43405U 12073C   18241.56835581  .00002601  00000-0  13388-3 0  9991
2 43405  98.2149 263.9384 0068729 218.9373 140.6897 15.15451644261449
1 43408U 13052C   18242.11177915  .00000071  00000-0  88982-4 0  9996
2 43408  98.7619 196.2545 0223697  27.6550 333.6295 13.79549068240095
1 41743U 09055L   18241.44332519  .00001679  00000-0  54111-3 0  9993
2 41743  98.5378 321.6962 0008646  68.7990 291.4122 14.40530736110717
1 41804U 14016H   18242.06089219  .00002996  00000-0  38642-3 0  9993
2 41804  98.1793 270.5340 0053452 251.9252 107.6133 14.80822220107808
1 43422U 15030C   18242.16159476  .00001485  00000-0  44280-4 0  9990
2 43422  97.4285  13.4572 0006860  63.7819 296.4129 15.36282205171408
1 41719U 15020G   18241.52492601  .00000054  00000-0  19182-3 0  9998
2 41719  82.4934 317.8579 0221339 252.6009 105.0779 12.75062438149403
1 42673U 15069F   18241.22599532  .00000127  00000-0  21386-4 0  9990
2 42673  97.9376 229.3991 0003608   1.0809 359.0412 14.84866900148693
1 43150U 18006E   18241.84735040  .00005512  00000-0  15668-3 0  9997
2 43150  97.4709   6.1173 0047011 216.9940 142.8059 15.35483187 35016
1 42676U 16029B   18242.21080467  .00000212  00000-0  83307-4 0  9998
2 42676  98.0624 236.1073 0257270 235.2873 122.3831 14.22145926106486
1 43240U 18021D   18242.23367985  .00009704  00000-0  35738-3 0  9994
2 43240  97.2250 357.3224 0012320  99.8454 260.4178 15.27965295 23951
1 42679U 16049D   18241.83623953 -.00000000 +00000-0 +12410-4 0  9996
2 42679 098.4091 251.8570 0006884 007.9341 352.1958 14.45199015108303
1 43506U 18025D   18241.87858946  .00003765  00000-0  12678-3 0  9993
2 43506  97.4697   3.4894 0044172  77.4406 283.1770 15.30459621 22734
1 43526U 10007Y   18242.13206831  .00017893  00000-0  38763-1 0  9995
2 43526  65.3302 143.0325 5779856  43.4019 349.8828  4.18371972  3543
1 43380U 07052AG  18165.60216509 +.00000101 +00000-0 +00000-0 0  9994
2 43380 064.1164 240.4231 5820416 024.0557 354.4036 04.27262316051472
1 43038U 17077E   18241.90976306 +.00003257 +00000-0 +10863-3 0  9994
2 43038 097.3142 315.8651 0040829 057.9394 302.5802 15.30996650041116
1 41810U 06062Q   18235.25861537  .00019895  00000-0  25586-2 0  9994
2 41810  64.6783 299.2162 5484516 355.4761   1.1809  4.85560821 33841
1 43425U 15040D   18240.45992547  .00000076  00000-0  27917-3 0  9990
2 43425 100.4164 314.9180 0141727 283.4330  75.1024 13.21874035143952
1 43395U 11023J   18049.52743214 -.00000301 +00000-0 +00000-0 0  9996
2 43395 004.6148 062.4282 0147418 325.2667 034.0356 01.02865096022775
1 41722U 15020K   18240.96665805  .00000048  00000-0  18253-3 0  9998
2 41722  82.4931 325.3233 0178567 273.8178  84.2518 12.70388071130005
1 43270U 18031J   18240.46675430  .00000059  00000-0  15984-4 0  9994
2 43270  98.0286 315.4557 0006469 129.0046 231.1740 14.76137563 32172
1 42973U 10041N   18240.55785751  .00000228  00000-0  20251-2 0  9993
2 42973  64.9075  53.0447 5624533  69.9603 340.4493  4.23217857 15183
1 43411U 13052F   18241.03515010 -.00000003  00000-0  17144-4 0  9990
2 43411  98.6677 328.4321 0006081  81.4311 278.7558 14.26441709248143
1 43542U 10007AB  18222.52217432  .00009175  00000-0  43880-1 0  9993
2 43542  65.5479 150.8162 5740594  43.8931 346.8803  4.15016522  2708
1 43387U 09055N   18241.54115163  .00007870  00000-0  16995-2 0  9990
2 43387  98.6943 346.1802 0020541 108.9387 251.4039 14.58484187100722
1 43096U 17084C   18242.16614935  .00002435  00000-0  96317-4 0  9998
2 43096  97.4622 320.0741 0018603 128.0648 232.2272 15.26290509 37580
1 41928U 16066H   18242.00603412  .00019564  00000-0  28526-2 0  9996
2 41928  98.5290 244.1202 0350600  61.9861 301.6331 14.41702094 93112
1 43428U 16043C   18241.72064933 +.00000474 +00000-0 +13759-3 0  9998
2 43428 074.9716 353.9534 0285341 235.8386 121.5415 14.25606485111921
1 41736U 09055D   18241.92115676 +.00001246 +00000-0 +42101-3 0  9997
2 41736 098.5179 319.6510 0002270 087.1125 273.0322 14.38643819110864
1 43270U 18031J   18238.43319244 +.00000034 +00000-0 +12409-4 0  9998
2 43270 098.0289 313.4352 0006340 134.4057 225.7672 14.76136872031877
1 42973U 10041N   18238.66757750  .00000251  00000-0  22389-2 0  9990
2 42973  64.8873  53.7436 5622743  70.0001 340.4505  4.23216888 15108
1 43038U 17077E   18241.77904484  .00003455  00000-0  11507-3 0  9993
2 43038  97.3143 315.7362 0040836  58.3894 302.1323 15.30996339 41098
1 43542U 10007AB  18211.67913501  .00006261  00000-0  43880-1 0  9990
2 43542  65.5201 154.6171 5704665  44.5507 349.2062  4.14948565  2253
1 43387U 09055N   18240.51208274  .00009764  00000-0  21056-2 0  9990
2 43387  98.6945 345.1041 0021436 110.7121 249.6377 14.58465831100571
1 43096U 17084C   18241.18274114 +.00003484 +00000-0 +13659-3 0  9992
2 43096 097.4625 319.0920 0018541 131.2377 229.0463 15.26286265037441
1 41928U 16066H   18241.93663274 +.00019875 +00000-0 +28977-2 0  9994
2 41928 098.5290 244.0507 0350618 062.1831 301.4430 14.41699554093101
1 43103U 18002E   18240.71055365 +.00001336 +00000-0 +10027-3 0  9995
2 43103 097.6953 316.8376 0038707 128.8293 231.6398 15.03779457034797
1 43428U 16043C   18241.29959063  .00000527  00000-0  15200-3 0  9999
2 43428  74.9715 354.6712 0285341 236.7555 120.5959 14.25606424111862
1 41739U 09055G   18223.16692772 +.07357666 +92508-1 +36393-1 0  9999
2 41739 098.5184 356.2742 0029410 300.8723 058.9653 15.87702166110437
1 43376U 07052AC  18235.11329159 +.00000037 +00000-0 -38669-4 0  9994
2 43376 065.1458 262.7467 5801674 357.9097 000.5395 04.09342477056484
1 42978U 10041T   18240.89144937 +.00000018 +00000-0 +17906-3 0  9991
2 42978 065.6551 045.4011 5465085 059.2017 343.4542 04.50664225016132
1 43414U 14007D   18241.34999790 -.00000087 +00000-0 +00000-0 0  9990
2 43414 014.2271 315.3907 4711667 308.4240 018.0500 01.89407303026788
1 43545U 10007AE  18207.64455366 +.00001914 +00000-0 +16109-1 0  9999
2 43545 065.3999 156.0116 5690317 044.7242 348.8461 04.14565614002011
1 43390U 09055R   18240.00720209  .00009332  00000-0  22012-2 0  9999
2 43390  98.5726 330.6123 0010142 192.7654 167.3286 14.54419746 89193
1 42468U 10057BH  18222.82872028 -.00000045 +00000-0 +82746-3 0  9999
2 42468 020.7085 339.4068 7168997 225.0528 047.9483 02.25902903029741
1 43401U 12026N   18240.49639292 -.00000138 +00000-0 +00000-0 0  9995
2 43401 012.3459 002.0100 4134825 336.1664 051.0932 01.75796421038741
1 43431U 17034G   18236.43804025 -.00000028  00000-0  25824-4 0  9992
2 43431  43.1009 263.6254 0223325 109.8613 252.6429 14.55427234 61045
1 41736U 09055D   18241.85160678  .00001247  00000-0  42130-3 0  9994
2 41736  98.5179 319.5820 0002274  87.2453 272.8994 14.38643634110852
1 43404U 12066G   18240.25523154 -.00000003 +00000-0 +26953-3 0  9994
2 43404 063.3602 185.6687 0106935 219.8126 139.4992 12.92720937224918
1 43490U 18048E   18240.73322651  .00000301  00000-0  52360-4 0  9999
2 43490  98.1747 316.6260 0034580 335.6697  24.2877 14.74979874 12622
1 43379U 07052AF  18240.07876581  .00004137  00000-0  35160-2 0  9999
2 43379  64.0872 199.3960 5759076  30.2091 353.0694  4.30239602 61484
1 43035U 17077B   18241.72785597 +.00002253 +00000-0 +89569-4 0  9996
2 43035 097.3424 314.8309 0017364 160.0554 200.1367 15.26199342041013
1 43418U 14080G   18226.30388452 -.00000046 +00000-0 +72039-4 0  9991
2 43418 063.4101 119.4286 0125911 002.4689 357.6932 13.44482763159907
1 41702U 10007U   18241.81666692  .00030639  00000-0  39481-1 0  9999
2 41702  65.7548 113.6110 5279959  49.2140 346.0067  4.97732901 61544
1 41718U 15020F   18240.42672407 +.00000055 +00000-0 +14531-3 0  9993
2 41718 082.4878 294.4654 0229071 193.6843 165.7988 12.91188695152102
1 43393U 10023C   18240.81476234  .00001175  00000-0  27360-2 0  9992
2 43393 100.3856  90.7753 0016558  75.1778 285.1174 13.26863018230717
1 43106U 17008DK  18241.89932880 +.00092358 +00000-0 +15552-2 0  9990
2 43106 097.4583 313.6040 0009274 235.9331 124.1041 15.51337368036450
1 42672U 15069E   18240.11882094  .00000556  00000-0  11061-3 0  9998
2 42672  98.0097 194.2843 0161248 337.3974  22.0178 14.58217737140780
1 43407U 13014D   18234.43226920 -.00000176  00000-0  00000+0 0  9997
2 43407  14.3231 295.5549 4857711  22.9998 352.9628  1.91512031 20656
1 43421U 14080K   18232.08377360 -.00000065 +00000-0 +41307-4 0  9998
2 43421 063.4041 106.9367 0123669 002.3959 357.7633 13.43984449104986
1 42675U 16012T   18232.28491758  .00004079  00000-0  25567-3 0  9992
2 42675  31.0116 237.6463 0007922  30.8612 329.2490 15.07596129 85679
1 43505U 18025C   18241.32734854  .00002617  00000-0  13026-3 0  9996
2 43505  97.4837   0.2585 0017977 275.6882  84.2303 15.18359138 22543
1 41742U 09055K   18241.21526150  .00000514  00000-0  17828-3 0  9994
2 41742  98.4959 320.3622 0011631 175.9022 184.2263 14.39656554110736
1 43410U 13052E   18239.09698435 +.00000102 +00000-0 +11870-3 0  9993
2 43410 098.8343 192.0931 0248685 086.4385 276.5170 13.74165688238742
1 43525U 10007X   18240.57031398  .00132896  00000-0  12471+0 0  9991
2 43525  66.2235 144.8356 5805931  41.4133 350.4984  4.22374013  3869
1 41798U 14016B   18241.54606084  .00003939  00000-0  46719-3 0  9994
2 41798  98.1639 272.0224 0059607 245.3848 114.1148 14.83851628107764
1 43037U 17077D   18241.72780156 +.00005273 +00000-0 +13794-3 0  9995
2 43037 097.5364 326.1129 0054199 080.9843 279.7530 15.37684851041249
1 41808U 06062N   16342.72620399  .11655403  00000-0  58430+0 0  9993
2 41808  64.6385 208.8865 5011498  23.6214 353.1457  5.68206774  6074
1 43424U 15040C   18241.91247958 +.00000011 +00000-0 +15056-3 0  9990
2 43424 100.3381 287.0947 0150850 303.7010 054.9796 13.09937121139239
1 41721U 15020J   18241.92901604 +.00000082 +00000-0 +30633-3 0  9998
2 41721 082.4941 318.1993 0244824 251.8245 105.6061 12.74564242149325
1 43149U 18006D   18241.31484316  .00005208  00000-0  18090-3 0  9998
2 43149  97.3905   1.3431 0020292 257.9311 101.9656 15.30009426 34792
1 43237U 18025B   18240.85870803 +.00003977 +00000-0 +16998-3 0  9991
2 43237 097.2447 355.9124 0016216 188.5118 171.5847 15.23296799024980
1 42678U 16049C   18240.26252779  .00000005  00000-0  13924-4 0  9990
2 42678  98.4088 250.3938 0008840   8.2266 351.9069 14.45296656102138
1 43266U 18031H   18241.44926921 +.00000370 +00000-0 +51956-4 0  9997
2 43266 098.0674 318.8296 0036110 303.0419 056.7328 14.83128388022354
1 42797U 17036AJ  18241.66549329  .00289230  00000-0  24185-2 0  9992
2 42797  97.4029 310.8974 0006993 188.3444 171.7703 15.69106323 65411
1 43413U 13068B   18240.78758102 +.00000340 +00000-0 +11291-3 0  9990
2 43413 097.9720 170.7776 0130789 010.8988 349.4986 14.38690956241379
1 41846U 16066F   18241.90761784 +.00000333 +00000-0 +60704-4 0  9990
2 41846 098.7496 271.8572 0368593 028.3192 333.7500 14.37390195094498
1 43102U 18002D   18240.73978852 +.00001476 +00000-0 +97514-4 0  9993
2 43102 097.4497 311.3126 0017929 065.5362 294.7734 15.08801139034913
1 43487U 18048D   18240.67310124 +.00000314 +00000-0 +54038-4 0  9998
2 43487 097.9075 313.7264 0034086 333.4730 026.4734 14.74862320012898
1 41738U 09055F   18240.85486079  .00002787  00000-0  54713-3 0  9991
2 41738  98.5995 347.0912 0049364 124.5871 236.0001 14.62785394112061
1 43375U 07029S   18237.93262824  .00000623  00000-0  42340-3 0  9994
2 43375  70.9055  76.3839 0123501 230.4553 198.5285 14.00358204555842
1 42977U 10041S   18238.38365787  .00004780  00000-0  55825-2 0  9990
2 42977  64.8380  39.2170 5638569  69.1677 340.8180  4.44990224 15682
1 43535U 18056G   18241.87546858  .02288990  27098-5  19916-2 0  9994
2 43535  97.8192 316.6750 0092098 327.1073  32.5185 16.04447290  8006
1 43095U 17084B   18241.42705711  .00003092  00000-0  12769-3 0  9996
2 43095  97.4380 317.9744 0012252 118.7170 241.5300 15.24710230 37433
1 43544U 10007AD  18218.57331837  .00555029 -56897-6  84850-2 0  9990
2 43544  65.6368 146.3215 5587494  38.7731   4.9853  4.78687470  2696
1 43389U 09055Q   18189.32382292 +.00302288 +00000-0 +11347-1 0  9994
2 43389 098.6114 316.5757 0034922 190.8574 169.1911 15.25342818077232
1 42466U 10057BF  18231.63994609 -.00000249 +00000-0 +94560-3 0  9999
2 42466 020.7638 031.3228 7205250 130.6957 318.5418 02.18737817024977
1 42671U 15069D   18240.35646128 +.00000509 +00000-0 +11025-3 0  9997
2 42671 097.9397 181.1986 0162021 340.3145 019.1844 14.54594357140450
