1 19656U 88102C   18211.99599100 -.00000063  00000-0 -18136-4 0  9995
2 19656  70.9795  60.0574 0213456 305.7028  52.4371 13.71191664484821
1 19657U 88102D   18211.94474632 -.00000011 +00000-0 +31014-4 0  9995
2 19657 070.9821 048.4722 0213447 272.0918 157.4261 13.71509412484953
1 19658U 88102E   18211.78057963 -.00000020 +00000-0 +20292-4 0  9998
2 19658 071.0236 353.2086 0197476 155.0570 276.0021 13.74369397488048
1 19659U 88102F   18211.88529201 +.00000033 +00000-0 +67002-4 0  9992
2 19659 071.0362 282.6453 0186554 054.6238 058.4075 13.76644772490580
1 19831U 89005C   18211.49026646  .00000168  00000-0  47836-4 0  9991
2 19831  74.0669 217.5463 0016272 257.7799 260.6293 14.52655739553859
1 19853U 81053MH  18211.92699403 +.00000259 +00000-0 +29072-3 0  9997
2 19853 082.9869 190.1764 0125514 229.2978 162.8337 13.64385903301573
1 19945U 89005D   18210.85073119 +.00000095 +00000-0 +33710-4 0  9998
2 19945 074.0605 000.0123 0021905 059.5639 090.6568 14.46605336370431
1 20087U 81053MJ  18210.67723133 +.00000219 +00000-0 +21106-3 0  9993
2 20087 082.9910 099.0900 0108848 255.1635 134.1491 13.73627629458513
1 20089U 81053MK  18211.60302163  .00000279  00000-0  17625-3 0  9992
2 20089  82.7545 155.9602 0042322 212.0052 147.8547 14.00423686330674
1 20100U 81053ML  18211.58718932 +.00000031 +00000-0 +25719-4 0  9998
2 20100 082.8957 302.9934 0172930 070.9252 353.6166 13.42953003468706
1 20129U 89080E   18210.57004236 +.00000221 +00000-0 +77508-4 0  9994
2 20129 082.5029 246.5763 1009818 122.2850 024.9946 12.83853210332131
1 20284U 85094X   18211.48185367 +.00000062 +00000-0 +40657-3 0  9990
2 20284 083.1966 273.5517 0228946 338.4250 082.3679 12.30319291211467
1 20285U 87020DP  18211.72678378 -.00000321 +00000-0 -25597-2 0  9993
2 20285 073.6427 312.3185 0084363 314.1825 201.7698 12.29988298244369
1 20301U 88102J   18211.92565632 +.00000297 +00000-0 +18087-3 0  9991
2 20301 070.9987 300.9675 0016632 205.3566 154.6742 14.14079116498412
1 20308U 89080G   18212.50831173 -.00000102  00000-0 -36977-4 0  9991
2 20308  82.6442 251.3806 0957790 304.7553  46.6952 12.99645257343361
1 20324U 89089C   18211.88635510 +.00000116 +00000-0 +80610-4 0  9991
2 20324 098.7921 226.6373 0013407 112.9461 007.1532 14.16367209477686
1 20359U 89080K   18212.52575293  .00036045  00000-0  55251-3 0  9995
2 20359  82.5168 293.6358 0066878   6.1312  53.8640 15.51520110450258
1 20434U 90004C   18211.26568976 +.00000124 +00000-0 +45362-4 0  9999
2 20434 074.0457 312.9609 0016248 220.5365 168.7554 14.42643310494399
1 20435U 90004D   18211.59486736 +.00000143 +00000-0 +40963-4 0  9992
2 20435 074.0281 016.5164 0015192 008.9022 108.6141 14.53770494503227
1 20505U 81053MM  18212.19774958  .00000413  00000-0  15264-3 0  9992
2 20505  83.1611  23.9971 0020617 313.4938  46.4535 14.30190356556030
1 20626U 90046C   18211.59391140 -.00000019 +00000-0 +23240-4 0  9996
2 20626 071.0167 076.2710 0209186 269.6041 114.3657 13.72232632411135
1 20627U 90046D   18212.11338838 -.00000073  00000-0 -29605-4 0  9993
2 20627  70.9730  91.9756 0213479  21.9260 127.6015 13.70310569409592
1 20628U 90046E   18211.53228033 -.00000029 +00000-0 +13730-4 0  9996
2 20628 070.9771 051.4827 0211065 320.3620 038.2208 13.71765884410647
1 20629U 90046F   18211.88727281 +.00000047 +00000-0 +83374-4 0  9994
2 20629 071.0245 040.6149 0200485 201.6352 225.3865 13.73471274412504
1 20792U 90081E   18212.52779627  .00000051  00000-0  47892-4 0  9997
2 20792  98.6549 231.7425 0018473  10.2153 349.9393 14.15284084436215
1 20793U 90081F   18212.03610764  .00000335  00000-0  19270-3 0  9993
2 20793  98.6335 229.0400 0020262 326.4686  58.8410 14.15620833436081
1 20797U 90081G   18212.56875647  .00000040  00000-0  43847-4 0  9999
2 20797  98.6558 229.7023 0009913  78.9028  79.9395 14.13614442435003
1 20798U 90081H   18211.99515330  .00000167  00000-0  10472-3 0  9993
2 20798  98.6111 226.9971 0008215 307.6878  52.3552 14.16754156436932
1 20865U 90081AD  18212.56058168  .00000614  00000-0  17270-3 0  9993
2 20865  98.1473 232.1225 0030803 303.5664 207.8011 14.48898042455037
1 20866U 90081AE  18211.73903745 -.00000167  00000-0 -74985-4 0  9994
2 20866  98.7346 226.9392 0072766 122.2277 298.5961 14.05586374423063
1 20867U 90081AF  18212.55208463 -.00000222  00000-0 -10872-3 0  9997
2 20867  98.7763 229.3432 0107538 130.2735  21.0657 14.03928479422865
1 20868U 90081AG  18211.60625618 +.00000005 +00000-0 +42736-4 0  9990
2 20868 099.0183 260.4587 0172360 328.5429 030.5505 13.77748995396556
1 20870U 90081AJ  18211.85749137 +.00000144 +00000-0 +10603-3 0  9994
2 20870 098.7071 225.5790 0033310 219.6267 263.0570 14.09519691427049
1 20883U 90081AT  18211.86261650 +.00000263 +00000-0 +12472-3 0  9996
2 20883 098.4955 226.6181 0013701 203.9666 232.1652 14.27254273438792
1 20884U 90081AU  18212.41242172  .00000305  00000-0  17674-3 0  9993
2 20884  98.7128 270.1280 0028521 294.3429  65.4768 14.15724438247761
1 20885U 90081AV  18211.63969376 +.00000043 +00000-0 +68746-4 0  9995
2 20885 099.0840 276.3210 0066269 256.1648 269.2803 13.90200727410104
1 20886U 90081AW  18211.90032868 +.00000047 +00000-0 +10595-3 0  9995
2 20886 098.9726 198.9909 0246078 289.0140 097.6493 13.54154107372655
1 20887U 90081AX  18212.54143646  .00000248  00000-0  99003-4 0  9999
2 20887  98.4385 228.6587 0024704 156.6397 356.3922 14.36359527445486
1 20890U 90081BA  18211.49719782 -.00000046  00000-0 -18869-5 0  9996
2 20890  98.7525 228.7753 0012664 280.9866  78.9878 14.05959970426052
1 20891U 90081BB  18210.43969045 +.00000029 +00000-0 +72887-4 0  9997
2 20891 098.9780 025.6802 0214698 193.4825 183.6353 13.64637632383349
1 20892U 90081BC  18212.25925715  .00000365  00000-0  35822-3 0  9996
2 20892  99.0854 136.9827 0167108 105.6217  56.4744 13.78923013393786
1 20893U 90081BD  18211.49236813  .00000619  00000-0  18698-3 0  9990
2 20893  98.3208 246.6487 0011713 100.5078   5.4332 14.45675385447375
1 20894U 90081BE  18211.87252522 +.00000199 +00000-0 +10062-3 0  9998
2 20894 098.5592 234.0751 0022433 117.9249 005.8202 14.26136467439364
1 20895U 90081BF  18211.52951271 +.00000684 +00000-0 +22378-3 0  9990
2 20895 098.5593 229.3488 0029072 257.6456 258.3724 14.41392670448695
1 20898U 90081BJ  18211.97027558 +.00000554 +00000-0 +12683-3 0  9998
2 20898 098.3273 216.0471 0037464 339.6006 049.6478 14.59171154459119
1 20899U 90081BK  18211.06426174  .00000523  00000-0  18870-3 0  9996
2 20899  98.4912 286.7843 0012125 257.2247 171.8809 14.37649487440972
1 20900U 90081BL  18211.59012149 +.00000743 +00000-0 +27730-3 0  9999
2 20900 099.0644 067.5719 0050113 093.1471 292.3393 14.34394832432242
1 20902U 90081BN  18212.53756000 -.00000291  00000-0 -17036-3 0  9995
2 20902  99.1648 307.2527 0080485 140.5614 289.8096 13.97486829412886
1 20903U 90081BP  18211.09809080  .00000059  00000-0  42019-4 0  9993
2 20903  98.6512 249.2424 0056778 249.7331 129.5775 14.26436262443627
1 20904U 90081BQ  18211.89603793 +.00000513 +00000-0 +18932-3 0  9996
2 20904 098.3820 227.8137 0023542 150.1517 279.3045 14.36365647443335
1 20906U 90081BS  18212.24552998 -.00000003  00000-0  35936-4 0  9997
2 20906  99.1885 314.9282 0106801 152.9090 237.2628 13.81270871401160
1 20907U 90081BT  18210.56724538 +.00000761 +00000-0 +18382-3 0  9997
2 20907 098.2705 234.3657 0012865 059.4068 092.3441 14.55869748452051
1 20912U 90081BV  18211.85477174  .00000183  00000-0  92496-4 0  9994
2 20912  98.5414 233.2287 0016695 101.8467  23.9364 14.27022079438486
1 20913U 90081BW  18212.55635083  .00000035  00000-0  42763-4 0  9996
2 20913  98.7249 228.9122 0101557 219.6962 309.7637 14.09199527426303
1 20915U 90081BY  18212.04862358  .00000143  00000-0  81901-4 0  9996
2 20915  98.6252 242.3586 0038908 130.7846 259.1748 14.23048495439358
1 20972U 90081CE  18211.54636192 +.00000269 +00000-0 +11760-3 0  9992
2 20972 098.4925 231.5289 0018327 314.7115 196.8369 14.31310033441923
1 20973U 90081CF  18211.78610340  .00000280  00000-0  87762-4 0  9995
2 20973  98.4964 245.0226 0049115  24.3280  35.1441 14.47471325452842
1 20974U 90081CG  18211.86663517  .00000209  00000-0  10590-3 0  9994
2 20974  98.5595 233.4291 0016418 144.1731 340.2975 14.25812426439191
1 21091U 91007C   18211.92441152 +.00000086 +00000-0 +68844-4 0  9999
2 21091 082.9305 277.3061 0026289 273.4263 210.0609 13.79726520382106
1 21115U 91009M   18211.36262833  .00000125  00000-0  13263-2 0  9990
2 21115  74.0389 289.4572 0181936 148.5346 329.0354 12.16566083219364
1 21136U 91009N   18211.82162160 -.00000086 +00000-0 -82598-3 0  9992
2 21136 073.9991 350.6286 0288842 000.0167 154.5480 11.97030081199353
1 21155U 91009S   18211.44151892 -.00000033 +00000-0 -13578-3 0  9995
2 21155 073.9198 211.5333 0144348 227.3066 286.4184 12.30671842233635
1 21159U 91009W   18210.58659906 +.00000016 +00000-0 +27094-3 0  9999
2 21159 073.9411 267.9460 0144645 256.7307 174.9543 12.29018926229212
1 21163U 91009AA  18212.51366997  .00000022  00000-0  31265-3 0  9996
2 21163  73.9408 235.5603 0138778 214.5824 219.1218 12.30664442231002
1 21167U 91009AE  18211.81522292 -.00000014  00000-0  17584-4 0  9995
2 21167  73.9133 239.2691 0137784 274.0626 197.7882 12.29284506229918
1 21168U 91009AF  18212.51150760 -.00000005  00000-0  91629-4 0  9993
2 21168  73.8952 261.0733 0199329 335.5233  89.2569 12.27685444228287
1 21174U 91009AM  18211.85904679 +.00000045 +00000-0 +65957-3 0  9999
2 21174 074.0927 001.6802 0276294 209.3495 308.3226 11.99216897199416
1 21175U 91009AN  18211.59721441  .00000007  00000-0  19242-3 0  9999
2 21175  73.9355 272.0721 0147445 273.7012 242.4200 12.28548290229141
1 21180U 91009AT  18212.46465970  .00000040  00000-0  46619-3 0  9999
2 21180  74.0634  28.6007 0107471 155.1414 234.3050 12.28530256227509
1 21181U 91009AU  18211.33423878  .00000043  00000-0  49854-3 0  9993
2 21181  73.9476  77.9589 0207870  84.4972  31.9241 12.22354112222485
1 21182U 91009AV  18211.78110705 +.00000095 +00000-0 +99022-3 0  9994
2 21182 073.9976 142.3586 0154607 067.8741 320.2253 12.21624598221352
1 21186U 91009AZ  18210.07415505 +.00000207 +00000-0 +22626-2 0  9995
2 21186 074.1033 063.1607 0147759 204.5830 319.0297 12.12926407213018
1 21187U 91009BA  18208.62197755 +.00000380 +00000-0 +41445-2 0  9990
2 21187 074.2438 256.2401 0177260 160.9984 357.0865 12.09230184208957
1 21208U 91009BB  18210.56334500 +.00000013 +00000-0 +23259-3 0  9998
2 21208 073.9557 250.4423 0148973 205.3450 314.7274 12.30745428227535
1 21211U 91009BE  18211.63248671 -.00000164 +00000-0 -13745-2 0  9991
2 21211 074.0949 267.6147 0201222 018.9530 135.4842 12.19336520216288
1 21234U 91009CT  18209.58271731 +.00000037 +00000-0 +41713-3 0  9994
2 21234 074.0073 252.1036 0125882 106.4701 045.6873 12.32459275231682
1 21251U 91009BJ  18209.16347491 +.00000326 +00000-0 +25925-2 0  9991
2 21251 073.9543 130.2856 0151148 063.6653 003.9486 12.35820422235344
1 21252U 91009BK  18212.25489955  .00000015  00000-0  26917-3 0  9996
2 21252  74.1056 148.6832 0124523 222.9117 294.1955 12.24655928224838
1 21255U 90111C   18211.14397197  .00000124  00000-0  43808-4 0  9995
2 21255  74.0386  13.3620 0013533 155.9482 326.3967 14.44381048449650
1 21256U 91009BN  18211.89176194 -.00000050 +00000-0 -51370-3 0  9999
2 21256 073.9768 278.2371 0247016 041.7400 072.3179 11.83963285180648
1 21257U 91007D   18210.72113160 +.00000074 +00000-0 +59919-4 0  9995
2 21257 082.9213 300.4650 0032882 358.7470 155.1715 13.76953234378106
1 21332U 91009CP  18205.66288104 +.00000711 +00000-0 +70059-2 0  9993
2 21332 074.1995 094.3598 0157108 057.4045 330.9976 12.16888054168660
1 21401U 91009BQ  18211.82749142 -.00000032 +00000-0 -17938-3 0  9995
2 21401 074.1362 355.7496 0144924 061.2486 088.9638 12.16750042216552
1 21402U 91009BR  18211.07136062 -.00000032  00000-0 -17084-3 0  9996
2 21402  74.0244 240.2194 0135114 132.0516 257.3438 12.18210135218330
1 21403U 91009BS  18211.38693556 +.00000023 +00000-0 +31742-3 0  9992
2 21403 073.9330 221.4686 0135455 214.2439 211.6341 12.31357088230128
1 21404U 91009BT  18211.38717922 +.00000056 +00000-0 +50384-3 0  9996
2 21404 073.9612 346.1572 0184430 240.2781 147.2089 12.41205412239673
1 21406U 91009BV  18211.42428062 +.00000017 +00000-0 +26508-3 0  9995
2 21406 073.9122 204.3397 0135500 235.9183 294.8975 12.31359288226200
1 21407U 91009BW  18212.22609689  .00000080  00000-0  76400-3 0  9997
2 21407  73.8525 128.8990 0175453 267.7890 249.2487 12.32178524232274
1 21408U 91009BX  18211.21434552  .00000320  00000-0  32106-2 0  9992
2 21408  74.0276 298.2136 0199975 192.8553 195.6976 12.15629651215736
1 21420U 91041C   18211.50680755  .00000133  00000-0  49859-4 0  9999
2 21420  74.0666 255.1565 0005894 222.5655 205.6380 14.40640312420715
1 21529U 91045C   18211.93143825 +.00000132 +00000-0 +41797-4 0  9994
2 21529 089.5713 075.8696 0055476 023.1471 337.2207 14.34248580412594
1 21532U 91045D   18212.10566413  .00000113  00000-0  35695-4 0  9999
2 21532  89.5228 359.9028 0069977 120.7636 290.9394 14.32154484411017
1 21623U 87036L   18212.08963962  .00001470  00000-0  10077-2 0  9994
2 21623  62.7338 114.3097 3043614 170.0806 197.7723  8.83257586859104
1 21636U 90065N   18211.66917647 -.00000134  00000-0 -21661-3 0  9996
2 21636  18.0256  10.4717 7146901  25.9951 356.8524  2.33842099228848
1 21657U 87036M   18212.54460352  .00001301  00000-0  11362-1 0  9997
2 21657  64.9498  39.3985 1749062  53.8166 321.2119 10.18644743884498
1 21691U 91045E   18211.77375087 +.00000190 +00000-0 +47967-4 0  9992
2 21691 089.8181 325.1019 0014085 235.2060 278.0453 14.47627483423647
1 21711U 91041D   18211.60371553 +.00000142 +00000-0 +47548-4 0  9999
2 21711 074.0199 076.5574 0013213 201.3624 188.5166 14.45940332424095
1 21712U 91045F   18211.70669678 +.00000132 +00000-0 +50078-4 0  9994
2 21712 089.2756 111.9520 0134002 293.4783 094.1362 14.21561555400539
1 21724U 91009BZ  18211.79932351 -.00000041 +00000-0 -25030-3 0  9997
2 21724 073.9784 146.7682 0206856 100.8628 289.8378 12.20367728195448
1 21725U 87036N   18211.99931185  .00002172  00000-0  21577-1 0  9994
2 21725  64.8651 215.0540 1047740  13.8329 348.9099 11.20254084 20523
1 21750U 91009CQ  18209.05260918 +.00000357 +00000-0 +31691-2 0  9992
2 21750 074.0740 066.4841 0107545 224.4239 290.4522 12.28481254224038
1 21826U 91086C   18211.86217750  .00004271  00000-0  37603-3 0  9998
2 21826  82.5774   3.6321 0710191 206.5632 149.7458 13.90945277248494
1 21827U 91086D   18212.29782471  .00001625  00000-0  12356-3 0  9992
2 21827  82.4420 200.9667 0647173 122.0924 307.7108 14.07000926252138
1 21836U 91082E   18211.97838624  .00001450  00000-0  24789-3 0  9993
2 21836  98.7692 251.0764 0003236 187.1029 259.7734 14.70594070401199
1 21861U 91009CA  18211.65744111 +.00000093 +00000-0 +95458-3 0  9995
2 21861 074.0248 090.1633 0135671 313.9224 072.9366 12.24694366224299
1 21905U 91086F   18211.66950463 +.00003285 +00000-0 +34724-3 0  9994
2 21905 082.4999 093.1112 0799766 025.0544 338.7276 13.67635317235874
1 21911U 90081CH  18211.82298987  .00000034  00000-0  29686-4 0  9990
2 21911  98.6298 249.2716 0055265 115.1521 303.3483 14.29902637438910
1 21918U 91009CB  18211.96811729 +.00000016 +00000-0 +28466-3 0  9992
2 21918 074.0777 202.6651 0125671 343.3172 044.1419 12.21846962220639
1 21919U 91009CC  18210.62126338 +.00000038 +00000-0 +71274-3 0  9999
2 21919 074.0645 183.1221 0356904 169.8177 314.2569 11.74813911171751
1 21936U 91009CD  18212.26753860 -.00000062  00000-0 -53019-3 0  9992
2 21936  74.0653 304.1794 0261419 193.4386 195.0201 12.00982724163253
1 21943U 91009CE  18211.81098486  .00000024  00000-0  37062-3 0  9992
2 21943  73.9541 154.9128 0137077 172.8129 201.6019 12.19192989219401
1 21955U 91009CF  18211.79819215 +.00000321 +00000-0 +36032-2 0  9998
2 21955 074.3123 325.9706 0163201 162.7491 356.9917 12.08028831207652
1 21958U 91009CG  18211.50305833 -.00000045 +00000-0 -29376-3 0  9995
2 21958 073.9613 224.1580 0133882 238.2130 279.7500 12.16712978216634
1 21959U 91009CH  18209.94427987 -.00000007 +00000-0 +74196-4 0  9994
2 21959 073.9664 194.6979 0129270 196.0090 191.6520 12.18578301217903
1 22025U 91009CJ  18211.45876128 +.00000037 +00000-0 +42500-3 0  9998
2 22025 073.9376 218.4560 0143739 200.5918 312.6590 12.31377476230941
1 22132U 91009CR  18211.66623434 -.00000045 +00000-0 -30719-3 0  9990
2 22132 074.0588 293.5757 0142310 135.9783 020.6929 12.16808227216979
1 22198U 91009CS  18211.01875110 -.00000015 +00000-0 +67535-5 0  9995
2 22198 073.9132 215.9563 0146683 246.9059 142.2388 12.30480775230058
1 22221U 92076C   18211.78170066 +.00000045 +00000-0 +79048-4 0  9992
2 22221 071.0439 138.2121 0185403 308.4882 078.3120 13.76996031290936
1 22222U 92076D   18212.27992700  .00000065  00000-0  10335-3 0  9990
2 22222  71.0004 308.9596 0216236 174.6595 185.6887 13.69986336284765
1 22223U 92076E   18211.60214385 -.00000022 +00000-0 +18098-4 0  9992
2 22223 071.0357 182.7103 0193745 026.8737 088.8721 13.75390512289335
1 22224U 92076F   18212.06402311 -.00000030  00000-0  10857-4 0  9996
2 22224  70.9898 163.0819 0193644 112.2339 249.9428 13.74427242288979
1 22289U 92093D   18211.71779220 +.00000016 +00000-0 +24548-4 0  9998
2 22289 070.8326 108.8170 0059035 083.8422 310.5143 14.31446512335813
1 22290U 92093E   18211.68472559 -.00000094  00000-0 -48125-4 0  9996
2 22290  71.0508 302.9689 0194044  71.6838  76.0690 13.74650622283074
1 22291U 92093F   18211.80600661 -.00000006 +00000-0 +34324-4 0  9996
2 22291 071.0128 351.6242 0208749 165.6738 345.0049 13.71812250280922
1 22292U 92093G   18211.93995830 -.00000009 +00000-0 +33379-4 0  9998
2 22292 071.0065 027.3469 0212029 222.7424 291.8018 13.70378816274532
1 22293U 92093H   18211.79286811 -.00000005  00000-0  33646-4 0  9998
2 22293  71.0587 324.9370 0195875  48.3333 313.4349 13.73991394277388
1 22296U 92093L   18211.41282476  .00000632  00000-0  22522-3 0  9998
2 22296  70.8446 193.5254 0072881 198.5790 319.5412 14.36655017321094
1 22297U 92093M   18211.82147387 -.00000073 +00000-0 -15232-4 0  9997
2 22297 070.9484 016.2043 0101675 213.8932 145.5662 14.04935698308986
1 22326U 92093P   18211.62466439 +.00000030 +00000-0 +55139-4 0  9991
2 22326 070.6610 277.2730 0149693 354.0424 156.1425 13.92479037293181
1 22329U 92093S   18212.51266695  .00000477  00000-0  82016-4 0  9994
2 22329  70.9004 120.4044 0077031 327.2091  32.4292 14.72624707356306
1 22330U 92093T   18212.05036769  .00000224  00000-0  15812-3 0  9991
2 22330  70.4147 239.9929 0112944  83.0942 299.8963 14.06046428309468
1 22332U 92093V   18211.61642635 +.00003326 +00000-0 +32122-3 0  9998
2 22332 070.5395 041.1886 0016486 181.3272 178.7847 14.93642713338725
1 22338U 92093AB  18211.62114889 +.00000204 +00000-0 +52307-4 0  9990
2 22338 070.6199 278.7932 0089459 277.5654 233.1241 14.61062777333861
1 22341U 92093AE  18211.88954944 +.00000199 +00000-0 +17724-3 0  9992
2 22341 070.7453 256.7815 0135841 145.0831 270.6686 13.92188429296861
1 22342U 92093AF  18211.95684502 +.00000031 +00000-0 +57309-4 0  9990
2 22342 070.6983 184.6667 0120957 205.1749 189.0008 13.92629465297133
1 22347U 92093AL  18212.09780301  .00000612  00000-0  44485-3 0  9990
2 22347  70.8370 242.9480 0180386 236.6005 154.7521 13.92862192288255
1 22348U 92093AM  18211.79835569 -.00000082  00000-0 -21780-4 0  9991
2 22348  71.2618 337.9482 0107099 145.1001   6.8007 14.06068335308750
1 22349U 92093AN  18211.95751337 +.00000071 +00000-0 +97933-4 0  9999
2 22349 070.8222 311.1429 0186142 250.2236 228.8999 13.80621767285414
1 22351U 92093AQ  18211.86023814 +.00000003 +00000-0 +31074-4 0  9993
2 22351 070.9086 099.5178 0106042 013.7935 108.2234 14.01681309306120
1 22353U 92093AS  18211.68401479 +.00000332 +00000-0 +21359-3 0  9991
2 22353 070.9697 108.7962 0119037 235.7555 154.8638 14.06930103306372
1 22356U 92093AV  18211.94336081 +.00001021 +00000-0 +28696-3 0  9996
2 22356 070.6817 028.6063 0054704 319.8899 191.9620 14.47637018322535
1 22357U 92093AW  18212.14674196  .00000274  00000-0  46452-4 0  9992
2 22357  70.8677 265.1543 0072462  32.1340 359.3715 14.77620060362250
1 22359U 92093AY  18211.34019941  .00000431  00000-0  34378-3 0  9994
2 22359  70.7448  89.8900 0170649 260.8601 220.8364 13.90211730290695
1 22362U 92093BB  18211.77318198 +.00000289 +00000-0 +26645-3 0  9990
2 22362 070.8983 129.2118 0200260 305.9308 082.1490 13.82114380282742
1 22363U 92093BC  18211.47612377 +.00000030 +00000-0 +53087-4 0  9999
2 22363 071.0364 143.6770 0146667 001.3343 358.8129 13.92466135297218
1 22370U 92093BK  18211.76239595 +.00000060 +00000-0 +62965-4 0  9994
2 22370 070.9758 072.2983 0111400 188.8646 296.5611 14.04698529308033
1 22374U 92093BP  18212.42480534  .00000190  00000-0  18158-3 0  9991
2 22374  70.7871 218.3015 0183650 255.4024 177.0514 13.85545369288029
1 22376U 92093BR  18211.31152844  .00000410  00000-0  21092-3 0  9996
2 22376  70.8916  71.2899 0061269 100.9718   9.4284 14.20137180316722
1 22377U 92093BS  18211.84791997 +.00000240 +00000-0 +16893-3 0  9997
2 22377 071.0966 114.9154 0056058 043.3502 317.2006 14.06947175310386
1 22379U 92093BU  18211.82241452 +.00000401 +00000-0 +26776-3 0  9993
2 22379 070.7055 263.7880 0091435 352.5731 007.4023 14.05237337305280
1 22381U 92093BW  18211.17106294 +.00001882 +00000-0 +31451-3 0  9998
2 22381 070.5402 238.3152 0030807 333.2452 026.7106 14.71102699331537
1 22382U 92093BX  18211.78726771  .00000056  00000-0  76358-4 0  9992
2 22382  70.8646 202.6280 0164209  75.0863 352.7343 13.87709039290084
1 22387U 92093CC  18211.80625639  .00000119  00000-0  10201-3 0  9995
2 22387  70.8923 141.5258 0111436  87.2332 304.6824 14.02281766303314
1 22388U 92093CD  18211.80346644  .00000049  00000-0  52839-4 0  9998
2 22388  70.9544  98.9614 0109457 266.4546 208.4591 14.09049935306439
1 22392U 92093CH  18211.93599861 +.00000088 +00000-0 +24202-4 0  9994
2 22392 070.8920 299.1424 0103925 064.3632 047.8511 14.70263178339315
1 22393U 92093CJ  18211.83338229  .00000013  00000-0  34299-4 0  9998
2 22393  71.1232  11.6254 0122867  57.1968  11.8179 14.03355046304025
1 22395U 92093CL  18211.58875178 +.00000664 +00000-0 +30070-3 0  9995
2 22395 071.1497 178.2701 0088738 295.4846 184.6937 14.23458504309332
1 22396U 92093CM  18211.85636583 +.00001555 +00000-0 +23957-3 0  9997
2 22396 070.6515 097.5385 0013189 329.6109 153.8128 14.75204740338643
1 22397U 92093CN  18212.00078121  .00000140  00000-0  83775-4 0  9998
2 22397  70.8030 208.5655 0040499 229.1420 130.6194 14.22911312319867
1 22398U 92093CP  18211.77309532  .00000223  00000-0  16080-3 0  9991
2 22398  70.9545 143.0072 0116061 297.0241  61.9066 14.04039315304884
1 22400U 92093CR  18212.19188595  .00000017  00000-0  46685-4 0  9992
2 22400  71.2405 129.6896 0160425 251.2339 267.6096 13.87114541294009
1 22403U 92093CU  18211.41466757  .00000064  00000-0  68557-4 0  9992
2 22403  70.8928  65.7014 0083839  47.7118  16.1654 14.03492203305446
1 22404U 92093CV  18211.81590211 +.00000306 +00000-0 +46744-4 0  9993
2 22404 071.0522 071.4559 0085099 285.8369 200.2168 14.80600614340426
1 22406U 92093CX  18211.46279197 +.00000031 +00000-0 +63988-4 0  9997
2 22406 070.7515 219.2913 0177152 341.4241 171.2416 13.81576527285989
1 22407U 92093CY  18211.27712417 +.00000059 +00000-0 +84777-4 0  9993
2 22407 070.8617 313.6828 0181792 166.3218 194.2911 13.81932607286094
1 22408U 92093CZ  18211.77717146 -.00000075 +00000-0 -17225-4 0  9997
2 22408 071.0929 327.2686 0127875 097.3262 053.7327 14.05216395303031
1 22410U 92093DB  18212.05068796  .00000034  00000-0  55279-4 0  9996
2 22410  71.0865  64.8857 0110762 319.7416 193.6532 13.95900127300362
1 22415U 92093DG  18211.53557543 -.00000035  00000-0  63671-5 0  9994
2 22415  71.1162 272.8360 0125883 346.7046  13.0762 14.03146387305193
1 22416U 92093DH  18211.84178588 -.00000171  00000-0 -74013-4 0  9990
2 22416  70.9608 348.7868 0081342 319.9510 203.9474 14.05282244311373
1 22418U 92093DK  18211.95166933 +.00000110 +00000-0 +96041-4 0  9991
2 22418 071.1276 058.4223 0131142 083.4026 344.5692 14.00621123302426
1 22419U 92093DL  18211.93793844 +.00000012 +00000-0 +40142-4 0  9999
2 22419 071.1771 201.5848 0107617 194.3981 165.4061 13.94529910299689
1 22420U 92093DM  18211.72571654 +.00000472 +00000-0 +74727-4 0  9997
2 22420 070.9886 110.7884 0068828 121.2201 270.6576 14.76541400339347
1 22421U 92093DN  18211.85540490 -.00000195  00000-0 -81834-4 0  9997
2 22421  71.0358 350.1295 0096788 344.3995 172.8198 14.09136977311533
1 22422U 92093DP  18212.16595073  .00000082  00000-0  84506-4 0  9992
2 22422  71.1858 104.1024 0092614 104.4937  57.1734 13.98541773302095
1 22425U 92093DS  18211.77253684  .00000034  00000-0  56697-4 0  9997
2 22425  71.1743 238.0745 0115228 227.6825 245.5023 13.93426440297634
1 22426U 92093DT  18211.87180354  .00000391  00000-0  19094-3 0  9997
2 22426  71.3522 173.7285 0136912 135.3812 253.9500 14.18778654314335
1 22430U 92093DX  18211.89791503 +.00000007 +00000-0 +35132-4 0  9994
2 22430 071.2336 245.2722 0114531 069.3538 353.3666 13.94668675299038
1 22432U 92093DZ  18211.68374821 +.00000174 +00000-0 +13819-3 0  9995
2 22432 070.8356 109.5701 0106452 240.0881 138.8402 14.02080595301934
1 22433U 92093EA  18211.86315537 +.00000898 +00000-0 +28776-3 0  9996
2 22433 071.1615 162.5790 0080868 228.5160 130.9017 14.40366275320285
1 22435U 92093EC  18211.02530976 +.00000983 +00000-0 +31035-3 0  9999
2 22435 071.3405 064.1219 0079988 093.9985 054.9433 14.40809411317646
1 22436U 92093ED  18211.48289847 +.00000152 +00000-0 +45076-4 0  9997
2 22436 071.5134 040.8695 0059883 021.6694 003.0435 14.56594473344355
1 22437U 92093EE  18212.11609386  .00000321  00000-0  11409-3 0  9993
2 22437  71.3347 248.1010 0044187 280.2354  79.3803 14.40828944333473
1 22438U 92093EF  18211.62888115  .00002299  00000-0  30611-3 0  9990
2 22438  71.3290 292.8930 0032998  87.8275 342.6428 14.80438891331961
1 22442U 92093EK  18211.64112490 +.00000491 +00000-0 +22690-3 0  9993
2 22442 071.1070 156.3185 0139024 253.5396 105.0415 14.20726085308195
1 22443U 92093EL  18211.63165927 +.00001016 +00000-0 +36406-3 0  9990
2 22443 071.1001 278.0191 0071429 216.6393 295.0454 14.34865118314837
1 22444U 92093EM  18210.41350250 -.00000062 +00000-0 -11100-4 0  9998
2 22444 071.3215 017.4858 0079341 046.1407 330.7333 14.05849375307431
1 22445U 92093EN  18211.90356497 -.00000006  00000-0  20918-4 0  9997
2 22445  71.2750 182.1331 0065637   3.5907 356.5672 14.11696113312138
1 22451U 92093EQ  18211.87944969 -.00000005 +00000-0 +27082-4 0  9995
2 22451 071.1373 166.8819 0130599 148.7413 243.7651 13.93460544298648
1 22453U 92093ES  18211.41281437  .00000146  00000-0  14952-3 0  9997
2 22453  70.8035 201.7518 0173985 211.7293 302.2607 13.85397360288343
1 22454U 92093ET  18211.40694167  .00000004  00000-0  32993-4 0  9994
2 22454  70.9159 197.3016 0104828  71.5736 289.6739 13.98258680302390
1 22455U 92093EU  18211.78300112 +.00001258 +00000-0 +56797-3 0  9999
2 22455 070.8720 085.7504 0121805 049.2902 067.5843 14.20193761304358
1 22456U 92093EV  18211.77269503 +.00000959 +00000-0 +44584-3 0  9995
2 22456 071.2535 137.9439 0123204 262.5342 124.0568 14.19100342303014
1 22458U 92093EX  18212.42819191  .00000017  00000-0  41008-4 0  9998
2 22458  70.8537  17.8835 0072097 130.9352 255.9270 14.01402078305806
1 22459U 92093EY  18211.87924917 +.00000967 +00000-0 +30724-3 0  9996
2 22459 071.1784 006.5646 0084649 076.8063 073.9401 14.40345881315247
1 22468U 92093FH  18211.89856833 +.00000742 +00000-0 +27876-3 0  9994
2 22468 071.1636 242.2625 0102355 304.1851 054.9610 14.31944725307835
1 22471U 92093FL  18211.90774015 +.00001375 +00000-0 +33707-3 0  9994
2 22471 071.1312 024.8562 0063884 195.4594 320.4766 14.53047306323195
1 22473U 92093FN  18211.58839795  .00000889  00000-0  29608-3 0  9991
2 22473  71.3409 266.7853 0090109 291.5110 232.4401 14.37993198311532
1 22474U 92093FP  18212.28706031  .00000873  00000-0  58514-3 0  9997
2 22474  71.3077 330.4034 0176125 259.4100 117.9079 13.96205051287199
1 22475U 92093FQ  18211.61095411  .00001128  00000-0  20188-3 0  9997
2 22475  71.2927  35.8425 0038770 241.2937 118.4318 14.68642556338119
1 22476U 92093FR  18211.78393872 -.00000159  00000-0 -16561-3 0  9993
2 22476  71.5478 349.1666 0488756   9.9546 351.0792 13.20521444222886
