1 32172U 99025CTS 18211.99972907  .00000411  00000-0  69047-4 0  9991
2 32172  99.0494 289.3493 0152438 118.5858 243.0780 14.68764458591168
1 32173U 99025CTT 18211.84916730 +.00000611 +00000-0 +29072-3 0  9993
2 32173 099.6197 213.3464 0071679 227.5880 131.9217 14.22266954261042
1 32174U 99025CTU 18210.45133350 -.00000017 +00000-0 +12189-4 0  9992
2 32174 098.8250 292.0639 0159565 030.4855 330.5477 14.14755901568395
1 32175U 99025CTV 18212.51373110 -.00000034  00000-0  45058-5 0  9993
2 32175  98.8576 318.4518 0172784  54.6135 307.1025 13.81345541554980
1 32176U 99025CTW 18211.90050460 +.00000427 +00000-0 +14832-3 0  9995
2 32176 099.4171 258.6822 0064908 080.1048 280.7456 14.40058860224920
1 32177U 99025CTX 18211.75713521  .00000338  00000-0  13428-3 0  9994
2 32177  99.0747  46.5177 0074987  54.5765 306.2390 14.33914740578420
1 32178U 99025CTY 18211.00109685  .00000291  00000-0  17825-3 0  9996
2 32178 100.2713 125.5318 0110772  70.0861 291.2200 14.12151178567973
1 32179U 99025CTZ 18211.99372428  .00000225  00000-0  16070-3 0  9990
2 32179  99.2401 228.3635 0148087  81.5278 312.2007 14.02090586564901
1 32180U 99025CUA 18211.37124788 +.00000021 +00000-0 +56643-4 0  9993
2 32180 099.4745 164.4099 0138337 091.3240 058.8807 13.81699253570815
1 32181U 99025CUB 18212.52985275  .00000194  00000-0  73937-4 0  9994
2 32181  99.4739 325.0475 0094910  44.5583  13.9205 14.40867964579310
1 32182U 99025CUC 18208.26749078 +.00000992 +00000-0 +47781-3 0  9993
2 32182 098.2056 231.2713 0121926 296.0745 062.7923 14.16988913580700
1 32183U 99025CUD 18208.97746727 +.00000175 +00000-0 +13406-3 0  9990
2 32183 098.9685 282.5958 0045540 060.0595 300.5083 14.05221057348793
1 32184U 99025CUE 18210.43384048 +.00000349 +00000-0 +45965-4 0  9998
2 32184 098.2481 276.8980 0264305 029.8136 331.7831 14.65506866585923
1 32185U 99025CUF 18211.57436551 +.00000526 +00000-0 +11463-3 0  9994
2 32185 098.7344 334.3849 0481807 324.0565 032.9064 14.09068229565745
1 32186U 99025CUG 18212.16517569 -.00000093  00000-0 -37657-4 0  9995
2 32186  99.6578 188.5487 0284301 324.6807  94.6185 13.71851616552649
1 32187U 99025CUH 18212.44175353  .00000055  00000-0  11523-3 0  9997
2 32187  99.3261  28.7055 0297822  41.5834 349.1122 13.48792715544759
1 32188U 99025CUJ 18176.50398502  .00002222  00000-0  82498-3 0  9994
2 32188  99.0488 271.1769 0070082 138.9811 224.3761 14.31863522565290
1 32189U 99025CUK 18211.29288630  .00000914  00000-0  44947-3 0  9994
2 32189  99.0242 242.6305 0034941 213.9358 145.9582 14.19905938567893
1 32190U 99025CUL 18211.41650559  .00001113  00000-0  29736-3 0  9994
2 32190  98.9726  69.1789 0058622 238.0713 121.4769 14.49574040578676
1 32191U 99025CUM 18212.30909322  .00000417  00000-0  23667-3 0  9992
2 32191  98.9451 255.2438 0107608 305.3242  53.7906 14.12568489567550
1 32192U 99025CUN 18211.58426421  .00000123  00000-0  13677-3 0  9990
2 32192  98.6633 266.6007 0184627 247.1819 110.9743 13.80532681556188
1 32193U 99025CUP 18210.23104489 +.00000906 +00000-0 +44268-3 0  9998
2 32193 098.4805 351.9117 0101950 003.3408 356.8427 14.17620150566655
1 32194U 99025CUQ 18212.04792992  .00000588  00000-0  15961-3 0  9996
2 32194  99.0982 156.6785 0077466 172.3693 187.8697 14.50072796579702
1 32195U 99025CUR 18185.89655939 +.00000005 +00000-0 +30435-4 0  9996
2 32195 098.9571 218.4067 0071817 358.0719 002.0161 14.04421951561616
1 32197U 99025CUT 18212.22153160  .00000013  00000-0  21535-4 0  9995
2 32197  98.9974 356.2496 0175093 109.9536  12.4351 14.27276862573278
1 32198U 99025CUU 18176.78235619 +.00000436 +00000-0 +32797-3 0  9996
2 32198 098.3278 165.2719 0105200 056.6605 304.4577 13.96335580563747
1 32199U 99025CUV 18212.12842402  .00001470  00000-0  31266-3 0  9999
2 32199  99.1618 174.0906 0118390 318.7698  40.4600 14.56613241578075
1 32200U 99025CUW 18212.06350802  .00000191  00000-0  13945-3 0  9996
2 32200  99.0352 249.9427 0042877 310.5171  49.2266 14.07354957565639
1 32201U 99025CUX 18211.28703778  .00000447  00000-0  27885-3 0  9996
2 32201  99.1970 230.3832 0147268 126.0333 235.4584 14.04662933582635
1 32202U 99025CUY 18211.39441561  .00001321  00000-0  60434-3 0  9997
2 32202  98.3815 279.1125 0125122 115.2944 246.1257 14.18879094564307
1 32203U 99025CUZ 18211.83376161 +.00001313 +00000-0 +70361-4 0  9992
2 32203 097.0448 351.2639 0355454 174.9689 185.5255 14.75606931350037
1 32204U 99025CVA 18211.82913690 +.00002974 +00000-0 +83597-3 0  9994
2 32204 099.3393 080.1365 0128242 016.2230 344.3004 14.42061439317109
1 32205U 99025CVB 18210.92790806  .00000005  00000-0  26568-4 0  9996
2 32205  98.8711 239.1384 0011617  32.0583  86.9851 14.12389928568761
1 32207U 99025CVD 18212.53619479  .00000068  00000-0  42628-4 0  9997
2 32207  99.8349 113.1758 0091478 250.4859 234.8855 14.34350737577276
1 32208U 99025CVE 18211.89945591  .00001780  00000-0  34451-3 0  9999
2 32208  98.9536  88.8580 0033244 136.4362 223.9472 14.64428801580162
1 32209U 99025CVF 18209.70169454 +.00000807 +00000-0 +10835-2 0  9991
2 32209 099.4356 301.9928 0349945 226.4044 130.7552 13.40378870539193
1 32210U 99025CVG 18211.29136461  .00000219  00000-0  16575-3 0  9997
2 32210  99.1123 245.2042 0079205 117.8745 243.0472 14.02798238562470
1 32211U 99025CVH 18142.41698010  .00000505  00000-0  39878-3 0  9997
2 32211  98.6009 203.9363 0134363   9.3836  47.7302 13.91623935546266
1 32212U 99025CVJ 18211.82062736  .00000220  00000-0  89840-4 0  9999
2 32212  99.5818 331.4280 0152053 249.0705 266.4184 14.32812602575070
1 32213U 99025CVK 14237.28036838 +.00000396 +00000-0 +27232-3 0  9998
2 32213 099.2220 248.1361 0183412 027.9138 333.1397 13.97395130361001
1 32214U 99025CVL 18211.52604433 +.00000666 +00000-0 +65095-3 0  9993
2 32214 099.0284 330.0193 0228644 355.1056 064.9798 13.71653367253719
1 32216U 99025CVN 18211.38153018  .00000837  00000-0  31630-3 0  9995
2 32216  99.5491 262.0865 0053235 225.1357 134.5495 14.33582505572321
1 32217U 99025CVP 18211.79057472  .00000619  00000-0  23525-3 0  9990
2 32217  99.1370  69.3186 0051871  60.8113 299.8245 14.34051123572647
1 32218U 99025CVQ 18212.05823007  .00000193  00000-0  76418-4 0  9993
2 32218  98.6345 310.6512 0084982 183.1608 303.1943 14.37672004575957
1 32219U 99025CVR 10291.26267109 +.00000828 +00000-0 +38835-3 0  9996
2 32219 098.8394 293.4115 0086757 273.6268 090.0703 14.20944452167235
1 32220U 99025CVS 14321.03979087 +.00001588 +00000-0 +10801-2 0  9992
2 32220 099.2673 257.6674 0228324 031.3800 330.0753 13.89663064369825
1 32221U 99025CVT 18211.05326644 +.00000063 +00000-0 +24332-4 0  9995
2 32221 098.3749 306.4648 0164769 120.6922 241.0626 14.51285388580928
1 32222U 99025CVU 18211.60639258 +.00000498 +00000-0 +23427-3 0  9990
2 32222 099.1246 346.6962 0103592 104.7482 256.5201 14.21778535260558
1 32223U 99025CVV 18212.41684294  .00000255  00000-0  17272-3 0  9993
2 32223  99.0080 269.8836 0056010   5.4279  50.9823 14.08411799563916
1 32224U 99025CVW 18212.46203605  .00000050  00000-0  36984-4 0  9997
2 32224  99.0878  34.3178 0080478 335.9678  23.7755 14.29906449573776
1 32225U 99025CVX 18211.11426680  .00000052  00000-0  52965-4 0  9998
2 32225  99.0529 169.2956 0073211 196.2213 163.6613 14.11021117566086
1 32226U 99025CVY 18211.46059522 +.00006055 +00000-0 +63929-3 0  9994
2 32226 099.4736 035.0556 0030961 141.0093 219.3359 14.89404372588001
1 32227U 99025CVZ 18211.35325112 +.00000444 +00000-0 +62962-4 0  9997
2 32227 099.4852 170.7063 0143282 215.1689 303.8925 14.77207034594004
1 32228U 99025CWA 18212.37056044  .00000530  00000-0  15420-3 0  9998
2 32228  98.6382 276.1199 0094344  70.2838 290.8500 14.45939849582399
1 32230U 99025CWC 18212.41728274  .00000490  00000-0  23643-3 0  9998
2 32230  98.8886 282.0544 0088784   7.9466  49.7052 14.21226760572676
1 32232U 99025CWE 18208.71492899 +.00002202 +00000-0 +50653-3 0  9993
2 32232 097.0688 186.2699 0119443 184.1937 175.8273 14.51883313577557
1 32233U 99025CWF 18211.91697289 +.00000224 +00000-0 +13078-3 0  9992
2 32233 097.6642 263.3753 0261448 355.1991 004.6676 14.00072310564187
1 32234U 99025CWG 18212.54747464  .00000354  00000-0  31056-3 0  9994
2 32234  98.5402 242.4238 0147188 171.2401 189.1378 13.86451607560126
1 32235U 99025CWH 18212.27173905  .00000853  00000-0  14673-3 0  9998
2 32235  99.0637 235.2914 0113852 237.1646 184.1120 14.67725919603980
1 32238U 99025CWL 18211.75728242  .00000531  00000-0  39550-4 0  9998
2 32238  98.8935 321.7737 0143241 358.3324   1.7400 15.01007502600611
1 32241U 99025CWP 18212.08999271  .00000370  00000-0  19687-3 0  9990
2 32241  98.9695 157.9604 0179156 299.9436  58.4051 14.11719882570381
1 32242U 99025CWQ 18210.19444852 +.00000188 +00000-0 +19431-3 0  9995
2 32242 097.2742 341.9135 0170866 310.8703 047.7753 13.78214012556583
1 32243U 99025CWR 18211.68821849  .00000510  00000-0  30811-3 0  9990
2 32243  98.3182 117.3330 0323678  65.4460 298.0073 13.86930926561681
1 32245U 99025CWT 18210.46709256 +.00000234 +00000-0 +68858-4 0  9990
2 32245 098.5030 305.7456 0154272 293.0150 065.4834 14.46776585582642
1 32303U 99025CWU 18212.18921974  .00001394  00000-0  89274-3 0  9991
2 32303  97.8421 332.2625 0126998 168.7511 191.6544 14.00766742548555
1 32304U 99025CWV 18137.23148543  .00000369  00000-0  14659-3 0  9993
2 32304  99.4362 154.2075 0063569 344.4598  15.4631 14.34330668565078
1 32305U 99025CWW 18210.28540335 +.00001113 +00000-0 +67484-3 0  9998
2 32305 098.0010 025.3249 0217118 230.0659 128.1252 13.97072539546634
1 32308U 99025CWZ 18208.66635415 +.00000398 +00000-0 +30894-3 0  9993
2 32308 097.7760 279.7493 0122163 168.7822 191.6111 13.93568194277841
1 32311U 99025CXC 18211.76141541 +.00000248 +00000-0 +43646-3 0  9997
2 32311 101.7511 054.5387 0427825 289.0934 066.4325 13.24463680244219
1 32312U 99025CXD 18178.59522054 +.00000568 +00000-0 +46170-3 0  9993
2 32312 098.7648 309.2774 0136812 254.0450 166.6643 13.89668919568795
1 32313U 99025CXE 18212.36294781  .00000729  00000-0  52818-3 0  9996
2 32313  99.1916 263.4203 0145721 257.2096 101.2747 13.94867578559627
1 32314U 99025CXF 18211.85235050 +.00000294 +00000-0 +64057-4 0  9990
2 32314 098.8864 092.7968 0224918 088.8227 273.8723 14.51558268582046
1 32315U 99025CXG 18205.23492602 +.00000012 +00000-0 +69328-4 0  9998
2 32315 100.8236 004.8516 0229961 250.6567 106.9580 13.65351057556887
1 32316U 99025CXH 18211.65783021 +.00000648 +00000-0 +25485-3 0  9990
2 32316 099.5235 274.4128 0047065 198.6511 315.2215 14.32569962571055
1 32317U 99025CXJ 18182.22612130  .00001086  00000-0  40994-3 0  9992
2 32317  97.9800 173.9496 0148856 246.9407 111.6022 14.27222757565619
1 32318U 99025CXK 18211.46947355 +.00014094 +00000-0 +72207-3 0  9997
2 32318 097.3237 104.1879 0017375 344.1439 015.9248 15.16559708228672
1 32319U 99025CXL 18211.19866878 +.00000739 +00000-0 +87408-4 0  9999
2 32319 099.1441 003.6341 0123900 049.2607 311.9281 14.83277868272592
1 32320U 99025CXM 18206.56481966 +.00000330 +00000-0 +16557-3 0  9990
2 32320 100.3752 249.5206 0065284 293.9777 065.4570 14.24048426575185
1 32322U 99025CXP 18211.16210307 -.00000002 +00000-0 +37855-4 0  9995
2 32322 098.3535 189.3618 0432936 021.6596 340.2241 13.30134445245509
1 32323U 99025CXQ 18211.13725150  .00000556  00000-0  50189-3 0  9997
2 32323  98.5625 188.3045 0184312   1.7796 358.3976 13.80273025555353
1 32324U 99025CXR 18211.52194024 +.00000156 +00000-0 +12541-3 0  9997
2 32324 099.5300 121.7874 0051774 204.2554 155.6173 14.05258911261551
1 32325U 99025CXS 18209.24275127 +.00000750 +00000-0 +25019-3 0  9992
2 32325 098.9802 011.7415 0070286 087.6373 273.2858 14.39225478578133
1 32326U 99025CXT 18210.87127133  .00000177  00000-0  15087-3 0  9994
2 32326  98.4553  77.9285 0399505  98.6532 266.0076 13.64615673549797
1 32329U 99025CXW 18195.63196381 +.00000526 +00000-0 +27486-3 0  9998
2 32329 099.9561 345.3832 0054329 256.8321 102.6785 14.18854555574391
1 32330U 99025CXX 18212.37600640  .00000731  00000-0  48391-3 0  9995
2 32330  98.0491  67.6388 0185623 176.1733 184.0903 13.96017977575928
1 32331U 99025CXY 18207.85777391 +.00001001 +00000-0 +50536-3 0  9996
2 32331 099.2047 349.4887 0040629 328.2922 031.5805 14.18257118567667
1 32332U 99025CXZ 18205.32778455 +.00000063 +00000-0 +61889-4 0  9990
2 32332 099.3513 239.4741 0317206 037.9436 324.3617 13.86493820556675
1 32333U 99025CYA 18211.06719699  .00001032  00000-0  75257-3 0  9994
2 32333  97.8815 316.7156 0126180 249.7275 109.0289 13.94227201560132
1 32334U 99025CYB 18212.10890023 -.00000018  00000-0  18762-4 0  9995
2 32334  99.2666 181.0094 0069917  81.4090 279.4986 13.98528067562896
1 32336U 99025CYD 11116.43215084 +.00002109 +00000-0 +67324-3 0  9996
2 32336 098.9945 205.8822 0139046 032.0357 328.7671 14.35469826202863
1 32337U 99025CYE 18185.00647323  .00001263  00000-0  15259-2 0  9997
2 32337  99.2963 268.5483 0329014 153.7155 211.3832 13.47619296536372
1 32338U 99025CYF 18185.10441933 +.00000329 +00000-0 +13535-3 0  9996
2 32338 098.8346 302.2120 0071580 034.0162 326.5579 14.32163386260907
1 32339U 99025CYG 18211.33825468 +.00000402 +00000-0 +18339-3 0  9990
2 32339 098.8025 256.7509 0049491 044.2156 316.2962 14.26462747261817
1 32340U 99025CYH 18211.43563778  .00000530  00000-0  19197-3 0  9991
2 32340  99.0308  30.5860 0066281  23.5338 336.8855 14.36580557583280
1 32342U 99025CYK 18211.27963229 -.00000044 +00000-0 +41251-6 0  9990
2 32342 098.9036 238.8377 0008776 077.5337 343.5582 14.12489760557019
1 32343U 99025CYL 18210.91087702 +.00000065 +00000-0 +49377-4 0  9991
2 32343 098.6942 248.2411 0158569 316.2051 042.6637 14.15889649265780
1 32344U 99025CYM 18212.01206493  .00000119  00000-0  17290-4 0  9994
2 32344 100.2831 296.9735 0123422 353.5945   6.3684 14.97219374605164
1 32345U 99025CYN 11269.62775281 +.00012723 +00000-0 +35452-2 0  9995
2 32345 098.4148 204.8029 0254989 039.5651 322.3942 14.29038528223053
1 32346U 99025CYP 18178.36525238  .00000534  00000-0  44592-3 0  9991
2 32346  97.8311 228.5222 0161503 117.0837 244.6904 13.85783652551913
1 32350U 99025CYT 18212.35799498  .00000180  00000-0  44625-4 0  9990
2 32350  98.5929 261.8046 0322481 117.1603 246.2849 14.36370112587860
1 32351U 99025CYU 18210.56548853 +.00001186 +00000-0 +71229-4 0  9996
2 32351 099.0086 071.6852 0143985 341.0869 018.5036 15.05410174332153
1 32352U 99025CYV 18210.20092104 +.00000110 +00000-0 +49627-4 0  9994
2 32352 098.9061 004.9702 0130249 206.6440 152.8013 14.36839460265572
1 32353U 99025CYW 18209.45455550 +.00000349 +00000-0 +30002-3 0  9998
2 32353 098.9921 080.8515 0149270 006.3997 353.9023 13.88254382559671
1 32354U 99025CYX 18184.65068027 +.00000116 +00000-0 +93035-4 0  9990
2 32354 102.9367 120.2307 0213436 283.3197 074.4238 14.08857236565620
1 32355U 99025CYY 18211.89737535 +.00000724 +00000-0 +28067-3 0  9992
2 32355 100.3884 238.5442 0142186 126.4161 356.2024 14.28552216261653
1 32356U 99025CYZ 18212.13418118  .00000312  00000-0  29126-3 0  9994
2 32356 102.5074 186.8124 0149165 319.3568  98.3500 13.88809288566121
1 32357U 99025CZA 18210.97463144 -.00000136 +00000-0 -55765-4 0  9999
2 32357 098.9058 118.3566 0568872 277.8459 138.5493 13.46750107303888
1 32360U 99025CZD 18211.83246498 +.00000815 +00000-0 +60971-3 0  9996
2 32360 098.1299 347.4172 0282572 194.7121 164.5686 13.79661408275558
1 32361U 99025CZE 18211.83837207  .00000573  00000-0  25164-3 0  9997
2 32361  98.8157 166.7069 0073437   0.3270  28.9939 14.26049557580732
1 32362U 99025CZF 18210.61993692 +.00000799 +00000-0 +94696-3 0  9990
2 32362 099.7915 153.6374 0313833 179.4791 180.6730 13.51720452546590
1 32363U 99025CZG 18211.81969305 +.00000849 +00000-0 +94010-4 0  9995
2 32363 098.3588 341.6316 0226254 213.5624 145.1078 14.73661465577624
1 32364U 99025CZH 18211.29255204  .00000342  00000-0  24087-3 0  9998
2 32364  98.3398 225.9893 0143621 247.7241 110.8643 13.99154822550166
1 32366U 99025CZK 18212.36783127  .00000130  00000-0  89262-4 0  9991
2 32366  96.7630 251.6988 0165622 318.9001  39.9791 14.03635120553709
1 32368U 99025CZM 18210.48782920 +.00000474 +00000-0 +28127-3 0  9997
2 32368 097.8642 302.1663 0296712 331.6638 026.8656 13.91560456547737
1 32369U 99025CZN 12073.10414363 +.00003594 +00000-0 +24864-2 0  9990
2 32369 098.3789 181.2688 0427152 263.4938 091.8139 13.63326831221124
1 32370U 99025CZP 18212.24808925  .00003617  00000-0  16011-3 0  9991
2 32370  99.0597  13.4749 0102390 310.9671  48.2731 15.17940437595517
1 32371U 99025CZQ 18211.31687967 +.00001262 +00000-0 +26469-3 0  9992
2 32371 099.2774 241.1892 0106287 308.6545 050.5175 14.58427632257849
1 32372U 99025CZR 18179.95540774  .00000150  00000-0  21018-3 0  9990
2 32372  97.3175  83.7579 0476773 221.6855 134.7013 13.27936004535808
1 32406U 99025CZS 18211.44360194  .00009362  00000-0  25832-3 0  9997
2 32406  98.3781  26.5392 0127818 140.4202 220.6454 15.29446088597607
1 32407U 99025CZT 18211.31402502 +.00003488 +00000-0 +17448-3 0  9991
2 32407 098.4955 048.2376 0204246 193.3949 166.1804 15.01861158206183
1 32408U 99025CZU 14157.53128552 +.00001623 +00000-0 +33684-3 0  9990
2 32408 098.8083 271.7243 0270850 209.0429 151.4088 14.41217124364286
1 32409U 99025CZV 18211.15514066 +.00000604 +00000-0 +19687-3 0  9998
2 32409 099.5574 341.2080 0075853 147.4386 338.5692 14.41364459198474
1 32410U 99025CZW 18177.39164098  .00011468  00000-0  82658-3 0  9991
2 32410  97.8519  30.9467 0084154 323.1233  36.4221 15.01469895568318
1 32411U 99025CZX 18210.98930183 -.00000148  00000-0 -61488-4 0  9995
2 32411  98.4143 293.1533 0130761 131.7945 229.4483 14.06358735572565
1 32412U 99025CZY 09177.68115178 +.00001109 +00000-0 +31886-3 0  9998
2 32412 098.2446 128.3054 0256544 261.6721 094.8246 14.29378516088309
1 32414U 99025DAA 18211.93717887 +.00000356 +00000-0 +23504-3 0  9993
2 32414 099.0593 255.0317 0052559 018.3981 103.8146 14.07488707557848
1 32416U 99025DAC 18212.53618234  .00000106  00000-0  17038-3 0  9996
2 32416 100.7798 330.9911 0247521 356.8308  61.0177 13.61689214547582
1 32418U 99025DAE 18211.21024791  .00000930  00000-0  71310-3 0  9999
2 32418  98.2101  15.1853 0282390 266.8650  90.0163 13.78275789539824
1 32419U 99025DAF 18212.39884817 -.00000209  00000-0 -71512-4 0  9999
2 32419  97.9179  85.9439 0298426 223.8351 133.8785 14.04277023567199
1 32422U 99025DAJ 18211.59639199 +.00000050 +00000-0 +42876-4 0  9998
2 32422 097.8432 343.6776 0309384 018.0127 343.1717 13.94756887255815
1 32425U 99025DAM 18211.38380097  .00000119  00000-0  59918-4 0  9999
2 32425  96.7171 272.6009 0249702  92.1590 270.8200 14.11285891552343
1 32426U 99025DAN 11284.47345555 +.00002401 +00000-0 +24138-2 0  9993
2 32426 098.2688 030.8916 0302044 225.3839 132.3573 13.60063636207829
1 32427U 99025DAP 17237.77311365  .00010786  00000-0  89727-3 0  9994
2 32427  96.7643 231.7554 0027771 266.4936  93.3112 14.98531309517658
1 32428U 99025DAQ 13232.18032926 +.00007781 +00000-0 +20432-2 0  9992
2 32428 099.0014 359.5398 0085265 072.8102 286.2620 14.47296344319601
1 32429U 99025DAR 18157.38529183  .00001071  00000-0  59315-3 0  9991
2 32429  99.1022 223.9703 0068232 164.1387 196.1942 14.12308167564451
1 32430U 99025DAS 16190.17239802  .00000222  00000-0  17950-3 0  9997
2 32430  98.6998 172.7393 0418618 275.7800  79.6277 13.56286381438851
1 32431U 99025DAT 18210.68025729  .00000624  00000-0  32833-3 0  9993
2 32431  99.5511 156.1767 0073436 115.8723   5.9832 14.16694023571194
1 32432U 99025DAU 18212.12974074  .00000088  00000-0  41552-4 0  9994
2 32432  98.3434 325.2087 0245949  40.1160 321.7896 14.25429999552135
1 32433U 99025DAV 18212.30162800  .00000586  00000-0  16216-3 0  9992
2 32433  98.2286 250.0842 0281270  27.6372 333.9446 14.29447660549193
1 32435U 99025DAX 18211.92734778 +.00001726 +00000-0 +12838-3 0  9993
2 32435 099.4936 255.5405 0115790 002.7903 357.3935 14.99745957278517
1 32437U 99025DAZ 16009.18884539 -.00049426 +00000-0 -11238-1 0  9999
2 32437 099.4427 001.6259 0071081 178.4594 181.6831 14.54673549443067
1 32438U 99025DBA 18211.25429845 +.00000645 +00000-0 +23775-3 0  9999
2 32438 099.4524 227.2214 0037811 198.7700 161.2091 14.36053348575629
1 32440U 99025DBC 18211.29324635 +.00000428 +00000-0 +50504-3 0  9996
2 32440 099.1446 233.6688 0364702 089.7689 274.5224 13.47551272239099
1 32441U 99025DBD 18181.49392774  .00000500  00000-0  27312-3 0  9996
2 32441  97.7952 275.9401 0298693 165.0014 196.0254 13.94980633565275
1 32443U 99025DBF 18211.25952459  .00000389  00000-0  21917-3 0  9998
2 32443 102.1192 238.7806 0084442  49.2990 311.5470 14.17770258574710
1 32444U 99025DBG 18212.34114638  .00002254  00000-0  89777-3 0  9990
2 32444  99.1703 263.4707 0082417   2.4555 357.7012 14.27832233565567
1 32445U 99025DBH 18211.36620411  .00005116  00000-0  55449-3 0  9992
2 32445  99.3694   0.1121 0035258  87.8469 272.6780 14.88329442570559
1 32447U 99025DBK 18210.90714184 -.00000070 +00000-0 -18032-4 0  9998
2 32447 099.2044 237.3511 0079744 207.6298 274.2160 13.94785366573646
1 32448U 99025DBL 18185.19191153  .00002071  00000-0  64067-3 0  9995
2 32448  98.9805 311.1070 0019154 271.2114 211.0997 14.42312046558287
1 32449U 99025DBM 11068.68469795 +.00003586 +00000-0 +26030-2 0  9992
2 32449 099.2663 030.4816 0346132 208.1092 147.0464 13.72029686185387
1 32450U 99025DBN 18212.06111364  .00000493  00000-0  36367-3 0  9999
2 32450  99.0967 147.4134 0100223 179.9445 180.1745 13.97836525567325
1 32451U 99025DBP 18210.25570930 +.00000684 +00000-0 +68820-3 0  9998
2 32451 100.0113 027.5247 0215530 284.8977 072.8393 13.71751393247220
1 32453U 99025DBR 18207.20703882 +.00000408 +00000-0 +31242-3 0  9997
2 32453 099.4626 352.3461 0102516 329.1512 154.7812 13.97100128560918
1 32454U 99025DBS 18211.50494960 +.00000855 +00000-0 +35345-3 0  9994
2 32454 098.5274 305.4898 0290517 315.4190 042.3940 14.08923207194742
1 32455U 99025DBT 18210.50479097 +.00000858 +00000-0 +72398-3 0  9990
2 32455 101.7286 084.6469 0281324 179.3140 180.8440 13.74892376554906
1 32456U 99025DBU 18183.70286541 -.00000077 +00000-0 -78059-5 0  9999
2 32456 103.6615 116.0351 0395325 339.5205 019.0430 13.30313201535204
1 32457U 99025DBV 18208.33411847 +.00000444 +00000-0 +69396-3 0  9994
2 32457 100.3230 249.8670 0435968 160.4843 201.3559 13.23504759536007
1 32458U 99025DBW 18211.77802799  .00000388  00000-0  15064-3 0  9997
2 32458  99.0789  46.1969 0064615  49.5549 311.1245 14.34646346576678
1 32459U 99025DBX 18212.34358805  .00000193  00000-0  66404-4 0  9995
2 32459  98.5725 251.3302 0240656 289.7772  67.7608 14.32590372560014
1 32460U 99025DBY 18211.80954925  .00000093  00000-0  10010-3 0  9992
2 32460  98.0315 345.8667 0197998  27.0866 334.0459 13.83108852560260
1 32461U 99025DBZ 18212.28062706  .00000214  00000-0  24216-3 0  9991
2 32461  98.3325  28.7507 0248324 108.4384  17.0791 13.66245399538546
1 32464U 99025DCC 18207.94071974 +.00000373 +00000-0 +73912-4 0  9992
2 32464 097.4509 101.1632 0205124 230.8843 127.3964 14.55147683213575
1 32467U 99057RB  18210.18948012 +.00000764 +00000-0 +16419-3 0  9998
2 32467 098.3848 196.6865 0008502 002.8338 357.2909 14.61427791585166
1 32468U 99057RC  18212.51211544  .00002899  00000-0  30767-3 0  9994
2 32468  98.2643 235.8487 0008007 129.7600 230.4322 14.89883440578324
1 32469U 99057RD  12334.17014041 +.00010668 +00000-0 +28807-2 0  9993
2 32469 098.2276 307.8508 0010892 137.8300 225.3659 14.47955305274472
1 32470U 99057RE  18211.74174018 +.00001219 +00000-0 +24158-3 0  9997
2 32470 098.3548 197.9147 0003400 321.8132 038.2829 14.64090031582746
1 32473U 07042C   18212.43544464  .00000248  00000-0  72945-4 0  9995
2 32473  98.2385 285.3680 0111605 126.8048 234.3448 14.48284258561647
1 32474U 07042D   18211.82215825  .00000350  00000-0  68225-4 0  9994
2 32474  98.6569 157.7194 0098985 311.5660  47.7086 14.67136094576595
1 32491U 06006AE  13320.37222416 +.00237901 +00000-0 +19370-1 0  9990
2 32491 051.4460 290.0775 3240588 236.8047 322.6474 08.82360017139311
1 32492U 06006AF  18020.95417419  .00000044  00000-0  62249-4 0  9998
2 32492  51.3619 216.9333 4979133 218.7071 339.3329  5.31555280210106
1 32493U 06006AG  18211.31792279 -.00000129  00000-0 -38732-4 0  9997
2 32493  51.6042 314.7509 5008076  21.1832 353.7966  5.44792110223260
1 32494U 06006AH  18203.10967455 -.00000017 +00000-0 +26391-4 0  9999
2 32494 051.6121 080.6253 5108141 283.8362 026.3348 05.25637319217991
1 32496U 06006AK  18181.21145522 +.00000012 +00000-0 +78768-4 0  9990
2 32496 051.7246 068.6328 5052182 282.4509 027.5028 05.35986754207271
1 32497U 06006AL  18065.46395795  .00000388  00000-0  45703-3 0  9996
2 32497  51.7043 134.2546 5054237 233.8777  68.2190  5.34364830202236
1 32498U 06006AM  17351.73456019  .00003767  00000-0  35438-2 0  9998
2 32498  51.6961 149.6245 4959895 225.1727  81.9343  5.51064894199382
1 32499U 06006AN  18210.60949655 +.00001104 +00000-0 +41650-3 0  9990
2 32499 051.6143 230.4480 4962949 074.6275 333.3853 05.60625740215397
1 32772U 82029F   18209.32183722 +.00000020 +00000-0 +00000-0 0  9992
2 32772 072.9596 309.5357 4293781 069.6720 331.3153 01.93662486082685
1 33395U 88033K   18211.77751326  .00000037  00000-0  54218-4 0  9990
2 33395  90.3685 287.6974 0191453  97.2420  49.3909 13.28430013473683
1 33458U 06053D   18192.82033108 -.00000052 +00000-0 +00000-0 0  9991
2 33458 006.5994 056.2615 0079587 332.6311 264.9982 01.00297841036335
1 33502U 99025DCF 18211.75460118 +.00000462 +00000-0 +32242-3 0  9991
2 33502 098.9942 133.3006 0106462 111.2501 277.9464 14.00735252491206
1 33503U 81053MT  18211.29530952 +.00000847 +00000-0 +18919-3 0  9999
2 33503 082.9599 202.7847 0015997 297.7000 062.2577 14.55710534502117
1 33525U 81071AA  14149.31037434  .00000269  00000-0  00000+0 0  9995
2 33525  67.2281  99.5562 5691543  93.5667 329.3781  1.97639952 79977
1 33536U 88081L   18206.54168950 -.00000223 +00000-0 +00000-0 0  9998
2 33536 006.7084 069.0079 6938761 227.1401 010.0066 02.15455722112689
1 33538U 88081N   18209.63084372 -.00000184 +00000-0 +15273-3 0  9995
2 33538 007.5285 007.5428 7202717 319.7100 009.7947 02.23549115105929
1 32172U 99025CTS 18210.02410811 +.00000375 +00000-0 +64001-4 0  9999
2 32172 099.0496 287.1633 0152412 124.6236 236.9447 14.68762318583730
1 32173U 99025CTT 18211.21602388  .00000623  00000-0  29614-3 0  9990
2 32173  99.6203 212.6555 0071575 229.4712 130.0215 14.22266275570501
1 32174U 99025CTU 18208.47111650 -.00000049 +00000-0 -23251-5 0  9999
2 32174 098.8234 290.1020 0159889 036.1405 325.0449 14.14755650259726
1 32175U 99025CTV 18210.48564564 -.00000048 +00000-0 -69897-5 0  9995
2 32175 098.8576 316.5477 0173115 060.1486 301.6749 13.81345495225584
1 32176U 99025CTW 18211.90050460  .00000427  00000-0  14832-3 0  9995
2 32176  99.4171 258.6822 0064908  80.1048 280.7456 14.40058860580150
1 32177U 99025CTX 18208.33799797 +.00000329 +00000-0 +13114-3 0  9995
2 32177 099.0747 042.9318 0075091 064.3894 296.5024 14.33911840322695
1 32178U 99025CTY 18209.58406925 +.00000280 +00000-0 +17232-3 0  9993
2 32178 100.2713 123.9103 0110708 073.8733 287.4588 14.12150083258994
1 32179U 99025CTZ 18210.99434550 +.00000198 +00000-0 +14449-3 0  9991
2 32179 099.2401 227.3503 0148131 084.2534 307.8375 14.02090081279810
1 32180U 99025CUA 18210.35763355 +.00000016 +00000-0 +52110-4 0  9998
2 32180 099.4745 163.3918 0138325 093.9780 057.0663 13.81699154570672
1 32181U 99025CUB 18211.15294045 +.00000168 +00000-0 +66162-4 0  9993
2 32181 099.4738 323.5233 0094990 048.5522 071.7206 14.40867186578418
1 32182U 99025CUC 18203.81892642 +.00000995 +00000-0 +47919-3 0  9991
2 32182 098.2052 227.1635 0122114 309.2630 049.7762 14.16979360580075
1 32183U 99025CUD 18207.98063581 +.00000243 +00000-0 +17602-3 0  9998
2 32183 098.9685 281.6100 0045608 062.7824 297.7980 14.05220637348652
1 32184U 99025CUE 18206.40562498 +.00000558 +00000-0 +68724-4 0  9997
2 32184 098.2484 272.8505 0264559 042.4442 319.6891 14.65503791585360
1 32185U 99025CUF 18210.58028777 +.00000508 +00000-0 +11121-3 0  9992
2 32185 098.7343 333.4168 0481849 326.8862 030.2972 14.09066831565379
1 32186U 99025CUG 18211.14343928 -.00000100 +00000-0 -43712-4 0  9996
2 32186 099.6577 187.5188 0284402 327.3221 088.6020 13.71851657256554
1 32187U 99025CUH 18210.98249948 +.00000035 +00000-0 +90371-4 0  9993
2 32187 099.3258 027.3399 0297959 045.2646 103.4636 13.48792297299432
