1 31614U 99025BZU 18209.23122560 +.00000755 +00000-0 +33322-3 0  9994
2 31614 098.9798 309.7065 0064561 002.6115 027.2734 14.25326790578446
1 31615U 99025BZV 18211.74699418 +.00000688 +00000-0 +37645-3 0  9992
2 31615 099.1219 177.9310 0243234 303.5077 054.3060 14.01390717273272
1 31616U 99025BZW 18209.99830127 +.00001216 +00000-0 +37567-3 0  9992
2 31616 096.5893 281.9565 0107931 147.8510 212.9326 14.39150402584788
1 31617U 99025BZX 18185.24521414  .00000999  00000-0  28815-3 0  9993
2 31617  96.7065 359.3507 0137148 108.1489 253.4694 14.40699069585021
1 31618U 99025BZY 18211.05048794 +.00000049 +00000-0 +43405-4 0  9997
2 31618 099.4010 146.6660 0165423 330.5058 028.6858 14.16999577321010
1 31619U 99025BZZ 18211.37479229  .00000937  00000-0  39246-3 0  9997
2 31619  99.1097 270.3394 0266670 121.4661 301.1204 14.11014360573718
1 31620U 99025CAA 18211.26092080 +.00000625 +00000-0 +34283-3 0  9993
2 31620 099.0396 219.5422 0028534 187.5287 172.5461 14.15342683276092
1 31622U 99025CAC 18210.03748069 +.00000544 +00000-0 +28982-3 0  9993
2 31622 098.9716 246.0037 0021856 174.2271 205.9394 14.17552965574759
1 31623U 99025CAD 18182.36117209  .00000075  00000-0  87833-4 0  9994
2 31623  97.6433 149.8963 0199892  13.0663 347.5567 13.80344642563147
1 31624U 99025CAE 18212.41516038  .00000786  00000-0  25945-3 0  9992
2 31624  99.6795  12.0511 0055774 234.9424 152.9251 14.40541302584735
1 31625U 99025CAF 18211.53412128 +.00000027 +00000-0 +18790-4 0  9999
2 31625 098.8035 113.0311 0157631 238.9220 246.7097 14.51252669593150
1 31626U 99025CAG 18211.53160970  .00001007  00000-0  41777-3 0  9994
2 31626 101.3061 321.9533 0031545 178.4853 181.6421 14.29593183583961
1 31627U 99025CAH 18211.33154458  .00000280  00000-0  14188-3 0  9995
2 31627  98.7760 254.4781 0062934  83.0486 277.7845 14.22736589580620
1 31628U 99025CAJ 18211.79423590  .00000034  00000-0  92037-4 0  9999
2 31628 102.2738 328.1566 0186949  76.7994 285.3926 13.75045763564185
1 31629U 99025CAK 18211.55729266  .00000732  00000-0  56191-3 0  9998
2 31629 102.1525  70.6464 0132219 149.6036 211.2864 13.94166332571424
1 31630U 99025CAL 18211.77912900  .00000339  00000-0  45349-4 0  9990
2 31630  97.8840  50.4269 0319801 285.5142  71.0963 14.56862081594113
1 31631U 99025CAM 18211.04008652 +.00000856 +00000-0 +49410-3 0  9997
2 31631 099.3084 304.1257 0190162 003.8700 356.3885 14.03183108258178
1 31632U 99025CAN 18212.40490833  .00001465  00000-0  33696-3 0  9991
2 31632  99.0187  66.0831 0135515 233.7004 252.5321 14.51720071587978
1 31633U 99025CAP 18211.33857344 -.00000168  00000-0 -81656-4 0  9998
2 31633  98.9847 267.3238 0068725 117.5430 243.2740 14.01161120574615
1 31634U 99025CAQ 18212.12091134  .00000059  00000-0  78583-4 0  9996
2 31634  99.3286 172.6907 0092281 214.1830 145.3367 13.92511866571687
1 31635U 99025CAR 18183.19934610  .00000784  00000-0  30656-3 0  9999
2 31635  99.4457 171.9917 0050269 278.1349  81.4131 14.32125761580945
1 31636U 99025CAS 18212.43536357  .00001752  00000-0  86362-4 0  9998
2 31636  98.8906  24.8052 0162513 222.0421 136.8240 15.09000980608126
1 31637U 99025CAT 18211.57731609 +.00000775 +00000-0 +33880-3 0  9990
2 31637 099.1045 348.3236 0060606 065.8679 294.8821 14.25895520209509
1 31639U 99025CAV 18211.77388375  .00000043  00000-0  68819-4 0  9991
2 31639  98.7816 315.3810 0161811 260.1854 254.0462 13.84226362568254
1 31640U 99025CAW 18211.84702290 +.00001102 +00000-0 +79787-4 0  9990
2 31640 099.2344 075.7976 0182110 314.4975 044.1476 14.94738852306325
1 31642U 99025CAY 18211.00791721 +.00000134 +00000-0 +65740-4 0  9995
2 31642 098.6360 296.3763 0126604 256.1603 102.5465 14.28820700585337
1 31643U 99025CAZ 18211.86769972 +.00000240 +00000-0 +18959-3 0  9990
2 31643 098.3359 224.0883 0100968 317.8962 163.2597 13.97514090192940
1 31644U 99025CBA 18211.56228332 +.00000167 +00000-0 +47274-4 0  9999
2 31644 098.6089 326.1388 0212092 074.2550 345.0757 14.46105893319904
1 31646U 99025CBC 18177.31733986  .00000168  00000-0  11961-3 0  9995
2 31646  98.9724 208.1723 0035383  11.4047 348.7917 14.10031227573176
1 31647U 99025CBD 18211.94583443 +.00000931 +00000-0 +49125-3 0  9996
2 31647 098.0680 110.1200 0180631 037.8380 323.5331 14.07843266260501
1 31648U 99025CBE 18212.30955631  .00000117  00000-0  14070-3 0  9997
2 31648 102.8159  11.2966 0067597  17.8304 342.5193 13.94973162570062
1 31649U 99025CBF 18207.96134677 +.00000564 +00000-0 +60617-3 0  9997
2 31649 098.1917 271.7999 0284208 186.6707 173.0620 13.60636449556381
1 31650U 99025CBG 18206.41692044 +.00002155 +00000-0 +58253-3 0  9996
2 31650 095.2172 260.5988 0236949 335.4896 023.5175 14.32951436573895
1 31652U 99025CBJ 18211.10420035  .00002368  00000-0  65785-3 0  9993
2 31652  95.9359 324.7336 0128555 197.3555 162.3227 14.42214163583083
1 31653U 99025CBK 18170.56598013 +.00001301 +00000-0 +42076-3 0  9994
2 31653 096.6658 282.2079 0108763 331.5115 028.0158 14.36891281577718
1 31654U 99025CBL 16335.87924782 -.07214280  00000-0  00000+0 0  9993
2 31654  97.5658 298.9789 0078558  65.0753 295.9170 15.48867629478437
1 31655U 99025CBM 18211.02389096 +.00000079 +00000-0 +13365-3 0  9992
2 31655 099.2927 284.2558 0337922 111.1088 010.7456 13.47618978233241
1 31656U 99025CBN 18211.44390354 +.00000608 +00000-0 +29799-3 0  9994
2 31656 099.2259 027.2931 0032778 233.2633 156.3195 14.21575441580436
1 31657U 99025CBP 18211.19971608 +.00000027 +00000-0 +80884-4 0  9992
2 31657 102.2380 345.4814 0175613 002.9345 357.2787 13.80816838255710
1 31658U 99025CBQ 18212.22288847  .00000964  00000-0  73938-3 0  9995
2 31658  98.1633   7.7751 0265856 203.2400 155.6552 13.79878077561687
1 31659U 99025CBR 18211.23777629 +.00000511 +00000-0 +92067-4 0  9990
2 31659 099.0596 208.7365 0179917 226.5443 132.0671 14.62041644590528
1 31660U 99025CBS 18211.35318132 +.00000099 +00000-0 +62017-4 0  9998
2 31660 098.6929 250.7768 0114323 077.2490 284.1435 14.20176141284254
1 31661U 99025CBT 18212.53498348  .00000391  00000-0  23377-3 0  9998
2 31661  99.0436 244.4103 0067920 307.1773 217.7259 14.11926645577203
1 31662U 99025CBU 10221.73015106 -.00000041 +00000-0 +15524-5 0  9990
2 31662 098.9687 199.0028 0048105 056.7627 302.2132 14.03367415171755
1 31663U 99025CBV 18211.20143670 +.00000071 +00000-0 +19175-4 0  9995
2 31663 098.9142 211.6935 0220730 314.9234 043.4240 14.65818046597619
1 31664U 99025CBW 18210.53291505 +.00000277 +00000-0 +17779-3 0  9997
2 31664 098.8562 244.2177 0129669 194.5621 165.1797 14.06932622581058
1 31665U 99025CBX 18211.29988737 +.00000121 +00000-0 +13923-3 0  9997
2 31665 098.4784 140.0219 0200930 296.1792 217.5493 13.77326752560667
1 31666U 99025CBY 18212.44214053  .00000680  00000-0  25719-3 0  9995
2 31666  98.6970 281.6145 0058998 290.5212  68.9647 14.33552700589440
1 31667U 99025CBZ 18211.07416704 +.00000073 +00000-0 +54798-4 0  9997
2 31667 098.9112 322.1486 0052863 223.5953 136.1040 14.20415706177431
1 31668U 99025CCA 18177.04176528 +.00002260 +00000-0 +56324-3 0  9999
2 31668 096.5449 267.9685 0098669 115.7825 245.3595 14.49371198581096
1 31670U 99025CCC 18208.74508961 +.00000538 +00000-0 +58575-3 0  9990
2 31670 098.4224 032.6912 0266335 244.8929 112.4365 13.62274382555267
1 31671U 99025CCD 11106.28784769 +.00000788 +00000-0 +53306-3 0  9996
2 31671 099.1906 122.5605 0101331 133.2425 228.3225 14.00829917204746
1 31672U 99025CCE 18210.47000713 +.00000629 +00000-0 +25941-3 0  9999
2 31672 098.8367 302.1685 0157132 278.1659 080.1722 14.24004118584411
1 31673U 99025CCF 18211.10736102  .00000034  00000-0  31727-4 0  9999
2 31673  99.3412 176.7580 0131555 212.3639 146.9422 14.27948267587525
1 31674U 99025CCG 18208.06013527 +.00000779 +00000-0 +39850-3 0  9990
2 31674 098.8708 159.4320 0037476 165.1160 195.1127 14.18140586261850
1 31675U 99025CCH 18211.44557170 +.00001079 +00000-0 +59161-3 0  9995
2 31675 098.4430 292.1590 0136029 144.4548 216.5779 14.09126070573632
1 31676U 99025CCJ 18210.97412129 -.00000176  00000-0 -18848-3 0  9993
2 31676  98.6003 281.6118 0417399  89.7938 275.1001 13.31391474543683
1 31677U 99025CCK 07169.86885332 +.00000222 +00000-0 +14573-3 0  9994
2 31677 099.0638 160.9698 0027495 163.5132 196.6940 14.11920022006012
1 31678U 99025CCL 18211.79520909  .00000324  00000-0  83848-4 0  9998
2 31678  98.9807 206.6310 0347849   3.9136 356.4639 14.26870880583526
1 31679U 99025CCM 18208.29156407 +.00000971 +00000-0 +29401-3 0  9990
2 31679 098.9757 032.5423 0074097 223.6550 135.8763 14.43205733585533
1 31680U 99025CCN 18211.21941434 +.00000291 +00000-0 +44738-4 0  9996
2 31680 099.8674 010.1694 0178753 312.8063 045.8228 14.74536543602502
1 31682U 99025CCQ 18211.96689185  .00002198  00000-0  50438-3 0  9993
2 31682  98.7247 268.4991 0036833 129.2223 231.2253 14.56203279585254
1 31683U 99025CCR 18211.81062289 +.00000762 +00000-0 +23997-3 0  9993
2 31683 098.7591 223.8901 0074677 133.2706 227.4746 14.41774090269286
1 31684U 99025CCS 18211.37951974  .00000457  00000-0  28369-3 0  9992
2 31684  99.0315 274.6341 0058060   0.2354 359.8834 14.09390120573892
1 31685U 99025CCT 18211.93313926 +.00000013 +00000-0 +33441-4 0  9990
2 31685 099.0408 235.8991 0015807 242.2474 235.4353 14.08852749571802
1 31686U 99025CCU 18211.04275528 +.00000317 +00000-0 +46322-4 0  9997
2 31686 098.4668 279.5887 0392966 056.3253 059.5802 14.41526637588258
1 31687U 99025CCV 17278.30914198  .00000903  00000-0  43183-3 0  9994
2 31687  98.9352 308.3899 0006006 190.3166 169.7888 14.21681365540295
1 31688U 99025CCW 18211.80438074 +.00000097 +00000-0 +92746-4 0  9996
2 31688 099.2896 222.4104 0072335 012.5398 347.7545 14.01310633575682
1 31690U 99025CCY 18211.07422969 +.00001607 +00000-0 +48280-3 0  9995
2 31690 098.8215 314.6578 0028041 036.2829 324.0255 14.43871709586737
1 31691U 99025CCZ 18211.36255300  .00000565  00000-0  34608-3 0  9992
2 31691  99.0333 260.2762 0073370 295.6302  63.7299 14.08718137577129
1 31692U 99025CDA 18211.33340272 -.00000074  00000-0 -20128-4 0  9993
2 31692  99.1586 163.0414 0116819 298.5395  60.4046 13.94305568576706
1 31695U 99025CDD 18212.40269646  .00000440  00000-0  97449-4 0  9995
2 31695  98.5558 266.4039 0267471 168.3753 192.3781 14.42554230593824
1 31696U 99025CDE 18210.93326321  .00000208  00000-0  19375-3 0  9999
2 31696  97.8024 261.4556 0153440 289.0370  69.4223 13.85480460572562
1 31709U 99025CDG 18211.82584232  .00001374  00000-0  76487-3 0  9992
2 31709  98.0335  71.3204 0190071 110.7759 251.3888 14.03591437559590
1 31710U 99025CDH 18211.39799902 +.00003099 +00000-0 +17970-3 0  9996
2 31710 098.9954 009.9744 0097315 089.2414 271.9960 15.09225943603029
1 31711U 99025CDJ 18209.60931064 +.00002711 +00000-0 +23961-3 0  9992
2 31711 099.0361 254.9655 0060539 222.5646 289.4701 14.96051048595366
1 31714U 99025CDM 18211.21754817  .00001259  00000-0  58308-3 0  9993
2 31714  99.0412 307.3756 0058660 236.7687 152.8388 14.21794150575060
1 31715U 99025CDN 18210.62947166 +.00000264 +00000-0 +86060-4 0  9991
2 31715 099.2444 151.3279 0243477 048.5022 313.6779 14.32291415230381
1 31716U 99025CDP 18211.38092917 +.00000202 +00000-0 +16969-3 0  9993
2 31716 098.5406 269.9535 0147427 028.5915 030.7320 13.93012537565539
1 31717U 99025CDQ 18212.35894922  .00000617  00000-0  41724-3 0  9995
2 31717  96.9180 249.3714 0205631 305.9813  52.2438 13.93060999570184
1 31718U 99025CDR 18065.03339915  .00008746  00000-0  64948-3 0  9997
2 31718  96.6491 354.1703 0050549  76.5762 284.1093 15.02179894572407
1 31719U 99025CDS 18211.42558323 +.00001082 +00000-0 +90328-3 0  9997
2 31719 097.5549 087.9586 0213972 073.3390 289.1138 13.79845752215072
1 31720U 99025CDT 18211.21083547 +.00000213 +00000-0 +59578-4 0  9995
2 31720 099.1102 203.8607 0135288 356.4142 003.6069 14.52546377590221
1 31721U 99025CDU 18211.74213375 -.00000011  00000-0  28185-4 0  9995
2 31721  99.5099 142.3221 0327606 302.1216  85.0811 13.70149387557879
1 31722U 99025CDV 18211.62112448  .00001363  00000-0  42231-3 0  9999
2 31722 101.9618 357.4194 0022119 184.1416 238.0268 14.43725820582411
1 31723U 99025CDW 18212.49641829  .00000892  00000-0  63710-3 0  9997
2 31723  97.8308 301.1245 0140954 259.7980  98.7263 13.94725485565933
1 31724U 99025CDX 18211.44154902 +.00000858 +00000-0 +36869-3 0  9990
2 31724 097.9003 094.5817 0214807 311.4976 046.7936 14.15380116261839
1 31725U 99025CDY 18155.12964060 -.00000447  00000-0 -70558-3 0  9996
2 31725  99.1966 123.4026 0715440 338.6962  18.5678 12.72346180514690
1 31726U 99025CDZ 18211.37164414 +.00000001 +00000-0 +22877-4 0  9998
2 31726 099.0185 255.1666 0257154 350.8253 062.4819 14.03171855262188
1 31727U 99025CEA 18210.63841581 +.00000473 +00000-0 +26204-3 0  9994
2 31727 098.9450 269.7686 0049163 153.9777 015.4345 14.15437340334254
1 31729U 99025CEC 18210.50905185 +.00000716 +00000-0 +46781-3 0  9995
2 31729 099.2509 299.6046 0087033 204.8492 154.8471 14.03833772568753
1 31731U 99025CEE 18212.55308663  .00000488  00000-0  25660-3 0  9992
2 31731  99.3227  65.9360 0012657 210.8504 149.1927 14.19138985575862
1 31732U 99025CEF 18211.15154809 +.00000138 +00000-0 +10344-3 0  9994
2 31732 098.8737 286.4536 0040692 315.0872 044.7009 14.09466765263789
1 31733U 99025CEG 18211.74637603  .00000782  00000-0  10384-3 0  9997
2 31733  99.0776 321.8000 0121162  83.5827 277.9161 14.78447589595130
1 31734U 99025CEH 18211.30600570 +.00000087 +00000-0 +53428-4 0  9998
2 31734 098.6045 245.7978 0109818 324.1833 035.2017 14.24340943580897
1 31735U 99025CEJ 18208.45513994 +.00000301 +00000-0 +12741-3 0  9995
2 31735 098.6412 290.6031 0069881 339.5439 020.2948 14.31192939581023
1 31736U 99025CEK 18211.29400493  .00000012  00000-0  30362-4 0  9990
2 31736  98.8533 239.5115 0011873 350.8628   9.2326 14.12755336576946
1 31737U 99025CEL 18212.45067311  .00000185  00000-0  45015-4 0  9990
2 31737  98.2466 283.3687 0186719 126.7063 301.1174 14.53995742590215
1 31738U 99025CEM 18211.90875174 +.00000166 +00000-0 +14901-3 0  9992
2 31738 099.5895 244.3922 0333978 333.9535 024.5134 13.74914175251895
1 31739U 99025CEN 18211.84774153 -.00000005 +00000-0 +18779-4 0  9992
2 31739 099.0358 213.8621 0128818 205.1150 154.3723 14.18055078573261
1 31740U 99025CEP 18209.90804512 +.00000300 +00000-0 +14728-3 0  9997
2 31740 099.8272 002.8290 0032162 127.8264 024.2001 14.26095864579116
1 31741U 99025CEQ 18211.20243266 +.00000283 +00000-0 +12852-3 0  9993
2 31741 099.1456 359.4719 0204145 204.5147 154.6216 14.19515027577211
1 31742U 99025CER 18210.53374089 +.00000252 +00000-0 +11023-3 0  9992
2 31742 098.7813 320.5556 0086290 291.4054 067.7939 14.30339480580785
1 31743U 99025CES 18211.62934119  .00000339  00000-0  19559-3 0  9998
2 31743  99.2036 356.7119 0041302 310.6186 109.1153 14.15691817577378
1 31744U 99025CET 18211.31925179 +.00000574 +00000-0 +26266-3 0  9995
2 31744 099.4414 238.5917 0410081 167.8878 193.2512 13.88866706570644
1 31745U 99025CEU 18204.03359005 +.00000543 +00000-0 +20789-3 0  9996
2 31745 096.7613 138.4891 0477527 013.3472 347.9822 13.84758660564592
1 31746U 99025CEV 18208.42220233 +.00000589 +00000-0 +23430-3 0  9990
2 31746 098.6913 273.2435 0044073 340.1447 080.7181 14.31877412582138
1 31750U 99025CEZ 18211.61292593  .00000482  00000-0  13521-3 0  9990
2 31750  98.7625 349.2928 0109666  57.3807 303.7912 14.47368635587798
1 31751U 99025CFA 18210.04444208 +.00001125 +00000-0 +37727-3 0  9998
2 31751 098.8676 306.0690 0065784 150.7470 209.7425 14.38071012583777
1 31752U 99025CFB 18210.64280565 -.00000078 +00000-0 -18599-4 0  9994
2 31752 098.9272 357.7851 0403734 026.4237 335.6901 13.79288485563688
1 31753U 99025CFC 18211.54481295  .00000058  00000-0  46898-4 0  9997
2 31753  98.9570 236.8158 0164262 309.8485 209.1038 14.15702645579896
1 31754U 99025CFD 18211.43308262  .00000272  00000-0  12412-3 0  9990
2 31754  99.1082  27.9555 0062337 131.0663 229.5926 14.28816797584527
1 31755U 99025CFE 18210.89689993  .00000159  00000-0  10542-3 0  9999
2 31755  98.8839 243.2624 0196528  30.0651  89.9782 14.05080780583908
1 31756U 99025CFF 18211.54067570  .00000696  00000-0  32796-3 0  9995
2 31756  99.3464 114.2579 0062438 308.7174  50.8429 14.22445016580528
1 31757U 99025CFG 18211.31242189  .00000002  00000-0  23009-4 0  9991
2 31757  99.0667 239.4240 0226969  56.0402 306.2112 14.04177066580304
1 31758U 99025CFH 18212.41005065  .00000472  00000-0  13673-3 0  9990
2 31758  98.1440  75.9094 0478782 300.4240  55.0438 13.98291372565821
1 31759U 99025CFJ 18211.46504968  .00001828  00000-0  48469-3 0  9998
2 31759  98.5824 208.5558 0005228  99.7457  53.4857 14.49925757584860
1 31760U 99025CFK 18211.50706019  .00000181  00000-0  99815-4 0  9999
2 31760  99.2507 114.5509 0057858 323.7385  35.9876 14.23265485579896
1 31761U 99025CFL 18210.99770343 +.00000372 +00000-0 +12161-3 0  9993
2 31761 098.6416 223.6552 0578425 048.7507 316.2016 13.76469289208780
1 31763U 99025CFN 18211.78770427 +.00000100 +00000-0 +85383-4 0  9992
2 31763 098.5224 323.1802 0576770 145.6160 006.9196 13.42831415548242
1 31764U 99025CFP 12296.47618688 +.00001733 +00000-0 +12488-2 0  9993
2 31764 098.1533 024.1924 0256818 055.6463 309.3154 13.83258966274811
1 31765U 99025CFQ 18209.98313215 +.00001330 +00000-0 +77749-3 0  9993
2 31765 098.9780 023.6814 0276062 141.0601 010.2048 13.92554508561093
1 31766U 99025CFR 18211.89472600 -.00000207 +00000-0 -10026-3 0  9990
2 31766 098.9535 240.1434 0074254 257.3262 101.9596 14.04048553263029
1 31767U 99025CFS 18211.53921291 +.00000029 +00000-0 +47365-4 0  9994
2 31767 099.1374 234.4391 0041543 002.6065 151.0491 14.03602201570474
1 31768U 99025CFT 18211.83865834  .00000570  00000-0  20679-3 0  9997
2 31768  99.0913  67.4059 0056395  69.1411 356.9813 14.36516909581147
1 31769U 99025CFU 18211.50087240 +.00001205 +00000-0 +70503-3 0  9996
2 31769 098.5100 313.8401 0105066 273.0430 085.8722 14.07369954260657
1 31770U 99025CFV 18211.46485275 +.00003277 +00000-0 +66795-3 0  9992
2 31770 097.7020 091.2673 0139486 313.1567 169.9252 14.55624656212351
1 31771U 99025CFW 18211.56445209 +.00001157 +00000-0 +41186-3 0  9999
2 31771 102.8041 337.4557 0027623 106.2047 254.2165 14.37576161264661
1 31772U 99025CFX 18206.19532312 +.00000412 +00000-0 +27181-3 0  9997
2 31772 098.4764 281.9905 0153350 185.6783 174.2650 14.01050992569229
1 31773U 99025CFY 18210.71968377 +.00000545 +00000-0 +19540-3 0  9992
2 31773 099.0035 023.9949 0071044 277.0434 082.2675 14.36847201583336
1 31774U 99025CFZ 18208.35712338 +.00000449 +00000-0 +28177-3 0  9993
2 31774 098.9528 248.4766 0068615 278.4756 080.8641 14.08464952572540
1 31775U 99025CGA 11226.67471454 -.00000167 +00000-0 -82847-4 0  9997
2 31775 099.0335 196.6010 0053942 207.4914 152.3213 13.99704455215661
1 31776U 99025CGB 18212.43410521  .00000144  00000-0  11184-3 0  9990
2 31776  99.1158 189.4485 0062940 309.2408 202.8819 14.07082736573468
1 31777U 99025CGC 15055.29453299 +.00003519 +00000-0 +72569-3 0  9999
2 31777 099.0151 219.8281 0050484 353.8557 010.9187 14.60387688404779
1 31778U 99025CGD 09048.84830456 -.00000053 +00000-0 -45392-5 0  9998
2 31778 099.2891 060.5851 0046215 216.8807 142.7455 14.00453805088320
1 31779U 99025CGE 18212.49868335  .00000054  00000-0  29477-4 0  9994
2 31779  99.3755 227.9344 0232847  89.4745 273.3112 14.35103015584471
1 31780U 99025CGF 18211.35624731 +.00000104 +00000-0 +30913-4 0  9993
2 31780 099.2920 001.1609 0176873 284.6672 073.4976 14.58325031591830
1 31781U 99025CGG 18211.39710987  .00000396  00000-0  29876-3 0  9995
2 31781  99.4685 286.9146 0268817 313.9181  44.0062 13.84585330566785
1 31782U 99025CGH 18211.75192058 +.00000106 +00000-0 +56082-4 0  9998
2 31782 098.6914 308.7412 0086478 329.5460 182.6505 14.30088136581710
1 31783U 99025CGJ 18208.40357962 +.00000248 +00000-0 +17072-3 0  9996
2 31783 098.9051 273.4750 0109804 074.3011 344.3499 14.05037811571876
1 31784U 99025CGK 18211.03744750 +.00001134 +00000-0 +41160-3 0  9995
2 31784 099.0278 305.7767 0027275 358.8078 001.3036 14.35196418578204
1 31785U 99025CGL 18211.86017890 +.00010806 +00000-0 +57903-3 0  9993
2 31785 096.5308 079.5073 0024636 114.8153 245.5647 15.14869351309088
1 31786U 99025CGM 18212.35176477  .00000652  00000-0  45878-3 0  9992
2 31786  97.6987 255.5255 0116904 158.2879 202.3303 13.97586477567247
1 31787U 99025CGN 18210.99075347 +.00000919 +00000-0 +23981-3 0  9992
2 31787 098.5995 285.8864 0112717 072.3514 288.9949 14.48244507265499
1 31788U 99025CGP 18211.48733025  .00000255  00000-0  33096-3 0  9993
2 31788 102.5640  59.9119 0501570 145.5120 332.0646 13.30739443548106
1 31794U 07029C   18211.82291214 +.00000034 +00000-0 +72604-4 0  9994
2 31794 071.0417 147.9210 0204744 076.9785 315.6324 13.71030533554759
1 31795U 07029D   18211.84791199 -.00000084 +00000-0 -41262-4 0  9997
2 31795 070.9465 151.2636 0223326 167.3677 211.7079 13.67870519553543
1 31796U 07029E   18211.89315337 -.00000014 +00000-0 +26752-4 0  9998
2 31796 071.0413 185.8270 0214293 125.1874 262.9834 13.68180194553675
1 31799U 07029F   18211.58963287 -.00000036 +00000-0 +74391-5 0  9997
2 31799 070.9409 176.5128 0228570 213.4548 264.3791 13.65748749552290
1 31802U 99025CGQ 18211.26845934 +.00000498 +00000-0 +55002-4 0  9990
2 31802 098.3203 235.1543 0179560 344.5259 015.0505 14.81751305274109
1 31804U 99025CGS 18211.77790093 +.00000706 +00000-0 +46201-3 0  9995
2 31804 098.2981 212.7853 0156796 204.2010 155.1735 13.99183278259213
1 31805U 99025CGT 18211.85774377  .00000249  00000-0  99442-4 0  9990
2 31805  98.3998  81.0952 0556904 345.5408  13.0349 13.74793013557889
1 31806U 99025CGU 18183.87817829  .00000616  00000-0  51184-3 0  9999
2 31806  97.6912  50.5955 0367684  65.0858 298.8032 13.63976203554094
1 31807U 99025CGV 18211.59055016 +.00000164 +00000-0 +63284-4 0  9996
2 31807 099.0445 127.8809 0125252 201.8768 157.7043 14.39767965264866
1 31808U 99025CGW 18211.32234724 +.00000669 +00000-0 +41805-3 0  9997
2 31808 099.2263 261.3062 0090629 175.1847 185.0212 14.06286106194717
1 31809U 99025CGX 18208.62504338 +.00001488 +00000-0 +33454-3 0  9999
2 31809 098.8354 006.2203 0028982 157.5790 202.6681 14.57872499267787
1 31810U 99025CGY 18211.35151733  .00000243  00000-0  76649-4 0  9994
2 31810  98.5498 252.8262 0246462 275.8630  81.4512 14.33892531584210
1 31812U 99025CHA 18181.44744223 -.00000093  00000-0 -32528-4 0  9997
2 31812  99.0127 256.4384 0069096 214.8113 144.8521 14.00339434565582
1 31813U 99025CHB 18211.08116275 +.00000151 +00000-0 +57303-4 0  9993
2 31813 099.4236 318.6137 0153968 292.9165 065.5834 14.41062677584125
1 31814U 99025CHC 18211.82674368 +.00000109 +00000-0 +16351-3 0  9998
2 31814 099.8296 220.5602 0232897 231.7247 126.2740 13.64068563250782
1 31815U 99025CHD 18212.31695036 -.00000073  00000-0 -17190-4 0  9994
2 31815  98.7939 240.4337 0060271  82.6815 278.1200 14.09776157576111
1 31816U 99025CHE 18211.49670337  .00000329  00000-0  29446-3 0  9998
2 31816  98.8215  50.7201 0129337 290.0219  97.7844 13.87423572564609
1 31817U 99025CHF 18210.76265216  .00000402  00000-0  13415-3 0  9995
2 31817  98.9658  36.4854 0090187 214.4442 145.0880 14.41061626586526
1 31819U 99025CHH 18211.55939155  .00000093  00000-0  55306-4 0  9997
2 31819  98.5809 246.8269 0091718 299.0650  60.1367 14.25784181584558
1 31820U 99025CHJ 18211.69537675 +.00000295 +00000-0 +56941-4 0  9995
2 31820 098.9170 121.9686 0261667 335.2355 023.6460 14.52896211589391
1 31821U 99025CHK 18211.18996801  .00000329  00000-0  17741-3 0  9992
2 31821  98.1912 355.2754 0417506  35.8059 327.0336 13.81247065561273
1 31823U 99025CHM 18211.03610161 +.00000698 +00000-0 +24738-3 0  9993
2 31823 099.5187 299.5973 0061881 157.8642 202.5234 14.37037619578637
1 31825U 99025CHP 18211.91568494 +.00000137 +00000-0 +78273-4 0  9995
2 31825 098.7623 246.8238 0178625 159.2829 324.4615 14.15828055574891
1 31826U 99025CHQ 18211.33706198 +.00000098 +00000-0 +67717-4 0  9994
2 31826 098.7345 246.9482 0130985 356.2574 059.8953 14.14730991577109
1 31827U 99025CHR 18210.77057506 +.00000553 +00000-0 +44536-3 0  9993
2 31827 097.6493 213.5284 0129540 246.5479 112.2022 13.89860522240611
1 31828U 99025CHS 18211.37243768 +.00001561 +00000-0 +48037-3 0  9998
2 31828 099.2940 059.5713 0180847 327.1754 031.8297 14.34220513197613
1 31829U 99025CHT 18210.20273623 +.00000056 +00000-0 +77381-4 0  9996
2 31829 099.0525 107.2384 0171903 269.4665 246.8647 13.86224758568090
1 31830U 99025CHU 18211.46196591  .00000522  00000-0  52311-3 0  9998
2 31830  99.0363  33.5424 0201705 246.8004 140.1775 13.73628993558304
1 31831U 99025CHV 18210.55627155 +.00000811 +00000-0 +57449-3 0  9991
2 31831 097.8904 324.1235 0140207 274.0864 084.4287 13.95491897566792
1 31832U 99025CHW 18209.39737308 +.00000507 +00000-0 +39081-3 0  9998
2 31832 097.8157 273.5570 0152219 318.7904 040.1847 13.91286326565345
1 31833U 99025CHX 18210.24261498 +.00000232 +00000-0 +30946-3 0  9993
2 31833 098.2065 218.5660 0334725 091.5402 272.4098 13.46556922548421
1 31834U 99025CHY 18211.37763482 -.00000336  00000-0 -17854-3 0  9999
2 31834  98.3453 255.1031 0174333 110.4934 251.5041 13.99907095578104
1 31835U 99025CHZ 13135.67582413 +.00005094 +00000-0 +33563-2 0  9994
2 31835 098.3320 296.5729 0181051 214.5570 206.7154 13.94489834304811
1 31836U 99025CJA 18211.21877889  .00000275  00000-0  21855-3 0  9997
2 31836  98.6562 303.8421 0136755  69.6434 291.9361 13.94316746568373
1 31837U 99025CJB 18211.31720762 +.00000338 +00000-0 +78713-4 0  9992
2 31837 098.4135 257.1308 0146116 139.3661 221.8550 14.55124549590432
1 31838U 99025CJC 18211.32582238  .00000206  00000-0  12995-3 0  9991
2 31838  98.9844 240.1091 0041971 209.4039 207.5404 14.14448136578719
1 31839U 99025CJD 18200.85222126 +.00001795 +00000-0 +72628-3 0  9998
2 31839 098.3066 067.3971 0387313 227.5511 129.2300 13.95151052559973
1 31840U 99025CJE 18208.31461202 +.00000097 +00000-0 +10484-3 0  9995
2 31840 099.1098 239.0694 0093576 235.3851 123.8458 13.92980486576205
1 31841U 99025CJF 18211.23817399  .00000533  00000-0  29260-3 0  9990
2 31841  98.4348 206.1743 0353422 220.5951 207.9564 13.88139016565448
1 31842U 99025CJG 18211.38988101 +.00002962 +00000-0 +11480-3 0  9990
2 31842 098.1655 276.6784 0189000 075.4863 286.7249 15.12051076598227
1 31843U 99025CJH 18211.78498065 +.00000461 +00000-0 +36544-3 0  9990
2 31843 099.2345 059.4991 0722073 348.2964 010.2115 13.12754896292332
1 31844U 99025CJJ 18211.52835064 +.00000277 +00000-0 +17318-3 0  9990
2 31844 100.2663 122.2659 0116422 076.1119 285.2966 14.11091959572998
1 31847U 99025CJM 18203.91163074 +.00000390 +00000-0 +28011-3 0  9990
2 31847 099.2191 236.4670 0100191 168.4456 191.9041 14.00598964573534
1 31848U 99025CJN 18212.15170428  .00000667  00000-0  10324-3 0  9993
2 31848  96.7158 179.9091 0140969  50.1188 311.2318 14.69168697595601
1 31849U 99025CJP 18209.91533636 +.00006733 +00000-0 +36269-3 0  9994
2 31849 097.8457 096.1336 0070052 117.9862 242.8480 15.13030640595890
1 31850U 99025CJQ 18211.58796905 +.00000435 +00000-0 +81697-4 0  9991
2 31850 098.4439 133.5071 0297596 153.3467 208.3378 14.45215735265239
1 31851U 99025CJR 18210.29353649 +.00000796 +00000-0 +79131-3 0  9992
2 31851 098.7963 233.8985 0221481 260.5186 097.0869 13.70733728556507
1 31852U 99025CJS 18210.77288116  .00001739  00000-0  31809-3 0  9990
2 31852  98.7811  44.5789 0456693 131.4260 232.7107 14.16677977564071
1 31853U 99025CJT 12296.77196088 +.00000808 +00000-0 +56122-3 0  9996
2 31853 099.0148 272.9740 0042449 141.6565 225.0087 14.01298154287315
1 31854U 99025CJU 18211.31277538 +.00000514 +00000-0 +36794-3 0  9997
2 31854 099.0045 246.0323 0084990 062.9156 298.0648 13.99862809315741
1 31855U 99025CJV 18209.14413541 +.00002763 +00000-0 +17699-3 0  9993
2 31855 096.6650 172.6756 0216087 038.8835 322.7707 14.91893179597718
1 31856U 99025CJW 18209.10586393 +.00002587 +00000-0 +27914-3 0  9991
2 31856 098.9059 165.4508 0039899 220.9159 138.9058 14.88900330591960
1 31857U 99025CJX 18211.51068721  .00000747  00000-0  80458-3 0  9998
2 31857  96.1983 116.9365 0331805 140.7964 221.7728 13.53300481550797
1 31858U 99025CJY 17230.91756474  .00000093  00000-0  11308-3 0  9994
2 31858  97.6319 119.2854 0366565 251.2096 104.8956 13.57280047505154
1 31861U 99025CKB 18211.92025644 +.00000861 +00000-0 +11007-2 0  9995
2 31861 102.3405 234.5255 0532850 204.5995 280.1764 13.19365715311834
