1 30043U 99025NU  18211.92899569 +.00000184 +00000-0 +79754-4 0  9994
2 30043 098.4145 022.3896 0321364 305.9380 051.2367 14.11331916592921
1 30044U 99025NV  18211.86343785 +.00000286 +00000-0 +13636-3 0  9991
2 30044 098.1680 266.3235 0124343 239.4404 119.4458 14.22092069595999
1 30045U 99025NW  18211.87211922 +.00000499 +00000-0 +32806-3 0  9996
2 30045 099.0976 168.1186 0123005 054.4629 330.6573 14.02873233588041
1 30047U 99025NY  18211.77889456  .00000135  00000-0  14084-3 0  9995
2 30047  99.8715 153.5569 0130613 243.2750 145.7020 13.90006361584933
1 30048U 99025NZ  18211.94839414 +.00000059 +00000-0 +86703-4 0  9997
2 30048 098.6819 264.8212 0188809 295.4328 189.9765 13.78328398580314
1 30050U 99025PB  18212.30411065  .00000314  00000-0  28806-3 0  9992
2 30050  96.8252 157.7766 0181725 105.0528  59.4067 13.79849467580569
1 30053U 99025PE  18211.84345088 +.00000400 +00000-0 +24885-3 0  9993
2 30053 098.5908 208.9304 0387875 098.9711 018.7283 13.77813031577980
1 30054U 99025PF  18212.04646875  .00000078  00000-0  10905-3 0  9994
2 30054  99.6966 236.5496 0285253 102.9906 289.5373 13.67198977575615
1 30056U 99025PH  18211.87140419 +.00000553 +00000-0 +52090-3 0  9998
2 30056 098.3577 003.0374 0329990 181.8660 178.1279 13.62864301572209
1 30057U 99025PJ  18211.79223203  .00000247  00000-0  33076-3 0  9996
2 30057  98.8820 158.7571 0301690 213.7756 175.1429 13.51395630568426
1 30058U 99025PK  18212.06743694  .00000134  00000-0  22399-3 0  9990
2 30058  99.8663 252.7718 0321497 314.7157  74.7885 13.45326780566460
1 30059U 99025PL  18211.24929234 -.00000024 +00000-0 +19529-4 0  9997
2 30059 098.8977 123.0899 0329040 276.7249 239.0543 13.44261856566119
1 30060U 99025PM  18212.57378185  .00000763  00000-0  10607-2 0  9994
2 30060  99.3145 255.4059 0361324 246.4031 284.4826 13.37205260562298
1 30061U 99025PN  18211.88898812  .00000955  00000-0  12991-2 0  9993
2 30061 101.8761 185.9197 0387519 168.9666 221.9474 13.35472600560888
1 30063U 99025PQ  18211.91792319 -.00000002 +00000-0 +21289-4 0  9990
2 30063 098.6815 269.9403 0031723 307.4791 104.2768 14.14817223595966
1 30064U 99025PR  18210.95811439 +.00000052 +00000-0 +51210-4 0  9990
2 30064 098.9084 238.8027 0066713 207.9401 269.3029 14.12649778594748
1 30065U 99025PS  18210.30554104 +.00000032 +00000-0 +58107-4 0  9993
2 30065 098.7760 328.3748 0132578 166.8976 193.5681 13.86060295583635
1 30066U 99025PT  18211.91443466 -.00000039 +00000-0 +13248-5 0  9996
2 30066 098.7048 241.3216 0121564 090.9941 029.3477 14.17448409596917
1 30068U 99025PV  18212.54173240 -.00000075  00000-0 -15950-4 0  9990
2 30068  98.7864 242.5277 0195131  69.4618 292.7373 14.10276862594091
1 30069U 99025PW  18211.94070781 -.00000118 +00000-0 -47675-4 0  9997
2 30069 098.8626 250.4835 0050418 029.9456 090.1870 14.03174048590808
1 30070U 99025PX  18211.76487720  .00000230  00000-0  11647-3 0  9996
2 30070  98.3091 137.1087 0396007 320.9287  63.2565 13.90817084583403
1 30071U 99025PY  18211.79147664  .00000374  00000-0  17622-3 0  9998
2 30071  98.8254 261.7341 0061834  82.8545 342.4959 14.24798005597352
1 30072U 99025PZ  18212.14528407  .00000301  00000-0  19282-3 0  9991
2 30072  99.1080 271.8351 0084381 333.1288  26.5523 14.09325197590862
1 30073U 99025QA  18212.50804441  .00000731  00000-0  47213-3 0  9999
2 30073  99.4594  32.8987 0063118 168.8085 204.3313 14.05377639590406
1 30074U 99025QB  18212.41726503  .00000172  00000-0  13500-3 0  9993
2 30074  99.2262 198.6529 0111420  43.7981 317.1955 14.01998020588744
1 30075U 99025QC  18211.83921897 +.00000070 +00000-0 +88236-4 0  9998
2 30075 099.3662 175.2285 0090906 213.7692 164.5661 13.91672671586153
1 30076U 99025QD  18212.05895840  .00000027  00000-0  67140-4 0  9995
2 30076  99.3240 247.7362 0178260 341.9387  46.0270 13.74748296579118
1 30077U 99025QE  18211.94904031 +.00000148 +00000-0 +11570-3 0  9995
2 30077 099.0325 237.0509 0020522 251.4385 225.3971 14.06751576592649
1 30079U 99025QG  18212.46942931  .00000420  00000-0  31346-3 0  9992
2 30079  99.3163 213.7191 0082756 121.9184  31.7894 13.98857656589068
1 30080U 99025QH  18211.61842391 -.00000186  00000-0 -76790-4 0  9993
2 30080  98.7711 253.5516 0137414 131.9465  30.0815 14.08801241593285
1 30081U 99025QJ  18212.03590547  .00000067  00000-0  78803-4 0  9997
2 30081  99.0557 242.6986 0078004 186.2410 192.8361 13.96129982587928
1 30082U 99025QK  18211.88728154 +.00000473 +00000-0 +74737-4 0  9990
2 30082 098.8807 191.6216 0165123 021.3757 010.6459 14.69336728615123
1 30085U 99025QN  18212.39377491  .00003032  00000-0  29455-3 0  9994
2 30085  98.4536  14.2071 0104451 235.2094 123.9258 14.89459693615996
1 30086U 99025QP  18211.70140167  .00000344  00000-0  25412-3 0  9999
2 30086  99.1759 225.6340 0063557  36.3610  28.1363 14.01286642589870
1 30087U 99025QQ  18212.57536646  .00000063  00000-0  31696-4 0  9997
2 30087  98.7240 242.9010 0244431 152.1334 359.0281 14.30615949601945
1 30088U 99025QR  18211.12149767  .00000065  00000-0  34980-4 0  9993
2 30088  98.4718 257.8651 0216413 320.4087  56.6811 14.29974523601621
1 30089U 99025QS  18212.23831218  .00000058  00000-0  41216-4 0  9998
2 30089  98.9954 355.3147 0078064  79.3118 350.3648 14.27210175600766
1 30090U 99025QT  18212.13805738  .00000074  00000-0  52941-4 0  9992
2 30090  99.3608 163.5598 0061720 215.6928 212.5210 14.23934163599399
1 30092U 99025QV  18212.12875941  .00000161  00000-0  74494-4 0  9990
2 30092  98.6920 312.0604 0092400 237.4198 193.3775 14.31374487602022
1 30093U 99025QW  18212.31221896  .00000186  00000-0  82250-4 0  9992
2 30093  98.7909 328.0358 0081529 330.9554  54.6074 14.32693548601998
1 30094U 99025QX  18212.06919905  .00001752  00000-0  34055-3 0  9999
2 30094  98.9986 129.9430 0048972 140.3622 220.1174 14.63864531607060
1 30095U 99025QY  18212.35714362  .00000529  00000-0  11103-3 0  9992
2 30095  99.2667 184.1975 0287937  84.3070 279.0870 14.41702250603133
1 30096U 99025QZ  18211.66508867 +.00000078 +00000-0 +48762-4 0  9998
2 30096 099.1454 109.6741 0084961 071.1909 289.8462 14.27963599600971
1 30097U 99025RA  18212.49940275  .00004023  00000-0  50436-3 0  9998
2 30097  99.3060 297.0726 0069946 221.3005 138.2901 14.81216794608661
1 30098U 99025RB  18211.48289813  .00004378  00000-0  49989-3 0  9995
2 30098  99.3234 308.1317 0066321 206.7678 153.0105 14.85164798608742
1 30099U 99025RC  18211.69181782 +.00000069 +00000-0 +49315-4 0  9992
2 30099 098.7169 295.7466 0065572 142.4006 012.9368 14.22686197598876
1 30101U 99025RE  18211.68598010 +.00001390 +00000-0 +41542-3 0  9992
2 30101 099.1538 121.2432 0040193 078.2634 302.2970 14.44221726601995
1 30102U 99025RF  18210.44487363  .00000006  00000-0  21753-4 0  9990
2 30102  98.6857 280.1416 0146788 244.8253 179.6749 14.19239262597468
1 30103U 99025RG  18212.01672094  .00000123  00000-0  79874-4 0  9990
2 30103  99.2711  51.1357 0067818 215.0751 300.3093 14.19433163597410
1 30104U 99025RH  18212.56948097  .00000242  00000-0  13146-3 0  9991
2 30104  98.6143 114.9945 0081607   5.4642 113.9464 14.19299591596825
1 30105U 99025RJ  18211.02996541  .00000100  00000-0  59379-4 0  9991
2 30105  98.6698 248.1684 0208457 284.2946  73.5164 14.16967875596135
1 30106U 99025RK  18211.26535855  .00001089  00000-0  41014-3 0  9998
2 30106  98.9042 318.3995 0124712 247.4807 142.3040 14.29413918597930
1 30107U 99025RL  18211.93380519 -.00000027 +00000-0 +10166-4 0  9995
2 30107 099.1061 208.2945 0128274 323.3826 035.8629 14.13485850595269
1 30108U 99025RM  18212.03803969  .00000033  00000-0  32813-4 0  9996
2 30108  98.7158 245.9809 0205024 172.9945 218.0682 14.13947606595523
1 30109U 99025RN  18212.14685177  .00000024  00000-0  30531-4 0  9993
2 30109  98.7377 270.9838 0176521  32.3932 349.4750 14.13586131595089
1 30110U 99025RP  18211.88756767  .00000028  00000-0  72709-4 0  9996
2 30110  98.8326 192.2581 0272353  86.6382 276.5871 13.55054057570616
1 30111U 99025RQ  18212.11900191  .00001853  00000-0  52576-3 0  9992
2 30111 101.6045 154.1653 0108146  17.4692 102.1520 14.44059940599845
1 30112U 99025RR  18211.94772599  .00000109  00000-0  64963-4 0  9999
2 30112  99.3343  42.9511 0221248 140.1549 221.6104 14.14552937594853
1 30113U 99025RS  18212.21226160  .00000672  00000-0  33202-3 0  9995
2 30113  98.9556 309.7364 0058466 208.3076 181.6871 14.19991980595540
1 30114U 99025RT  18212.54841444  .00000123  00000-0  94780-4 0  9990
2 30114  98.9236 240.6701 0083502 144.5403   8.8060 14.07929513592859
1 30115U 99025RU  18211.63089937  .00000238  00000-0  15207-3 0  9994
2 30115  98.8779 259.6705 0076385 166.1495 345.6453 14.11193177593030
1 30116U 99025RV  18211.95053597  .00000390  00000-0  22843-3 0  9996
2 30116  99.4055  85.0052 0027945   0.8071 116.8387 14.14419638593583
1 30117U 99025RW  18211.59448697 -.00000078 +00000-0 -18880-4 0  9998
2 30117 098.8664 242.3968 0167306 211.7048 303.0094 14.05242376591643
1 30118U 99025RX  18212.54211644  .00000225  00000-0  16454-3 0  9991
2 30118  98.9928 239.9790 0085589  20.9623 143.0524 14.04180795591582
1 30119U 99025RY  18211.98439913  .00000390  00000-0  21906-3 0  9991
2 30119  97.9747 106.5722 0152021 205.6529 223.5883 14.09644822591772
1 30120U 99025RZ  18211.76724786  .00000351  00000-0  20917-3 0  9992
2 30120  99.0468 243.1761 0077342 309.6191 110.1741 14.12440747592735
1 30121U 99025SA  18211.66876750 +.00000523 +00000-0 +30225-3 0  9995
2 30121 102.1753 268.0620 0047748 153.1731 357.9536 14.15403862592898
1 30122U 99025SB  18212.36187708  .00000479  00000-0  20060-3 0  9998
2 30122  95.9202 257.0024 0173128  81.9932 338.1438 14.20334647593114
1 30123U 99025SC  18212.34988844  .00000271  00000-0  12054-3 0  9991
2 30123  96.9274 354.1324 0268961 224.2862 133.6514 14.10901481592028
1 30124U 99025SD  18211.89254053 +.00000182 +00000-0 +12472-3 0  9994
2 30124 099.1300 179.0858 0159729 042.5218 344.6653 14.05461716590333
1 30125U 99025SE  18210.35352081 +.00000426 +00000-0 +13762-3 0  9999
2 30125 098.5364 002.7446 0404809 088.2934 290.3580 14.05671245589677
1 30127U 99025SG  18211.45238817  .00000689  00000-0  37550-3 0  9995
2 30127  98.2055 223.9367 0123586   4.5687 355.6584 14.11242663590876
1 30128U 99025SH  18212.24469257  .00000576  00000-0  28938-3 0  9993
2 30128  96.9899  13.0531 0170140 319.5128 165.1955 14.11933458591209
1 30129U 99025SJ  18211.90212017  .00000250  00000-0  16983-3 0  9992
2 30129  98.0336  89.2730 0198084 173.8139 255.0419 13.98107103588546
1 30131U 99025SL  18211.53093584  .00000982  00000-0  63316-3 0  9994
2 30131  99.1927 238.4375 0100906 106.7989  55.9137 14.02945995588183
1 30132U 99025SM  18212.45654295  .00000148  00000-0  14512-3 0  9997
2 30132  99.6705  37.4655 0109081  67.3882 323.4435 13.92214559586307
1 30133U 99025SN  18212.48358584  .00000351  00000-0  26784-3 0  9993
2 30133  98.3105 215.0874 0088825 280.4503 234.1918 13.97506025587307
1 30134U 99025SP  18211.89962100 +.00000140 +00000-0 +10583-3 0  9999
2 30134 098.9667 242.7695 0019198 232.4021 250.9682 14.09485436592951
1 30135U 99025SQ  18211.99866797  .00000705  00000-0  23832-3 0  9994
2 30135  98.9210 340.4690 0139484 146.4739 279.5539 14.34813457600075
1 30136U 99025SR  18210.46845208 +.00000083 +00000-0 +88903-4 0  9990
2 30136 098.5471 277.7226 0131777 335.9662 090.4841 13.92452052585986
1 30137U 99025SS  18211.89366503 +.00002019 +00000-0 +24271-3 0  9993
2 30137 099.0868 275.4695 0060089 225.2888 222.5248 14.84128939612881
1 30138U 99025ST  18211.73773959  .00000325  00000-0  20090-3 0  9997
2 30138  99.0088 241.7243 0021256 220.1271 203.7290 14.12279020593519
1 30139U 99025SU  18212.53577899  .00000517  00000-0  37581-3 0  9998
2 30139  98.3882 239.3529 0141277 274.7677 241.9008 13.95712141586626
1 30140U 99025SV  18211.97943615  .00000529  00000-0  32822-3 0  9996
2 30140  99.0226 249.2608 0045353   2.4436 114.8556 14.08986814591631
1 30141U 99025SW  18212.31363311  .00000612  00000-0  27923-3 0  9994
2 30141  99.0253 342.5584 0022102 299.1853  91.2820 14.25316841597462
1 30142U 99025SX  18212.51377588  .00000173  00000-0  14369-3 0  9990
2 30142  99.2756 227.0259 0114569 159.7488 200.8273 13.98689829587224
1 30143U 99025SY  18212.21247618  .00000270  00000-0  22092-3 0  9998
2 30143  98.9279 105.8371 0106731 175.3632 338.3446 13.95177535586429
1 30144U 99025SZ  18212.03818350  .00000036  00000-0  61204-4 0  9995
2 30144  99.1365 247.5217 0131260  35.9213 344.6437 13.88717900584687
1 30145U 99025TA  18212.51949353  .00000403  00000-0  31632-3 0  9996
2 30145  99.3243 241.6512 0109312 320.8994 211.0294 13.95316625585353
1 30146U 99025TB  18211.41235013  .00000046  00000-0  64745-4 0  9991
2 30146  98.0353 359.1882 0184311  12.0651   2.8037 13.82996110581883
1 30147U 99025TC  18211.58908689  .00001397  00000-0  76339-3 0  9997
2 30147  98.8991  67.0412 0144817 114.3677 267.0102 14.08385727587020
1 30148U 99025TD  18211.73414594  .00000125  00000-0  14045-3 0  9996
2 30148  99.3823 306.0618 0141531 159.3389 357.2752 13.84376978582517
1 30149U 99025TE  18211.96577760 +.00001671 +00000-0 +24841-3 0  9999
2 30149 099.0588 218.3058 0062062 286.6139 105.6175 14.75380672611226
1 30150U 99025TF  18211.50640131  .00000055  00000-0  80014-4 0  9994
2 30150  98.9798  85.9754 0153909  42.2468  74.5748 13.83207076582267
1 30151U 99025TG  18212.29548545  .00000271  00000-0  27289-3 0  9992
2 30151  99.2998 258.2321 0167581 256.7040 165.3551 13.80299343580903
1 30152U 99025TH  18211.94883369  .00000747  00000-0  62782-3 0  9995
2 30152  99.1243  99.2703 0184508 147.1874 214.0898 13.83498208580628
1 30153U 99025TJ  18212.15732525  .00000136  00000-0  17231-3 0  9998
2 30153 100.4363 272.4595 0210843 327.0603  50.7389 13.73820965577896
1 30154U 99025TK  18212.30983793  .00000219  00000-0  22560-3 0  9994
2 30154  98.4835 138.2177 0196175 309.1796 209.0974 13.77250425578765
1 30155U 99025TL  18211.75454795  .00000429  00000-0  48786-3 0  9999
2 30155  99.8478 219.8612 0265551 356.1807   3.7305 13.62019517571347
1 30156U 99025TM  18212.20969690  .00000656  00000-0  64585-3 0  9993
2 30156  98.9704 314.9855 0209042 219.0632 148.3754 13.73000203576985
1 30157U 99025TN  18212.08747419  .00000362  00000-0  17887-3 0  9990
2 30157  98.8783 254.8298 0051416 115.1277 275.3622 14.22867838596679
1 30160U 99025TR  18211.50519770  .00000149  00000-0  23541-3 0  9994
2 30160  98.8807  91.2042 0354972  52.0391  65.5483 13.39396800563568
1 30161U 99025TS  18212.02289992  .00000383  00000-0  54033-3 0  9993
2 30161 100.5364  46.9580 0345055 229.8872 287.9586 13.42264966564007
1 30162U 99025TT  18211.87658649 +.00000483 +00000-0 +64454-3 0  9994
2 30162 099.4909 357.3571 0339663 204.8275 311.7199 13.43732293564264
1 30163U 99025TU  18211.77936133 -.00000320 +00000-0 -38638-3 0  9998
2 30163 098.7047 328.4352 0392550 123.6354 038.2772 13.32403191560428
1 30164U 99025TV  18211.93028979 +.00001807 +00000-0 +12350-2 0  9998
2 30164 099.5335 020.2203 0409505 071.8507 292.6775 13.67034520565678
1 30167U 99025TY  18211.96604264 +.00000110 +00000-0 +44596-4 0  9996
2 30167 098.9717 107.0805 0159570 215.7423 211.3032 14.40819841605421
1 30168U 99025TZ  18212.54228754  .00000357  00000-0  14523-3 0  9997
2 30168  97.3971 284.8126 0147980  73.3599 288.3773 14.26151756597975
1 30169U 99025UA  18211.78562899 +.00000912 +00000-0 +26167-3 0  9998
2 30169 098.4506 328.4628 0335923 250.5101 274.5788 14.19289850592885
1 30170U 99025UB  18211.62980307 +.00000014 +00000-0 +39278-4 0  9992
2 30170 098.9720 253.9948 0073284 164.7462 348.1107 13.97425016587936
1 30171U 99025UC  18211.57276977  .00000183  00000-0  14264-3 0  9992
2 30171  98.4201 259.3122 0188269 220.0496 138.6659 13.95005734587329
1 30172U 99025UD  18212.29310161  .00000170  00000-0  14112-3 0  9995
2 30172  99.0551 141.9499 0085674  78.8779  71.9415 13.99770608587824
1 30173U 99025UE  18212.56455160  .00001000  00000-0  67410-3 0  9997
2 30173  99.1661 251.2354 0096974 197.0667 319.5761 14.00654849588049
1 30174U 99025UF  18211.66200712  .00000378  00000-0  17356-3 0  9990
2 30174  98.8425 268.8501 0054851  86.6775  64.3344 14.26242136597191
1 30175U 99025UG  18212.45490063  .00000096  00000-0  12128-3 0  9998
2 30175  99.5707 201.9483 0149939 115.8816  35.1174 13.81743164581673
1 30177U 99025UJ  18211.87897257  .00000161  00000-0  13815-3 0  9998
2 30177  98.6099  82.7683 0476390 332.6481  83.5819 13.55496648569523
1 30178U 99025UK  18211.62797634 +.00000620 +00000-0 +78479-3 0  9997
2 30178 102.2653 128.8950 0306309 083.3665 035.4448 13.51095054567521
1 30180U 99025UM  18212.51924840  .00001771  00000-0  24123-3 0  9995
2 30180  99.0430 228.4185 0068086 223.3398 136.2443 14.78733197612504
1 30181U 99025UN  18211.53831307 +.00000494 +00000-0 +27732-3 0  9992
2 30181 099.0188 241.5445 0051768 128.2318 037.4670 14.14587266593432
1 30182U 99025UP  18211.97040160 +.00000016 +00000-0 +44499-4 0  9990
2 30182 099.3616 218.1211 0076050 151.2023 239.2461 13.95425227587588
1 30183U 99025UQ  18212.52161461  .00000249  00000-0  17183-3 0  9998
2 30183  99.0796 237.4012 0026626 262.5030 262.3707 14.08271500592322
1 30190U 99025UX  18211.95108129 +.00000530 +00000-0 +95718-4 0  9998
2 30190 099.0032 212.9739 0130479 160.9364 199.6787 14.66082081612949
1 30191U 99025UY  18211.87747286 +.00000262 +00000-0 +65787-4 0  9998
2 30191 098.8034 082.2755 0140089 246.9224 242.8966 14.54929045609890
1 30193U 99025VA  18211.86622948 +.00000248 +00000-0 +91050-4 0  9992
2 30193 098.8302 350.4260 0125458 196.2665 316.6988 14.37484305604187
1 30194U 99025VB  18212.13382208  .00000726  00000-0  28791-3 0  9998
2 30194 101.2573 326.3082 0057909  84.0690  39.5226 14.32457271598756
1 30196U 99025VD  18211.73122017 -.00000010 +00000-0 +14053-4 0  9999
2 30196 098.6934 301.2610 0086490 337.5810 174.4420 14.25033516600184
1 30197U 99025VE  18211.92309596 +.00000117 +00000-0 +64515-4 0  9995
2 30197 099.0344 004.0431 0067236 110.2461 041.1016 14.27955512600068
1 30198U 99025VF  18211.77297748 +.00000396 +00000-0 +15691-3 0  9993
2 30198 098.2338 046.9966 0145230 300.8275 117.9717 14.28467601599359
1 30199U 99025VG  18211.85016737 +.00000291 +00000-0 +13174-3 0  9998
2 30199 098.6497 256.0077 0091578 320.6134 093.5435 14.27132933599336
1 30200U 99025VH  18211.75283302 +.00000058 +00000-0 +43719-4 0  9994
2 30200 098.8751 317.7893 0150241 237.3206 121.3404 14.20069437597595
1 30201U 99025VJ  18210.75014332 +.00000097 +00000-0 +70794-4 0  9995
2 30201 099.3679 140.4371 0031295 342.1270 017.8801 14.18409179596177
1 30202U 99025VK  18212.11936108  .00000441  00000-0  19934-3 0  9993
2 30202  98.8008 261.3645 0061399  50.7840 309.8768 14.26058237597708
1 30205U 99025VN  18212.53196878  .00000024  00000-0  54038-4 0  9996
2 30205  98.8240  67.1240 0121483 284.6942 103.5839 13.86200516583431
1 30206U 99025VP  18211.94070880  .00000113  00000-0  43351-4 0  9990
2 30206  98.3974 246.6570 0159898 278.7402  79.5707 14.41740183606205
1 30207U 99025VQ  18211.93552289 +.00000003 +00000-0 +32256-4 0  9998
2 30207 098.4959 193.1697 0262326 226.3516 162.2225 13.77688872579873
1 30208U 99025VR  18211.09740292 +.00000112 +00000-0 +74599-4 0  9996
2 30208 098.7374 244.5764 0036607 126.7768 247.5165 14.18653402596233
1 30209U 99025VS  18212.04267392  .00000218  00000-0  15060-3 0  9992
2 30209  98.8580 245.1920 0039803 301.1007  88.3877 14.08874910592821
1 30210U 99025VT  18212.16613003  .00000051  00000-0  60941-4 0  9995
2 30210  99.1731 174.1567 0060950  18.0195 102.7795 14.03208535589827
1 30212U 99025VV  18211.80172008 +.00000001 +00000-0 +34394-4 0  9990
2 30212 099.3422 328.8239 0097883 312.5293 046.7632 13.94710015586822
1 30213U 99025VW  18211.82326712 +.00000800 +00000-0 +55326-3 0  9990
2 30213 099.2750 216.4043 0076325 123.1362 000.9303 14.00727738587446
1 30214U 99025VX  18212.35370578  .00000326  00000-0  18873-3 0  9998
2 30214  98.9218 258.0770 0027239 204.7415 289.0035 14.15666640593906
1 30216U 99025VZ  18212.47103572  .00000975  00000-0  18280-3 0  9993
2 30216  99.0870 213.1124 0083662 344.0428 169.4052 14.65328411610145
1 30217U 99025WA  18211.59097120 +.00000023 +00000-0 +26992-4 0  9991
2 30217 098.5962 266.5304 0146421 027.1829 333.6918 14.21480371598025
1 30218U 99025WB  18209.50811666 +.00000629 +00000-0 +37560-3 0  9993
2 30218 099.1383 224.4243 0088023 305.5651 209.8973 14.09103448590259
1 30221U 99025WE  18211.93936452 +.00000063 +00000-0 +31309-4 0  9996
2 30221 098.9537 113.5769 0156105 097.6808 264.2138 14.41165869605966
1 30222U 99025WF  18212.04520365 -.00000004  00000-0  26507-4 0  9992
2 30222  99.1683 232.0275 0036918 314.7262  70.2820 14.03314655590869
1 30224U 99025WH  18211.37423003  .00000023  00000-0  55624-4 0  9992
2 30224  99.3732 164.6928 0114082 327.6640 184.2676 13.87756056583936
1 30225U 99025WJ  18212.56083671  .00000020  00000-0  32724-4 0  9991
2 30225  98.9735 237.2467 0101788 178.9514 334.9234 14.13565333595210
1 30227U 99025WL  18212.27531216  .00001280  00000-0  47938-3 0  9995
2 30227  99.0901  17.4782 0002963 149.3555 286.9190 14.33639587598326
1 30228U 99025WM  18212.49686819  .00002728  00000-0  31307-3 0  9991
2 30228  98.9782 200.2647 0042885 236.9059 122.8033 14.86257025611841
1 30229U 99025WN  18212.10625514  .00000454  00000-0  17253-3 0  9993
2 30229  99.0965  70.9499 0060831  63.2577  92.3779 14.35069378601585
1 30230U 99025WP  18211.95829288 +.00001452 +00000-0 +39080-3 0  9992
2 30230 099.0115 027.0774 0116062 125.0198 027.3901 14.45747579600588
1 30231U 99025WQ  18211.87510769  .00000218  00000-0  14661-3 0  9992
2 30231  99.1184 236.6896 0135779  17.7300 105.5013 14.06566977591420
1 30232U 99025WR  18212.24721434  .00000295  00000-0  80559-4 0  9993
2 30232  98.5042 312.9416 0174454 251.3037 136.4159 14.46590770607377
1 30233U 99025WS  18211.61503392 +.00001027 +00000-0 +28628-3 0  9997
2 30233 099.0373 094.4698 0055353 311.0719 048.5697 14.47820293603599
1 30234U 99025WT  18211.90230705 +.00000106 +00000-0 +77942-4 0  9996
2 30234 098.8763 242.1024 0068756 195.2700 288.3101 14.13761986593978
1 30235U 99025WU  18211.56133958  .00000134  00000-0  98352-4 0  9990
2 30235  99.0304 240.9632 0158914 227.4653 287.7370 14.05533478590607
1 30237U 99025WW  18212.04338802  .00000532  00000-0  27897-3 0  9998
2 30237  98.9683 249.4437 0021377 156.9436 233.2242 14.18460780594024
1 30238U 99025WX  11082.90817173 +.00000303 +00000-0 +13939-3 0  9993
2 30238 098.9310 129.1198 0083886 257.6413 099.7479 14.26790092217117
1 30239U 99025WY  18206.37494406 -.00002485 +00000-0 -88507-2 0  9997
2 30239 099.7399 184.9632 1461002 251.1396 092.5988 11.09699131243616
1 30241U 99025XA  18212.19533792  .00000193  00000-0  12937-3 0  9996
2 30241  99.0079 305.2625 0151358  41.0586 339.0334 14.06486968590647
1 30242U 99025XB  18211.91068497  .00000160  00000-0  11109-3 0  9995
2 30242  98.9734 241.7971 0012913 136.2536 346.1254 14.12473064593965
1 30243U 99025XC  18211.92624023 -.00000018 +00000-0 +14859-4 0  9999
2 30243 098.9372 241.5797 0013851 173.7015 307.7943 14.09863094593249
1 30244U 99025XD  18211.84363499 +.00000111 +00000-0 +86729-4 0  9996
2 30244 099.1653 343.1561 0008959 290.4889 222.0395 14.11709304593383
1 30245U 99025XE  18212.30915345  .00000287  00000-0  30270-3 0  9995
2 30245  98.9805 329.8096 0205433 200.3337 158.9545 13.73573836577133
1 30246U 99025XF  18211.87607367 -.00000045 +00000-0 -12798-4 0  9999
2 30246 098.6795 353.4877 0373350 011.5572 141.0846 13.35647234561936
1 30247U 99025XG  18211.77364306  .00000314  00000-0  11274-3 0  9996
2 30247  98.2209 238.4288 0337296 349.7057  68.5348 14.13051789589890
1 30248U 99025XH  18211.63269028 +.00000930 +00000-0 +50847-3 0  9990
2 30248 099.1066 267.5273 0058178 289.7562 224.6969 14.13721175591230
1 30249U 99025XJ  18211.00141295  .00000806  00000-0  41625-3 0  9993
2 30249  98.9722 279.7064 0050745 262.3791 221.8812 14.17299294593361
1 30250U 99025XK  18212.00672722 -.00000221  00000-0 -12088-3 0  9994
2 30250  98.9589 265.5648 0066611 135.9114 342.9048 13.98917770588496
1 30251U 99025XL  18211.80491177  .00000138  00000-0  79769-4 0  9990
2 30251  98.8477 316.9372 0056676 166.8585 345.8330 14.23182366598088
1 30252U 99025XM  18212.07687133  .00000270  00000-0  18806-3 0  9991
2 30252  98.9993 242.7461 0068784 239.3778 139.4214 14.06087160591089
1 30253U 99025XN  18211.38403957  .00000477  00000-0  53254-3 0  9990
2 30253  98.7220 164.3129 0240693 300.7821 214.8701 13.64176222572443
1 30256U 99025XR  18212.17143090  .00008005  00000-0  45697-3 0  9997
2 30256  98.9993 284.1110 0042233 116.0397 275.4944 15.12328271614315
1 30257U 99025XS  18212.54567216  .00000134  00000-0  10166-3 0  9997
2 30257  98.8943 240.7481 0060527 132.7690  22.9602 14.08451606593355
1 30259U 99025XU  18211.99691032  .00000031  00000-0  17169-4 0  9998
2 30259  98.5749 318.7733 0273824  74.0226 338.9576 14.42203934606221
1 30261U 99025XW  18212.05388668  .00000531  00000-0  51074-4 0  9995
2 30261  98.7932 242.2906 0194526  73.0638 289.1797 14.85144373620620
1 30262U 99025XX  18212.49461118  .00001714  00000-0  25756-3 0  9997
2 30262  99.0568 217.6751 0063459 285.4881  73.9323 14.74812727611530
1 30263U 99025XY  18212.20217503  .00000502  00000-0  38038-3 0  9995
2 30263  98.7511  47.2217 0162786 216.3805 207.5515 13.92236012585131
1 30264U 99025XZ  18212.07168755  .00000405  00000-0  28903-3 0  9997
2 30264  99.1647 242.8355 0116528 180.5460 208.2960 13.99921240588456
1 30265U 99025YA  18211.62312237  .00000471  00000-0  20742-3 0  9990
2 30265  98.8019 260.7489 0051174  36.9879 114.1924 14.27431881598170
1 30266U 99025YB  18212.46257388  .00000532  00000-0  35130-3 0  9994
2 30266  99.1906 211.3433 0096429   1.1288 152.7876 14.03952797589476
1 30267U 99025YC  18212.02345841  .00000404  00000-0  24432-3 0  9990
2 30267  99.0454 241.8951 0068387 317.8329  41.7593 14.11104536592489
1 30272U 99025YH  18211.94309962 -.00000069 +00000-0 -14792-4 0  9998
2 30272 099.0867 254.8053 0058786 075.5336 285.2344 14.04674520589895
1 30273U 99025YJ  18212.03794233  .00000194  00000-0  16218-3 0  9990
2 30273  99.1041 243.5932 0070555 138.8517 251.7555 13.98718467588807
1 30274U 99025YK  18212.52468841  .00000705  00000-0  32224-3 0  9991
2 30274  99.3051 109.9019 0006577  23.4782 100.9247 14.25005278597249
1 30275U 99025YL  18212.12216062  .00000454  00000-0  21945-3 0  9993
2 30275  98.8255 263.2208 0056697 122.3844 264.9886 14.22529624596792
1 30276U 99025YM  18211.23200851  .00000431  00000-0  24623-3 0  9995
2 30276  99.0473 220.7282 0028587 200.2654 159.7386 14.14816774593799
1 30277U 99025YN  18211.69934633  .00000323  00000-0  21356-3 0  9998
2 30277  99.2112 231.5243 0139611 119.3335 309.7950 14.03903773589597
1 30279U 99025YQ  18211.90705733 +.00000094 +00000-0 +56016-4 0  9998
2 30279 099.2536 011.5402 0240442 122.7280 035.7736 14.15007576594856
1 30280U 99025YR  18211.61962760  .00000402  00000-0  31342-3 0  9990
2 30280  98.9864 269.2758 0080061 206.6665 308.4590 13.96497057588296
1 30282U 99025YT  18210.12394604 +.00000102 +00000-0 +65359-4 0  9996
2 30282 098.8007 278.9360 0217554 113.2216 278.6844 14.10377684593753
1 30283U 99025YU  18212.54811429  .00000161  00000-0  11816-3 0  9997
2 30283  98.9398 245.6555 0190312 326.9470 199.3525 14.00543206590196
1 30284U 99025YV  18212.37386209  .00000564  00000-0  31527-3 0  9990
2 30284  98.9115 261.5652 0044597 251.8899 241.2986 14.14383991593800
1 30286U 99025YX  18212.53737185  .00000028  00000-0  38702-4 0  9991
2 30286  98.8856 239.8232 0064127 213.7122 301.8865 14.11849980594882
1 30287U 99025YY  18212.29711265  .00000075  00000-0  81199-4 0  9996
2 30287  98.6962 136.0830 0438520 252.4225 265.1686 13.60579679572075
1 30288U 99025YZ  18212.46901937  .00000381  00000-0  22002-3 0  9990
2 30288  99.4039  88.8073 0029758 358.1824  78.5210 14.15251442593844
1 30289U 99025ZA  18211.90177711 +.00000500 +00000-0 +31601-3 0  9992
2 30289 099.0359 266.1167 0049226 021.7967 032.8134 14.08188741590707
1 30290U 99025ZB  18212.30273042  .00000802  00000-0  40525-3 0  9993
2 30290 102.6435 147.2969 0059168   4.2688 154.7205 14.20200449593874
1 30291U 99025ZC  18211.35184303  .00000576  00000-0  25178-3 0  9994
2 30291  97.2496 165.2608 0183365 250.2153 264.1210 14.18072406593383
