1 37013U 99025ECV 18208.73171508 +.00001919 +00000-0 +24071-3 0  9997
2 37013 098.4132 189.2064 0107775 283.8185 075.1051 14.79518193152718
1 37014U 99025ECW 18212.27678712  .00000740  00000-0  37318-3 0  9990
2 37014  99.0054 238.4305 0034765 193.3456 166.6802 14.19140754446240
1 37017U 99025ECZ 18210.99734500  .00000185  00000-0  62968-4 0  9991
2 37017  98.7225 127.9707 0354833 265.3578  90.6997 14.18781509531359
1 37018U 99025EDA 18211.18333536  .00000950  00000-0  47631-3 0  9997
2 37018  98.5147 198.6358 0352681 315.0316  42.2773 13.91195177518888
1 37019U 99025EDB 18205.99011251 +.00000478 +00000-0 +19392-3 0  9995
2 37019 098.7460 284.4950 0200553 265.3897 092.4350 14.22177692263266
1 37020U 99025EDC 12092.76468176 +.00008233 +00000-0 +14885-2 0  9990
2 37020 097.7966 278.2827 0317096 292.7923 063.1028 14.38871371154388
1 37021U 99025EDD 18211.95966729 +.00000322 +00000-0 +13470-3 0  9999
2 37021 098.6671 268.4334 0198409 201.3227 285.5727 14.22671033317141
1 37022U 99025EDE 18177.95921503 +.00000947 +00000-0 +57717-3 0  9997
2 37022 098.4717 232.1774 0151492 014.0481 108.0789 14.02732317521874
1 37024U 99025EDG 18211.92956360 +.00001914 +00000-0 +39883-3 0  9993
2 37024 099.3302 266.6870 0030515 312.6397 047.2228 14.61126194235846
1 37025U 99025EDH 14225.62686498 +.00001691 +00000-0 +92453-3 0  9998
2 37025 098.2409 010.1982 0058630 211.6795 148.1333 14.12310199364945
1 37026U 99025EDJ 18208.90502163 +.00000452 +00000-0 +20020-3 0  9996
2 37026 098.7982 258.1053 0055816 041.1666 319.3704 14.27207022265205
1 37027U 99025EDK 12269.99706184 -.00225168 +00000-0 -95582-1 0  9994
2 37027 098.8325 286.9156 0124832 037.2816 323.8819 14.22836690193952
1 37028U 99025EDL 18211.61087740  .00000348  00000-0  22841-3 0  9996
2 37028  99.2614 343.6175 0041536  68.9347 291.6256 14.08514700564262
1 37029U 99025EDM 11154.27664917 +.00003802 +00000-0 +16653-2 0  9996
2 37029 099.7201 322.6126 0040909 144.7798 214.5503 14.23942953177686
1 37030U 99025EDN 18151.28840042  .00001761  00000-0  75430-3 0  9999
2 37030  99.7059 183.5702 0032686 231.5855 128.2385 14.26105178497794
1 37031U 99025EDP 13276.59222959 +.00003598 +00000-0 +12519-2 0  9996
2 37031 099.6938 202.3361 0054442 202.5395 157.4716 14.35336407267127
1 37032U 99025EDQ 18211.25187876  .00001986  00000-0  19181-3 0  9994
2 37032  99.3745  17.5456 0089451 141.1274 219.6418 14.91457636566328
1 37033U 99025EDR 14010.74901544 +.00001926 +00000-0 +56596-3 0  9993
2 37033 099.6810 354.2668 0119936 182.1140 177.9553 14.41089992322574
1 37034U 99025EDS 10029.37010495 +.00001032 +00000-0 +36414-3 0  9990
2 37034 098.9503 074.3057 0108017 334.4475 031.7245 14.33842578122895
1 37035U 99025EDT 18210.87895774 +.00000807 +00000-0 +47232-3 0  9996
2 37035 100.6371 233.9378 0066060 203.7717 156.0392 14.10990417556994
1 37036U 99025EDU 18211.37169383 +.00000278 +00000-0 +19942-3 0  9992
2 37036 098.9315 266.0518 0129413 005.8114 354.4517 14.00999081260281
1 37038U 99025EDW 18171.04328661  .00001486  00000-0  65297-3 0  9995
2 37038  99.0355 266.5387 0061562 190.7915 169.1946 14.24144179526504
1 37039U 99025EDX 12238.29438248 +.00007539 +00000-0 +11388-2 0  9990
2 37039 098.9700 034.6354 0121923 268.8898 087.6090 14.69676837225162
1 37040U 99025EDY 18201.71835855  .00000683  00000-0  33554-3 0  9993
2 37040  99.5643 164.3626 0083995 314.6030 167.3650 14.19635218492217
1 37041U 99025EDZ 18195.95074527  .00000433  00000-0  32047-3 0  9992
2 37041  98.9794  91.4121 0163467 240.1763 118.3062 13.94410498548068
1 37042U 99025EEA 18211.35351524  .00000684  00000-0  23624-3 0  9990
2 37042  98.7398 251.9656 0105164 195.8252 163.9639 14.36051731562095
1 37043U 99025EEB 18211.59298873 +.00002514 +00000-0 +62005-3 0  9994
2 37043 099.3273 138.6026 0090438 344.7055 015.1406 14.50766327249733
1 37044U 99025EEC 18207.11220452 -.00000003 +00000-0 +23932-4 0  9995
2 37044 098.9412 161.1645 0594723 266.7738 086.5232 13.48053358473792
1 37045U 99025EED 18204.26640283 +.00000957 +00000-0 +59633-3 0  9990
2 37045 098.3215 210.0786 0130282 254.2087 104.4683 14.02942052538457
1 37046U 99025EEE 18209.32897016 +.00000248 +00000-0 +14114-3 0  9999
2 37046 098.7992 245.2732 0057302 154.2587 206.1460 14.17582845259527
1 37047U 99025EEF 18211.14525626 -.00000658  00000-0 -54334-3 0  9993
2 37047  99.1535 342.7285 0279833  88.5589 274.7592 13.69100008553806
1 37048U 99025EEG 18212.36127377  .00000117  00000-0  16259-3 0  9992
2 37048  98.9037 260.9589 0257022 327.5330  87.7460 13.62435244496106
1 37049U 99025EEH 18210.29519313 +.00000483 +00000-0 +25612-3 0  9997
2 37049 099.2836 029.2910 0048974 312.0837 047.6176 14.18129797541742
1 37051U 99025EEK 18212.18381179  .00079907  00000-0  17277-2 0  9991
2 37051  98.9112 191.7579 0008381 153.9812 206.1854 15.44165615477288
1 37052U 99025EEL 18198.42133264  .00000113  00000-0  16498-3 0  9990
2 37052  98.7440 266.5597 0549043 334.0644  23.3876 13.21111334476253
1 37053U 99025EEM 18208.48738719 +.00000459 +00000-0 +18128-3 0  9990
2 37053 099.1470 098.2990 0058872 139.3823 345.1564 14.33138176494682
1 37054U 99025EEN 18210.97518253  .00000070  00000-0  54569-4 0  9996
2 37054  98.6689 258.7234 0103639 305.4156  53.7374 14.16358584502599
1 37055U 99025EEP 18212.43731549  .00000579  00000-0  16869-3 0  9999
2 37055  98.6182 296.1032 0106151  88.0211 273.3132 14.44778342511690
1 37056U 99025EEQ 18211.41067893  .00000111  00000-0  33778-4 0  9992
2 37056  98.9799  66.5183 0302151 234.2338 123.0411 14.39812445486360
1 37057U 99025EER 18212.28781236  .00000082  00000-0  70013-4 0  9993
2 37057  99.1921 242.3515 0291601 303.2001  54.1507 13.93190395471237
1 37058U 99025EES 18169.99996813  .00006490  00000-0  17165-2 0  9998
2 37058  96.6782 240.0191 0094640 223.7254 135.6420 14.46402725454681
1 37059U 99025EET 15249.98317232  .00010772  00000-0  11636-2 0  9991
2 37059  98.6068 326.5617 0132532 303.7366  55.1677 14.82262040353312
1 37060U 99025EEU 18211.21795806  .00000408  00000-0  31255-3 0  9993
2 37060  99.3275 209.2566 0082382 156.7838 203.7079 13.97620956543967
1 37061U 99025EEV 18211.21259794  .00000434  00000-0  26760-3 0  9999
2 37061  98.0350 197.6178 0906016   7.1442 354.1624 12.89782540693091
1 37062U 99025EEW 13239.81117959 +.00000694 +00000-0 +18360-3 0  9992
2 37062 098.6149 244.9623 0218378 003.9261 002.7389 14.39013980259774
1 37064U 99025EEY 18212.37975235  .00000809  00000-0  64312-3 0  9996
2 37064  98.9019  48.7591 0141162 317.0437  41.9767 13.89553528454772
1 37065U 99025EEZ 18189.65573240 -.00000223  00000-0 -17493-3 0  9991
2 37065 103.3171 130.1805 0317102 288.4044  68.2844 13.49103414517084
1 37067U 99025EFB 18211.89573487 +.00000781 +00000-0 +72376-3 0  9996
2 37067 099.3815 093.8053 0216615 011.3926 349.2016 13.75404881202360
1 37068U 99025EFC 18212.25505043  .00006858  00000-0  48058-3 0  9992
2 37068  98.6332  16.2639 0099499 113.8741 247.2945 15.01613755511058
1 37069U 99025EFD 18204.26046956 +.00000631 +00000-0 +82820-3 0  9996
2 37069 095.8428 215.0282 0453935 235.4414 120.3092 13.27283117518124
1 37070U 99025EFE 14360.12828883 +.00008172 +00000-0 +16173-2 0  9994
2 37070 098.7814 123.3516 0150446 319.3414 029.8394 14.55620330274379
1 37074U 99025EFJ 10249.68255970 +.00008707 +00000-0 +80018-3 0  9996
2 37074 099.2133 071.4264 0218646 194.0568 165.4267 14.78642535095059
1 37076U 99025EFL 18174.83415751  .00000739  00000-0  45484-3 0  9990
2 37076  98.2978 198.3405 0161171 266.6509  91.6211 14.02127951495425
1 37077U 99025EFM 18210.15588021 +.00000087 +00000-0 +45099-4 0  9997
2 37077 099.0337 102.6678 0103054 307.4939 051.6909 14.35836523463299
1 37079U 99025EFP 18210.92634606  .00000611  00000-0  30155-3 0  9994
2 37079  98.9308 259.4334 0023861  56.4655 303.8796 14.21102734490886
1 37080U 99025EFQ 18168.95447963 +.00000763 +00000-0 +47321-3 0  9990
2 37080 098.1593 078.8174 0174829 331.8728 027.3078 14.00466673494464
1 37081U 99025EFR 18211.08474560 +.00000476 +00000-0 +36020-3 0  9992
2 37081 098.7411 172.4698 0380425 052.2823 311.2174 13.68594187214549
1 37084U 93036BFE 18184.57818344 +.00000125 +00000-0 +18991-4 0  9995
2 37084 074.0333 158.3349 0142157 233.1726 125.6343 14.79660053259181
1 37085U 93036BFF 18211.58486888  .00000400  00000-0  62921-4 0  9990
2 37085  73.9808 174.7572 0093536 302.3256  56.8883 14.73554825461711
1 37086U 93036BFG 18211.81282344  .00000656  00000-0  13848-3 0  9994
2 37086  74.0044 356.4578 0056111  70.0305 290.6892 14.60506389435697
1 37087U 93036BFH 18212.43807245  .00001522  00000-0  33894-3 0  9993
2 37087  74.0207 226.2489 0208718 270.2859  87.4385 14.45294417457832
1 37088U 93036BFJ 18211.35728843 +.00000686 +00000-0 +13766-3 0  9996
2 37088 074.0223 347.1886 0025505 073.0408 287.3551 14.63534769438321
1 37089U 93036BFK 18211.11635299  .00000208  00000-0  84263-4 0  9994
2 37089  74.0448   0.4922 0208189  36.3823 325.1267 14.22487014451241
1 37092U 93036BFN 18210.18680345 +.00001757 +00000-0 +29195-3 0  9998
2 37092 074.0214 022.6322 0015674 019.9312 340.2468 14.70863719468142
1 37093U 93036BFP 18206.73111500 +.00001912 +00000-0 +32167-3 0  9993
2 37093 074.0218 353.6949 0163290 199.6922 159.7896 14.61912703456772
1 37094U 93036BFQ 18208.95876580 +.00000279 +00000-0 +11935-3 0  9991
2 37094 074.1161 316.5192 0098903 269.0076 089.9739 14.26838145459916
1 37095U 93036BFR 18211.26658388  .00000329  00000-0  22309-3 0  9997
2 37095  73.8493 193.1198 0221067  20.4060 340.5729 13.92794316473955
1 37097U 93036BFT 14006.09072096 -.00161143 +00000-0 -34702-1 0  9996
2 37097 074.0192 278.5435 0113048 056.5630 304.6281 14.55483772199219
1 37101U 93036BFX 18212.38628880  .00000372  00000-0  11132-3 0  9993
2 37101  74.0411 106.1245 0064340 144.9291 215.6130 14.45159971438376
1 37103U 93036BFZ 18209.27201183  .00001731  00000-0  16696-3 0  9992
2 37103  73.7824  82.5895 0058739 103.7189 257.0541 14.92553302465277
1 37105U 93036BGB 18211.01570681  .00000032  00000-0  25866-4 0  9994
2 37105  73.8908 320.3151 0393355  63.3290 300.7548 13.86460210462784
1 37108U 93036BGE 18212.52912915  .00000385  00000-0  15864-3 0  9991
2 37108  74.0505 292.9999 0118295 307.8722  51.1770 14.26508968471794
1 37110U 93036BGG 18212.16962514  .00000934  00000-0  13958-3 0  9996
2 37110  73.7993 155.6589 0057145  76.0170 284.7347 14.75324402448197
1 37111U 93036BGH 18206.06032433 +.00006174 +00000-0 +37454-3 0  9996
2 37111 074.0102 099.5083 0048143 145.9316 214.4983 15.09765796452166
1 37114U 93036BGL 18211.90223623 +.00001072 +00000-0 +27865-3 0  9998
2 37114 073.8184 044.4975 0056632 128.5266 232.0990 14.50021151198209
1 37118U 93036BGQ 18209.43736938 +.00000489 +00000-0 +14773-3 0  9990
2 37118 074.0292 123.5632 0014025 146.3209 213.8843 14.45013820462778
1 37120U 93036BGS 18206.70843477 +.00001071 +00000-0 +34818-3 0  9997
2 37120 074.0184 218.2272 0055113 207.5878 152.2350 14.39154841446940
1 37123U 93036BGV 18212.12260681  .00001271  00000-0  24774-3 0  9995
2 37123  73.9943   0.3950 0011601  87.7345  34.7294 14.64093323445932
1 37124U 93036BGW 18212.27185973  .00001355  00000-0  37603-3 0  9990
2 37124  74.0127 192.4485 0089580 222.7477 136.6690 14.45206868460605
1 37125U 93036BGX 18210.58823511 +.00000976 +00000-0 +16519-3 0  9991
2 37125 074.0240 309.6042 0024014 065.2116 295.1549 14.70601290433255
1 37126U 93036BGY 18212.26312765  .00000096  00000-0  21486-4 0  9996
2 37126  73.9517 183.0934 0137008 328.9215  30.3898 14.66114181455075
1 37127U 93036BGZ 18211.51861761  .00001184  00000-0  34656-3 0  9990
2 37127  74.0104 168.0433 0040873 155.3282 204.9843 14.44597346460626
1 37131U 93036BHD 18211.29352340  .00001480  00000-0  33868-3 0  9991
2 37131  74.0197  71.0999 0020378  81.8537 278.4938 14.56458459467562
1 37132U 93036BHE 18211.04921254  .00000206  00000-0  52680-4 0  9990
2 37132  74.0122 347.9520 0058325  87.7635 273.0205 14.55797829439847
1 37133U 93036BHF 18210.13450497 -.00001012 +00000-0 -56547-3 0  9999
2 37133 074.0180 023.3172 0307011 071.2666 292.1512 13.88559830417607
1 37136U 97051XG  18196.93475189 +.00000235 +00000-0 +98039-4 0  9996
2 37136 086.1785 075.1284 0086261 345.7479 014.1275 14.20082545473438
1 37269U 93036BHH 18211.69816191 +.00000175 +00000-0 +97660-4 0  9997
2 37269 074.1712 107.1543 0126977 355.6395 004.3627 14.13558851275557
1 37270U 93036BHJ 18210.29973657 -.00000068 +00000-0 -46545-4 0  9994
2 37270 073.9401 330.0269 0449638 129.1736 235.0222 13.44589609407557
1 37271U 93036BHK 18211.52775612 +.00002079 +00000-0 +27877-3 0  9991
2 37271 074.0433 291.1629 0017325 002.1482 357.9765 14.79977783272520
1 37273U 93036BHM 18211.49562451 +.00001201 +00000-0 +33029-3 0  9996
2 37273 074.0064 138.8925 0033617 130.6771 229.7318 14.47728926268509
1 37275U 93036BHP 18210.30939876 +.00001571 +00000-0 +75376-3 0  9997
2 37275 073.9237 078.8810 0171155 174.9291 185.3636 14.12363914450164
1 37277U 93036BHR 18212.43883711  .00001047  00000-0  29216-3 0  9991
2 37277  74.0461 138.9932 0033923 130.6950 229.7165 14.47188928438312
1 37278U 93036BHS 18211.31615833 +.00000052 +00000-0 +32880-4 0  9993
2 37278 073.7902 084.4030 0341483 001.3173 113.6970 14.00887434260288
1 37280U 93036BHU 18211.09309303  .00000429  00000-0  24193-3 0  9998
2 37280  74.0187 121.4884 0161923 146.8770 214.2635 14.06766437436316
1 37281U 93036BHV 13164.87651259 +.00008779 +00000-0 +24822-2 0  9991
2 37281 074.0504 344.7141 0022935 356.1473 002.7630 14.45580940166592
1 37282U 93036BHW 18208.05913816 +.00000749 +00000-0 +16175-3 0  9998
2 37282 073.8936 345.8136 0078018 318.0688 041.4517 14.58477697479525
1 37284U 93036BHY 18197.36046476  .00000758  00000-0  44585-3 0  9996
2 37284  74.0187 199.6547 0192550 244.3580 180.4365 14.00956206426150
1 37285U 93036BHZ 12322.50414886  .00003793  00000-0  12804-2 0  9991
2 37285  74.0350  22.6674 0026584 177.5664 182.5622 14.37086204179327
1 37286U 93036BJA 13109.02300440 +.00008391 +00000-0 +12011-2 0  9992
2 37286 074.0179 328.3264 0115690 161.3137 200.9770 14.72183664151822
1 37287U 93036BJB 18211.60789531 +.00001903 +00000-0 +57176-4 0  9993
2 37287 074.0405 169.8391 0085611 201.6361 285.8328 15.31797857472930
1 37292U 93036BJG 18207.63960127 +.00000782 +00000-0 +51721-3 0  9992
2 37292 074.1360 322.3675 0241863 284.5556 072.8860 13.90009161471455
1 37293U 93036BJH 18211.28496190  .00000338  00000-0  13456-3 0  9993
2 37293  73.9225 205.1195 0084833 326.3564  33.2215 14.30648901429098
1 37294U 93036BJJ 18211.16748787 +.00000659 +00000-0 +14185-3 0  9999
2 37294 074.0690 040.4483 0041612 045.9328 314.5251 14.60023723453013
1 37295U 93036BJK 18211.76679794 +.00000187 +00000-0 +51180-4 0  9990
2 37295 074.0116 355.6810 0055033 112.6868 248.0125 14.53217834431203
1 37296U 93036BJL 18209.10331215 +.00001198 +00000-0 +35001-3 0  9995
2 37296 073.8371 117.8205 0073047 202.3220 157.4753 14.43690460425026
1 37297U 93036BJM 18179.35462940 +.00001483 +00000-0 +30165-3 0  9992
2 37297 074.0260 059.5816 0020353 175.4026 184.7332 14.61904472455214
1 37299U 93036BJP 18211.39096326  .00002384  00000-0  27732-3 0  9993
2 37299  73.8559 234.2536 0043936 233.8459 125.8651 14.85278588467813
1 37303U 93036BJT 18212.35824396  .00003207  00000-0  32642-3 0  9993
2 37303  74.0028 221.6792 0028497 290.9179  68.8953 14.90908310455250
1 37305U 93036BJV 18208.31709824 +.00000157 +00000-0 +72886-4 0  9990
2 37305 073.8700 202.7157 0054672 334.4911 025.3540 14.28121070283297
1 37306U 93036BJW 18210.94000209 +.00001155 +00000-0 +23584-3 0  9993
2 37306 074.0717 049.5256 0089194 049.7674 019.2422 14.59594719343279
1 37307U 93036BJX 18185.49706611  .00001847  00000-0  17750-3 0  9991
2 37307  74.0224 243.9672 0026317 334.9838  25.0068 14.93621824483670
1 37309U 93036BJZ 18212.51501943  .00012958  00000-0  45476-3 0  9999
2 37309  74.0132  34.8061 0029704  46.6039 313.7628 15.29018173483803
1 37312U 93036BKC 18212.49941862  .00000122  00000-0  48269-4 0  9992
2 37312  74.0341 143.4562 0020538 187.8571 172.2265 14.38798542474301
1 37314U 93036BKE 18209.15535935 +.00001187 +00000-0 +12411-3 0  9994
2 37314 073.9330 118.1343 0075369 345.0903 014.8053 14.88974789460219
1 37315U 93036BKF 16249.93329128  .00000583  00000-0  18053-3 0  9995
2 37315  74.0251 335.6020 0016247 180.7077 179.4590 14.41113040445668
1 37316U 93036BKG 18211.10119066 +.00000532 +00000-0 +14465-3 0  9991
2 37316 074.0369 099.3341 0075238 134.4857 226.2487 14.48292113469170
1 37320U 93036BKL 18211.00374070  .00000194  00000-0  47090-4 0  9998
2 37320  74.0559 336.3177 0066472  40.1028 320.5015 14.58311024470878
1 37322U 93036BKN 18210.35927358 +.00001423 +00000-0 +14708-3 0  9995
2 37322 074.0502 183.9132 0049171 214.6733 296.2486 14.90338140278021
1 37323U 93036BKP 18212.37220795  .00010920  00000-0  32506-3 0  9999
2 37323  73.9069 219.5504 0042652  22.2847 338.0197 15.33855032482790
1 37325U 93036BKR 18212.19791465  .00000969  00000-0  18327-3 0  9995
2 37325  74.1209  26.9386 0041446 349.4217  10.6075 14.65280251474714
1 37326U 93036BKS 18211.82253773 +.00000132 +00000-0 +39457-4 0  9990
2 37326 074.0282 022.4154 0067448 100.1370 260.7408 14.51012242463681
1 37327U 93036BKT 18210.30846647 +.00000760 +00000-0 +19900-3 0  9998
2 37327 074.0243 083.3314 0025718 124.4070 235.9527 14.50868172467841
1 37329U 93036BKV 18211.37979125  .00003213  00000-0  30233-3 0  9994
2 37329  74.0121 198.5938 0028520 265.4235  94.3691 14.94046024478081
1 37330U 93036BKW 18211.04506474 +.00000073 +00000-0 +24329-4 0  9994
2 37330 074.0208 353.4316 0064045 145.3367 215.1995 14.52725081472204
1 37331U 93036BKX 18211.84953083 +.00000206 +00000-0 +91299-4 0  9993
2 37331 074.0759 269.7285 0063545 243.9714 115.4883 14.28086231462820
1 37334U 93036BLA 18211.86290252  .00007786  00000-0  31052-3 0  9990
2 37334  74.0132   7.6809 0028311  62.9133 297.4950 15.24961289480700
1 37335U 93036BLB 18212.19787961  .00001262  00000-0  35972-3 0  9994
2 37335  74.0080 165.6064 0045365 167.0172 193.2166 14.45686974418507
1 37336U 93036BLC 18211.38110521 -.00000022 +00000-0 +15237-5 0  9995
2 37336 074.0395 200.6291 0031107 217.6745 142.2227 14.31776119265795
1 37337U 93036BLD 18211.09174859 +.00000569 +00000-0 +12030-3 0  9999
2 37337 074.0220 351.9530 0037064 069.5577 051.9826 14.61311028356669
1 37340U 93036BLG 18212.22600451  .00000044  00000-0  25034-4 0  9998
2 37340  74.0255 173.3273 0019595 203.1701 156.8569 14.34295974455531
1 37341U 93036BLH 18212.07362212  .00008250  00000-0  39282-3 0  9998
2 37341  73.9942  77.6895 0016893 188.0919 330.0084 15.19152592474349
1 37342U 93036BLJ 18210.71046912 +.00000920 +00000-0 +17229-3 0  9997
2 37342 073.7392 222.6133 0039994 195.1036 164.8940 14.65979550466740
1 37343U 93036BLK 18208.39942082 +.00000527 +00000-0 +18480-3 0  9995
2 37343 074.0205 234.2955 0120869 148.7499 212.0913 14.33441320264867
1 37379U 01055G   18211.74671740 -.00002264 +00000-0 -45453-2 0  9998
2 37379 066.1046 310.8019 0121312 150.3794 008.5328 13.29484093785981
1 37400U 99025EFS 18211.32282052  .00000075  00000-0  88977-4 0  9991
2 37400  98.8624 243.5309 0410362 311.5729  45.0903 13.60449750436107
1 37401U 99025EFT 18212.33704602  .00000184  00000-0  78214-4 0  9998
2 37401  98.7128 245.2703 0179152 221.6377 137.1049 14.28771851469859
1 37402U 99025EFU 18212.26925914  .00001551  00000-0  38892-3 0  9998
2 37402  99.3636 243.7777 0028615  48.8492 311.5163 14.52816339475073
1 37403U 99025EFV 18212.02068534  .00004202  00000-0  47671-3 0  9990
2 37403  98.9221 129.0768 0036349  23.3290 336.9562 14.86521429503258
1 37404U 99025EFW 18211.59072479  .00000336  00000-0  16364-3 0  9994
2 37404  98.6504 250.7780 0050193 117.5634  34.2834 14.23751898443739
1 37405U 99025EFX 18210.99573116 +.00000925 +00000-0 +21950-3 0  9993
2 37405 098.5974 280.7397 0086673 310.1311 049.2313 14.54316109303630
1 37406U 99025EFY 18199.96779116 +.00000115 +00000-0 +10108-3 0  9999
2 37406 098.4344 246.3657 0162696 288.4269 193.2307 13.96311528254371
1 37408U 99025EGA 18207.87236753 +.00002923 +00000-0 +74507-3 0  9998
2 37408 098.5535 174.3063 0067292 102.9406 287.1735 14.50014691430518
1 37409U 99025EGB 17316.22690948  .00001540  00000-0  87200-3 0  9996
2 37409  97.7846 118.7296 0124567  94.7494 266.7916 14.07372206513291
1 37410U 99025EGC 18201.34667402  .00000480  00000-0  39513-3 0  9990
2 37410  98.0989  39.8834 0139027  58.0685 303.3910 13.88676404535783
1 37411U 99025EGD 18176.05592118  .00000051  00000-0  48358-4 0  9993
2 37411  97.8048 252.2565 0278130  38.1988 323.8529 13.91545540487883
1 37412U 99025EGE 18211.07240385  .00001168  00000-0  47669-3 0  9995
2 37412  98.9529 313.9635 0018705 320.3442  39.6370 14.29292048462427
1 37413U 99025EGF 18211.60655336  .00001622  00000-0  55914-3 0  9998
2 37413  98.6497 137.7940 0078071 329.0690  30.5908 14.35586392485868
1 37414U 99025EGG 18156.83307988  .00001097  00000-0  63747-3 0  9998
2 37414  98.0414  10.4830 0207586 344.2275  15.2490 14.00208117525601
1 37415U 99025EGH 18206.38978606 -.00000044 +00000-0 -67636-5 0  9992
2 37415 098.9003 185.4902 0287925 221.5672 136.3252 13.50313718545174
1 37416U 99025EGJ 18201.41454170 +.00001324 +00000-0 +52467-3 0  9991
2 37416 099.2346 055.8221 0045968 233.6954 125.9977 14.30168062219691
1 37417U 99025EGK 18212.28200694 -.00000005  00000-0  23852-4 0  9992
2 37417  98.9009 243.7801 0080436 250.9130 108.3314 14.04810219493821
1 37418U 99025EGL 18204.94210850 +.00001132 +00000-0 +30112-2 0  9998
2 37418 098.6170 250.8822 1082044 221.4610 129.9268 11.90314009384547
1 37419U 99025EGM 18011.00269686  .00002345  00000-0  12278-2 0  9993
2 37419  98.6158 288.0225 0494469  43.3141 320.5789 13.66546418358062
1 37420U 99025EGN 18200.89248448 +.00000392 +00000-0 +30407-3 0  9990
2 37420 098.9941 241.3372 0074149 183.6796 176.3830 13.97143338220010
1 37421U 99025EGP 18210.47471267 +.00000054 +00000-0 +10418-3 0  9998
2 37421 098.8991 097.8450 0413547 002.5486 357.7625 13.38588471428710
1 37422U 99025EGQ 18185.97721334  .00000649  00000-0  34261-3 0  9990
2 37422  98.9422 239.0677 0039196 308.2553  51.5097 14.17038089488718
1 37423U 99025EGR 18209.96287687 +.00000245 +00000-0 +18695-3 0  9990
2 37423 099.0328 277.5272 0053313 107.8092 252.8900 14.01971563258228
1 37424U 99025EGS 18209.95373621 +.00000168 +00000-0 +90620-4 0  9997
2 37424 097.2115 113.6780 0238933 327.6998 030.9731 14.08348532471828
1 37425U 99025EGT 18175.10250382  .00000457  00000-0  41399-3 0  9994
2 37425  97.1739 281.8016 0169445 312.1556 170.6946 13.80877202473530
1 37426U 99025EGU 16061.14323924 +.00003714 +00000-0 +98617-3 0  9998
2 37426 096.6369 033.5424 0078370 167.6581 203.8538 14.47218032071888
1 37427U 99025EGV 18211.51200810 +.00000121 +00000-0 +18277-4 0  9991
2 37427 098.5883 117.3887 0263901 221.3631 136.7326 14.73404569205211
1 37428U 99025EGW 18211.24732647 +.00000644 +00000-0 +35109-3 0  9992
2 37428 097.7304 014.0441 0079347 131.6211 229.1797 14.13274520252516
1 37429U 99025EGX 18210.34701714 -.00000058 +00000-0 -90898-5 0  9993
2 37429 098.8457 266.5250 0107729 038.5192 322.3603 14.05906276252129
1 37430U 99025EGY 18211.89780997 +.00000465 +00000-0 +26554-3 0  9992
2 37430 098.9796 249.8294 0023127 202.1358 157.8818 14.14538320235404
1 37432U 99025EHA 18210.92425441  .00000254  00000-0  74159-4 0  9998
2 37432  98.4553 256.0208 0222726 157.6804 203.4264 14.39006163565224
1 37433U 99025EHB 18181.18139999 +.00001501 +00000-0 +10710-2 0  9991
2 37433 098.1228 330.9237 0271789 239.4181 117.9909 13.82461284567116
1 37434U 99025EHC 18211.08634437  .00000859  00000-0  22432-3 0  9992
2 37434  99.1360 155.6763 0061944 224.0808 135.5437 14.51293914555093
1 37435U 99025EHD 18205.35862498 +.00000383 +00000-0 +22727-3 0  9995
2 37435 098.8794 250.3226 0047269 158.3863 201.9318 14.12886988507631
1 37436U 99025EHE 18211.25530163 +.00000463 +00000-0 +32609-3 0  9992
2 37436 099.2446 225.4600 0062839 048.8645 311.7920 14.02329505262296
1 37437U 99025EHF 18212.38441296  .00000157  00000-0  98416-4 0  9995
2 37437  98.7401 256.4408 0119439 204.6189 212.2913 14.13995928501266
1 37438U 99025EHG 18208.89442895 +.00000145 +00000-0 +10754-3 0  9998
2 37438 099.0233 237.8901 0029429 280.7953 078.9904 14.09996744528446
1 37439U 99025EHH 18211.92109007 +.00000454 +00000-0 +30509-3 0  9995
2 37439 099.2091 231.4108 0069740 054.5859 062.5769 14.04709451233726
1 37440U 99025EHJ 18212.07275604  .00001237  00000-0  50454-3 0  9992
2 37440  98.9807 318.4685 0064004 339.1310  20.7260 14.28190193574685
1 37441U 99025EHK 18206.27734164 -.00000051 +00000-0 -18624-4 0  9998
2 37441 099.1514 021.3102 0522805 328.5937 028.4910 13.09444379468273
1 37442U 99025EHL 18211.05804978 +.00001385 +00000-0 +33640-3 0  9995
2 37442 099.1401 156.0907 0041883 303.1863 056.5318 14.54200262199847
1 37443U 99025EHM 18211.33419010  .00001022  00000-0  63923-3 0  9991
2 37443  98.4256 251.8019 0144211 261.6210  96.8587 14.01729530518351
1 37444U 99025EHN 18211.93164673 +.00000130 +00000-0 +44527-4 0  9999
2 37444 099.0981 095.0412 0293266 315.9436 041.8710 14.32935177264971
1 37445U 99025EHP 18211.50031745  .00000106  00000-0  60853-4 0  9999
2 37445  99.2674  99.2875 0184112  31.8547 329.3608 14.20994880462410
1 37447U 99025EHR 18212.27558049  .00000288  00000-0  18434-3 0  9995
2 37447  99.1036 234.0250 0041903 276.5798 141.9978 14.11010561476895
1 37448U 99025EHS 18211.32084652  .00000433  00000-0  32690-3 0  9997
2 37448  99.5611 244.4479 0337740 318.6870  38.9170 13.75862498557187
1 37449U 99025EHT 18211.27507655 +.00000677 +00000-0 +74968-4 0  9990
2 37449 098.8739 244.3455 0148640 240.2165 118.4194 14.83998315476560
1 37450U 99025EHU 18170.99537879 +.00000373 +00000-0 +29379-3 0  9994
2 37450 097.6946 089.2411 0331629 290.4064 066.1767 13.73624011485712
1 37452U 99025EHW 18211.87219175  .00001172  00000-0  31506-3 0  9998
2 37452  99.0200  79.6032 0047962 300.9484  58.6998 14.49516141519305
1 37453U 99025EHX 18189.62687820  .00001093  00000-0  10319-2 0  9992
2 37453  97.6567 331.0652 0412927 281.9036  73.6098 13.50493725528645
1 37454U 99025EHY 18211.76216131  .00002668  00000-0  29663-3 0  9999
2 37454  98.9742 201.4046 0042598 231.1872 128.5534 14.87583221439390
1 37455U 99025EHZ 18211.75337488 +.00000709 +00000-0 +10218-3 0  9998
2 37455 099.4423 039.5233 0209050 132.9832 228.9105 14.66658622229158
1 37456U 99025EJA 18211.14538871  .00000690  00000-0  12233-3 0  9999
2 37456  98.9358 179.1149 0114870 179.9437 180.1797 14.66931163481996
1 37457U 99025EJB 18211.13429511 +.00000403 +00000-0 +26751-3 0  9991
2 37457 099.1473 190.3270 0080258 045.9777 314.7966 14.05664356221163
1 37460U 99025EJE 18211.87777895  .00000432  00000-0  20290-3 0  9991
2 37460  98.4724  87.1867 0077377 320.3609  39.1929 14.23379080442142
1 37461U 99025EJF 18211.75324672  .00000240  00000-0  50755-3 0  9996
2 37461  99.8511  45.7149 0691352  64.0228 303.0408 12.71614473446439
1 37462U 99025EJG 18209.85353032 +.00001664 +00000-0 +12995-3 0  9992
2 37462 098.8875 224.4125 0165366 354.2625 005.6692 14.92792176521490
1 37463U 99025EJH 18212.26911106  .00000677  00000-0  16602-3 0  9996
2 37463  98.8267  22.5298 0118310 352.7076   7.2392 14.51951841517394
1 37464U 99025EJJ 18211.01454535 +.00001072 +00000-0 +11546-2 0  9998
2 37464 102.7079 144.9498 0494842 161.6345 200.3359 13.33364875249277
1 37465U 99025EJK 18211.25610810  .00000747  00000-0  22977-3 0  9994
2 37465  99.3663 227.5438 0049820  28.7566 331.6352 14.44212855504504
1 37466U 99025EJL 18211.52946919  .00001061  00000-0  27625-3 0  9992
2 37466  99.1096 113.5948 0126394  63.3439 298.0631 14.47281122503915
1 37467U 99025EJM 18198.61150600  .00013099  00000-0  12069-2 0  9990
2 37467  99.4152 338.5552 0017491 199.6534 160.4009 14.94764244465896
1 37468U 99025EJN 17115.07303952 +.00000849 +00000-0 +56877-3 0  9994
2 37468 098.1470 065.1017 0071628 054.5360 302.6292 14.01911759386757
1 37469U 99025EJP 18212.12664051  .00001644  00000-0  24318-3 0  9999
2 37469  98.9506 175.2092 0063794 236.8869 122.6204 14.75501124440190
1 37470U 99025EJQ 18212.38667140  .00000630  00000-0  26855-3 0  9993
2 37470  98.7960 270.3236 0026993 204.4671 155.5231 14.28488489429674
1 37471U 99025EJR 18176.46238312  .00000960  00000-0  12892-3 0  9999
2 37471  98.7150  53.2017 0192857 242.9620 115.1786 14.70176583504537
