1 42170U 81053SJ  17340.36769347 -.00000245  00000-0 -38531-3 0  9997
2 42170  82.7678   9.9606 0199841 293.9909  64.0422 13.45350691610379
1 42199U 81053TP  18212.36216463  .00000146  00000-0  10625-3 0  9995
2 42199  82.9497  83.7186 0040764 129.0485 231.4318 13.89261912813768
1 42234U 93016CN  18210.44242591 +.00001349 +00000-0 +60579-3 0  9994
2 42234 070.9857 249.6207 0125210 221.2938 137.8669 14.20107362199309
1 42306U 95015HY  18210.23193443 +.00001131 +00000-0 +50150-3 0  9996
2 42306 098.7585 222.1630 0034844 070.6840 289.8102 14.24741637151942
1 42241U 93016CV  17099.09223855  .00001724  00000-0  60744-3 0  9990
2 42241  98.9809 193.5088 0092623  87.4335 273.7981 14.32451612362955
1 42342U 00055QJ  17122.05226549  .00026146  00000-0  92584-2 0  9990
2 42342  99.0041 204.0625 0017336 106.0448 254.3218 14.34519994 53925
1 42283U 95015GZ  18212.32719055  .00001156  00000-0  37916-3 0  9997
2 42283  98.7235 252.2618 0082231 241.1665 118.1249 14.38456235170850
1 42186U 81053TA  18204.81760673 +.00000506 +00000-0 +35206-3 0  9991
2 42186 083.1218 030.1405 0059620 102.1998 258.5857 13.96012756238318
1 42286U 95015HC  18210.12454234 +.00000624 +00000-0 +41328-3 0  9992
2 42286 098.8107 184.0269 0065732 282.2086 077.1725 14.04085889164825
1 42218U 81053UJ  18211.83868285 -.00000170 +00000-0 -13050-3 0  9997
2 42218 082.8779 355.4328 0063109 152.6352 207.8164 13.97554331238858
1 42289U 95015HF  18210.37535543 +.00000844 +00000-0 +52171-3 0  9997
2 42289 098.8320 191.7364 0057854 292.4685 067.0364 14.07233464165207
1 42221U 81053UM  18211.41208600 +.00000120 +00000-0 +10643-3 0  9992
2 42221 082.8946 248.6129 0083677 003.6832 056.6101 13.75353296235064
1 42326U 95015JU  18210.48274982 +.00001303 +00000-0 +62713-3 0  9992
2 42326 098.8304 224.3718 0013928 308.2852 051.7071 14.20490343145257
1 42329U 95015JX  18210.85759857 +.00001088 +00000-0 +36582-3 0  9990
2 42329 098.6511 237.9829 0071980 274.5760 084.7207 14.37764693148414
1 42270U 95015GL  18212.41356137  .00001413  00000-0  74042-3 0  9998
2 42270  98.7664 202.4176 0037876 187.7115 172.3481 14.15495160161538
1 42173U 81053SM  18210.46745723 +.00000993 +00000-0 +13942-2 0  9996
2 42173 083.2256 110.0749 0212601 108.9172 253.5146 13.47394395660362
1 42202U 81053TS  18210.74547779 +.00000162 +00000-0 +12968-3 0  9997
2 42202 082.8369 001.0225 0054159 157.2431 267.1292 13.84287937236591
1 42273U 95015GP  18212.23690319  .00001405  00000-0  61118-3 0  9995
2 42273  98.7547 224.6831 0015454 347.8073  12.2731 14.25634396162791
1 42205U 81053TV  18210.39599899 +.00000205 +00000-0 +20559-3 0  9994
2 42205 083.0387 247.2710 0119188 072.8682 288.5482 13.69605844233874
1 42237U 93016CR  18210.65518960 +.00001281 +00000-0 +59919-3 0  9997
2 42237 070.9594 320.7994 0134931 285.4193 073.2059 14.17482358785684
1 42309U 95015JB  18211.79333123  .00002031  00000-0  81220-3 0  9994
2 42309  98.6923 218.1407 0042710  52.6800 307.8262 14.28998941169633
1 42244U 93016CY  18140.36126081 -.00000026  00000-0  10000-4 0  9990
2 42244  71.0239  33.4531 0116975 331.1235  28.2695 14.20783326777960
1 42345U 00055QM  18211.99078330  .00000946  00000-0  43528-3 0  9994
2 42345  98.7503 286.5736 0053773 213.0637 146.7175 14.22765905117300
1 42189U 81053TD  18208.33294365 +.00000280 +00000-0 +29669-3 0  9990
2 42189 083.0191 222.7461 0129801 097.1068 264.4864 13.67193794214713
1 42247U 93016DB  18211.84101677  .00001506  00000-0  68806-3 0  9998
2 42247  70.9935 269.4886 0127407 229.5353 129.4610 14.18915063725473
1 42348U 00055QQ  18210.90497629  .00000363  00000-0  27105-3 0  9999
2 42348  98.8051 256.9161 0078715  71.6263 289.3441 13.99309716125116
1 42192U 81053TG  18211.24004417 +.00000424 +00000-0 +45602-3 0  9990
2 42192 083.0986 037.0370 0133453 264.9880 093.6028 13.67701362233675
1 42224U 81053UQ  18211.98486023  .00000740  00000-0  41273-3 0  9995
2 42224  82.7371  92.5390 0048649  76.7685 283.8910 14.09106238802940
1 42296U 95015HN  16156.79985534 +.00001840 +00000-0 +92551-3 0  9990
2 42296 098.8071 160.8571 0016628 053.4994 306.8117 14.17605117037541
1 42332U 00055PY  18211.71286470 +.00009104 +00000-0 +38006-2 0  9995
2 42332 099.0903 309.6847 0048221 289.9946 069.6044 14.25774433124171
1 42176U 81053SQ  18211.23026684  .00000174  00000-0  17570-3 0  9996
2 42176  82.9034  23.9430 0112804  39.0638  81.9585 13.68919730234680
1 42276U 95015GS  18209.11793477 -.00000036 +00000-0 +41511-5 0  9997
2 42276 098.8859 165.1574 0118111 041.7052 319.3039 13.91657785166756
1 42208U 81053TY  17204.81076190 +.00001095 +00000-0 +62412-3 0  9992
2 42208 082.9598 146.9038 0081720 094.9184 275.8811 14.07232638560125
1 42240U 93016CU  18210.77780079 +.00000908 +00000-0 +45955-3 0  9996
2 42240 070.9746 001.2907 0141937 296.9433 061.7248 14.13715793538787
1 42316U 95015JJ  18212.04800231  .00001714  00000-0  58698-3 0  9990
2 42316  98.7088 242.0671 0056018 270.2202  89.2565 14.36674860173174
1 42313U 95015JF  18211.17853686 +.00001432 +00000-0 +84138-3 0  9997
2 42313 098.7452 187.6199 0055905 272.6096 086.8676 14.08886791167251
1 42260U 95015GA  18209.12080317 +.00001454 +00000-0 +34552-3 0  9992
2 42260 098.7132 273.1047 0117632 200.0431 159.6123 14.51422594153722
1 42263U 95015GD  18211.80894881 +.00000552 +00000-0 +45010-3 0  9991
2 42263 098.8136 157.8972 0128526 015.2806 345.2179 13.89989971167378
1 42351U 00055QT  18212.18752450  .00000580  00000-0  26082-3 0  9995
2 42351  98.7330 291.0200 0055964 153.1331 207.2765 14.25297457120858
1 42292U 95015HJ  18212.21806239  .00001286  00000-0  61247-3 0  9994
2 42292  98.7660 214.0701 0031153 120.8883 239.5364 14.20825402165928
1 42195U 81053TK  18211.32015900  .00000346  00000-0  34215-3 0  9992
2 42195  83.0364 205.1613 0106020 287.2239  71.7334 13.73557639669181
1 42227U 81053UT  18091.45785438  .00000510  00000-0  46994-3 0  9998
2 42227  82.9129 356.3212 0081252 214.4202 145.1679 13.79461977686574
1 42299U 95015HR  18212.47163955  .00001017  00000-0  49266-3 0  9999
2 42299  98.7743 216.3306 0028103 112.4331 247.9827 14.20436840148268
1 42335U 00055QB  18211.45682101  .00000512  00000-0  27510-3 0  9993
2 42335  98.7505 279.9591 0031465 253.3040 106.4680 14.17085852123935
1 42179U 81053ST  18211.53903894  .00000296  00000-0  29920-3 0  9996
2 42179  83.1297 292.4698 0101791  54.8600 305.3571 13.71615286659180
1 42279U 95015GV  18211.83068206  .00001160  00000-0  57508-3 0  9996
2 42279  98.7720 211.6967 0009216 269.4511  90.5608 14.19147894169605
1 42211U 81053UB  18211.21534949 +.00000471 +00000-0 +26604-3 0  9990
2 42211 082.8430 185.5312 0044480 125.4477 235.0863 14.07809851240480
1 42155U 81053RT  18210.10040738 +.00000338 +00000-0 +20974-3 0  9998
2 42155 082.9112 343.1325 0043606 299.6414 060.0417 14.01935581689117
1 42159U 81053RX  18211.02591701 -.00000179  00000-0 -18877-3 0  9999
2 42159  82.8270 108.7235 0068488 234.8803 186.7527 13.78246901697816
1 42319U 95015JM  18210.75504003 +.00000592 +00000-0 +35500-3 0  9997
2 42319 098.8625 205.8565 0034872 270.4767 089.2408 14.10579696170116
1 42163U 81053SB  16131.08887377 +.00000767 +00000-0 +82298-3 0  9995
2 42163 083.0075 056.0893 0118497 036.2466 326.4062 13.69448697465600
1 42322U 95015JQ  18212.17828200  .00001058  00000-0  53405-3 0  9999
2 42322  98.7501 204.9486 0049163 135.3009 225.2145 14.17724311170989
1 42166U 81053SE  18211.50614267 -.00000120 +00000-0 -11058-3 0  9993
2 42166 082.8941 287.5736 0159051 124.6155 237.0125 13.84592469236446
1 42250U 93016DE  18212.38588175  .00001167  00000-0  57193-3 0  9994
2 42250  70.9992 359.5752 0007745 127.4903 232.6927 14.19904847140908
1 42354U 00055QW  18206.42194900 +.00000398 +00000-0 +28196-3 0  9993
2 42354 099.0243 281.6134 0015496 332.6272 027.4076 14.03594091118475
1 42295U 95015HM  18212.42460961  .00000863  00000-0  46942-3 0  9993
2 42295  98.7697 199.6677 0036701 185.7194 174.3565 14.14513262164918
1 42198U 81053TN  18204.67594422 +.00000808 +00000-0 +69044-3 0  9997
2 42198 082.8029 342.3107 0043466 268.8237 090.7945 13.85534834794259
1 42257U 95015FX  18210.93799168  .00000876  00000-0  30439-3 0  9997
2 42257  98.7952 259.5143 0067642 286.4659  72.9100 14.36834219143734
1 42230U 81053UW  18212.16406306  .00000384  00000-0  23345-3 0  9993
2 42230  82.7515 113.5840 0055244  90.6310 270.1191 14.03039083768566
1 42302U 95015HU  18212.00722502  .00001325  00000-0  51941-3 0  9997
2 42302  98.7048 228.4329 0038457 343.4194  16.5729 14.30704981156597
1 42338U 00055QE  18211.47427567  .00001168  00000-0  50489-3 0  9990
2 42338  98.7585 290.3016 0053307 149.3248 211.1066 14.25548097125970
1 42182U 81053SW  18210.79266266 +.00000262 +00000-0 +31146-3 0  9998
2 42182 082.9529 237.7266 0138130 170.7851 313.4876 13.59845687702649
1 42282U 95015GY  18211.78411762 +.00000605 +00000-0 +36294-3 0  9995
2 42282 098.7915 195.1356 0038630 225.7964 134.0031 14.10350685167902
1 42214U 81053UE  18209.44130393 +.00000299 +00000-0 +28533-3 0  9991
2 42214 083.0203 096.1708 0090322 306.2273 053.0559 13.75851410558775
1 42162U 81053SA  18205.37812885 +.00000545 +00000-0 +47217-3 0  9998
2 42162 082.8801 212.9999 0080753 252.9109 173.4626 13.83154856728477
1 42325U 95015JT  18212.46834570  .00000723  00000-0  38646-3 0  9999
2 42325  98.8307 218.0345 0012432 188.4791 171.6175 14.16296294143219
1 42266U 95015GG  18212.23688879  .00000616  00000-0  29196-3 0  9998
2 42266  98.7741 225.6200 0035677  62.9572 297.5240 14.22866839162337
1 42169U 81053SH  18211.35741636 +.00000607 +00000-0 +21316-3 0  9996
2 42169 082.8797 351.1577 0024514 202.0802 157.9333 14.33429493244647
1 42253U 93016DH  18212.29124394  .00001316  00000-0  55399-3 0  9998
2 42253  70.9550 185.4845 0116135 198.9738 160.7046 14.24013593823145
1 42269U 95015GK  18212.15424714  .00001488  00000-0  28963-3 0  9997
2 42269  98.6740 285.2509 0133224 136.3773 224.8051 14.59189462175346
1 42201U 81053TR  18212.20575928  .00000675  00000-0  34317-3 0  9997
2 42201  82.7082  19.6877 0046593 286.8362  72.7708 14.14104650790708
1 42233U 81053UZ  18210.10903803 +.00000526 +00000-0 +60183-3 0  9991
2 42233 083.0420 264.6991 0138403 145.4836 215.5399 13.63908169413288
1 42305U 95015HX  18210.44596231 +.00000609 +00000-0 +30789-3 0  9995
2 42305 098.7769 215.4560 0009556 056.1933 304.0151 14.19827541148477
1 42341U 00055QH  18212.05083443  .00000820  00000-0  37768-3 0  9999
2 42341  98.7657 290.1012 0056544 207.5977 152.2196 14.23009264128002
1 42185U 81053SZ  18173.57700411  .00000211  00000-0  19329-3 0  9993
2 42185  83.0531 267.9732 0121432  46.9689  12.6828 13.75140380229959
1 42285U 95015HB  18211.24608177 +.00000511 +00000-0 +31836-3 0  9990
2 42285 098.8662 204.4540 0037571 276.8854 082.8043 14.09007682160867
1 42220U 81053UL  18212.49513969  .00000666  00000-0  27527-3 0  9991
2 42220  82.9213 132.8859 0031938 117.1121 243.3327 14.25137078243451
1 42328U 95015JW  18211.81296413  .00001524  00000-0  83525-3 0  9994
2 42328  98.7654 196.0188 0039728 223.4620 136.3419 14.12943366142992
1 42172U 81053SL  18210.16015496 +.00000280 +00000-0 +17418-3 0  9991
2 42172 082.9579 021.8767 0062549 159.5941 200.7750 14.00702476695157
1 42272U 95015GN  18210.73507581 +.00000583 +00000-0 +32942-3 0  9994
2 42272 098.7652 198.0044 0027564 177.3066 182.8261 14.13878532159089
1 42204U 81053TU  18210.05364792 +.00000139 +00000-0 +14261-3 0  9997
2 42204 083.0680 317.4567 0134043 142.7438 343.6273 13.65100679233178
1 42236U 93016CQ  18212.19655446  .00000969  00000-0  49871-3 0  9996
2 42236  70.9903  41.6280 0143002 335.8367  23.6088 14.12566939711218
1 42308U 95015JA  18212.20848510  .00001015  00000-0  57163-3 0  9991
2 42308  98.7922 199.9428 0031292 261.6893  98.0731 14.12376244168052
1 42243U 93016CX  18195.98609143  .00001198  00000-0  59614-3 0  9995
2 42243  70.9617  72.0390 0139729 359.1195   0.9658 14.14079805707261
1 42344U 00055QL  18211.66717558  .00000546  00000-0  26175-3 0  9994
2 42344  98.7740 290.2216 0049790 150.2003 210.2026 14.22361510117722
1 42217U 81053UH  18210.94716517 +.00000458 +00000-0 +51864-3 0  9999
2 42217 083.0343 286.8170 0125939 263.5935 223.2222 13.65269175233731
1 42288U 95015HE  18211.94253719 +.00000960 +00000-0 +32135-3 0  9999
2 42288 098.8066 264.3417 0077517 259.7961 099.4476 14.38115705168971
1 42191U 81053TF  18207.39513509 +.00000393 +00000-0 +25590-3 0  9996
2 42191 082.8245 241.9751 0043443 092.6350 267.9793 13.99670872238930
1 42291U 95015HH  18211.93989294 +.00001396 +00000-0 +67572-3 0  9993
2 42291 098.7525 207.6508 0026080 141.9783 218.3241 14.19906485159859
1 42223U 81053UP  18211.21591659  .00000554  00000-0  26675-3 0  9994
2 42223  82.8705 134.8978 0049129 145.3594 215.0802 14.16483907193814
1 42331U 95015JZ  18210.22789771 +.00001049 +00000-0 +49125-3 0  9996
2 42331 098.7691 218.3630 0009864 359.1316 000.9843 14.22383022140201
1 42175U 81053SP  18185.97294278 +.00000064 +00000-0 +71866-4 0  9999
2 42175 083.0311 059.1275 0142276 074.3130 349.3923 13.49021443227663
1 42275U 95015GR  18210.35139506 +.00001287 +00000-0 +28696-3 0  9996
2 42275 098.6200 265.5622 0122890 166.7355 193.7122 14.54153658174111
1 42207U 81053TX  18210.84906159 +.00000577 +00000-0 +73804-3 0  9990
2 42207 083.0557 257.3735 0211135 259.4260 098.3040 13.52799631793344
1 42315U 95015JH  18212.50915222  .00000569  00000-0  25986-3 0  9998
2 42315  98.7696 231.3867 0034201  17.3837 342.8505 14.25124147155774
1 42312U 95015JE  18210.73945446 +.00003330 +00000-0 +43412-3 0  9992
2 42312 098.7503 312.9708 0096719 069.9062 291.2523 14.78113876161064
1 42188U 81053TC  18210.84697443 +.00000563 +00000-0 +34679-3 0  9993
2 42188 082.8562 246.2804 0050338 304.6328 055.0103 14.03361139239590
1 42246U 93016DA  18210.88713587  .00001176  00000-0  54817-3 0  9999
2 42246  70.9552 299.6913 0129887 274.4027  84.2266 14.18179039244414
1 42347U 00055QP  18211.50057268 +.00000761 +00000-0 +36275-3 0  9996
2 42347 098.8783 299.6871 0055088 218.5585 141.1651 14.21524247131081
1 42262U 95015GC  18211.86259475  .00000770  00000-0  31498-3 0  9997
2 42262  98.6878 225.2203 0049746 348.2604  11.7414 14.29479872172053
1 42249U 93016DD  17355.36935293  .00002140  00000-0  84592-3 0  9999
2 42249  70.9725 249.4701 0111174 134.9050 226.1170 14.26764791638189
1 42350U 00055QS  18204.39282989 +.00000182 +00000-0 +13687-3 0  9998
2 42350 098.8047 264.1979 0028269 102.1301 258.3037 14.05934673090352
1 42194U 81053TJ  18212.31300042  .00000644  00000-0  67982-3 0  9993
2 42194  82.8359  66.8045 0191060 176.6238 183.6256 13.65610904800527
1 42294U 95015HL  18212.41288375  .00001030  00000-0  60617-3 0  9990
2 42294  98.8036 195.7647 0047375 263.3289  96.2488 14.09649717164416
1 42226U 81053US  18184.65155696 +.00000270 +00000-0 +30331-3 0  9990
2 42226 082.9567 162.8936 0115892 257.6978 101.1178 13.65035697230593
1 42298U 95015HQ  18208.41585692 +.00000561 +00000-0 +66771-3 0  9996
2 42298 098.7159 079.3994 0283899 215.5806 142.6111 13.55370247141989
1 42178U 81053SS  18212.26264218  .00000474  00000-0  23925-3 0  9993
2 42178  82.9441 197.8130 0010209 350.4077   9.6904 14.14380621222890
1 42278U 95015GU  18210.73412229 +.00000755 +00000-0 +45073-3 0  9994
2 42278 098.7933 192.4936 0042763 252.3649 107.2849 14.09808306158612
1 42210U 81053UA  18211.27955042  .00000235  00000-0  25104-3 0  9998
2 42210  83.0104 201.3837 0113457  44.8462  15.7577 13.67172582233619
1 42239U 93016CT  18212.19857823  .00000894  00000-0  49483-3 0  9998
2 42239  71.1377 147.7070 0135082  27.6132 333.2077 14.09414354526085
1 42158U 81053RW  18211.81270921 +.00000350 +00000-0 +33926-3 0  9994
2 42158 083.0100 142.2966 0105163 200.8559 188.6135 13.74640863235238
1 42318U 95015JL  18210.15399005 +.00000880 +00000-0 +90977-3 0  9993
2 42318 098.7245 103.2833 0237419 147.9922 213.5899 13.66555749148916
1 42165U 81053SD  18189.42091527  .00000385  00000-0  21026-3 0  9992
2 42165  82.7475  73.7501 0050593 327.9656 156.0259 14.09181718724849
1 42265U 95015GF  18211.97584971  .00000403  00000-0  21468-3 0  9993
2 42265  98.7871 216.3315 0007794  64.2439 295.9540 14.18937976138794
1 42252U 93016DG  18210.32881089 +.00000912 +00000-0 +52631-3 0  9997
2 42252 070.9843 213.2392 0162615 085.5691 276.3985 14.05204597795014
1 42353U 00055QV  18211.07997649  .00001184  00000-0  49439-3 0  9997
2 42353  98.8060 298.4717 0060366 159.3767 200.9870 14.27114297129777
1 42197U 81053TM  18211.75828842 +.00000329 +00000-0 +36143-3 0  9991
2 42197 082.8514 354.9739 0120600 254.1302 104.6530 13.66666981233659
1 42256U 93016DL  15053.40661193 +.00011073 +00000-0 +52194-2 0  9997
2 42256 070.9554 335.3796 0129353 304.8790 063.7745 14.15690330339448
1 42229U 81053UV  18209.32547170  .00000147  00000-0  19607-3 0  9993
2 42229  83.0251 220.3045 0226730   1.1083 357.7291 13.44331100744143
1 42301U 95015HT  18209.94601014 +.00001822 +00000-0 +53970-3 0  9995
2 42301 098.7295 252.8009 0076435 240.3695 118.9865 14.42984704159659
1 42334U 00055QA  18210.47652571 +.00000518 +00000-0 +28346-3 0  9995
2 42334 098.8729 290.1188 0018166 213.6179 146.3843 14.16247243102445
1 42181U 81053SV  18209.71245053 -.00000159 +00000-0 -14520-3 0  9992
2 42181 082.9035 111.4709 0070597 060.7098 330.3666 13.87802436678804
1 42281U 95015GX  18212.50417162  .00000766  00000-0  32507-3 0  9996
2 42281  98.7264 229.3342 0043376 308.5451  51.1846 14.27757280170533
1 42213U 81053UD  18210.30367572 +.00000370 +00000-0 +21158-3 0  9994
2 42213 082.8289 219.7183 0055164 356.8666 003.2153 14.06406478797998
1 42161U 81053RZ  18158.34389155  .00000419  00000-0  32014-3 0  9999
2 42161  82.9288 168.4497 0058889 163.2594 255.5691 13.90357598732353
1 42321U 95015JP  18211.90499445 +.00001427 +00000-0 +54917-3 0  9992
2 42321 098.7211 233.3660 0040485 293.8789 065.8154 14.31492423172464
1 42324U 95015JS  18211.80846099 +.00001458 +00000-0 +66309-3 0  9997
2 42324 098.7876 224.1188 0010517 333.2175 026.8459 14.23308876145439
1 42168U 81053SG  18211.53728948  .00000973  00000-0  29610-3 0  9997
2 42168  82.7996 138.0494 0017378   7.8276 352.3184 14.41154009726841
1 42268U 95015GJ  18211.79580750 +.00000845 +00000-0 +67270-3 0  9998
2 42268 098.7710 152.2924 0147493 012.4082 348.0646 13.88774384166092
1 42200U 81053TQ  18211.23534271  .00000522  00000-0  35542-3 0  9996
2 42200  82.9795 186.3775 0070957 275.0090  84.2981 13.97082192791560
1 42259U 95015FZ  18211.47538709  .00000391  00000-0  20154-3 0  9996
2 42259  98.7728 219.0257 0015285   6.3799 353.7570 14.20720880151016
1 42232U 81053UY  18207.45309069 +.00000304 +00000-0 +38817-3 0  9991
2 42232 083.0137 112.2796 0191781 356.8164 003.1743 13.52929325217509
1 42304U 95015HW  18212.49902614  .00001634  00000-0  67786-3 0  9993
2 42304  98.7491 228.3967 0019302 347.7672  12.3037 14.27815814158484
1 42337U 00055QD  18212.03582835  .00000787  00000-0  34258-3 0  9994
2 42337  98.7724 295.1795 0071642 195.2091 164.6935 14.25539676128804
1 42340U 00055QG  18212.41017664  .00000634  00000-0  40663-3 0  9991
2 42340  99.0442 291.6299 0053230 138.4545 222.0687 14.06234315124434
1 42184U 81053SY  18211.46276042  .00000062  00000-0  60044-4 0  9996
2 42184  83.0206 209.0785 0097448  46.8104 110.3424 13.61208517337626
1 42284U 95015HA  18210.11554819 +.00001841 +00000-0 +56915-3 0  9999
2 42284 098.8387 264.2435 0057202 278.9084 080.5631 14.41625954161928
1 42216U 81053UG  18210.40432091 -.00000181 +00000-0 -11366-3 0  9999
2 42216 082.8848 256.4378 0019334 000.2913 359.8270 14.09111235829588
1 42327U 95015JV  18211.96452836 +.00000548 +00000-0 +28193-3 0  9997
2 42327 098.7793 216.2711 0008935 057.8543 302.3498 14.19336794143633
1 42171U 81053SK  18206.51637439 +.00000869 +00000-0 +54579-3 0  9993
2 42171 083.0994 277.9759 0040819 236.4232 123.3041 14.02973385743369
1 42255U 93016DK  18212.52603189  .00000072  00000-0  58189-4 0  9999
2 42255  71.0064 263.9018 0011084 222.2809 207.3141 14.18268853242604
1 42203U 81053TT  18208.78216616 +.00000313 +00000-0 +32478-3 0  9998
2 42203 082.9979 210.3421 0125696 149.6333 335.8243 13.69077316766794
1 42235U 93016CP  18212.09435073  .00000827  00000-0  41587-3 0  9995
2 42235  70.9979  19.8601 0142935 313.5212  45.4103 14.14240191708240
1 42307U 95015HZ  18211.55701621  .00008739  00000-0  76216-3 0  9998
2 42307  98.7322 332.7737 0075866  10.2873 349.9876 14.94918584170360
1 42242U 93016CW  18210.30419044 +.00001055 +00000-0 +54704-3 0  9994
2 42242 070.9751 077.2730 0151812 357.1040 002.9184 14.11340350710092
1 42343U 00055QK  18211.18748272 +.00001767 +00000-0 +88665-3 0  9995
2 42343 099.0341 298.3553 0050953 084.0993 276.5985 14.17220523116742
1 42187U 81053TB  18210.72576647 +.00000428 +00000-0 +30875-3 0  9995
2 42187 082.9691 206.6703 0068825 064.3166 296.5086 13.93387825237915
1 42287U 95015HD  18211.47411449  .00004021  00000-0  15710-2 0  9993
2 42287  98.7527 225.9957 0007191 341.3917  18.7001 14.30133562167502
1 42219U 81053UK  18201.25524749  .00000729  00000-0  44063-3 0  9993
2 42219  82.9534  25.4259 0053715 200.5701 159.3309 14.04588225224696
1 42290U 95015HG  18212.07950096  .00004508  00000-0  75867-3 0  9990
2 42290  98.8018 300.1140 0096298 120.2359 240.8420 14.67082766171611
1 42222U 81053UN  18207.35924532 +.00000656 +00000-0 +43745-3 0  9993
2 42222 082.9856 225.4627 0067077 334.5694 025.2179 13.98731988238344
1 42330U 95015JY  18211.47225550  .00001274  00000-0  56343-3 0  9993
2 42330  98.7549 222.9239 0015132 353.9833   6.1162 14.24923422147002
1 42271U 95015GM  18212.21665251  .00000863  00000-0  41847-3 0  9992
2 42271  98.7779 217.9199 0007936  73.1362 287.0684 14.20997544159410
1 42174U 81053SN  18210.61281037 +.00000646 +00000-0 +24979-3 0  9995
2 42174 082.7853 327.4651 0042792 030.8572 329.5114 14.28312946704051
1 42274U 95015GQ  18211.86611124  .00001320  00000-0  56471-3 0  9993
2 42274  98.7516 226.5980 0019997 345.0881  14.9707 14.26562391171098
1 42206U 81053TW  18170.24530477  .00000244  00000-0  20141-3 0  9991
2 42206  82.9211 139.1170 0041379 141.9393 284.6833 13.84752526300566
1 42238U 93016CS  18202.77683409  .00001571  00000-0  68024-3 0  9992
2 42238  70.9750 254.4608 0123521 229.8560 129.1696 14.21846389746438
1 42314U 95015JG  18212.28331012  .00005401  00000-0  53571-3 0  9992
2 42314  98.7466 334.0277 0102156  20.0837 340.4351 14.88410516162217
1 42245U 93016CZ  18209.36195955 +.00001337 +00000-0 +57071-3 0  9996
2 42245 070.9943 208.3609 0119143 185.3985 174.5868 14.23067696188030
1 42346U 00055QN  18211.54036408 +.00001767 +00000-0 +70051-3 0  9999
2 42346 099.0625 327.3214 0065149 149.7482 210.7485 14.29036863129724
1 42190U 81053TE  18210.71976928 +.00000443 +00000-0 +21322-3 0  9998
2 42190 082.9309 220.6831 0048054 083.9796 276.6856 14.16131918753105
1 42248U 93016DC  18208.37404762 +.00001450 +00000-0 +61984-3 0  9992
2 42248 070.9670 225.6266 0124784 224.4704 134.6354 14.22547437244925
1 42193U 81053TH  18210.32819108 +.00000208 +00000-0 +22911-3 0  9998
2 42193 082.9533 170.7052 0136519 310.5206 048.4115 13.64041994764624
1 42293U 95015HK  18211.50275474 +.00000953 +00000-0 +42862-3 0  9999
2 42293 098.7929 230.0704 0017999 001.3614 358.7611 14.24659553148055
1 42225U 81053UR  18210.74339385 +.00000462 +00000-0 +26747-3 0  9997
2 42225 083.1448 224.7595 0030176 079.2761 040.8919 14.06572043240311
1 42297U 95015HP  18211.18778131  .00000676  00000-0  41521-3 0  9998
2 42297  98.7883 190.0950 0046128 271.2370  88.3515 14.08468134147704
1 42333U 00055PZ  18212.06790172  .00000451  00000-0  28685-3 0  9993
2 42333  98.9875 291.7920 0022008 106.8088 253.5498 14.08757961123152
1 42177U 81053SR  18200.28602750 +.00001422 +00000-0 +45158-3 0  9994
2 42177 082.7181 195.1928 0034425 339.9800 020.0038 14.39095725244205
1 42277U 95015GT  18211.31870569 +.00002146 +00000-0 +68075-3 0  9996
2 42277 098.7272 248.5018 0050461 278.0728 081.4737 14.40349922161700
1 42209U 81053TZ  18210.91869306  .00000130  00000-0  10046-3 0  9996
2 42209  82.8770  66.6204 0056799 128.8478 289.5815 13.84734936776285
1 42157U 81053RV  16211.25396042 +.00001039 +00000-0 +39513-3 0  9995
2 42157 083.0815 148.9601 0017956 119.3883 240.9100 14.30044443689990
1 42310U 95015JC  18210.49463712 +.00001442 +00000-0 +56740-3 0  9994
2 42310 098.7288 230.2263 0036130 306.6942 053.0922 14.30456762157658
1 42261U 95015GB  18210.30330768 +.00000089 +00000-0 +45800-4 0  9995
2 42261 098.6781 242.7862 0089142 283.0337 076.0907 14.34893048152648
1 42349U 00055QR  18212.13858031  .00000344  00000-0  21804-3 0  9994
2 42349  98.8620 282.1279 0009683  41.8473 318.3436 14.10454736120243
1 42264U 95015GE  18211.21121143  .00002506  00000-0  37030-3 0  9995
2 42264  98.7126 307.2826 0135649  96.6670 264.9994 14.70152473176217
1 42251U 93016DF  18210.62799606 +.00001106 +00000-0 +37089-3 0  9998
2 42251 070.9727 303.8835 0090765 012.4118 347.9220 14.37186573704274
1 42196U 81053TL  18206.43459723 -.00000136 +00000-0 -16345-3 0  9997
2 42196 082.7947 249.6678 0123300 213.3168 146.0183 13.69456678769185
1 42228U 81053UU  18206.65728161 +.00000152 +00000-0 +13079-3 0  9999
2 42228 082.9380 183.6502 0040060 212.2450 147.6260 13.80107947695962
1 42336U 00055QC  18210.46505113 -.00005985 +00000-0 -29543-2 0  9999
2 42336 099.0165 296.3022 0005363 177.3258 182.7946 14.17061269121585
1 42180U 81053SU  18210.24168002 +.00000759 +00000-0 +31384-3 0  9990
2 42180 082.8904 191.8870 0029735 324.7310 091.7544 14.25315437786576
1 42280U 95015GW  18210.82660147 +.00001282 +00000-0 +59987-3 0  9996
2 42280 098.8059 224.0518 0012102 324.5164 035.5207 14.21995053169557
1 42212U 81053UC  18212.27245638  .00000288  00000-0  34362-3 0  9998
2 42212  83.0517  36.9899 0152191 223.3525 258.7058 13.59445086797274
1 42156U 81053RU  18210.62665089 +.00000491 +00000-0 +32056-3 0  9992
2 42156 082.7523 169.0246 0055429 296.1203 063.4270 13.99779390737234
1 42317U 95015JK  18212.51280576  .00000853  00000-0  36614-3 0  9994
2 42317  98.7834 236.0407 0030387 355.4968   4.5934 14.27153360154558
1 42160U 81053RY  18179.15366346 +.00000583 +00000-0 +24423-3 0  9994
2 42160 082.9125 140.2548 0008578 094.7025 265.5138 14.24488870191019
1 42320U 95015JN  18210.24419610 +.00000600 +00000-0 +29562-3 0  9993
2 42320 098.7682 217.8378 0014494 013.6057 346.5508 14.21268491171146
1 42164U 81053SC  18210.60441698 +.00000644 +00000-0 +27056-3 0  9991
2 42164 082.9321 173.1258 0029701 225.6142 134.2609 14.24328514243066
1 42323U 95015JR  18211.20876428  .00000014  00000-0  29708-4 0  9999
2 42323  98.7962 209.6888 0002160 330.3895  29.7156 14.15085556145288
1 42167U 81053SF  18212.32078723  .00000115  00000-0  93879-4 0  9990
2 42167  82.8388  71.3071 0058943  14.2227 346.0574 13.80483617715996
1 42352U 00055QU  18212.16328513 -.00000682  00000-0 -33733-3 0  9999
2 42352  98.9163 289.4970 0019181  39.9422 320.3157 14.13665492119779
1 42267U 95015GH  18211.09390189 +.00001037 +00000-0 +75338-3 0  9993
2 42267 098.7539 164.0109 0111286 348.0026 011.8490 13.95562077167122
1 42254U 93016DJ  18194.18098957  .00001601  00000-0  55998-3 0  9993
2 42254  70.9835  23.0076 0100785  66.0765 295.0885 14.33847680827996
1 42355U 00055QX  18211.41070160 +.00000033 +00000-0 +47795-4 0  9993
2 42355 098.8835 273.5453 0042279 067.5545 293.0092 14.03836565125652
1 42258U 95015FY  18210.01164025 +.00000815 +00000-0 +67892-3 0  9991
2 42258 098.7521 142.3837 0156233 044.0705 317.2782 13.85689508146973
1 42300U 95015HS  18212.24466243  .00000581  00000-0  27769-3 0  9992
2 42300  98.7667 223.5015 0038100  66.4387 294.0786 14.22629488 90021
1 42231U 81053UX  18185.42032082  .00000751  00000-0  39827-3 0  9998
2 42231  82.7684  88.6057 0042894 211.8585 147.9996 14.11996812237863
1 42303U 95015HV  18212.16060448  .00001361  00000-0  75683-3 0  9998
2 42303  98.6887 186.6969 0034386 223.0914 136.7565 14.12416547162591
1 42339U 00055QF  18212.07918289  .00000776  00000-0  41197-3 0  9994
2 42339  99.0247 306.9851 0023660 264.8035  95.0438 14.16511694117827
1 42183U 81053SX  18172.54323243 +.00000226 +00000-0 +19271-3 0  9993
2 42183 082.9384 245.7568 0050376 061.5037 004.8644 13.82314755762936
1 42215U 81053UF  18209.07069625 +.00000119 +00000-0 +10543-3 0  9993
2 42215 082.9021 324.0241 0112210 178.8818 304.1527 13.73924242234527
