1 27305U 01049KB  18212.36944370  .00000074  00000-0  20322-4 0  9995
2 27305  98.1809 168.6098 0043156 286.4851 231.7940 14.71617447889806
1 27353U 01049MA  18211.76780734  .00000767  00000-0  50301-4 0  9992
2 27353  97.6616 209.9121 0024062 183.5448 176.5615 15.10531172898527
1 27384U 99057MJ  18212.04818987  .00001263  00000-0  15121-3 0  9998
2 27384  98.1461 248.7243 0047377 357.6011   2.4969 14.85262730957207
1 27385U 99057MK  18211.24482953  .00002104  00000-0  19917-3 0  9992
2 27385  97.9860 245.3311 0046063 174.1887 185.9877 14.93988525942206
1 27469U 00047C   18212.55191449 -.00000088  00000-0  34598-5 0  9992
2 27469  67.9958 246.7946 0070775 264.8218 253.1555 14.88804948871724
1 27482U 90081CU  18211.85854345  .00000159  00000-0  11534-3 0  9998
2 27482  98.7055 228.2433 0010080 169.6926 314.2170 14.09499472902740
1 27489U 97005G   18210.64160347 +.00002429 +00000-0 +18123-3 0  9999
2 27489 031.4986 340.7264 4912162 324.4741 024.0819 05.82742932336063
1 27491U 98043L   18211.91444062 -.00000010 +00000-0 +24847-4 0  9991
2 27491 098.9074 018.9332 0207497 055.2509 306.7990 13.79324732009311
1 27492U 99057MM  18211.78554197 +.00000374 +00000-0 +10313-3 0  9998
2 27492 098.4546 190.0693 0089886 191.7145 168.1959 14.50314727905341
1 27493U 99057MN  18212.15804580  .00000095  00000-0  40087-4 0  9997
2 27493  98.5535 176.1103 0080088 207.7077 218.8562 14.44117732935323
1 27530U 01049MV  18211.81626907  .00002004  00000-0  58149-4 0  9990
2 27530  97.6156 345.1366 0026934 251.9044 107.9266 15.36485574896103
1 27533U 02036D   13247.66985865 +.00000055 +00000-0 +31562-3 0  9991
2 27533 082.4864 023.1677 0021605 023.6469 350.4011 12.44781683497877
1 27536U 99057MP  18211.87921838  .00000255  00000-0  77001-4 0  9993
2 27536  98.3012 178.8395 0034265 295.6638  94.0052 14.50015633866129
1 27538U 01049MW  18212.19540991  .00000290  00000-0  21541-4 0  9999
2 27538  97.6679 187.7742 0043528 161.3211 198.9628 15.10125612895137
1 27569U 81021R   18204.64934417 -.00000049 +00000-0 +32742-4 0  9990
2 27569 064.9613 305.5600 0034029 128.2073 232.2063 13.91245003815897
1 27570U 81021S   18210.86719015 -.00000039 +00000-0 +40541-4 0  9993
2 27570 064.9624 288.4422 0033236 121.9649 352.5815 13.91275220837675
1 27571U 81021T   18207.88264435 -.00000051 +00000-0 +31329-4 0  9991
2 27571 064.9644 308.8926 0033469 117.7007 242.7458 13.91047379814460
1 27572U 84069W   16091.16427692  .00000062  00000-0  12091-3 0  9998
2 27572  65.0495 289.1527 0059213 218.5312 140.6916 13.90246866700043
1 27573U 84069X   18211.32843812 -.00000051  00000-0  30387-4 0  9997
2 27573  65.0437 186.1468 0060097 283.0253 146.6594 13.91088945817021
1 27580U 01049MY  18211.31791878 +.00000021 +00000-0 +11356-4 0  9996
2 27580 098.0675 161.7643 0047762 148.0181 212.3941 14.72983560856923
1 27582U 01049NA  18211.94031067 +.00000213 +00000-0 +36238-4 0  9993
2 27582 098.2719 109.1115 0053942 348.0659 011.9269 14.78756999865448
1 27583U 01049NB  18211.98368071  .00001443  00000-0  81710-4 0  9997
2 27583  97.6105 219.5775 0013104 273.3279 116.7796 15.14606844874198
1 27585U 01049ND  18211.79107125  .00000085  00000-0  20226-4 0  9995
2 27585  98.0586 146.1878 0062703 163.8279 196.4950 14.74738771876828
1 27586U 01049NE  18211.46698105  .00000790  00000-0  39997-4 0  9991
2 27586  97.2710 218.9799 0046146   3.3222 356.8311 15.18974236883444
1 27596U 86019VN  18211.93347604 +.00000124 +00000-0 +48971-4 0  9992
2 27596 098.2176 251.3119 0047238 103.5511 017.9054 14.42832667198137
1 27628U 87068CK  18210.99877638 +.00000064 +00000-0 +38249-4 0  9993
2 27628 082.5181 320.1348 0024838 311.0549 048.8469 13.92624510955215
1 27629U 87068CL  18211.82268225 +.00001102 +00000-0 +26854-3 0  9995
2 27629 082.2683 152.2021 0020469 307.2259 052.7070 14.51912753904089
1 27638U 84069Y   18199.70548671 -.00000043 +00000-0 +37283-4 0  9994
2 27638 065.0470 231.0065 0061264 279.7715 079.6434 13.90874074242491
1 27639U 87068CM  18211.61328883 +.00000052 +00000-0 +40749-4 0  9993
2 27639 082.5098 161.6204 0069324 106.5688 014.7427 13.71354583246567
1 27653U 01049NQ  18211.85608796  .00000119  00000-0  23337-4 0  9992
2 27653  98.0776 174.3378 0065074  66.0483 325.4623 14.78282658864211
1 27655U 01049NS  18211.94716476 +.00000243 +00000-0 +72846-4 0  9996
2 27655 097.2778 111.4568 0177562 357.2602 002.7601 14.41066166844878
1 27657U 01049NU  18212.26009323  .00000487  00000-0  43601-4 0  9997
2 27657  97.9488 217.2747 0038274 241.6594 181.3425 15.00250166873243
1 27676U 99057MQ  18211.11161580  .00000150  00000-0  63164-4 0  9994
2 27676  98.6960 175.7814 0107589 139.8272 221.0930 14.36253619813169
1 27677U 99057MR  18211.82720675 +.00000025 +00000-0 +19921-4 0  9992
2 27677 098.5502 167.8167 0078425 108.6159 282.6489 14.44893418854059
1 27678U 99057MS  18210.05283832 -.00000025 +00000-0 +73191-5 0  9997
2 27678 098.6654 154.9016 0108826 186.9433 234.3236 14.32377038844765
1 27679U 94029AEJ 18212.12672824  .00000241  00000-0  55513-4 0  9991
2 27679  81.9833 139.0476 0334503 138.6907 224.0106 14.21861368860635
1 27687U 99057MT  18211.06165360 -.00000009 +00000-0 +11928-4 0  9995
2 27687 098.6086 159.6967 0090269 018.6199 341.8254 14.36738615839902
1 27688U 99057MU  18211.16269767 +.00000089 +00000-0 +38658-4 0  9999
2 27688 098.5931 184.8880 0091454 291.1355 126.5274 14.43863943310987
1 27689U 01056H   18211.66069108  .00000009  00000-0  10671-3 0  9990
2 27689  99.9268 269.8092 0207784 241.3335 275.2994 13.25712494804695
1 27690U 01056J   18212.37484662 -.00000040  00000-0  95034-5 0  9991
2 27690 100.3653 356.1196 0183379 124.9228 264.7467 13.30740116807731
1 27733U 81053MN  18211.32061299 +.00000537 +00000-0 +31156-3 0  9998
2 27733 083.1195 234.7260 0022974 288.6063 071.2617 14.06994630961813
1 27734U 81053MP  18211.34553814  .00001092  00000-0  80206-3 0  9997
2 27734  83.1200  64.1417 0106840  37.5252 323.3309 13.92170823154756
1 27735U 81053MQ  18211.36322475 +.00000405 +00000-0 +37927-3 0  9996
2 27735 083.0514 172.5877 0103763 061.7715 091.5033 13.76904230227873
1 27736U 81120H   18210.09944970 +.00000017 +00000-0 +81365-4 0  9996
2 27736 082.9611 079.8647 0053459 239.3379 278.4044 12.14991148701565
1 27737U 81120J   18212.19809354  .00000107  00000-0  10946-2 0  9991
2 27737  82.9578 170.7469 0026149 290.0579 132.9899 12.08062297815490
1 27738U 81120K   18211.56324959  .00000049  00000-0  40228-3 0  9997
2 27738  82.9584  65.8642 0055476 201.5028 188.8099 12.15606259878925
1 27739U 84069Z   18212.41096331 -.00000056  00000-0  27216-4 0  9990
2 27739  65.0492 212.1689 0060839 274.1320 157.4476 13.90636978824910
1 27741U 85090C   18212.46941215  .00000923  00000-0  25887-4 0  9997
2 27741  97.1956 283.6982 0023555  78.9159 281.4734 15.38883080895473
1 27742U 87020DV  18211.82487263  .00007190  00000-0  31266-2 0  9999
2 27742  74.1878 104.0565 0103287 238.9339 120.1638 14.21397318952352
1 27743U 91009CY  18211.48690972 +.00000022 +00000-0 +33417-3 0  9995
2 27743 074.0620 230.7830 0136832 047.8321 104.5045 12.19990754903531
1 27744U 91009CZ  18212.51430913 -.00000026  00000-0 -11678-3 0  9999
2 27744  74.0503 242.6308 0174874  76.6692  73.1166 12.18532891115356
1 27746U 91009DB  18210.48139743 +.00000230 +00000-0 +24147-2 0  9991
2 27746 074.1026 038.3557 0175364 170.8410 217.5503 12.14166434214110
1 27747U 91009DC  18210.38349191 +.00000090 +00000-0 +10146-2 0  9999
2 27747 073.9619 196.9110 0086820 234.0476 281.9246 12.19123761910556
1 27748U 91009DD  18211.03827458  .00000043  00000-0  52105-3 0  9990
2 27748  74.0490 236.0699 0175083  71.6633 320.9291 12.19276548943332
1 27749U 92093JL  18212.56788372  .00000233  00000-0  13584-3 0  9994
2 27749  71.1054 171.9623 0115982 291.7068 188.5754 14.15058186886017
1 27750U 92093JM  18206.98772778 +.00000701 +00000-0 +32949-3 0  9994
2 27750 071.1597 081.0161 0099239 119.8773 241.2260 14.20760773866833
1 27751U 92093JN  18211.06054768 +.00001060 +00000-0 +27579-3 0  9994
2 27751 071.1661 351.0358 0039675 221.3999 138.4136 14.51477243240129
1 27752U 93014G   18211.85027984 +.00000070 +00000-0 +29664-4 0  9994
2 27752 075.7602 261.2002 0184531 181.3961 303.5228 14.26164885848329
1 27760U 94077M   18211.93814039 +.00000300 +00000-0 +88747-4 0  9990
2 27760 070.9991 052.5952 0058919 249.8707 176.3561 14.50654957971288
1 27762U 99057MV  18212.50290903  .00000086  00000-0  56807-4 0  9990
2 27762  98.4275  46.3615 0183173  81.6952 309.5727 14.13490073859490
1 27763U 00015B   18212.43850123  .00001450  00000-0  37698-3 0  9997
2 27763  64.6444  10.5849 4789198 350.9520   2.7830  5.93813398337026
1 27764U 00025D   18207.56171104 +.00099934 +55150-6 +31870-3 0  9994
2 27764 038.7691 031.8965 2137278 299.6511 077.0432 11.38874499423003
1 27765U 00040D   18212.35747647  .02952853  53820-5  89148-4 0  9999
2 27765  38.7661 310.8701 0111904 285.5856  73.2631 16.25281788485776
1 27768U 02054D   18211.86862445 +.00000189 +00000-0 +46421-4 0  9996
2 27768 098.2405 000.1526 0034023 232.8819 126.9273 14.62838006833416
1 27769U 02054E   18211.86364019 +.00000196 +00000-0 +44960-4 0  9995
2 27769 098.1788 000.5559 0036711 167.1955 193.0189 14.65625897834739
1 27772U 99031F   18210.11850303 +.00000454 +00000-0 +13513-2 0  9998
2 27772 052.0188 113.0162 0121420 352.6564 148.8954 13.21159506761530
1 27797U 81053MR  18210.53449350 +.00000217 +00000-0 +28767-3 0  9997
2 27797 083.1451 298.7903 0192857 303.3971 111.8075 13.49750708249295
1 27798U 81071M   16049.23628946  .00000656  00000-0  00000+0 0  9996
2 27798  69.7363 281.7684 5500691  88.5935  34.8885  1.98167187111231
1 27803U 82055BQ  18211.80258517  .00000186  00000-0  19056-3 0  9998
2 27803  65.8199 335.1624 0019353 107.5752  54.7075 13.98024576389229
1 27804U 91068AR  18212.09517907  .00000324  00000-0  14937-2 0  9992
2 27804  82.6194  84.5728 0212544 326.8956 187.0977 12.67811327746378
1 27805U 92047L   18211.27741223 +.00002337 +00000-0 +89450-3 0  9999
2 27805 065.1493 224.9890 4716983 322.2464 012.5655 06.00891176343818
1 27806U 99057MW  18212.06237851 -.00000010  00000-0  12893-4 0  9998
2 27806  98.6658 152.8001 0109526 228.1850 130.9939 14.30840210871679
1 27908U 84069AA  18209.58085420 -.00000049 +00000-0 +32079-4 0  9994
2 27908 065.0416 197.7721 0060637 287.0099 072.4326 13.90882829783104
1 27909U 84069AB  18211.34218843 -.00000047  00000-0  33912-4 0  9994
2 27909  65.0473 180.2805 0060339 275.6520 159.6595 13.91293536781374
1 27910U 84069AC  18198.53194653 -.00000025  00000-0  51225-4 0  9996
2 27910  65.0545 242.2470 0061747 271.0100 161.1368 13.90864126790915
1 27911U 84069AD  18210.43900491 -.00000048 +00000-0 +33189-4 0  9990
2 27911 065.0484 222.4584 0062366 279.6572 079.7450 13.90482958794851
1 27912U 84069AE  07081.08070326 -.00000018 +00000-0 +57371-4 0  9997
2 27912 065.0436 239.4535 0062160 263.0398 095.5684 13.89757448214228
1 27913U 84069AF  18204.43349240 -.00000014 +00000-0 +59565-4 0  9993
2 27913 065.0444 225.3665 0061897 284.2199 075.1995 13.90731607789223
1 27958U 87079AX  18212.40270076  .00002219  00000-0  29584-2 0  9996
2 27958  65.0064 227.6826 5394279 152.0155 252.4538  4.80192670243707
1 27978U 88085Y   16061.45531078 +.00000032 +00000-0 +00000-0 0  9994
2 27978 059.5261 236.2488 4277145 000.1834 012.4317 04.20750558039312
1 27998U 88085AU  18212.12971091  .00001811  00000-0  19985-2 0  9993
2 27998  64.9933  44.9005 2777029  22.6304 347.6225  9.19682135319000
1 28042U 92093JP  18210.52216615 -.00000099 +00000-0 -28732-4 0  9995
2 28042 070.8781 270.3458 0067871 071.9611 350.6359 14.09252612106721
1 28055U 03048B   18211.92438090 +.00000408 +00000-0 +20475-3 0  9996
2 28055 098.6095 202.3236 0000598 300.9118 091.2677 14.21808681764492
1 28056U 03048C   18211.95213838 +.00000238 +00000-0 +12875-3 0  9997
2 28056 098.6099 202.3831 0001166 296.6134 063.4924 14.21284064764612
1 28067U 99057MX  18211.90887109 -.00000047  00000-0  85091-6 0  9999
2 28067  98.5462 194.5970 0090937 252.3750 106.7495 14.47714093825542
1 28068U 99057MY  18211.13270147  .00000149  00000-0  55197-4 0  9997
2 28068  98.5901 184.5463 0089735 289.9059  69.2479 14.44021011803335
1 28069U 99057MZ  18211.86186734 +.00000167 +00000-0 +57826-4 0  9997
2 28069 098.5446 182.3084 0078527 178.5017 181.6424 14.46296863288921
1 28070U 99057NA  18211.13211942 +.00000192 +00000-0 +60534-4 0  9997
2 28070 098.4613 180.2384 0071871 089.3476 271.5952 14.49501063837009
1 28071U 99057NB  18211.57704951 -.00000025 +00000-0 +65663-5 0  9998
2 28071 098.5206 132.3681 0109321 128.5534 358.6692 14.33158960834237
1 28072U 99057NC  18211.89124760  .00000092  00000-0  41497-4 0  9999
2 28072  98.6409 181.8513 0098030   0.1532  28.7396 14.40888945805891
1 28073U 99057ND  18211.36068083 +.00000032 +00000-0 +23499-4 0  9993
2 28073 098.5827 172.3588 0083560 238.3268 276.7143 14.41699025816027
1 28074U 99057NE  18211.04907587 -.00000003  00000-0  14609-4 0  9992
2 28074  98.6641 156.4785 0104899 173.2809 249.0778 14.32618634812224
1 28075U 99057NF  18211.37051425  .00000117  00000-0  51215-4 0  9999
2 28075  98.6890 178.9562 0105981 102.3869 258.9203 14.37572856798950
1 28080U 03048D   18212.53760718  .00000478  00000-0  22685-3 0  9999
2 28080  98.5246 231.6793 0002947 268.0795 243.7599 14.23941676763080
1 28193U 04009D   18212.17110939  .00030900  18521-7  19967-3 0  9992
2 28193  38.8312 166.6726 3022175 236.6616  90.7983  9.49778265356405
1 28211U 81021U   18210.62702812 -.00000007 +00000-0 +65919-4 0  9998
2 28211 064.9625 290.0929 0031452 110.8002 320.9805 13.91536230781765
1 28225U 04012F   18212.12504984  .00081782  00000-0  74814-3 0  9996
2 28225  97.4433  45.6059 0005200 109.3236 250.8587 15.67541649773731
1 28232U 04012J   18212.02537680  .00026019  00000-0  56717-3 0  9996
2 28232  97.9368 196.3704 0021485 269.7865  90.0919 15.43993930766591
1 28264U 03010D   16243.49348674 -.00000214  00000-0  00000+0 0  9994
2 28264  39.0360  33.8105 4923895 102.2584 315.1580  5.88254445231416
1 28270U 81016L   18206.05456543 -.00000309 +00000-0 +00000-0 0  9997
2 28270 066.6564 229.7315 6081356 045.3053 350.5752 02.02482840128190
1 28271U 84069AG  18170.05227030 -.00000018 +00000-0 +56430-4 0  9995
2 28271 065.0541 319.0186 0061603 280.0503 191.2825 13.90814158245644
1 28273U 84069AJ  18208.33720478 -.00000047 +00000-0 +33934-4 0  9990
2 28273 065.0473 196.4371 0062425 277.1409 082.2560 13.91131262732025
1 28274U 84069AK  18206.44006921 -.00000006 +00000-0 +66083-4 0  9997
2 28274 065.0505 210.8447 0062310 273.6599 085.7341 13.90994110776538
1 28275U 88019F   18211.60158889 -.00000038 +00000-0 +46096-4 0  9999
2 28275 065.0448 288.0797 0031228 136.1401 292.0202 13.81662609245804
1 28277U 91068AS  18210.42157975 +.00000365 +00000-0 +11266-2 0  9994
2 28277 082.6228 200.0146 0069260 066.5890 089.1769 13.02078691723005
1 28278U 91068AT  18211.68808079 +.00001886 +00000-0 +74154-2 0  9996
2 28278 082.2789 103.6431 0043957 243.1471 145.5908 12.87412728721883
1 28283U 93014L   18211.73911580 +.00002749 +00000-0 +29889-3 0  9998
2 28283 075.7410 233.2764 0066466 341.6077 018.2709 14.86753937271765
1 28284U 93014M   18212.02083188  .00000993  00000-0  18910-3 0  9998
2 28284  75.7479 334.3765 0101094 135.9322 224.9969 14.61570626759691
1 28288U 93014R   18210.42099328 +.00004540 +00000-0 +27811-3 0  9999
2 28288 075.7267 110.8242 0048007 189.9716 170.0538 15.09372501762969
1 28290U 93014T   18211.38193402  .00002655  00000-0  33864-3 0  9996
2 28290  75.7427 236.2494 0065902 350.6221   9.3728 14.80260808760926
1 28291U 93014U   18211.79740971  .00004755  00000-0  31026-3 0  9992
2 28291  75.7285 146.6962 0048284 233.0413 126.6362 15.07058384775268
1 28292U 93014V   18212.05886154  .00000160  00000-0  53421-4 0  9997
2 28292  75.7610 112.4249 0149912 329.1327  30.1083 14.36134002806189
1 28300U 91082M   18211.93867081 +.00000424 +00000-0 +19364-3 0  9994
2 28300 098.7769 231.5038 0012026 072.5787 043.6800 14.26676132740628
1 28302U 91082P   18212.49444946  .00000242  00000-0  13844-3 0  9994
2 28302  98.8723 224.1650 0029867 255.7088 104.0770 14.18510210737909
1 28303U 91082Q   18211.45772569 -.00000008 +00000-0 +15035-4 0  9991
2 28303 098.6658 201.7608 0029838 147.5162 004.4276 14.25147478742267
1 28304U 91082R   18211.98428192 -.00000009  00000-0  18381-4 0  9998
2 28304  98.9281 219.3168 0012006 215.6617 173.8316 14.16262793737774
1 28307U 91082U   18212.48429425  .00000049  00000-0  53319-4 0  9990
2 28307  99.0856 220.7462 0039483  29.5656 125.1864 14.09748674734395
1 28308U 91082V   18211.55721064  .00000161  00000-0  90364-4 0  9998
2 28308  98.7922 226.6824 0015489 106.9893  51.9675 14.23479274739288
1 28309U 91082W   18211.95493249 -.00000020 +00000-0 +11257-4 0  9993
2 28309 098.7633 208.8926 0013916 276.2591 112.8857 14.21715427740475
1 28310U 91082X   18212.04914517  .00000721  00000-0  25921-3 0  9991
2 28310  98.6789 245.3202 0008386 328.2719  61.6179 14.36877748742534
1 28312U 91082Z   18212.50096137  .00000164  00000-0  96611-4 0  9999
2 28312  98.8614 224.3425 0012271 136.8777 223.3363 14.20750995738190
1 28313U 91082AA  18211.46530096  .00002475  00000-0  56213-3 0  9991
2 28313  98.7483 292.7444 0022226 202.4321 157.5906 14.56825344743995
1 28315U 91082AC  18212.12280358  .00000713  00000-0  47591-3 0  9992
2 28315  98.7300 355.9926 0137732  34.1080  19.8514 13.99608994725297
1 28317U 91082AE  18211.97299150 +.00000152 +00000-0 +94830-4 0  9992
2 28317 098.7789 204.4931 0126246 220.2679 157.9015 14.14539006735773
1 28318U 91082AF  18211.91501450 +.00001209 +00000-0 +44471-3 0  9995
2 28318 098.7795 254.9117 0057009 163.9343 323.7263 14.33594055738157
1 28319U 91082AG  18211.88418079 +.00000979 +00000-0 +39058-3 0  9994
2 28319 098.8027 190.4142 0062905 129.4562 231.2209 14.29746215737277
1 28321U 91082AJ  18212.03447373  .00000744  00000-0  27454-3 0  9991
2 28321  98.6813 243.2944 0008228 338.3459  52.1837 14.35459666741205
1 28322U 91082AK  18212.17062824  .00000055  00000-0  67231-4 0  9994
2 28322  98.6984 334.2800 0114170 298.6347 183.6048 13.95918827725845
1 28323U 91082AL  18211.77097370  .00003475  00000-0  72138-3 0  9994
2 28323  98.5184 215.8116 0055044  53.5546 307.0709 14.59869680739343
1 28325U 91082AN  18211.44731691 +.00001016 +00000-0 +48313-3 0  9998
2 28325 098.6254 074.5023 0083624 355.6818 124.8375 14.19764306730401
1 28326U 91082AP  18212.03563551  .00000566  00000-0  28692-3 0  9990
2 28326  98.9590 237.2736 0067673  62.6280 298.1761 14.18850515732909
1 28327U 91082AQ  18211.89247895 +.00000590 +00000-0 +26490-3 0  9995
2 28327 098.8698 230.2592 0031151 134.9166 345.1344 14.25977938264489
1 28328U 91082AR  18209.39287613 +.00002751 +00000-0 +79273-3 0  9998
2 28328 098.9353 278.1942 0067110 255.3066 104.0678 14.44281447733948
1 28329U 91082AS  18211.81947201 +.00000682 +00000-0 +36565-3 0  9993
2 28329 099.0324 208.3280 0090408 166.5607 193.8004 14.14364699729255
1 28330U 91082AT  18211.73471633 +.00000817 +00000-0 +41670-3 0  9990
2 28330 098.9691 187.4010 0095286 109.8513 251.2961 14.16168654731029
1 28331U 91082AU  18212.30351453  .00000708  00000-0  21493-3 0  9992
2 28331  98.3008 227.4957 0042148 191.2599 168.7653 14.44590627746003
1 28332U 91082AV  18210.37912134 +.00010488 +00000-0 +10407-2 0  9995
2 28332 098.7562 004.6704 0021960 169.0515 191.1184 14.91802285743990
1 28333U 91082AW  18211.89245462 +.00000758 +00000-0 +27712-3 0  9994
2 28333 098.6759 243.0672 0009625 334.1300 151.5536 14.35854940740072
1 28334U 91082AX  18212.14479279  .00000715  00000-0  33460-3 0  9999
2 28334  98.8920 181.6119 0080578 310.8314  48.5896 14.21767327733242
1 28335U 91082AY  18211.31067828  .00000493  00000-0  21731-3 0  9992
2 28335  98.8084 235.3461 0014070  91.5957 268.6836 14.27880073737907
1 28338U 91082BB  18211.03168870  .00000809  00000-0  28842-3 0  9994
2 28338  98.6725 244.4930 0010314 316.4277  43.6093 14.36941980739401
1 28340U 91082BD  18211.65236912 +.00002145 +00000-0 +50423-3 0  9993
2 28340 098.7584 282.3812 0019333 231.1761 128.7709 14.55398963740194
1 28342U 91082BF  18211.74399946  .00000813  00000-0  41608-3 0  9997
2 28342  98.9606 177.0201 0089389  85.7547 275.3836 14.16292042729643
1 28343U 91082BG  18211.46847718 +.00000666 +00000-0 +35707-3 0  9991
2 28343 099.0368 220.9126 0083709 164.0485 196.3354 14.14773106726880
1 28344U 91082BH  18211.29980521  .00000707  00000-0  27139-3 0  9999
2 28344  98.7064 239.4538 0007894 355.7544  60.8354 14.33585267738088
1 28345U 91082BJ  18212.15827064  .00001665  00000-0  94241-3 0  9990
2 28345  98.6374 341.4168 0126450 307.5834  51.3907 14.07498566722754
1 28346U 91082BK  18211.33729463  .00000780  00000-0  28505-3 0  9991
2 28346  98.6733 242.7743 0011517 346.2756  79.1119 14.35779521737906
1 28348U 91082BM  18210.69812244 +.00002365 +00000-0 +48515-3 0  9995
2 28348 098.6486 295.3246 0014502 110.8644 249.4110 14.61646160742149
1 28349U 91082BN  18211.79025642 +.00000778 +00000-0 +37738-3 0  9997
2 28349 098.9092 195.7972 0080860 069.3638 050.8276 14.19575771729498
1 28354U 04021C   18211.79759002 -.00000052 +00000-0 -10405-4 0  9994
2 28354 070.9577 355.1815 0221394 064.5250 297.8570 13.68280392705495
1 28355U 04021D   18211.90617758 -.00000067 +00000-0 -24783-4 0  9999
2 28355 070.9690 014.1864 0227988 038.8724 111.1661 13.67541202705110
1 28356U 04021E   18211.90170405 -.00000035 +00000-0 +70480-5 0  9993
2 28356 071.0635 042.8991 0221966 330.2187 093.6069 13.68738313705739
1 28357U 04021F   18212.34457466  .00000013  00000-0  52510-4 0  9996
2 28357  71.0763 338.8374 0202238 247.8827 141.5119 13.72837838708076
1 28388U 81043E   18212.02538514  .00001064  00000-0  43737-3 0  9995
2 28388  81.2648 317.4239 0045405 188.6171 171.4235 14.25823115731331
1 28389U 81043F   18211.72203462 +.00000655 +00000-0 +26090-3 0  9991
2 28389 081.2645 316.2029 0053255 197.2955 162.6413 14.26829907718174
1 28429U 01049NP  18211.89164163 +.00001640 +00000-0 +85579-4 0  9999
2 28429 097.4157 237.3132 0013088 218.5424 141.4876 15.17267341805558
1 28430U 01049NW  18211.40574318 -.00000141  00000-0 -56266-5 0  9994
2 28430  97.6257 197.0113 0036186 170.8209 189.3686 15.03692804823842
1 28432U 01049NY  18212.14577412  .00000317  00000-0  61309-4 0  9992
2 28432  97.7397 280.2874 0074607 275.4759  83.7940 14.68056862806008
1 28436U 01056K   18212.35675734 -.00000030  00000-0  20412-4 0  9996
2 28436  99.4238 358.8487 0191705 253.7424 132.9111 13.28640559806446
1 28437U 01056L   18212.33589649  .00000002  00000-0  84170-4 0  9993
2 28437  99.4503 337.7222 0200673 307.0252  78.3110 13.27299594805643
1 28438U 02024E   18211.76844834 +.00000414 +00000-0 +17436-3 0  9993
2 28438 098.4758 200.8616 0023393 026.5377 333.6999 14.30641179841237
1 28481U 04046C   18211.85588321 +.00000341 +00000-0 +11433-3 0  9993
2 28481 098.1593 313.1095 0129103 234.3166 275.2605 14.38672456715874
1 28482U 04046D   18211.91072323 +.00000255 +00000-0 +95610-4 0  9995
2 28482 098.7834 199.5555 0134187 115.8349 276.0317 14.35224651714482
1 28483U 04046E   18212.41202874  .00000253  00000-0  79418-4 0  9994
2 28483  98.0584  15.8613 0113343 106.0243 277.0550 14.44567603718996
1 28484U 04046F   18212.05656931  .00000039  00000-0  25316-4 0  9992
2 28484  98.6342 242.5111 0106560 331.1004  57.7860 14.41826060717488
1 28488U 04046G   07229.28095273 +.00006150 +00000-0 +10047-2 0  9996
2 28488 098.1779 246.7669 0026016 320.1533 049.2311 14.71014898146717
1 28563U 88098L   18211.05550579  .00000234  00000-0  13863-1 0  9997
2 28563   4.2956 317.7981 7210978 291.9433  22.1433  2.06969816115710
1 28567U 89006AJ  18212.19314290  .00000011  00000-0  49286-3 0  9998
2 28567   7.9755  48.7384 7127899 177.0605 192.3544  2.33429886131891
1 28568U 89006AK  15260.44768753  .00000014  00000-0  10000-3 0  9999
2 28568  11.7365   0.1124 6212483 317.8807   8.4652  2.24021894 90356
1 28569U 89006AL  18210.44625053 -.00000156  00000-0 -37728-3 0  9998
2 28569   7.7510 155.3003 7145602 324.9027 289.5859  2.29169228120551
1 28590U 92047Z   12117.78022953 -.00000059  00000-0  00000+0 0  9998
2 28590  65.6571  29.7701 5086295  10.5462   5.7322  4.38077028124853
1 28597U 81043G   18178.03268661  .00001242  00000-0  44114-3 0  9990
2 28597  81.2628 294.6913 0048601 131.7593 223.1539 14.33243954782361
1 28598U 82116E   18211.59485223 +.00001773 +00000-0 +44082-3 0  9990
2 28598 081.2347 173.7133 0030375 300.0283 059.7898 14.51159869199619
1 28599U 81043H   18212.15275664  .00001355  00000-0  36757-3 0  9994
2 28599  81.2482 164.4388 0021283 309.9723  49.9598 14.47051126832236
1 28600U 81043J   18210.13515341 +.00001028 +00000-0 +25072-3 0  9997
2 28600 081.2393 144.5348 0005000 092.6754 267.5012 14.52085273824005
1 28601U 81043K   18210.44223152 +.00000353 +00000-0 +11503-3 0  9992
2 28601 081.2612 263.2820 0041951 057.0712 303.4497 14.36206309746555
1 28602U 81043L   18197.94591206  .00000993  00000-0  34784-3 0  9996
2 28602  81.2576 281.6215 0055307  97.7936 269.3586 14.33590897735761
1 28603U 85013C   18211.30068460 +.00000196 +00000-0 +12651-3 0  9990
2 28603 082.5223 059.9882 0019584 308.2883 051.6523 13.98443304257941
1 28672U 88074H   18199.24591816  .00000313  00000-0  43413-3 0  9991
2 28672  89.9734  14.3977 0095137 131.1149 353.4568 13.54021659705409
1 28673U 88074J   18177.77654029  .00001039  00000-0  10741-2 0  9995
2 28673  89.9148 355.7984 0070826  67.8954 354.1144 13.74149198676301
1 27305U 01049KB  18211.34877108  .00000069  00000-0  19549-4 0  9999
2 27305  98.1810 167.5839 0043227 289.8269 224.3532 14.71617118889651
1 27353U 01049MA  18210.44293042 +.00000633 +00000-0 +42230-4 0  9991
2 27353 097.6616 208.5861 0023911 188.2231 171.8610 15.10528284898328
1 27384U 99057MJ  18211.91345226 +.00001267 +00000-0 +15157-3 0  9997
2 27384 098.1462 248.5864 0047342 358.0023 002.0994 14.85262380957187
1 27385U 99057MK  18210.30715696 +.00001963 +00000-0 +18621-3 0  9994
2 27385 097.9859 244.3776 0045979 177.2427 182.9054 14.93984128941283
1 27469U 00047C   18211.54418674 -.00000080 +00000-0 +42983-5 0  9991
2 27469 067.9959 249.5374 0070781 265.8443 252.1130 14.88804888871034
1 27482U 90081CU  18209.99431062 +.00000110 +00000-0 +87359-4 0  9993
2 27482 098.7057 226.4405 0009975 174.9721 214.7331 14.09498977899257
1 27489U 97005G   18210.47336535  .00002507  00000-0  18728-3 0  9992
2 27489  31.4988 340.9298 4912140 324.1603  31.1417  5.82742426336032
1 27491U 98043L   18210.97145365 -.00000006  00000-0  28096-4 0  9995
2 27491  98.9073  18.0457 0207530  57.7686 304.3399 13.79324675  9234
1 27492U 99057MM  18210.88865146 +.00000376 +00000-0 +10385-3 0  9998
2 27492 098.4545 189.1687 0089829 194.4727 165.3893 14.50314032905216
1 27493U 99057MN  18210.37344545 +.00000083 +00000-0 +36911-4 0  9997
2 27493 098.5532 174.3152 0079973 213.1220 300.9919 14.44117177935069
1 27530U 01049MV  18210.83938271 +.00001810 +00000-0 +52753-4 0  9990
2 27530 097.6152 344.1259 0026914 255.5861 104.2395 15.36481458895822
1 27536U 99057MP  18210.57495262 +.00000239 +00000-0 +73019-4 0  9993
2 27536 098.3010 177.5543 0034350 299.8137 125.5068 14.50014684865933
1 27538U 01049MW  18211.86410163 +.00000308 +00000-0 +22629-4 0  9997
2 27538 097.6679 187.4425 0043503 162.4364 197.8381 15.10125258894944
1 27569U 81021R   18199.68943060 -.00000035 +00000-0 +43701-4 0  9993
2 27569 064.9618 318.5802 0034325 130.3138 230.0934 13.91244518251870
1 27570U 81021S   18208.62951480 -.00000035 +00000-0 +43975-4 0  9998
2 27570 064.9619 294.3134 0033400 122.9259 304.7580 13.91274988247174
1 27571U 81021T   18207.88264435 -.00000051 +00000-0 +31329-4 0  9991
2 27571 064.9644 308.8926 0033469 117.7007 242.7458 13.91047379259834
1 27572U 84069W   16033.47233403  .00000065  00000-0  12301-3 0  9990
2 27572  65.0495  79.8007 0059221 238.4980 120.9844 13.90230374692027
1 27573U 84069X   18207.37460942 -.00000036 +00000-0 +42710-4 0  9992
2 27573 065.0440 196.4903 0059964 284.1274 146.4653 13.91088576816471
1 27580U 01049MY  18210.09516636 +.00000015 +00000-0 +10344-4 0  9996
2 27580 098.0674 160.5495 0047655 151.8560 208.5239 14.72983325862099
1 27582U 01049NA  18211.53432263  .00000220  00000-0  37099-4 0  9995
2 27582  98.2720 108.6941 0053986 349.3740  10.6325 14.78756761865372
