1 36090U 09061C   18211.79568027 +.00000387 +00000-0 +87453-4 0  9990
2 36090 098.1178 271.0378 0082053 144.4550 282.2721 14.59666305462071
1 36091U 09061D   18211.82260858 +.00000459 +00000-0 +96750-4 0  9996
2 36091 098.0989 169.9308 0074449 045.7253 344.3762 14.62367173462544
1 36092U 09061E   18211.87769875 +.00000223 +00000-0 +95049-4 0  9994
2 36092 098.4794 186.3520 0149021 201.1583 188.9319 14.28452617453275
1 36093U 09061F   18211.83719855 +.00000250 +00000-0 +99295-4 0  9991
2 36093 098.0740 073.5703 0150166 103.0351 258.7645 14.30016071453561
1 36100U 09057F   18211.60299042  .00000712  00000-0  35786-3 0  9998
2 36100  98.6948 257.1879 0011874 150.6171 209.5675 14.19601589450756
1 36132U 87011K   18211.07047209 -.00000022  00000-0  28097-4 0  9999
2 36132  65.0118  13.4573 0021221 278.7301  81.1381 14.33779198496202
1 36136U 99025DRH 15288.56023627  .00003279  00000-0  97012-3 0  9992
2 36136  98.9861  62.0845 0059846 110.4589 250.3525 14.42432117351535
1 36137U 99025DRJ 13356.75518735  .00018457  00000-0  53591-2 0  9994
2 36137  98.9376  91.9417 0074479 191.4159 323.2091 14.42748185256047
1 36138U 99025DRK 18211.94963943  .00001159  00000-0  44677-3 0  9993
2 36138  99.1671  33.8345 0050254 156.8151 203.5313 14.31662454487917
1 36139U 99025DRL 18176.71483337  .00001404  00000-0  83559-3 0  9998
2 36139  97.9417 346.0930 0146248 223.8882 135.0595 14.03553350474196
1 36140U 99025DRM 18211.47977062  .00001263  00000-0  18959-3 0  9991
2 36140  98.4161 295.2688 0185176 192.6968 232.7409 14.65595393497607
1 36141U 99025DRN 18212.34567366  .00000930  00000-0  59065-3 0  9994
2 36141  98.5037 261.2646 0143570 299.5538  59.1382 14.01192724478218
1 36142U 99025DRP 18211.88105417 +.00000426 +00000-0 +41874-3 0  9997
2 36142 098.3984 074.2437 0235579 045.1225 316.8792 13.71711723251801
1 36143U 99025DRQ 11048.59191816 +.00007902 +00000-0 +14513-2 0  9990
2 36143 098.3747 350.8563 0356794 341.8646 208.5238 14.32171721167396
1 36144U 99025DRR 11137.82219721 +.00002562 +00000-0 +18509-2 0  9998
2 36144 098.4101 002.7417 0142059 027.5362 333.2025 13.92717076110418
1 36145U 99025DRS 10129.93478077 +.00002245 +00000-0 +81840-3 0  9999
2 36145 098.9861 176.8643 0091005 066.2910 294.7788 14.31828427091337
1 36146U 99025DRT 11190.40338611 +.00003399 +00000-0 +78684-3 0  9993
2 36146 097.8622 054.7248 0245824 123.0051 248.6603 14.38775231172193
1 36147U 99025DRU 18209.06322321 +.00000551 +00000-0 +59076-3 0  9996
2 36147 098.5376 295.6740 0464396 280.1383 074.7690 13.38597054458141
1 36148U 99025DRV 18211.27828680  .00000209  00000-0  21367-3 0  9994
2 36148  98.4229   3.4433 0340872 345.9923  13.1945 13.62561360534147
1 36149U 99025DRW 18212.15428648  .00000585  00000-0  30814-3 0  9997
2 36149  99.6203 195.8447 0033099  69.0794 291.3916 14.18119003523583
1 36150U 99025DRX 14266.19014319 +.00001193 +00000-0 +98765-3 0  9999
2 36150 098.1781 253.4688 0272558 076.6532 286.5023 13.74565438347933
1 36152U 99025DRZ 18212.33178154  .00000358  00000-0  23223-3 0  9999
2 36152  98.9649 252.5058 0060407 253.9896 105.4614 14.08181638564028
1 36153U 99025DSA 18211.64487450 +.00000447 +00000-0 +20248-3 0  9998
2 36153 098.7636 267.4708 0047556 052.0009 101.2882 14.26225006264378
1 36154U 99025DSB 18211.04201597 +.00000988 +00000-0 +71082-3 0  9991
2 36154 097.7173 144.3367 0322099 145.0360 278.4530 13.76409154244174
1 36155U 99025DSC 18186.26499771 +.00000565 +00000-0 +30670-3 0  9999
2 36155 099.0405 203.8812 0025837 252.4496 107.3854 14.16376692256051
1 36156U 99025DSD 18212.40920319  .00000576  00000-0  24714-3 0  9997
2 36156  98.7971 272.2226 0051385  43.1624  13.9650 14.27974217505131
1 36159U 99025DSG 18211.44179033  .00001331  00000-0  12167-3 0  9991
2 36159  99.5084  83.8176 0266232  46.1243 316.1620 14.74176140568008
1 36160U 99025DSH 18212.29381069 -.00000011  00000-0  14033-4 0  9991
2 36160  98.1688 249.1704 0138667 353.5829   6.3564 14.10701052541556
1 36161U 99025DSJ 11303.31866844 +.00003804 +00000-0 +91825-3 0  9993
2 36161 097.7173 129.3058 0232038 136.6413 225.3639 14.38552753207308
1 36162U 99025DSK 18210.51916867 +.00001047 +00000-0 +72298-3 0  9991
2 36162 097.6424 112.0557 0327955 105.5896 258.1708 13.77652619332611
1 36163U 99025DSL 18212.03161291  .00001328  00000-0  68984-3 0  9993
2 36163  99.0762 288.1895 0078941 247.2521 112.0295 14.14950892509802
1 36165U 99025DSN 11012.67006549 +.00001336 +00000-0 +93657-3 0  9994
2 36165 098.0085 183.4237 0204325 328.0288 030.8547 13.90233081161115
1 36166U 99025DSP 18170.63358916  .00000462  00000-0  44547-3 0  9994
2 36166  97.5707 324.9572 0367407 152.9693 209.1120 13.56761292519971
1 36167U 99025DSQ 18211.59470841 +.00000366 +00000-0 +13800-3 0  9999
2 36167 098.8427 344.0029 0084225 284.5894 074.5962 14.35653572287030
1 36169U 99025DSS 18212.44256076  .00002325  00000-0  26919-3 0  9990
2 36169  98.0003  31.8473 0108605  20.6900 339.8659 14.82332088564557
1 36170U 99025DST 18212.22002569  .00000508  00000-0  40377-3 0  9999
2 36170  97.9972  11.7724 0134021 337.6513  21.8844 13.90919581522320
1 36172U 99025DSV 18208.72881894 +.00000535 +00000-0 +44651-3 0  9996
2 36172 098.1510 025.0738 0221548 157.9423 203.1451 13.81063222527900
1 36173U 99025DSW 18176.54647537  .00000140  00000-0  74375-4 0  9994
2 36173  98.2726 284.7331 0153778 268.8538  89.5019 14.21243919548099
1 36177U 99025DTA 18204.94638196 +.00000330 +00000-0 +20715-3 0  9994
2 36177 098.8811 263.3399 0041881 327.5473 032.3124 14.10824279499688
1 36180U 99025DTD 18208.19524255  .00000159  00000-0  84075-4 0  9998
2 36180  98.3960   0.6938 0231853 232.8503 126.2754 14.13297299541314
1 36181U 99025DTE 18208.38219877 +.00001405 +00000-0 +34156-3 0  9990
2 36181 098.9361 063.2598 0054204 213.2207 146.5580 14.53702689504892
1 36182U 99025DTF 18211.35246316 +.00000560 +00000-0 +28398-3 0  9992
2 36182 099.1344 356.2924 0025818 225.5738 134.3325 14.20149949496394
1 36184U 99025DTH 18212.55218403  .00000301  00000-0  22412-3 0  9997
2 36184  98.6451 324.0059 0140013 316.6469  42.3748 13.97579521527803
1 36186U 99025DTK 18210.00985248 +.00000983 +00000-0 +48044-3 0  9990
2 36186 099.0240 280.4970 0057442 267.3278 215.7356 14.19553038229581
1 36188U 99025DTM 18211.61384639 +.00000525 +00000-0 +21898-3 0  9997
2 36188 098.7528 264.1567 0078256 002.2448 357.9070 14.28771653494165
1 36189U 99025DTN 12036.06851140 +.00002808 +00000-0 +88705-3 0  9998
2 36189 098.9616 121.3044 0096676 332.4048 025.8088 14.38444906200063
1 36190U 99025DTP 18211.36390340 +.00000370 +00000-0 +18330-3 0  9993
2 36190 098.8271 266.9982 0047826 124.5134 296.3297 14.22596683264090
1 36191U 99025DTQ 13288.07624279 +.00009348 +00000-0 +25727-2 0  9993
2 36191 098.9631 032.7587 0078303 005.0034 014.3805 14.45339165248739
1 36192U 99025DTR 18211.58668166 +.00001599 +00000-0 +32369-3 0  9995
2 36192 098.7438 343.9276 0149314 174.8301 185.4480 14.56039250577657
1 36194U 99025DTT 18153.02991968 +.00007218 +00000-0 +10145-2 0  9991
2 36194 099.0324 089.9399 0028089 312.9967 046.8886 14.77469740548469
1 36196U 99025DTV 18211.44049950  .00000544  00000-0  31070-3 0  9995
2 36196  99.0329 291.8604 0039630 298.9304  60.7896 14.13557133541655
1 36197U 99025DTW 18210.35625320 +.00000433 +00000-0 +25276-3 0  9994
2 36197 098.9159 269.1343 0062202 313.2909 046.3084 14.12791599234974
1 36198U 99025DTX 18211.12956303  .00000220  00000-0  17874-3 0  9998
2 36198  98.6808 340.4607 0104450  70.6683 290.5740 13.96699422517928
1 36199U 99025DTY 18211.66976102  .00000056  00000-0  39059-4 0  9994
2 36199  98.6094 284.9481 0097040  56.0181 305.0173 14.26298953555411
1 36200U 99025DTZ 18210.77429246 +.00000871 +00000-0 +46406-3 0  9998
2 36200 099.4195 055.2129 0067840 107.1975 253.6638 14.15090088515223
1 36203U 99025DUC 18212.23007569  .00000272  00000-0  72693-4 0  9997
2 36203  99.1567 219.0025 0126756  26.8430 333.9247 14.52905822516070
1 36204U 99025DUD 18211.91869171 +.00000455 +00000-0 +22734-3 0  9990
2 36204 099.2970 104.2686 0022087 288.2240 071.6532 14.22086063560721
1 36205U 99025DUE 11295.45276802 +.00001375 +00000-0 +74992-3 0  9993
2 36205 099.4200 034.7726 0093380 264.4067 094.5786 14.11790677211403
1 36206U 99025DUF 18210.96671978  .00000103  00000-0  73996-4 0  9999
2 36206  98.7698 277.0225 0033368 201.5079 158.4695 14.15931105550578
1 36207U 99025DUG 18210.87471212 +.00000706 +00000-0 +56341-3 0  9992
2 36207 098.5876 251.4458 0166248 194.9959 164.6237 13.87708667537844
1 36209U 99025DUJ 13099.82431060 +.00002928 +00000-0 +20441-2 0  9995
2 36209 098.9594 043.4199 0085947 352.7301 031.1569 13.97556870232980
1 36211U 99025DUL 18212.38246496  .00000085  00000-0  42292-4 0  9990
2 36211  98.6722 257.6408 0293272 112.2370 251.0188 14.17880527561732
1 36214U 99025DUP 18209.04141054 +.00000711 +00000-0 +34150-3 0  9995
2 36214 099.0488 302.6588 0063270 152.3145 208.1423 14.21107873261112
1 36216U 99025DUR 18212.30237007  .00000061  00000-0  52981-4 0  9995
2 36216  98.8942 241.4867 0047213 158.8998 201.4137 14.15705222546188
1 36217U 99025DUS 12115.81362206 -.00146116 +00000-0 -35315-1 0  9991
2 36217 099.0939 243.0267 0145269 137.5089 224.4337 14.47705461181288
1 36218U 99025DUT 18211.29093351 +.00000333 +00000-0 +98168-4 0  9995
2 36218 099.0473 157.1176 0107841 110.9110 250.3664 14.47436131200479
1 36219U 99025DUU 11314.51712922 +.00011233 +00000-0 +32465-2 0  9997
2 36219 099.0425 054.6491 0138383 256.1791 102.4738 14.39267131171335
1 36222U 99025DUX 18210.97920806  .00000347  00000-0  16360-3 0  9996
2 36222  98.7467 262.5842 0060153  57.5267 303.1708 14.25127495569668
1 36223U 99025DUY 18211.92828993 +.00000818 +00000-0 +44894-3 0  9993
2 36223 098.3652 249.6113 0132630 134.5934 226.6152 14.09840024550894
1 36224U 99025DUZ 18211.80692874 +.00000008 +00000-0 +27638-4 0  9997
2 36224 099.1005 223.5691 0116976 029.3332 331.4339 14.11609126264440
1 36225U 99025DVA 18211.45102405  .00000408  00000-0  98530-4 0  9998
2 36225  98.8431  93.0626 0112180 322.9411  36.4075 14.55510960570603
1 36226U 99025DVB 18203.34091452  .00000148  00000-0  12293-3 0  9999
2 36226  98.6370 338.3018 0108173  36.5570 324.2917 13.99547664507369
1 36228U 99025DVD 18212.13433359  .00000800  00000-0  23388-3 0  9996
2 36228  99.2973 184.8663 0132268 139.3094 221.8066 14.42222592509731
1 36229U 99025DVE 18211.92997892 +.00000649 +00000-0 +50162-3 0  9991
2 36229 100.9150 250.8631 0125627 213.7814 271.2856 13.93996552256516
1 36230U 99025DVF 18212.39250945  .00000934  00000-0  97976-3 0  9997
2 36230  99.6572 262.7502 0229911 238.9697 118.8690 13.66824078536817
1 36231U 99025DVG 18211.87758381 -.00000033  00000-0  49608-5 0  9999
2 36231  98.7172 252.9529 0062764  73.0298 287.7740 14.10803949476965
1 36232U 99025DVH 18211.87792670 +.00000071 +00000-0 +59704-4 0  9997
2 36232 098.7731 249.4083 0122957 110.7301 250.7097 14.09773671237874
1 36234U 99025DVK 18211.11578419 -.00000010  00000-0  37397-4 0  9997
2 36234  98.9803 165.5300 0318677 335.8520  22.2647 13.44089306517616
1 36236U 99025DVM 18166.20283483  .00000033  00000-0  63674-4 0  9993
2 36236  98.8543 318.8704 0153438 139.7449 221.5186 13.80254150494967
1 36237U 99025DVN 18211.49572736  .00001738  00000-0  33896-3 0  9993
2 36237  98.9258  97.4575 0059507 121.2060 239.4991 14.63336718511982
1 36238U 99025DVP 18211.95625842 -.00000048  00000-0 -30422-5 0  9991
2 36238  98.6973 258.2539 0021944  39.9836 320.2947 14.11687841492168
1 36240U 99025DVR 11019.03930629 +.00002692 +00000-0 +74312-3 0  9993
2 36240 099.3841 106.8314 0365396 101.4675 257.3222 14.14911744114690
1 36241U 99025DVS 18211.21971174 +.00001242 +00000-0 +77145-4 0  9993
2 36241 098.3242 002.4798 0183101 331.3035 027.8204 14.99157394510302
1 36242U 99025DVT 18162.08746819  .00000231  00000-0  16806-3 0  9993
2 36242  98.1552 106.7398 0068814 263.5705  95.7625 14.03544422548301
1 36243U 99025DVU 18211.81153092 +.00000573 +00000-0 +65560-4 0  9996
2 36243 099.2253 062.9743 0146335 350.7748 009.0778 14.83990602276768
1 36244U 99025DVV 18212.16802789  .00000276  00000-0  17806-3 0  9999
2 36244  98.9872 285.0167 0059232 355.4860   4.5769 14.10395728540128
1 36246U 99025DVX 11280.44747633 +.00000673 +00000-0 +39647-3 0  9994
2 36246 099.0174 275.0128 0133011 273.8003 076.1936 14.07157088274512
1 36247U 99025DVY 18210.42885929 +.00000027 +00000-0 +24284-4 0  9999
2 36247 098.5793 278.5820 0203177 061.1700 300.9712 14.27330351506598
1 36248U 99025DVZ 18209.92022518 +.00000566 +00000-0 +45102-3 0  9999
2 36248 098.1441 024.0498 0216608 135.2198 226.6672 13.83911428487269
1 36250U 99025DWB 13085.57901125 +.00013307 +00000-0 +37280-2 0  9994
2 36250 099.1267 213.7682 0084089 190.6674 168.9664 14.44115645212777
1 36254U 99025DWF 18211.81272570 +.00000575 +00000-0 +14047-3 0  9996
2 36254 099.5835 058.5347 0122245 239.5191 119.3883 14.53158339213875
1 36255U 99025DWG 18211.26456111 +.00000210 +00000-0 +10386-3 0  9999
2 36255 099.5039 221.8672 0073176 307.9036 111.6425 14.27478047255307
1 36257U 99025DWJ 18212.26806253  .00001101  00000-0  41563-3 0  9999
2 36257  99.1221  30.6990 0023078 263.1002  96.7555 14.33415431494609
1 36258U 99025DWK 18211.41778515  .00000117  00000-0  27236-4 0  9993
2 36258  99.0495 285.1451 0207750 110.1888 252.1786 14.62349949516055
1 36259U 99025DWL 18212.35797748  .00000434  00000-0  20482-3 0  9994
2 36259  98.8621 258.1482 0002224 248.0502 169.8808 14.25006970498838
1 36260U 99025DWM 18211.87215314 -.00000030 +00000-0 +76600-5 0  9994
2 36260 098.8395 240.1700 0016496 013.1797 346.9803 14.13803211497602
1 36261U 99025DWN 18143.79676173  .00000052  00000-0  12894-3 0  9990
2 36261 101.3983 357.8701 0361632 333.5932  24.7152 13.43073551473620
1 36262U 99025DWP 18211.57829092  .00000043  00000-0  37136-4 0  9990
2 36262  98.9301 336.2243 0064133 109.0046 251.8095 14.24741796511373
1 36263U 99025DWQ 18211.51598575  .00000571  00000-0  26764-3 0  9994
2 36263  98.9517 322.6620 0051400 147.3228 213.1147 14.23498255496594
1 36265U 99025DWS 11139.42886204 +.00007978 +00000-0 +11728-2 0  9998
2 36265 099.4825 014.4538 0201480 238.6911 118.0926 14.62900854125353
1 36266U 99025DWT 18211.56338465 +.00000648 +00000-0 +41155-3 0  9998
2 36266 098.9116 131.6690 0071083 323.2167 036.4136 14.06132592230201
1 36267U 99025DWU 18211.75052601 +.00000299 +00000-0 +21213-3 0  9990
2 36267 098.5529 301.1802 0153586 224.5540 289.1366 13.99188847488125
1 36269U 99025DWW 18212.30341700  .00000086  00000-0  48782-4 0  9990
2 36269  99.2266  20.3635 0259809  24.0649 337.2414 14.18163396495823
1 36270U 99025DWX 18211.07362612  .00000760  00000-0  41280-3 0  9994
2 36270  99.0519 259.9917 0073214 222.7695 136.7766 14.14123695553954
1 36271U 99025DWY 18211.25968506 +.00000678 +00000-0 +33310-3 0  9992
2 36271 099.1026 234.0612 0105727 044.4320 316.5275 14.18231688221663
1 36272U 99025DWZ 18211.19204323 +.00000196 +00000-0 +11265-3 0  9996
2 36272 099.0866 333.3192 0176021 286.0334 072.1515 14.13089154255578
1 36273U 99025DXA 18199.17304944  .00000042  00000-0  47491-4 0  9991
2 36273  99.6382 186.5389 0099139 295.7350  63.3612 14.13592666539834
1 36274U 99025DXB 18211.79331285 +.00001199 +00000-0 +78898-3 0  9991
2 36274 099.1878 203.5345 0077035 169.5337 314.9878 14.02438114250975
1 36278U 99025DXF 18199.22969912  .00000061  00000-0  56363-4 0  9993
2 36278  99.2427 354.0837 0063214 338.0268  21.8195 14.13719957554420
1 36279U 99025DXG 18211.38700320 +.00000007 +00000-0 +26209-4 0  9998
2 36279 098.6961 265.9183 0062549 205.8187 153.9861 14.13494003509959
1 36280U 99025DXH 18212.34971271  .00000400  00000-0  28027-3 0  9998
2 36280  99.0121 258.4994 0067751  29.2960  28.1862 14.02974978486385
1 36281U 99025DXJ 18212.11881439 -.00000246  00000-0 -24567-3 0  9995
2 36281  99.2592 277.7002 0327378  77.8708 285.8899 13.47597228484441
1 36283U 99025DXL 18211.40434998 +.00000305 +00000-0 +64705-4 0  9995
2 36283 099.4457 076.2026 0144093 008.5907 351.7707 14.62029270270861
1 36289U 08053K   18212.18966564 -.00000333  00000-0 -25278-4 0  9992
2 36289  97.7024 192.1886 0012721 274.3982  85.5785 14.94897542517725
1 36290U 08053L   18211.15265762 +.00000025 +00000-0 +69833-5 0  9994
2 36290 097.6291 194.9570 0019928 240.0961 119.8283 14.98287922297239
1 36291U 08056G   18211.93518209 -.00000079 +00000-0 -21402-4 0  9991
2 36291 098.4066 025.6349 0175110 292.7103 065.5638 14.02873200492447
1 36292U 08056H   18212.38955133  .00000242  00000-0  16943-3 0  9996
2 36292  98.5759  71.6325 0164681  10.4624 349.9901 14.00360781496637
1 36293U 01049QN  11360.11946871 +.00006660 +00000-0 +10944-2 0  9993
2 36293 097.8436 224.6670 0115746 126.8097 224.4155 14.66525754253419
1 36294U 00033E   11155.37890151 -.00010230 +00000-0 -19214-2 0  9994
2 36294 098.2991 206.5319 0016321 128.4357 231.6048 14.64487700179454
1 36304U 99057SV  18211.83351855  .00000537  00000-0  12228-3 0  9990
2 36304  98.7875 218.4221 0060103 249.0745 110.4013 14.59363787756240
1 36317U 99057SW  12262.82654397 +.00008310 +00000-0 +23171-2 0  9995
2 36317 098.2292 239.0088 0008866 057.8207 300.5862 14.46498096205182
1 36318U 82025C   18212.06237211  .00001016  00000-0  59863-3 0  9996
2 36318  82.5316 119.1392 0011939 318.5994  41.4273 14.07098175683332
1 36319U 82025D   18210.94673230 -.00000022 +00000-0 -20529-4 0  9993
2 36319 082.5375 072.6950 0023858 222.3765 137.5569 14.12025682786790
1 36320U 82025E   18212.57292300  .00000802  00000-0  41003-3 0  9994
2 36320  82.5086  63.7130 0010028 199.1918 160.8883 14.14507026787796
1 36321U 82025F   18208.11422641 -.00000002 +00000-0 -10272-4 0  9992
2 36321 082.5348 095.6532 0022375 342.7903 017.2510 14.09592351745465
1 36322U 82025G   18211.31081156  .00001283  00000-0  67773-3 0  9998
2 36322  82.5311  75.9948 0025054 264.9263  94.9053 14.13041779793194
1 36323U 82025H   18132.81578517  .00000034  00000-0  10606-4 0  9995
2 36323  82.5335 173.2281 0011309 156.7106 203.4582 14.08121027480663
1 36324U 82025J   18202.10356678 +.00000163 +00000-0 +93565-4 0  9996
2 36324 082.5250 128.2153 0009070 110.9753 249.2390 14.03767324589981
1 36325U 82025K   18211.45145317 +.00000401 +00000-0 +23218-3 0  9993
2 36325 082.5330 105.6680 0023978 061.8077 298.5513 14.06503000246347
1 36326U 82025L   18212.45943241  .00000454  00000-0  27084-3 0  9990
2 36326  82.5290 132.0592 0025127  66.7529 293.6284 14.05201500698119
1 36327U 82025M   18199.14600684  .00001080  00000-0  67674-3 0  9997
2 36327  82.5186 138.6744 0007643  99.7610 260.4425 14.03778398730607
1 36328U 82025N   18199.10964149 +.00000407 +00000-0 +24070-3 0  9998
2 36328 082.5249 125.5924 0021048 077.9253 282.4276 14.05519647729258
1 36329U 82025P   18210.29024227 +.00000668 +00000-0 +33878-3 0  9992
2 36329 082.5078 058.1135 0013792 219.6548 140.3621 14.14709967670621
1 36330U 82025Q   18210.35259031 +.00000894 +00000-0 +49080-3 0  9997
2 36330 082.5411 091.0941 0007820 240.4673 119.5723 14.10831233820076
1 36331U 82025R   18211.36231812 +.00000765 +00000-0 +42299-3 0  9999
2 36331 082.5336 085.5339 0007569 113.0398 247.1576 14.10221615259753
1 36332U 82025S   18205.66359119 +.00000871 +00000-0 +55343-3 0  9999
2 36332 082.5317 173.8073 0003555 264.7076 218.4039 14.02796440717812
1 36333U 82025T   18211.93712366 +.00000985 +00000-0 +49036-3 0  9992
2 36333 082.5241 079.4315 0011188 280.7022 079.2896 14.16140189192481
1 36334U 82025U   18206.38026211 +.00000802 +00000-0 +44191-3 0  9998
2 36334 082.5149 088.4558 0020716 319.2000 040.7623 14.10433899233876
1 36335U 82025V   18199.98971668  .00000128  00000-0  61650-4 0  9992
2 36335  82.5130  83.2826 0020379 270.1292  89.7548 14.11879298702363
1 36336U 82025W   18062.80572842  .00002008  00000-0  12477-2 0  9994
2 36336  82.5351 243.4843 0005815  57.2645 302.9086 14.04587835702140
1 36337U 82025X   18204.22147245 +.00000517 +00000-0 +31347-3 0  9995
2 36337 082.5320 129.4167 0019727 043.1589 317.1124 14.04550442218751
1 36338U 82025Y   18212.31668117  .00000811  00000-0  43206-3 0  9995
2 36338  82.5271  77.5848 0016887 273.4325  86.4919 14.12269837771662
1 36339U 82025Z   18208.56735166 +.00001475 +00000-0 +49024-3 0  9998
2 36339 082.5170 297.0206 0005379 181.5707 178.5467 14.37204600698950
1 36340U 82025AA  18210.19007741 +.00000668 +00000-0 +30149-3 0  9994
2 36340 082.5289 016.8135 0027951 080.5370 279.8968 14.20665105252157
1 36341U 82025AB  18210.43499374 +.00000625 +00000-0 +34952-3 0  9998
2 36341 082.5314 096.6084 0015299 078.8820 281.4073 14.09291164784599
1 36342U 82025AC  18211.07174146 +.00000635 +00000-0 +38855-3 0  9994
2 36342 082.5388 126.1538 0029384 024.1611 336.0931 14.04269046261179
1 36343U 82025AD  18211.95861546 +.00000739 +00000-0 +42486-3 0  9999
2 36343 082.5141 090.5816 0014541 012.0161 348.1356 14.08031969250500
1 36344U 82025AE  18211.10051624 +.00000961 +00000-0 +38770-3 0  9993
2 36344 082.5244 343.8943 0023374 254.7595 105.1005 14.26961460305264
1 36345U 82025AF  18211.93320051 -.00000193 +00000-0 -12068-3 0  9999
2 36345 082.5307 092.5938 0021202 338.4708 021.5572 14.08961910258774
1 36346U 82025AG  17252.58833362 +.00001926 +00000-0 +10305-2 0  9993
2 36346 082.5298 354.7481 0012375 121.8908 238.3474 14.12671108198940
1 36347U 82025AH  18210.25633436 +.00000791 +00000-0 +53136-3 0  9992
2 36347 082.5376 191.2892 0007239 337.7314 022.3539 13.99603057597139
1 36348U 82025AJ  18211.24480877  .00001411  00000-0  74444-3 0  9997
2 36348  82.4838  50.6535 0004672 221.9255 138.1564 14.13297169825677
1 36349U 82025AK  18211.84807388 +.00001046 +00000-0 +53664-3 0  9999
2 36349 082.5184 060.4736 0014739 161.6728 198.4983 14.14560713798093
1 36350U 82025AL  18210.91908796  .00000048  00000-0  17411-4 0  9995
2 36350  82.5291  75.0671 0012998 266.6328  93.3361 14.12677549810903
1 36351U 82025AM  18211.99358779  .00001142  00000-0  66422-3 0  9996
2 36351  82.5509 113.0248 0013057  51.9246 308.3103 14.07845474578654
1 36352U 82025AN  18184.84043343  .00001121  00000-0  44763-3 0  9999
2 36352  82.5292  23.7983 0015918  67.9896 292.2977 14.27707405676699
1 36353U 82025AP  18202.76867695  .00000404  00000-0  24310-3 0  9995
2 36353  82.5374 128.9358 0011828  17.7985 342.3599 14.04567098823499
1 36354U 82025AQ  18211.94449061 +.00000903 +00000-0 +51261-3 0  9998
2 36354 082.5134 089.8130 0019668 281.1956 078.7007 14.08966898773147
1 36355U 82025AR  18211.32001476  .00001336  00000-0  71953-3 0  9996
2 36355  82.5227  76.9072 0020935 291.7454  68.1493 14.12087958803841
1 36356U 82025AS  18142.31824288  .00000842  00000-0  46546-3 0  9994
2 36356  82.5159 138.0800 0015177  21.3267 342.6187 14.10306185523951
1 36357U 82025AT  18204.11364258 +.00000503 +00000-0 +30244-3 0  9990
2 36357 082.5369 133.7256 0016811 064.1738 296.1165 14.05078928256470
1 36366U 93036AYT 18212.21351141  .00000685  00000-0  33470-3 0  9996
2 36366  74.0721  44.6394 0113489  18.1695 342.3450 14.16539290481894
1 36367U 93036AYU 18209.55246170 -.00000038  00000-0 -12243-4 0  9995
2 36367  74.0961  53.6892 0287770  47.2489 315.2461 13.78281271456032
1 36368U 93036AYV 18212.26459234  .00001290  00000-0  62586-3 0  9998
2 36368  74.1601 160.5064 0149485  41.1594 320.0706 14.13592197450148
1 36369U 93036AYW 18211.68794300 +.00000426 +00000-0 +12537-3 0  9991
2 36369 074.0426 104.8737 0027318 147.0561 213.2307 14.46418797468374
1 36371U 93036AYY 18211.55145993  .00000517  00000-0  16946-3 0  9997
2 36371  74.0253 160.7031 0021817 140.2155 220.0606 14.40769537466309
1 36372U 93036AYZ 18212.25212771  .00001104  00000-0  33566-3 0  9995
2 36372  74.0129 183.8021 0046209 172.6444 187.5401 14.42664922466257
1 36375U 93036AZC 18210.16770084 +.00000871 +00000-0 +18435-3 0  9990
2 36375 074.0475 030.3601 0016759 083.7017 276.6057 14.60744646484045
1 36378U 93036AZF 18211.46329969  .00000299  00000-0  36830-4 0  9993
2 36378  74.0598 139.9586 0086170 182.1535 177.9288 14.85539418475073
1 36379U 93036AZG 18212.32662333  .00000081  00000-0  39167-4 0  9990
2 36379  74.0123 193.1123 0050269 240.0609 185.6022 14.32273773485932
1 36380U 93036AZH 18211.34064781  .00014518  00000-0  55407-3 0  9990
2 36380  73.9712  93.7458 0011882 186.7463 173.3580 15.26601006479882
1 36381U 93036AZJ 18210.37024547 +.00000969 +00000-0 +30837-3 0  9994
2 36381 074.0234 208.9905 0052852 195.0817 164.8766 14.40391325461257
1 36383U 93036AZL 13296.83179861  .00008729  00000-0  24920-2 0  9993
2 36383  73.8221 100.1751 0170930 139.0065 226.7337 14.37040104210981
1 36384U 93036AZM 18210.67224760 +.00000819 +00000-0 +21414-3 0  9994
2 36384 074.0303 100.2373 0017629 111.1721 249.1325 14.50876473478817
1 36385U 93036AZN 18211.84518571  .00000451  00000-0  11585-3 0  9991
2 36385  73.9869 164.8556 0225253 248.8864 108.8081 14.39440862465229
1 36387U 93036AZQ 18212.35399398  .00001003  00000-0  32486-3 0  9991
2 36387  73.9997 210.0680 0061274 222.9371 200.8237 14.39258329459945
1 36388U 93036AZR 13077.20668407 -.00000040 +00000-0 +00000-0 0  9995
2 36388 073.9593 030.2761 0101647 288.4450 070.6169 14.73089513187652
1 36390U 97051VU  18211.84253236  .00000218  00000-0  50231-4 0  9995
2 36390  86.3006  54.4869 0045023 246.4059 113.2415 14.49879814491800
1 36419U 93036AZS 18212.35701926  .00000917  00000-0  33423-3 0  9996
2 36419  73.8476 223.3861 0107302 321.3294  38.0205 14.31442174471957
1 36420U 93036AZT 18212.22621794  .00000033  00000-0  20881-4 0  9992
2 36420  74.0376 170.8896 0019465 202.3567 217.4094 14.34791948465410
1 36422U 93036AZV 18212.43248234  .00000661  00000-0  90194-4 0  9992
2 36422  74.0081 221.5934 0115719  44.9276 316.1190 14.76411277488574
1 36423U 93036AZW 18186.22005293 +.00001415 +00000-0 +53362-3 0  9999
2 36423 073.8187 143.0509 0305638 271.8883 090.7683 14.09730659457708
1 36424U 93036AZX 18211.92932438 +.00000702 +00000-0 +28254-3 0  9996
2 36424 074.1824 036.4012 0101676 236.7525 122.3849 14.27088691453157
1 36430U 93036BAD 18212.53276177  .00000081  00000-0  44804-4 0  9992
2 36430  74.0074 286.0410 0103731 337.7665  21.8997 14.23092189459950
1 36432U 93036BAF 18211.04651223  .00002982  00000-0  17687-3 0  9998
2 36432  73.7139 332.4066 0039476  46.3687 314.0766 15.11277183470551
1 36434U 93036BAH 13228.56050817 +.00003568 +00000-0 +13066-2 0  9999
2 36434 074.0702 267.4289 0034551 358.8433 322.1003 14.32889054205161
1 36435U 93036BAJ 18200.67521186  .00001029  00000-0  35202-3 0  9996
2 36435  73.8273 202.5248 0097805 312.9115  46.3856 14.34995061458086
1 36437U 93036BAL 18212.29566474  .00000414  00000-0  12568-3 0  9995
2 36437  73.9529  81.5835 0030214 193.6871 166.3471 14.45049715468685
1 36439U 93036BAN 18211.05453167 -.00000200  00000-0 -17857-3 0  9995
2 36439  73.9726 341.5556 0451572 115.4310 249.4235 13.41566031443515
1 36441U 93036BAQ 18212.14096497  .00000147  00000-0  19625-4 0  9992
2 36441  73.8439  17.9593 0170924 318.5610  40.2703 14.81318910471256
1 36442U 93036BAR 18212.17536227  .00000963  00000-0  28320-3 0  9993
2 36442  73.9903 128.1062 0038860 174.6804 185.4775 14.44661575467992
1 36447U 93036BAW 18211.80749974  .00001423  00000-0  11583-3 0  9997
2 36447  73.9323  21.0782 0082729 219.8280 139.6816 14.98060598475270
1 36448U 93036BAX 18211.35389216  .00000793  00000-0  25409-3 0  9998
2 36448  74.0875 218.1826 0043651 119.4385 241.1138 14.40569162451228
1 36450U 93036BAZ 13089.48240103 +.00003607 +00000-0 +11742-2 0  9995
2 36450 074.0398 140.7396 0032971 235.7057 124.0885 14.38788761183892
1 36451U 93036BBA 18211.95621735 +.00000488 +00000-0 +24281-3 0  9991
2 36451 073.9417 070.9316 0211365 102.2231 321.5700 14.08476164462503
1 36453U 93036BBC 18207.26234780 +.00000279 +00000-0 +97706-4 0  9993
2 36453 073.9313 140.3624 0087981 271.0285 241.8196 14.37879675456123
1 36454U 93036BBD 18207.63439533 +.00001750 +00000-0 +26229-3 0  9994
2 36454 074.0063 313.8291 0012424 121.9767 238.2616 14.75417228460725
1 36456U 93036BBF 14183.06912349 +.00003814 +00000-0 +14473-2 0  9993
2 36456 074.0436 075.9736 0061913 063.4710 297.2768 14.30331568268964
1 36457U 93036BBG 13063.87464931 +.00002647 +00000-0 +70111-3 0  9993
2 36457 074.0490 138.3420 0046066 343.0822 016.8798 14.48644601180181
1 36459U 93036BBJ 18208.03029428 +.00000609 +00000-0 +32573-3 0  9993
2 36459 074.0202 098.0867 0141119 113.2884 248.3181 14.10175202476609
