1 41061U 00055U   18204.21145823 +.00000102 +00000-0 +74749-4 0  9991
2 41061 098.8562 283.0664 0020799 267.0495 092.8298 14.15744875137309
1 41018U 99025EXY 18140.02163466  .00000391  00000-0  52790-3 0  9990
2 41018  99.8657  72.6287 0327944  76.4957 287.2488 13.45429690509533
1 41146U 00055CD  18203.99270874 +.00000727 +00000-0 +41834-3 0  9995
2 41146 098.8873 276.4929 0034240 137.6764 222.7058 14.12040742136132
1 41225U 00055EE  18204.46926658 +.00001315 +00000-0 +64988-3 0  9993
2 41225 098.9239 290.8709 0040973 270.0911 089.5569 14.18742183135341
1 41093U 00055BC  18205.15181378 +.00001763 +00000-0 +59254-3 0  9992
2 41093 098.8763 312.5718 0095507 147.2696 213.4455 14.35915985138510
1 41208U 00055DM  18205.12522693 -.00000025 +00000-0 +10748-4 0  9993
2 41208 098.8283 262.3876 0040985 120.1035 240.4205 14.04496889133374
1 41262U 00055FN  18205.36552516 +.00000609 +00000-0 +44078-3 0  9995
2 41262 098.8723 254.4843 0068035 130.0477 230.6682 13.99118443134062
1 41002U 99025EXG 18202.42949669  .00000584  00000-0  47638-3 0  9992
2 41002  98.1700  63.5857 0147616 104.6241 257.1338 13.88009711374192
1 41077U 00055AL  18205.17250062 -.00000085 +00000-0 -31692-4 0  9998
2 41077 099.1192 273.9493 0117495 144.5281 216.3764 13.91142720134862
1 41058U 00055R   18205.13073878 +.00000104 +00000-0 +87243-4 0  9994
2 41058 098.8208 268.4532 0026961 042.3578 317.9666 14.07340853136630
1 41162U 00055CV  18205.45385921 +.00000340 +00000-0 +21872-3 0  9997
2 41162 098.8623 272.9969 0038959 131.3669 229.0863 14.09324583135849
1 41133U 00055BQ  18202.45001469 -.00000998  00000-0 -49880-3 0  9994
2 41133  98.9524 283.7861 0017500 152.6784 207.5313 14.14230914135067
1 41246U 00055EW  18205.55288294 +.00001391 +00000-0 +56223-3 0  9991
2 41246 098.9465 308.8739 0070211 156.8074 203.6301 14.28178216132832
1 40871U 12035E   18201.01673580 -.00000300  00000-0  00000+0 0  9996
2 40871   3.0810  88.2052 0029835 213.3384 105.4941  1.01518394 21863
1 41136U 00055BT  18205.53828411 +.00001943 +00000-0 +84778-3 0  9997
2 41136 099.0992 318.2596 0045695 192.4521 167.5532 14.24598049137288
1 40989U 15034E   18204.06784553 -.00000173 +00000-0 +00000-0 0  9998
2 40989 001.3208 207.5306 0029499 096.9425 263.0995 01.01536554011036
1 41064U 00055X   18205.43946103 +.00000676 +00000-0 +36378-3 0  9990
2 41064 098.8724 283.9845 0018949 274.5012 085.3997 14.16138188137458
1 41040U 15064C   18203.19776347  .00001204  00000-0  33951-4 0  9995
2 41040  97.3728 340.3717 0014886 325.4035  34.6240 15.38359998150309
1 41149U 00055CG  18204.05913739 +.00001182 +00000-0 +47516-3 0  9999
2 41149 098.8973 303.8686 0075920 195.9561 163.9227 14.28534793137959
1 41228U 00055EH  18200.98528314 +.00000620 +00000-0 +36587-3 0  9998
2 41228 098.8799 273.8492 0021670 010.1557 350.0048 14.11469169133749
1 41096U 00055BF  18205.12576147 +.00001788 +00000-0 +42857-3 0  9992
2 41096 098.8663 330.7326 0139323 082.5219 279.1778 14.49084889139597
1 41211U 00055DQ  18203.63292392 +.00000361 +00000-0 +23583-3 0  9993
2 41211 098.8766 272.0846 0028824 030.7829 329.5024 14.08354269134877
1 41265U 00055FR  18202.92308584 +.00001030 +00000-0 +64943-3 0  9993
2 41265 098.7737 255.6793 0037840 113.2154 247.3007 14.06046687132558
1 41005U 99025EXK 18204.57367167 +.00000490 +00000-0 +31728-3 0  9999
2 41005 099.0200 125.7910 0624044 057.3612 308.6172 13.38110855161898
1 41080U 00055AP  18205.43386492 -.00000884 +00000-0 -44540-3 0  9990
2 41080 098.8247 278.4784 0005336 205.8679 154.2228 14.13608600136561
1 41165U 00055CY  18204.97842507 +.00000297 +00000-0 +19435-3 0  9997
2 41165 098.7640 261.7656 0025346 029.0082 331.2491 14.09295834135790
1 41249U 00055EZ  18203.05361502 +.00000959 +00000-0 +43326-3 0  9990
2 41249 098.9020 296.5499 0049738 194.0872 165.8921 14.23847164132138
1 41198U 00055DB  18205.03585721 +.00000759 +00000-0 +48658-3 0  9995
2 41198 098.9397 272.1318 0038296 088.0155 272.5398 14.05972868133484
1 41252U 00055FC  18202.98264731 +.00000157 +00000-0 +13234-3 0  9996
2 41252 098.9380 262.9806 0070501 133.8834 226.8183 14.00336378134002
1 40992U 97051ABE 18204.34333656 +.00001921 +00000-0 +40269-3 0  9991
2 40992 086.3054 060.7066 0021947 246.0372 238.9220 14.59076807339798
1 41067U 00055AA  18205.44590148 +.00000149 +00000-0 +10446-3 0  9991
2 41067 098.8351 277.8845 0003949 204.0809 156.0178 14.12483095137098
1 41045U 00055C   18205.13798685 -.00000054 +00000-0 -52899-5 0  9996
2 41045 098.7852 276.3041 0012494 259.5191 100.4574 14.14135834137343
1 41152U 00055CK  18205.45435596 +.00000601 +00000-0 +32627-3 0  9990
2 41152 098.8710 284.9377 0014674 206.5753 153.4669 14.16132636136678
1 41231U 00055EL  18205.24336192 +.00000938 +00000-0 +39446-3 0  9996
2 41231 098.8917 302.6796 0065068 186.7602 173.2707 14.27100048135871
1 41126U 00055BH  18203.96699146 -.00000040 +00000-0 +12186-5 0  9996
2 41126 098.8641 256.4131 0079790 153.1860 207.3462 13.99276085134428
1 41214U 00055DT  18203.44990970 +.00000589 +00000-0 +29828-3 0  9992
2 41214 098.8226 283.2562 0036251 190.7237 169.3170 14.19598049135548
1 41268U 00055FU  18205.43809999 +.00000419 +00000-0 +28029-3 0  9996
2 41268 098.9777 279.8529 0034887 126.1300 234.3105 14.06131973132947
1 41008U 99025EXN 18180.91814593 +.00000081 +00000-0 +77339-4 0  9998
2 41008 099.4407 069.7495 0521230 284.3968 069.9881 13.55944106195094
1 41083U 00055AS  18204.01406259 +.00000110 +00000-0 +14133-3 0  9995
2 41083 098.8921 222.3007 0207187 269.7736 087.9672 13.72996394132947
1 41086U 00055AV  18205.01433331 +.00000769 +00000-0 +34680-3 0  9999
2 41086 098.7883 288.2193 0051743 190.1091 169.9052 14.24387595137920
1 41201U 00055DE  18205.12786210 +.00000255 +00000-0 +19362-3 0  9997
2 41201 098.9395 269.6179 0049780 128.6702 231.8933 14.01914949134758
1 41255U 00055FF  18203.48292799 +.00000726 +00000-0 +33549-3 0  9993
2 41255 098.7765 284.1925 0049118 188.8827 171.1487 14.23380440136184
1 40995U 97051ABH 18202.05111203 +.00000710 +00000-0 +19277-3 0  9992
2 40995 086.3927 117.4849 0043671 016.9738 043.8635 14.45634270116882
1 41070U 00055AD  18205.41606077 +.00002323 +00000-0 +18442-3 0  9991
2 41070 098.8346 016.3855 0238587 281.8334 075.6209 14.82094083143266
1 41051U 00055J   18205.44602337 +.00000546 +00000-0 +30410-3 0  9992
2 41051 098.8693 283.2583 0017794 282.4955 077.4227 14.15099536137407
1 41155U 00055CN  18203.00941286 +.00000516 +00000-0 +28834-3 0  9990
2 41155 098.8964 283.5411 0024323 183.8375 176.2615 14.15124015136232
1 41234U 00055EP  18205.52169582 +.00001502 +00000-0 +49220-3 0  9996
2 41234 098.8522 312.1417 0104986 128.9720 232.0876 14.36865106137027
1 41129U 00055BL  18205.53775522 +.00001840 +00000-0 +62820-3 0  9993
2 41129 098.8732 311.1665 0093139 135.1229 225.7535 14.35209624137946
1 41217U 00055DW  18204.38001606 +.00000660 +00000-0 +43514-3 0  9996
2 41217 098.8599 264.6197 0049959 129.6564 230.9026 14.04541053133027
1 41011U 99025EXR 18192.55748631  .00000134  00000-0  41631-4 0  9999
2 41011  99.1909  50.2925 0364499 308.5536  48.3495 14.27190257183748
1 41139U 00055BW  18202.36598990  .00000496  00000-0  37273-3 0  9994
2 41139  98.9722 260.8721 0079350 133.2627 227.5194 13.97527939134341
1 41142U 00055BZ  18205.49642672 +.00000928 +00000-0 +40379-3 0  9993
2 41142 098.8303 293.5943 0068060 152.1795 208.3051 14.25251162138055
1 41221U 00055EA  18204.24884851 +.00000577 +00000-0 +25729-3 0  9992
2 41221 098.8979 300.1640 0058000 208.5103 151.2900 14.25842068135937
1 41089U 00055AY  18204.45472014 +.00000544 +00000-0 +31432-3 0  9993
2 41089 098.8471 276.5217 0010091 144.8708 215.3131 14.13136437136339
1 41204U 00055DH  18203.41136863 +.00000456 +00000-0 +29111-3 0  9999
2 41204 098.9073 275.0066 0026721 132.2996 228.0444 14.08360376134858
1 41258U 00055FJ  18205.52132387 +.00001143 +00000-0 +49477-3 0  9990
2 41258 098.9503 305.9943 0062839 220.3019 139.3494 14.25316686132746
1 40998U 97051ABL 18204.02175061 +.00000245 +00000-0 +75812-4 0  9997
2 40998 086.3876 114.8188 0007287 326.4588 089.2153 14.37185258682795
1 41073U 00055AG  18204.48964707 +.00000409 +00000-0 +22201-3 0  9998
2 41073 098.8430 284.2906 0022664 214.6114 145.3586 14.17777685137252
1 41054U 00055M   18205.25752570 +.00000119 +00000-0 +67171-4 0  9990
2 41054 098.9395 307.6659 0070778 202.3910 157.4175 14.26392217138527
1 41158U 00055CR  18205.06413521 +.00000597 +00000-0 +32468-3 0  9994
2 41158 098.9160 288.9123 0016682 211.2448 148.7735 14.16086482136614
1 41237U 00055ES  18204.52433850 +.00000912 +00000-0 +41216-3 0  9991
2 41237 098.9408 301.9929 0056014 173.8432 186.3447 14.23805201137071
1 41132U 00055BP  18205.07815120 +.00000754 +00000-0 +34823-3 0  9990
2 41132 098.8157 289.4259 0052230 177.9266 182.2138 14.23232031136400
1 41014U 99025EXU 18203.40288691  .00001287  00000-0  28712-3 0  9998
2 41014  98.9007  62.2055 0072111  71.0022 289.8969 14.57177811231008
1 41060U 00055T   18205.51951308 +.00000534 +00000-0 +21761-3 0  9991
2 41060 098.9209 310.3821 0090311 197.6884 162.1146 14.29434386138811
1 41017U 99025EXX 16048.23031630  .00028021  00000-0  66911-2 0  9993
2 41017  99.1148 202.9380 0018667 122.3422   2.3639 14.53480835177992
1 41145U 00055CC  18205.59597062 +.00001439 +00000-0 +41435-3 0  9991
2 41145 099.0105 336.2802 0126513 138.1124 222.9828 14.41872591139315
1 41224U 00055ED  18205.02457130 +.00000618 +00000-0 +38928-3 0  9999
2 41224 098.9482 275.4681 0036238 047.9799 312.4445 14.07729023134326
1 41092U 00055BB  18204.52437209 +.00002302 +00000-0 +78484-3 0  9994
2 41092 098.8781 310.4147 0086954 151.5607 209.0363 14.35320216138323
1 41207U 00055DL  18205.22174161 +.00001076 +00000-0 +42936-3 0  9995
2 41207 098.8675 303.0366 0073860 174.2045 186.0008 14.29148598136810
1 41261U 00055FM  18205.40445249 +.00000056 +00000-0 +61653-4 0  9998
2 41261 098.8327 263.0007 0043941 120.4422 240.1097 14.04323294133357
1 41001U 99025EXF 18170.20622894 +.00000923 +00000-0 +46435-3 0  9990
2 41001 098.9930 172.4012 0035121 316.5879 108.9193 14.18679548221845
1 41076U 00055AK  18205.45607307 +.00000488 +00000-0 +92148-4 0  9994
2 41076 099.2326 024.9766 0210119 047.1118 314.7507 14.56846663141160
1 41057U 00055Q   18205.47213013 +.00000635 +00000-0 +33036-3 0  9996
2 41057 098.8886 289.5081 0027275 233.6021 126.2638 14.18120960137684
1 41161U 00055CU  18205.40493975 +.00000446 +00000-0 +28419-3 0  9991
2 41161 098.8700 272.9537 0042114 011.2638 348.9464 14.08267218135775
1 41245U 00055EV  18205.39988890 +.00000293 +00000-0 +19200-3 0  9995
2 41245 098.8365 272.5588 0017694 042.2764 317.9767 14.09606945131162
1 40870U 12008AL  15195.44609949 +.00000159 +00000-0 +12519-1 0  9990
2 40870 017.8614 008.0495 7306611 183.7542 163.8017 02.04627960014072
1 41135U 00055BS  18204.46968104 +.00001025 +00000-0 +43601-3 0  9992
2 41135 098.8313 294.2351 0063088 168.0578 192.2115 14.26385382137468
1 41063U 00055W   18205.12496328 +.00000472 +00000-0 +28883-3 0  9990
2 41063 098.8947 278.2391 0023101 008.4928 351.6629 14.10549981136904
1 41024U 15061C   18204.33394249 +.00001370 +00000-0 +15015-3 0  9992
2 41024 097.3134 241.4248 0227067 163.3698 197.5119 14.72220700146475
1 41148U 00055CF  18204.75562207 +.00001496 +00000-0 +47589-3 0  9993
2 41148 098.8782 315.8152 0096735 135.5868 225.3128 14.38795650138747
1 41227U 00055EG  18205.49704103 +.00001053 +00000-0 +50966-3 0  9998
2 41227 099.0161 304.8425 0040007 192.7793 167.2372 14.20293563135203
1 41095U 00055BE  18204.52532382 +.00002420 +00000-0 +97662-3 0  9995
2 41095 098.9901 310.8500 0056429 193.3655 166.6033 14.28045407137531
1 41210U 00055DP  18205.43951923 +.00000254 +00000-0 +17282-3 0  9994
2 41210 098.8793 274.5553 0026032 043.2533 317.0675 14.08626101135500
1 41264U 00055FQ  18205.41330607 +.00000476 +00000-0 +28225-3 0  9996
2 41264 098.8236 274.3904 0004051 106.8289 253.3328 14.12336597133338
1 41004U 99025EXJ 18157.60469078 +.00000294 +00000-0 +36465-3 0  9998
2 41004 099.2205 290.8136 0262284 336.9668 021.9885 13.59132394197642
1 41079U 00055AN  18205.56919346 +.00000122 +00000-0 +14220-3 0  9997
2 41079 098.9524 242.5020 0146851 211.6720 147.5536 13.81264385133963
1 41164U 00055CX  18204.01008366 +.00000311 +00000-0 +23949-3 0  9990
2 41164 099.0078 268.7628 0073342 160.4270 199.9735 13.99107039134675
1 41248U 00055EY  18203.98040915 +.00000812 +00000-0 +63030-3 0  9995
2 41248 098.9280 249.3329 0095969 160.9226 199.5569 13.93237564129552
1 40987U 08066D   17365.80611396  .00000140  00000-0  00000+0 0  9998
2 40987   4.2266  59.6560 0072375 260.0641  98.9192  1.00231399 31464
1 41138U 00055BV  18205.17508653 +.00000587 +00000-0 +33430-3 0  9994
2 41138 098.8582 279.0186 0006338 045.4482 314.7207 14.13689120135333
1 41066U 00055Z   18205.19159364 +.00000179 +00000-0 +11445-3 0  9996
2 41066 098.8585 284.0588 0015991 237.9507 122.0113 14.15449880137381
1 41042U 15064E   18205.58236884 +.00002585 +00000-0 +19030-3 0  9993
2 41042 097.1603 256.1747 0202064 116.2596 245.9543 14.89183780145523
1 41151U 00055CJ  18205.37578126 +.00000133 +00000-0 +12219-3 0  9992
2 41151 098.8854 254.5436 0081121 112.5302 248.4472 13.96898256134996
1 41230U 00055EK  18205.06998061 +.00000899 +00000-0 +42168-3 0  9995
2 41230 098.9323 299.4498 0042875 216.5731 143.2516 14.22234732135395
1 41119U 11077AJ  18204.96138641 -.00000107 +00000-0 +00000-0 0  9994
2 41119 020.8059 214.1154 7254193 316.8230 004.9854 01.69755630021997
1 41213U 00055DS  18203.46492656 +.00001078 +00000-0 +56865-3 0  9996
2 41213 098.9838 291.8191 0030005 322.0844 037.8216 14.15870312135187
1 41267U 00055FT  18205.49513582 +.00001020 +00000-0 +44551-3 0  9998
2 41267 098.7879 289.3075 0061706 203.2079 156.6312 14.25057930135859
1 41007U 99025EXM 18201.83194379  .00000507  00000-0  50012-3 0  9996
2 41007  99.9780  56.0226 0187558 196.3889 163.1141 13.76397031201544
1 41082U 00055AR  18205.45924216 +.00000126 +00000-0 +16427-3 0  9996
2 41082 098.6998 193.9962 0220800 269.2099 088.3746 13.68062971132661
1 41197U 00055DA  18204.35279647 +.00001226 +00000-0 +77901-3 0  9998
2 41197 098.7694 252.2014 0047649 083.0183 277.6402 14.05070342133276
1 41251U 00055FB  18204.42818855 +.00000727 +00000-0 +45484-3 0  9993
2 41251 099.0024 281.0250 0063350 049.1746 311.4891 14.06889811133498
1 41200U 00055DD  18205.45453569 +.00001140 +00000-0 +55516-3 0  9995
2 41200 098.8638 287.5917 0027827 203.6724 156.3173 14.19970029136198
1 40991U 15044C   17281.88019700  .00000101  00000-0  00000+0 0  9990
2 40991  18.3581 189.5748 6146201  68.9010 344.1042  2.08537456 15720
1 41254U 00055FE  18205.24764160 +.00001868 +00000-0 +87368-3 0  9990
2 41254 099.0786 310.4493 0036449 266.8223 092.8783 14.21230917132054
1 40994U 97051ABG 18204.92357878 +.00001540 +00000-0 +26985-3 0  9995
2 40994 086.3924 081.8384 0006861 193.9644 166.1381 14.67165390203507
1 41069U 00055AC  18205.21113896 +.00000112 +00000-0 +53524-4 0  9994
2 41069 098.6406 287.3570 0128222 089.1809 272.4063 14.32088712138810
1 41049U 00055G   18205.16699551 +.00000424 +00000-0 +25281-3 0  9997
2 41049 098.8366 275.9165 0009049 153.1231 207.0411 14.12553603137122
1 41154U 00055CM  18205.38920755 +.00000382 +00000-0 +28632-3 0  9997
2 41154 098.9207 263.5526 0069421 110.7803 250.0816 13.99207671135043
1 41233U 00055EN  18202.95662185 +.00000500 +00000-0 +32265-3 0  9994
2 41233 098.8549 266.6165 0045900 047.5654 312.9382 14.06916739133921
1 41128U 00055BK  18205.03126034 +.00000674 +00000-0 +38098-3 0  9999
2 41128 099.0422 294.8815 0012328 142.5054 217.6980 14.13635218135936
1 41216U 00055DV  18205.35983758 +.00000392 +00000-0 +34098-3 0  9999
2 41216 098.8559 241.1638 0111323 170.7375 189.5872 13.88820077132927
1 41270U 00055FW  18205.46565192 +.00000361 +00000-0 +24316-3 0  9997
2 41270 099.0101 282.8730 0036373 131.3342 229.0966 14.06613572132998
1 41010U 99025EXQ 18204.57392453 +.00000572 +00000-0 +34886-3 0  9990
2 41010 099.2185 330.2742 0041933 059.0995 359.2663 14.09865374304402
1 41085U 00055AU  18205.44567310 +.00000178 +00000-0 +11182-3 0  9996
2 41085 098.8514 284.9100 0021220 240.1001 119.8065 14.16389505137243
1 41220U 00055DZ  18204.39984888 +.00000446 +00000-0 +28178-3 0  9994
2 41220 098.8542 271.5582 0019408 116.6751 243.6409 14.09110327134594
1 41088U 00055AX  18205.51456576 +.00005015 +00000-0 +18912-2 0  9990
2 41088 098.9616 308.3035 0045981 200.3483 159.5868 14.31251991137910
1 41203U 00055DG  18204.01153788 +.00000193 +00000-0 +14037-3 0  9999
2 41203 098.8741 270.4963 0036753 028.6783 331.6397 14.07283286134740
1 41257U 00055FH  18205.08289948 +.00000996 +00000-0 +55066-3 0  9992
2 41257 098.9620 287.1945 0028411 349.7470 010.3119 14.13542241131996
1 40997U 97051ABK 18205.32945971 +.00006288 +00000-0 +61148-3 0  9994
2 40997 086.3572 063.8518 0010412 298.7037 061.3143 14.92376587373640
1 41072U 00055AF  18205.38913217 -.00000009 +00000-0 +34956-4 0  9995
2 41072 098.7964 179.1260 0288816 334.0175 024.6702 13.52700018131161
1 41053U 00055L   18205.50411006 +.00000816 +00000-0 +39285-3 0  9991
2 41053 098.9283 297.7357 0037797 217.1911 142.6647 14.21235939137997
1 41157U 00055CQ  18202.97547812 +.00000823 +00000-0 +51581-3 0  9990
2 41157 098.9669 274.9214 0038079 079.7122 280.8337 14.06988066135458
1 41236U 00055ER  18202.72151628 +.00001012 +00000-0 +48653-3 0  9994
2 41236 099.0163 302.5932 0047309 187.0819 172.9694 14.20609238135267
1 41131U 00055BN  18204.98859476 +.00000067 +00000-0 +75702-4 0  9999
2 41131 098.9032 259.9586 0070810 129.9836 230.7574 13.97850277134017
1 41219U 00055DY  18205.40725412 +.00000445 +00000-0 +26241-3 0  9999
2 41219 098.8099 273.7773 0010325 149.4604 210.7172 14.12868729135363
1 41013U 99025EXT 18205.44560239 +.00001292 +00000-0 +51346-3 0  9999
2 41013 099.0808 077.6982 0413075 208.3381 149.4746 13.92730374176872
1 41141U 00055BY  18205.54886688 +.00001206 +00000-0 +49970-3 0  9991
2 41141 098.9528 308.9314 0069321 205.3778 154.3992 14.27218221137537
1 41016U 99025EXW 18123.68284525  .00000396  00000-0  27532-3 0  9992
2 41016  98.2543  72.1690 0177193 118.8411 243.0668 13.96157698210986
1 41144U 00055CB  18203.39991324 +.00000402 +00000-0 +23437-3 0  9996
2 41144 098.7790 269.8859 0035423 153.8393 206.4579 14.13719243136392
1 41223U 00055EC  18204.35693498 +.00000222 +00000-0 +16398-3 0  9990
2 41223 098.8207 262.3079 0038154 117.4934 243.0120 14.04725738133995
1 41091U 00055BA  18204.99207182 +.00000814 +00000-0 +51932-3 0  9994
2 41091 099.0036 279.3771 0059891 062.5422 298.1818 14.05569778135720
1 41206U 00055DK  18203.61335630 +.00000376 +00000-0 +22995-3 0  9990
2 41206 098.8003 269.3761 0015952 140.9035 219.3292 14.11716562134078
1 41260U 00055FL  18205.17130699 +.00000273 +00000-0 +18389-3 0  9999
2 41260 098.9319 279.2669 0026628 044.5178 315.8124 14.08524947134891
1 41000U 99025EXE 18205.18328083 -.00000089 +00000-0 -53309-4 0  9992
2 41000 097.5430 335.4527 0389599 070.9644 293.3277 13.58330138475641
1 41075U 00055AJ  18205.41539695 +.00000659 +00000-0 +11630-3 0  9999
2 41075 099.1235 010.9750 0228494 097.0161 265.7079 14.55907102141065
1 41056U 00055P   18205.17201020 +.00000205 +00000-0 +14304-3 0  9997
2 41056 098.8126 270.4316 0017173 037.6406 322.5963 14.08937324136821
1 41160U 00055CT  18205.01578958 +.00000701 +00000-0 +42153-3 0  9997
2 41160 098.8884 273.7421 0027785 129.7275 230.6351 14.09916116135880
1 41244U 00055EU  18205.07517687 +.00000555 +00000-0 +31531-3 0  9993
2 41244 098.9667 290.9196 0012771 312.6676 047.3420 14.14098712131616
1 41134U 00055BR  18204.97689183 +.00000521 +00000-0 +33072-3 0  9995
2 41134 098.8713 272.8282 0030627 042.7404 317.6140 14.07994633134816
1 41062U 00055V   18205.11450500 +.00000611 +00000-0 +39598-3 0  9990
2 41062 098.8688 269.0913 0031410 077.9150 282.5535 14.06182323136471
1 41023U 15061B   18204.57354336 +.00001378 +00000-0 +14046-3 0  9991
2 41023 097.2798 245.7240 0201522 125.6481 236.3683 14.78197324147163
1 41147U 00055CE  18203.98329908 +.00000575 +00000-0 +44806-3 0  9991
2 41147 098.9626 254.6051 0094065 138.7017 222.1307 13.94268340134435
1 41226U 00055EF  18205.43976413 +.00000092 +00000-0 +81588-4 0  9993
2 41226 098.8875 271.8977 0036058 128.6209 231.8197 14.06306644134310
1 41094U 00055BD  18205.52011399 +.00001240 +00000-0 +49732-3 0  9999
2 41094 098.9829 313.7979 0073840 161.7829 198.6022 14.28641448137887
1 41209U 00055DN  18203.48493135 +.00000984 +00000-0 +39903-3 0  9995
2 41209 098.8531 299.1071 0073523 168.6560 191.6299 14.28525502135407
1 41263U 00055FP  18205.39047678 +.00000289 +00000-0 +23962-3 0  9990
2 41263 098.9358 254.2682 0088642 147.7464 212.9161 13.94558235131631
1 41003U 99025EXH 18205.55151511 +.00000943 +00000-0 +36225-3 0  9990
2 41003 098.9594 322.8712 0140534 300.7574 057.9830 14.27728633136625
1 41078U 00055AM  18205.43196703 +.00000169 +00000-0 +22690-3 0  9997
2 41078 098.8545 191.6198 0291898 263.6428 093.1399 13.56249905131513
1 41059U 00055S   18205.44704355 +.00000000 +00000-0 +22781-4 0  9991
2 41059 098.8475 283.8825 0021029 260.3826 099.4972 14.15531036137481
1 41163U 00055CW  18205.55520660 +.00000357 +00000-0 +15483-3 0  9999
2 41163 099.0176 318.3710 0076091 157.5240 202.9303 14.28976057137761
1 41247U 00055EX  18204.01599846 +.00002113 +00000-0 +91463-3 0  9998
2 41247 098.9089 295.6971 0071922 245.2354 114.1329 14.24049207132761
1 40872U 12035F   18097.02015033 -.00000171  00000-0  00000+0 0  9990
2 40872   2.8071  89.3264 0088581 151.1408 209.6572  1.02741501 16990
1 41137U 00055BU  18205.40876669 +.00000513 +00000-0 +31046-3 0  9994
2 41137 098.8497 273.6849 0031729 129.4559 230.9426 14.10598027135944
1 41065U 00055Y   18205.15281366 +.00000329 +00000-0 +20874-3 0  9992
2 41065 098.8584 275.3697 0011833 040.3650 319.8397 14.10577206136905
1 41041U 15064D   18205.37859696 +.00003004 +00000-0 +22950-3 0  9993
2 41041 097.2488 263.3399 0208490 128.4500 233.5634 14.86942869145292
1 41150U 00055CH  18203.68808709 +.00000984 +00000-0 +42983-3 0  9991
2 41150 098.7856 287.4739 0062998 212.4874 147.2421 14.25104917137453
1 41229U 00055EJ  18203.99616196 +.00000202 +00000-0 +15813-3 0  9994
2 41229 098.8852 259.2122 0079747 068.0046 292.9569 14.01293045133515
1 41097U 00055BG  18204.92793499 +.00000262 +00000-0 +23437-3 0  9990
2 41097 098.8665 244.3109 0103477 164.3395 196.1006 13.90355510134105
1 41212U 00055DR  18205.49291011 +.00000618 +00000-0 +34269-3 0  9995
2 41212 098.9195 287.8221 0019963 304.2671 055.6611 14.14853881135426
1 41266U 00055FS  18205.42727191 +.00000469 +00000-0 +27860-3 0  9993
2 41266 098.8451 276.5633 0003525 023.2362 336.8969 14.12327962133346
1 41006U 99025EXL 18180.51223193  .00001118  00000-0  11216-2 0  9994
2 41006 102.3664 292.8208 0213380 236.1641 121.9022 13.71433371200480
1 41081U 00055AQ  18205.24665518 +.00000133 +00000-0 +85159-4 0  9996
2 41081 099.0929 303.7054 0150605 167.5498 192.9460 14.13448084137013
1 41250U 00055FA  18205.48733668 +.00001048 +00000-0 +62364-3 0  9990
2 41250 099.0607 289.2874 0054286 159.9800 200.3515 14.08934541134005
1 41199U 00055DC  18202.99295724  .00000024  00000-0  44797-4 0  9995
2 41199  98.9091 259.6747 0068754 111.5541 249.2969 13.99166273134185
1 40990U 15034F   18204.70008638 -.00000041 +00000-0 +00000-0 0  9998
2 40990 001.3227 208.5236 0077715 016.9781 342.9852 01.02652540011273
1 41253U 00055FD  18205.53445441 +.00001092 +00000-0 +46545-3 0  9990
2 41253 098.9792 310.0392 0066329 219.1646 140.4723 14.26118844132730
1 40993U 97051ABF 18204.14716059 +.00002204 +00000-0 +42184-3 0  9995
2 40993 086.3765 093.2923 0019574 169.4175 345.8080 14.63298597317923
1 41068U 00055AB  18205.58881663 +.00000354 +00000-0 +13455-3 0  9993
2 41068 099.1365 333.4312 0163940 237.5673 120.9562 14.30714202138730
1 41046U 00055D   18205.42608495 +.00000306 +00000-0 +18473-3 0  9994
2 41046 098.8587 282.0200 0012508 280.0784 079.8977 14.13882256137335
1 41153U 00055CL  18205.45180701 +.00000748 +00000-0 +39945-3 0  9998
2 41153 098.8585 283.6782 0023164 178.0587 182.0680 14.16151552136676
1 41232U 00055EM  18205.02489257 +.00000404 +00000-0 +28706-3 0  9999
2 41232 098.9544 269.6783 0054023 088.3228 272.4125 14.02493284133657
1 41127U 00055BJ  18205.05294419 +.00001173 +00000-0 +42361-3 0  9996
2 41127 098.8107 302.9290 0090094 147.8506 212.8215 14.33224086137766
1 41215U 00055DU  18204.99674358 +.00000602 +00000-0 +30316-3 0  9993
2 41215 098.8262 285.4498 0032268 192.5484 167.4892 14.19873654135794
1 41269U 00055FV  18205.43785512 +.00000704 +00000-0 +44610-3 0  9992
2 41269 098.9762 279.0438 0033800 110.6983 249.7814 14.06925534133146
1 41009U 99025EXP 18205.25294902 +.00000655 +00000-0 +33561-3 0  9995
2 41009 099.2234 007.2180 0018817 271.9883 087.9136 14.19096742205268
1 41196U 00055CZ  18202.36694588  .00000779  00000-0  54380-3 0  9999
2 41196  98.8799 258.5380 0059490 107.5223 253.2455 14.00589039132620
1 41084U 00055AT  18205.44283973 +.00000324 +00000-0 +18607-3 0  9997
2 41084 098.8500 284.1899 0017265 213.4087 146.5999 14.16081533137215
1 41087U 00055AW  18205.43354089 -.00000019 +00000-0 +14236-4 0  9993
2 41087 098.8486 273.5052 0015663 072.0323 288.2553 14.08599081136151
1 41202U 00055DF  18205.35104594 +.00000438 +00000-0 +34735-3 0  9996
2 41202 098.8723 252.0256 0084145 137.6834 223.0860 13.94725306133967
1 41256U 00055FG  18205.52642521 +.00001144 +00000-0 +57575-3 0  9993
2 41256 099.0714 306.9829 0024767 207.4164 152.5705 14.18339198132229
1 40996U 97051ABJ 18202.68967472 +.00000545 +00000-0 +14497-3 0  9994
2 40996 086.3741 099.8171 0011057 165.7229 224.6548 14.46799003231831
1 41071U 00055AE  18205.19557192 +.00000448 +00000-0 +26280-3 0  9995
2 41071 098.9000 283.4105 0010877 321.3075 038.7317 14.13201718137039
1 41052U 00055K   18205.14012663 -.00000133 +00000-0 -49507-4 0  9999
2 41052 098.9105 273.7086 0170765 024.2601 336.6488 14.04341755136372
1 41156U 00055CP  18205.05375550 +.00001169 +00000-0 +49408-3 0  9998
2 41156 098.9074 302.7754 0060752 194.5061 165.4377 14.26567236137545
1 41235U 00055EQ  18203.02132123 +.00001326 +00000-0 +67820-3 0  9991
2 41235 099.0295 288.5626 0011240 317.0298 042.9997 14.17307687134413
1 41130U 00055BM  18205.47506231 +.00000505 +00000-0 +26688-3 0  9996
2 41130 098.8827 288.9472 0025473 196.8882 163.1447 14.18209460136153
1 41218U 00055DX  18205.43466241 +.00000709 +00000-0 +39178-3 0  9999
2 41218 098.8702 280.3167 0056792 312.4664 047.1715 14.13874377135294
1 41012U 99025EXS 18171.42352996  .00003408  00000-0  73442-3 0  9999
2 41012  99.0177  45.8965 0043431  37.7862 326.3816 14.58598215227657
1 41140U 00055BX  18204.45766697 +.00000498 +00000-0 +22289-3 0  9992
2 41140 098.8045 290.6914 0069322 153.2057 207.2730 14.25743061137940
1 41143U 00055CA  18204.32040555 +.00000641 +00000-0 +51795-3 0  9993
2 41143 098.8489 242.1089 0102900 166.8398 193.5483 13.91331210134296
1 41222U 00055EB  18205.37716365 +.00000091 +00000-0 +89242-4 0  9994
2 41222 098.8224 252.9158 0062279 129.7138 230.9540 13.99529166133804
1 41090U 00055AZ  18205.22139106 +.00001690 +00000-0 +78023-3 0  9993
2 41090 098.9225 295.7942 0035185 228.4399 131.3759 14.22026452137286
1 41205U 00055DJ  18205.18424834 +.00000929 +00000-0 +48819-3 0  9995
2 41205 098.9409 290.5064 0026829 177.7928 182.3369 14.16442845134499
1 41259U 00055FK  18205.53390987 +.00001765 +00000-0 +60184-3 0  9992
2 41259 098.8383 306.5995 0103890 113.7755 247.4365 14.34724935135898
1 40999U 99025EXD 18179.81019430 -.00000022  00000-0  16278-4 0  9991
2 40999  99.2725 172.2211 0059791 183.9573 176.1126 14.00151803434042
1 41074U 00055AH  18204.69163659 +.00000187 +00000-0 +78223-4 0  9998
2 41074 098.7027 295.6672 0103795 113.6747 247.5371 14.34042658138921
1 41055U 00055N   18205.44655219 +.00000524 +00000-0 +28403-3 0  9998
2 41055 098.8503 283.5990 0019232 236.8884 123.0444 14.16660698137569
1 41159U 00055CS  18205.43797749 +.00000521 +00000-0 +27894-3 0  9997
2 41159 098.7931 279.1184 0023393 237.6948 122.1961 14.17329036136840
1 41243U 00055ET  18205.15364658 +.00000463 +00000-0 +27540-3 0  9992
2 41243 098.8672 278.0462 0003756 046.3531 313.7952 14.12368685131524
1 41015U 99025EXV 18204.22195723 +.00011830 +00000-0 +68918-3 0  9990
2 41015 099.2624 212.5884 0143866 063.0787 298.5050 15.03804696156243
