1 40470U 95015BN  18205.41149728 +.00000433 +00000-0 +28951-3 0  9995
2 40470 098.8318 184.8793 0053577 304.5809 055.0311 14.05535276176579
1 40519U 95015DF  18204.98131551 +.00001637 +00000-0 +36547-3 0  9992
2 40519 098.6966 270.6944 0127699 182.5055 177.5516 14.53368207176596
1 40682U 99025EWN 15184.19623171 +.00004022 +00000-0 +11464-2 0  9990
2 40682 099.0606 334.3798 0063001 324.1480 034.3953 14.44686089349611
1 40806U 93036BWK 18204.92069042 +.00003443 +00000-0 +51224-3 0  9997
2 40806 074.0130 022.5073 0015844 026.2167 128.9421 14.75270274201627
1 40442U 95015AU  18205.47201967 +.00000001 +00000-0 +23565-4 0  9992
2 40442 098.8028 202.8730 0011154 169.9424 190.1974 14.14179456178896
1 40498U 95015CM  18204.77698065 +.00000705 +00000-0 +40279-3 0  9995
2 40498 098.8028 194.4622 0036092 218.0044 141.8581 14.12508249174825
1 40609U 95015FG  18205.23368343 +.00000716 +00000-0 +36234-3 0  9992
2 40609 098.7800 209.4103 0006854 062.6289 297.5584 14.19269923173465
1 40823U 10057AQ  18201.57667555  .00000071  00000-0  20731-2 0  9991
2 40823  20.9878   6.8958 7182234 170.6827 218.8147  2.23387633 28410
1 40721U 95015FW  18205.51247352 +.00001624 +00000-0 +65417-3 0  9998
2 40721 098.7329 222.4969 0030109 012.6010 347.5918 14.29181082163497
1 40559U 95015DS  18202.09023920 +.00001130 +00000-0 +67070-3 0  9999
2 40559 098.6332 164.9886 0054931 279.9122 079.5850 14.08765050169558
1 40410U 95015X   18205.20880758 +.00000324 +00000-0 +19143-3 0  9993
2 40410 098.8109 203.8039 0017826 194.3206 165.7464 14.14505867178819
1 40578U 95015EM  18205.42777743 +.00001900 +00000-0 +56915-3 0  9990
2 40578 098.8819 270.7264 0084325 258.4443 100.7268 14.42065424178056
1 40473U 95015BR  18205.08166265 +.00000552 +00000-0 +44900-3 0  9990
2 40473 098.8018 149.2766 0137460 026.2766 334.5282 13.89618759173699
1 40522U 95015DJ  18205.23275252 +.00001458 +00000-0 +67250-3 0  9998
2 40522 098.7668 212.4527 0007556 055.0481 305.1406 14.22553103175691
1 40685U 99025EWR 18182.37360874  .00000197  00000-0  20606-3 0  9990
2 40685  99.4446 238.6007 0175557  35.4540 325.8134 13.80188998183416
1 40447U 95015AZ  18205.45892975 +.00000281 +00000-0 +15156-3 0  9996
2 40447 098.7736 213.2067 0017647 042.6757 317.5787 14.20341455178416
1 40501U 95015CQ  18205.41410512 +.00002112 +00000-0 +39159-3 0  9990
2 40501 098.6488 276.9637 0134109 145.8388 215.1531 14.60756951178895
1 40612U 95015FK  18205.47616546 +.00000572 +00000-0 +29554-3 0  9990
2 40612 098.7803 209.1512 0008807 083.9954 276.2225 14.18953042171968
1 40827U 10057AU  17232.08073512 -.00001120  00000-0 -22242-1 0  9994
2 40827  20.3066 127.6434 7130138 315.4376   5.8443  2.26370379 21094
1 40792U 93036BVV 18204.40890340 +.00000352 +00000-0 +10138-3 0  9992
2 40792 074.0531 093.3652 0026585 159.5531 324.0241 14.48102478379124
1 40562U 95015DV  18204.78535815 +.00001639 +00000-0 +79565-3 0  9998
2 40562 098.7780 206.1618 0007058 224.9650 135.0955 14.19716210173449
1 40413U 95015AA  18205.00089249 +.00000338 +00000-0 +17688-3 0  9997
2 40413 098.7782 214.8015 0017734 020.9734 339.2166 14.20718098176614
1 40581U 95015EQ  18205.25397106 +.00000676 +00000-0 +36691-3 0  9994
2 40581 098.8588 215.2269 0027875 333.6780 026.2976 14.15612425172915
1 40416U 95015AD  18205.47520683 +.00000374 +00000-0 +20735-3 0  9990
2 40416 098.7857 206.5416 0006432 092.2349 267.9562 14.17116292178332
1 40487U 95015CA  18205.39157894 +.00000545 +00000-0 +36633-3 0  9993
2 40487 098.8633 186.1334 0064329 323.0153 036.6588 14.03925092172279
1 40585U 95015EU  18205.35004332 +.00005725 +00000-0 +15326-2 0  9996
2 40585 097.8403 159.3812 0036941 103.4578 257.0737 14.48176369180341
1 40476U 95015BU  18203.32804622  .00001222  00000-0  36716-3 0  9995
2 40476  98.6140 234.8984 0091742 270.1705  88.8971 14.42173779179030
1 40525U 95015DM  18204.81282676 +.00000668 +00000-0 +34921-3 0  9993
2 40525 098.8267 214.1799 0018419 339.2401 020.8024 14.17692120172432
1 40688U 99025EWU 15285.94058789 +.00000168 +00000-0 +18490-3 0  9992
2 40688 099.1383 191.7657 0144549 271.7378 086.7224 13.81080720046929
1 40568U 95015EB  18205.43343938 +.00000713 +00000-0 +39167-3 0  9996
2 40568 098.7695 194.9769 0035897 184.8681 175.2148 14.14571251170605
1 40450U 95015BC  18205.46908999 +.00000383 +00000-0 +19715-3 0  9993
2 40450 098.7630 212.5904 0018157 053.6608 306.6241 14.20832817176788
1 40508U 95015CU  18202.92216249 +.00000388 +00000-0 +26294-3 0  9990
2 40508 098.8649 187.1121 0055535 322.5000 037.2299 14.05292623170889
1 40672U 95015FL  18205.48611497 +.00001294 +00000-0 +60522-3 0  9999
2 40672 098.7696 212.3278 0007645 063.7900 296.4062 14.22020571172225
1 40565U 95015DY  18205.58440950 +.00000468 +00000-0 +45173-3 0  9992
2 40565 098.7968 125.4892 0187272 104.9817 257.2148 13.76897327166226
1 40434U 95015AL  18205.34780082 +.00000366 +00000-0 +22019-3 0  9995
2 40434 098.7971 175.8508 0193130 014.9892 345.6890 14.03758434173715
1 40491U 95015CE  18204.96563198 +.00000832 +00000-0 +36273-3 0  9997
2 40491 098.7147 214.7568 0037813 031.3019 329.0402 14.26221138175102
1 40601U 95015EY  18205.27968549 +.00000788 +00000-0 +39050-3 0  9990
2 40601 098.7988 215.2481 0015980 354.6403 005.4599 14.20031694171903
1 40692U 99025EWY 18186.49072668 +.00000759 +00000-0 +49612-3 0  9998
2 40692 099.1974 283.4350 0095215 259.0328 100.0114 14.03238388180868
1 40479U 95015BX  18205.45914903 +.00000233 +00000-0 +13946-3 0  9999
2 40479 098.7987 207.5994 0004622 030.5832 329.5611 14.16384856174178
1 40528U 00047E   18205.38495637 -.00000053 +00000-0 +67500-5 0  9993
2 40528 067.9942 206.0859 0066006 249.9370 176.8552 14.92279777181920
1 40691U 99025EWX 18199.26922153 -.00000006  00000-0  29869-4 0  9998
2 40691  99.3763 220.1678 0131071  40.7359 320.3510 13.88870698178824
1 40403U 95015Q   18205.45553898 +.00000301 +00000-0 +16392-3 0  9992
2 40403 098.7767 211.1683 0012984 062.8523 297.3975 14.19405048176539
1 40571U 95015EE  18204.92566548 +.00000923 +00000-0 +31450-3 0  9997
2 40571 098.7109 241.9703 0073812 296.0027 063.3570 14.37422395173270
1 40463U 95015BF  18205.31504723 +.00000907 +00000-0 +35125-3 0  9993
2 40463 098.7712 240.5087 0053781 339.4751 020.4271 14.31750234179851
1 40511U 95015CX  18204.22118430 +.00000791 +00000-0 +43282-3 0  9996
2 40511 098.8473 207.5691 0017966 256.0696 103.8479 14.14776873175176
1 40675U 95015FP  18204.24600750 +.00000730 +00000-0 +36937-3 0  9992
2 40675 098.7792 208.0267 0007096 080.9284 279.2694 14.19191632169635
1 40795U 93036BVY 18203.20461985  .00000976  00000-0  18825-3 0  9994
2 40795  73.9681  21.7246 0136089 115.9072   0.9114 14.59168545332297
1 40846U 11077AB  17347.26307043  .00000135  00000-0  18476-2 0  9992
2 40846  23.1620  77.8001 7602756 177.9318  13.2092  1.82303605 18970
1 40798U 93036BWB 18204.37672504 +.00000863 +00000-0 +22072-3 0  9991
2 40798 074.0412 094.4903 0008398 137.1494 223.0323 14.51948470340773
1 40802U 93036BWF 18204.58576467 +.00000213 +00000-0 +47200-4 0  9991
2 40802 074.0473 304.5952 0083497 018.9416 341.4823 14.61501331248744
1 40437U 95015AP  18204.95218611 +.00001794 +00000-0 +80133-3 0  9995
2 40437 098.7528 215.1558 0028712 040.4359 319.8947 14.23735995176004
1 40494U 95015CH  18205.43666674 +.00004678 +00000-0 +95249-3 0  9996
2 40494 098.7928 277.9824 0087494 199.1216 160.6691 14.59157240178379
1 40809U 93036BWN 15206.91973380 +.00009365 +00000-0 +18701-2 0  9998
2 40809 074.0173 291.5915 0029652 285.2819 030.1617 14.61743797348547
1 40604U 95015FB  18205.42357221 +.00001830 +00000-0 +37537-3 0  9996
2 40604 098.6817 275.3636 0132550 166.3372 194.1469 14.56616835176396
1 40816U 10057AH  18204.05010322 +.00000398 +00000-0 +84360-2 0  9993
2 40816 020.5188 348.8769 7105520 213.3671 069.3740 02.29183736033481
1 40531U 13057D   18205.11999998 +.00000424 +00000-0 +10589-3 0  9996
2 40531 074.9770 257.8484 0233177 266.1380 091.3095 14.39137954175316
1 40406U 95015T   18205.50050506 +.00003491 +00000-0 +13822-2 0  9996
2 40406 098.7395 219.1624 0005116 070.1876 289.9857 14.29549656180169
1 40574U 95015EH  18204.14798241 +.00001180 +00000-0 +73363-3 0  9996
2 40574 098.8403 185.9166 0062207 325.0047 034.7040 14.05992555171594
1 40466U 95015BJ  18205.53081055 +.00001849 +00000-0 +61443-3 0  9996
2 40466 098.6775 232.5297 0059013 328.0963 031.6655 14.37954634176560
1 40515U 95015DB  18204.92684112 +.00000626 +00000-0 +35527-3 0  9992
2 40515 098.8071 198.6010 0025380 288.3045 071.5367 14.13482182171937
1 40678U 95015FS  18204.97865860 +.00000792 +00000-0 +35890-3 0  9995
2 40678 098.7350 214.4754 0028384 033.6961 326.6015 14.24558234166452
1 40518U 95015DE  18205.35077937 +.00001547 +00000-0 +42328-3 0  9994
2 40518 098.7136 257.4730 0107507 221.4479 137.8521 14.45401376178683
1 40681U 95015FV  18204.77680575 +.00000596 +00000-0 +31132-3 0  9992
2 40681 098.7813 206.9113 0006095 096.9308 263.2560 14.18205476170105
1 40805U 93036BWJ 18204.65141236 +.00001628 +00000-0 +20906-3 0  9998
2 40805 074.0435 278.6878 0027960 329.0013 180.8737 14.81860617250834
1 40441U 95015AT  18205.44465305 +.00000318 +00000-0 +18993-3 0  9995
2 40441 098.8119 202.9097 0022039 195.2246 164.8266 14.14006045175017
1 40497U 95015CL  18204.83431377 +.00000655 +00000-0 +33262-3 0  9990
2 40497 098.7789 209.0182 0008198 065.9125 294.2908 14.19325843174196
1 40608U 95015FF  18204.79588638 +.00000111 +00000-0 +69392-4 0  9993
2 40608 098.7531 215.7896 0033322 024.3025 335.9715 14.22292692168939
1 40822U 10057AP  18198.61015354  .00000008  00000-0  10188-2 0  9999
2 40822  21.0366   3.3593 7208892 175.9317 197.5083  2.22257044 28199
1 40712U 93055E   18199.88322824  .00000380  00000-0  28406-3 0  9995
2 40712  82.5477  51.9683 0021631   2.1748 357.9506 13.92243241277266
1 40558U 95015DR  18205.37245046 +.00000838 +00000-0 +53182-3 0  9990
2 40558 098.8159 183.7881 0053354 295.3214 064.2434 14.05930395169576
1 40409U 95015W   18205.43861142 +.00000210 +00000-0 +12498-3 0  9992
2 40409 098.7847 207.2753 0003910 088.5819 271.5804 14.17647192176261
1 40833U 10057BA  15255.47588044  .00000249  00000-0  40764-2 0  9997
2 40833  20.7285  35.8446 7214841 195.3452 117.9128  2.18192546879416
1 40577U 95015EL  18204.24191332 +.00000990 +00000-0 +47433-3 0  9995
2 40577 098.7547 208.2653 0019148 358.9197 001.1936 14.21214041173445
1 40469U 95015BM  18205.26832880 +.00000772 +00000-0 +33537-3 0  9996
2 40469 098.7443 222.8212 0035519 002.1273 358.0052 14.26708017179586
1 40472U 95015BQ  18205.48476822 +.00002968 +00000-0 +47056-3 0  9994
2 40472 098.7036 294.7521 0139158 123.4855 237.9737 14.66720720182876
1 40521U 95015DH  18205.28069611 +.00000726 +00000-0 +31034-3 0  9990
2 40521 098.7608 228.5203 0040846 018.3428 341.9215 14.27585710174032
1 40684U 99025EWQ 18202.39566811  .00000376  00000-0  23811-3 0  9993
2 40684  98.9056 264.2890 0030448 335.7739  24.1998 14.09774103233915
1 40808U 93036BWM 18205.31434051 +.00000490 +00000-0 +15498-3 0  9991
2 40808 074.0525 154.8680 0019904 158.0847 353.6827 14.42655188245529
1 40444U 95015AW  18204.52329102 +.00003539 +00000-0 +11755-2 0  9996
2 40444 098.7501 234.0347 0028300 335.8461 024.1396 14.38164998180944
1 40500U 95015CP  18202.80357549  .00001324  00000-0  69921-3 0  9993
2 40500  98.8688 210.9413 0030233 324.2012  35.7135 14.15345218174553
1 40611U 95015FJ  18203.93384090 +.00000705 +00000-0 +37693-3 0  9995
2 40611 098.7835 200.2022 0034058 171.0100 189.1691 14.16087677168166
1 40826U 10057AT  17238.85214310 -.00000054 +00000-0 -12266-3 0  9999
2 40826 020.6324 126.6158 7165570 312.3975 006.1420 02.24790460020985
1 40791U 94085AC  16032.64074536 +.00046495 +00000-0 +73830+0 0  9992
2 40791 064.1082 107.4065 0719450 347.4562 010.9254 11.30302846022995
1 40561U 95015DU  18205.42824467 +.00003389 +00000-0 +95758-3 0  9999
2 40561 098.8834 266.4245 0064897 247.1210 112.3119 14.45136850176209
1 40412U 95015Z   18205.23215029 +.00000026 +00000-0 +33263-4 0  9990
2 40412 098.7705 211.0012 0020047 031.5915 328.6460 14.19263325176552
1 40836U 10057BD  15256.27727524  .00000037  00000-0  77284-3 0  9990
2 40836  20.2554  42.2767 7202022 189.6739 139.5847  2.17986037879168
1 40580U 95015EP  18205.43936700 +.00000608 +00000-0 +34363-3 0  9991
2 40580 098.7955 198.1386 0017523 285.4538 074.4699 14.13863805170524
1 40415U 95015AC  18205.47433731 +.00000164 +00000-0 +10227-3 0  9998
2 40415 098.7842 207.4276 0009011 018.6186 341.5317 14.17700284178388
1 40583U 95015ES  18204.26468301 +.00000682 +00000-0 +28789-3 0  9998
2 40583 098.7718 231.8121 0043928 007.6157 352.5682 14.28428778172149
1 40475U 95015BT  18205.17267291 +.00000935 +00000-0 +56840-3 0  9994
2 40475 098.8436 189.9563 0053730 309.9788 049.6670 14.07978145173316
1 40524U 95015DL  18205.28362856 +.00001706 +00000-0 +55287-3 0  9995
2 40524 098.6194 225.3085 0072420 321.7142 037.8916 14.38815206178057
1 40687U 99025EWT 16318.10473189  .00000159  00000-0  25339-3 0  9992
2 40687  99.1589 276.1511 0432317 121.8195 238.2784 13.28602894 98327
1 40695U 99025EXB 16161.90903522  .00000402  00000-0  79062-4 0  9998
2 40695  99.4732 197.5169 0306810 101.2274 262.5179 14.43406860375466
1 40449U 95015BB  18204.17267340 +.00000685 +00000-0 +39638-3 0  9997
2 40449 098.7510 185.1184 0027836 228.0417 131.8382 14.11990686176387
1 40504U 95015CT  18205.39415821 +.00000490 +00000-0 +32710-3 0  9991
2 40504 098.8483 185.8925 0055969 312.6926 046.9535 14.04914832172554
1 40650U 94074AF  18205.15288388 +.00010093 +00000-0 +63305-3 0  9991
2 40650 098.0484 281.3223 0005518 047.6594 312.5100 15.09522668175655
1 40794U 93036BVX 18205.25281544 +.00000446 +00000-0 +14729-3 0  9992
2 40794 073.9943 171.7658 0038445 204.2887 220.4791 14.40567292227951
1 40564U 95015DX  18204.82465132 +.00001077 +00000-0 +47219-3 0  9996
2 40564 098.7662 221.7028 0033795 063.6287 296.8356 14.25441368171859
1 40864U 12008AE  17023.10082114 -.00001573  00000-0 -53895-1 0  9992
2 40864  19.8280 138.4121 7094240 218.2016  59.9189  2.25211943 16533
1 40431U 95015AH  18205.36573003 +.00001353 +00000-0 +38957-3 0  9992
2 40431 098.7003 252.0297 0096172 242.9649 116.1700 14.43837232181125
1 40490U 95015CD  18203.99704387 +.00000521 +00000-0 +47281-3 0  9991
2 40490 098.7980 131.3308 0177332 077.0126 285.0763 13.80741020169390
1 40600U 95015EX  18201.43685682 +.00000901 +00000-0 +53862-3 0  9991
2 40600 098.9114 202.8153 0050318 343.0253 016.9231 14.09089148166742
1 40478U 95015BW  18204.09627499 +.00000598 +00000-0 +42791-3 0  9992
2 40478 098.8040 167.9405 0086925 338.3737 021.3766 13.99171595173916
1 40527U 95015DP  18205.40380077 +.00000505 +00000-0 +32415-3 0  9991
2 40527 098.8005 184.0609 0048707 279.7877 079.7794 14.07180158174180
1 40690U 99025EWW 18173.09847351  .00000027  00000-0  54518-4 0  9997
2 40690  99.2753 122.7459 0095590 319.3319  40.0729 13.92834623233363
1 40570U 95015ED  18204.86867042 +.00001232 +00000-0 +55673-3 0  9999
2 40570 098.7514 213.5511 0020692 345.8704 014.1893 14.23829298174231
1 40462U 95015BE  18202.17307086  .00001165  00000-0  71300-3 0  9998
2 40462  98.8590 188.8030 0056270 323.7812  35.9552 14.07072498176264
1 40510U 95015CW  18204.19174085 +.00004184 +00000-0 +78433-3 0  9995
2 40510 098.7740 282.9732 0101598 169.6533 190.6790 14.62075375179646
1 40674U 95015FN  18205.51044028 +.00001958 +00000-0 +78051-3 0  9998
2 40674 098.7487 224.1145 0021265 004.2891 355.8469 14.29595538166537
1 40797U 93036BWA 18204.05111491 +.00000242 +00000-0 +33773-4 0  9990
2 40797 073.9408 098.8930 0124764 285.3247 135.0099 14.79241612335209
1 40567U 95015EA  18205.37009612 +.00002742 +00000-0 +73662-3 0  9998
2 40567 098.7725 260.2607 0078009 245.2102 114.0960 14.47171221174211
1 40800U 93036BWD 18201.19560480  .00001404  00000-0  30285-3 0  9998
2 40800  73.7932 142.6007 0189036 249.8008 175.3686 14.48973149333828
1 40436U 95015AN  18204.29370800 +.00000184 +00000-0 +21501-3 0  9996
2 40436 098.8751 117.9147 0234876 187.7366 172.0132 13.68508485169274
1 40493U 95015CG  18204.54866823 +.00002798 +00000-0 +80482-3 0  9998
2 40493 098.6729 240.8149 0060735 270.1028 089.3202 14.44559883176641
1 40603U 95015FA  18205.02936304 +.00007067 +00000-0 +87241-3 0  9991
2 40603 098.6867 295.1839 0086357 095.8672 265.2389 14.80552157174715
1 40811U 93036BWQ 18205.07959346 +.00000826 +00000-0 +15254-3 0  9990
2 40811 074.0234 346.6668 0045534 042.1286 318.3368 14.66521999648607
1 40694U 99025EXA 18182.46112485 +.00001809 +00000-0 +75377-3 0  9999
2 40694 098.3406 264.9625 0114964 123.5322 237.6902 14.23876222223016
1 40481U 95015BZ  18205.15883086 +.00001606 +00000-0 +95910-3 0  9992
2 40481 098.7758 182.9834 0059604 302.3424 057.1983 14.07735036173000
1 40530U 13057C   18205.58152279 +.00000426 +00000-0 +10487-3 0  9998
2 40530 075.0596 265.8498 0224053 220.9074 137.5091 14.40669290175480
1 40405U 95015S   18205.42704475 +.00000445 +00000-0 +25148-3 0  9998
2 40405 098.8556 202.7010 0136198 202.0256 157.5027 14.10603863175443
1 40573U 95015EG  18201.01725025  .00001890  00000-0  61290-3 0  9992
2 40573  98.6364 222.9321 0069817 339.8616  19.9819 14.38746277176364
1 40465U 95015BH  18204.92628649 +.00000464 +00000-0 +30119-3 0  9991
2 40465 098.8664 193.4478 0047454 308.9854 050.7092 14.07040629176773
1 40514U 95015DA  18205.12369945 +.00007436 +00000-0 +16939-2 0  9999
2 40514 098.8883 260.2960 0037771 222.8353 136.9898 14.55737180181291
1 40677U 95015FR  18204.22656421 +.00000066 +00000-0 +46452-4 0  9994
2 40677 098.7117 213.6063 0051465 034.2197 326.2281 14.24844352169150
1 40680U 95015FU  18204.27261699 +.00001593 +00000-0 +67253-3 0  9999
2 40680 098.7628 221.4779 0021053 010.9744 349.1891 14.26940801168519
1 40804U 93036BWH 18195.93344016  .00005198  00000-0  42909-3 0  9991
2 40804  74.0252 276.0411 0017881 316.8799 159.2007 14.99133745338966
1 40439U 95015AR  18204.58890457 +.00008991 +00000-0 +19704-2 0  9991
2 40439 098.9153 254.6420 0015289 088.6299 271.6648 14.57828942178287
1 40496U 95015CK  18202.97523331 +.00001636 +00000-0 +66847-3 0  9999
2 40496 098.7025 210.5062 0044339 062.0000 298.5656 14.28139801174643
1 40606U 95015FD  18205.23881375 +.00001435 +00000-0 +65547-3 0  9992
2 40606 098.7653 213.6512 0009878 053.1793 307.0289 14.23073924168825
1 40818U 10057AK  18204.76574900 -.00000180 +00000-0 +00000-0 0  9997
2 40818 020.6671 019.7837 7115032 153.6641 274.4727 02.25695109027792
1 40711U 93055D   18205.28074339 +.00000816 +00000-0 +59331-3 0  9996
2 40711 082.5460 036.7578 0016468 303.2308 056.7280 13.95156933697623
1 40533U 13057F   18204.74678204 +.00000417 +00000-0 +99879-4 0  9992
2 40533 074.9262 230.4812 0216291 256.2511 101.4494 14.43042829248554
1 40408U 95015V   18205.01522246 +.00011122 +00000-0 +33482-2 0  9993
2 40408 098.7423 231.2520 0026274 279.0599 080.7616 14.42539484177982
1 40830U 10057AX  15282.25758233  .00000102  00000-0  28443-2 0  9997
2 40830  20.5834  15.6925 7137220 234.6349  36.7777  2.22854353869431
1 40576U 95015EK  18205.28105038 +.00000767 +00000-0 +33895-3 0  9996
2 40576 098.7656 224.4650 0039339 050.0947 310.3680 14.25754292171900
1 40835U 10057BC  18204.79646216 -.00000124 +00000-0 +13973-2 0  9992
2 40835 020.3731 029.3898 7192176 141.4449 302.5204 02.20214853027133
1 40468U 95015BL  18204.97905451 +.00000652 +00000-0 +32347-3 0  9992
2 40468 098.7854 214.2548 0016077 014.8940 345.2707 14.20571113176713
1 40517U 95015DD  18204.80259745 +.00000742 +00000-0 +34106-3 0  9992
2 40517 098.7482 215.6569 0029593 350.5629 009.4990 14.23977958176098
1 40471U 95015BP  18205.18775456 +.00000617 +00000-0 +36247-3 0  9994
2 40471 098.8126 195.7138 0024936 265.5378 094.2944 14.11654284176457
1 40520U 95015DG  18205.51365210 +.00001091 +00000-0 +45200-3 0  9995
2 40520 098.7617 228.2643 0037378 027.2148 333.0981 14.28271634176548
1 40683U 99025EWP 18205.24676480 +.00007803 +00000-0 +25974-3 0  9997
2 40683 096.9369 007.2468 0076988 308.1027 051.3288 15.28515112212879
1 40807U 93036BWL 18204.04230348 +.00000528 +00000-0 +22251-3 0  9999
2 40807 074.0259 345.7096 0103755 353.6063 006.3752 14.25288895385099
1 40443U 95015AV  18205.51079946 +.00000026 +00000-0 +31599-4 0  9991
2 40443 098.7678 218.5320 0041315 047.0208 313.4421 14.21771657179824
1 40499U 95015CN  18204.86515224 +.00000690 +00000-0 +35064-3 0  9990
2 40499 098.7711 207.3143 0014093 348.4335 011.6515 14.19135934175538
1 40610U 95015FH  18205.45304936 +.00000634 +00000-0 +32298-3 0  9991
2 40610 098.7751 208.0543 0032501 127.4550 232.9590 14.19004069173473
1 40824U 10057AR  17115.18755859  .00000770  00000-0  12337-1 0  9995
2 40824  19.3558 171.3014 7181525 252.2751  23.0491  2.22072289891642
1 40560U 95015DT  18205.24829940 +.00000674 +00000-0 +32379-3 0  9993
2 40560 098.7695 215.7261 0019988 021.7401 338.4621 14.22107828175651
1 40411U 95015Y   18204.82913284 +.00000319 +00000-0 +19975-3 0  9999
2 40411 098.8302 198.5029 0024904 268.7418 091.0900 14.11481181175463
1 40579U 95015EN  18205.50738350 +.00001047 +00000-0 +37948-3 0  9998
2 40579 098.6482 222.9990 0067900 338.0200 021.8075 14.34219386176586
1 40582U 95015ER  18204.10190025 +.00001328 +00000-0 +91717-3 0  9994
2 40582 098.7493 162.6036 0101636 344.0811 015.7167 13.98386848170545
1 40474U 95015BS  18205.38832374 +.00003093 +00000-0 +87957-3 0  9997
2 40474 098.8669 267.1846 0064919 262.3317 097.0497 14.44891382177267
1 40523U 95015DK  18205.25896401 +.00000754 +00000-0 +35201-3 0  9995
2 40523 098.7845 221.3270 0023002 038.5699 321.7117 14.23222361173202
1 40686U 99025EWS 18205.10615269 +.00003140 +00000-0 +67630-3 0  9998
2 40686 099.2409 162.2782 0012848 010.0096 350.1354 14.59243054189710
1 40448U 95015BA  18204.73761353 +.00000711 +00000-0 +44473-3 0  9994
2 40448 098.8149 185.4795 0045990 299.8663 059.7940 14.07369547176598
1 40502U 95015CR  18204.97527714 +.00003541 +00000-0 +94119-3 0  9998
2 40502 098.7789 257.3300 0076088 227.7137 131.7588 14.47552251178431
1 40649U 15013F   16112.92530742 -.00000050 +00000-0 +00000-0 0  9992
2 40649 052.7812 202.5124 5584158 194.8970 137.7756 03.83508225014614
1 40793U 93036BVW 18173.84966869  .00000359  00000-0  21328-3 0  9996
2 40793  73.9809 234.3820 0231930 260.8496  96.6334 13.98646645300248
1 40563U 95015DW  18204.22617493 +.00000668 +00000-0 +32903-3 0  9997
2 40563 098.7618 209.1134 0026230 094.9292 265.4880 14.20752830173676
1 40414U 95015AB  18205.47127145 +.00000458 +00000-0 +23270-3 0  9994
2 40414 098.7742 214.3137 0015174 014.4174 345.7433 14.20765978176655
1 40857U 12008X   18205.35287815 -.00000260 +00000-0 +31658-3 0  9995
2 40857 020.1217 324.0311 7157116 174.6344 202.7109 02.21537123029750
1 40418U 95015AF  18205.46499837 +.00000273 +00000-0 +14872-3 0  9990
2 40418 098.7713 211.7958 0011845 051.4698 308.7538 14.20124047178329
1 40489U 95015CC  18205.37814556 +.00001100 +00000-0 +68492-3 0  9994
2 40489 098.7876 180.9221 0063219 306.9787 052.5604 14.05991949172425
1 40594U 14088D   18205.48580790 +.00001194 +00000-0 +36966-4 0  9999
2 40594 097.3447 294.8120 0003415 279.2598 080.8260 15.35457208195121
1 40477U 95015BV  18205.25061443 +.00000659 +00000-0 +30898-3 0  9994
2 40477 098.7589 216.6863 0032586 059.6760 300.7634 14.23255834175103
1 40526U 95015DN  18204.45585950 +.00000695 +00000-0 +33197-3 0  9999
2 40526 098.7645 213.3172 0037393 095.8369 264.7073 14.22025708175588
1 40689U 99025EWV 18174.42904215  .00000555  00000-0  59161-3 0  9990
2 40689  99.1121 251.2019 0327496 300.0509  56.8522 13.57251033177980
1 40569U 95015EC  18205.23972299 +.00001839 +00000-0 +76891-3 0  9998
2 40569 098.7553 219.2252 0030190 070.4430 290.0006 14.27096404174317
1 40461U 95015BD  18203.94840163 +.00001482 +00000-0 +52890-3 0  9996
2 40461 098.7851 241.8137 0045843 338.2497 021.6740 14.35123411179812
1 40509U 95015CV  18205.48756055 +.00000122 +00000-0 +78129-4 0  9990
2 40509 098.7840 216.6796 0024628 020.7324 339.4846 14.20013739175621
1 40673U 95015FM  18205.23477476 +.00000063 +00000-0 +50412-4 0  9991
2 40673 098.7619 210.5455 0025474 060.5806 299.7908 14.19818168171090
1 40796U 93036BVZ 18204.67295319 +.00000257 +00000-0 +56300-4 0  9996
2 40796 074.0225 305.9645 0078353 038.9800 029.5076 14.61103254366128
1 40566U 95015DZ  18204.33115442 +.00001333 +00000-0 +42737-3 0  9995
2 40566 098.7211 244.4870 0082870 259.0818 100.1037 14.39274949175779
1 40799U 93036BWC 18202.99361333  .00000229  00000-0  30013-4 0  9994
2 40799  73.9374  82.3382 0158549 235.0417 123.5784 14.79138955399333
1 40435U 95015AM  18205.32391360 +.00004003 +00000-0 +22920-2 0  9993
2 40435 098.3526 152.9115 0082661 336.8513 022.8943 14.08273402173973
1 40492U 95015CF  18204.22587862 +.00000722 +00000-0 +33989-3 0  9990
2 40492 098.7716 216.3528 0036046 090.7202 269.8106 14.22686669176337
1 40602U 95015EZ  18203.02263133 +.00002088 +00000-0 +75155-3 0  9990
2 40602 098.7616 235.5668 0040317 359.2843 000.8277 14.34366508169713
1 40810U 93036BWP 18203.38736468 +.00000272 +00000-0 +83532-4 0  9999
2 40810 074.0409 098.4879 0023115 197.3079 162.7294 14.46134923225649
1 40693U 99025EWZ 18199.16887121  .00000433  00000-0  51941-3 0  9992
2 40693  98.9057 169.8045 0297342 239.3519 117.7999 13.54853968215423
1 40480U 95015BY  18205.13975339 +.00001258 +00000-0 +81738-3 0  9998
2 40480 098.7658 173.1549 0086406 331.3274 028.3157 14.02552633172432
1 40529U 00047F   18205.38733559 -.00000044 +00000-0 +75549-5 0  9994
2 40529 067.9937 203.1537 0065580 249.1985 110.2123 14.92613988181951
1 40404U 95015R   18205.46350364 +.00000092 +00000-0 +68713-4 0  9999
2 40404 098.7930 206.1112 0007036 102.4570 257.7392 14.16089829176140
1 40789U 94085AA  16079.87703944  .00010879  00000-0  13474+0 0  9992
2 40789  64.8695  35.7059 0934165 344.9896  10.9466 11.20836072 27621
1 40572U 95015EF  18205.22890337 +.00001651 +00000-0 +68138-3 0  9990
2 40572 098.7189 215.6661 0040613 060.4897 300.0324 14.27680250171991
1 40828U 10057AV  15203.28034756 +.00000353 +00000-0 +12955-1 0  9995
2 40828 020.8684 050.6336 7114068 165.2662 238.2739 02.24496229003816
1 40464U 95015BG  18204.67150553 +.00000785 +00000-0 +57727-3 0  9996
2 40464 098.8217 164.6402 0098262 359.3380 000.7638 13.96243373175206
1 40513U 95015CZ  18204.77518277 +.00000192 +00000-0 +11776-3 0  9999
2 40513 098.7883 205.8722 0008145 103.8846 256.3235 14.16753806174955
1 40676U 95015FQ  18205.45176214 +.00000620 +00000-0 +31780-3 0  9999
2 40676 098.7796 209.1350 0008264 091.7353 268.4769 14.19052171165464
1 40803U 93036BWG 18197.35153844  .00000132  00000-0  44322-4 0  9990
2 40803  74.0145  81.7120 0036722 234.4262 125.3472 14.46263957195882
1 40438U 95015AQ  18205.39909938 +.00000843 +00000-0 +45839-3 0  9992
2 40438 098.7460 190.8049 0028114 216.7087 143.2161 14.14749689174905
1 40495U 95015CJ  18205.31366140 +.00001029 +00000-0 +35722-3 0  9996
2 40495 098.6944 237.2131 0070956 287.0878 072.2544 14.36318526177862
1 40605U 95015FC  18203.49955625 +.00000526 +00000-0 +24912-3 0  9998
2 40605 098.7798 218.4212 0037920 084.2604 276.2896 14.23432568169161
1 40817U 10057AJ  17236.88938045 -.00000060  00000-0 -52377-3 0  9992
2 40817  19.0984 164.1085 7175230 265.6053  17.1545  2.19853558 19492
1 40696U 99025EXC 18176.89093071 +.00000001 +00000-0 +32007-4 0  9997
2 40696 099.0091 208.5644 0079850 295.7236 063.5699 13.95501290447656
1 40532U 13057E   18205.48133995 +.00000351 +00000-0 +90596-4 0  9990
2 40532 074.8769 242.8859 0236026 284.1367 073.3668 14.38042668175351
1 40407U 95015U   18205.42188185 +.00000020 +00000-0 +32462-4 0  9991
2 40407 098.7928 205.6080 0007296 105.3892 254.8088 14.15887199176139
1 40575U 95015EJ  18205.25918702 +.00000774 +00000-0 +35789-3 0  9994
2 40575 098.7537 216.2215 0023773 025.4615 334.7729 14.23646305171644
1 40834U 10057BB  18204.13371146 -.00000167 +00000-0 +18354-2 0  9991
2 40834 020.4656 041.1120 7183850 118.0282 330.1433 02.19624616027077
1 40467U 95015BK  18204.73547074 +.00006570 +00000-0 +84107-3 0  9994
2 40467 098.7807 309.9815 0090378 105.5963 255.5243 14.78842401184809
1 40516U 95015DC  18204.20467498 +.00000650 +00000-0 +34929-3 0  9992
2 40516 098.7727 198.6522 0027168 161.9564 198.2580 14.16155385172223
1 40679U 95015FT  18204.27423977 +.00001335 +00000-0 +55493-3 0  9993
2 40679 098.7713 224.5292 0030683 042.5398 317.8152 14.27864169165849
