1 28985U 92047AN  17204.77302165 -.00000011 +00000-0 +00000-0 0  9992
2 28985 064.0875 130.0837 3771459 322.9356 016.1756 06.52731338268406
1 29029U 93014AW  18205.47918330 +.00002932 +00000-0 +34341-3 0  9994
2 29029 075.7415 262.9204 0066490 030.6719 329.8328 14.83701027663068
1 29030U 93014AX  18204.96093617 +.00001778 +00000-0 +26295-3 0  9997
2 29030 075.7435 300.9596 0072161 088.3067 272.6379 14.73867455654829
1 29032U 93014AZ  17280.00072034 +.00011875 +00000-0 +12980-2 0  9991
2 29032 075.7460 030.1155 0072258 003.5677 005.6543 14.85947045687319
1 29033U 94029AEQ 18205.57450772 +.00000164 +00000-0 +34073-4 0  9996
2 29033 081.9804 148.2457 0276699 191.8520 167.6071 14.33375499813272
1 29037U 99040G   18194.20643941 +.00000295 +00000-0 +40247-4 0  9992
2 29037 028.4530 177.1591 4505556 184.2627 170.0502 06.44881908294105
1 29039U 99057NJ  18205.40969868 +.00000335 +00000-0 +84987-4 0  9990
2 29039 098.3016 175.6509 0063033 306.0758 207.6972 14.56135802826171
1 29040U 99057NK  18204.68995893 +.00000108 +00000-0 +44720-4 0  9997
2 29040 098.5378 164.2128 0079000 240.8548 118.4719 14.43261888803162
1 29042U 04035J   18205.29501777 -.00000537 +00000-0 -40444-4 0  9990
2 29042 097.7497 223.7116 0009604 046.0405 314.1608 14.97992867278745
1 29043U 04035K   18205.30962948 -.00000211 +00000-0 -12907-4 0  9996
2 29043 097.7626 225.6295 0009516 074.7103 285.5170 14.97754462688426
1 29068U 91082BP  18204.21643242 +.00003934 +00000-0 +97496-3 0  9991
2 29068 098.9099 301.7180 0056234 178.6307 181.5051 14.51581400653333
1 29069U 91082BQ  18204.89906146 +.00000867 +00000-0 +42413-3 0  9992
2 29069 098.9410 176.3915 0090829 057.6005 330.2319 14.18417145705742
1 29070U 91082BR  18203.55041797 +.00000904 +00000-0 +34918-3 0  9991
2 29070 098.7519 233.6944 0015316 063.5219 296.7534 14.32577233722994
1 29071U 91082BS  18204.69756325 +.00000956 +00000-0 +49681-3 0  9998
2 29071 098.9703 179.2208 0095442 168.7130 191.6214 14.14779363722949
1 29072U 91082BT  18204.50756969 +.00004554 +00000-0 +10619-2 0  9999
2 29072 098.9380 298.9587 0064575 216.1530 143.5290 14.54044004719380
1 29073U 91082BU  18205.31450969 +.00000994 +00000-0 +35108-3 0  9996
2 29073 098.6568 238.8545 0013688 351.9820 008.1145 14.36854390720308
1 29074U 91082BV  18205.51853294 +.00000608 +00000-0 +25465-3 0  9994
2 29074 098.7825 232.4269 0013080 078.4143 281.8506 14.29644608719449
1 29075U 91082BW  18204.87772313 +.00015725 +00000-0 +95796-3 0  9995
2 29075 098.5934 003.5010 0015524 162.2346 197.9426 15.10394223689396
1 29077U 91082BY  18205.37673340 +.00001302 +00000-0 +74230-3 0  9999
2 29077 098.6477 004.9898 0105503 213.3791 146.0698 14.08642502717018
1 29078U 91082BZ  18204.27437446 +.00000516 +00000-0 +23585-3 0  9996
2 29078 098.8784 224.4463 0022035 167.0769 193.0979 14.25741809713476
1 29081U 91082CA  18205.10569508 +.00007076 +00000-0 +89600-3 0  9996
2 29081 098.5963 257.6574 0029747 325.7163 034.2127 14.81824939735333
1 29082U 91082CB  18204.00185719 +.00002381 +00000-0 +49283-3 0  9990
2 29082 098.6478 286.9417 0016395 130.2014 230.0623 14.61201267719831
1 29083U 91082CC  18204.87933165 +.00001254 +00000-0 +40325-3 0  9998
2 29083 098.6646 246.6567 0009838 288.1238 071.8878 14.41096771717610
1 29084U 91082CD  18202.91171524 +.00015952 +00000-0 +11812-2 0  9993
2 29084 098.6138 352.5659 0002011 243.2922 269.0518 15.03243423735512
1 29085U 91082CE  06107.27500905 +.00000096 +00000-0 +70654-4 0  9997
2 29085 098.7123 126.2034 0013541 053.3411 306.8654 14.16071559089733
1 29086U 91082CF  18203.38051104  .00001723  00000-0  45893-3 0  9996
2 29086  98.6498 263.8372 0010921 197.5651 222.5846 14.49767992691215
1 29087U 91082CG  18204.34561723 +.00000965 +00000-0 +32702-3 0  9999
2 29087 098.7155 241.4193 0007936 322.1015 037.9612 14.39075665734666
1 29088U 91082CH  18204.90459061 +.00000887 +00000-0 +31726-3 0  9991
2 29088 098.6762 238.9532 0010678 346.0639 014.0251 14.36524529727024
1 29089U 91082CJ  18205.29218519 +.00006953 +00000-0 +87670-3 0  9995
2 29089 098.6226 329.5056 0005903 018.7679 011.7518 14.82305795742121
1 29090U 91082CK  18204.84626249 +.00001092 +00000-0 +38380-3 0  9993
2 29090 098.7577 214.7798 0019233 025.9108 096.6740 14.36916319734757
1 29094U 92093JQ  18205.34716449 +.00001143 +00000-0 +49815-3 0  9990
2 29094 071.2909 184.7555 0143374 316.3639 042.6220 14.20603046818203
1 29096U 93016AK  18199.09714987  .00003085  00000-0  43111-3 0  9997
2 29096  70.9189  95.1310 0054951 148.7664 211.6777 14.77471845760395
1 29097U 93016AL  18205.61084729 +.00000009 +00000-0 +38066-4 0  9995
2 29097 071.0046 265.4767 0126134 163.5876 349.0627 13.93704506872250
1 29098U 93016AM  18179.35879955  .00000307  00000-0  18941-3 0  9990
2 29098  70.8989 169.6190 0089175 252.3010 173.3529 14.11290942832484
1 29100U 93016AP  18204.19731037 +.00000401 +00000-0 +25953-3 0  9999
2 29100 070.7333 036.3638 0077962 326.1817 033.4340 14.07585463824975
1 29101U 93016AQ  18205.13068802 +.00001106 +00000-0 +39991-3 0  9998
2 29101 070.9270 102.5955 0124823 016.6358 343.8809 14.31487319802709
1 29102U 93016AR  18205.43856928 +.00001427 +00000-0 +53043-3 0  9996
2 29102 070.9331 223.0240 0106542 139.0855 221.8335 14.30713140814945
1 29104U 01049PN  18204.83981829 +.00002777 +00000-0 +12899-3 0  9998
2 29104 097.5133 215.4775 0020003 095.3676 264.9842 15.20681856756889
1 29105U 04021G   18204.91711016 -.00000089 +00000-0 -37744-4 0  9993
2 29105 070.9241 307.5560 0216347 067.6576 294.7300 13.79069001703728
1 29106U 05049E   18199.86824756  .00000084  00000-0  00000+0 0  9991
2 29106   8.5329  51.0849 0009522 166.2241  52.5299  1.01168882 45662
1 29213U 99057NL  18205.57623447 +.00047644 +00000-0 +57110-3 0  9993
2 29213 098.6644 254.5464 0008694 209.3839 150.6927 15.60761211747768
1 29215U 02024F   18205.21821377 +.00000011 +00000-0 +53316-4 0  9998
2 29215 098.8179 107.4320 0246330 237.1302 281.5417 13.62172579787391
1 29216U 02024G   18204.78674949 +.00000081 +00000-0 +11734-3 0  9995
2 29216 098.8024 184.7360 0230174 137.4682 343.2794 13.67297572797723
1 29217U 05024H   18205.18698627 +.00001630 +00000-0 +13171-3 0  9991
2 29217 097.6086 292.3941 0107324 305.7293 053.3981 14.96858988695112
1 29363U 00075F   18205.38550308 +.00007886 +00000-0 +21825-2 0  9992
2 29363 095.3698 266.9670 0320145 153.8290 207.9482 14.20651072183545
1 29419U 03037D   13247.60541910 +.00000052 +00000-0 +29559-3 0  9991
2 29419 082.4735 014.9152 0024624 188.2064 188.7298 12.45651385453156
1 29421U 03037F   13281.19500608 +.00000012 +00000-0 +15703-4 0  9998
2 29421 082.4746 353.9503 0025727 117.3876 242.5210 12.45640837453542
1 29422U 04023D   18205.31337419 +.00041285 +44212-6 +27747-3 0  9994
2 29422 038.8615 287.3952 3620439 040.1109 341.7326 08.31562621283632
1 29509U 06046E   18205.50628220 +.00000420 +00000-0 +44880-4 0  9996
2 29509 097.9820 212.3437 0045954 124.0021 236.5576 14.93560729637007
1 29519U 04029D   18202.49573831  .00010901  00000-0  17996-2 0  9999
2 29519  88.0830 197.5995 3654821 247.8029 314.0106  7.95966817203054
1 29524U 06050C   18205.34315200 +.00000324 +00000-0 +17314-3 0  9995
2 29524 098.7814 229.8444 0004341 247.7520 179.7431 14.20061940605733
1 29525U 06050D   18205.57336235 +.00000362 +00000-0 +18833-3 0  9991
2 29525 098.7656 231.1296 0002935 240.6635 276.0422 14.20797361605908
1 29534U 05038D   18204.34313572 +.00000662 +00000-0 +10734-3 0  9994
2 29534 039.4253 261.1755 5855143 316.8783 009.9145 04.26965209185202
1 29536U 06015C   18204.44384820 +.00000346 +00000-0 +79504-4 0  9997
2 29536 097.8561 283.5832 0164898 098.6094 263.3825 14.53107765642264
1 29537U 06015D   18205.53539346 +.00000460 +00000-0 +10610-3 0  9993
2 29537 097.9695 318.6483 0171610 154.2855 206.7000 14.51062581641843
1 29538U 06015E   18204.86047839 +.00000329 +00000-0 +68507-4 0  9993
2 29538 097.8616 351.0727 0145020 324.9744 034.1984 14.60178033644293
1 29539U 06015F   18205.57827813 +.00000409 +00000-0 +82749-4 0  9994
2 29539 097.8719 330.2240 0135211 289.3765 128.8027 14.61033959645710
1 29600U 06050BS  18205.31332358 +.00000630 +00000-0 +30509-3 0  9991
2 29600 098.7598 232.7609 0005863 267.1736 154.6654 14.21987197604165
1 29676U 05049F   18200.04349691 -.00000225 +00000-0 +00000-0 0  9995
2 29676 008.4413 050.6093 0034866 338.9675 185.9332 01.02231434044473
1 29733U 99025X   18204.22953569 +.00000982 +00000-0 +17903-2 0  9996
2 29733 099.2357 287.3962 0581469 276.4370 093.9495 12.91508192542312
1 29734U 99025Y   18205.50544762 +.00000220 +00000-0 +43593-3 0  9990
2 29734 099.1263 204.7634 0639808 022.8602 126.9350 12.83535877538716
1 29735U 99025Z   18205.43859294 +.00000204 +00000-0 +43576-3 0  9995
2 29735 099.3525 196.6019 0725721 341.8694 015.7700 12.67543482531700
1 29736U 99025AA  18204.32162036 +.00000291 +00000-0 +74187-3 0  9992
2 29736 099.4403 145.9051 0732203 199.6418 318.9335 12.54019095526795
1 29737U 99025AB  18205.56814889 +.00000410 +00000-0 +93296-3 0  9995
2 29737 099.5658 225.1623 0726166 175.6781 339.9890 12.59464217528508
1 29740U 99025AE  18205.51349473 +.00000449 +00000-0 +12273-2 0  9993
2 29740 099.0517 080.8544 1006502 145.7415 221.2955 12.02760276504621
1 29741U 99025AF  18204.95856573 -.00000374 +00000-0 -92484-3 0  9997
2 29741 099.1935 098.9202 1037974 284.0756 135.8433 11.95634075501750
1 29746U 99025AL  18205.41543583 +.00011441 +00000-0 +18257-1 0  9997
2 29746 099.5364 000.6081 1028047 254.0348 094.5244 12.23565105491292
1 29748U 99025AN  18205.12884831 +.00018077 +00000-0 +98974-1 0  9997
2 29748 100.4127 080.8740 1066823 092.8751 279.4635 11.52314096472632
1 29750U 99025AQ  18205.53337111 +.00000190 +00000-0 +13895-3 0  9997
2 29750 099.0688 230.2285 0035700 318.2513 198.3238 14.07524169590990
1 29751U 99025AR  18205.53352434 +.00000029 +00000-0 +32230-4 0  9999
2 29751 098.8594 230.4530 0091915 024.7662 128.8235 14.21701907597190
1 29753U 99025AT  18204.46118249 +.00001642 +00000-0 +41020-3 0  9994
2 29753 098.9201 033.6889 0059290 238.5905 120.9482 14.51995643603272
1 29754U 99025AU  18205.02866063 +.00000203 +00000-0 +13680-3 0  9995
2 29754 098.9337 287.6246 0037778 326.4253 159.3355 14.11067347592359
1 29756U 99025AW  18205.37910597 +.00001039 +00000-0 +31870-3 0  9996
2 29756 099.2466 166.9720 0051897 076.0095 284.6856 14.43261865602204
1 29758U 99025AY  18205.60570689 +.00000809 +00000-0 +42480-3 0  9991
2 29758 098.9355 263.6579 0033282 160.4427 359.1450 14.16721798593079
1 29760U 99025BA  18204.04979194 -.00000162 +00000-0 -65468-4 0  9991
2 29760 098.9420 232.8143 0133051 203.1410 156.3731 14.06529421591280
1 29762U 99025BC  18205.55010306 +.00000091 +00000-0 +52822-4 0  9990
2 29762 098.6237 241.7018 0212088 233.1207 288.2662 14.19104356596553
1 29763U 99025BD  18205.58820094 +.00000004 +00000-0 +26578-4 0  9990
2 29763 098.8063 244.7072 0129902 222.3984 291.3760 14.05971761591219
1 29765U 99025BF  18205.56143340 -.00000228 +00000-0 -11869-3 0  9998
2 29765 099.1211 231.6609 0062565 015.9466 139.8034 14.01550412589504
1 29766U 99025BG  18205.51369510 +.00000239 +00000-0 +20715-3 0  9993
2 29766 098.7117 299.5751 0161611 151.6507 275.2351 13.88840750582895
1 29767U 99025BH  18205.14797233 +.00000456 +00000-0 +23366-3 0  9996
2 29767 098.2229 081.0734 0386739 038.9398 111.2967 13.86929245580913
1 29769U 99025BK  18205.37636205 +.00000780 +00000-0 +51126-3 0  9999
2 29769 099.1769 188.8289 0103705 055.7691 305.3248 14.02540362587708
1 29770U 99025BL  18205.38961899 +.00000643 +00000-0 +39746-3 0  9994
2 29770 099.0210 258.3536 0070663 324.5729 098.9468 14.07723392590291
1 29771U 99025BM  18205.60258461 +.00002413 +00000-0 +10353-2 0  9993
2 29771 099.5567 079.3060 0081330 213.7760 145.8220 14.24086097589684
1 29772U 99025BN  18205.60523100 +.00000353 +00000-0 +26323-3 0  9995
2 29772 098.4029 237.3944 0146797 288.5521 227.8511 13.95695341585569
1 29773U 99025BP  18205.27584831 +.00000153 +00000-0 +86508-4 0  9997
2 29773 098.7886 301.4022 0051988 161.7748 219.4521 14.22910195597888
1 29774U 99025BQ  18205.49155531 +.00000038 +00000-0 +39554-4 0  9994
2 29774 099.2104 023.6128 0050640 260.6912 122.1660 14.20822894597457
1 29775U 99025BR  18205.57991089 +.00002690 +00000-0 +30290-3 0  9993
2 29775 099.0396 248.0236 0061741 197.9317 161.9717 14.86353274612553
1 29776U 99025BS  18204.99159253 +.00000151 +00000-0 +11854-3 0  9993
2 29776 099.0814 228.8606 0022869 268.8367 121.1098 14.06473535591334
1 29777U 99025BT  18204.74340601 +.00000072 +00000-0 +91145-4 0  9990
2 29777 099.4237 183.3513 0092875 266.3475 219.4979 13.91234662585046
1 29779U 99025BV  18205.53368723 +.00000024 +00000-0 +37594-4 0  9990
2 29779 098.9246 234.2020 0063891 258.0981 101.3021 14.11301455593377
1 29780U 99025BW  18204.31874870 +.00000883 +00000-0 +54381-3 0  9997
2 29780 099.3106 344.7240 0046721 098.6393 262.0072 14.07736534590001
1 29781U 99025BX  18205.04828328 +.00000269 +00000-0 +20455-3 0  9999
2 29781 099.0203 239.6688 0077880 128.3874 262.2911 14.00683239588333
1 29782U 99025BY  18205.43592410 +.00000635 +00000-0 +44044-3 0  9990
2 29782 099.1720 192.7448 0061561 116.4508 036.4745 14.01772427587999
1 29783U 99025BZ  18205.51846803 +.00001936 +00000-0 +24556-3 0  9999
2 29783 098.9697 212.7918 0087132 137.6804 013.2122 14.80518533613132
1 29784U 99025CA  18205.40814826 +.00000130 +00000-0 +73350-4 0  9990
2 29784 099.0688 358.6903 0064520 158.3658 228.7561 14.25334571598872
1 29785U 99025CB  18205.36648886 +.00001462 +00000-0 +28755-3 0  9994
2 29785 099.0354 168.0617 0075784 060.2311 300.6399 14.62601288608143
1 29786U 99025CC  18205.41397264 -.00000067 +00000-0 -12609-4 0  9996
2 29786 099.0156 232.1154 0078419 330.2752 079.7192 14.07648625591871
1 29789U 99025CF  18205.17018449 +.00000294 +00000-0 +40428-3 0  9996
2 29789 099.6510 099.1464 0309896 185.3741 335.9793 13.48336298565994
1 29790U 99025CG  18205.55562621 +.00000069 +00000-0 +45489-4 0  9999
2 29790 099.1452 054.3345 0083144 059.3137 301.6203 14.27649889599951
1 29791U 99025CH  18204.97321681 +.00000446 +00000-0 +17540-3 0  9999
2 29791 099.0789 030.8727 0063146 089.9330 065.1834 14.33290062600295
1 29792U 99025CJ  18205.59180577 +.00000544 +00000-0 +35670-3 0  9999
2 29792 099.0001 262.2687 0055146 063.7419 296.9402 14.05526042589603
1 29793U 99025CK  18205.49088503 +.00000399 +00000-0 +30111-3 0  9998
2 29793 098.3697 219.5766 0152439 319.5802 198.8175 13.93983060585090
1 29794U 99025CL  18205.50653347 +.00000219 +00000-0 +14411-3 0  9991
2 29794 098.1832 215.7945 0166825 173.4201 345.2444 14.03654073589543
1 29795U 99025CM  18204.15583167 -.00000092 +00000-0 -38480-4 0  9998
2 29795 098.8403 080.9773 0114137 129.6555 021.7302 13.91771123585042
1 29796U 99025CN  18205.54069898 +.00000048 +00000-0 +56102-4 0  9993
2 29796 099.1330 224.9987 0054134 267.5230 244.9740 14.06861864590786
1 29798U 99025CQ  18204.95607073 +.00000268 +00000-0 +23537-3 0  9991
2 29798 099.3963 194.3603 0124764 006.7248 019.7365 13.90882337583396
1 29800U 99025CS  18205.25822619 +.00000287 +00000-0 +25585-3 0  9990
2 29800 098.3241 115.3493 0150180 149.8667 009.9390 13.86184260581036
1 29801U 99025CT  18205.32887803 +.00000021 +00000-0 +23931-4 0  9995
2 29801 098.8868 346.5529 0106042 257.9066 130.9443 14.33596767602745
1 29802U 99025CU  18205.61026653 +.00000408 +00000-0 +17807-3 0  9999
2 29802 098.7595 263.3268 0066176 044.8742 112.5797 14.28066526597611
1 29803U 99025CV  18205.23878056 +.00002305 +00000-0 +78069-3 0  9995
2 29803 098.9920 314.1038 0061190 306.5200 082.6543 14.36761904596812
1 29804U 99025CW  18205.06377953 +.00000040 +00000-0 +52163-4 0  9999
2 29804 099.0310 231.7191 0097593 270.1872 114.2215 14.03683208590297
1 29805U 99025CX  18205.47835962 +.00000003 +00000-0 +48095-4 0  9992
2 29805 099.7335 207.7883 0189887 007.2094 353.1715 13.71898119576988
1 29806U 99025CY  18204.82412014 +.00000267 +00000-0 +18328-3 0  9997
2 29806 098.9705 236.7484 0026812 297.9356 112.4346 14.07825040591310
1 29807U 99025CZ  18205.57102758 -.00000095 +00000-0 -29645-4 0  9998
2 29807 098.9545 234.5804 0081656 357.0042 157.0819 14.06660486591457
1 29808U 99025DA  18204.22053163 +.00000981 +00000-0 +44663-3 0  9993
2 29808 099.0147 303.7993 0035086 115.8554 300.6432 14.23763654594281
1 29809U 99025DB  18205.48558675 +.00000095 +00000-0 +41040-4 0  9994
2 29809 098.9334 033.6682 0126117 111.1574 280.6573 14.41603295605593
1 29810U 99025DC  18205.59008204 +.00000048 +00000-0 +39780-4 0  9992
2 29810 099.1746 079.1375 0069101 205.4035 184.6561 14.25415314599112
1 29811U 99025DD  18204.99677211 +.00000679 +00000-0 +30968-3 0  9994
2 29811 099.0218 281.9845 0079855 129.0269 231.8052 14.23278315593556
1 29812U 99025DE  18205.01214508 +.00000205 +00000-0 +16687-3 0  9992
2 29812 098.3785 224.2436 0149739 316.3943 071.4981 13.94488644584984
1 29813U 99025DF  18205.55450733 -.00000074 +00000-0 -16639-4 0  9998
2 29813 099.0213 230.4202 0011487 260.1614 251.9719 14.08774874592643
1 29814U 99025DG  18205.42368105 +.00000998 +00000-0 +29701-3 0  9992
2 29814 099.1011 111.4553 0054482 018.4841 043.7880 14.44762828602493
1 29815U 99025DH  18205.06209866 +.00000282 +00000-0 +65656-4 0  9997
2 29815 098.3111 251.1138 0225889 181.8117 178.2283 14.48292823606929
1 29816U 99025DJ  18205.26835792 +.00000265 +00000-0 +85831-4 0  9991
2 29816 098.8531 308.8011 0300739 107.3825 283.2080 14.24372503596409
1 29819U 99025DM  18205.11854223 -.00000150 +00000-0 -61383-4 0  9999
2 29819 098.9125 259.5757 0199595 029.7248 359.2110 13.99904382588454
1 29820U 99025DN  18205.55692184 +.00000381 +00000-0 +28667-3 0  9996
2 29820 099.0726 236.9434 0068331 142.8765 010.5218 13.99252137587998
1 29821U 99025DP  18205.56807663 -.00000112 +00000-0 -20626-4 0  9990
2 29821 099.2673 231.5425 0394201 058.3978 088.4335 13.99770693586959
1 29825U 99025DT  18205.10286621 +.00001659 +00000-0 +10468-3 0  9996
2 29825 098.7483 257.8611 0118756 323.7315 035.5899 15.05295866622016
1 29827U 99025DV  18205.55971045 +.00000075 +00000-0 +56965-4 0  9992
2 29827 098.6922 237.6985 0026568 185.5367 328.2659 14.18325001596154
1 29828U 99025DW  18205.41378681 +.00000562 +00000-0 +38722-3 0  9996
2 29828 099.0177 270.2491 0066256 124.1682 298.6301 14.02315319588726
1 29832U 99025EA  18205.22820060 -.00000018 +00000-0 +83622-5 0  9991
2 29832 098.8061 122.5562 0203739 184.0467 175.9089 14.52715912610503
1 29833U 99025EB  18205.50107200 +.00000393 +00000-0 +83040-4 0  9995
2 29833 099.1052 229.8160 0155206 263.5681 094.7823 14.59075931610779
1 29834U 99025EC  18205.53044544 +.00004362 +00000-0 +32601-3 0  9996
2 29834 098.3116 224.1213 0111478 169.6773 190.6775 14.98507048614611
1 29835U 99025ED  18204.53212118 -.00000011 +00000-0 +11252-4 0  9998
2 29835 098.9963 135.5000 0173291 100.9406 315.5405 14.41495180605955
1 29836U 99025EE  18204.94870334 +.00000215 +00000-0 +63250-4 0  9994
2 29836 097.9667 018.9674 0179249 183.3687 331.4364 14.43927441245405
1 29837U 99025EF  18204.90902658 +.00011803 +00000-0 +50141-3 0  9995
2 29837 098.4479 005.4569 0053760 208.7421 151.0848 15.21921045615690
1 29840U 99025EJ  18205.40112365 +.00001796 +00000-0 +28971-3 0  9999
2 29840 099.0142 177.9207 0100367 016.9284 343.5228 14.69650080609124
1 29841U 99025EK  18205.45056378 +.00000069 +00000-0 +30302-4 0  9990
2 29841 098.9329 019.7260 0220914 076.5920 314.4619 14.39568689604566
1 29842U 99025EL  18205.43991574 +.00000606 +00000-0 +17907-3 0  9997
2 29842 098.7255 191.6421 0145200 004.9184 146.5252 14.41406694603716
1 29843U 99025EM  18205.53581199 +.00000081 +00000-0 +45174-4 0  9992
2 29843 098.8184 311.4553 0205208 163.9611 262.3704 14.24223429598539
1 29844U 99025EN  18205.60848895 +.00000078 +00000-0 +45197-4 0  9991
2 29844 098.9870 340.7656 0184418 040.4141 321.0572 14.25296912598587
1 29845U 99025EP  18205.58412544 +.00000053 +00000-0 +42262-4 0  9990
2 29845 098.6854 239.6848 0084471 051.8944 100.7793 14.21551702597438
1 29846U 99025EQ  18205.55302837 +.00000029 +00000-0 +34922-4 0  9998
2 29846 098.9864 222.7029 0087438 104.4881 046.6702 14.17666732596182
1 29847U 99025ER  18205.50645521 -.00000038 +00000-0 +40869-5 0  9993
2 29847 098.9675 228.1032 0088033 344.9312 184.0614 14.01353929589421
1 29848U 99025ES  18205.60664325 +.00000125 +00000-0 +86927-4 0  9998
2 29848 098.2506 243.8317 0138143 140.0484 022.4451 14.08231592590492
1 29849U 99025ET  18205.43564994 +.00000786 +00000-0 +57642-3 0  9995
2 29849 099.1439 278.8130 0091063 280.0217 140.2839 13.96957430586291
1 29850U 99025EU  18205.54365248 +.00000415 +00000-0 +33786-3 0  9992
2 29850 098.0959 066.0836 0109799 305.0460 082.8374 13.91800694584312
1 29851U 99025EV  18205.34099962 +.00000058 +00000-0 +88155-4 0  9992
2 29851 099.4708 157.9281 0145835 129.7634 022.8486 13.81715685580867
1 29852U 99025EW  18205.30065523 +.00000524 +00000-0 +40283-3 0  9992
2 29852 099.2246 147.4516 0157099 292.4992 225.6059 13.92126662583346
1 29853U 99025EX  18205.39628693 +.00000257 +00000-0 +22308-3 0  9996
2 29853 098.4132 184.5074 0174608 105.0624 256.9928 13.86733488582163
1 29854U 99025EY  18205.53020926 +.00000066 +00000-0 +92378-4 0  9991
2 29854 099.1078 099.7711 0151150 093.5942 027.5167 13.81411766580743
1 29855U 99025EZ  18205.57393584 +.00000477 +00000-0 +35503-3 0  9991
2 29855 098.1721 067.6198 0218547 024.7572 005.9711 13.88167884581922
1 29856U 99025FA  18205.59396053 +.00000126 +00000-0 +51999-4 0  9997
2 29856 098.7681 323.4470 0431879 059.7462 058.2228 14.00709896583118
1 29857U 99025FB  18204.28804940 +.00000468 +00000-0 +45689-3 0  9999
2 29857 098.4769 112.2392 0210343 025.9628 335.1897 13.74165917576368
1 29858U 99025FC  18205.46188955 +.00000423 +00000-0 +44828-3 0  9997
2 29858 099.0636 029.6005 0213304 317.0443 070.2508 13.70461983575364
1 29859U 99025FD  18204.85451683 +.00000665 +00000-0 +62782-3 0  9998
2 29859 098.3630 002.4453 0324518 201.3764 157.3565 13.62931108571254
1 29860U 99025FE  18204.37430486 +.00000380 +00000-0 +41735-3 0  9994
2 29860 098.6407 120.9526 0249578 311.0658 161.1901 13.65217016572033
1 29865U 99025FK  18205.20477060 +.00000275 +00000-0 +57551-4 0  9998
2 29865 098.9843 193.5546 0163536 183.2279 240.8506 14.61035806612123
1 29866U 99025FL  18205.07056331 +.00000060 +00000-0 +20183-4 0  9991
2 29866 098.1405 249.6989 0222970 354.3342 034.4728 14.54344163610430
1 29868U 99025FN  18205.62558840 +.00000408 +00000-0 +66702-4 0  9999
2 29868 098.3235 256.7542 0268326 175.6787 339.1104 14.55441433608991
1 29869U 99025FP  18205.44465302 +.00000114 +00000-0 +57905-4 0  9999
2 29869 099.0134 009.5172 0092740 339.8469 045.1525 14.31874623601705
1 29870U 99025FQ  18205.55316119 -.00000010 +00000-0 +12543-4 0  9999
2 29870 098.4481 245.4753 0120740 228.8519 294.8822 14.28058349600770
1 29871U 99025FR  18205.43895400 +.00000255 +00000-0 +11248-3 0  9992
2 29871 099.0607 016.4358 0071582 070.8658 322.5362 14.30680959600402
1 29872U 99025FS  18205.55890699 +.00000111 +00000-0 +44122-4 0  9990
2 29872 098.6291 243.9051 0264101 025.0033 336.3675 14.29535250599772
1 29873U 99025FT  18205.26669222 +.00000132 +00000-0 +12680-3 0  9991
2 29873 099.3176 320.5592 0092366 311.4841 077.3843 13.95494843586539
1 29874U 99025FU  18204.04749534 +.00001142 +00000-0 +67399-3 0  9991
2 29874 098.3695 243.4497 0138493 171.3754 249.0771 14.04945770587709
1 29875U 99025FV  18205.10495698 -.00000040 +00000-0 +17319-5 0  9995
2 29875 098.6677 288.8275 0083177 009.9776 106.8516 14.24285810599038
1 29876U 99025FW  18205.40106466 +.00000047 +00000-0 +41468-4 0  9998
2 29876 098.2954 001.4129 0061471 290.0998 098.6398 14.18632994596464
1 29877U 99025FX  18205.07191917 +.00000129 +00000-0 +80331-4 0  9990
2 29877 098.7452 238.2468 0050708 110.5013 276.9524 14.19859192596402
1 29878U 99025FY  18205.43466201 +.00000666 +00000-0 +24463-3 0  9991
2 29878 097.0106 098.6070 0125834 345.4933 014.2654 14.30766623597172
1 29880U 99025GA  18205.55677499 +.00000237 +00000-0 +18554-3 0  9998
2 29880 098.1579 061.1855 0254539 031.5897 358.2940 13.85384305581527
1 29881U 99025GB  18204.22536817 +.00000616 +00000-0 +74086-3 0  9993
2 29881 098.7411 091.6375 0307027 204.1354 282.7992 13.51924054566953
1 29884U 99025GE  18205.44752497 +.00000325 +00000-0 +14760-3 0  9995
2 29884 099.5711 280.7165 0051212 288.0320 135.2542 14.28868047599359
1 29885U 99025GF  18205.53043007 -.00000050 +00000-0 -52829-5 0  9993
2 29885 098.3715 302.4415 0120886 015.3999 049.7887 14.12008304593808
1 29886U 99025GG  18205.64064034 +.00001142 +00000-0 +41637-3 0  9993
2 29886 099.2169 084.7604 0039168 139.0814 248.9002 14.34806549597902
1 29887U 99025GH  18204.97424171 +.00000269 +00000-0 +87912-4 0  9997
2 29887 099.0090 220.0709 0326798 251.4378 138.0120 14.21418300595589
1 29888U 99025GJ  18205.22193811 +.00000014 +00000-0 +22167-4 0  9990
2 29888 098.9686 308.8352 0296316 098.5068 264.9799 14.12957830593479
1 29889U 99025GK  18205.63304608 +.00000051 +00000-0 +50761-4 0  9996
2 29889 099.4560 127.0604 0159377 315.0086 163.5201 14.10289597592657
1 29890U 99025GL  18205.55915050 +.00000303 +00000-0 +18810-3 0  9996
2 29890 099.4547 116.0709 0021113 053.8582 306.4538 14.13052358592648
1 29891U 99025GM  18205.17121770 +.00000242 +00000-0 +19759-3 0  9998
2 29891 098.9928 268.4095 0066473 174.4430 203.6025 13.97942576587707
1 29892U 99025GN  18205.11857628 +.00000779 +00000-0 +39479-3 0  9997
2 29892 099.2152 262.2306 0269916 278.4108 108.6560 14.01989722586518
1 29893U 99025GP  18205.40758059 +.00000035 +00000-0 +65132-4 0  9999
2 29893 098.4838 178.2140 0173318 255.2526 259.0844 13.78355148579587
1 29894U 99025GQ  18205.40990404 +.00000115 +00000-0 +14537-3 0  9993
2 29894 099.6009 188.3612 0172093 269.3259 248.2374 13.77968176578885
1 29895U 99025GR  18205.62237903 +.00000583 +00000-0 +31955-3 0  9998
2 29895 099.8774 089.2567 0371003 310.1577 075.1625 13.86495052579790
1 29896U 99025GS  18205.60026944 +.00000121 +00000-0 +17216-3 0  9990
2 29896 099.5384 121.4509 0244326 169.2883 315.0360 13.62817805572692
1 29897U 99025GT  18205.48235810 +.00000639 +00000-0 +80625-3 0  9999
2 29897 098.6243 023.0118 0319107 243.0606 142.2086 13.47792103565260
1 29898U 99025GU  18205.55459486 +.00000547 +00000-0 +41702-3 0  9996
2 29898 098.2075 230.6400 0483754 110.2153 037.8367 13.52207084565729
1 29899U 99025GV  18205.35241526 -.00000020 +00000-0 +19154-4 0  9993
2 29899 098.6714 356.2469 0355026 015.1824 345.9640 13.36703157560278
1 29901U 99025GX  18205.40744667 +.00000030 +00000-0 +87051-4 0  9998
2 29901 098.7587 004.4155 0384846 149.8646 242.0731 13.31834110560002
1 29903U 99025GZ  18205.15663008 +.00000716 +00000-0 +18052-3 0  9996
2 29903 098.9507 109.6097 0083586 127.6687 233.2127 14.52462095606327
1 29904U 99025HA  18205.10129450 +.00000122 +00000-0 +46023-4 0  9991
2 29904 099.0303 071.9572 0231973 346.1564 013.3330 14.36084432602821
1 29905U 99025HB  18205.37408891 +.00012850 +00000-0 +72399-3 0  9995
2 29905 099.2179 342.7221 0020551 306.9011 053.0332 15.13220582611865
1 29906U 99025HC  18205.10501221 +.00000595 +00000-0 +27598-3 0  9992
2 29906 098.8370 256.0723 0053524 117.4979 243.1654 14.23716483596054
1 29907U 99025HD  18205.46891108 -.00000057 +00000-0 -73092-5 0  9995
2 29907 099.2358 202.2538 0086115 148.7035 004.6871 14.00723433587357
1 29909U 99025HF  18205.61140677 +.00000489 +00000-0 +21411-3 0  9995
2 29909 098.7755 260.3839 0062854 053.0072 110.1604 14.27202765597421
1 29911U 99025HH  18205.57247758 +.00000204 +00000-0 +13459-3 0  9999
2 29911 098.9800 236.9637 0030906 257.4980 258.6044 14.12453127593014
1 29912U 99025HJ  18205.56259218 +.00000483 +00000-0 +23439-3 0  9991
2 29912 098.8858 248.1549 0056811 138.8012 020.4913 14.22147637595496
1 29913U 99025HK  18205.52866338 +.00000055 +00000-0 +60608-4 0  9990
2 29913 098.9418 235.8034 0063454 275.3510 253.6393 14.04895996590599
1 29914U 99025HL  18204.93185483 +.00000144 +00000-0 +12298-3 0  9990
2 29914 099.1619 227.1517 0036480 041.9491 075.0889 14.02075341589596
1 28985U 92047AN  17202.78153660 -.00000011 +00000-0 +00000-0 0  9995
2 28985 064.0819 131.3466 3779873 322.9036 016.1540 06.52873968268271
1 29029U 93014AW  18203.86084844 +.00002716 +00000-0 +31835-3 0  9994
2 29029 075.7412 265.7912 0066566 034.8796 325.6725 14.83692064663848
