1 41709U 00055PP  18202.03436266  .00000764  00000-0  39644-3 0  9990
2 41709  98.9657 290.6992 0037333 178.1257 182.0064 14.17494549121052
1 41829U 99025EYG 18205.57708564 +.00000505 +00000-0 +29874-3 0  9990
2 41829 098.9331 263.1583 0064441 343.8932 016.0189 14.11297689091461
1 42327U 95015JV  18205.47896839 +.00000645 +00000-0 +32780-3 0  9996
2 42327 098.7791 209.8431 0009212 071.6431 288.5746 14.19329280142718
1 42273U 95015GP  18205.49921383 +.00001530 +00000-0 +66375-3 0  9992
2 42273 098.7546 217.9550 0016732 007.8851 352.2589 14.25615451161833
1 41689U 07052W   18037.77969986  .01888812  00000-0  14051+0 0  9998
2 41689  64.9111 257.3614 4886402  14.7148 355.6075  5.86778452 55796
1 41692U 07052Z   18204.23155746 +.00001976 +00000-0 +13853-2 0  9999
2 41692 065.1948 228.2511 5796902 349.7310 002.3058 04.25715995056111
1 41742U 09055K   18204.93522787 +.00000428 +00000-0 +15108-3 0  9997
2 41742 098.4975 284.3869 0009252 290.7135 069.3061 14.39625785105514
1 42310U 95015JC  18204.82887197 +.00001609 +00000-0 +63085-3 0  9996
2 42310 098.7287 224.5407 0036695 324.7176 035.1578 14.30439628156849
1 42253U 93016DH  18205.40713506 +.00001414 +00000-0 +59352-3 0  9994
2 42253 070.9541 200.1908 0116647 209.7100 149.7371 14.23994916822167
1 42257U 95015FX  18205.36701387 +.00000973 +00000-0 +33631-3 0  9999
2 42257 098.7955 253.8223 0067563 303.5784 055.8963 14.36824482142934
1 42343U 00055QK  18205.46884540 +.00002288 +00000-0 +11408-2 0  9997
2 42343 099.0336 292.5464 0052666 099.1278 261.5860 14.17199443115931
1 41667U 00055PG  18205.46750054 +.00000271 +00000-0 +15220-3 0  9994
2 41667 098.8399 286.6808 0032489 191.9835 168.0570 14.18312512118557
1 42289U 95015HF  18205.39829450 +.00000731 +00000-0 +45502-3 0  9991
2 42289 098.8322 186.8723 0058635 306.8887 052.6916 14.07225530164505
1 42250U 93016DE  18205.48190316 +.00001288 +00000-0 +62900-3 0  9999
2 42250 070.9994 014.1908 0008002 129.9494 230.2335 14.19890621139927
1 42296U 95015HN  16156.79985534 +.00001840 +00000-0 +92551-3 0  9990
2 42296 098.8071 160.8571 0016628 053.4994 306.8117 14.17605117037541
1 41712U 00055PS  18203.05526173 +.00000746 +00000-0 +41581-3 0  9997
2 41712 098.8876 277.3882 0054839 143.4023 217.0915 14.13231584116034
1 41832U 99025EYK 18204.22750724 +.00000422 +00000-0 +25529-3 0  9991
2 41832 098.9285 261.2972 0063496 349.8069 010.1810 14.10978740091829
1 42330U 95015JY  18204.23967282 +.00001403 +00000-0 +61870-3 0  9999
2 42330 098.7548 215.7100 0016536 014.8890 345.2772 14.24904262145972
1 42276U 95015GS  18205.09179488 +.00000063 +00000-0 +77826-4 0  9996
2 42276 098.8854 161.2987 0118223 052.6485 308.5375 13.91657449166199
1 41695U 10007M   17258.46786204  .00000057  00000-0  10000-2 0  9998
2 41695  65.0120 241.5735 5050318  79.9536 331.2490  4.44595654 50024
1 41798U 14016B   18205.53303125 +.00004153 +00000-0 +49502-3 0  9995
2 41798 098.1665 235.1891 0060910 005.7309 354.4588 14.83558606102427
1 42314U 95015JG  18205.56063404 +.00007027 +00000-0 +69404-3 0  9990
2 42314 098.7446 326.6120 0103397 041.9053 319.0016 14.88348658161215
1 42260U 95015GA  18205.12233822 +.00001777 +00000-0 +42006-3 0  9990
2 42260 098.7132 268.9603 0117130 212.1300 147.2719 14.51411690153149
1 42346U 00055QN  18204.53859979 +.00002109 +00000-0 +83289-3 0  9994
2 42346 099.0619 320.0457 0064934 168.7648 191.4999 14.29011501128728
1 41676U 07052H   17293.19324567  .00003645  00000-0  11038+0 0  9997
2 41676  65.6862   1.7040 5483894 356.0781   5.3725  4.20436723 48760
1 42292U 95015HJ  18205.45756259 +.00001473 +00000-0 +69894-3 0  9992
2 42292 098.7658 207.3633 0030057 138.6564 221.6896 14.20807729164966
1 41680U 07052M   16333.23774355  .00001267  00000-0  13651-1 0  9998
2 41680  64.2133  24.4426 4833597  31.4908 353.3541  5.30764298 40525
1 42295U 95015HM  18205.42175742 +.00000950 +00000-0 +51513-3 0  9992
2 42295 098.7704 192.7901 0035879 206.8599 153.0718 14.14501033163927
1 41721U 15020J   18204.72137640 +.00000005 +00000-0 -18308-4 0  9998
2 41721 082.4937 342.7879 0245281 338.3397 020.7463 12.74562342144588
1 42299U 95015HR  18205.21621596 +.00001166 +00000-0 +56227-3 0  9993
2 42299 098.7739 209.1307 0027293 131.2538 229.0996 14.20421901147237
1 41715U 00055PV  18205.38408506 +.00000476 +00000-0 +27996-3 0  9991
2 41715 098.7557 266.9574 0012434 343.2280 016.8479 14.12721424117569
1 41928U 16066H   18205.47957429 +.00009935 +00000-0 +15873-2 0  9998
2 41928 098.5242 207.6075 0337842 170.1370 190.6677 14.40451526087855
1 42333U 00055PZ  18204.68140252 +.00000315 +00000-0 +20791-3 0  9999
2 42333 098.9876 284.4293 0022329 125.1774 235.1491 14.08751388122118
1 42279U 95015GV  18205.20322848 +.00001288 +00000-0 +63660-3 0  9992
2 42279 098.7718 205.1357 0009774 295.6462 064.3704 14.19132294168667
1 41698U 10007Q   18205.54981680 +.00000213 +00000-0 +27870-2 0  9995
2 41698 065.0701 132.2173 5515090 055.9687 344.7807 04.34527710062704
1 41808U 06062N   16342.72621571  .00000000  00000-0  00000+0 0  9991
2 41808  64.6620 208.7305 4990304  23.4653 353.1895  5.73249200  6129
1 42317U 95015JK  18205.50187579 +.00001024 +00000-0 +43587-3 0  9992
2 42317 098.7832 228.9994 0031256 016.1978 344.0194 14.27141168153557
1 42263U 95015GD  18204.32286014 +.00000590 +00000-0 +47900-3 0  9995
2 42263 098.8134 150.8010 0128848 035.3745 325.5879 13.89980735166336
1 42349U 00055QR  18205.04471879 +.00000398 +00000-0 +24815-3 0  9991
2 42349 098.8619 275.1351 0010575 061.2444 298.9788 14.10449906119244
1 41684U 07052R   18150.16903462 -.00003298  00000-0 -55045-1 0  9997
2 41684  62.9458 213.1034 5183933  24.7236 353.4874  4.71821960 62357
1 41735U 09055C   18205.46250148 +.00001401 +00000-0 +46356-3 0  9998
2 41735 098.5200 283.6882 0019159 033.5573 326.6824 14.39403182105624
1 42302U 95015HU  18205.50321949 +.00001466 +00000-0 +57286-3 0  9998
2 42302 098.7048 221.9214 0039641 002.9501 357.1908 14.30687392155669
1 41718U 15020F   18201.06250378  .00000060  00000-0  17171-3 0  9998
2 41718  82.4911 321.2871 0228032 287.9693  69.6679 12.91187024147025
1 42236U 93016CQ  18205.25678362 +.00000868 +00000-0 +44945-3 0  9992
2 42236 070.9882 056.1582 0143159 346.1509 013.5701 14.12548435710238
1 42336U 00055QC  18204.67534753 -.00005529 +00000-0 -27237-2 0  9999
2 42336 099.0153 290.4322 0003892 170.1507 189.9744 14.17132174120761
1 41660U 00055NZ  18205.04548182 +.00000578 +00000-0 +30502-3 0  9998
2 41660 098.8284 282.6073 0023195 212.8888 147.0845 14.17685177116939
1 42282U 95015GY  18205.39913337 +.00000709 +00000-0 +42121-3 0  9991
2 42282 098.7914 188.8917 0038495 245.0737 114.6431 14.10341828167003
1 42243U 93016CX  18195.98609143  .00001198  00000-0  59614-3 0  9995
2 42243  70.9617  72.0390 0139729 359.1195   0.9658 14.14079805707261
1 41702U 10007U   18204.15766619 +.00018330 +00000-0 +67158-1 0  9991
2 41702 065.8378 130.1920 5203363 050.8825 344.9368 04.95520174059670
1 41822U 99025EXZ 18204.12967738 +.00000364 +00000-0 +22205-3 0  9997
2 41822 098.9286 261.4246 0063772 348.5864 011.3858 14.11219483091953
1 42320U 95015JN  18205.24584029 +.00000683 +00000-0 +33335-3 0  9998
2 42320 098.7681 212.8744 0015053 027.1131 333.0829 14.21262110170432
1 42266U 95015GG  18205.48612751 +.00000687 +00000-0 +32324-3 0  9998
2 42266 098.7741 218.8941 0036003 081.2316 279.2937 14.22858130161375
1 42269U 95015GK  18205.15983076 +.00001993 +00000-0 +38467-3 0  9991
2 42269 098.6742 277.9432 0132956 157.4962 203.2143 14.59167955174329
1 41688U 07052V   18185.30973150  .00000098  00000-0  19772-3 0  9998
2 41688  64.1453 232.0347 5733755  25.8475 354.1806  4.27269879 60051
1 41738U 09055F   18205.07713704 +.00009558 +00000-0 +18692-2 0  9992
2 41738 098.6065 309.8201 0043180 222.3713 137.4149 14.62488548106835
1 42306U 95015HY  18205.24574100 +.00001307 +00000-0 +57639-3 0  9998
2 42306 098.7587 217.1887 0035131 083.6392 276.8786 14.24730151151233
1 42305U 95015HX  18204.94923556 +.00000713 +00000-0 +35720-3 0  9993
2 42305 098.7766 210.0050 0009867 067.7998 292.4224 14.19820344147691
1 42239U 93016CT  18205.24325530 +.00000644 +00000-0 +36334-3 0  9995
2 42239 071.1408 162.0880 0134619 038.0633 322.9904 14.09403675525106
1 42339U 00055QF  18205.51008236 +.00000831 +00000-0 +43939-3 0  9995
2 42339 099.0242 300.3257 0023055 284.9306 074.9315 14.16501626116892
1 41663U 00055PC  18205.43577262 +.00000721 +00000-0 +37564-3 0  9990
2 41663 098.8537 284.4243 0020745 223.5509 136.4028 14.17639295117115
1 42285U 95015HB  18205.21010814 +.00000629 +00000-0 +38626-3 0  9999
2 42285 098.8660 198.5147 0038016 294.9399 064.7823 14.09000375160015
1 42246U 93016DA  18199.03732531  .00001415  00000-0  65763-3 0  9990
2 42246  70.9565 324.7714 0127508 292.9692  65.8021 14.18145178242732
1 41705U 00055PK  18205.45399589 +.00000206 +00000-0 +12881-3 0  9996
2 41705 098.8469 282.6332 0015049 243.4983 116.4647 14.15138652117016
1 41825U 99025EYC 18205.59003606 +.00000464 +00000-0 +27652-3 0  9999
2 41825 098.9346 263.1947 0064285 344.2633 015.6540 14.11271384091882
1 42323U 95015JR  18204.20880432 +.00000039 +00000-0 +42512-4 0  9996
2 42323 098.7955 202.7855 0002672 353.4813 006.6326 14.15084586144297
1 41828U 99025EYF 18205.11857572 +.00000779 +00000-0 +44169-3 0  9990
2 41828 098.9678 264.3900 0063633 344.6345 015.2893 14.12023320091417
1 42326U 95015JU  18205.48164907 +.00001466 +00000-0 +70309-3 0  9991
2 42326 098.8301 219.3774 0014529 325.6359 034.3877 14.20476999144546
1 42272U 95015GN  18202.17220826 +.00000714 +00000-0 +39860-3 0  9999
2 42272 098.7654 189.6078 0026605 203.0007 156.9977 14.13867844157876
1 41691U 07052Y   18205.04212060 +.00003462 +00000-0 +20230-2 0  9990
2 41691 064.4122 211.3284 5764618 015.9401 356.4953 04.31886284056662
1 41741U 09055J   18205.45338125 +.00000833 +00000-0 +28281-3 0  9991
2 41741 098.5539 285.1499 0010451 109.0734 251.1586 14.39209276105637
1 42309U 95015JB  18205.21151114 +.00002306 +00000-0 +91980-3 0  9991
2 42309 098.6922 211.5782 0043400 069.9789 290.6057 14.28972225168692
1 42256U 93016DL  15053.40661193 +.00011073 +00000-0 +52194-2 0  9997
2 42256 070.9554 335.3796 0129353 304.8790 063.7745 14.15690330339448
1 42342U 00055QJ  17122.05226549  .00026146  00000-0  92584-2 0  9990
2 42342  99.0041 204.0625 0017336 106.0448 254.3218 14.34519994 53925
1 41666U 00055PF  18204.45260749 +.00000941 +00000-0 +45626-3 0  9995
2 41666 098.9044 290.3732 0031160 244.9656 114.8284 14.20615086116674
1 42288U 95015HE  18205.33286421 +.00001027 +00000-0 +34279-3 0  9997
2 42288 098.8069 257.5658 0076999 279.8977 079.3523 14.38102808168024
1 42249U 93016DD  17355.36935293  .00002140  00000-0  84592-3 0  9999
2 42249  70.9725 249.4701 0111174 134.9050 226.1170 14.26764791638189
1 41708U 00055PN  18202.43278943 +.00000598 +00000-0 +33526-3 0  9997
2 41708 098.8900 279.4979 0019318 169.4670 190.6911 14.14336076116413
1 41711U 00055PR  18203.05938805 +.00000655 +00000-0 +35156-3 0  9995
2 41711 098.8508 280.1911 0016473 255.3928 104.5419 14.16403888117018
1 41831U 99025EYJ 18205.38304813 +.00000427 +00000-0 +25621-3 0  9990
2 41831 098.9315 262.7957 0064413 344.7536 015.1693 14.11242842091006
1 42329U 95015JX  18204.31589831 +.00001158 +00000-0 +38848-3 0  9992
2 42329 098.6514 231.3981 0072031 294.7657 064.6047 14.37749684147478
1 42275U 95015GR  18203.40157741 +.00001706 +00000-0 +37716-3 0  9994
2 42275 098.6201 258.4036 0122072 187.6715 172.2617 14.54135214173103
1 41694U 07052AB  18204.33314587 +.00000235 +00000-0 +47751-3 0  9994
2 41694 065.5104 246.4861 5754760 342.7067 003.9534 04.21420915052606
1 41768U 06062J   18202.41598756  .00000244  00000-0  19808-3 0  9997
2 41768  64.3363 347.5880 5814671   8.4516 357.9034  4.22492209 28177
1 42313U 95015JF  18204.14775112 +.00001812 +00000-0 +10575-2 0  9998
2 42313 098.7461 180.7967 0057425 293.6488 065.8661 14.08864766166264
1 42255U 93016DK  18205.18321407 +.00000296 +00000-0 +16684-3 0  9994
2 42255 071.0070 279.3988 0011270 231.2924 158.8493 14.18264246241558
1 42259U 95015FZ  18201.96780585 +.00000443 +00000-0 +22577-3 0  9999
2 42259 098.7724 209.5879 0016210 032.5170 327.7002 14.20712443149664
1 42345U 00055QM  18205.02851463 +.00001055 +00000-0 +48352-3 0  9999
2 42345 098.7504 279.6572 0052702 233.1389 126.4951 14.22752635116313
1 41669U 00055PJ  18203.18067168 +.00000816 +00000-0 +42006-3 0  9997
2 41669 098.8010 276.6021 0029384 274.9324 084.8496 14.17795270117668
1 42291U 95015HH  18204.18846073 +.00001516 +00000-0 +73270-3 0  9995
2 42291 098.7524 199.9852 0024779 163.8666 196.3304 14.19884067158753
1 42252U 93016DG  18201.43063297 +.00000708 +00000-0 +41395-3 0  9990
2 42252 070.9828 231.6444 0162763 098.9572 263.0008 14.05190635793765
1 41679U 07052L   18195.08013175  .00001357  00000-0  19202-2 0  9992
2 41679  64.1776 228.4667 5746302  24.5329 354.5253  4.26806546 60685
1 42294U 95015HL  18203.89533590 +.00001257 +00000-0 +73456-3 0  9990
2 42294 098.8038 187.4337 0048579 289.0977 070.4936 14.09630112163216
1 42298U 95015HQ  18204.87242089 +.00000641 +00000-0 +75700-3 0  9993
2 42298 098.7166 076.2622 0283919 224.9017 132.8841 13.55367270141503
1 41714U 00055PU  18204.92191954 +.00001140 +00000-0 +90662-3 0  9994
2 41714 098.9890 247.2983 0124394 193.8041 165.9705 13.89640757110472
1 41846U 16066F   18205.08354415 +.00000321 +00000-0 +58422-4 0  9999
2 41846 098.7518 234.2958 0369099 137.3281 225.7211 14.37366840089208
1 42332U 00055PY  18205.04581400 +.00014226 +00000-0 +59416-2 0  9994
2 42332 099.0872 302.7745 0047172 309.6810 050.0213 14.25644006123220
1 42278U 95015GU  18205.41126581 +.00000668 +00000-0 +40137-3 0  9995
2 42278 098.7931 187.2921 0043097 268.4355 091.1879 14.09800793157861
1 41697U 10007P   18204.17175739 +.00000090 +00000-0 +17091-2 0  9999
2 41697 065.1817 204.8436 5263522 057.4742 342.9063 04.12922241059815
1 41805U 06062K   18199.46789490  .00000095  00000-0  12352-3 0  9997
2 41805  65.4165 353.2524 5786661 347.6114   2.6499  4.26386250 28361
1 42316U 95015JJ  18204.87451138 +.00001825 +00000-0 +62420-3 0  9991
2 42316 098.7084 234.8123 0055706 292.8344 066.6964 14.36649764172144
1 42262U 95015GC  18205.00306439 +.00000840 +00000-0 +34188-3 0  9996
2 42262 098.6881 218.3792 0050683 008.4869 351.7158 14.29468580171070
1 42348U 00055QQ  18203.39713442 +.00000177 +00000-0 +14648-3 0  9999
2 42348 098.8046 249.6954 0079251 092.2073 268.8169 13.99305676124066
1 41683U 07052Q   18205.53049901 +.00001908 +00000-0 +29001-2 0  9995
2 41683 063.9020 209.4474 5704809 037.0239 351.2716 04.32143767061842
1 41723U 15020L   18198.06311982  .00000229  00000-0  73528-3 0  9993
2 41723  82.4889 322.7663 0223361 294.0928  63.6959 12.91703108125815
1 42301U 95015HT  18205.57750790 +.00002104 +00000-0 +62152-3 0  9992
2 42301 098.7292 248.3262 0075652 253.7828 105.5027 14.42968878159020
1 41717U 00055PX  18205.44574058 +.00000778 +00000-0 +40047-3 0  9993
2 41717 098.8507 284.9744 0023766 195.2030 164.8433 14.18010996118009
1 42235U 93016CP  18205.16278387 +.00000626 +00000-0 +32018-3 0  9994
2 42235 070.9984 034.4056 0143362 324.1424 035.0138 14.14230554707267
1 42335U 00055QB  18205.45521172 +.00000535 +00000-0 +28634-3 0  9999
2 42335 098.7505 274.0527 0030911 271.3803 088.3831 14.17079575123089
1 42281U 95015GX  18205.49620267 +.00000820 +00000-0 +34696-3 0  9990
2 42281 098.7263 222.3337 0043914 329.8740 029.9916 14.27746160169538
1 42242U 93016CW  18204.35065905 +.00001119 +00000-0 +57863-3 0  9995
2 42242 070.9738 089.7202 0151971 005.8218 354.4622 14.11326548709250
1 41701U 10007T   18204.36757875 +.00000088 +00000-0 +10000-2 0  9993
2 41701 065.2707 202.1465 5417429 049.2722 346.5573 04.13207416059768
1 41811U 06062R   18202.31968104  .00013026  00000-0  23756-2 0  9991
2 41811  64.6290 322.8334 5602967   0.0475 359.9439  4.64879741 30982
1 42319U 95015JM  18205.43510908 +.00000638 +00000-0 +38032-3 0  9991
2 42319 098.8617 200.6101 0035215 286.4704 073.2598 14.10572950169360
1 42265U 95015GF  18204.21919991 +.00000460 +00000-0 +24187-3 0  9990
2 42265 098.7866 208.6418 0007967 080.6675 279.5401 14.18931213137692
1 42268U 95015GJ  18205.02361865 +.00000940 +00000-0 +74468-3 0  9994
2 42268 098.7714 145.9168 0147847 030.3876 330.5751 13.88762089165156
1 41686U 07052T   18203.16965013  .00001869  00000-0  31644-2 0  9998
2 41686  64.1989 226.4908 5735993  25.1407 354.3422  4.26892800 60924
1 41737U 09055E   18205.46377526 +.00004778 +00000-0 +13425-2 0  9990
2 41737 098.5771 291.9431 0016806 222.6221 137.3667 14.46304856105941
1 42304U 95015HW  18205.00076291 +.00001809 +00000-0 +74831-3 0  9998
2 42304 098.7492 220.8876 0021010 010.3461 349.8148 14.27790891157419
1 41720U 15020H   18205.06597868 -.00000018 +00000-0 -92861-4 0  9998
2 41720 082.4894 318.9738 0229077 279.2700 078.2568 12.90876654146470
1 42238U 93016CS  18202.77683409  .00001571  00000-0  68024-3 0  9992
2 42238  70.9750 254.4608 0123521 229.8560 129.1696 14.21846389746438
1 42338U 00055QE  18205.01689640 +.00001340 +00000-0 +57678-3 0  9994
2 42338 098.7584 283.8521 0052899 166.7055 193.5532 14.25532599125051
1 41662U 00055PB  18202.45546706 +.00001081 +00000-0 +56895-3 0  9995
2 41662 098.9043 281.9956 0018520 163.6092 196.5684 14.16063226116308
1 42284U 95015HA  18203.66076303 +.00002008 +00000-0 +62007-3 0  9993
2 42284 098.8382 257.5654 0056647 299.3559 060.1978 14.41601287160994
1 42245U 93016CZ  18179.90853552  .00001814  00000-0  76805-3 0  9992
2 42245  70.9933 271.0664 0119945 229.3617 129.7033 14.22973324183841
1 41704U 10007W   18204.00430097 +.00001033 +00000-0 +26712-1 0  9998
2 41704 065.2983 155.5452 5394099 045.4584 347.6029 04.35056753054364
1 41824U 99025EYB 18205.12519349 +.00000339 +00000-0 +21028-3 0  9995
2 41824 098.9296 262.1600 0063132 346.7395 013.2114 14.10907384092070
1 42322U 95015JQ  18204.76780786 +.00001216 +00000-0 +61126-3 0  9996
2 42322 098.7502 197.6478 0047839 156.1962 204.1440 14.17708040169934
1 42325U 95015JT  18205.47433445 +.00000836 +00000-0 +44351-3 0  9993
2 42325 098.8309 211.0971 0011555 210.2774 149.7734 14.16285792142227
1 42271U 95015GM  18205.45700215 +.00000967 +00000-0 +46669-3 0  9992
2 42271 098.7774 211.2031 0008057 086.3749 273.8349 14.20985403158452
1 41690U 07052X   18111.47421640  .00018138  00000-0  97686-2 0  9993
2 41690  63.8917 241.4430 5765713  34.7125 352.0047  4.32641947 54112
1 41740U 09055H   18205.49475918 +.00002825 +00000-0 +86521-3 0  9990
2 41740 098.5885 289.7688 0004363 155.5998 204.5398 14.42526305105792
1 42308U 95015JA  18205.19506977 +.00001169 +00000-0 +65477-3 0  9996
2 42308 098.7922 193.0610 0031945 283.6905 076.0711 14.12361377167068
1 42341U 00055QH  18205.01944258 +.00000837 +00000-0 +38531-3 0  9994
2 42341 098.7656 283.1019 0055558 227.8296 131.8156 14.22996802127003
1 41665U 00055PE  18203.98705256 -.00000124 +00000-0 -50205-4 0  9993
2 41665 098.8332 264.6808 0043196 050.4084 310.0885 14.04767539115520
1 42287U 95015HD  18205.24726807 +.00002617 +00000-0 +10296-2 0  9991
2 42287 098.7520 219.7355 0009956 005.4906 354.6384 14.30071238166613
1 42248U 93016DC  18205.42068906 +.00001460 +00000-0 +62379-3 0  9991
2 42248 070.9660 231.9183 0124920 228.8911 130.1378 14.22538753244504
1 41707U 00055PM  18204.66739029 +.00000761 +00000-0 +38085-3 0  9997
2 41707 098.8416 285.9419 0033442 243.5012 116.2733 14.19473273117168
1 41827U 99025EYE 18203.64079480 +.00000510 +00000-0 +30116-3 0  9999
2 41827 098.9313 261.2074 0062144 346.3308 013.6177 14.11356432091402
1 41710U 00055PQ  18204.04402380 +.00000598 +00000-0 +28817-3 0  9990
2 41710 098.8713 291.5326 0041582 227.3007 132.4666 14.22078328117712
1 41830U 99025EYH 18204.08653944 +.00000469 +00000-0 +27875-3 0  9996
2 41830 098.9327 261.6227 0064036 348.3491 011.6194 14.11326731090823
1 42328U 95015JW  18204.73150716 +.00001714 +00000-0 +93680-3 0  9996
2 42328 098.7658 189.0855 0039735 246.0874 113.6133 14.12921970141996
1 42274U 95015GQ  18205.48350241 +.00001452 +00000-0 +61903-3 0  9996
2 42274 098.7515 220.2173 0021209 004.4120 355.7243 14.26545177170186
1 41693U 07052AA  18014.31237017 +.00000720 +00000-0 +16605-2 0  9994
2 41693 065.6894 299.8858 5718846 348.4720 002.5764 04.28592805036151
1 41743U 09055L   18205.46202736 +.00003202 +00000-0 +10219-2 0  9996
2 41743 098.5384 285.7940 0009026 154.9510 205.2118 14.40392973105530
1 42312U 95015JE  18204.24074500 +.00005271 +00000-0 +68086-3 0  9995
2 42312 098.7496 305.9149 0098309 090.0894 271.1579 14.78062700160102
1 42254U 93016DJ  18194.18098957  .00001601  00000-0  55998-3 0  9993
2 42254  70.9835  23.0076 0100785  66.0765 295.0885 14.33847680827996
1 42258U 95015FY  18205.24610756 +.00000876 +00000-0 +72733-3 0  9994
2 42258 098.7524 137.9295 0155977 056.6907 304.9078 13.85681136146319
1 41668U 00055PH  18205.48049391 +.00001063 +00000-0 +49710-3 0  9993
2 41668 098.9006 295.5766 0053195 236.7268 122.8806 14.21758388118460
1 42290U 95015HG  18205.46368075 +.00005914 +00000-0 +99258-3 0  9997
2 42290 098.8019 293.0130 0096860 139.7790 221.0632 14.67023932170648
1 42251U 93016DF  18204.92067666 +.00001173 +00000-0 +39230-3 0  9992
2 42251 070.9729 316.3311 0091043 021.9325 338.5666 14.37173223703456
1 42297U 95015HP  18204.15493744 +.00000970 +00000-0 +58522-3 0  9997
2 42297 098.7888 183.2417 0046984 292.1179 067.5007 14.08456452146726
1 41713U 00055PT  18204.31835899 +.00000711 +00000-0 +55756-3 0  9997
2 41713 098.8821 245.4831 0116673 187.1204 172.8304 13.92041089111025
1 41833U 99025EYL 18204.14092686 +.00000424 +00000-0 +25559-3 0  9994
2 41833 098.9330 261.4139 0063421 350.8486 009.1524 14.11074364091832
1 42331U 95015JZ  18204.24861960 +.00001209 +00000-0 +56274-3 0  9993
2 42331 098.7691 212.4144 0010972 015.3438 344.8070 14.22369911139351
1 42277U 95015GT  18205.06659019 +.00002307 +00000-0 +73154-3 0  9999
2 42277 098.7274 242.1271 0050041 298.2664 061.3478 14.40323315160807
1 41696U 10007N   18204.23988156 +.00000204 +00000-0 +61187-2 0  9992
2 41696 064.6815 178.5670 5522202 081.9222 334.2715 04.06578400058927
1 41804U 14016H   18205.02856285 +.00003751 +00000-0 +48408-3 0  9994
2 41804 098.1790 232.7771 0055137 015.4342 344.8535 14.80558824102327
1 42315U 95015JH  18204.99679026 +.00000641 +00000-0 +29043-3 0  9990
2 42315 098.7694 223.8772 0034858 038.6573 321.7091 14.25115206154720
1 42344U 00055QL  18202.17047882  .00000690  00000-0  32605-3 0  9991
2 42344  98.7740 280.7687 0049174 176.3414 183.8133 14.22350285116370
1 42261U 95015GB  18204.86426894 +.00000119 +00000-0 +55754-4 0  9998
2 42261 098.6787 237.3185 0089253 299.3416 059.8875 14.34891650151866
1 42347U 00055QP  18205.02496159 +.00000833 +00000-0 +39555-3 0  9996
2 42347 098.8784 293.1741 0054324 237.2476 122.3458 14.21514240130162
1 41678U 07052K   16273.28858696  .00000856  00000-0  43665-2 0  9996
2 41678  65.8557 108.7922 5480019  36.8608 344.5427  4.50383187 34219
1 42293U 95015HK  18204.26885187 +.00001091 +00000-0 +48779-3 0  9999
2 42293 098.7926 222.8267 0018993 022.1561 338.0434 14.24645114147020
1 41682U 07052P   18042.99808065 -.00022716 +00000-0 -10711+0 0  9994
2 41682 065.2632 329.3644 5698839 008.4633 357.2628 04.20895337053372
1 41722U 15020K   18204.10943719 +.00000016 +00000-0 +26163-4 0  9992
2 41722 082.4933 349.4858 0179662 358.8626 001.2037 12.70387752125325
1 42300U 95015HS  18204.78945046 +.00000659 +00000-0 +31227-3 0  9995
2 42300 098.7664 216.0827 0038384 086.5765 273.9802 14.22620365088963
1 41716U 00055PW  18204.06562283 +.00000457 +00000-0 +26632-3 0  9994
2 41716 098.8370 276.4241 0006787 166.3307 193.8050 14.13436601117370
1 42234U 93016CN  18205.51169467 +.00001484 +00000-0 +66441-3 0  9990
2 42234 070.9877 260.0794 0125466 227.9934 131.0456 14.20093690198601
1 42334U 00055QA  18205.46045672 +.00000443 +00000-0 +24604-3 0  9996
2 42334 098.8713 285.1235 0017825 227.5233 132.4435 14.16241527101734
1 42280U 95015GW  18205.47896794 +.00001438 +00000-0 +67066-3 0  9990
2 42280 098.8057 218.7122 0013041 342.4063 017.6661 14.21981195168798
1 42241U 93016CV  17099.09223855  .00001724  00000-0  60744-3 0  9990
2 42241  98.9809 193.5088 0092623  87.4335 273.7981 14.32451612362955
1 41700U 10007S   18204.08929042 +.00000236 +00000-0 +59415-2 0  9996
2 41700 065.0468 190.8816 5529292 059.6546 343.6229 04.10592169059689
1 41810U 06062Q   18204.12148499 +.00015628 +00000-0 +21904-2 0  9991
2 41810 064.6791 313.6804 5488449 356.9673 000.7093 04.84454319032337
1 42318U 95015JL  18205.46804719 +.00000866 +00000-0 +89747-3 0  9991
2 42318 098.7248 099.0536 0236532 160.4992 200.5393 13.66548004148273
1 42264U 95015GE  18205.49406475 +.00003569 +00000-0 +52324-3 0  9995
2 42264 098.7122 301.1781 0136100 114.2362 247.3132 14.70122768175373
1 42350U 00055QS  18204.39282989 +.00000182 +00000-0 +13687-3 0  9998
2 42350 098.8047 264.1979 0028269 102.1301 258.3037 14.05934673090352
1 42267U 95015GH  18204.06782078 +.00001060 +00000-0 +76904-3 0  9990
2 42267 098.7543 157.3346 0112208 006.8443 353.4221 13.95546568166147
1 41685U 07052S   17118.22263069  .00174662  00000-0  21841+0 0  9997
2 41685  65.5686  49.1062 5735656  25.2129 354.2492  4.30107044 36272
1 41736U 09055D   18205.40636186 +.00000976 +00000-0 +33325-3 0  9991
2 41736 098.5186 283.4130 0004737 129.2005 230.9604 14.38565435105612
1 42303U 95015HV  18205.35987245 +.00001516 +00000-0 +84041-3 0  9994
2 42303 098.6891 180.1013 0034464 244.8818 114.8777 14.12398045161634
1 41719U 15020G   18204.72413763 +.00000023 +00000-0 +58235-4 0  9990
2 41719 082.4930 342.1963 0221913 338.2589 020.9199 12.75060987144716
1 42237U 93016CR  18185.17942748  .00000837  00000-0  40052-3 0  9994
2 42237  70.9594  14.6456 0133616 325.0367  34.2034 14.17421231782072
1 42337U 00055QD  18205.01689423 +.00000932 +00000-0 +40263-3 0  9990
2 42337 098.7724 288.1573 0070810 215.3640 144.2832 14.25528373127801
1 41661U 00055PA  18205.48840527 +.00000752 +00000-0 +39153-3 0  9990
2 41661 098.9509 294.7405 0029889 273.7884 085.9872 14.17492212116837
1 42283U 95015GZ  18204.88432950 +.00001221 +00000-0 +40021-3 0  9999
2 42283 098.7235 244.6988 0081497 263.7693 095.4205 14.38438749169788
1 42244U 93016CY  18140.36126081 -.00000026  00000-0  10000-4 0  9990
2 42244  71.0239  33.4531 0116975 331.1235  28.2695 14.20783326777960
1 41703U 10007V   18201.94231614 +.00000083 +00000-0 +89797-3 0  9999
2 41703 065.0736 139.4616 5550770 056.9655 344.6374 04.30042398050479
1 41823U 99025EYA 18205.41991518 +.00000351 +00000-0 +21638-3 0  9999
2 41823 098.9342 262.7214 0062673 345.7282 014.2116 14.10994979092126
1 42321U 95015JP  18204.84536951 +.00001576 +00000-0 +60495-3 0  9994
2 42321 098.7207 226.2765 0040930 316.2679 043.5263 14.31471947171459
1 42270U 95015GL  18205.20348004 +.00001568 +00000-0 +81992-3 0  9994
2 42270 098.7662 195.3274 0036795 209.9540 149.9529 14.15474690160518
1 41739U 09055G   18204.81867984 +.00346552 +00000-0 +98005-2 0  9998
2 41739 098.5751 334.5449 0036488 199.7167 160.2664 15.34279042107596
1 42307U 95015HZ  18202.78833916  .00012540  00000-0  10921-2 0  9991
2 42307  98.7301 323.0221 0077457  39.2256 321.4539 14.94758313169059
1 42240U 93016CU  18204.12668089 +.00000883 +00000-0 +44765-3 0  9994
2 42240 070.9738 015.2495 0141688 307.2304 051.5957 14.13703587537849
1 42340U 00055QG  18205.43731226 +.00001106 +00000-0 +69042-3 0  9999
2 42340 099.0440 284.6649 0053141 156.5304 203.8306 14.06222083123453
1 41664U 00055PD  18205.45927728 +.00001362 +00000-0 +67488-3 0  9999
2 41664 098.9168 290.0740 0021806 182.3654 177.7421 14.18845015116668
1 42286U 95015HC  18204.70876929 +.00000919 +00000-0 +59579-3 0  9992
2 42286 098.8109 178.7739 0066482 297.6843 061.7589 14.04077328164065
1 42247U 93016DB  18204.57968923 +.00001367 +00000-0 +62706-3 0  9993
2 42247 070.9923 284.8444 0126962 240.1758 118.6697 14.18893891724449
1 41706U 00055PL  18205.39420643 +.00000547 +00000-0 +36357-3 0  9998
2 41706 098.8779 268.8495 0039231 062.6525 297.8627 14.05041978123033
1 41826U 99025EYD 18205.38177104 +.00000448 +00000-0 +26779-3 0  9993
2 41826 098.9306 262.7656 0063342 345.1040 014.8263 14.11278280092062
1 42324U 95015JS  18202.24778613 +.00001601 +00000-0 +72620-3 0  9994
2 42324 098.7875 214.5723 0012490 003.8037 356.3234 14.23280152144072
