1 39052U 99057SZ  18205.38574545 +.00000033 +00000-0 +11003-4 0  9991
2 39052 098.7237 261.4012 0065202 332.8813 026.9000 14.88148076314929
1 39550U 93036BUG 18202.75076108  .00000469  00000-0  13871-3 0  9992
2 39550  74.1138 230.9869 0116264 188.2177 171.7080 14.42340285279138
1 38674U 06042D   17079.11633425  .00014492  00000-0  23176-3 0  9991
2 38674  39.8992 298.2758 4630707 328.7048  10.5631  6.40021775143916
1 39718U 92093KJ  18204.90496524 +.00000414 +00000-0 +15733-3 0  9996
2 39718 071.1951 024.2798 0038164 146.0474 214.3115 14.36113845223363
1 38796U 99025EUL 15071.13344642 +.00013818 +00000-0 +32955-2 0  9996
2 38796 098.9131 206.6190 0067903 266.2018 093.1102 14.52426093236003
1 39331U 08011DJ  15295.02076717 +.00000025 +00000-0 +83052-3 0  9999
2 39331 048.7847 218.8898 6477118 182.6866 170.6102 03.16317968023257
1 39700U 91009DP  18162.08811974 +.00000161 +00000-0 +14915-2 0  9994
2 39700 073.9662 057.3498 0121333 022.1311 338.4903 12.28529703004938
1 38828U 99025EVU 18199.12424232  .00001191  00000-0  21798-3 0  9994
2 38828  99.5232 168.7711 0300447 239.1838 117.9465 14.43166395383205
1 39300U 92093JR  18204.17140182 -.00000014 +00000-0 +21595-4 0  9999
2 39300 071.1233 128.5553 0107319 281.6412 077.2672 13.95495765788275
1 39596U 99057TA  18205.08912592 +.00001932 +00000-0 +39862-3 0  9990
2 39596 098.3479 171.7014 0007344 051.5580 308.6278 14.61566927285126
1 38728U 99025ETV 18204.90530271 +.00000427 +00000-0 +12287-3 0  9991
2 38728 099.2710 241.5842 0109418 198.5765 287.2036 14.47326723264333
1 38957U 12044CQ  18205.42774595 +.00021184 +44940-5 +38556-3 0  9994
2 38957 050.0124 350.2150 1782710 003.0514 357.9656 11.97429363233791
1 39310U 94029AEV 18180.65283664 +.00000303 +00000-0 +62999-4 0  9993
2 39310 081.8234 315.3023 0298368 102.5800 260.8926 14.32161467426070
1 38971U 12044DE  18204.15748262 +.00021444 +49361-5 +39488-3 0  9997
2 38971 050.0802 121.4804 1620943 171.4332 191.8170 12.31858674238950
1 39313U 94029AEY 18204.81659968 +.00001739 +00000-0 +15110-3 0  9991
2 39313 081.7890 239.6908 0106654 281.2846 077.6401 14.92141379279783
1 39626U 14014C   18205.45673448 +.00000383 +00000-0 +97470-4 0  9998
2 39626 097.9540 200.3953 0106655 033.7053 327.0866 14.52568870228570
1 38815U 99025EVF 15250.35375413 +.00005697 +00000-0 +12659-2 0  9996
2 38815 099.7063 295.5489 0037512 304.9683 051.8222 14.57074174330314
1 38792U 99025EUG 18204.44793528 +.00001614 +00000-0 +20356-3 0  9992
2 38792 099.6200 200.8765 0104699 335.4004 024.2228 14.80157901416088
1 39110U 93036BTZ 18177.02106774 +.00000136 +00000-0 +30490-4 0  9996
2 39110 073.9624 293.5667 0110156 085.9618 033.8049 14.62981785225474
1 39554U 93036BUL 18204.01505539 +.00000676 +00000-0 +16583-3 0  9995
2 39554 074.0361 052.4991 0021913 147.1995 008.7580 14.54197717248728
1 38714U 99025ETF 18202.07619361  .00001767  00000-0  42764-3 0  9991
2 38714  97.9116 143.7013 0221220 114.8682 247.5684 14.40341374404674
1 39721U 92093KM  18204.78795204 +.00000031 +00000-0 +52404-4 0  9995
2 39721 071.1909 264.7343 0128924 183.7496 176.2664 13.93996481217087
1 38799U 99025EUP 18205.44874861 +.00000120 +00000-0 +50651-4 0  9993
2 38799 098.6323 278.7075 0211412 084.6065 277.9196 14.30365735408533
1 39536U 99025EWD 18204.13691581 +.00000074 +00000-0 +12343-3 0  9997
2 39536 099.7466 170.8538 0253008 279.2296 078.0313 13.63595953249181
1 39703U 91009DS  18200.58052380 -.00000082 +00000-0 -56744-3 0  9994
2 39703 073.8543 281.3966 0195398 093.8752 332.2388 12.26810579190558
1 38832U 99025EVY 18205.12008355 +.00000759 +00000-0 +55811-3 0  9993
2 38832 099.2381 170.5069 0097160 215.9893 143.4700 13.96651536356880
1 39303U 92093JU  18202.42239245 +.00000285 +00000-0 +17957-3 0  9992
2 39303 070.9173 215.7495 0062007 166.4968 193.7830 14.11662429244484
1 38784U 99025ETY 18202.32280972  .00001830  00000-0  36534-3 0  9997
2 38784  99.4206 340.6484 0076283 246.5884 143.9095 14.61660018363842
1 38788U 99025EUC 13272.64096877 +.00005550 +00000-0 +15853-2 0  9990
2 38788 097.9457 057.9692 0206911 195.4651 169.0590 14.33690671159943
1 39316U 94029AFB 18205.61437708 +.00001019 +00000-0 +68278-4 0  9994
2 39316 082.0095 156.6226 0069742 243.4167 238.1931 15.03863951782466
1 39629U 14014F   18205.47689927 +.00000303 +00000-0 +12999-3 0  9996
2 39629 098.3641 212.0537 0174746 248.3473 109.9017 14.23775927224037
1 38818U 99025EVJ 18204.02250177 +.00000145 +00000-0 +65695-4 0  9997
2 38818 098.5568 283.6615 0095980 208.5266 275.7187 14.33074172285354
1 38795U 99025EUK 18203.36950862 -.00000410  00000-0 -45099-3 0  9997
2 38795  98.7263 260.6650 0528564  45.4050 318.8963 13.20233918428039
1 39113U 99025EWA 18176.18892759  .00000288  00000-0  19654-3 0  9990
2 39113  99.0239 263.2880 0047124 116.4642 244.1372 14.07168860276641
1 39584U 93036BUP 18204.09207469 +.00001317 +00000-0 +21546-3 0  9995
2 39584 074.0999 352.3903 0043490 096.3150 023.3104 14.71276762249425
1 38717U 99025ETJ 18204.65850786 +.00000487 +00000-0 +32047-3 0  9999
2 38717 099.0288 152.2993 0071844 348.5714 134.5198 14.05463312204030
1 38803U 99025EUT 18204.28744862 +.00000602 +00000-0 +39268-3 0  9992
2 38803 099.0233 147.1550 0085051 037.2951 323.4080 14.04426197474361
1 38808U 99025EUY 18200.38584391  .00000692  00000-0  23185-3 0  9993
2 38808  98.8204 260.6245 0165110  14.4994 346.0844 14.33249546498528
1 39540U 99025EWH 18184.18138000 +.00001102 +00000-0 +16269-2 0  9999
2 39540 106.1801 301.0694 0445643 273.5131 207.8654 13.24509389329922
1 39708U 92093JY  18204.27468844 +.00000301 +00000-0 +54123-4 0  9991
2 39708 071.2877 052.9563 0086445 327.6443 145.5813 14.72923255229018
1 39306U 94029AER 18204.13535129 +.00000328 +00000-0 +71103-4 0  9998
2 39306 081.7672 155.9680 0345610 196.4006 162.5771 14.24649231230373
1 38787U 99025EUB 18204.74354260 +.00000454 +00000-0 +45955-3 0  9998
2 38787 098.3315 029.2460 0244759 101.6254 319.7575 13.68685620425842
1 38814U 99025EVE 18175.51048774  .00002781  00000-0  11666-2 0  9997
2 38814  98.3592 280.7544 0114985 124.9145 243.0275 14.23141078450166
1 39319U 94029AFE 18205.07052338 +.00000001 +00000-0 -32644-5 0  9999
2 39319 081.9462 334.6252 0200184 353.1165 006.7290 14.59867413857014
1 39693U 91009DG  18205.31134441 +.00000006 +00000-0 +19052-3 0  9992
2 39693 074.0313 187.3810 0128784 053.9252 010.3435 12.20815294629012
1 38821U 99025EVM 18178.34931892  .00000703  00000-0  55967-3 0  9996
2 38821  98.5209 221.5011 0125198 192.5970 229.7404 13.90544948298451
1 39204U 13035C   18204.96985735 +.00000443 +00000-0 +10295-3 0  9998
2 39204 098.4461 028.4393 0090980 341.4370 018.3516 14.57655827266603
1 39587U 93036BUS 18205.10068064 +.00001180 +00000-0 +85467-4 0  9998
2 39587 074.0129 355.6459 0109563 066.9291 294.3401 15.00616168240756
1 38721U 99025ETN 18204.40010355 +.00000710 +00000-0 +37308-3 0  9991
2 38721 098.9514 270.5153 0080693 168.8918 191.4060 14.15695588458841
1 38811U 99025EVB 18203.31355992  .00001000  00000-0  52262-3 0  9998
2 38811  99.0628 236.3391 0050625 312.8403  46.8522 14.16134110398541
1 39543U 99025EWL 18205.35694577 +.00000219 +00000-0 +21146-3 0  9990
2 39543 099.1068 344.0086 0351952 336.0917 022.4219 13.65106934123293
1 38658U 09072F   18205.35119064 +.00000092 +00000-0 +39968-3 0  9992
2 38658 100.3769 160.6720 0137260 031.0320 123.2662 13.04902324401609
1 39711U 92093KB  18204.12668648 +.00000043 +00000-0 +58650-4 0  9995
2 39711 070.8404 115.3901 0096162 195.6141 164.2003 14.00231548780354
1 39714U 92093KE  18204.80417067 +.00000130 +00000-0 +76980-4 0  9993
2 39714 071.0851 017.3929 0098345 309.8855 049.3654 14.21913034242182
1 39322U 94029AFH 18204.07789646 +.00000258 +00000-0 +50277-4 0  9995
2 39322 081.9332 327.6125 0285803 105.1901 018.1349 14.35810393793895
1 39696U 91009DK  17284.49673994  .00000203  00000-0  19576-2 0  9990
2 39696  74.0517 209.6833 0175837  91.6796  26.1794 12.21252757534509
1 38824U 99025EVQ 18205.12547558 +.00000237 +00000-0 +20043-3 0  9997
2 38824 099.3127 260.8343 0121941 027.7238 333.0353 13.94129976313919
1 39214U 13037G   18204.96662715 +.00000033 +00000-0 +14069-4 0  9990
2 39214 097.9971 208.1225 0012030 249.2203 110.7714 14.68411587268069
1 39590U 93036BUV 18203.13830241 +.00001166 +00000-0 +27678-3 0  9990
2 39590 074.0303 096.2249 0018747 106.4048 044.7253 14.54992146232655
1 38724U 99025ETR 18204.05744452 +.00001087 +00000-0 +83635-3 0  9999
2 38724 098.7441 306.7140 0159338 342.2372 017.3255 13.89318594189554
1 39546U 93036BUC 18203.98584407 +.00000206 +00000-0 +47328-4 0  9993
2 39546 074.0049 317.9645 0073821 062.3881 298.4755 14.60388347404919
1 38661U 12029C   18204.51212597 -.00000019 +00000-0 +57867-4 0  9993
2 38661 100.2568 303.0335 0125469 133.8851 227.2708 13.19174843293004
1 39029U 12072D   18205.56134645 +.00009009 +00000-0 +15429-3 0  9997
2 39029 097.1364 233.3562 0023701 070.6103 289.7708 15.51132797313378
1 39549U 93036BUF 18204.00830042 +.00001460 +00000-0 +31866-3 0  9991
2 39549 074.0227 076.4391 0016696 335.3482 087.9721 14.58711403364416
1 38664U 12029F   18205.38178406 +.00000124 +00000-0 +44175-3 0  9995
2 38664 100.0867 263.8013 0138017 169.9067 190.4866 13.12000389232257
1 39717U 92093KH  18204.14149666 +.00000088 +00000-0 +88604-4 0  9998
2 39717 070.6902 026.2299 0102298 118.0880 243.0621 13.99556676729936
1 39329U 08011DG  14094.23208973  .00000258  00000-0  40004-2 0  9993
2 39329  48.8901 118.1387 6451277 309.5527   9.1345  3.06671036 27609
1 39699U 91009DN  18205.35532932 -.00000110 +00000-0 -94247-3 0  9996
2 39699 074.0978 345.4391 0145068 120.2190 241.3298 12.16807475679249
1 38827U 99025EVT 18205.39074755 +.00000324 +00000-0 +12607-3 0  9997
2 38827 098.6922 265.3149 0247828 271.1502 086.1295 14.21362947393583
1 39231U 13037H   18205.42271492 +.00000115 +00000-0 +64175-4 0  9993
2 39231 098.1237 077.6601 0255178 317.3580 040.8031 14.11545556252947
1 39595U 97051AAH 18205.44991378 +.00002341 +00000-0 +45105-3 0  9992
2 39595 086.3749 103.5158 0052644 227.7153 131.9590 14.62258380286284
1 38727U 99025ETU 18205.30378766 +.00000455 +00000-0 +35611-3 0  9991
2 38727 098.7033 321.6079 0120961 149.0118 240.4924 13.93434552345725
1 38948U 12044CH  18205.46218508 +.00016403 +52230-5 +33275-3 0  9997
2 38948 050.0685 225.9291 1747847 089.7360 290.2611 12.03796508237216
1 39309U 94029AEU 18205.58200672 +.00000213 +00000-0 +46457-4 0  9990
2 39309 081.7461 151.1378 0271793 235.2279 122.3054 14.34082461323141
1 38961U 12044CU  18205.46415664 +.00017068 +52337-5 +33647-3 0  9993
2 38961 050.0904 216.0392 1745926 092.7654 287.3266 12.04550500237522
1 39312U 94029AEX 18204.83537657 +.00000286 +00000-0 +45903-4 0  9992
2 39312 081.9885 264.8860 0259962 057.5983 305.0075 14.47723161269860
1 39610U 91050S   18205.33514294 +.00001395 +00000-0 +36293-3 0  9995
2 39610 098.3994 164.3015 0028056 111.2806 249.1388 14.50952416235892
1 38791U 99025EUF 14249.56237221 +.00001857 +00000-0 +93251-3 0  9995
2 38791 099.2129 005.8109 0023924 308.9751 050.9292 14.17697075184139
1 39109U 93036BTY 18204.70120663 +.00000163 +00000-0 +40886-4 0  9993
2 39109 074.0501 339.1546 0072612 056.0795 005.5181 14.57722082257611
1 39553U 93036BUK 18176.73550250  .00000465  00000-0  31646-3 0  9994
2 39553  74.0291 325.2824 0223884 356.8398   3.1300 13.91208712376260
1 38678U 09014D   18205.32640091 +.00182749 +49756-6 +34227-3 0  9996
2 38678 040.0840 193.3209 3047100 187.5569 166.6303 09.52180008178894
1 39720U 92093KL  18200.65770646 +.00000200 +00000-0 +73104-4 0  9997
2 39720 070.7910 311.9831 0030152 054.7168 305.6782 14.44323599224064
1 38798U 99025EUN 18200.58905029 +.00000414 +00000-0 +64598-3 0  9993
2 38798 098.8166 329.6212 0416549 270.6127 084.7297 13.25757290408374
1 39535U 99025EWC 16300.43033965  .00000416  00000-0  30618-3 0  9995
2 39535  99.1283   3.3428 0055572 109.2333 225.5021 14.00536197194337
1 39702U 91009DR  18180.59461700 -.00000048  00000-0 -34417-3 0  9996
2 39702  74.2311 149.0683 0187473  44.8390 316.7618 12.14693951204199
1 38831U 99025EVX 17123.79508164 +.00000448 +00000-0 +31362-3 0  9996
2 38831 099.2328 119.6423 0059276 193.9694 291.5662 14.02916298440577
1 39302U 92093JT  18200.01887995 -.00000067  00000-0 -99434-5 0  9997
2 39302  70.9704 320.7066 0156158  26.1863  93.6854 14.09787391698144
1 39601U 12044DU  18205.44851380 +.00218512 +16622-4 +12977-2 0  9997
2 39601 049.8685 036.8317 0574023 113.1662 253.0795 14.76411843240028
1 38783U 99025ETX 18205.37052022 +.00000467 +00000-0 +11578-3 0  9993
2 38783 098.6624 261.4353 0308720 284.6612 072.0539 14.32240294411170
1 38790U 99025EUE 18204.94444898 +.00000575 +00000-0 +32656-3 0  9999
2 38790 098.9718 259.5597 0082519 230.7704 128.6123 14.12267548422080
1 39315U 94029AFA 18205.32815729 +.00000430 +00000-0 +14389-3 0  9993
2 39315 081.4964 083.1721 0439341 175.0843 185.4862 13.92561031259730
1 39628U 14014E   18205.17270266 +.00000334 +00000-0 +86432-4 0  9992
2 39628 098.3454 281.4424 0105996 088.0549 273.2782 14.52976456228442
1 38817U 99025EVH 18198.30573777  .00000491  00000-0  61345-3 0  9994
2 38817  98.5855  23.2784 0307934 195.2695 163.8988 13.50328550292602
1 38794U 99025EUJ 18170.61952354  .00000290  00000-0  30593-3 0  9992
2 38794  99.0529 326.5876 0217380 356.8321   3.1439 13.72479645385197
1 39112U 99025EVZ 18202.40287842 +.00000697 +00000-0 +27144-3 0  9992
2 39112 099.1693 071.8133 0047395 118.4761 242.1207 14.32591012285241
1 39583U 93036BUN 18204.35545428 +.00000691 +00000-0 +21071-3 0  9990
2 39583 073.9371 222.9766 0202786 207.4660 151.5661 14.32836546229431
1 38716U 99025ETH 18173.27615707  .00000337  00000-0  38927-3 0  9990
2 38716  98.4192 345.8586 0274801  15.1294 345.7866 13.59896320434919
1 38802U 99025EUS 17106.39671985  .00000208  00000-0  11022-3 0  9998
2 38802  98.5701 167.6672 0046104  32.0447 328.4115 14.13138297412980
1 38807U 99025EUX 18202.08080428  .00000737  00000-0  73984-3 0  9995
2 38807  98.4662  67.3035 0234296 173.0206 187.4301 13.68853359387308
1 39539U 99025EWG 18200.34653735  .00001349  00000-0  15817-3 0  9993
2 39539  98.9608 247.7112 0108301  58.6652 302.5104 14.82975461272722
1 39707U 92093JX  18205.43913196 +.00000210 +00000-0 +12420-3 0  9996
2 39707 071.1163 127.6181 0107753 289.9072 069.0468 14.15736449236236
1 39305U 92093JW  18204.60573182 +.00000023 +00000-0 +45250-4 0  9995
2 39305 070.9615 176.5530 0094861 315.8614 163.6306 14.00725744853042
1 38786U 99025EUA 18205.56028394 +.00002302 +00000-0 +21586-2 0  9991
2 38786 099.5943 121.0053 0286174 048.1871 314.3337 13.65844028187014
1 39318U 94029AFD 18205.16010594 -.00000004 +00000-0 -48150-5 0  9999
2 39318 081.9546 358.0806 0203279 048.4257 073.2788 14.58083860857112
1 39692U 91009DF  18205.07556002 +.00000170 +00000-0 +14008-2 0  9992
2 39692 074.0914 241.1399 0104163 281.8897 077.0483 12.37846415210882
1 38820U 99025EVL 18204.74046390 +.00000930 +00000-0 +71657-3 0  9995
2 38820 098.2335 018.9082 0284317 295.9148 120.9044 13.77859241299102
1 39119U 09049J   18205.46583832 +.00000004 +00000-0 +20727-4 0  9996
2 39119 098.4094 210.0347 0005212 054.3436 305.8227 14.21831285284625
1 39586U 93036BUR 18203.16838053 +.00000384 +00000-0 +19322-3 0  9995
2 39586 074.0112 010.1818 0107359 046.6259 074.5089 14.16678931226946
1 38720U 99025ETM 18204.40648323 +.00001311 +00000-0 +62723-3 0  9999
2 38720 099.1519 272.9353 0053414 327.2421 032.5446 14.20214356420328
1 38810U 99025EVA 18204.12827928 +.00000666 +00000-0 +45543-3 0  9991
2 38810 099.3319 312.9093 0132471 258.6743 224.5832 13.99325363250036
1 39542U 99025EWK 15301.24878129 +.00001873 +00000-0 +14621-2 0  9994
2 39542 098.2292 227.7271 0283666 116.1640 242.2010 13.76015015130155
1 39710U 92093KA  18205.06763274 -.00000039 +00000-0 +37171-5 0  9991
2 39710 071.2198 355.5830 0085178 304.0379 055.2673 14.07937542220895
1 39308U 94029AET 18205.37099691 +.00000852 +00000-0 +20936-3 0  9995
2 39308 081.9685 096.2928 0453876 133.2644 230.7354 14.03419774273628
1 39321U 94029AFG 18205.24659786 +.00000105 +00000-0 +30490-4 0  9991
2 39321 082.2893 033.6274 0458938 041.5572 321.9532 13.87593650253606
1 39695U 91009DJ  14188.70614749 -.00000008 +00000-0 +52396-4 0  9999
2 39695 074.0640 324.1278 0142732 046.6414 314.6408 12.18269099435966
1 38823U 99025EVP 18205.25893213 +.00000890 +00000-0 +62795-3 0  9997
2 38823 099.2974 219.5329 0116072 220.2741 138.9780 13.97545054501524
1 39213U 13037F   18205.24856448 +.00000049 +00000-0 +16072-4 0  9992
2 39213 097.9761 215.6382 0010798 303.3216 056.6956 14.70590892268782
1 39589U 93036BUU 18204.74926104 +.00003573 +00000-0 +34409-3 0  9994
2 39589 074.0061 212.3414 0032426 288.7873 200.1496 14.92984404457699
1 38723U 99025ETQ 18204.72061275 +.00000774 +00000-0 +31632-3 0  9999
2 38723 099.4784 188.5521 0041764 276.4326 083.2099 14.30141037384693
1 38813U 99025EVD 18202.34539726 +.00000197 +00000-0 +12742-3 0  9996
2 38813 099.3470 049.8810 0006353 147.6786 212.4776 14.14791964100133
1 39545U 93036BUB 18204.26661146 +.00000908 +00000-0 +50313-3 0  9996
2 39545 073.9393 179.1085 0211229 294.7058 123.9263 14.02097560232440
1 38660U 09072H   18205.31526747 -.00000062 +00000-0 -65036-4 0  9996
2 38660 100.5837 145.0634 0155017 210.0890 306.5137 12.92316665397545
1 39713U 92093KD  18186.05707646 +.00000238 +00000-0 +16143-3 0  9996
2 39713 071.1165 326.3157 0090317 160.3272 200.1369 14.07782969216928
1 39548U 93036BUE 18205.30092859 +.00001579 +00000-0 +32569-3 0  9992
2 39548 074.0125 058.0534 0010717 335.6719 140.7307 14.61290594228044
1 38663U 12029E   18204.97008097 -.00000110 +00000-0 -19095-3 0  9996
2 38663 100.1600 264.2005 0138360 210.5418 148.7581 13.08244573232588
1 39716U 92093KG  17048.28844711 +.00000391 +00000-0 +26303-3 0  9994
2 39716 071.1354 019.7223 0102496 224.4094 134.8799 14.04114982646179
1 39327U 08011DE  18201.45950608 -.00000165 +00000-0 -99013-3 0  9992
2 39327 049.8575 344.4096 6548958 354.9235 007.1423 02.94947183069470
1 39698U 91009DM  18205.40184208 +.00000100 +00000-0 +10314-2 0  9999
2 39698 074.0449 223.5656 0182057 058.9603 005.3674 12.20900260190173
1 38826U 99025EVS 18204.20357560 +.00000618 +00000-0 +29368-3 0  9991
2 38826 099.8915 352.6049 0055169 151.8511 208.5665 14.22999778245255
1 39225U 13035F   18205.50962730 +.00000377 +00000-0 +15593-3 0  9994
2 39225 098.4615 302.6422 0178828 214.5992 144.3447 14.23975100255653
1 39594U 97051AAG 18204.04420172 +.00000772 +00000-0 +20993-3 0  9999
2 39594 086.4082 116.3445 0008472 256.9571 103.0686 14.46292722245756
1 38726U 99025ETT 18204.66957798 +.00000802 +00000-0 +35515-3 0  9995
2 38726 099.2031 015.3316 0090479 102.3967 258.7354 14.23941980378887
1 38907U 12044AQ  12335.42514951 +.00533393 +23217-4 +12536-1 0  9996
2 38907 049.9193 357.0839 2379252 216.9692 142.3996 10.68608655004579
1 38960U 12044CT  18205.20942517 +.00009506 +36783-5 +22196-3 0  9998
2 38960 050.1285 139.1550 1926496 213.9734 132.1647 11.64339883230880
1 39028U 12072C   18205.50975115 +.00361922 +61144-4 +54645-3 0  9993
2 39028 097.1480 279.6669 0007073 247.5014 112.5518 16.04576877315449
1 39054U 92047AV  18205.10714757 +.00037833 +00000-0 +91433-1 0  9996
2 39054 065.7820 103.9853 2691640 098.2601 292.8804 09.11296504189743
1 39552U 93036BUJ 18205.05892741 +.00000693 +00000-0 +14149-3 0  9997
2 39552 074.0372 347.1940 0036989 118.5065 359.4767 14.62504244363935
1 38677U 08012D   18202.95648218 +.00013468 +00000-0 +26687-3 0  9992
2 38677 040.0559 035.1915 4995597 158.5630 349.6056 05.75763059178620
1 39719U 92093KK  18204.84834670 +.00000001 +00000-0 +31372-4 0  9998
2 39719 071.2965 265.2801 0099717 313.3600 167.4452 13.95576449217220
1 38797U 99025EUM 18200.55332372 -.00000133  00000-0 -95343-4 0  9997
2 38797  99.5899 117.2886 0250009 251.1494  99.3846 13.59789607366177
1 39342U 10057G   18205.30001303 -.00000112 +00000-0 +12567-2 0  9998
2 39342 020.4739 022.8596 7197432 151.6415 294.6354 02.20572303038521
1 39701U 91009DQ  18180.18907503  .00000083  00000-0  86159-3 0  9993
2 39701  73.9876 105.4670 0134039  41.8029  26.6163 12.24474619206258
1 38829U 99025EVV 18203.04025408 +.00000145 +00000-0 +11745-3 0  9993
2 38829 099.0100 237.1169 0043451 038.6695 321.7569 14.04719130261804
1 39301U 92093JS  18204.15525122 +.00000215 +00000-0 +14703-3 0  9993
2 39301 070.8835 120.8290 0035993 267.9552 091.7446 14.10565418818403
1 38879U 12044L   12341.40151353 +.00033086 +17130-5 +10000-2 0  9999
2 38879 050.3167 350.8929 2505652 218.4632 120.8347 10.39923934004783
1 39600U 10057X   18202.39679145  .00000014  00000-0  34900-3 0  9992
2 39600  20.2359 322.1221 7228885 265.2460  16.9528  2.24490657 38280
1 38729U 99025ETW 18150.14211210  .00000165  00000-0  13838-3 0  9999
2 38729  99.1788 116.2221 0097175 320.8458  38.5702 13.99697917446502
1 39311U 94029AEW 18205.38505052 +.00000706 +00000-0 +12800-3 0  9992
2 39311 081.4349 243.3050 0232080 114.0186 248.5488 14.48885446269560
1 38789U 99025EUD 18204.13286172 +.00000101 +00000-0 +41030-4 0  9999
2 38789 098.8037 322.2384 0245804 051.7241 069.7783 14.32432476231012
1 39314U 94029AEZ 18205.41032515 +.00000267 +00000-0 +44690-4 0  9993
2 39314 081.6607 250.7976 0213290 071.6882 290.7387 14.52050804803472
1 39627U 14014D   18205.28654495 +.00000229 +00000-0 +10279-3 0  9991
2 39627 098.1175 146.4281 0179466 212.3673 146.6396 14.22611374223804
1 38816U 99025EVG 18204.31618183 +.00000786 +00000-0 +28540-3 0  9990
2 38816 098.8608 239.3117 0109844 023.7683 336.8519 14.32906888261674
1 38793U 99025EUH 18204.96728303 +.00001178 +00000-0 +34855-3 0  9993
2 38793 098.7093 260.6222 0114135 162.9379 321.5715 14.41661245232678
1 39111U 93036BUA 18205.17816735 +.00000784 +00000-0 +22483-3 0  9991
2 39111 074.0343 132.8212 0024370 145.6045 214.6697 14.46441190289141
1 39582U 93036BUM 18205.13090782 +.00000815 +00000-0 +17249-3 0  9994
2 39582 074.0219 011.3028 0076625 071.6710 289.2771 14.59164190309542
1 38715U 99025ETG 18203.10338155  .00001390  00000-0  82051-3 0  9991
2 38715  98.1922 161.9417 0161339 138.4394 222.9171 14.02908699550496
1 39722U 92093KN  18204.42137826 +.00000107 +00000-0 +10077-3 0  9990
2 39722 070.8934 201.9046 0107429 176.0309 258.1486 13.99187214238245
1 38801U 99025EUR 18178.64668150  .00000229  00000-0  74057-4 0  9996
2 38801  98.4154 317.5024 0386812 312.7997 109.0527 14.13392716432696
1 38806U 99025EUW 15132.23433412 +.00002204 +00000-0 +15398-2 0  9990
2 38806 098.5611 298.2737 0140796 359.9035 001.2428 13.94834523234004
1 39537U 99025EWE 18203.82941811 +.00000451 +00000-0 +45754-3 0  9998
2 39537 099.1274 067.4004 0194387 305.6598 052.6588 13.74272191258961
1 39706U 92060H   18196.74014381 -.00000162  00000-0  00000+0 0  9994
2 39706   7.7504  55.0602 7042911  88.3322 353.9890  2.16024116114071
1 38842U 05017F   18204.10456226 +.00000374 +00000-0 +51383-4 0  9997
2 38842 097.9712 150.0984 0062901 154.4830 261.6638 14.82970977425537
1 39304U 92093JV  18204.36751363 +.00000038 +00000-0 +53482-4 0  9998
2 39304 071.2076 096.8470 0090412 060.4809 056.7634 14.00530396830194
1 38785U 99025ETZ 18182.73905525 +.00000958 +00000-0 +59495-3 0  9999
2 38785 098.0081 359.9686 0219504 330.5270 028.3664 13.95858487439346
1 39317U 94029AFC 18205.15340577 +.00001487 +00000-0 +79637-4 0  9991
2 39317 081.9573 099.8616 0066356 117.2251 243.5761 15.12315511872552
1 39691U 91009DE  18205.52808203 +.00000152 +00000-0 +15321-2 0  9993
2 39691 074.0570 239.4313 0140009 073.3224 288.3127 12.21297206208455
1 38819U 99025EVK 18202.91383368 +.00000080 +00000-0 +61599-4 0  9990
2 38819 098.7437 239.3614 0085759 024.1153 098.0972 14.14850452252522
1 39114U 99025EWB 18204.39918400 +.00000969 +00000-0 +49541-3 0  9992
2 39114 099.0112 274.7990 0079592 201.3270 158.4580 14.16384487280846
1 39585U 93036BUQ 18204.09781196 +.00000058 +00000-0 +20365-4 0  9990
2 39585 074.0439 006.8298 0072270 091.8679 269.0762 14.53223856452653
1 38718U 99025ETK 18105.21758463  .00000571  00000-0  52375-3 0  9991
2 38718  98.6052 112.7611 0211204 303.6383  54.4778 13.77163551503422
1 38804U 99025EUU 18181.15293334  .00001100  00000-0  95682-3 0  9992
2 38804  97.5314 301.1325 0402079 173.8385 186.7925 13.55985682454751
1 38809U 99025EUZ 18202.33012806  .00000131  00000-0  72727-4 0  9993
2 38809  98.8261 246.9544 0240831 121.3248 241.1741 14.12038339379101
1 39541U 99025EWJ 18199.85843853 +.00000218 +00000-0 +13306-3 0  9996
2 39541 098.9724 227.5641 0076087 227.6441 131.8273 14.14672047207295
1 39709U 92093JZ  18204.01463721 +.00000061 +00000-0 +75970-4 0  9999
2 39709 071.1493 339.5976 0143626 022.6343 338.1016 13.91458034715529
1 39307U 94029AES 18204.73731830 +.00001037 +00000-0 +14576-3 0  9990
2 39307 081.9597 206.6134 0242276 349.8124 009.8208 14.58356438820665
1 39320U 94029AFF 18203.96765695 +.00000338 +00000-0 +87274-4 0  9994
2 39320 081.7629 292.1834 0312656 248.2992 108.4634 14.22793318807607
1 39694U 91009DH  17261.49540642  .00000006  00000-0  19171-3 0  9999
2 39694  74.1082 320.1662 0124077 176.5148 184.2626 12.18339401589292
1 38822U 99025EVN 18172.85697008  .00000829  00000-0  61627-3 0  9994
2 38822  98.1394  43.3719 0128082  79.6580 281.8993 13.93504087496348
1 39205U 13035D   18205.16815905 +.00000489 +00000-0 +11573-3 0  9993
2 39205 097.9829 290.9801 0096286 290.7879 068.3025 14.55657846266242
1 39588U 93036BUT 18205.42696966 +.00000586 +00000-0 +18675-3 0  9997
2 39588 074.1302 239.1353 0076088 173.3420 249.8072 14.40331027230717
1 38722U 99025ETP 18204.39758349 +.00000830 +00000-0 +31182-3 0  9999
2 38722 099.3867 066.3814 0248248 268.8257 088.4469 14.19138839449474
1 38812U 99025EVC 18201.68937594 +.00000440 +00000-0 +50451-3 0  9996
2 38812 098.4240 007.4652 0275916 311.8272 105.5280 13.59214923383575
1 39544U 99025EWM 18205.58037468 -.00000090 +00000-0 -29619-4 0  9999
2 39544 098.9187 118.8523 0055926 338.7500 021.1344 14.02252445190138
1 38659U 09072G   18204.18283660 +.00000260 +00000-0 +89003-3 0  9999
2 38659 100.3317 189.1841 0136435 059.4629 000.4917 13.05133647407248
1 39712U 92093KC  18202.03131884  .00000279  00000-0  18946-3 0  9995
2 39712  71.1148 335.5307 0094680 167.9578 192.3837 14.06226752710200
1 39547U 93036BUD 18204.10816153 +.00000671 +00000-0 +18938-3 0  9995
2 39547 074.0235 115.8422 0016246 152.1127 270.6984 14.47551885324881
1 38662U 12029D   18205.25642055 -.00000022 +00000-0 +51895-4 0  9991
2 38662 100.3297 313.0708 0132010 140.9543 220.1190 13.19022492293062
1 39715U 92093KF  18205.42613517 +.00000140 +00000-0 +77737-4 0  9993
2 39715 071.0122 231.4101 0006360 242.6110 181.5243 14.26864081222508
1 39323U 94029AFJ 18203.82709686 +.00000339 +00000-0 +59367-4 0  9993
2 39323 081.9911 242.0332 0228195 337.0624 022.0500 14.49686813796145
1 39697U 91009DL  18200.04400250  .00000138  00000-0  14129-2 0  9990
2 39697  74.0598 231.0022 0144691  55.2537 306.2024 12.20580165595513
1 38825U 99025EVR 18204.59728102 +.00000184 +00000-0 +18794-3 0  9995
2 38825 098.9722 347.8434 0228230 135.3057 289.4435 13.76644626371448
1 39224U 13035E   18205.42381378 +.00000269 +00000-0 +11149-3 0  9990
2 39224 097.8800 204.4005 0177269 135.3498 226.2117 14.24838741255807
1 39591U 93036BUW 18204.26449367 +.00000180 +00000-0 +70728-4 0  9991
2 39591 074.0214 178.8000 0033329 224.7748 196.6026 14.35957133229874
1 38725U 99025ETS 18203.99974493 +.00000613 +00000-0 +32141-3 0  9992
2 38725 098.9196 269.9326 0049405 125.1335 235.4483 14.17312893349440
1 38959U 12044CS  12344.36753397 +.00574484 +25319-4 +14382-1 0  9997
2 38959 050.0801 347.6370 2643477 223.0607 011.5103 10.14004847004928
1 38989U 12044DS  12343.36749356 +.00460866 +17806-4 +11798-1 0  9997
2 38989 050.0222 336.8270 2352548 231.3525 164.4036 10.73045609005104
1 39547U 93036BUD 18202.10354257  .00000683  00000-0  19275-3 0  9993
2 39547  74.0236 119.5946 0016248 156.8351 263.7841 14.47549046324595
1 38662U 12029D   18204.11865213 -.00000022 +00000-0 +51126-4 0  9995
2 38662 100.3297 311.9536 0132007 143.5491 217.4700 13.19022511292916
1 39715U 92093KF  18204.44508164 +.00000137 +00000-0 +76518-4 0  9997
2 39715 071.0121 233.5088 0006359 243.8151 182.4552 14.26863685243213
1 39323U 94029AFJ 18202.44670666 +.00000301 +00000-0 +52248-4 0  9995
2 39323 081.9916 243.3460 0228409 341.3561 017.9361 14.49685783321318
