1 40227U 93036BVG 18204.81995322 +.00002772 +00000-0 +29737-3 0  9999
2 40227 074.0139 255.9209 0011677 000.0297 000.0882 14.89117813323350
1 40226U 93036BVF 18183.69150668  .00002403  00000-0  24584-3 0  9992
2 40226  74.0761 318.8872 0054034 302.5369 115.8003 14.90091913343928
1 39913U 94029AFL 18204.14972219 +.00000381 +00000-0 +13193-3 0  9991
2 39913 081.5760 153.2609 0590046 144.6387 219.5433 13.65101417721081
1 39891U 93016BR  18204.12981197 +.00000191 +00000-0 +88272-4 0  9994
2 39891 071.0008 016.7307 0010386 045.5862 314.6118 14.32842192797788
1 39724U 92093KQ  18205.13032516 +.00000057 +00000-0 +67907-4 0  9990
2 39724 070.8514 116.4378 0091148 196.9445 162.8620 14.00431408821453
1 40000U 04042D   17363.55183407 -.00000332  00000-0  00000+0 0  9995
2 40000   9.4060  40.1038 0077532 344.5713  15.1779  1.00303233 32417
1 40326U 02005J   18205.57771401 +.00013906 +00000-0 +15544-2 0  9990
2 40326 086.4112 092.1023 0022645 308.5508 051.3686 14.86668525195289
1 39842U 92093KU  18204.30851668 +.00002904 +00000-0 +44498-3 0  9998
2 39842 070.9591 069.0130 0043231 118.6910 241.8600 14.73974929806726
1 39875U 93016AZ  14200.05863342 +.00003955 +00000-0 +20426-2 0  9997
2 39875 070.9598 097.1391 0139072 304.2127 044.7489 14.10752638505837
1 40245U 08046T   18202.15651350  .00000039  00000-0  11167-3 0  9993
2 40245  65.2606 314.4577 5723791   7.8957 358.2235  4.35153777 62933
1 39932U 94029AGF 18204.76480068 +.00000178 +00000-0 +44385-4 0  9998
2 39932 081.8202 018.0933 0329812 326.2146 031.8392 14.19903245214115
1 39907U 93016CH  18204.15818078 +.00000038 +00000-0 +64743-4 0  9999
2 39907 070.9939 137.7518 0131790 039.4600 321.6015 13.87523927236255
1 39792U 97051AAZ 18205.02223890 +.00001720 +00000-0 +92973-3 0  9997
2 39792 086.4363 224.1512 0177437 325.0131 033.9490 14.04430557225777
1 39858U 92093LL  18205.35099715 +.00001328 +00000-0 +35571-3 0  9999
2 39858 070.9462 086.8578 0052162 081.4045 039.2270 14.49313329703881
1 39862U 92093LQ  18185.52951216  .00000249  00000-0  71058-4 0  9995
2 39862  70.8360 128.5971 0085195  34.0010 326.6549 14.53272471685621
1 40230U 93036BVK 18204.59776740 +.00000289 +00000-0 +10378-3 0  9991
2 40230 074.0471 178.7932 0022525 189.1412 289.5161 14.38121998375398
1 39916U 94029AFP 18205.14400163 +.00000920 +00000-0 +12858-3 0  9995
2 39916 081.5836 262.0557 0185285 022.6354 007.6466 14.65462524248753
1 39894U 93016BU  11335.45449335 +.00009964 +00000-0 +55481-2 0  9995
2 39894 070.9726 256.6829 0149417 275.2835 083.0040 14.05657808395930
1 39777U 97051AAJ 18205.14033868 +.00001563 +00000-0 +63065-3 0  9992
2 39777 085.9803 352.5579 0083226 288.3891 070.8263 14.25514811215415
1 40121U 08046S   18133.19927598 +.00065491 +00000-0 +60894-2 0  9996
2 40121 064.7855 309.8514 5544437 024.9747 353.9354 04.77883263062929
1 40357U 91009DZ  16154.58381461  .00000158  00000-0  10000-3 0  9999
2 40357  73.9315 241.5768 0177894 337.7497  21.6336 12.28556721336213
1 39845U 92093KX  16232.85737812 -.00004155  00000-0  00000+0 0  9992
2 39845  70.9753 305.2670 0138961 293.8305  64.8812 14.03248279653422
1 39878U 93016BC  18205.17329347 +.00000794 +00000-0 +40189-3 0  9991
2 39878 070.9865 030.6178 0143127 332.3328 027.0228 14.13969700241074
1 40251U 97082L   18205.17158675 +.00001588 +00000-0 +93070-3 0  9998
2 40251 086.3413 114.2805 0169825 185.8436 174.0765 14.00697837195309
1 39910U 93016CL  18203.05989154  .00003701  00000-0  62663-3 0  9993
2 39910  70.9906  97.2212 0019352 101.9891 258.3431 14.69881791233623
1 39796U 97051ABD 16199.35914276 +.00009090 +00000-0 +23995-2 0  9997
2 39796 086.3762 061.6930 0075019 309.1445 048.0273 14.47154394054040
1 39993U 08011DS  18203.84724278 -.00000110 +00000-0 +18024-2 0  9999
2 39993 051.3563 313.8239 6232631 310.8427 009.8922 03.17695437048103
1 39802U 08046P   18200.21148405  .00046016  00000-0  38484-2 0  9992
2 39802  64.8451 286.0443 5654409  14.7817 356.6064  4.61162745 66198
1 39865U 92093LT  18204.27588353 +.00000238 +00000-0 +11034-3 0  9995
2 39865 071.0153 175.2112 0004839 195.3512 164.7473 14.30496697801324
1 40233U 93036BVN 18205.09431422 +.00000354 +00000-0 +11545-3 0  9995
2 40233 073.9471 121.0944 0062958 077.0635 283.7541 14.41148811366822
1 39921U 94029AFU 18197.98906460  .00000335  00000-0  10354-3 0  9993
2 39921  81.5406  38.9991 0417719 252.6285 102.8803 13.99672590727401
1 39897U 93016BX  18204.51565805 +.00001627 +00000-0 +69529-3 0  9995
2 39897 070.9489 269.6524 0125913 263.1296 095.5492 14.22317620057272
1 39781U 97051AAN 18183.48959787  .00001369  00000-0  84013-3 0  9996
2 39781  86.3817 251.6014 0279557 335.5424  83.5397 13.87614194342708
1 40397U 95015J   18205.42122389 +.00000415 +00000-0 +22066-3 0  9999
2 40397 098.7788 209.0651 0011209 071.5640 288.6753 14.18743846178338
1 39848U 92093LA  18123.29382995  .00000963  00000-0  34841-3 0  9998
2 39848  71.2354 103.4168 0054818  36.2579 324.2250 14.35037035739522
1 40176U 10057AE  18202.39336413 -.00000219  00000-0  26098-2 0  9996
2 40176  19.9829 139.1156 7239090 297.2569 316.5046  2.07880412956809
1 39881U 93016BF  18204.17610993 +.00000319 +00000-0 +23743-3 0  9994
2 39881 070.9917 041.5306 0135162 312.1229 046.8459 13.98118547692944
1 39987U 08011DL  13077.05278311  .00001228  00000-0  31896-1 0  9992
2 39987  49.2348 248.8653 6407912 195.2470 337.6236  3.07308305  9188
1 40255U 97082Q   18205.03829598 +.00001042 +00000-0 +61879-3 0  9993
2 40255 086.2821 110.7172 0227591 238.8755 118.9917 13.94659241198848
1 39996U 08011DV  13298.39350232 -.00000021 +00000-0 +00000-0 0  9990
2 39996 047.3091 262.1861 5848285 187.3597 157.1287 02.93601464871954
1 39835U 91009DT  18205.39566815 +.00000149 +00000-0 +14499-2 0  9999
2 39835 074.0434 202.5318 0182562 038.3006 323.0833 12.22522783185108
1 39868U 93016AS  18202.23252381  .00000813  00000-0  41705-3 0  9994
2 39868  70.9655  48.0314 0140480 337.9726  21.5393 14.13382713698236
1 40236U 93036BVR 18204.91389476 +.00000158 +00000-0 +20179-3 0  9994
2 40236 073.5418 050.4716 0554263 177.2166 183.2240 13.19465087179857
1 40155U 07003AP  18037.74701839 -.00011797  00000-0 -13987+0 0  9997
2 40155  23.5147 250.0407 7389263  84.1617 349.8413  2.01014245 69435
1 39924U 94029AFX 18204.16618920 +.00000293 +00000-0 +37989-4 0  9993
2 39924 081.8597 169.5835 0139118 151.9753 208.9036 14.70576474221590
1 39900U 93016CA  18205.58968197 +.00001178 +00000-0 +37248-3 0  9993
2 39900 070.9365 290.1285 0086710 033.0612 327.5901 14.40157815216672
1 39784U 97051AAR 15164.96945914 +.00026349 +00000-0 +69316-2 0  9998
2 39784 086.3833 256.0269 0088362 250.2654 082.3773 14.46628153174917
1 40400U 95015M   18205.46781828 +.00000220 +00000-0 +91969-4 0  9990
2 40400 098.6544 216.5292 0152724 261.8684 096.5150 14.29800247177805
1 39851U 92093LD  18205.31634912 +.00001715 +00000-0 +69125-3 0  9994
2 39851 071.0917 163.9468 0138721 281.9446 076.6159 14.24274439184991
1 40200U 12008K   18203.57605112 -.00000074  00000-0  00000+0 0  9999
2 40200  21.2018  46.2826 6990430  11.2325 358.7146  2.19200875937653
1 39884U 93016BJ  18157.26318668  .00001249  00000-0  57206-3 0  9992
2 39884  70.9727  17.3546 0124614 324.7160 151.3344 14.19307515693244
1 40264U 14059D   18205.45452131 +.00000638 +00000-0 +16206-3 0  9991
2 40264 097.7699 214.2301 0108454 219.7941 139.5265 14.50406040201988
1 39887U 93016BM  18204.19366564 +.00001316 +00000-0 +64248-3 0  9997
2 39887 070.9552 031.3940 0138255 329.8849 029.4374 14.15008031213145
1 40288U 14066C   18205.56327796 +.00000293 +00000-0 +12823-3 0  9993
2 40288 097.9012 201.9633 0189165 109.5971 252.5737 14.20506834193791
1 39838U 91009DW  15233.73488094 -.00000266 +00000-0 -25347-2 0  9996
2 39838 074.1171 017.2210 0231481 324.4522 034.1270 12.10069549411918
1 39871U 93016AV  18205.50034987 +.00000568 +00000-0 +68193-4 0  9999
2 39871 071.0307 138.7292 0067800 181.8741 295.1532 14.87517817224016
1 40239U 93036BVU 18204.12392451 +.00000097 +00000-0 +28296-4 0  9998
2 40239 074.0345 358.0012 0096383 067.7660 053.0072 14.54286939247633
1 40165U 10042S   18205.62068873 -.00000033 +00000-0 +18901-1 0  9996
2 40165 027.6777 166.6780 7335073 005.2518 222.9270 01.92867574048192
1 39927U 94029AGA 18205.18998064 +.00000437 +00000-0 +41884-4 0  9998
2 39927 081.8276 345.2596 0076102 061.1232 299.7592 14.88602567224377
1 39903U 93016CD  18204.24794045 +.00000057 +00000-0 +81407-4 0  9999
2 39903 070.9901 156.1518 0135986 052.5153 013.0374 13.86100495770146
1 39787U 97051AAU 18197.31774598  .00000396  00000-0  95762-4 0  9997
2 39787  86.2079  39.8951 0043235  28.0141  97.1186 14.49864095338877
1 39854U 92093LG  16233.10731759 +.00000171 +00000-0 +11833-3 0  9998
2 39854 071.0187 134.8441 0084717 211.1626 165.3947 14.10543981013595
1 40221U 93036BVA 18204.89742326 +.00000854 +00000-0 +12562-3 0  9992
2 40221 073.9063 003.8365 0188836 333.3016 179.5761 14.65954136204317
1 40225U 93036BVE 18199.33812677 +.00000913 +00000-0 +21039-3 0  9990
2 40225 074.0478 069.9344 0015754 122.6186 000.4526 14.56736398202775
1 39890U 93016BQ  18205.41824227 +.00001488 +00000-0 +64041-3 0  9993
2 39890 070.9714 236.3449 0123136 211.0620 148.3187 14.22229709733573
1 39723U 92093KP  18138.80231618 +.00000443 +00000-0 +23321-3 0  9992
2 39723 071.0904 192.8971 0059700 068.1902 292.8692 14.18398835668199
1 39999U 02040F   18192.24222306 -.00000034  00000-0  00000+0 0  9994
2 39999   9.7796  33.0877 0095232  52.2710 315.2644  1.01972184 27260
1 40291U 14066F   18205.53467251 +.00000125 +00000-0 +62156-4 0  9994
2 40291 098.4515 288.4976 0177714 142.7651 218.6007 14.23814338194260
1 39841U 92093KT  18205.36752697 +.00001164 +00000-0 +14658-3 0  9998
2 39841 070.7528 089.1361 0045600 282.4247 191.0027 14.83896022252213
1 39874U 93016AY  18204.09635623 +.00001348 +00000-0 +52759-3 0  9996
2 39874 070.9422 120.3180 0109269 156.7154 264.1634 14.28047409215078
1 40244U 94029AGL 18205.61988147 +.00000894 +00000-0 +16607-3 0  9992
2 40244 081.9147 319.2277 0239643 165.1884 195.6497 14.47223340498515
1 39930U 94029AGD 18205.17642649 +.00001309 +00000-0 +10527-3 0  9994
2 39930 081.5702 164.0003 0105018 074.8934 286.3874 14.94889305665245
1 39906U 93016CG  18204.50410454 +.00001749 +00000-0 +79529-3 0  9990
2 39906 070.9694 268.5201 0128426 245.3036 113.4674 14.18864886716570
1 39791U 97051AAY 18204.25688837 +.00005466 +00000-0 +16843-2 0  9998
2 39791 086.3635 192.0706 0153321 219.1248 198.5492 14.34725496313919
1 39857U 92093LK  18205.59075460 +.00000324 +00000-0 +18170-3 0  9996
2 39857 070.9220 179.5132 0067238 279.1584 080.1936 14.16919343213648
1 40229U 93036BVJ 15063.79224105 +.00012258 +00000-0 +18437-2 0  9996
2 40229 074.0119 105.2665 0077273 152.8421 219.3698 14.72486295272406
1 39915U 94029AFN 18205.24837209 +.00001313 +00000-0 +47203-4 0  9990
2 39915 082.0057 307.2875 0108243 272.7918 086.0932 15.22271493864751
1 39893U 93016BT  18202.73453236  .00001443  00000-0  64204-3 0  9998
2 39893  70.9705 245.5035 0119752 229.1427 129.9273 14.20834424737673
1 39726U 92093KS  18205.23562538 -.00000042 +00000-0 +19091-5 0  9992
2 39726 071.1582 293.4594 0124051 319.8347 068.3623 13.90483622237016
1 40052U 07029Q   14274.90043103 +.00038187 +00000-0 +35550-1 0  9993
2 40052 071.0609 353.4502 0314450 331.8363 025.6304 13.61881785013396
1 40328U 14000A   18205.22330280 +.00000167 +00000-0 +00000-0 0  9992
2 40328 070.5521 221.0055 4545604 086.1936 322.8951 02.02600961034547
1 39844U 92093KW  18203.87684383 +.00000955 +00000-0 +38080-3 0  9993
2 39844 070.6546 028.1713 0045727 051.1884 309.3313 14.30664117215982
1 39877U 93016BB  18185.08752437  .00000574  00000-0  29491-3 0  9996
2 39877  70.9870  65.9529 0143334 356.7624   3.2555 14.14254211706169
1 40249U 97082J   18205.11242726 +.00000156 +00000-0 +47031-4 0  9997
2 40249 086.3920 085.9140 0002017 102.7590 257.3832 14.35749361200386
1 39909U 93016CK  11060.90795980 +.00007315 +00000-0 +29176-2 0  9997
2 39909 071.0507 151.1547 0007146 327.4594 039.4449 14.28788563135046
1 39794U 97051ABB 17259.54997174 +.00005591 +00000-0 +59500-3 0  9996
2 39794 086.3565 186.4072 0037937 334.3608 036.2776 14.88231416299505
1 39992U 08011DR  13100.65203905 -.00000194 +00000-0 -78055-2 0  9990
2 39992 049.0269 254.1348 6327428 190.8939 142.1076 03.05273323015108
1 39995U 08011DU  18205.27565007 -.00000230 +00000-0 -19912-2 0  9994
2 39995 049.2145 269.1522 6497908 069.6934 001.1984 03.08480039071072
1 39864U 92093LS  18204.75477455 -.00000022 +00000-0 +13221-4 0  9990
2 39864 071.1516 352.3911 0125699 344.8010 014.9346 14.07899169239734
1 40232U 93036BVM 18205.43828062 +.00001376 +00000-0 +23412-3 0  9993
2 40232 074.1301 007.3800 0032720 340.7308 049.2906 14.69761932359214
1 39919U 94029AFS 18204.54852735 +.00000291 +00000-0 +65284-4 0  9990
2 39919 081.8561 297.4542 0295067 296.1309 060.9792 14.30865426800149
1 39896U 93016BW  18204.30536495 +.00001661 +00000-0 +65052-3 0  9999
2 39896 070.9655 191.4856 0118702 195.3430 164.4089 14.27114129214468
1 39779U 97051AAL 18204.46971243 +.00001055 +00000-0 +35283-3 0  9993
2 39779 086.2966 100.3924 0065651 134.9275 350.0134 14.35279001321696
1 40396U 95015H   18205.44199836 -.00000017 +00000-0 +12930-4 0  9990
2 40396 098.7710 209.3375 0016100 034.2112 326.0098 14.18576048176507
1 39847U 92093KZ  18202.32382836  .00000340  00000-0  13789-3 0  9990
2 39847  71.0344 189.2068 0066780 287.0710  72.3115 14.33388982759131
1 40173U 10057AB  14006.31657601 +.00019769 +00000-0 +18039+0 0  9990
2 40173 022.9885 223.5019 7158557 191.9305 131.3613 02.28429479016405
1 39880U 93016BE  18204.55207650 +.00001333 +00000-0 +58290-3 0  9999
2 39880 070.9681 254.6928 0124554 234.6733 124.2699 14.21530108719146
1 39934U 06006DG  13174.83813748 +.00048935 +00000-0 +11119-1 0  9991
2 39934 051.9938 012.1867 4178105 211.2021 110.7155 06.98403534078417
1 40254U 97082P   18205.34328318 -.00000244 +00000-0 -15823-3 0  9993
2 40254 086.0290 068.1699 0196361 226.2956 132.1811 13.97289564198367
1 39912U 94029AFK 18204.25078184 +.00003872 +00000-0 +22595-3 0  9994
2 39912 081.3442 050.5545 0067556 214.8448 144.8347 15.09747203226641
1 39799U 08046L   18200.57639478 -.00000303  00000-0 -10054-2 0  9995
2 39799  64.9655 351.6609 5719657  26.4367 353.9153  4.21559701 64072
1 39804U 08046R   18198.36845073 -.00000201  00000-0 -43146-3 0  9991
2 39804  65.8687 335.8799 5655726 348.7130   2.5353  4.32875043 65186
1 39867U 92093LV  18201.79638492  .00000496  00000-0  32767-3 0  9993
2 39867  70.9784  12.6169 0177960 340.4578  18.9769 13.99028891709305
1 40235U 93036BVQ 18171.42180649  .00000415  00000-0  12663-3 0  9998
2 40235  74.0276 185.3448 0020087 243.8539 185.2726 14.44934584343238
1 40154U 07003AN  09206.94999816 -.00000425 +00000-0 -11743-1 0  9996
2 40154 025.6598 143.8633 7630920 197.1707 104.3316 01.67178581010113
1 39923U 94029AFW 18178.00101427  .00000939  00000-0  38407-3 0  9996
2 39923  82.1494  58.0587 0610318 328.7768  27.8411 13.56642413207365
1 39899U 93016BZ  18204.67540347 +.00000902 +00000-0 +18875-3 0  9991
2 39899 070.9846 324.1279 0006210 117.4756 242.7023 14.62593006754598
1 39783U 97051AAQ 18205.32392568 +.00001282 +00000-0 +41607-3 0  9990
2 39783 086.1695 046.6873 0068393 156.9957 327.0070 14.36823733331862
1 40399U 95015L   18205.23597834 +.00000501 +00000-0 +26604-3 0  9999
2 40399 098.7824 208.3115 0010258 038.7038 321.4870 14.18023599176326
1 39850U 92093LC  17192.54546959 +.00000155 +00000-0 +12323-3 0  9990
2 39850 071.3515 266.3884 0094408 057.5039 303.5232 14.02588154609247
1 40183U 11077G   18190.78896763 -.00000468  00000-0 -18910-2 0  9996
2 40183  22.2054  23.3597 7567580 293.2695   7.2689  1.81765599 33780
1 39883U 93016BH  18204.06820018 +.00001270 +00000-0 +59154-3 0  9997
2 39883 070.9735 351.2477 0135509 307.6360 051.2528 14.17688181783759
1 40263U 14059C   18205.50488530 +.00000625 +00000-0 +15838-3 0  9994
2 40263 098.2879 294.8344 0107978 273.1159 085.7685 14.51006584202089
1 40266U 14059F   18205.50389194 +.00000015 +00000-0 +21380-4 0  9996
2 40266 098.2284 229.3404 0191699 057.1709 304.7767 14.20957147198047
1 39837U 91009DV  18205.01396466 +.00003179 +00000-0 +10166-1 0  9995
2 39837 073.8150 084.4459 0040071 166.0461 194.1735 13.02854053665655
1 39870U 93016AU  18204.51604364 +.00001437 +00000-0 +63983-3 0  9997
2 39870 070.9812 267.0294 0125647 241.2644 117.5810 14.20427292785651
1 40238U 93036BVT 18205.33269234 +.00000231 +00000-0 +27055-3 0  9994
2 40238 073.9927 210.1838 0581465 338.1306 019.5845 13.17688685184358
1 40164U 10042R   18204.57195486 -.00000060 +00000-0 +00000-0 0  9999
2 40164 026.3250 227.2047 7302243 284.6342 247.5147 01.89878167032447
1 39926U 94029AFZ 18204.26127705 +.00000270 +00000-0 +76246-4 0  9996
2 39926 081.8422 044.8249 0320417 339.6423 138.9751 14.17190370757167
1 39902U 93016CC  18205.58194769 +.00000009 +00000-0 +49466-4 0  9999
2 39902 071.0024 168.9958 0194058 295.0009 183.3499 13.73512945207193
1 39786U 97051AAT 18205.39251219 +.00002280 +00000-0 +40821-3 0  9993
2 39786 086.3703 082.8372 0009815 083.0227 040.3781 14.66397661324794
1 40402U 95015P   18205.44192215 +.00000222 +00000-0 +10847-3 0  9993
2 40402 098.7558 211.1612 0161821 114.2263 247.5919 14.20438574176678
1 39853U 92093LF  18204.99747572 +.00000336 +00000-0 +53209-4 0  9991
2 39853 071.2820 322.2092 0079143 283.6305 075.6047 14.78222953222818
1 40220U 93036BUZ 18205.00584786 +.00002181 +00000-0 +43014-3 0  9990
2 40220 074.0264 075.6775 0017538 087.3686 336.6699 14.63025074346919
1 39886U 93016BL  18204.83101383 +.00000256 +00000-0 +66636-4 0  9999
2 39886 071.0152 020.5458 0065905 284.7908 074.5942 14.58125729803195
1 40224U 93036BVD 18205.21429575 +.00000796 +00000-0 +16081-3 0  9995
2 40224 073.9986 032.3865 0144654 270.6646 212.9863 14.56906941203885
1 39889U 93016BP  18205.19278434 +.00002883 +00000-0 +60806-3 0  9994
2 39889 070.9223 053.4464 0064036 241.6382 117.8297 14.59054713777693
1 39998U 02040E   18203.89204282 -.00000201 +00000-0 +00000-0 0  9997
2 39998 009.9208 033.6482 0005927 129.1386 230.9591 01.01180723035456
1 40290U 14066E   18205.56612877 +.00000431 +00000-0 +10883-3 0  9991
2 40290 097.9358 271.3554 0093918 313.7844 045.5610 14.53190825198192
1 39840U 91009DY  18204.96860337 +.00001288 +00000-0 +22385-2 0  9991
2 39840 073.8314 063.0636 0100733 286.6876 138.1443 13.42808673741832
1 39873U 93016AX  18204.22793240 +.00002123 +00000-0 +96440-3 0  9997
2 39873 070.4090 061.5430 0120785 004.3959 355.8191 14.19224814213839
1 40243U 94029AGK 18205.02751617 +.00002726 +00000-0 +63171-3 0  9990
2 40243 081.9600 225.0946 0385115 241.9288 114.2456 14.18000301690831
1 39929U 94029AGC 18204.83057456 +.00000462 +00000-0 +10031-3 0  9999
2 39929 081.9497 027.5632 0294418 252.7794 104.0975 14.33049861243869
1 39905U 93016CF  18204.34128740 +.00001307 +00000-0 +61160-3 0  9997
2 39905 070.9582 189.1925 0129168 239.7877 187.6838 14.17824585213433
1 39790U 97051AAX 18204.18581882 +.00001466 +00000-0 +30838-3 0  9998
2 39790 086.1919 012.4688 0040718 285.8456 073.8266 14.58383603491086
1 39991U 08011DQ  13029.94691056 -.00001507 +00000-0 -10996-1 0  9997
2 39991 048.2833 251.4459 6548109 201.3131 348.6015 03.03718054013254
1 39856U 92093LJ  18204.41170525 +.00001119 +00000-0 +25676-3 0  9995
2 39856 070.8266 225.9874 0032233 202.5361 157.4370 14.57575118705723
1 39860U 92093LN  18204.12726698 +.00000139 +00000-0 +80912-4 0  9992
2 39860 070.7881 124.0896 0033572 317.5177 042.3352 14.24817388790012
1 40228U 93036BVH 18205.38313215 +.00000127 +00000-0 +52170-4 0  9998
2 40228 074.0554 181.3594 0025975 202.0980 310.3239 14.36451884201438
1 39914U 94029AFM 18203.88443934 +.00000362 +00000-0 +87452-4 0  9998
2 39914 081.3350 255.7753 0439216 097.1867 267.9438 14.04960383211501
1 39892U 93016BS  18205.56988232 +.00001362 +00000-0 +53056-3 0  9993
2 39892 070.9812 168.9396 0117360 168.4785 191.9075 14.27781399215224
1 39725U 92093KR  18201.10813325 +.00000007 +00000-0 +29029-4 0  9997
2 39725 071.1767 347.9881 0093753 034.9747 325.7483 14.09173333219039
1 40050U 93014BM  18205.39761689 +.00004909 +00000-0 +93892-3 0  9997
2 40050 075.7526 091.1929 0090164 306.0742 053.2106 14.61426737180609
1 40327U 02005K   18205.58509397 +.00002027 +00000-0 +46797-3 0  9992
2 40327 086.3864 105.1389 0011585 319.5349 040.4996 14.54784705192609
1 39843U 92093KV  18204.89022590 +.00000955 +00000-0 +21550-3 0  9995
2 39843 070.9220 304.7653 0045816 003.2598 356.8836 14.58427720219346
1 39876U 93016BA  18204.37427157 +.00001468 +00000-0 +62106-3 0  9990
2 39876 070.9682 217.3040 0123304 212.9453 146.3948 14.23118380214129
1 40168U 10042V   14180.99290371 -.00000074 +00000-0 +68147-2 0  9990
2 40168 023.9952 170.6098 7306120 172.3245 213.3150 02.01116908013743
1 40248U 97082H   18205.59150465 +.00012528 +00000-0 +12420-2 0  9994
2 40248 085.8465 319.4092 0028944 303.4979 056.3482 14.91383756200856
1 39933U 06006DF  18204.31314668 +.00000137 +00000-0 +24512-3 0  9994
2 39933 051.9635 251.6779 5116128 102.4078 317.1740 05.17102688151414
1 39908U 93016CJ  18205.30184091 +.00000153 +00000-0 +90047-4 0  9993
2 39908 071.0037 172.6862 0008861 162.2405 267.0288 14.22737359214726
1 39793U 97051ABA 18205.50709912 +.00016035 +00000-0 +84908-3 0  9999
2 39793 086.3485 044.5572 0004019 295.4552 064.6273 15.15311743705742
1 39994U 08011DT  18201.21705465 -.00000020 +00000-0 -42536-3 0  9993
2 39994 048.9377 267.1058 6494616 087.6804 350.4082 03.07934110035167
1 39863U 92093LR  18204.70038082 +.00000918 +00000-0 +53364-3 0  9997
2 39863 070.9838 214.9611 0159536 199.2780 160.2261 14.05084153789255
1 40231U 93036BVL 18205.28437196 +.00001609 +00000-0 +16653-3 0  9997
2 40231 074.0113 153.5581 0064783 225.8723 133.7120 14.89524506208554
1 39917U 94029AFQ 18203.82841713 -.00000615 +00000-0 -23233-3 0  9991
2 39917 082.1385 154.7930 0654544 342.1812 015.7305 13.53338112231418
1 39895U 93016BV  18001.62266389  .00000037  00000-0  58552-4 0  9994
2 39895  70.9891 353.4767 0124527 171.2263 189.1068 13.93798535663807
1 39778U 97051AAK 18205.50154067 +.00000287 +00000-0 +85845-4 0  9991
2 39778 086.3854 111.7118 0008976 320.5422 039.5122 14.39434489245044
1 40152U 07003AL  17180.00330920 +.00000101 +00000-0 +00000-0 0  9998
2 40152 027.6187 136.9735 7337225 282.6488 010.8756 01.90767800071885
1 40395U 95015G   18205.50714537 +.00000178 +00000-0 +99563-4 0  9991
2 40395 098.7561 216.2758 0028642 021.7078 338.5307 14.22352373176923
1 39846U 92093KY  18171.48376310  .00001204  00000-0  49336-3 0  9998
2 39846  71.2703 110.1169 0091715 199.5082 158.3408 14.26826264714561
1 39879U 93016BD  18205.49273325 +.00001492 +00000-0 +66229-3 0  9990
2 39879 070.9840 259.1557 0124474 230.8239 190.1838 14.20574732213921
1 40252U 97082M   18205.07229740 +.00002077 +00000-0 +40554-3 0  9993
2 40252 086.4013 068.3855 0046893 358.2897 154.6296 14.61770222207671
1 39911U 93016CM  18204.44187174 +.00000049 +00000-0 +88044-4 0  9994
2 39911 070.9980 220.4935 0201040 343.7702 015.7017 13.72099227759358
1 39798U 08046K   18203.54922400 -.00000374 +00000-0 -19275-2 0  9996
2 39798 064.7074 348.4409 5671374 036.7278 351.2012 04.23051499064094
1 39803U 08046Q   18201.49371581 -.00000257 +00000-0 -16297-2 0  9994
2 39803 064.7504 354.4729 5652219 036.0965 351.3159 04.22644910063899
1 39866U 92093LU  18205.24800062 +.00001193 +00000-0 +48002-3 0  9994
2 39866 071.2878 062.5216 0096976 163.7877 312.1772 14.27477834215014
1 40234U 93036BVP 18205.34766755 +.00010446 +00000-0 +84265-3 0  9996
2 40234 074.0119 341.2035 0012241 023.4418 005.5672 14.99902332206901
1 39922U 94029AFV 18205.34956904 +.00000479 +00000-0 +69797-4 0  9997
2 39922 081.5983 072.2864 0175650 082.9519 279.1621 14.63630839813731
1 39898U 93016BY  18185.59641615 +.00002122 +00000-0 +35723-3 0  9996
2 39898 070.9578 285.4285 0049102 093.5332 267.1437 14.70050073733369
1 39782U 97051AAP 18205.44614760 +.00001878 +00000-0 +31873-3 0  9998
2 39782 086.4168 093.1552 0014061 184.9993 299.6827 14.68630170345533
1 40398U 95015K   18205.48048901 +.00000031 +00000-0 +37844-4 0  9998
2 40398 098.7916 205.9641 0007754 097.8527 262.3528 14.16035211176156
1 39849U 92093LB  18204.07558048 +.00000125 +00000-0 +10725-3 0  9994
2 39849 070.8666 086.7634 0088073 144.1530 216.5541 14.02671594238787
1 40177U 10057AF  18204.85566490 +.00000413 +00000-0 +69177-2 0  9990
2 40177 017.8796 015.7645 7208028 215.7546 062.5776 02.19417145042827
1 39882U 93016BG  18205.40731750 +.00001532 +00000-0 +64430-3 0  9993
2 39882 070.9515 207.6445 0120134 218.8114 211.4447 14.23569607787337
1 40256U 97082R   18204.19561458 +.00046142 +00000-0 +14585-2 0  9999
2 40256 086.2732 003.7920 0017920 323.7692 036.2342 15.32456920212214
1 40265U 14059E   18205.32135399 +.00000243 +00000-0 +10969-3 0  9994
2 40265 097.9057 164.3352 0196744 022.8083 338.1688 14.19765681197815
1 39836U 91009DU  18200.55040779 -.00000007 +00000-0 +74515-4 0  9990
2 39836 073.9072 252.7721 0138078 300.1695 128.1005 12.29303123186497
1 39869U 93016AT  15134.45870045 +.00010423 +00000-0 +47755-2 0  9991
2 39869 070.9889 171.8267 0125577 181.2004 182.4067 14.17407808562879
1 40237U 93036BVS 18204.11964510 +.00000747 +00000-0 +21300-3 0  9996
2 40237 074.0469 132.3135 0013555 134.8713 283.7753 14.46909435201959
1 40156U 07003AQ  18115.80962757  .00000292  00000-0  15192-1 0  9998
2 40156  26.7448 345.2252 7508706 221.5222  17.6102  1.84338002 54107
1 39925U 94029AFY 18205.10946335 +.00005078 +00000-0 +34046-3 0  9999
2 39925 081.4962 339.0946 0096839 162.2964 198.1675 15.02819986768107
1 39901U 93016CB  18204.06448916 +.00000944 +00000-0 +50101-3 0  9991
2 39901 070.9740 090.9103 0153135 014.1393 346.3939 14.10273697212857
1 39785U 97051AAS 18124.26512822  .00016015  00000-0  12422-2 0  9994
2 39785  86.3825 120.3373 0026513 314.3215 104.3546 15.01000634333373
1 40401U 95015N   18204.12888769 +.00000602 +00000-0 +40493-3 0  9994
2 40401 098.8226 178.6162 0061102 320.2515 039.4183 14.03525337176370
1 39852U 92093LE  18205.22867191 +.00000385 +00000-0 +13622-3 0  9995
2 39852 071.0099 042.4568 0005079 299.4015 179.7885 14.40786129217259
1 40218U 93036BUX 18205.56934348 +.00000149 +00000-0 +59803-4 0  9997
2 40218 074.0322 176.6008 0018758 204.1723 155.8552 14.36256344200866
1 39990U 08011DP  13093.16449355 +.00001343 +00000-0 +38972-2 0  9995
2 39990 048.9136 198.0876 6418239 235.8447 045.6250 03.27586095015854
1 39885U 93016BK  18194.70786039  .00000927  00000-0  30973-3 0  9998
2 39885  70.9478 316.2847 0089838  34.5824 326.1108 14.37868254222839
1 39888U 93016BN  18203.09544573  .00000747  00000-0  38552-3 0  9990
2 39888  70.9664 113.7473 0112838 117.4829 243.7819 14.14998691723717
1 39997U 08011DW  13296.97242389 +.00000969 +00000-0 +20000-1 0  9999
2 39997 049.8740 225.8006 6731970 198.3427 112.8608 02.72051466778349
1 40289U 14066D   18205.60944254 +.00000273 +00000-0 +76046-4 0  9999
2 40289 098.5575 351.0931 0107653 026.0540 334.6017 14.51167533197912
1 39839U 91009DX  18204.21093485 -.00000003 +00000-0 +94798-4 0  9993
2 39839 073.8308 047.3230 0091599 282.3695 076.7113 12.49386871544018
1 39872U 93016AW  18205.15926213 +.00000371 +00000-0 +28912-3 0  9999
2 39872 070.9912 105.8898 0146598 003.1915 151.0635 13.93748554210205
1 40242U 94029AGJ 18199.87551297  .00000046  00000-0  94204-5 0  9992
2 40242  81.8767  47.1046 0433539 304.3537  51.7323 14.02189109745726
1 40167U 10042U   18205.53951998 -.00000138 +00000-0 +00000-0 0  9993
2 40167 026.1452 247.7984 7197384 255.2421 021.3226 01.93643132039674
1 39928U 94029AGB 18204.32095476 +.00000849 +00000-0 +16446-3 0  9991
2 39928 081.0268 057.4674 0294384 228.5064 129.0519 14.38508827710391
1 39904U 93016CE  11236.01535596 +.00001754 +00000-0 +10234-2 0  9990
2 39904 070.9923 106.8642 0149202 063.1256 299.9771 14.04383882447847
1 39788U 97051AAV 18205.03147384 +.00091422 +00000-0 +35642-2 0  9993
2 39788 086.3052 127.4663 0019665 196.7054 163.3547 15.25396034398590
1 39855U 92093LH  18204.95796959 +.00001616 +00000-0 +53324-3 0  9991
2 39855 070.5257 048.8580 0101563 250.1321 108.8842 14.36841518216002
1 40223U 93036BVC 18205.22945779 +.00000953 +00000-0 +29660-3 0  9996
2 40223 073.9662 166.4498 0043899 220.1376 200.8788 14.41810956201766
