1 42390U 00055SJ  18205.44049524 +.00000415 +00000-0 +23283-3 0  9997
2 42390 098.8162 279.7190 0017946 202.8888 157.1488 14.15965387124967
1 42428U 00055TY  18204.05415762 +.00000296 +00000-0 +16561-3 0  9994
2 42428 098.8810 288.5709 0027646 234.2054 125.6551 14.18035741080861
1 42374U 00055RS  18205.00472783 +.00000755 +00000-0 +43660-3 0  9996
2 42374 098.9017 278.0288 0018045 109.7324 250.5795 14.11934832117621
1 42412U 00055TG  18204.99434192 +.00001178 +00000-0 +60949-3 0  9997
2 42412 098.8149 274.8700 0016344 284.6873 075.2489 14.16826126120902
1 43270U 18031J   18202.43906733 +.00000035 +00000-0 +12520-4 0  9999
2 43270 098.0310 277.6646 0004031 255.7143 104.3619 14.76131677026568
1 43417U 14016J   18181.26231813  .00162117  00000-0  79861-2 0  9997
2 43417  98.2131 207.6379 0025916 105.4479 254.9617 15.16929933 98810
1 42678U 16049C   18204.81662864 +.00000016 +00000-0 +16927-4 0  9999
2 42678 098.4081 215.2838 0009968 105.0653 255.1642 14.45293836097017
1 43389U 09055Q   18186.30448708  .00182147  00000-0  72870-2 0  9993
2 43389  98.6127 313.1080 0038365 197.8959 162.0926 15.23619162 76758
1 42358U 00055RA  18205.46315979 +.00000726 +00000-0 +42290-3 0  9997
2 42358 098.9157 278.9519 0054633 348.3465 011.6438 14.11037848090715
1 43102U 18002D   18205.45692737 +.00000639 +00000-0 +44554-4 0  9994
2 43102 097.4522 277.0625 0016708 177.5177 182.6138 15.08747372029595
1 43357U 98008H   18205.44684912 +.00000266 +00000-0 +22055-2 0  9991
2 43357 051.9609 214.8299 0050241 210.8308 148.9602 12.56485239115274
1 43400U 12026M   18049.18518875 -.00000128  00000-0  00000+0 0  9998
2 43400  12.8400  17.6679 4101926 308.9841  21.0336  1.76667666  6901
1 43361U 99040J   18029.99838601  .00002594  00000-0  13554-2 0  9993
2 43361  28.2555 303.4396 3964940 219.1775 104.1888  7.23803212 61882
1 43403U 12052C   18205.58337868 +.00000210 +00000-0 +77706-4 0  9992
2 43403 098.0177 122.3195 0225610 323.9495 034.6651 14.28738451243302
1 42393U 00055SM  18205.41824610 +.00000520 +00000-0 +36108-3 0  9991
2 42393 098.9825 272.7108 0058059 094.4108 266.3694 14.02422467122838
1 42431U 00055UB  18204.02893297 +.00001230 +00000-0 +63027-3 0  9996
2 42431 098.9828 293.1367 0046226 167.7799 192.4507 14.16828202098725
1 42377U 00055RV  18204.49884696 +.00002259 +00000-0 +10480-2 0  9995
2 42377 099.1037 304.9038 0035978 153.7468 206.5541 14.21434772087796
1 42415U 00055TK  18202.67683320 +.00000753 +00000-0 +39356-3 0  9998
2 42415 098.9358 289.9669 0034588 185.4526 174.6276 14.17178558123138
1 43346U 94057J   18205.28902204 +.00024846 +00000-0 +63892-2 0  9992
2 43346 099.1540 240.0592 0024349 175.5640 184.5772 14.49942296090993
1 43420U 14080J   18191.02544572 -.00000237  00000-0 -23513-3 0  9996
2 43420  63.4053 206.6452 0125777   5.1539 355.0749 13.45511566164374
1 42797U 17036AJ  18205.15899767 +.00085976 +00000-0 +11450-2 0  9992
2 42797 097.4081 272.6885 0005617 220.0734 140.0108 15.57840976059713
1 43392U 09055T   18205.44865283 +.00002603 +00000-0 +79868-3 0  9998
2 43392 098.5949 288.5479 0010559 247.5656 112.4415 14.42484988099676
1 42361U 00055RD  18205.40699382 +.00000907 +00000-0 +54757-3 0  9990
2 42361 098.8870 266.2010 0090883 154.8729 205.6903 14.07046632127771
1 43399U 12025S   18205.14395527 +.00005838 +00000-0 +63582-3 0  9991
2 43399 098.3172 226.1088 0011991 047.8136 312.4096 14.88369431061253
1 43105U 18002G   18205.47253905 +.00001742 +00000-0 +79406-4 0  9999
2 43105 097.6881 286.6909 0047847 352.9710 007.0848 15.21098125029834
1 42364U 00055RG  18203.99679536 +.00000717 +00000-0 +40385-3 0  9995
2 42364 098.8807 277.7551 0061787 330.6432 029.1273 14.12639422118902
1 43360U 99040H   18123.60495047 -.00003307  00000-0 -17672-1 0  9997
2 43360  27.9939 100.7167 3743070 196.9116 146.2069  7.12479668147051
1 42402U 00055SW  18205.48680769 +.00000698 +00000-0 +33772-3 0  9994
2 42402 098.9353 299.1846 0040531 203.0910 156.8446 14.21385229124589
1 43148U 18006C   18205.29521386 +.00002076 +00000-0 +81091-4 0  9995
2 43148 097.3211 323.1204 0018055 332.7632 027.2659 15.26867498029283
1 43364U 99040M   18146.15406378 -.00000692  00000-0 -21850-2 0  9993
2 43364  28.1881 100.5614 3880765 188.2622 162.8760  7.04368845937568
1 43406U 12073D   18205.20773984 +.00000723 +00000-0 +89876-4 0  9990
2 43406 097.9582 114.3430 0103986 170.2622 190.0640 14.82017399251790
1 42396U 00055SQ  18203.44202858 +.00000728 +00000-0 +34615-3 0  9990
2 42396 098.8019 284.4487 0043508 184.6645 175.4132 14.22045604124347
1 42468U 10057BH  18202.05215082  .00000088  00000-0  13591-2 0  9990
2 42468  20.7305 346.7673 7168315 211.8057  71.5417  2.25901560 29279
1 42980U 10041V   18204.06234517 -.00000171 +00000-0 -76708-3 0  9994
2 42980 065.4429 069.9639 5655383 066.1240 342.1125 04.18912084013448
1 42380U 00055RY  18205.46936527 +.00001551 +00000-0 +68198-3 0  9992
2 42380 098.8585 293.0866 0049696 173.0721 187.1155 14.24323918123518
1 42418U 00055TN  18205.44705902 +.00000510 +00000-0 +29376-3 0  9992
2 42418 098.8425 277.9496 0014681 162.4307 197.7376 14.13580369122593
1 43349U 94074AM  18204.92728744 +.00003185 +00000-0 +37080-3 0  9993
2 43349 098.0965 255.6730 0002515 144.4349 215.7033 14.86010556081716
1 43423U 15030D   18204.60362700 +.00001380 +00000-0 +40834-4 0  9999
2 43423 097.4222 335.6949 0007232 169.5031 190.6366 15.36653081161010
1 42977U 10041S   18205.53648063 +.00019763 +00000-0 +19124-1 0  9990
2 42977 064.9652 052.7438 5658627 069.9197 340.7719 04.43852626014222
1 42367U 00055RK  18202.98877037 +.00000719 +00000-0 +44596-3 0  9992
2 42367 098.9356 273.5989 0028857 072.1827 288.2487 14.08160057118016
1 42405U 00055SZ  18205.23209209 +.00000838 +00000-0 +40080-3 0  9992
2 42405 098.9860 303.5714 0038157 216.4562 143.4016 14.21533143121303
1 43206U 98067NN  18205.30625897 +.00515481 +11475-3 +15213-2 0  9990
2 43206 051.6288 177.8534 0003532 075.7843 284.3556 15.92033376026087
1 43367U 99040Q   18159.05083883 -.00000272  00000-0 -44231-3 0  9994
2 43367  28.2838  86.6398 3978283 210.1628 119.4097  7.04463700140597
1 43409U 13052D   18205.29600185 +.00000075 +00000-0 +94152-4 0  9995
2 43409 098.7534 147.7911 0240823 146.6883 214.9689 13.75585371234400
1 42399U 00055ST  18205.44913243 +.00000389 +00000-0 +23717-3 0  9996
2 42399 098.8597 277.3758 0012284 357.2211 002.8890 14.11838608120530
1 42671U 15069D   18205.27438295 +.00000335 +00000-0 +75204-4 0  9990
2 42671 097.9377 147.8705 0163689 088.8421 273.1524 14.54567612135352
1 42351U 00055QT  18205.44821553 +.00000676 +00000-0 +30095-3 0  9992
2 42351 098.7331 284.3107 0055547 171.9112 188.2976 14.25289483119896
1 43036U 17077C   18204.92480019 +.00001668 +00000-0 +76530-4 0  9992
2 43036 097.5616 283.7644 0013293 025.5978 334.5913 15.21793726035290
1 42383U 00055SB  18205.42148489 +.00000907 +00000-0 +51207-3 0  9990
2 42383 098.8893 276.1534 0058229 145.9244 214.5687 14.11893081122431
1 42421U 00055TR  18204.94470034 +.00000322 +00000-0 +26701-3 0  9995
2 42421 098.8639 247.2783 0099746 159.1378 201.3898 13.93246497087228
1 43352U 95058M   18205.39009825 +.00003536 +00000-0 +12867-2 0  9999
2 43352 071.0114 204.4055 0008149 337.5047 022.5727 14.33833168196780
1 42370U 00055RN  18204.32276087 +.00000849 +00000-0 +60852-3 0  9991
2 42370 098.9162 251.7876 0114161 180.9119 179.1852 13.96703442126700
1 42408U 00055TC  18205.44997326 +.00000326 +00000-0 +21659-3 0  9995
2 42408 098.8848 273.5574 0022449 079.9648 280.4053 14.08066828120437
1 43237U 18025B   18204.53065005 +.00001471 +00000-0 +64969-4 0  9995
2 43237 097.2403 320.8639 0015487 327.7658 032.2631 15.23170660019457
1 43371U 02003F   18196.46362733 -.00000469  00000-0 -47053-3 0  9995
2 43371  29.0392   2.8949 5634523 350.9572 359.0596  4.44628321 69417
1 43370U 01056P   18201.70871616 +.00000197 +00000-0 +32524-3 0  9993
2 43370 099.3655 170.7122 0139212 349.0879 010.7249 13.55220832230485
1 43412U 13065C   18203.48407216 -.00000054  00000-0 -20716-4 0  9996
2 43412 100.4890 296.1481 0133012 356.7268   3.2963 13.17178856216229
1 43377U 07052AD  18205.06887004 +.00001169 +00000-0 +10369-2 0  9995
2 43377 064.3822 225.0707 5779972 018.0060 356.0822 04.25813661037366
1 42674U 16012S   18204.77392857 +.00004103 +00000-0 +24873-3 0  9991
2 42674 031.0061 044.6980 0006626 116.8915 243.2401 15.08818470117724
1 43381U 08020C   18204.90557572 -.00000063 +00000-0 +00000-0 0  9994
2 43381 056.7567 103.9664 0427129 188.8087 170.3865 01.67814970053642
1 42354U 00055QW  18205.42395414 +.00000842 +00000-0 +56452-3 0  9995
2 42354 099.0204 280.6209 0015674 337.8486 022.2001 14.03598549118334
1 43069U 17082E   18205.47357942 +.00000581 +00000-0 +20596-3 0  9996
2 43069 098.5039 277.1300 0030848 204.3651 155.6080 14.37910205030664
1 42386U 00055SE  18205.47276652 +.00000531 +00000-0 +28927-3 0  9998
2 42386 098.8291 281.0592 0025159 179.2577 180.8639 14.16308426125434
1 42424U 00055TU  18205.04192850 +.00001442 +00000-0 +72120-3 0  9997
2 42424 099.0072 298.3163 0030751 181.0415 179.0700 14.18129877117970
1 42427U 00055TX  18204.06157112 +.00001076 +00000-0 +40875-3 0  9998
2 42427 098.8531 303.4606 0082022 153.7180 206.8200 14.31238772101318
1 42373U 00055RR  18205.10836686 +.00001471 +00000-0 +51842-3 0  9999
2 42373 098.9966 322.4050 0091723 150.5038 210.1365 14.34044888130251
1 42411U 00055TF  18203.68882489 +.00001385 +00000-0 +62069-3 0  9992
2 42411 098.8620 290.7875 0045076 180.0239 180.0944 14.23634532124051
1 43266U 18031H   18205.55716343 +.00000188 +00000-0 +29718-4 0  9992
2 43266 098.0695 282.5943 0038631 059.9511 300.5525 14.83106127017038
1 43416U 14015F   18205.50338662 +.00000430 +00000-0 +23540-3 0  9992
2 43416 098.7728 225.3946 0010778 121.0268 239.1966 14.17052046217887
1 42677U 16029C   18205.40717461 +.00000138 +00000-0 +60044-4 0  9990
2 42677 097.9330 188.3796 0258238 328.4005 030.1885 14.21140048101306
1 43388U 09055P   18205.55212091 +.00084118 +00000-0 +99143-2 0  9996
2 43388 098.6907 322.7879 0034147 141.2812 219.0856 14.83908872069997
1 42357U 00055QZ  18205.16899677 +.00001024 +00000-0 +55970-3 0  9996
2 42357 098.8631 277.9594 0015930 153.9526 206.2452 14.14175420125941
1 43097U 17084D   18205.47890629 +.00003579 +00000-0 +97974-4 0  9998
2 43097 097.3383 283.1443 0050752 281.4447 078.1100 15.36724788032207
1 43356U 98008G   18205.14130438 +.00000261 +00000-0 +17469-2 0  9994
2 43356 051.9094 120.0930 0034976 122.1778 238.2492 12.74154684116991
1 42389U 00055SH  18205.25547131 +.00009094 +00000-0 +33911-2 0  9991
2 42389 099.1184 316.0543 0043783 161.9575 198.3172 14.31639010224176
1 43359U 99025EYQ 18205.44790378 +.00000711 +00000-0 +44878-3 0  9990
2 43359 099.1895 208.2230 0095143 010.9782 349.3432 14.05364640097178
1 43402U 12052B   18203.72195634 +.00000243 +00000-0 +89279-4 0  9992
2 43402 098.0734 122.6492 0245400 019.7801 341.2696 14.25173074242488
1 42392U 00055SL  18205.48151616 +.00001164 +00000-0 +57935-3 0  9992
2 42392 098.9521 295.2550 0023255 214.5609 145.4056 14.18878048122210
1 42430U 00055UA  18204.43147759 +.00001246 +00000-0 +67719-3 0  9994
2 42430 098.9062 280.0146 0005346 120.1459 240.0244 14.14178179098590
1 42376U 00055RU  18199.90440003 +.00001327 +00000-0 +11121-2 0  9991
2 42376 098.8445 226.5208 0126652 191.9381 167.8767 13.86248843125233
1 42414U 00055TJ  18205.23761524 +.00004468 +00000-0 +18963-2 0  9992
2 42414 099.0695 305.5034 0003564 101.5655 258.5923 14.25859703119780
1 43345U 94057H   18205.32779723 +.00021126 +00000-0 +60106-2 0  9997
2 43345 099.1752 239.3814 0036602 136.2467 224.1633 14.44920918091081
1 43419U 14080H   18185.49757611 -.00000179  00000-0 -14291-3 0  9996
2 43419  63.4101 220.2031 0123505   0.8069 359.3134 13.45615734160067
1 42680U 16049E   18205.44566115 +.00000213 +00000-0 +78431-4 0  9991
2 42680 098.3722 207.8037 0017954 192.8305 167.2430 14.41696851099842
1 43391U 09055S   18205.49166576 +.00006406 +00000-0 +16947-2 0  9994
2 43391 098.6938 300.9750 0006168 209.9201 150.1639 14.49149175080966
1 42360U 00055RC  18205.46936801 +.00001705 +00000-0 +78050-3 0  9994
2 42360 098.8861 291.0169 0085613 269.0125 090.1242 14.20846765129039
1 43396U 12002D   17364.00270595  .00000130  00000-0  00000+0 0  9992
2 43396   2.1149  78.4476 0150960 215.1275 204.1092  1.00237133 20464
1 43104U 18002F   18205.43122156 +.00002075 +00000-0 +85297-4 0  9992
2 43104 097.4310 280.9179 0052701 006.1020 354.0848 15.24072136029899
1 42363U 00055RF  18205.38130199 +.00000172 +00000-0 +14923-3 0  9990
2 42363 098.8860 255.3535 0081287 153.3968 207.1401 13.96956792124131
1 43147U 18006B   18205.53000201 +.00002376 +00000-0 +10587-3 0  9993
2 43147 097.2480 320.2515 0013839 144.2451 215.9715 15.22293781029230
1 43363U 99040L   18198.60624780  .00002005  00000-0  14642-2 0  9997
2 43363  28.3500 275.7265 3480846 113.1739 286.9502  8.02905021155551
1 43405U 12073C   18205.51466011 +.00003538 +00000-0 +18127-3 0  9990
2 43405 098.2156 224.9662 0069487 343.9680 015.9351 15.15264726255989
1 42395U 00055SP  18205.08384475 +.00001151 +00000-0 +57863-3 0  9998
2 42395 098.9230 290.2975 0033261 167.8096 192.3891 14.18190576124082
1 42466U 10057BF  18204.68508093 -.00000220 +00000-0 +11885-2 0  9999
2 42466 020.7348 040.4644 7202804 114.2018 333.1502 02.18735897024373
1 42379U 00055RX  18205.48217769 +.00001005 +00000-0 +49152-3 0  9995
2 42379 098.9041 292.2241 0054174 261.1568 098.3471 14.19492090123007
1 42417U 00055TM  18205.44245403 +.00000427 +00000-0 +26579-3 0  9995
2 42417 098.8679 273.9740 0032019 019.8716 340.3694 14.09999934122197
1 43348U 94074AL  18204.35235887 +.00003194 +00000-0 +40226-3 0  9996
2 43348 098.0708 250.5822 0001933 095.8062 264.3371 14.82729060061008
1 43422U 15030C   18202.16774722  .00001124  00000-0  34194-4 0  9996
2 43422  97.4236 333.1080 0005166 180.6277 179.4961 15.36190393165262
1 42976U 10041R   18158.79474086  .00019349  00000-0  19437+0 0  9991
2 42976  65.5281  81.2021 5593669  68.9707 340.6188  4.24894627 11728
1 42366U 00055RJ  18204.20784228 +.00001232 +00000-0 +46559-3 0  9999
2 42366 098.8510 303.4461 0077319 161.5013 198.9008 14.31451928127204
1 42404U 00055SY  18185.21055481  .00000892  00000-0  14450-3 0  9999
2 42404  98.8657 329.0540 0205276  82.4300 280.0163 14.61123441124993
1 43150U 18006E   18204.56669180 +.00003597 +00000-0 +10402-3 0  9998
2 43150 097.4654 328.3449 0047775 353.6986 006.3650 15.35179066029298
1 43366U 99040P   18169.06813867 -.00000009  00000-0 -84422-4 0  9993
2 43366  28.2252  93.6334 3941669 200.1033 138.6443  7.02701678 63039
1 43408U 13052C   18205.34079029 +.00000084 +00000-0 +97723-4 0  9994
2 43408 098.7587 162.1897 0223400 126.1136 236.0926 13.79541119235021
1 42398U 00055SS  18202.36187121  .00000417  00000-0  28455-3 0  9997
2 42398  98.8196 259.6047 0037836 114.5671 245.9447 14.04804096122594
1 42670U 15069C   18205.25611588 +.00000527 +00000-0 +37048-4 0  9992
2 42670 097.8288 216.8043 0094846 353.0351 006.9550 15.06303636096944
1 43035U 17077B   18205.00966366 +.00001990 +00000-0 +79901-4 0  9998
2 43035 097.3451 278.7491 0015142 297.7649 062.2054 15.26050799035417
1 42382U 00055SA  18203.68842979 +.00000595 +00000-0 +38595-3 0  9998
2 42382 098.9637 275.2982 0050521 067.3357 293.3143 14.05938831121586
1 42420U 00055TQ  18203.73340472 +.00001668 +00000-0 +83078-3 0  9996
2 42420 099.0318 299.5561 0028790 300.6178 059.2158 14.18190667122583
1 43351U 95021J   18205.53711842 +.00002121 +00000-0 +60989-3 0  9991
2 43351 098.7530 225.8903 0006599 148.5637 211.5949 14.45867806156105
1 42979U 10041U   18201.71737983 -.00000004  00000-0  53324-3 0  9999
2 42979  65.1753  66.2711 5630168  67.5979 341.3915  4.25531307 13500
1 42369U 00055RM  18203.99195217 +.00000715 +00000-0 +39034-3 0  9996
2 42369 098.8581 280.1000 0009014 294.1742 065.8488 14.15234969125482
1 42407U 00055TB  18205.46025648 +.00000938 +00000-0 +53941-3 0  9993
2 42407 098.9943 288.0396 0020451 023.6728 336.5380 14.11673462118796
1 43214U 99025EYN 18204.08666059 +.00000421 +00000-0 +25474-3 0  9996
2 43214 098.9288 261.1605 0063475 350.2641 009.7296 14.10964682022353
1 43369U 01056N   18203.43199253 +.00000729 +00000-0 +40290-3 0  9993
2 43369 099.2647 286.9201 0096441 191.5783 231.2839 14.12431548221657
1 43411U 13052F   18205.47194611 -.00000007 +00000-0 +15376-4 0  9997
2 43411 098.6686 293.2259 0005147 168.9084 191.2210 14.26440282243078
1 43376U 07052AC  18052.38388107  .00000299  00000-0  19230-2 0  9998
2 43376  65.2868 324.7011 5771517   6.6687 358.5581  4.09354753 49002
1 42401U 00055SV  18205.22705791 +.00000984 +00000-0 +42903-3 0  9992
2 42401 098.8931 299.8721 0069563 215.7188 143.9327 14.25024227124814
1 42673U 15069F   18204.76937353 +.00000056 +00000-0 +13026-4 0  9998
2 42673 097.9342 193.0918 0005281 094.2567 265.9251 14.84858636143289
1 43380U 07052AG  18047.17329153  .00003875  00000-0  68594-2 0  9990
2 43380  64.3565 285.8538 5738357  26.9564 353.9214  4.26292432 46425
1 42353U 00055QV  18205.47102356 +.00001366 +00000-0 +56788-3 0  9994
2 42353 098.8062 292.8248 0059878 174.8860 185.2945 14.27101278128972
1 43038U 17077E   18205.43606020 +.00003173 +00000-0 +10683-3 0  9992
2 43038 097.3176 279.9000 0039672 183.7131 176.3822 15.30763601035538
1 42385U 00055SD  18205.13948743 +.00000579 +00000-0 +32044-3 0  9994
2 42385 098.8111 276.6342 0008898 240.2380 119.7908 14.15243513117883
1 42423U 00055TT  18205.06665906 +.00000938 +00000-0 +54764-3 0  9998
2 42423 098.9541 280.0738 0026921 037.7436 322.5616 14.10717158117224
1 43395U 11023J   18049.52743214 -.00000301 +00000-0 +00000-0 0  9996
2 43395 004.6148 062.4282 0147418 325.2667 034.0356 01.02865096022775
1 42372U 00055RQ  18205.44360328 +.00000539 +00000-0 +30886-3 0  9999
2 42372 098.9076 284.8233 0012272 313.9694 046.0466 14.13652419118145
1 42410U 00055TE  18205.46833529 +.00000653 +00000-0 +31705-3 0  9990
2 42410 098.8160 286.8918 0045279 235.8458 123.8422 14.21290515124536
1 43263U 18031E   18205.42665080 +.00000117 +00000-0 +28116-4 0  9999
2 43263 097.9851 278.7004 0045954 246.1486 113.4900 14.69133328016921
1 43375U 07029S   18204.51269883 +.00000477 +00000-0 +33074-3 0  9995
2 43375 070.9057 145.2315 0126293 279.6504 201.0535 14.00323973551165
1 43414U 14007D   18205.45206715 -.00000133 +00000-0 +00000-0 0  9992
2 43414 014.2682 318.7151 4710145 301.9273 020.7663 01.89407091026106
1 43379U 07052AF  18202.18164148  .00003583  00000-0  36790-2 0  9992
2 43379  64.0661 214.2402 5747465  30.9537 352.9432  4.30023431 59856
1 42676U 16029B   18203.93681791 +.00000185 +00000-0 +73970-4 0  9995
2 42676 098.0595 201.0454 0258552 348.6173 010.9228 14.22127457101041
1 43387U 09055N   18205.23972805 +.00018651 +00000-0 +40485-2 0  9990
2 43387 098.7000 308.2265 0040425 156.9635 203.3386 14.57620940095431
1 42356U 00055QY  18203.99453409 +.00000844 +00000-0 +43613-3 0  9993
2 42356 098.8955 286.9768 0039304 297.9848 061.7351 14.17385071125725
1 43096U 17084C   18205.44996499 +.00002097 +00000-0 +83892-4 0  9994
2 43096 097.4647 283.4046 0015581 259.2255 100.7230 15.26128324031997
1 43355U 97029D   18204.09184735 +.00000005 +00000-0 +00000-0 0  9994
2 43355 014.3761 021.2705 0134040 327.1996 032.0044 01.00249373013668
1 42388U 00055SG  18205.40146510 +.00000501 +00000-0 +28897-3 0  9995
2 42388 098.7481 267.8900 0018028 315.9887 043.9849 14.13449827125161
1 42426U 00055TW  18202.39456515 +.00000447 +00000-0 +27556-3 0  9992
2 42426 098.7697 262.6716 0017282 128.7237 231.5482 14.10314086099917
1 43358U 99025EYP 18205.28438575 -.00000189 +00000-0 -20738-3 0  9999
2 43358 098.6913 324.6637 0385524 130.3966 233.1485 13.34108123176980
1 43401U 12026N   18204.58767994 -.00000160 +00000-0 +00000-0 0  9991
2 43401 012.3604 004.4433 4135841 331.2457 005.9978 01.75796446038108
1 42391U 00055SK  18205.52262653 +.00001468 +00000-0 +71425-3 0  9997
2 42391 099.0195 303.1735 0025877 210.1166 149.8523 14.19652536124979
1 42429U 00055TZ  18205.12373066 +.00000787 +00000-0 +49678-3 0  9994
2 42429 098.8834 268.0133 0038985 105.4603 255.0876 14.06713355098182
1 42375U 00055RT  18205.01917053 +.00000403 +00000-0 +24072-3 0  9998
2 42375 098.8526 277.4965 0008161 132.8045 227.3815 14.12709504117527
1 42413U 00055TH  18205.45635504 +.00000657 +00000-0 +33076-3 0  9992
2 42413 098.8717 290.0653 0030826 207.5480 152.4064 14.19607926124022
1 43344U 94057G   18205.47789835 +.00000713 +00000-0 +38024-3 0  9991
2 43344 099.0621 224.7255 0012956 190.7156 169.3744 14.16626619090405
1 43418U 14080G   18205.47801685 -.00000004 +00000-0 +14104-3 0  9996
2 43418 063.4045 172.8367 0121813 002.0991 358.0521 13.44481545157102
1 42679U 16049D   18205.28018314 +.00000016 +00000-0 +16942-4 0  9994
2 42679 098.4081 215.6519 0008042 105.3332 254.8748 14.45196070103021
1 43390U 09055R   18205.46529154 +.00007671 +00000-0 +18317-2 0  9993
2 43390 098.5677 295.2424 0005438 288.3386 071.7218 14.53929980084175
1 42359U 00055RB  18205.47789958 +.00000701 +00000-0 +36416-3 0  9997
2 42359 098.9076 291.0549 0022469 238.0992 121.7997 14.17917691119340
1 43394U 10023D   18011.43749006  .00001237  00000-0  28196-2 0  9994
2 43394 100.4267 220.9987 0040066 290.8949  68.7884 13.27952810207490
1 43103U 18002E   18205.44324350 +.00000717 +00000-0 +56188-4 0  9990
2 43103 097.6976 281.7477 0036624 248.6456 111.0859 15.03722477029496
1 43106U 17008DK  18204.98613133 +.00059470 +00000-0 +12325-2 0  9999
2 43106 097.4611 275.5250 0006351 051.5299 308.6519 15.45523099030745
1 43362U 99040K   18183.00566834  .00002347  00000-0  17801-2 0  9998
2 43362  28.2926 101.3318 4022653 184.0067 171.4808  7.07984049 61569
1 43404U 12066G   18204.59403871 -.00000067 +00000-0 +39706-4 0  9995
2 43404 063.3603 269.2481 0109108 218.4770 140.8413 12.92717980220302
1 42394U 00055SN  18205.21934668 +.00000885 +00000-0 +40955-3 0  9994
2 42394 098.8949 296.4305 0054181 231.3408 128.2915 14.22681847122635
1 42465U 10042AG  18204.94496289 +.00000127 +00000-0 +29997-2 0  9992
2 42465 023.2944 157.2731 7473210 094.7896 345.3700 01.87030639017737
1 42378U 00055RW  18205.01297389 +.00000618 +00000-0 +31796-3 0  9993
2 42378 098.8535 286.6700 0027056 217.4781 142.4508 14.18791802123048
1 42416U 00055TL  18205.16583955 +.00000695 +00000-0 +38805-3 0  9992
2 42416 098.8955 282.3534 0021073 326.4041 033.5794 14.14060226118909
1 43347U 94074AK  18205.08805280 +.00001731 +00000-0 +20709-3 0  9995
2 43347 098.0863 256.4889 0003584 185.4526 174.6650 14.85483426111692
1 43421U 14080K   18200.46137267 -.00000053 +00000-0 +60775-4 0  9992
2 43421 063.4029 187.9586 0121338 002.1818 357.9712 13.43982585100735
1 42973U 10041N   18203.93205492 +.00000589 +00000-0 +93242-2 0  9993
2 42973 065.0327 066.2965 5566698 070.8854 339.6854 04.23188755013635
1 43393U 10023C   18205.45005453 +.00000768 +00000-0 +18276-2 0  9997
2 43393 100.3904 055.3889 0003944 192.2744 167.8279 13.26796667226023
1 42362U 00055RE  18205.32844307 +.00001040 +00000-0 +88062-3 0  9996
2 42362 098.8986 237.1687 0129797 173.1681 187.1284 13.85925665125888
1 42365U 00055RH  18205.50327266 +.00000893 +00000-0 +41993-3 0  9996
2 42365 098.8982 295.8913 0056784 235.9630 123.6147 14.21755688126337
1 42403U 00055SX  18204.85364556 +.00002472 +00000-0 +45753-3 0  9992
2 42403 098.8802 345.9317 0154615 050.9729 310.5116 14.58924855124168
1 43149U 18006D   18205.27590516 +.00003168 +00000-0 +11163-3 0  9990
2 43149 097.3853 325.5174 0022672 030.8909 329.3660 15.29801752029283
1 43365U 99040N   18201.89067078 +.00007905 +00000-0 +16112-2 0  9994
2 43365 028.4240 067.2285 4075591 227.7282 089.7448 07.17576707142592
1 43407U 13014D   18198.40590718 -.00000132  00000-0  00000+0 0  9994
2 43407  14.4095 299.3210 4858300  15.8808 355.0989  1.91511325 19969
1 42397U 00055SR  18205.46082330 +.00000697 +00000-0 +39015-3 0  9990
2 42397 098.8294 274.6010 0049969 332.2815 027.5696 14.13353136123740
1 42669U 91050T   18205.53719009 +.00000802 +00000-0 +27354-3 0  9996
2 42669 098.4735 151.9593 0030034 187.1424 172.9340 14.38824197071994
1 42981U 10041W   18203.84196649 -.00000022 +00000-0 +33307-3 0  9995
2 42981 065.7844 060.9906 5465908 060.0780 008.1278 04.48809366014030
1 42381U 00055RZ  18205.23612185 +.00002193 +00000-0 +91638-3 0  9997
2 42381 099.0090 311.3345 0050651 199.8317 160.0894 14.26539145123578
1 42419U 00055TP  18204.98468407 +.00000893 +00000-0 +50769-3 0  9991
2 42419 098.8877 276.1193 0028740 004.9721 355.1731 14.12278727122272
1 43350U 94074AN  18205.37379068 +.00003392 +00000-0 +37991-3 0  9997
2 43350 098.0688 256.5272 0002676 207.3528 152.7547 14.87558646081355
1 43424U 15040C   18204.94678735 +.00000001 +00000-0 +12003-3 0  9991
2 43424 100.3406 251.3404 0151827 027.6479 333.2602 13.09931440134394
1 42978U 10041T   18205.60942691 -.00000077 +00000-0 -13842-3 0  9996
2 42978 065.6663 058.6718 5458988 061.5831 342.6012 04.50660740014544
1 42368U 00055RL  18204.05131047 +.00000474 +00000-0 +28794-3 0  9997
2 42368 098.8841 277.0284 0012459 032.7702 327.4239 14.11070049118710
1 42406U 00055TA  18205.44451066 +.00000173 +00000-0 +11396-3 0  9996
2 42406 098.8433 281.0161 0016883 288.9021 071.0321 14.14165065120750
1 43213U 99025EYM 18204.08601036 +.00000496 +00000-0 +29574-3 0  9996
2 43213 098.9287 261.1660 0063320 350.1895 009.8035 14.10971816022057
1 43368U 00055UC  18204.73867475 +.00006046 +00000-0 +22502-2 0  9995
2 43368 099.1273 315.8075 0019808 004.4681 355.6674 14.32324882123532
1 43410U 13052E   18205.09378557 +.00000049 +00000-0 +75242-4 0  9990
2 43410 098.8316 160.6137 0247077 176.7536 183.5289 13.74157716234079
1 42400U 00055SU  18203.45134690  .00000344  00000-0  21589-3 0  9995
2 42400  98.8241 270.1786 0024235   7.8830 352.2717 14.10814246118331
1 42672U 15069E   18205.32969851 +.00000384 +00000-0 +78544-4 0  9998
2 42672 098.0061 160.7545 0163174 085.5329 276.4491 14.58186534135714
1 42352U 00055QU  18205.43945419 -.00001056 +00000-0 -53463-3 0  9999
2 42352 098.9167 282.7942 0020153 058.0725 302.2404 14.13673002118822
1 43037U 17077D   18205.47579197 +.00005127 +00000-0 +13630-3 0  9995
2 43037 097.5382 288.9203 0052504 208.3663 151.4721 15.37312753035678
1 42384U 00055SC  18204.97966663 +.00000489 +00000-0 +28272-3 0  9993
2 42384 098.8346 276.5570 0016141 318.0912 041.9024 14.13572672122700
1 42422U 00055TS  18205.06719112 +.00000495 +00000-0 +28379-3 0  9997
2 42422 098.8788 281.9714 0014414 291.4358 068.5277 14.13988417117631
1 43354U 96051P   18205.31990306 -.00000047 +00000-0 -20562-6 0  9991
2 43354 071.1884 172.4117 0097445 246.0555 113.0340 14.12845681240827
1 42371U 00055RP  18205.53743490 +.00001149 +00000-0 +51985-3 0  9994
2 42371 099.0576 313.3554 0052618 181.5988 178.5029 14.23362208129387
1 42409U 00055TD  18205.47172163 +.00000791 +00000-0 +36519-3 0  9990
2 42409 098.7866 286.1081 0051674 163.7794 196.5053 14.23114534121552
1 43240U 18021D   18205.54950198 +.00011097 +00000-0 +41785-3 0  9998
2 43240 097.2221 321.7899 0010373 218.3040 141.7463 15.27215949018357
1 43374U 07029R   18202.39166537 +.00000514 +00000-0 +49082-3 0  9998
2 43374 071.0679 198.9215 0217622 118.7366 243.5792 13.74840759233626
1 43413U 13068B   18205.24832012 +.00000229 +00000-0 +79922-4 0  9997
2 43413 097.9714 137.7395 0131113 117.5572 243.9008 14.38672120236266
1 43378U 07052AE  18205.02626682 +.00001740 +00000-0 +25581-2 0  9992
2 43378 064.1731 223.4578 5740553 025.8040 354.1935 04.27314578056066
1 42675U 16012T   18203.74725205 +.00004210 +00000-0 +26550-3 0  9998
2 42675 031.0129 061.0667 0006630 103.3617 256.7760 15.07408440081391
1 43386U 09055M   18204.93407965 +.00002034 +00000-0 +55098-3 0  9990
2 43386 098.4523 288.3848 0028385 245.3358 114.4878 14.48539043106184
1 42355U 00055QX  18204.63980168 -.00000073 +00000-0 -19090-4 0  9990
2 42355 098.8844 266.9263 0043102 085.7813 274.8278 14.03836761124709
1 43095U 17084B   18205.46088783 +.00001843 +00000-0 +77681-4 0  9990
2 43095 097.4406 282.2559 0009163 244.5927 115.4362 15.24579660031964
1 42387U 00055SF  18203.43428987 +.00000707 +00000-0 +38367-3 0  9997
2 42387 098.8756 282.0880 0018603 283.0224 076.8872 14.15589590125076
1 42425U 00055TV  18204.40295584 +.00000491 +00000-0 +32383-3 0  9995
2 42425 098.8697 268.5226 0030902 093.7046 266.7656 14.06117292100046
