1 41347U 00055HQ  18205.40769808 +.00000607 +00000-0 +35661-3 0  9994
2 41347 098.8429 274.2147 0023629 350.5152 009.5570 14.11713513128320
1 41535U 00055NK  18204.04421194 +.00008327 +00000-0 +37335-2 0  9991
2 41535 099.0201 297.0132 0013918 114.1756 246.0878 14.22674101117958
1 41433U 00055LN  18205.49483768 +.00001576 +00000-0 +74812-3 0  9994
2 41433 099.0009 302.5066 0035109 188.8557 171.2003 14.20668423129020
1 41518U 00055MS  18205.01081962 +.00001158 +00000-0 +57982-3 0  9991
2 41518 098.8570 283.8226 0029858 269.3095 090.4659 14.18452307117091
1 41372U 00055JR  18204.57013850 +.00001032 +00000-0 +40098-3 0  9991
2 41372 098.9696 314.1536 0081603 192.7820 167.1294 14.30285140130794
1 41302U 00055HE  18205.43493193 +.00000263 +00000-0 +17858-3 0  9995
2 41302 098.8834 273.8637 0027471 126.4718 233.8989 14.08290849132179
1 41502U 00055MA  18205.41540900 +.00000418 +00000-0 +26071-3 0  9993
2 41502 098.8481 273.5307 0011951 074.8321 285.4171 14.10137842123556
1 41356U 00055HZ  18205.42514990 +.00000233 +00000-0 +16544-3 0  9990
2 41356 098.8832 270.8853 0046205 031.9760 328.4198 14.06601258130399
1 41286U 00055GN  18204.46187729 +.00004056 +00000-0 +18030-2 0  9999
2 41286 098.9941 296.4457 0063450 274.8400 084.5534 14.22435880133938
1 41404U 00055KH  18204.20822605 +.00000997 +00000-0 +47946-3 0  9991
2 41404 098.9650 299.3972 0040751 254.7602 104.9066 14.20758717125620
1 41407U 00055KL  18205.53605923 +.00005853 +00000-0 +21744-2 0  9996
2 41407 099.0425 313.5810 0012966 163.9862 196.1733 14.32480934126510
1 41350U 00055HT  18204.09230452 +.00000823 +00000-0 +42687-3 0  9996
2 41350 098.9845 296.0950 0029037 191.4779 168.5737 14.17421165128503
1 41538U 00055NN  18204.92300159 +.00000742 +00000-0 +51927-3 0  9995
2 41538 098.8219 253.3493 0058582 104.7021 256.0647 14.00608690127196
1 41445U 16012P   18204.66734590 +.00004428 +00000-0 +26253-3 0  9992
2 41445 031.0052 041.7195 0008983 132.3456 227.7944 15.09660502127728
1 41542U 14087D   16102.50593157  .00009121  00000-0  21035-3 0  9998
2 41542  97.2850 201.0270 0005174 222.2385 137.8466 15.42782739 68807
1 41273U 00055FZ  18204.50487627 +.00001043 +00000-0 +42757-3 0  9997
2 41273 098.8781 301.8049 0067799 184.3175 175.7429 14.28095644134907
1 41521U 00055MV  18205.44054601 +.00001552 +00000-0 +76098-3 0  9999
2 41521 098.8115 277.4368 0062057 292.9246 066.5388 14.18297864116833
1 41375U 00055JU  18202.47370890  .00001234  00000-0  63052-3 0  9990
2 41375  98.9482 288.7790 0029041 176.1953 183.9447 14.17276155129132
1 41305U 00055HH  18203.94637808 +.00000168 +00000-0 +13470-3 0  9995
2 41305 098.7838 253.4428 0043780 122.7213 237.8186 14.02778767131522
1 41420U 00055KZ  18205.51825623 +.00001600 +00000-0 +67166-3 0  9995
2 41420 098.9321 304.4534 0056904 175.9952 184.1694 14.26500075129049
1 41646U 08067S   16292.16851197  .00000385  00000-0  26712-1 0  9995
2 41646  64.9818 342.8782 5408150  69.1096 334.3728  4.13669091  5494
1 41505U 00055MD  18205.04940584 +.00000592 +00000-0 +31814-3 0  9991
2 41505 098.8715 284.1810 0048773 149.4508 210.9523 14.16123898127396
1 41649U 08067V   18204.82603323 +.00001382 +00000-0 +43529-1 0  9995
2 41649 066.1964 139.9187 5525789 045.0858 348.2717 04.14681914031900
1 41359U 00055JC  18203.45938543  .00000800  00000-0  38479-3 0  9999
2 41359  98.8778 290.9629 0038257 205.8373 154.0893 14.21292621127326
1 41289U 00055GR  18205.41897887 +.00000099 +00000-0 +87539-4 0  9996
2 41289 098.8472 265.0190 0041408 122.5114 238.0066 14.04768816132499
1 41362U 00055JF  18205.22248569 +.00000830 +00000-0 +37817-3 0  9990
2 41362 098.8874 297.2251 0052308 171.8993 188.3041 14.23702051129525
1 41410U 00055KP  18205.13150924 +.00000331 +00000-0 +22340-3 0  9992
2 41410 098.8657 270.0393 0027788 102.0107 258.4179 14.06951927124986
1 41541U 14087C   18202.56552236 +.00003646 +00000-0 +64279-4 0  9993
2 41541 097.3162 318.2568 0005219 077.8201 282.3636 15.51076411197389
1 41492U 00055LQ  18200.51248633 +.00000987 +00000-0 +85190-3 0  9993
2 41492 098.8245 225.6157 0130360 195.3227 164.3965 13.84899903120425
1 41545U 15075F   17244.81185559 -.00000097  00000-0  00000+0 0  9993
2 41545   1.2577 100.4271 0258370  72.8643 290.4509  1.05636214  6286
1 41276U 00055GC  18205.41765625 +.00000351 +00000-0 +22199-3 0  9997
2 41276 098.8435 273.4981 0016615 103.2636 257.0389 14.10314589133213
1 41378U 00055JX  18205.41800037 +.00000080 +00000-0 +73612-4 0  9993
2 41378 098.8172 264.5431 0046723 037.7288 322.7141 14.06267126129740
1 41318U 12026E   18200.51624339 -.00000140 +00000-0 +00000-0 0  9998
2 41318 012.7360 005.6033 4143435 332.0755 010.6625 01.76517845016173
1 41525U 00055MZ  18204.04974028 +.00000537 +00000-0 +31119-3 0  9999
2 41525 098.8382 275.3577 0015603 163.8398 196.3275 14.13030570120567
1 41423U 00055LC  18204.43980864 +.00000479 +00000-0 +26353-3 0  9993
2 41423 098.8204 278.6653 0014828 223.4865 136.5141 14.16278913127392
1 41508U 00055MG  18204.68305557 +.00000480 +00000-0 +26677-3 0  9995
2 41508 098.8836 284.9732 0030976 290.9171 068.8688 14.15638419116869
1 41652U 00055NR  18205.43668955 +.00000523 +00000-0 +33123-3 0  9995
2 41652 098.9286 274.7985 0049265 024.7956 335.5565 14.07720427116344
1 41292U 00055GU  18203.21170374  .00000942  00000-0  42510-3 0  9997
2 41292  98.9107 297.7398 0052468 182.8952 177.1929 14.23882794134225
1 41511U 00055MK  18204.96616477 +.00000474 +00000-0 +29959-3 0  9995
2 41511 098.8793 274.0491 0028150 034.9448 325.3562 14.08738560120475
1 41655U 00055NU  18205.46680447 +.00000552 +00000-0 +29554-3 0  9996
2 41655 098.8311 282.3305 0023285 187.8583 172.2230 14.17047499117143
1 41365U 00055JJ  18203.10329536 +.00000840 +00000-0 +40847-3 0  9990
2 41365 098.8742 289.0143 0045220 244.3484 115.3018 14.20460033126942
1 41295U 00055GX  18205.14347257 +.00000187 +00000-0 +13579-3 0  9994
2 41295 098.8400 268.5599 0029738 105.7322 254.7131 14.07635684132851
1 41413U 00055KS  18205.42782107 +.00000477 +00000-0 +28926-3 0  9998
2 41413 098.8397 273.2151 0026267 125.4841 234.8786 14.10936365125721
1 41495U 00055LT  18205.37907285 +.00000582 +00000-0 +39359-3 0  9997
2 41495 098.8327 261.9275 0045137 102.7963 257.8254 14.03668620121869
1 41548U 15075J   18205.06269670 -.00000322 +00000-0 +00000-0 0  9990
2 41548 002.3564 073.3603 0383164 059.9530 303.6303 01.02194351009780
1 41279U 00055GF  18205.13228333 +.00000551 +00000-0 +36569-3 0  9997
2 41279 098.9400 274.9840 0038377 122.4267 238.0621 14.05186294132492
1 41397U 00055KA  18205.49278967 +.00000792 +00000-0 +38118-3 0  9994
2 41397 098.8637 291.6505 0045540 226.1369 133.6042 14.21141409123510
1 41322U 12026J   18201.91314585 -.00000144  00000-0  00000+0 0  9990
2 41322  12.5456   1.9628 4133166 336.6762   8.8492  1.77208911 16464
1 41528U 00055NC  18205.43808301 +.00001094 +00000-0 +58047-3 0  9994
2 41528 098.7965 272.1771 0023953 306.2944 053.6017 14.15556012120862
1 41426U 00055LF  18204.99010826 +.00000951 +00000-0 +54609-3 0  9999
2 41426 098.9489 282.4037 0025572 138.4503 221.8617 14.11594002125740
1 41514U 00055MN  18205.47868459 +.00000823 +00000-0 +39803-3 0  9991
2 41514 098.8777 291.5651 0045257 164.6615 195.5945 14.20745934117516
1 41658U 00055NX  18205.47005975 +.00000908 +00000-0 +46511-3 0  9994
2 41658 098.8953 287.5287 0034860 162.9106 197.3251 14.17719109117167
1 41368U 00055JM  18204.70395865 +.00000740 +00000-0 +40376-3 0  9994
2 41368 098.9727 292.2190 0033688 321.6577 038.2201 14.14961964128585
1 41298U 00055HA  18204.03893738 +.00000474 +00000-0 +28508-3 0  9991
2 41298 098.8768 275.5303 0058844 344.8102 015.1301 14.10734811132274
1 41416U 00055KV  18204.99512414 +.00000505 +00000-0 +27465-3 0  9993
2 41416 098.8489 282.4339 0039292 149.9774 210.3664 14.16339665124510
1 41498U 00055LW  18205.02379079 +.00000616 +00000-0 +33662-3 0  9995
2 41498 098.9219 289.5598 0013657 257.6048 102.3597 14.15724143122730
1 41642U 08067N   18203.75104293 +.00000665 +00000-0 +11821-2 0  9995
2 41642 065.1839 107.2845 5748898 030.2260 353.1010 04.27424409033375
1 41352U 00055HV  18204.46464163 +.00000690 +00000-0 +32472-3 0  9990
2 41352 098.8792 294.0756 0052020 169.1004 191.1313 14.22539330130312
1 41282U 00055GJ  18204.96352930 +.00000053 +00000-0 +65384-4 0  9997
2 41282 098.8736 254.2449 0073030 117.3132 243.5491 13.97862028131752
1 41400U 00055KD  18205.43758598 +.00000679 +00000-0 +36928-3 0  9997
2 41400 098.8443 281.3050 0020585 283.3490 076.5389 14.15551897122756
1 41343U 00055HL  18204.99325538 +.00000529 +00000-0 +29341-3 0  9992
2 41343 098.7629 271.7680 0026921 294.3661 065.4703 14.15312664128661
1 41531U 00055NF  18204.61696046 +.00000655 +00000-0 +42500-3 0  9997
2 41531 098.8564 266.7437 0036731 105.2317 255.2916 14.05749566116599
1 41429U 00055LJ  18205.46562861 +.00000532 +00000-0 +30848-3 0  9990
2 41429 098.8707 280.2580 0019098 324.3592 035.6304 14.12980888124299
1 41432U 00055LM  18205.24589744 +.00002126 +00000-0 +64466-3 0  9993
2 41432 098.8765 316.2786 0111613 100.7574 260.6200 14.39785468127831
1 41517U 00055MR  18205.07422870 +.00001508 +00000-0 +62322-3 0  9996
2 41517 098.8167 293.2059 0059887 168.2574 192.0019 14.27255646117800
1 41371U 00055JQ  18205.19540224 -.00004882 +00000-0 -22750-2 0  9991
2 41371 098.9960 294.0912 0022124 152.1664 208.0700 14.19887165136571
1 41301U 00055HD  18202.43606984  .00000501  00000-0  32099-3 0  9994
2 41301  98.8187 262.5782 0028677 114.4455 245.9711 14.07598199131892
1 41501U 00055LZ  18204.44677238 +.00001015 +00000-0 +42799-3 0  9998
2 41501 098.7192 282.5787 0059750 169.5193 190.7248 14.26897992123899
1 41645U 08067R   18205.36442743 -.00000710 +00000-0 -66928-2 0  9993
2 41645 065.2068 132.7097 5661636 042.7405 349.5003 04.14947276032152
1 41355U 00055HY  18205.43662754 +.00000979 +00000-0 +53282-3 0  9999
2 41355 098.8769 279.3450 0010664 152.7708 207.4026 14.14579659129457
1 41285U 00055GM  18205.03308378 +.00000452 +00000-0 +26974-3 0  9990
2 41285 098.8605 276.5452 0059217 333.8307 025.9875 14.11426538133165
1 41403U 00055KG  18205.08478705 +.00000797 +00000-0 +39933-3 0  9990
2 41403 098.8751 289.3316 0029776 227.7516 132.1133 14.19325142127269
1 41346U 00055HP  18204.30499919 +.00000074 +00000-0 +96268-4 0  9993
2 41346 098.8039 226.5453 0166058 168.9436 191.5440 13.81231413126210
1 41534U 00055NJ  18205.04483634 +.00000706 +00000-0 +44093-3 0  9991
2 41534 098.8975 272.2484 0029140 115.6980 244.7203 14.07794353115260
1 41406U 00055KK  18204.47352613 +.00000847 +00000-0 +39237-3 0  9997
2 41406 098.8847 295.1203 0046983 190.5147 169.5053 14.22912766125793
1 41349U 00055HS  18205.47632837 +.00000851 +00000-0 +40152-3 0  9996
2 41349 098.8941 295.8454 0043916 222.2388 137.5403 14.22025782130975
1 41537U 00055NM  18205.45456705 -.00000477 +00000-0 -23101-3 0  9992
2 41537 098.8624 281.2018 0004993 258.5994 101.4618 14.13234244129289
1 41444U 16012N   18204.83526686 +.00004179 +00000-0 +25843-3 0  9992
2 41444 031.0041 049.1115 0009306 121.8494 238.3051 15.08094361127689
1 41272U 00055FY  18205.41561782 +.00000577 +00000-0 +36400-3 0  9991
2 41272 098.8943 273.9176 0032813 041.5121 318.8532 14.07904220132875
1 41520U 00055MU  18205.42316460 +.00000835 +00000-0 +49217-3 0  9996
2 41520 098.9309 278.2203 0055917 001.1629 358.9661 14.09916989116172
1 41374U 00055JT  18205.44097744 +.00000165 +00000-0 +12548-3 0  9999
2 41374 098.8956 272.6991 0038389 050.1969 310.2569 14.06478377128782
1 41304U 00055HG  18204.02286214 +.00000813 +00000-0 +49998-3 0  9996
2 41304 099.0427 287.1969 0051797 168.2851 191.9536 14.07851187132100
1 41419U 00055KY  18204.99528647 +.00000726 +00000-0 +42818-3 0  9995
2 41419 098.8977 275.8775 0023841 114.5692 245.7967 14.10909477124229
1 41504U 00055MC  18202.39207685 +.00000421 +00000-0 +27369-3 0  9994
2 41504 098.8989 270.7305 0035428 044.7868 315.6152 14.07639325123605
1 41358U 00055JB  18203.13225266  .00000428  00000-0  25250-3 0  9993
2 41358  98.8232 273.3183 0017801 329.0432  30.9690 14.13020111127216
1 41288U 00055GQ  18204.40973398 +.00000798 +00000-0 +51097-3 0  9990
2 41288 098.9571 274.0949 0042313 129.2247 231.2689 14.05805301132463
1 41409U 00055KN  18204.41323592 +.00000650 +00000-0 +34549-3 0  9991
2 41409 098.7896 275.6924 0036596 288.7678 070.9527 14.16659535125303
1 41540U 00055NQ  18205.42215629 +.00000085 +00000-0 +77707-4 0  9996
2 41540 098.8788 270.5101 0039103 054.6180 305.8631 14.06025742116959
1 41491U 00055LP  18204.31819671 +.00001015 +00000-0 +76104-3 0  9998
2 41491 098.9104 250.0325 0113415 175.8728 184.3395 13.93742155121649
1 41544U 15075E   18205.04197361 -.00000124 +00000-0 +00000-0 0  9991
2 41544 001.9306 092.8882 0292906 083.3943 279.5138 01.05679963009745
1 41275U 00055GB  18205.42477273 +.00000350 +00000-0 +22040-3 0  9990
2 41275 098.8306 271.8129 0025782 123.3517 237.0126 14.10468692133156
1 41377U 00055JW  18205.44191191 +.00000539 +00000-0 +31145-3 0  9992
2 41377 098.9024 283.6200 0024730 333.0313 026.9572 14.13129961130652
1 41307U 00055HK  18205.46987317 +.00000995 +00000-0 +53703-3 0  9990
2 41307 098.9320 287.1946 0021222 323.6796 036.2935 14.14915706132765
1 41422U 00055LB  18205.46853591 +.00000496 +00000-0 +30033-3 0  9991
2 41422 098.8840 278.2983 0019813 135.2861 224.9911 14.10941209126029
1 41648U 08067U   16256.32863924 -.00004794  00000-0 -30016+0 0  9996
2 41648  64.8281 353.6398 5416086  72.9197 337.6300  4.13243737  3757
1 41507U 00055MF  18205.06390729 +.00000803 +00000-0 +41086-3 0  9992
2 41507 098.8935 288.7861 0021863 206.5285 153.4772 14.18264521121130
1 41651U 08067X   16274.43082585 -.00000048  00000-0  00000+0 0  9995
2 41651  64.8611 347.9234 5382139  70.2204 338.8755  4.13828431  4493
1 41361U 00055JE  18205.42705870 +.00000103 +00000-0 +89158-4 0  9993
2 41361 098.8698 267.9391 0040638 129.1735 231.3054 14.05516036125952
1 41291U 00055GT  18203.22816995  .00000999  00000-0  44352-3 0  9991
2 41291  98.9385 301.6003 0053049 203.1979 156.6804 14.24589502136972
1 41654U 00055NT  18204.96165964 +.00000401 +00000-0 +23849-3 0  9995
2 41654 098.8024 271.5496 0048008 145.6653 214.7638 14.12311043116624
1 41364U 00055JH  18205.42976789 +.00000621 +00000-0 +36019-3 0  9997
2 41364 098.8047 271.6794 0019167 138.3371 221.9264 14.12347272127034
1 41294U 00055GW  18205.07841050 +.00001058 +00000-0 +53250-3 0  9993
2 41294 098.8596 283.9124 0025884 182.1404 177.9664 14.18422378134089
1 41412U 00055KR  18203.01014752 +.00000537 +00000-0 +33966-3 0  9991
2 41412 098.7676 258.0500 0029300 056.3618 304.0341 14.08031134124287
1 41494U 00055LS  18205.50939826 +.00000794 +00000-0 +38214-3 0  9991
2 41494 098.8862 293.6943 0037906 197.5166 162.4705 14.21289390121504
1 41547U 15075H   18203.98774999 -.00000036 +00000-0 +00000-0 0  9995
2 41547 001.9459 097.5976 0266672 044.2547 317.4129 01.03189569009489
1 41278U 00055GE  18204.46150825 +.00001502 +00000-0 +66700-3 0  9998
2 41278 098.8592 291.3785 0044384 181.0188 179.0907 14.23986820134116
1 41524U 00055MY  16240.00441139  .00000241  00000-0  13866-3 0  9995
2 41524  98.8815 311.1021 0033454  61.3223 299.1308 14.18105262 17945
1 41396U 00055JZ  18204.54140764 +.00001668 +00000-0 +46736-3 0  9999
2 41396 098.8504 319.6242 0124942 093.3583 268.1907 14.42987453131059
1 41320U 12026G   18205.34112715 -.00000159 +00000-0 +00000-0 0  9997
2 41320 012.6826 004.5928 4159579 333.0872 010.1802 01.76040658016568
1 41527U 00055NB  18204.06534497 +.00001096 +00000-0 +48554-3 0  9997
2 41527 098.9899 306.9725 0051190 214.7111 145.0724 14.24582787122510
1 41425U 00055LE  18204.21147949 +.00001014 +00000-0 +44139-3 0  9998
2 41425 098.9200 301.9154 0056817 199.9195 159.9766 14.25445125127599
1 41510U 00055MJ  18205.04293244 +.00000389 +00000-0 +23506-3 0  9994
2 41510 098.8903 280.5536 0028052 339.1282 020.8742 14.12240998120729
1 41513U 00055MM  18205.40553097 +.00000133 +00000-0 +11573-3 0  9990
2 41513 098.8435 256.9909 0068190 111.1191 249.7281 14.00293094119604
1 41657U 00055NW  18205.43735747 +.00000504 +00000-0 +28721-3 0  9991
2 41657 098.7999 274.0582 0017152 158.7448 201.4440 14.14081019116751
1 41367U 00055JL  18205.10727203 +.00000984 +00000-0 +47276-3 0  9999
2 41367 098.9353 296.8370 0053779 254.8279 104.6945 14.20511850127650
1 41297U 00055GZ  18205.38656178 +.00000871 +00000-0 +62594-3 0  9998
2 41297 098.9862 267.0011 0074575 156.5313 203.9283 13.98258728131360
1 41415U 00055KU  18205.04270546 +.00000488 +00000-0 +27785-3 0  9991
2 41415 098.8560 280.3216 0007839 201.1929 158.8920 14.14475345124352
1 41497U 00055LV  18184.42258086 -.00000078  00000-0 -21120-4 0  9999
2 41497  98.8436 248.1699 0039304 101.2646 259.2943 14.05935320119167
1 41562U 08067L   18203.85620017 +.00000118 +00000-0 +87546-3 0  9995
2 41562 065.0776 125.3891 5727813 023.8944 354.5284 04.20230073035542
1 41351U 00055HU  18205.39586628 +.00000417 +00000-0 +25991-3 0  9998
2 41351 098.7930 267.7342 0014318 122.1933 238.0628 14.10159179130451
1 41281U 00055GH  18204.39729803 +.00001177 +00000-0 +74870-3 0  9997
2 41281 098.8988 267.8093 0041755 103.5008 257.0817 14.05231009132317
1 41399U 00055KC  18205.13994625 +.00000038 +00000-0 +50348-4 0  9996
2 41399 098.8900 267.8755 0048467 068.0441 292.5867 14.04142393127813
1 41324U 12026L   18198.58489399 -.00000128  00000-0  00000+0 0  9998
2 41324  12.6514   2.3944 4139661 339.3296   7.7812  1.79763131 16361
1 41530U 00055NE  18205.08906586 +.00001235 +00000-0 +45883-3 0  9993
2 41530 098.7609 294.4940 0096884 190.4272 169.4903 14.31385704117654
1 41428U 00055LH  18205.47791037 +.00000593 +00000-0 +32675-3 0  9996
2 41428 098.8778 284.3214 0021055 173.6878 186.4564 14.15302675124482
1 41431U 00055LL  18205.51961065 +.00002309 +00000-0 +91311-3 0  9994
2 41431 098.9661 310.9347 0061440 186.8628 173.1718 14.28958870129805
1 41516U 00055MQ  18204.05507517 +.00000492 +00000-0 +27273-3 0  9991
2 41516 098.8264 278.3146 0017365 192.7772 167.2964 14.15724091116630
1 41370U 00055JP  18205.51957990 +.00001197 +00000-0 +43451-3 0  9994
2 41370 098.8813 310.0728 0091587 161.9133 198.5344 14.32901377138248
1 41300U 00055HC  18204.96112661 +.00000556 +00000-0 +37822-3 0  9996
2 41300 098.8856 266.7435 0048810 078.6718 281.9927 14.03481262131605
1 41500U 00055LY  18204.47673743 +.00000977 +00000-0 +46374-3 0  9996
2 41500 098.9554 299.7562 0045350 246.1168 113.5253 14.21373530123103
1 41644U 08067Q   18203.79968255 +.00020892 +00000-0 +12913+0 0  9991
2 41644 065.2768 109.6552 5583462 046.4258 348.1722 04.33501322033191
1 41354U 00055HX  18205.44157609 +.00000279 +00000-0 +18325-3 0  9999
2 41354 098.8612 274.6602 0023400 018.0428 342.1568 14.09855035128114
1 41284U 00055GL  18204.32697496 +.00000624 +00000-0 +49444-3 0  9990
2 41284 098.8382 243.2848 0097006 163.2859 197.1537 13.92743525131162
1 41402U 00055KF  18202.95688174 +.00000543 +00000-0 +35908-3 0  9992
2 41402 098.8568 264.5763 0038120 128.0569 232.4049 14.05426316125649
1 41345U 00055HN  18205.53174832 +.00002210 +00000-0 +78681-3 0  9994
2 41345 098.8531 306.0088 0080082 151.3742 209.1873 14.33535286130542
1 41533U 00055NH  18204.06092003 +.00001724 +00000-0 +58578-3 0  9991
2 41533 098.8082 303.6647 0099444 169.6100 190.7172 14.35187926118075
1 41405U 00055KJ  18205.44761236 +.00000823 +00000-0 +47354-3 0  9992
2 41405 098.9053 279.3971 0015970 015.7521 344.4144 14.11982755125084
1 41348U 00055HR  18205.41108738 +.00000815 +00000-0 +45135-3 0  9993
2 41348 098.8470 275.3048 0042605 144.4357 215.9669 14.13643921128320
1 41536U 00055NL  18205.42792360 +.00000549 +00000-0 +29977-3 0  9993
2 41536 098.8435 282.2625 0015818 223.7997 136.1923 14.16165193129517
1 41439U 16012H   18204.88282040 +.00002407 +00000-0 +15996-3 0  9994
2 41439 031.0079 059.6317 0011358 084.4276 275.7656 15.04850894127577
1 41271U 00055FX  18205.50502849 +.00001445 +00000-0 +55929-3 0  9991
2 41271 098.7962 296.2496 0072263 156.7911 203.6561 14.30196997136402
1 41519U 00055MT  18204.98932967 +.00001141 +00000-0 +61091-3 0  9995
2 41519 098.8670 278.3137 0020941 148.1160 212.1286 14.15018613116996
1 41373U 00055JS  18204.07207941 +.00000683 +00000-0 +34774-3 0  9998
2 41373 098.8726 287.8460 0028758 232.3175 127.5392 14.18947607129714
1 41303U 00055HF  18205.57065020 +.00001858 +00000-0 +60008-3 0  9991
2 41303 098.9991 327.7758 0106105 164.3555 196.0952 14.37260556134716
1 41418U 00055KX  18205.06990758 +.00000917 +00000-0 +43377-3 0  9992
2 41418 098.9546 300.9757 0040808 208.6842 151.2090 14.21824817124858
1 41503U 00055MB  18203.99905849 +.00000797 +00000-0 +38759-3 0  9998
2 41503 098.8071 283.1058 0037149 229.3982 130.3961 14.20750316123260
1 41647U 08067T   18201.06624234  .00000021  00000-0  00000+0 0  9994
2 41647  64.5233 150.3715 5110193  53.4464 343.5096  4.12097386 31638
1 41357U 00055JA  18205.59369687 +.00000057 +00000-0 +71763-4 0  9999
2 41357 098.9117 255.2917 0088720 130.7140 230.1771 13.94301256126856
1 41287U 00055GP  18205.42097449 +.00000259 +00000-0 +18834-3 0  9990
2 41287 098.9012 267.1830 0043788 103.7760 256.8286 14.04371195132394
1 41408U 00055KM  18205.05415584 +.00000526 +00000-0 +29364-3 0  9995
2 41408 098.8525 281.2956 0013149 263.1483 096.8195 14.15149121125638
1 41539U 00055NP  18205.06891714 +.00000710 +00000-0 +36061-3 0  9991
2 41539 098.8385 284.9368 0028877 202.0242 157.9695 14.18913317126996
1 41447U 16012R   18204.76967070 +.00004128 +00000-0 +26098-3 0  9990
2 41447 031.0019 053.4724 0007121 128.1930 231.9349 15.07293301127637
1 41274U 00055GA  18205.46765818 +.00001383 +00000-0 +58427-3 0  9993
2 41274 098.8129 292.2448 0066828 217.5773 142.0726 14.26045963134628
1 41522U 00055MW  18205.01053492 +.00001070 +00000-0 +53193-3 0  9996
2 41522 098.8834 287.4785 0031380 174.1864 185.9682 14.18975456116853
1 41376U 00055JV  18205.18349461 +.00000511 +00000-0 +28660-3 0  9995
2 41376 098.8577 281.6576 0020223 293.5156 066.3892 14.14940342130013
1 41306U 00055HJ  18205.51820847 +.00001314 +00000-0 +50319-3 0  9995
2 41306 098.8919 307.3666 0081844 180.1409 179.9763 14.30502489134421
1 41523U 00055MX  18204.42185122 +.00000528 +00000-0 +31674-3 0  9994
2 41523 098.8889 278.4856 0010453 026.9592 333.2120 14.11304794115963
1 41421U 00055LA  18204.49796077 +.00001104 +00000-0 +50775-3 0  9999
2 41421 098.9031 295.7840 0053765 231.4604 128.1748 14.22517196125080
1 41506U 00055ME  18205.09009893 +.00001189 +00000-0 +50008-3 0  9995
2 41506 098.8002 290.8742 0061103 160.2032 200.1539 14.26703609131005
1 41650U 08067W   17023.20705350 -.23003682  00000-0  10000-3 0  9991
2 41650  65.3197 315.1788 5456152  63.0078 341.9668  4.14448087  3734
1 41360U 00055JD  18205.47244800 +.00000514 +00000-0 +29891-3 0  9991
2 41360 098.9217 285.3394 0028003 338.0540 021.9431 14.12979500128236
1 41290U 00055GS  18205.22989345 +.00001102 +00000-0 +54817-3 0  9996
2 41290 098.9878 299.2724 0028633 227.0718 132.8054 14.18972185133737
1 41653U 00055NS  18205.46419481 +.00000680 +00000-0 +37177-3 0  9994
2 41653 098.8886 285.2408 0007856 253.5187 106.5123 14.15383083117085
1 41363U 00055JG  18205.05801319 +.00000925 +00000-0 +45622-3 0  9998
2 41363 098.8953 290.7461 0028882 197.7357 162.2813 14.19750257127483
1 41293U 00055GV  18203.96928278 +.00000739 +00000-0 +47176-3 0  9991
2 41293 098.9302 271.0039 0036889 115.0425 245.4580 14.06309758132430
1 41411U 00055KQ  18202.44368201 +.00000536 +00000-0 +28864-3 0  9997
2 41411 098.8628 282.5288 0019768 218.0840 141.8938 14.16984345126056
1 41543U 15075D   18164.60298571 -.00000071  00000-0  00000+0 0  9991
2 41543   1.8989  89.4580 0255446  84.9323 277.2250  1.05295050  9251
1 41493U 00055LR  18205.47153863 +.00000719 +00000-0 +35653-3 0  9996
2 41493 098.8608 289.5622 0036457 224.6574 135.1664 14.20052696121297
1 41546U 15075G   18169.29508099 -.00000233  00000-0  00000+0 0  9993
2 41546   1.8511  97.3894 0239807  66.5345 295.2944  1.04639986  9242
1 41277U 00055GD  18205.51804254 +.00000911 +00000-0 +43484-3 0  9993
2 41277 098.9041 295.4585 0048787 234.8533 124.8067 14.21161459134228
1 41379U 00055JY  18205.46586148 +.00000691 +00000-0 +34672-3 0  9993
2 41379 098.8376 286.6891 0034661 183.7826 176.3093 14.19590659130969
1 41319U 12026F   18201.84757312 -.00000146  00000-0  00000+0 0  9999
2 41319  12.7430   5.6095 4136181 332.2555  10.6112  1.76694286 16570
1 41526U 00055NA  18205.51186563 +.00000848 +00000-0 +43031-3 0  9993
2 41526 098.9366 294.6014 0030327 258.2302 101.5471 14.18483973121162
1 41424U 00055LD  18205.49365733 +.00000519 +00000-0 +28424-3 0  9999
2 41424 098.9095 288.9201 0032334 174.3785 185.7758 14.16064175124628
1 41509U 00055MH  18205.44856240 +.00000516 +00000-0 +29736-3 0  9990
2 41509 098.8805 281.8543 0019382 321.4349 038.5438 14.13453665120731
1 41512U 00055ML  18205.20454490 +.00000757 +00000-0 +35579-3 0  9998
2 41512 098.8840 295.2625 0045698 185.4038 174.6652 14.22513622121603
1 41656U 00055NV  18205.46176284 +.00001015 +00000-0 +57215-3 0  9996
2 41656 098.9029 278.9501 0010860 030.8814 329.2994 14.12567475116662
1 41366U 00055JK  18204.99611484 +.00000732 +00000-0 +48240-3 0  9990
2 41366 098.9803 274.5086 0049532 132.8451 227.6894 14.04337133126228
1 41296U 00055GY  18205.41042456 +.00000491 +00000-0 +31782-3 0  9992
2 41296 098.9062 274.8831 0030645 058.3942 302.0211 14.07233543132052
1 41414U 00055KT  18205.06247622 +.00001211 +00000-0 +52834-3 0  9999
2 41414 098.9666 304.5243 0070316 231.6558 127.8287 14.24536426126043
1 41496U 00055LU  18205.17091209 +.00000650 +00000-0 +34629-3 0  9997
2 41496 098.8363 282.1539 0020643 244.9740 114.9290 14.16780709123104
1 41561U 08067K   18203.67633523 +.00014865 +00000-0 +83181-1 0  9993
2 41561 065.2852 098.1497 5482945 035.9925 350.8262 04.49051416037566
1 41280U 00055GG  18204.92617915 +.00000494 +00000-0 +33008-3 0  9994
2 41280 098.7812 257.6468 0035589 096.9928 263.5290 14.05177206132650
1 41398U 00055KB  18205.48382123 +.00000638 +00000-0 +34310-3 0  9993
2 41398 098.8648 284.7948 0019677 254.6171 105.2829 14.16407339124145
1 41323U 12026K   18204.02555239 -.00000151 +00000-0 +00000-0 0  9998
2 41323 012.4964 000.2726 4159264 339.6126 007.6187 01.77769257016567
1 41529U 00055ND  18204.41612600 +.00000065 +00000-0 +68222-4 0  9991
2 41529 098.8853 265.9926 0044465 116.1019 244.4733 14.03531529119758
1 41427U 00055LG  18205.41376152 +.00000835 +00000-0 +52974-3 0  9999
2 41427 098.9648 275.8729 0040824 075.7214 284.8483 14.06270492123455
1 41515U 00055MP  18203.47944065 +.00001717 +00000-0 +85738-3 0  9999
2 41515 099.0228 297.8114 0013917 263.7508 096.2081 14.18173407116732
1 41659U 00055NY  18205.47292537 +.00000646 +00000-0 +35658-3 0  9996
2 41659 098.8959 284.7181 0020545 177.8972 182.2291 14.14963326116814
1 41369U 00055JN  18204.44910902 +.00001062 +00000-0 +57522-3 0  9990
2 41369 098.8438 274.5270 0029656 145.2808 215.0308 14.14428211129298
1 41299U 00055HB  18205.03445267 +.00000367 +00000-0 +23814-3 0  9999
2 41299 098.8774 273.0754 0052250 008.8151 351.3924 14.08086414132105
1 41417U 00055KW  18205.45110247 +.00000489 +00000-0 +28448-3 0  9997
2 41417 098.8724 280.4742 0021760 322.3728 037.5921 14.13148600124302
1 41499U 00055LX  18205.02446378 +.00000658 +00000-0 +35960-3 0  9992
2 41499 098.8040 274.5854 0041107 312.8767 046.8957 14.15048922122639
1 41643U 08067P   18203.89242537 -.00000029 +00000-0 +00000-0 0  9995
2 41643 064.7455 138.8832 5304961 053.4949 344.5162 04.13440745032323
1 41353U 00055HW  18205.41350217 +.00000519 +00000-0 +31804-3 0  9999
2 41353 098.8789 276.2100 0027402 011.3968 348.7817 14.09981974128100
1 41283U 00055GK  18205.57586125 +.00000220 +00000-0 +18240-3 0  9995
2 41283 098.8255 251.6479 0071021 119.1611 241.6684 13.97332122132721
1 41401U 00055KE  18204.94327460 +.00000461 +00000-0 +29501-3 0  9991
2 41401 098.8156 266.0443 0026051 110.0499 250.3478 14.08107831127846
1 41344U 00055HM  18204.05627019 +.00000846 +00000-0 +42006-3 0  9994
2 41344 099.0135 302.3042 0034086 206.7539 153.1879 14.19604103128703
1 41532U 00055NG  18205.44528992 +.00000468 +00000-0 +26319-3 0  9996
2 41532 098.8550 282.1575 0014168 181.2438 178.8702 14.15287473116710
1 41430U 00055LK  18205.09853906 +.00000856 +00000-0 +40853-3 0  9990
2 41430 098.9190 296.8082 0049230 240.3536 119.2733 14.21319169129933
