1 38113U 99025EPJ 18204.39908887 +.00001229 +00000-0 +76069-3 0  9993
2 38113 098.4450 271.9156 0137569 228.0308 130.9073 14.02371533437773
1 37907U 99025ENG 18199.90153034  .00000692  00000-0  45697-3 0  9995
2 37907  99.1502 248.4517 0079988 182.3805 177.6991 14.03591701451947
1 37911U 99025ENL 18203.51849254  .00000502  00000-0  43052-3 0  9992
2 37911  99.4473 230.5389 0158504 156.0954 204.7666 13.86082488392128
1 37724U 99025EMR 11306.62176740 +.00009552 +00000-0 +23297-2 0  9998
2 37724 099.2120 082.9056 0194041 296.8344 064.1473 14.42097830099453
1 37573U 08026E   18205.52502199 +.00000124 +00000-0 +13274-3 0  9997
2 37573 098.7070 048.2387 0224836 307.1044 079.7575 13.79573878493941
1 37734U 11030E   18205.38899633 +.00000496 +00000-0 +11358-3 0  9994
2 37734 097.9284 177.4432 0089206 145.2974 008.0469 14.57295649373833
1 37692U 99025ELH 18205.01118146 +.00001161 +00000-0 +45445-3 0  9994
2 37692 098.9102 284.1028 0003471 314.0836 171.5713 14.31490007246739
1 38056U 93036BRN 18205.15624214 +.00000180 +00000-0 +16000-3 0  9993
2 38056 073.9239 110.7879 0332876 258.4088 097.9493 13.69412601271930
1 37696U 99025ELM 14033.00200173 +.00003561 +00000-0 +13144-2 0  9990
2 37696 099.6773 319.1109 0043891 251.5824 118.7452 14.32681301228953
1 37700U 99025ELR 11197.30896769 +.00000229 +00000-0 +15364-3 0  9994
2 37700 099.0488 213.9414 0030867 282.6088 077.5297 14.10480862128911
1 37998U 93036BQZ 18204.57242003 +.00000217 +00000-0 +81200-4 0  9990
2 37998 074.0384 177.2989 0022988 200.2307 159.7938 14.37337376254490
1 37704U 99025ELV 18205.42947500 +.00000373 +00000-0 +40893-3 0  9993
2 37704 098.3373 008.3772 0255217 162.6131 227.6485 13.64176415255212
1 38136U 99025EQH 18205.33886136 +.00000515 +00000-0 +45210-3 0  9996
2 38136 098.5800 232.4261 0152955 292.7498 065.7558 13.84498139446472
1 37929U 99025EPE 18205.11702654 +.00001035 +00000-0 +15965-3 0  9995
2 37929 098.9802 175.2215 0169878 324.4766 034.5218 14.66889133424060
1 37707U 99025ELY 18205.21895000 +.00000309 +00000-0 +93005-4 0  9993
2 37707 100.2049 339.1440 0170718 209.6591 272.3073 14.44232320470305
1 37596U 99025EKQ 18204.89458510 +.00000643 +00000-0 +33216-3 0  9991
2 37596 098.9918 244.3641 0031641 171.4132 312.7780 14.18389010505995
1 38139U 99025EQL 18198.02597640  .00003645  00000-0  63007-3 0  9996
2 38139  99.1267 128.7016 0021121 250.6818 109.2100 14.68992286499079
1 37958U 93036BPH 18204.83142194 +.00005998 +00000-0 +42162-3 0  9999
2 37958 074.0084 250.2338 0009787 301.6580 058.3655 15.05288572202496
1 37600U 99025EKU 18204.71973518 +.00000068 +00000-0 +82967-4 0  9997
2 37600 098.9370 176.7863 0436810 268.2982 086.8096 13.57318833516800
1 37685U 99025ELA 18205.31423819 +.00001431 +00000-0 +86629-3 0  9994
2 37685 098.0113 027.1854 0213686 235.1232 250.8793 13.97099947432511
1 38116U 99025EPM 18179.32582385  .00000070  00000-0  60675-4 0  9991
2 38116  98.9931 206.5330 0073937 325.0200  91.6698 14.12613295461239
1 37723U 99025EMQ 14355.03762966 +.00014247 +00000-0 +59639-2 0  9996
2 37723 099.0687 077.8430 0158535 202.7029 284.1920 14.19570543308940
1 37914U 99025ENP 18202.00424159  .00000226  00000-0  16086-3 0  9991
2 37914  98.9878 134.7757 0078533 347.8044  12.1221 14.05970298501274
1 37579U 99025EKC 18203.27283027 +.00000525 +00000-0 +30522-3 0  9998
2 37579 099.3343 015.7145 0038513 037.7675 322.6187 14.12957947213006
1 37768U 11039D   18205.60639231 +.00000358 +00000-0 +13916-3 0  9990
2 37768 098.2374 249.0466 0150908 210.0831 302.9849 14.29472544363958
1 37695U 99025ELL 18204.45599631 +.00000404 +00000-0 +28444-3 0  9995
2 37695 098.2328 276.8993 0492689 205.5970 216.9938 13.56186385525987
1 38060U 93036BRS 18204.12755141 +.00000176 +00000-0 +47524-4 0  9999
2 38060 074.0454 013.8007 0069085 087.2071 273.6996 14.53789201326660
1 37699U 99025ELQ 18205.34082388 +.00000555 +00000-0 +43067-3 0  9999
2 37699 097.9827 013.8929 0123549 311.9231 165.4517 13.92555675191530
1 38004U 93036BRF 18205.47997302 +.00001102 +00000-0 +30406-3 0  9993
2 38004 074.0349 126.4824 0022672 125.2575 235.0710 14.47838681463918
1 38017U 97051YD  18202.95482619 +.00001715 +00000-0 +92489-3 0  9997
2 38017 086.3550 194.2928 0191218 346.7485 012.8707 14.03377901232425
1 37969U 93036BPU 18205.36644228 +.00000975 +00000-0 +47501-3 0  9997
2 37969 073.9872 094.7841 0169393 177.7485 182.4458 14.12225977131765
1 37712U 99025EMD 18181.50759528  .00000115  00000-0  59278-4 0  9997
2 37712  98.6732 274.5758 0088714  66.3842 357.9252 14.29845179514960
1 38143U 99025EQQ 18204.21280985 +.00000386 +00000-0 +28552-3 0  9996
2 38143 099.2707 206.6820 0060389 106.1002 254.6822 14.00574922393373
1 37961U 93036BPL 18205.20562206 +.00000309 +00000-0 +98493-4 0  9995
2 37961 074.0479 134.7616 0054425 171.2885 188.9230 14.43054666411252
1 37722U 99025EMP 15349.93456858  .00003718  00000-0  60635-3 0  9998
2 37722  98.3105  33.9246 0167915  25.5965 335.4079 14.61976061300619
1 37688U 99025ELD 18205.07478556 +.00001042 +00000-0 +52713-3 0  9993
2 37688 099.0492 247.0041 0049055 299.7713 059.8586 14.17837300501063
1 38121U 99025EPS 18164.48117789  .00000395  00000-0  19297-3 0  9993
2 38121  98.9769 255.5428 0233385 312.2818  45.8772 14.10611464452210
1 37918U 99025ENT 18204.24784687 +.00000224 +00000-0 +11045-3 0  9996
2 37918 099.1261 017.5233 0062671 167.1315 193.1480 14.26412455654673
1 37582U 99057SX  18204.81601331 +.00002122 +00000-0 +33829-3 0  9998
2 37582 098.3145 204.5933 0006293 257.5744 102.4759 14.73039891272843
1 37850U 93036BPE 18204.65504472 +.00001010 +00000-0 +31262-3 0  9991
2 37850 074.0115 199.7298 0046995 190.8921 169.1222 14.41903260353049
1 38063U 93036BRV 18204.41960190 +.00001394 +00000-0 +17683-3 0  9991
2 38063 074.0207 214.0236 0086719 273.9190 085.2076 14.80219741393428
1 37897U 99025EMW 14224.27620123 +.00001729 +00000-0 +87439-3 0  9998
2 37897 098.8992 244.6642 0019329 285.3010 084.7434 14.17394333328047
1 38020U 97051YG  18203.17458235 +.00002111 +00000-0 +92552-3 0  9995
2 38020 086.3140 166.5940 0177006 238.7457 119.6285 14.15275302456484
1 37974U 93036BPZ 18204.19273266 +.00002236 +00000-0 +98236-4 0  9997
2 37974 074.0166 273.6717 0083093 308.5104 050.8661 15.19592565209165
1 37715U 99025EMG 18204.88568494 +.00000201 +00000-0 +18297-3 0  9998
2 37715 099.1739 236.5341 0116565 273.3565 212.3559 13.91919057450564
1 37984U 93036BQK 18179.85201511  .00006113  00000-0  48315-3 0  9996
2 37984  73.8774 245.4144 0035793 213.8686 146.0215 15.00382035449041
1 38124U 99025EPV 18204.23081791 +.00000054 +00000-0 +10134-3 0  9990
2 38124 097.7873 012.3462 0360761 090.1251 274.1217 13.39856023522351
1 38129U 99025EQA 18204.13861698 +.00001132 +00000-0 +86956-3 0  9999
2 38129 097.9792 341.8252 0134012 010.5905 349.8031 13.90683112411574
1 37921U 99025ENW 18202.90511707 +.00000192 +00000-0 +17564-3 0  9998
2 37921 099.3391 219.1970 0083428 244.9868 114.2612 13.93797987255128
1 37588U 99025EKG 18132.06179664  .00000343  00000-0  24402-3 0  9995
2 37588  98.1533  60.6723 0097557  45.1476  12.1669 14.00751803525923
1 37896U 99025EMV 18204.70990273 +.00005334 +00000-0 +20379-3 0  9999
2 37896 098.5758 117.3703 0138543 170.5677 189.8207 15.18613612233418
1 37592U 99025EKL 11268.98902868 +.00003321 +00000-0 +10807-2 0  9996
2 37592 098.9040 338.7609 0104341 002.3315 358.4180 14.36408548142044
1 38066U 93036BRY 18205.58410207 +.00002395 +00000-0 +43534-3 0  9998
2 38066 074.0249 057.0766 0019516 073.2370 287.0939 14.66621077331168
1 37900U 99025EMZ 18162.43987539  .00000408  00000-0  31707-3 0  9993
2 37900 102.3229  33.6643 0252947 337.8838  21.1547 13.87120694443589
1 38067U 93036BRZ 18204.74568377 +.00000114 +00000-0 +33006-4 0  9999
2 38067 074.0212 355.0030 0078871 089.7925 329.3245 14.53843917232830
1 37903U 99025ENC 18203.42265761  .00000898  00000-0  52487-3 0  9998
2 37903  98.1791  11.3621 0335202 329.3088  28.8837 13.85888304534625
1 38024U 97051YL  18201.73260729  .00001780  00000-0  62562-3 0  9997
2 38024  86.4833 197.6861 0127119 346.0040  13.7641 14.30023978462424
1 37978U 93036BQD 18205.01530682 +.00000489 +00000-0 +94060-4 0  9990
2 37978 074.0743 329.9068 0090471 346.5866 013.2896 14.64021293270322
1 37719U 99025EML 18205.36773212 +.00000380 +00000-0 +14982-3 0  9997
2 37719 099.4877 264.9197 0061647 173.4717 248.1800 14.34543007283787
1 38030U 97051YS  18205.53017394 +.00003822 +00000-0 +86580-3 0  9999
2 38030 086.3645 132.1181 0084507 105.0431 256.0147 14.53672778391708
1 37988U 93036BQP 18204.34083125 +.00000351 +00000-0 +93182-4 0  9993
2 37988 074.0689 080.4274 0089555 101.7218 259.4008 14.49967932841520
1 37994U 93036BQV 18205.37181997 +.00000134 +00000-0 +56147-4 0  9999
2 37994 074.0366 190.4275 0025788 214.8096 145.1370 14.34933795383449
1 38132U 99025EQD 18198.98575853  .00002505  00000-0  11400-2 0  9999
2 38132  99.2446 258.1850 0188142 213.7931 145.1133 14.13742924454099
1 37925U 99025EPA 18204.10404927 +.00000432 +00000-0 +12510-3 0  9994
2 37925 099.0905 157.5743 0095537 197.2433 162.5505 14.47571518428001
1 37591U 99025EKK 18203.93669159 +.00001242 +00000-0 +71738-3 0  9990
2 37591 098.4277 260.5362 0144847 225.1048 259.7116 14.05578366477080
1 38110U 99025EPF 18203.90070694 +.00000213 +00000-0 +17054-3 0  9993
2 38110 098.1423 073.6485 0204859 304.7101 109.8963 13.90339426413283
1 37906U 99025ENF 18198.13182009  .00000069  00000-0  10459-3 0  9998
2 37906  99.5389 158.7427 0165396 259.2391 163.9590 13.77654708463920
1 37910U 99025ENK 11342.39379115 +.00001655 +00000-0 +80677-3 0  9992
2 37910 099.0321 038.8017 0052026 234.5672 125.0257 14.18838118153810
1 37733U 11030D   18205.46054688 +.00000283 +00000-0 +11417-3 0  9995
2 37733 098.2699 205.6699 0154494 156.7398 358.2212 14.28531111367085
1 37691U 99025ELG 16103.38862251  .00001294  00000-0  83699-3 0  9991
2 37691  98.9357 171.3818 0041059 268.9962  90.7084 14.02387929358031
1 38055U 93036BRM 18205.36533352 +.00000191 +00000-0 +46334-4 0  9993
2 38055 074.0189 339.1541 0091302 057.3715 334.1213 14.57468855212499
1 37997U 93036BQY 18204.67220176 +.00001143 +00000-0 +36481-3 0  9996
2 37997 074.0115 216.4089 0053030 201.0573 158.8399 14.40051531472756
1 37703U 99025ELU 18204.24008481 +.00000835 +00000-0 +37564-3 0  9991
2 37703 099.1435 006.0091 0053311 202.6759 284.6970 14.24475086492702
1 38135U 99025EQG 18202.82963015 +.00000157 +00000-0 +76017-4 0  9990
2 38135 098.9836 222.3521 0238047 280.0776 077.3621 14.18876093226931
1 37928U 99025EPD 18205.10357275 +.00000186 +00000-0 +88142-4 0  9992
2 37928 098.8417 322.4918 0081491 340.2667 019.5367 14.29176602425862
1 37595U 99025EKP 12023.75198549  .00016574  00000-0  98225-2 0  9991
2 37595  99.1257  35.0350 0065385  64.4828 296.3626 14.06552113431874
1 38138U 99025EQK 18204.91923584 +.00000529 +00000-0 +28946-3 0  9992
2 38138 098.9357 257.8771 0053942 159.2974 201.0401 14.15519073399356
1 37957U 93036BPG 18205.10936198 +.00003117 +00000-0 +42441-3 0  9995
2 37957 074.0211 001.1294 0013716 004.0705 356.0580 14.79125579274773
1 37599U 99025EKT 12133.57341238 +.00007287 +00000-0 +14449-2 0  9999
2 37599 099.0124 264.9467 0175577 263.7164 091.1506 14.53212244177802
1 37684U 99025EKZ 13083.90042290 +.00001773 +00000-0 +15603-2 0  9999
2 37684 098.1683 128.1084 0254295 129.7896 232.7223 13.72646808272331
1 38115U 99025EPL 17350.10537117  .00001871  00000-0  13418-2 0  9990
2 38115  97.6920 304.5774 0333618  63.9196 299.5893 13.74434819484624
1 37909U 99025ENJ 18204.07437972 +.00000722 +00000-0 +67894-3 0  9995
2 37909 098.9398 305.4175 0206884 208.2504 150.7301 13.75430132445762
1 37913U 99025ENN 18205.39001370 +.00001479 +00000-0 +33128-3 0  9998
2 37913 098.9021 002.6652 0142249 030.8770 330.0693 14.52270947405769
1 37578U 99025EKB 18204.39253015 +.00001192 +00000-0 +41260-3 0  9997
2 37578 098.7509 274.5242 0069637 301.9889 057.4541 14.36258644499758
1 37767U 11039C   18205.38963066 +.00000222 +00000-0 +90276-4 0  9995
2 37767 097.9379 121.8393 0154122 129.9507 006.0600 14.29262777363811
1 37694U 99025ELK 18205.07960918 +.00000162 +00000-0 +12202-3 0  9999
2 37694 098.2254 138.0302 0177777 207.9029 221.4807 13.98347046438513
1 38058U 93036BRQ 18205.60809757 -.00000037 +00000-0 -14272-4 0  9995
2 38058 074.0055 307.9086 0445452 025.7611 336.4960 13.49541026218351
1 37698U 99025ELP 18162.20622772  .00000437  00000-0  42700-3 0  9994
2 37698  97.9714 139.2008 0362049 273.5634 151.0617 13.57870350504840
1 38001U 93036BRC 18204.93364847 +.00000150 +00000-0 +35029-4 0  9991
2 38001 074.0100 295.7656 0085456 033.1571 086.2424 14.61429177351764
1 37706U 99025ELX 18204.36708715 +.00000429 +00000-0 +26308-3 0  9997
2 37706 099.0063 245.5685 0049868 343.1015 074.1020 14.10572171520942
1 38016U 97051YC  18205.46471385 +.00004341 +00000-0 +59862-3 0  9999
2 38016 086.3998 106.7458 0030783 183.0049 303.7503 14.77653838242887
1 37968U 93036BPT 18203.31919445 +.00000361 +00000-0 +54520-4 0  9994
2 37968 074.0080 192.1263 0133729 272.5596 086.0274 14.72870973202985
1 37710U 99025EMB 18178.53402986  .00000438  00000-0  54122-3 0  9997
2 37710  99.2177 289.0742 0268868 303.0663 114.4308 13.56413830504886
1 37598U 99025EKS 18205.32443668 +.00000452 +00000-0 +23648-3 0  9996
2 37598 098.9574 238.6525 0014082 113.0432 305.4669 14.19365323259305
1 38142U 99025EQP 18203.44244681 +.00000700 +00000-0 +19064-3 0  9990
2 38142 098.6121 275.7505 0098876 072.5938 288.6036 14.47805029266322
1 37960U 93036BPK 18205.32288586 +.00000180 +00000-0 +10035-3 0  9995
2 37960 074.0602 192.1634 0269882 130.6247 231.8703 14.00089216395844
1 37683U 99025EKY 18195.63348647 -.00000193  00000-0 -14489-3 0  9991
2 37683  97.9912 332.5418 0629704  98.3464 330.0022 13.21139544516526
1 38146U 99025EQT 13315.50243100 +.00002343 +00000-0 +57475-3 0  9998
2 38146 099.5434 202.5211 0288787 345.3818 011.6719 14.31329862317738
1 37966U 93036BPR 18204.83597682 +.00000760 +00000-0 +18447-3 0  9995
2 37966 073.9991 031.1058 0024403 180.7367 179.3764 14.54492415458344
1 37687U 99025ELC 18205.38136639 -.00000952 +00000-0 -71910-3 0  9990
2 37687 098.2113 248.6004 0414375 022.7143 033.2398 13.58444912464232
1 38120U 99025EPR 18205.52171473 +.00001900 +00000-0 +48148-3 0  9993
2 38120 098.3527 107.5847 0049479 033.1845 093.3662 14.51286384266688
1 37917U 99025ENS 18185.03400221  .00000143  00000-0  11294-3 0  9995
2 37917  99.0045 268.1241 0052539 112.4801 248.1941 14.05791415506019
1 37581U 99025EKE 18205.47200999 +.00000148 +00000-0 +82556-4 0  9998
2 37581 098.8652 196.8831 0111553 269.2660 243.5550 14.22011296833025
1 37770U 11039F   18205.43249112 +.00000547 +00000-0 +12394-3 0  9998
2 37770 097.7609 201.7392 0094294 203.9416 320.3929 14.57051294370108
1 38062U 93036BRU 18205.23904112 +.00000547 +00000-0 +13953-3 0  9998
2 38062 074.0232 053.4299 0032646 135.6984 341.8297 14.52662061414105
1 38019U 97051YF  18205.56193728 +.00002559 +00000-0 +67986-3 0  9990
2 38019 086.3996 147.6477 0084638 175.3451 184.8559 14.46126346439402
1 37973U 93036BPY 18200.39305172 +.00000213 +00000-0 +85804-4 0  9996
2 37973 074.0350 224.3010 0043640 241.0281 118.6492 14.33441099261937
1 37714U 99025EMF 18203.13386734 +.00000772 +00000-0 +43134-3 0  9990
2 37714 098.9714 268.1311 0062478 226.7131 132.8820 14.12886102192417
1 38145U 99025EQS 18170.23854300  .00000886  00000-0  72701-3 0  9990
2 38145  97.6223 339.7410 0426869 200.1625 158.2206 13.55936935525409
1 37983U 93036BQJ 18202.54679547  .00001392  00000-0  19224-3 0  9997
2 37983  74.0101 286.9764 0022114  19.9016 340.3017 14.79048277474319
1 37690U 99025ELF 18204.94860047 +.00000335 +00000-0 +22114-3 0  9997
2 37690 098.9789 244.8306 0042695 358.2072 125.8335 14.08100243488513
1 38123U 99025EPU 18202.89882275 +.00000754 +00000-0 +11227-2 0  9995
2 38123 100.3245 250.7048 0438868 211.7117 145.6869 13.23883510427508
1 38127U 99025EPY 18180.72094121  .00000444  00000-0  17838-3 0  9992
2 38127  99.0935   9.7894 0064839 155.8720 204.5523 14.32177718512148
1 37920U 99025ENV 18204.33699252 +.00000646 +00000-0 +38886-3 0  9992
2 37920 099.0178 244.4457 0064645 309.0467 108.5511 14.09403052259994
1 37586U 04025L   18204.58115509 +.00000126 +00000-0 +78979-4 0  9992
2 37586 098.2215 116.6417 0324884 277.6978 078.7413 13.96146237403198
1 37895U 99025EMU 18204.88401010 +.00000259 +00000-0 +35488-3 0  9991
2 37895 099.2071 248.4424 0333297 114.9775 248.6366 13.45865920422962
1 38065U 93036BRX 18205.50782733 +.00000939 +00000-0 +25251-3 0  9993
2 38065 074.0307 127.9708 0020022 140.6747 333.5679 14.49333175356239
1 37899U 99025EMY 18195.02799079  .00000312  00000-0  34006-3 0  9990
2 37899  98.8045 220.6385 0227521 330.0231  28.8049 13.69100697424541
1 37902U 99025ENB 18199.69425666  .00000325  00000-0  44391-3 0  9992
2 37902  98.6856  16.2064 0344283   2.4713 357.8026 13.43226524413804
1 38023U 97051YK  18204.64282263 +.00002667 +00000-0 +79696-3 0  9997
2 38023 086.4183 170.3270 0102631 288.3918 070.6143 14.39619887454527
1 37977U 93036BQC 18204.53074791 +.00001006 +00000-0 +30242-3 0  9996
2 37977 073.9844 163.2974 0039733 198.6309 161.3396 14.43528976424865
1 37717U 99025EMJ 18205.63664530 +.00000456 +00000-0 +12752-3 0  9994
2 37717 098.7696 347.9932 0126546 048.8631 008.4002 14.46656079501472
1 38028U 97051YQ  18203.94245576 +.00000191 +00000-0 +54071-4 0  9991
2 38028 086.3273 084.0267 0031329 032.9362 327.3780 14.39871373442312
1 37986U 93036BQM 18204.26204708 +.00001712 +00000-0 +32501-3 0  9993
2 37986 074.0138 050.0881 0012571 060.3878 299.8541 14.64982475268642
1 37993U 93036BQU 18202.58103522  .00000394  00000-0  13004-3 0  9998
2 37993  74.0299 164.4483 0036061 197.3939 162.5984 14.40925697411021
1 38131U 99025EQC 18184.64498906 +.00000814 +00000-0 +54084-3 0  9996
2 38131 097.9013 331.5848 0129568 295.1476 063.6298 13.99704924257527
1 37924U 99025ENZ 18204.88152599 +.00000568 +00000-0 +30162-3 0  9996
2 37924 098.9427 245.3247 0052632 234.1825 125.4452 14.16935916490557
1 37590U 99025EKJ 18204.71022262 +.00000922 +00000-0 +27617-3 0  9995
2 37590 099.0004 014.5913 0145446 307.0468 051.7488 14.39615212552282
1 37594U 99025EKN 18205.52752042 +.00000001 +00000-0 +26246-4 0  9991
2 37594 099.0467 230.4265 0087258 309.9810 049.3721 14.08891399397891
1 38069U 93036BSB 18202.54533983  .00001538  00000-0  56331-3 0  9998
2 38069  74.1894  41.3645 0097429 238.1498 151.4515 14.31061607365511
1 37905U 99025ENE 18205.31939959 +.00000180 +00000-0 +17715-3 0  9996
2 37905 099.3857 237.7312 0138046 116.8591 244.6754 13.87183481232727
1 37732U 11030C   18205.60474514 +.00000239 +00000-0 +10098-3 0  9999
2 37732 097.9947 085.2872 0166362 115.8784 275.7040 14.25822785366294
1 38054U 93036BRL 18204.23803935 -.00000560 +00000-0 -52910-3 0  9992
2 38054 073.9574 291.9886 0397400 072.5842 321.0043 13.49221391364585
1 37996U 93036BQX 18204.12040016 +.00001290 +00000-0 +87714-3 0  9996
2 37996 074.0734 093.5746 0314958 115.8837 247.5115 13.79501604862285
1 37702U 99025ELT 15111.26525699 +.00001378 +00000-0 +65167-3 0  9994
2 37702 098.8885 128.1113 0048112 295.7409 062.2457 14.20776337324854
1 38134U 99025EQF 18205.03844439 +.00001002 +00000-0 +56569-3 0  9992
2 38134 098.5172 301.7298 0130749 191.4944 168.3233 14.08140344257390
1 37927U 99025EPC 18204.35872898 +.00000827 +00000-0 +37322-3 0  9995
2 37927 098.8657 256.1484 0010567 293.6603 066.3466 14.24923446453317
1 37956U 93036BPF 18204.76371082 +.00000882 +00000-0 +16564-3 0  9993
2 37956 074.0466 340.2800 0047265 046.4598 314.0481 14.65599625403927
1 38114U 99025EPK 18204.40538094 +.00001226 +00000-0 +59843-3 0  9993
2 38114 097.9304 071.5946 0143869 288.7625 069.7988 14.14344598233639
1 37908U 99025ENH 18204.45436611 +.00000184 +00000-0 +88022-4 0  9994
2 37908 099.1371 068.9622 0083906 062.4756 298.4919 14.29027420254530
1 37912U 99025ENM 18205.30420420 +.00000362 +00000-0 +28884-3 0  9992
2 37912 099.1244 133.1767 0113939 268.3889 245.0138 13.94542243395514
1 37574U 08026F   18205.48266441 +.00000057 +00000-0 +80772-4 0  9993
2 37574 098.7630 035.2736 0254915 062.1218 300.5503 13.73133795293577
1 37735U 11030F   18205.57554462 +.00000679 +00000-0 +14470-3 0  9995
2 37735 098.4242 329.7285 0085805 224.1746 196.2116 14.60106335374441
1 37693U 99025ELJ 18205.39191036 -.00000093 +00000-0 -30834-4 0  9997
2 37693 098.9098 254.8053 0074303 092.5928 325.1785 14.04167520454152
1 38057U 93036BRP 18173.77607096  .00000886  00000-0  48695-3 0  9993
2 38057  74.0114 207.8812 0178671 259.1240  98.9747 14.05453216444505
1 37697U 99025ELN 18183.77310649 +.00005276 +00000-0 +72032-3 0  9992
2 37697 096.5843 019.3352 0040332 069.3421 279.6609 14.78355698505745
1 37701U 99025ELS 18198.95898212  .00001143  00000-0  85019-3 0  9999
2 37701  97.6630  98.8276 0314802 183.2301 240.7183 13.75427018387121
1 38000U 93036BRB 18205.16915827 +.00001891 +00000-0 +43222-3 0  9992
2 38000 074.0252 127.2996 0039962 125.9109 234.5775 14.55951433434638
1 37705U 99025ELW 18205.08463170 +.00001371 +00000-0 +18206-3 0  9994
2 37705 099.4985 145.3944 0103737 312.9996 046.2550 14.78421364145729
1 38137U 99025EQJ 18205.29023640 -.00000044 +00000-0 +98463-6 0  9994
2 38137 099.1738 224.4962 0045964 016.9080 343.3606 14.03955230471315
1 38006U 93036BRH 18205.60882216 -.00000070 +00000-0 -18818-4 0  9996
2 38006 073.8600 298.8903 0105701 052.5785 308.4921 14.21782754244556
1 37967U 93036BPS 18205.06029351 +.00000110 +00000-0 +50762-4 0  9991
2 37967 074.0228 345.2761 0193064 040.6746 320.8635 14.22307902430537
1 37708U 99025ELZ 18200.18518647  .00000207  00000-0  53957-4 0  9993
2 37708  98.2904 338.5624 0344790 345.5478  13.6032 14.29940520533454
1 37597U 99025EKR 18205.01056604 +.00000650 +00000-0 +17920-3 0  9997
2 37597 098.3027 282.1611 0263007 038.0259 323.9171 14.31657430222947
1 38140U 99025EQM 18180.37292639  .00000711  00000-0  30269-3 0  9992
2 38140  98.8000 230.9257 0064758 132.9081 227.7559 14.27173237491788
1 37959U 93036BPJ 18204.01184206 +.00000266 +00000-0 +80060-4 0  9993
2 37959 074.0145 086.4492 0071108 162.5921 260.1258 14.46070618410941
1 37682U 99025EKX 18202.70370677 +.00000020 +00000-0 +60610-4 0  9990
2 37682 098.6170 109.6584 0245477 304.2184 053.5920 13.63878888255458
1 37963U 93036BPN 12117.50944718 +.00001395 +00000-0 +82235-3 0  9990
2 37963 074.0682 148.6214 0159873 322.0744 036.9446 14.02667412105436
1 37686U 99025ELB 18203.60390139 -.00000000 +00000-0 +50925-4 0  9996
2 37686 099.0937 128.1573 0400568 235.5078 252.4306 13.33317159439610
1 38119U 99025EPQ 18203.53530184  .00001054  00000-0  75546-3 0  9990
2 38119  98.6147 112.4130 0376617   1.5680 120.1145 13.69889531418326
1 37915U 99025ENQ 18204.88797633 +.00000544 +00000-0 +44161-3 0  9998
2 37915 098.3138 093.4589 0219255 169.9304 190.6355 13.82994634493793
1 37580U 99025EKD 18204.92088146 +.00000183 +00000-0 +13144-3 0  9999
2 37580 099.1337 224.7967 0128587 187.0594 292.6445 14.05127992772322
1 37769U 11039E   18205.50346418 +.00000579 +00000-0 +11879-3 0  9993
2 37769 098.5231 040.0767 0081128 283.6416 105.1640 14.62859733371327
1 38061U 93036BRT 18205.23463618 +.00011762 +00000-0 +75692-3 0  9997
2 38061 073.9534 288.3567 0014241 309.0723 050.9200 15.08352191334647
1 38018U 97051YE  17142.92251152 +.00024708 +00000-0 +12199-2 0  9999
2 38018 086.2488 207.5191 0009689 114.5936 243.3571 15.17723735386692
1 37971U 93036BPW 18205.56991658 +.00000886 +00000-0 +35873-3 0  9994
2 37971 074.0033 296.3533 0094872 339.4391 020.2947 14.26801929220492
1 37713U 99025EME 17296.80349549 +.00000730 +00000-0 +62460-3 0  9994
2 37713 098.0676 140.6610 0135402 150.2263 210.6688 13.85385360457257
1 38144U 99025EQR 18199.26978272  .00000333  00000-0  42211-3 0  9998
2 38144  98.9829 217.6740 0301788 282.3702  74.3814 13.52870105482165
1 37962U 93036BPM 18189.66557811  .00002134  00000-0  23038-3 0  9993
2 37962  74.0696 310.0692 0070963 301.1164  58.3067 14.87245772479582
1 37981U 93036BQG 15073.28948095 +.00007935 +00000-0 +22054-2 0  9999
2 37981 073.9959 277.0759 0038916 215.7662 269.1633 14.46142629290184
1 37689U 99025ELE 18205.31777310 +.00000745 +00000-0 +37596-3 0  9992
2 37689 098.8665 160.0116 0028550 125.4133 234.9715 14.19143581193394
1 38122U 99025EPT 18203.32398998 +.00000151 +00000-0 +53067-4 0  9998
2 38122 098.5184 242.0186 0255179 297.4832 060.0621 14.32729802290048
1 38126U 99025EPX 13248.57725935 +.00000508 +00000-0 +71300-3 0  9993
2 38126 098.7260 289.7725 0341383 170.5848 188.4914 13.39621878144393
1 37919U 99025ENU 18193.41592039  .00000139  00000-0  83954-4 0  9995
2 37919  99.1780   2.4635 0051509 209.5251 150.3013 14.21775542439398
1 37585U 91082CR  18205.36749212 +.00001756 +00000-0 +50278-3 0  9992
2 37585 098.7487 258.0612 0003193 301.9624 058.1256 14.46321002268587
1 37894U 99025EMT 18205.34132013 +.00001992 +00000-0 +47880-3 0  9990
2 37894 099.0155 041.3643 0106873 083.0316 278.3018 14.51199059225472
1 38064U 93036BRW 18205.21263700 +.00000331 +00000-0 +10523-3 0  9990
2 38064 074.0267 124.1038 0059360 183.8289 176.2422 14.42851126328540
1 37898U 99025EMX 18166.83377004  .00000186  00000-0  14673-3 0  9993
2 37898  98.3165 172.4698 0126572  99.8014 261.7471 13.98024446509698
1 37901U 99025ENA 18205.05329504 +.00002969 +00000-0 +44569-3 0  9996
2 37901 097.9231 298.6976 0130447 145.7941 215.1755 14.69649827459516
1 38022U 97051YJ  18203.99264616 +.00000055 +00000-0 +13913-4 0  9995
2 38022 086.2796 096.9781 0057400 160.7316 199.6066 14.27974079483861
1 37975U 93036BQA 18203.91325856 +.00000872 +00000-0 +28318-3 0  9997
2 37975 074.0217 287.5468 0184196 208.2882 150.8173 14.31215833308651
1 37716U 99025EMH 18205.33661174 +.00000319 +00000-0 +17889-3 0  9995
2 37716 098.9018 244.1626 0036707 049.1031 009.2602 14.17214265222612
1 38027U 97051YP  13140.37127819 +.00008585 +00000-0 +25049-2 0  9997
2 38027 086.2929 169.8830 0009398 054.3656 305.8419 14.43993510157137
1 37985U 93036BQL 18205.59473666 +.00000000 +00000-0 +93232-5 0  9999
2 37985 074.0247 173.7492 0022613 230.2056 129.7105 14.34753444262153
1 38125U 99025EPW 18203.94325614 +.00000504 +00000-0 +77998-3 0  9994
2 38125 100.3387 252.0428 0427313 155.3232 206.9003 13.24584766460441
1 37992U 93036BQT 13054.40712615 -.00200638 +00000-0 -67816-1 0  9990
2 37992 073.9444 205.8639 0071644 291.3368 098.7474 14.36901513181709
1 38130U 99025EQB 18203.57879017 +.00000289 +00000-0 +32213-3 0  9991
2 38130 098.6168 135.6782 0223217 222.1964 136.1816 13.68360610387727
1 37922U 99025ENX 18202.33985387  .00000602  00000-0  36460-3 0  9997
2 37922  99.1282 232.5052 0072094  63.0297 297.8211 14.09087302490955
1 37589U 99025EKH 18180.96835962 -.00000278 +00000-0 -17711-3 0  9992
2 37589 099.1011 090.0198 0155043 126.5808 234.9731 13.89010759446523
1 37593U 99025EKM 18205.57015257 +.00000309 +00000-0 +13759-3 0  9990
2 37593 098.9537 319.7420 0181102 331.4282 092.3127 14.21857871476726
1 38068U 93036BSA 18205.35360096 +.00000101 +00000-0 +46727-4 0  9996
2 38068 074.0207 205.6798 0027757 224.1239 135.7698 14.32527145279815
1 37904U 99025END 18204.33657022 +.00000982 +00000-0 +33464-3 0  9993
2 37904 098.2508 041.1853 0081238 123.3390 237.5608 14.36671608424285
1 38025U 97051YM  18204.80275640 +.00001429 +00000-0 +60418-3 0  9995
2 38025 086.4972 227.1831 0165903 180.7554 305.3729 14.17768543476253
1 37979U 93036BQE 18205.13070529 +.00019415 +00000-0 +48842-3 0  9998
2 37979 074.0449 131.7919 0063292 273.2641 086.1326 15.37785082275076
1 37725U 99025EMS 11240.50573707 +.00002706 +00000-0 +50641-3 0  9995
2 37725 098.8278 341.8877 0198872 241.9763 117.2487 14.53870077140257
1 38033U 97051YV  18205.43938793 +.00003129 +00000-0 +34673-3 0  9992
2 38033 086.2767 011.4892 0020719 019.1677 341.0322 14.86817231857387
1 37990U 93036BQR 18202.98688584  .00000994  00000-0  30700-3 0  9993
2 37990  74.0182 198.2259 0062435 223.7830 135.8367 14.41545873410205
1 37995U 93036BQW 18204.48053542 +.00001923 +00000-0 +24818-3 0  9991
2 37995 073.9804 228.7113 0036788 347.0675 012.9554 14.81311950857070
1 38133U 99025EQE 18204.65448518 +.00000327 +00000-0 +31232-3 0  9995
2 38133 098.2797 002.1624 0270497 065.9605 296.9601 13.70839444436433
1 37926U 99025EPB 18205.12114637 +.00000441 +00000-0 +26460-3 0  9993
2 37926 098.9308 261.0761 0061993 345.6303 043.4902 14.11189464361114
