1 32067U 99057QF  14154.12860017 +.00000137 +00000-0 +53917-4 0  9998
2 32067 098.1628 113.6504 0034846 358.7697 063.5312 14.42165538361474
1 32068U 99057QG  10297.19027138 +.00000643 +00000-0 +23502-3 0  9997
2 32068 098.1708 284.4884 0009118 032.0755 322.3860 14.36048704175456
1 32069U 99057QH  14086.12963755 +.00025109 +00000-0 +63848-2 0  9995
2 32069 098.2873 054.1104 0014579 052.0247 294.9089 14.50578187349441
1 32070U 99057QJ  12352.10236154 +.00012245 +00000-0 +32892-2 0  9997
2 32070 098.2113 319.3565 0008616 093.5074 266.0816 14.48184702291492
1 32071U 99057QK  18205.54147390 +.00003339 +00000-0 +37507-3 0  9995
2 32071 098.2671 236.1791 0003068 107.5722 252.5828 14.87465735589462
1 32072U 99057QL  18205.19028296 +.00001215 +00000-0 +25325-3 0  9996
2 32072 098.3640 187.3458 0008731 348.5774 011.5227 14.61782328242568
1 32075U 99057QP  18204.41219607 +.00006885 +00000-0 +48122-3 0  9999
2 32075 098.2145 270.8180 0002707 144.9439 215.1965 15.05664175588071
1 32077U 99057QR  12105.17251714 +.00003811 +00000-0 +12084-2 0  9996
2 32077 098.2285 079.8109 0004590 154.4270 205.7483 14.40577270247706
1 32079U 99057QT  18205.10864850 +.00000097 +00000-0 +46009-4 0  9998
2 32079 098.5182 150.9879 0005339 205.6730 210.8360 14.38706195582816
1 32080U 99057QU  18204.98948144 +.00009874 +00000-0 +56864-3 0  9995
2 32080 098.2333 267.1032 0007987 061.3438 298.8593 15.12627987262912
1 32081U 99057QV  18205.19942881 +.00003929 +00000-0 +47635-3 0  9993
2 32081 098.2385 193.8386 0013772 185.3076 174.7993 14.84142440587371
1 32082U 99057QW  18204.97089597 +.00005261 +00000-0 +44258-3 0  9994
2 32082 098.2472 265.8681 0007558 156.0782 204.0791 14.98710592589505
1 32084U 99057QY  18205.23853072 +.00001640 +00000-0 +29008-3 0  9996
2 32084 098.3338 200.8581 0002500 338.4167 077.4746 14.68759045602480
1 32085U 99057QZ  18204.27774386 +.00002385 +00000-0 +34042-3 0  9991
2 32085 098.2942 228.3566 0001303 271.6012 088.5049 14.77705279588725
1 32086U 99025CQC 18205.62274984 +.00001106 +00000-0 +11219-2 0  9996
2 32086 099.2737 350.8323 0325818 228.8671 128.3928 13.58120728250695
1 32087U 99025CQD 18205.49213858 +.00002289 +00000-0 +32178-3 0  9996
2 32087 098.6207 290.8168 0104341 030.3114 330.4072 14.74811563580881
1 32088U 99025CQE 18205.37029745 +.00000073 +00000-0 +21062-3 0  9993
2 32088 102.3957 266.2492 0441006 310.1809 046.1462 13.17418412242494
1 32089U 99025CQF 18204.32201819 +.00000343 +00000-0 +21091-3 0  9994
2 32089 098.8656 247.8724 0119912 209.8446 149.5850 14.08611276565684
1 32090U 99025CQG 18204.10070811 +.00000818 +00000-0 +39177-3 0  9999
2 32090 098.9912 296.5536 0071359 125.3658 357.7332 14.20534149567422
1 32092U 99025CQJ 18204.92041995 +.00000628 +00000-0 +34446-3 0  9995
2 32092 098.9348 259.7508 0034990 269.1847 090.5317 14.15222546327174
1 32093U 99025CQK 18205.50878159 +.00000136 +00000-0 +65897-4 0  9990
2 32093 098.7516 314.9174 0086236 337.0392 022.6945 14.31292414578724
1 32094U 99025CQL 18202.31194826  .00000159  00000-0  11935-3 0  9997
2 32094  98.8441 236.8656 0035819 336.9747  81.1840 14.07536620566008
1 32095U 99025CQM 18203.33536769 +.00000060 +00000-0 +54413-4 0  9997
2 32095 098.9121 232.3661 0080395 224.1109 135.3632 14.13345234566514
1 32096U 99025CQN 18205.05432251 +.00000287 +00000-0 +27482-3 0  9996
2 32096 099.3009 246.2135 0142063 181.6685 178.4014 13.84120751555323
1 32097U 99025CQP 18205.33921283 +.00001293 +00000-0 +14274-3 0  9999
2 32097 099.1061 340.9048 0131893 076.0885 285.4955 14.83588064586831
1 32098U 99025CQQ 18178.34165938  .00000023  00000-0  27836-4 0  9996
2 32098  98.7234 212.8566 0206668  40.6192 321.0194 14.15989043563106
1 32099U 99025CQR 18204.48225785 +.00000329 +00000-0 +20004-3 0  9997
2 32099 098.3104 090.4475 0377417 145.9228 340.9748 13.81115160563331
1 32101U 99025CQT 18205.53806448 +.00000521 +00000-0 +42611-3 0  9991
2 32101 099.1165 116.7050 0145614 026.4705 334.3797 13.89239296556201
1 32102U 99025CQU 18205.13181979 +.00005503 +00000-0 +73751-3 0  9997
2 32102 099.3326 165.9068 0117417 131.5736 293.5649 14.75184287549940
1 32103U 99025CQV 18204.48100990 +.00002022 +00000-0 +36523-3 0  9998
2 32103 096.7155 086.3994 0079270 108.3063 015.3182 14.65183241591054
1 32104U 99025CQW 18154.54760318  .00000457  00000-0  34170-3 0  9992
2 32104  97.6751  70.6951 0332453 313.7835  43.6249 13.75360201546679
1 32105U 99025CQX 18205.39375874 +.00000728 +00000-0 +10151-2 0  9995
2 32105 103.4540 042.4637 0434191 226.3684 130.0639 13.29964343532791
1 32106U 99025CQY 18204.02304330 +.00000652 +00000-0 +45039-3 0  9994
2 32106 101.4779 142.8941 0155158 099.3907 262.4826 13.98512154559013
1 32107U 99025CQZ 13256.87214244 -.00000103 +00000-0 -36943-4 0  9992
2 32107 099.1239 260.9498 0058809 322.1102 155.7579 14.02276659313566
1 32109U 99025CRB 18205.54532183 +.00000125 +00000-0 +55194-4 0  9993
2 32109 098.5569 117.8585 0223944 338.8281 020.3741 14.27149864263544
1 32110U 99025CRC 18205.02572053 +.00000449 +00000-0 +25901-3 0  9999
2 32110 099.5098 140.4801 0040368 000.7054 059.3474 14.14320806261419
1 32111U 99025CRD 18204.27996794 +.00000093 +00000-0 +51093-4 0  9995
2 32111 098.6062 234.6265 0124106 233.0356 189.7714 14.28460392574704
1 32112U 99025CRE 18184.24840862  .00001611  00000-0  16420-3 0  9995
2 32112  98.6395 353.1000 0124989 312.1029  46.9610 14.86823493583925
1 32113U 99025CRF 18204.28303554 +.00000113 +00000-0 +10259-3 0  9995
2 32113 099.3074 236.3121 0251461 338.3095 020.7560 13.88785164253711
1 32114U 99025CRG 18205.06876589 +.00000442 +00000-0 +14635-3 0  9993
2 32114 099.9338 163.5723 0081114 273.2176 085.9731 14.42406348266298
1 32115U 99025CRH 18205.31499556 +.00000774 +00000-0 +38659-3 0  9997
2 32115 098.9739 240.0720 0025185 148.2570 212.0130 14.19672660567225
1 32116U 99025CRJ 17313.05721004  .00016136  00000-0  73315-3 0  9991
2 32116  99.5316  37.3841 0147146 269.8254 118.6208 15.11653097562213
1 32117U 99025CRK 18205.11589069 +.00000348 +00000-0 +20500-3 0  9999
2 32117 098.8553 262.2114 0027579 255.5750 104.2362 14.14197088566638
1 32118U 99025CRL 18205.06413462 +.00002056 +00000-0 +46533-3 0  9999
2 32118 102.4118 277.6147 0034812 281.1709 198.4458 14.57814772588088
1 32119U 99025CRM 18205.15935391 +.00000490 +00000-0 +37351-3 0  9998
2 32119 099.8900 182.3548 0095226 078.4600 282.7233 13.96853345560042
1 32120U 99025CRN 18029.70825608  .00004530  00000-0  36422-3 0  9991
2 32120  98.8795   5.9908 0057970 271.8365  87.6216 14.99332411562917
1 32123U 99025CRR 18205.32623722 +.00000051 +00000-0 +21954-4 0  9990
2 32123 098.8847 151.3567 0177011 212.1187 302.0688 14.54437929321038
1 32124U 99025CRS 18205.25255021 +.00007523 +00000-0 +34650-3 0  9993
2 32124 099.0193 013.1945 0077695 152.0121 208.5320 15.17982958597752
1 32125U 99025CRT 18205.22779902 +.00000568 +00000-0 +15825-3 0  9995
2 32125 099.0899 356.4463 0293750 324.4054 033.7841 14.28508963579562
1 32126U 99025CRU 18202.36495261 +.00000268 +00000-0 +36442-3 0  9996
2 32126 099.1074 253.6596 0289769 298.9786 058.2588 13.51694992251757
1 32127U 99025CRV 18205.02416979 +.00000104 +00000-0 +16810-3 0  9998
2 32127 099.2795 299.3732 0300994 010.6764 350.0577 13.51250189239042
1 32128U 99025CRW 18205.30611328 +.00000069 +00000-0 +51723-4 0  9998
2 32128 099.3670 236.6802 0418157 330.6144 027.2073 13.88011483255051
1 32129U 99025CRX 18203.06907306 +.00000593 +00000-0 +37093-3 0  9999
2 32129 099.1377 250.7823 0096747 068.5534 321.9117 14.06349071561142
1 32130U 99025CRY 18205.06965740 +.00000109 +00000-0 +56401-4 0  9997
2 32130 098.6868 302.8209 0090628 334.1481 025.5187 14.30814549575957
1 32132U 99025CSA 18205.32285139 +.00000403 +00000-0 +16698-3 0  9995
2 32132 098.6733 257.4969 0104178 348.7788 011.1072 14.29059783321137
1 32133U 99025CSB 18204.43459181 +.00000044 +00000-0 +44192-4 0  9999
2 32133 098.7201 272.7779 0035458 312.8725 046.9473 14.16257087567535
1 32134U 99025CSC 18205.60886050 +.00000076 +00000-0 +44648-4 0  9990
2 32134 098.8046 243.7129 0286785 076.5968 076.5593 14.12933914569850
1 32136U 99025CSE 18204.38596719 +.00000194 +00000-0 +87659-4 0  9996
2 32136 098.5050 262.0643 0072318 279.8603 079.4421 14.31162006581378
1 32137U 99025CSF 18204.31494299 +.00000280 +00000-0 +53738-4 0  9997
2 32137 098.5980 252.0866 0288535 066.3081 296.8105 14.48479604274541
1 32138U 99025CSG 17328.02892280  .00002378  00000-0  11290-2 0  9999
2 32138  98.8910  46.5619 0021916 165.9358 205.6892 14.20343251538879
1 32139U 99025CSH 18202.38403061  .00000470  00000-0  15044-3 0  9999
2 32139  98.6555 258.4273 0221902 110.0960 252.4252 14.31112862573693
1 32141U 99025CSK 18204.93307597 +.00000515 +00000-0 +37447-3 0  9993
2 32141 098.9736 259.3080 0068823 157.9344 202.4807 13.99588417571610
1 32142U 99025CSL 16253.87263610  .00003022  00000-0  11822-2 0  9990
2 32142  99.0124 279.1116 0075396 262.6605  96.6635 14.28005444689216
1 32143U 99025CSM 18204.34512375 +.00000022 +00000-0 +31362-4 0  9996
2 32143 098.6486 247.3861 0105561 317.9722 041.3389 14.15984433577173
1 32146U 99025CSQ 18205.40681151 +.00000429 +00000-0 +19964-3 0  9990
2 32146 098.8892 280.4773 0123653 024.0580 336.6307 14.21686216565069
1 32147U 99025CSR 14154.14073593 +.00004504 +00000-0 +31775-3 0  9998
2 32147 099.0229 121.7910 0178546 201.9667 157.3886 14.93615858373385
1 32148U 99025CSS 18205.58258503 +.00000341 +00000-0 +41850-4 0  9995
2 32148 099.0765 333.3374 0164845 349.7947 009.9929 14.82573184344960
1 32150U 99025CSU 18204.98262196 +.00000059 +00000-0 +23950-4 0  9991
2 32150 099.1379 283.7601 0184374 287.8784 070.2379 14.54930619584242
1 32151U 99025CSV 18205.13305819 +.00003138 +00000-0 +42978-3 0  9991
2 32151 098.9931 177.4952 0046874 322.5987 097.1561 14.78610796586224
1 32152U 99025CSW 18205.04660209 +.00000635 +00000-0 +23269-3 0  9990
2 32152 098.6548 292.9836 0076140 319.6610 039.8941 14.34686113585603
1 32153U 99025CSX 18205.52782278 -.00000007 +00000-0 +10623-4 0  9990
2 32153 098.5543 311.6454 0225177 043.1614 318.6984 14.42788693582711
1 32154U 99025CSY 18205.40460334 +.00004588 +00000-0 +34721-3 0  9995
2 32154 099.0257 262.4813 0050189 226.8000 132.9023 15.01969026273872
1 32155U 99025CSZ 18204.24046858 +.00000162 +00000-0 +83147-4 0  9999
2 32155 099.0733 004.9530 0077256 133.4482 227.3159 14.27087712574028
1 32156U 99025CTA 18204.10397433 +.00000098 +00000-0 +58275-4 0  9995
2 32156 099.3001 153.1668 0086472 237.9888 121.2867 14.27295230262779
1 32157U 99025CTB 18204.98603051 +.00000658 +00000-0 +94693-4 0  9994
2 32157 099.0147 275.2259 0151037 102.4937 259.3212 14.73041242587142
1 32158U 99025CTC 18205.54816103 +.00001308 +00000-0 +37654-3 0  9998
2 32158 099.1185 121.2538 0047653 025.1259 335.2235 14.45993185579200
1 32160U 99025CTE 18205.50318965 +.00000105 +00000-0 +55498-4 0  9991
2 32160 098.6882 301.3001 0091637 357.7631 002.3129 14.30101753577035
1 32161U 99025CTF 18205.50495487 +.00000033 +00000-0 +46737-4 0  9993
2 32161 098.5947 047.1156 0146469 250.5827 107.9460 13.99397618256725
1 32162U 99025CTG 18205.39089418 +.00000459 +00000-0 +16452-3 0  9996
2 32162 099.4539 274.0331 0071285 146.7644 213.8047 14.37911972574544
1 32163U 99025CTH 18204.37407444 +.00000317 +00000-0 +13872-3 0  9993
2 32163 099.5223 263.2858 0061311 228.1991 131.3942 14.30631832572340
1 32164U 99025CTJ 15072.08990585 +.00002255 +00000-0 +55693-3 0  9995
2 32164 099.3273 029.7416 0124038 216.0851 143.1921 14.48733747405009
1 32165U 99025CTK 18205.03045542 +.00000144 +00000-0 +12852-3 0  9991
2 32165 098.6136 279.3500 0157397 079.1628 282.7204 13.92267616254934
1 32166U 99025CTL 18205.26595417 +.00000773 +00000-0 +73368-4 0  9996
2 32166 098.1971 322.2754 0157573 042.6991 318.6344 14.87916863592232
1 32167U 99025CTM 18205.28636726 +.00000027 +00000-0 +25568-4 0  9999
2 32167 098.5937 237.6066 0175660 059.6987 302.1443 14.26097557575236
1 32168U 99025CTN 18204.91143000 +.00001437 +00000-0 +12694-2 0  9997
2 32168 101.6619 005.1444 0293373 247.0123 109.9821 13.69642886550654
1 32169U 99025CTP 18205.42158032 +.00000991 +00000-0 +48703-3 0  9991
2 32169 098.5571 053.1361 0078471 117.6283 243.2888 14.18233511582258
1 32170U 99025CTQ 18204.99792702 +.00004062 +00000-0 +39465-3 0  9990
2 32170 099.0879 275.5921 0055032 251.8345 107.6873 14.92194115246181
1 32171U 99025CTR 18202.96834670 -.00000071 +00000-0 -53482-5 0  9992
2 32171 102.8219 114.4228 0544208 339.6035 073.4041 13.26756682246796
1 32172U 99025CTS 18205.45972055 +.00000625 +00000-0 +99911-4 0  9999
2 32172 099.0494 282.1127 0152324 138.5928 222.6938 14.68758599590208
1 32173U 99025CTT 18199.25659996  .00000531  00000-0  25620-3 0  9997
2 32173  99.6201 199.6117 0071285 264.4251  94.8790 14.22248345568805
1 32174U 99025CTU 18203.44984224 -.00000056  00000-0 -59953-5 0  9992
2 32174  98.8189 285.1295 0160621  50.0629 311.4531 14.14755988567404
1 32175U 99025CTV 18204.47380474 -.00000030 +00000-0 +78404-5 0  9997
2 32175 098.8565 310.9015 0173858 076.0562 285.9860 13.81345852224756
1 32176U 99025CTW 18205.29983096 +.00000535 +00000-0 +18168-3 0  9996
2 32176 099.4175 251.4276 0065154 098.9138 261.9430 14.40052637223972
1 32177U 99025CTX 18205.33752105 +.00000402 +00000-0 +15632-3 0  9993
2 32177 099.0750 039.7851 0075124 072.9487 287.9909 14.33909817322265
1 32178U 99025CTY 18205.54552976 +.00000303 +00000-0 +18414-3 0  9992
2 32178 100.2726 119.2877 0110579 084.5657 276.8112 14.12147221258427
1 32179U 99025CTZ 18205.00013924 +.00000010 +00000-0 +32327-4 0  9994
2 32179 099.2400 221.2732 0148345 100.5631 292.1550 14.02088226278978
1 32180U 99025CUA 18205.12720003 +.00000023 +00000-0 +58794-4 0  9992
2 32180 099.4742 158.1385 0138243 107.6911 320.3790 13.81698649569951
1 32181U 99025CUB 18205.18029001 +.00000175 +00000-0 +68029-4 0  9999
2 32181 099.4731 316.9119 0095324 065.8347 050.9862 14.40864629577559
1 32182U 99025CUC 18203.81892642 +.00000995 +00000-0 +47919-3 0  9991
2 32182 098.2052 227.1635 0122114 309.2630 049.7762 14.16979360580075
1 32183U 99025CUD 18205.41735203 +.00000353 +00000-0 +24343-3 0  9993
2 32183 098.9683 279.0754 0045784 069.7788 290.8294 14.05218947348290
1 32184U 99025CUE 18205.38149832 +.00000588 +00000-0 +71867-4 0  9991
2 32184 098.2482 271.8214 0264637 045.6570 316.5992 14.65502671585216
1 32185U 99025CUF 18205.53889730 +.00000608 +00000-0 +13009-3 0  9993
2 32185 098.7335 328.5072 0482081 341.2373 017.1548 14.09060990564895
1 32186U 99025CUG 18205.16346331 -.00000078 +00000-0 -25619-4 0  9992
2 32186 099.6573 181.4906 0285015 342.7669 075.4973 13.71852128255733
1 32187U 99025CUH 18205.46861671 +.00000034 +00000-0 +88812-4 0  9999
2 32187 099.3265 022.1818 0298136 059.0767 330.0082 13.48791425298696
1 32188U 99025CUJ 18176.50398502  .00002222  00000-0  82498-3 0  9994
2 32188  99.0488 271.1769 0070082 138.9811 224.3761 14.31863522565290
1 32189U 99025CUK 18205.30319072 +.00001008 +00000-0 +49396-3 0  9992
2 32189 099.0242 236.5240 0034184 231.4454 128.3657 14.19894591259948
1 32190U 99025CUL 18205.41124634 +.00001259 +00000-0 +33462-3 0  9999
2 32190 098.9731 062.7912 0058814 256.6966 102.7663 14.49560471577800
1 32191U 99025CUM 18205.29673039 +.00000405 +00000-0 +23076-3 0  9996
2 32191 098.9456 248.2406 0107890 325.4715 033.9481 14.12562146566565
1 32192U 99025CUN 18204.98898439 +.00000132 +00000-0 +14490-3 0  9992
2 32192 098.6632 260.5503 0184344 265.1783 092.8302 13.80530911554593
1 32193U 99025CUP 18183.19836022  .00000902  00000-0  43895-3 0  9998
2 32193  98.4815 326.0984 0106588  81.9164 279.4088 14.17568992562827
1 32194U 99025CUQ 18205.07868677 +.00000700 +00000-0 +18744-3 0  9993
2 32194 099.0933 149.1481 0077475 192.8297 167.0925 14.50064405326606
1 32195U 99025CUR 18185.89655939 +.00000005 +00000-0 +30435-4 0  9996
2 32195 098.9571 218.4067 0071817 358.0719 002.0161 14.04421951561616
1 32197U 99025CUT 18205.21145056 +.00000105 +00000-0 +53636-4 0  9990
2 32197 098.9960 349.0362 0175002 130.0912 353.4037 14.27276168558910
1 32198U 99025CUU 18176.78235619 +.00000436 +00000-0 +32797-3 0  9996
2 32198 098.3278 165.2719 0105200 056.6605 304.4577 13.96335580563747
1 32199U 99025CUV 18172.69784418  .00001974  00000-0  41426-3 0  9996
2 32199  99.1595 130.7774 0121161  76.1368 285.3272 14.56468484572335
1 32200U 99025CUW 18204.88298355 +.00000420 +00000-0 +27465-3 0  9998
2 32200 099.0357 242.7631 0043168 331.2488 028.6301 14.07350634564624
1 32201U 99025CUX 18205.30360120 +.00000199 +00000-0 +13796-3 0  9992
2 32201 099.1923 224.3094 0148304 142.3295 218.8369 14.04659649581798
1 32202U 99025CUY 18205.40028556 +.00001495 +00000-0 +68138-3 0  9998
2 32202 098.3812 273.4426 0125660 131.9866 229.2096 14.18862016263226
1 32203U 99025CUZ 18205.18796103 +.00001544 +00000-0 +82616-4 0  9997
2 32203 097.0438 345.4569 0354842 196.8984 162.0162 14.75590529586576
1 32204U 99025CVA 18205.09884974 +.00003373 +00000-0 +94601-3 0  9990
2 32204 099.3412 072.7752 0128521 035.7636 325.2073 14.42021127316130
1 32205U 99025CVB 18205.55069878 +.00000045 +00000-0 +48277-4 0  9992
2 32205 098.8714 233.8143 0011907 046.3653 106.9280 14.12389259563981
1 32207U 99025CVD 18177.51761868  .00000115  00000-0  58406-4 0  9999
2 32207  99.8393  73.3569 0092604 350.7847 130.6814 14.34341246572251
1 32208U 99025CVE 18202.88030383 +.00002242 +00000-0 +43131-3 0  9991
2 32208 098.9518 079.0572 0033496 165.4420 194.7753 14.64394462578845
1 32209U 99025CVF 18205.22294868 +.00000837 +00000-0 +11237-2 0  9992
2 32209 099.4352 297.8102 0349330 237.4562 119.2378 13.40371367538596
1 32210U 99025CVG 18204.30145200 +.00000621 +00000-0 +41870-3 0  9995
2 32210 099.1124 238.2088 0078924 137.0003 223.7367 14.02792098234710
1 32211U 99025CVH 18142.41698010  .00000505  00000-0  39878-3 0  9997
2 32211  98.6009 203.9363 0134363   9.3836  47.7302 13.91623935546266
1 32212U 99025CVJ 18204.13328997 +.00000220 +00000-0 +90158-4 0  9993
2 32212 099.5808 322.9307 0151641 271.2357 214.0746 14.32808528573473
1 32213U 99025CVK 14237.28036838 +.00000396 +00000-0 +27232-3 0  9998
2 32213 099.2220 248.1361 0183412 027.9138 333.1397 13.97395130361001
1 32214U 99025CVL 18205.11937823 +.00000609 +00000-0 +59757-3 0  9998
2 32214 099.0283 323.9852 0229269 012.2167 109.0372 13.71645655547467
1 32216U 99025CVN 18205.37919391 +.00000916 +00000-0 +34453-3 0  9995
2 32216 099.5495 255.4680 0052679 242.6240 116.9575 14.33572030571461
1 32217U 99025CVP 18204.81338070 +.00000709 +00000-0 +26706-3 0  9995
2 32217 099.1385 061.9504 0051822 080.5791 280.1245 14.34041852571642
1 32218U 99025CVQ 18205.50301220 +.00000254 +00000-0 +95910-4 0  9999
2 32218 098.6342 304.0668 0084436 202.5467 216.0131 14.37669276574155
1 32219U 99025CVR 10291.26267109 +.00000828 +00000-0 +38835-3 0  9996
2 32219 098.8394 293.4115 0086757 273.6268 090.0703 14.20944452167235
1 32220U 99025CVS 14321.03979087 +.00001588 +00000-0 +10801-2 0  9992
2 32220 099.2673 257.6674 0228324 031.3800 330.0753 13.89663064369825
1 32221U 99025CVT 18205.05498951 +.00000054 +00000-0 +22457-4 0  9995
2 32221 098.3749 300.4879 0164570 138.9376 222.4344 14.51284351580056
1 32222U 99025CVU 18204.56897451 +.00000671 +00000-0 +30883-3 0  9995
2 32222 099.1242 339.4208 0103982 124.4121 236.6938 14.21770790259558
1 32223U 99025CVV 18204.38941064 +.00000465 +00000-0 +29294-3 0  9991
2 32223 099.0084 261.8675 0056842 028.2019 029.4198 14.08405503562787
1 32224U 99025CVW 18204.27514595 +.00000083 +00000-0 +49223-4 0  9996
2 32224 099.0874 025.7754 0080953 359.7670 000.3460 14.29904706572609
1 32225U 99025CVX 18203.10138979 +.00000094 +00000-0 +76082-4 0  9991
2 32225 099.0520 161.2191 0072881 218.9793 140.6111 14.11019805300149
1 32226U 99025CVY 18205.48139784 +.00006360 +00000-0 +67230-3 0  9996
2 32226 099.4737 027.9078 0030438 159.3358 200.9092 14.89342322587168
1 32227U 99025CVZ 18205.39210227 +.00000588 +00000-0 +80155-4 0  9997
2 32227 099.4845 163.7014 0143033 233.6832 282.7689 14.77200658593122
1 32228U 99025CWA 18205.38143550 +.00000650 +00000-0 +18577-3 0  9999
2 32228 098.6384 269.0016 0094937 090.9861 270.2208 14.45932033268894
1 32230U 99025CWC 18205.16033450 +.00000518 +00000-0 +24853-3 0  9992
2 32230 098.8890 274.7500 0089488 028.9521 000.0694 14.21219567571643
1 32232U 99025CWE 18204.16625500 +.00002522 +00000-0 +57958-3 0  9995
2 32232 097.0681 182.4311 0118923 198.5330 161.1520 14.51864760576891
1 32233U 99025CWF 18204.34182932 +.00000050 +00000-0 +42415-4 0  9990
2 32233 097.6640 257.0099 0261819 016.9856 343.9874 14.00069651563128
1 32234U 99025CWG 18205.04205626 +.00000448 +00000-0 +38599-3 0  9993
2 32234 098.5406 235.5679 0146418 191.7050 168.0691 13.86445900557493
1 32235U 99025CWH 18204.85331225 +.00000938 +00000-0 +16041-3 0  9999
2 32235 099.0637 227.0827 0113499 260.2983 226.4204 14.67712302602894
1 32238U 99025CWL 18204.75785183 +.00001171 +00000-0 +79471-4 0  9994
2 32238 098.8928 313.7666 0144006 021.2274 339.4839 15.00995833597440
1 32241U 99025CWP 18205.07344798 +.00000477 +00000-0 +24689-3 0  9995
2 32241 098.9694 150.9405 0180131 319.7718 039.0237 14.11713733569390
1 32242U 99025CWQ 18205.62080280 +.00000127 +00000-0 +13951-3 0  9992
2 32242 097.2739 338.4011 0171001 323.8191 035.1495 13.78212061256998
1 32243U 99025CWR 18205.19552749 +.00000569 +00000-0 +34161-3 0  9995
2 32243 098.3194 111.5429 0323221 083.2640 280.5185 13.86923737560783
1 32245U 99025CWT 18205.48765778 +.00000245 +00000-0 +71421-4 0  9999
2 32245 098.5000 300.7416 0154286 308.1858 050.5521 14.46773802581925
1 32303U 99025CWU 18203.11739741  .00001418  00000-0  90756-3 0  9997
2 32303  97.8353 324.4689 0127873 194.2436 165.5114 14.00741107547285
1 32304U 99025CWV 18137.23148543  .00000369  00000-0  14659-3 0  9993
2 32304  99.4362 154.2075 0063569 344.4598  15.4631 14.34330668565078
1 32305U 99025CWW 18205.27201856 +.00001542 +00000-0 +92770-3 0  9995
2 32305 098.0006 020.9530 0216654 244.3038 113.5615 13.97060583545935
1 32308U 99025CWZ 18205.14816446 +.00000606 +00000-0 +45819-3 0  9993
2 32308 097.7756 276.7872 0121839 178.5422 181.6122 13.93565042544362
1 32311U 99025CXC 18204.35890198 +.00000297 +00000-0 +50489-3 0  9990
2 32311 101.7517 046.1743 0428362 305.4048 050.7759 13.24458948532403
1 32312U 99025CXD 18178.59522054 +.00000568 +00000-0 +46170-3 0  9993
2 32312 098.7648 309.2774 0136812 254.0450 166.6643 13.89668919568795
1 32313U 99025CXE 18204.32911649 +.00000440 +00000-0 +33138-3 0  9996
2 32313 099.1921 255.4130 0145200 279.3040 079.1727 13.94856220558508
1 32314U 99025CXF 18205.44170712 +.00000388 +00000-0 +81080-4 0  9990
2 32314 098.8876 086.0156 0224792 108.0868 254.4950 14.51553594581111
1 32315U 99025CXG 18205.23492602 +.00000012 +00000-0 +69328-4 0  9998
2 32315 100.8236 004.8516 0229961 250.6567 106.9580 13.65351057556887
1 32316U 99025CXH 18205.01622894 +.00000771 +00000-0 +29973-3 0  9996
2 32316 099.5237 267.1210 0046471 217.6050 263.0086 14.32560957570104
1 32317U 99025CXJ 18182.22612130  .00001086  00000-0  40994-3 0  9992
2 32317  97.9800 173.9496 0148856 246.9407 111.6022 14.27222757565619
1 32318U 99025CXK 18205.46491727 +.00018823 +00000-0 +96715-3 0  9991
2 32318 097.3187 098.3963 0017131 359.6349 000.4869 15.16397248227761
1 32319U 99025CXL 18205.19493197 +.00001187 +00000-0 +13513-3 0  9995
2 32319 099.1437 356.7678 0124261 067.9908 293.4450 14.83267861271700
1 32320U 99025CXM 18199.89013872 +.00000313 +00000-0 +15859-3 0  9999
2 32320 100.3756 241.6537 0065403 312.6676 046.8997 14.24043195236031
1 32322U 99025CXP 18205.14475411 -.00000039 +00000-0 -10825-4 0  9994
2 32322 098.3531 184.4642 0433304 036.6784 326.3190 13.30133902244709
1 32323U 99025CXQ 18204.17842424 +.00000618 +00000-0 +55323-3 0  9991
2 32323 098.5623 181.9963 0185123 020.3903 340.4520 13.80264263229042
1 32324U 99025CXR 18205.54111945 +.00000340 +00000-0 +23752-3 0  9994
2 32324 099.5302 115.5049 0051644 221.0155 138.7122 14.05254974567525
1 32325U 99025CXS 18201.66488118  .00000915  00000-0  30192-3 0  9997
2 32325  98.9806   3.8062 0070857 109.3445 251.5419 14.39212805577044
1 32326U 99025CXT 18205.07889871 +.00000183 +00000-0 +15541-3 0  9996
2 32326 098.4566 072.8679 0399272 113.9810 250.3672 13.64613131263410
1 32329U 99025CXW 18195.63196381 +.00000526 +00000-0 +27486-3 0  9998
2 32329 099.9561 345.3832 0054329 256.8321 102.6785 14.18854555574391
1 32330U 99025CXX 18205.42359891 +.00000287 +00000-0 +20410-3 0  9990
2 32330 098.0505 061.5542 0184956 196.0104 163.5166 13.96011683574953
1 32331U 99025CXY 18204.33037116 +.00001050 +00000-0 +52925-3 0  9998
2 32331 099.2045 345.8317 0040754 338.8523 021.0965 14.18249891220730
1 32332U 99025CXZ 18184.32925127  .00000664  00000-0  41190-3 0  9995
2 32332  99.3518 218.4592 0314761  93.7141 273.2609 13.86504611553768
1 32333U 99025CYA 18204.53656320 +.00000842 +00000-0 +61945-3 0  9996
2 32333 097.8831 311.1393 0125328 268.5734 090.1071 13.94215193559228
1 32334U 99025CYB 18202.87990334 -.00000151  00000-0 -72339-4 0  9993
2 32334  99.2660 171.6840 0069468 106.1775 254.7047 13.98529432561609
1 32336U 99025CYD 11116.43215084 +.00002109 +00000-0 +67324-3 0  9996
2 32336 098.9945 205.8822 0139046 032.0357 328.7671 14.35469826202863
1 32337U 99025CYE 18185.00647323  .00001263  00000-0  15259-2 0  9997
2 32337  99.2963 268.5483 0329014 153.7155 211.3832 13.47619296536372
1 32338U 99025CYF 18185.10441933 +.00000329 +00000-0 +13535-3 0  9996
2 32338 098.8346 302.2120 0071580 034.0162 326.5579 14.32163386260907
1 32339U 99025CYG 18204.95523852 +.00000434 +00000-0 +19627-3 0  9998
2 32339 098.8031 250.3332 0049894 062.3846 298.2387 14.26457056260908
1 32340U 99025CYH 18205.44582872 +.00000615 +00000-0 +22010-3 0  9993
2 32340 099.0305 024.3075 0066646 040.9574 319.6589 14.36573546582424
1 32342U 99025CYK 18205.56015639 -.00000027 +00000-0 +92607-5 0  9999
2 32342 098.9038 233.1536 0008849 091.7629 062.1839 14.12489789556209
1 32343U 99025CYL 18204.33896894 +.00000064 +00000-0 +48616-4 0  9994
2 32343 098.6948 241.8229 0158907 335.1351 024.2225 14.15888286264853
1 32344U 99025CYM 18205.46292152 +.00001108 +00000-0 +90231-4 0  9997
2 32344 100.2843 288.3725 0123569 014.1113 346.3502 14.97214120604215
1 32345U 99025CYN 11269.62775281 +.00012723 +00000-0 +35452-2 0  9995
2 32345 098.4148 204.8029 0254989 039.5651 322.3942 14.29038528223053
1 32346U 99025CYP 18178.36525238  .00000534  00000-0  44592-3 0  9991
2 32346  97.8311 228.5222 0161503 117.0837 244.6904 13.85783652551913
1 32350U 99025CYT 18205.32216900 +.00000264 +00000-0 +60645-4 0  9994
2 32350 098.5936 254.7718 0322353 138.0166 224.6220 14.36367029586853
1 32351U 99025CYU 18204.84937761 +.00001151 +00000-0 +69189-4 0  9994
2 32351 099.0095 065.0165 0144411 359.8451 000.2703 15.05398495597519
1 32352U 99025CYV 18204.21207593 +.00000153 +00000-0 +62824-4 0  9999
2 32352 098.9078 358.7747 0130070 224.4866 134.5817 14.36837454578264
1 32353U 99025CYW 18204.40958605 +.00000416 +00000-0 +35052-3 0  9992
2 32353 098.9927 075.9874 0149580 019.8003 340.8878 13.88250377256274
1 32354U 99025CYX 18184.65068027 +.00000116 +00000-0 +93035-4 0  9990
2 32354 102.9367 120.2307 0213436 283.3197 074.4238 14.08857236565620
1 32355U 99025CYY 18204.89369304 +.00001036 +00000-0 +39283-3 0  9998
2 32355 100.3888 230.2164 0141773 145.5566 338.1118 14.28541608577475
1 32356U 99025CYZ 18204.13779115 +.00000370 +00000-0 +33517-3 0  9995
2 32356 102.5077 176.1164 0150097 338.1847 078.8750 13.88803201565011
1 32357U 99025CZA 18205.56515227 -.00000090 +00000-0 -27397-4 0  9997
2 32357 098.9062 113.5127 0569470 291.6546 191.7304 13.46751304303151
1 32360U 99025CZD 18202.83948858 +.00001163 +00000-0 +86311-3 0  9998
2 32360 098.1295 339.6762 0281169 219.2339 138.8138 13.79645127274316
1 32361U 99025CZE 18204.82211887 +.00000650 +00000-0 +28300-3 0  9999
2 32361 098.8150 159.6465 0073953 020.2997 009.5923 14.26040687577061
1 32362U 99025CZF 18205.29047618 +.00000682 +00000-0 +81659-3 0  9992
2 32362 099.7917 148.3745 0313396 192.8878 166.4110 13.51712746545662
1 32363U 99025CZG 18204.82594902 +.00000930 +00000-0 +10244-3 0  9992
2 32363 098.3576 334.4193 0225953 235.8804 122.0785 14.73650229576596
1 32364U 99025CZH 18205.28554037 +.00000427 +00000-0 +29493-3 0  9996
2 32364 098.3393 220.5140 0143265 264.8286 093.6517 13.99150460549328
