1 34538U 97051JF  18205.44442096 +.00000365 +00000-0 +13001-3 0  9996
2 34538 086.2800 089.3513 0044152 102.4585 311.5979 14.30853754491750
1 34540U 97051JH  18205.58115969 +.00000719 +00000-0 +17275-3 0  9990
2 34540 086.3211 061.9604 0025633 299.7867 091.0640 14.51853229497349
1 34542U 93036UC  18205.35834079 +.00000964 +00000-0 +18573-3 0  9990
2 34542 074.0246 347.6032 0027066 082.7702 277.6541 14.64748821497800
1 34544U 93036UE  18205.53977914 +.00000055 +00000-0 +70591-4 0  9998
2 34544 073.9167 234.7860 0394341 041.1862 107.9241 13.51385289464734
1 34545U 93036UF  18204.81396372 +.00001208 +00000-0 +26294-3 0  9993
2 34545 074.0351 067.5631 0018628 091.2273 033.6942 14.58982438497111
1 34546U 93036UG  18205.37906715 +.00000250 +00000-0 +93949-4 0  9992
2 34546 074.0338 185.1486 0026012 203.2097 307.4062 14.36407565492206
1 34547U 93036UH  18205.12072860 +.00000550 +00000-0 +16520-3 0  9993
2 34547 074.0393 134.1235 0038755 166.6270 193.5925 14.44567046493872
1 34550U 93036UL  18204.87788833 +.00000671 +00000-0 +23791-3 0  9994
2 34550 073.9934 359.2867 0183266 078.6009 283.5662 14.27394162485154
1 34552U 93036UN  18205.35114411 +.00001103 +00000-0 +31040-3 0  9992
2 34552 074.0333 156.3884 0034415 154.3822 005.9007 14.46720674492049
1 34553U 93036UP  18205.29353191 +.00000500 +00000-0 +16801-3 0  9994
2 34553 074.0308 171.3868 0028405 189.6312 240.3973 14.39491060491499
1 34554U 93036UQ  18205.43783795 +.00000134 +00000-0 +57470-4 0  9999
2 34554 074.0381 202.2685 0025790 210.6087 300.4783 14.33697437491138
1 34555U 93036UR  18205.21276330 +.00001037 +00000-0 +26755-3 0  9992
2 34555 074.0278 117.2637 0025145 126.8880 029.6651 14.51104089493298
1 34556U 93036US  18205.31412017 +.00000608 +00000-0 +18953-3 0  9992
2 34556 074.0308 157.0195 0024026 164.6320 346.4680 14.42824185492107
1 34560U 93036UW  18205.30670315 +.00000557 +00000-0 +17726-3 0  9993
2 34560 074.0273 160.9348 0031012 181.6157 329.0513 14.41861565491794
1 34561U 93036UX  18205.34369674 +.00000868 +00000-0 +21031-3 0  9990
2 34561 074.0338 078.3225 0044989 118.6562 241.9136 14.53916256494955
1 34563U 93036UZ  18205.18241990 +.00000143 +00000-0 +54699-4 0  9997
2 34563 074.0397 156.8707 0015843 199.6683 220.3889 14.39065776493264
1 34564U 93036VA  18205.07987743 +.00000081 +00000-0 +36231-4 0  9992
2 34564 074.0337 167.6551 0020856 215.3991 270.5227 14.36816679492191
1 34567U 93036VD  18205.54469694 -.00000012 +00000-0 +61349-5 0  9991
2 34567 074.0443 319.4950 0076814 320.3701 165.9883 14.21679417487621
1 34569U 93036VF  18205.44381773 +.00000026 +00000-0 +21533-4 0  9997
2 34569 073.9950 356.4596 0171965 075.6977 316.3340 14.17789248486762
1 34570U 93036VG  18205.40875066 +.00000189 +00000-0 +13479-3 0  9997
2 34570 073.9606 203.8259 0201370 291.6584 137.4128 13.95002423479712
1 34571U 93036VH  18205.51970021 +.00000606 +00000-0 +27567-3 0  9994
2 34571 074.0518 026.4100 0104084 002.3461 357.8150 14.21000889488937
1 34572U 93036VJ  18205.39032027 +.00000459 +00000-0 +20275-3 0  9991
2 34572 074.0201 346.0279 0100814 338.2978 051.7152 14.23412980488120
1 34574U 93036VL  18205.15773015 +.00000401 +00000-0 +10617-3 0  9992
2 34574 074.0762 093.3460 0098278 103.3422 054.9899 14.49162551495601
1 34576U 93036VN  18205.22723215 +.00000294 +00000-0 +96435-4 0  9992
2 34576 074.0400 131.0904 0010565 204.2892 306.3155 14.42709062494650
1 34577U 93036VP  18205.42761564 +.00000621 +00000-0 +13871-3 0  9990
2 34577 074.0378 009.4036 0034121 107.9210 252.5680 14.58590239498364
1 34579U 93036VR  18205.38156072 +.00000189 +00000-0 +70086-4 0  9990
2 34579 074.0555 166.2771 0030797 193.9356 325.1395 14.38527539493256
1 34582U 93036VU  18205.43243231 +.00000238 +00000-0 +91545-4 0  9992
2 34582 074.0213 198.1921 0058162 239.2997 120.2417 14.34712503491893
1 34585U 93036VX  18205.40924870 +.00001346 +00000-0 +24846-3 0  9997
2 34585 074.0291 003.2294 0015633 084.8964 275.3989 14.66428060497535
1 34588U 93036WA  18205.36613753 +.00000186 +00000-0 +73467-4 0  9995
2 34588 074.0442 190.2280 0021188 195.9656 235.1737 14.35696824492038
1 34589U 93036WB  18205.31972376 -.00000266 +00000-0 -17571-3 0  9994
2 34589 073.9259 312.5388 0258950 065.7535 326.5141 13.82143877473994
1 34590U 93036WC  18205.44621274 +.00000045 +00000-0 +17784-4 0  9998
2 34590 074.0447 009.5641 0071703 101.3836 289.7053 14.51978393499381
1 34593U 97051JK  18205.30097610 +.00083030 +00000-0 +23002-2 0  9991
2 34593 086.3242 059.6557 0000981 226.2793 133.8378 15.36641698501241
1 34609U 93036WE  18204.70712074 +.00000489 +00000-0 +24255-3 0  9998
2 34609 073.7376 311.1052 0160159 238.8592 191.7926 14.13620605484334
1 34610U 93036WF  18205.49107835 +.00000577 +00000-0 +36966-3 0  9990
2 34610 074.0263 246.3990 0211952 268.0953 089.5894 13.95180139478848
1 34611U 93036WG  18205.57116330 +.00000466 +00000-0 +13836-3 0  9998
2 34611 074.0628 128.4984 0039041 148.4792 269.4063 14.45527976492557
1 34613U 93036WJ  18205.30602119 +.00000427 +00000-0 +22467-3 0  9993
2 34613 073.9670 056.0399 0132362 115.3729 358.9404 14.12487152482639
1 34614U 93036WK  18203.80274490 +.00000208 +00000-0 +14895-3 0  9997
2 34614 073.8913 334.0197 0277424 122.7741 026.4525 13.85490060471550
1 34615U 93036WL  18205.63598478 -.00000064 +00000-0 -41576-4 0  9995
2 34615 074.0048 284.5650 0410260 022.4584 029.7421 13.49019934464060
1 34616U 93036WM  18205.49218137 +.00004508 +00000-0 +58871-3 0  9991
2 34616 074.0275 030.0214 0019346 008.3458 020.5044 14.80678018496274
1 34619U 93036WQ  18204.70361957 +.00000089 +00000-0 +24335-4 0  9995
2 34619 074.0497 309.7450 0102628 017.1195 343.3388 14.58806428499018
1 34620U 93036WR  18205.53288078 +.00000792 +00000-0 +35950-3 0  9996
2 34620 074.0680 048.2920 0127890 033.3968 354.1019 14.19182315483997
1 34622U 93036WT  18205.27896012 +.00000133 +00000-0 +77654-4 0  9999
2 34622 074.0440 059.0806 0121834 064.0316 054.7792 14.13439874482704
1 34624U 93036WV  18204.83014032 +.00005148 +00000-0 +52711-3 0  9993
2 34624 074.0007 340.8392 0017810 355.3485 155.0790 14.90657599499732
1 34626U 93036WX  18205.55017375 +.00000516 +00000-0 +13036-3 0  9999
2 34626 074.0595 046.9755 0040520 114.6916 280.0535 14.53096061498300
1 34629U 93036XA  18204.98366446 +.00002110 +00000-0 +20694-3 0  9994
2 34629 073.7813 056.8908 0061626 343.6529 016.2662 14.91596379504909
1 34631U 93036XC  18205.53553418 +.00006273 +00000-0 +39063-3 0  9990
2 34631 074.0113 161.5276 0019366 240.3252 236.0135 15.09640209505439
1 34634U 93036XF  18205.30435479 +.00000134 +00000-0 +42318-4 0  9992
2 34634 074.0538 060.5582 0051200 133.2247 344.9874 14.48665550496580
1 34635U 93036XG  18205.50720275 +.00000414 +00000-0 +12014-3 0  9996
2 34635 074.0540 107.6109 0047031 143.2161 275.6156 14.46833665495343
1 34637U 93036XJ  18205.20151906 +.00000412 +00000-0 +12193-3 0  9990
2 34637 074.0545 114.5310 0066818 148.5670 012.1928 14.45244049494440
1 34638U 93036XK  18204.89828309 +.00000742 +00000-0 +18332-3 0  9990
2 34638 074.0451 093.9479 0013172 106.3222 019.9404 14.53790297494784
1 34639U 93036XL  18205.49345204 +.00001105 +00000-0 +28422-3 0  9991
2 34639 074.0328 123.6634 0047547 146.1029 329.3296 14.50716468493592
1 34641U 93036XN  18205.15766681 +.00000321 +00000-0 +11399-3 0  9997
2 34641 073.8431 102.5234 0020875 187.7874 323.0089 14.38519375493600
1 34642U 93036XP  18205.57311438 +.00000315 +00000-0 +22309-3 0  9996
2 34642 074.0072 282.4020 0230404 333.3087 089.8156 13.89822307477849
1 34643U 97051JU  18204.92178668 +.00001415 +00000-0 +34458-3 0  9992
2 34643 086.3837 105.2403 0033061 307.0421 052.7761 14.51773742492107
1 34648U 97051JZ  18205.08969983 +.00003056 +00000-0 +21463-2 0  9997
2 34648 086.4127 251.8444 0234880 243.7057 143.7370 13.85616090474151
1 34651U 97051KC  18205.33188012 +.00000366 +00000-0 +19847-3 0  9990
2 34651 086.2954 172.5066 0192762 341.1189 018.2905 14.00973099479407
1 34652U 97051KD  18205.41476944 +.00000400 +00000-0 +10545-3 0  9999
2 34652 086.3352 076.6688 0036735 320.2462 164.6683 14.46194025495348
1 34671U 93036XR  18205.53688834 +.00000518 +00000-0 +16288-3 0  9995
2 34671 074.0348 147.5777 0022531 172.5898 308.6794 14.42770671492360
1 34672U 93036XS  18205.33970201 +.00000115 +00000-0 +51228-4 0  9993
2 34672 074.0336 203.7558 0026618 216.9088 206.8636 14.33146158264979
1 34674U 93036XU  18205.10807539 +.00000897 +00000-0 +17607-3 0  9992
2 34674 073.9827 354.5307 0114560 237.3473 121.6600 14.60252311497039
1 34675U 93036XV  18205.13860046 +.00001044 +00000-0 +26875-3 0  9990
2 34675 074.0350 115.2918 0037095 141.3570 219.0256 14.51002317493687
1 34678U 93036XY  18205.50039819 +.00000003 +00000-0 +11220-4 0  9993
2 34678 074.0353 228.9380 0026196 213.9205 296.8382 14.29688837488150
1 34679U 93036XZ  18204.74771252 +.00000967 +00000-0 +17366-3 0  9998
2 34679 074.0111 327.7492 0047063 042.7784 317.7032 14.67480551498736
1 34680U 93036YA  18205.24731375 +.00000295 +00000-0 +95081-4 0  9993
2 34680 074.0491 134.2910 0012291 178.4634 332.3477 14.43508828493071
1 34681U 93036YB  18205.26190080 +.00000418 +00000-0 +10251-3 0  9990
2 34681 074.0746 038.8108 0043462 091.0871 031.9512 14.55039663498559
1 34682U 93036YC  18205.16315461 +.00000250 +00000-0 +77839-4 0  9992
2 34682 074.0439 100.8152 0023999 183.3488 328.9659 14.45847110495977
1 34683U 93036YD  18205.19525461 +.00000243 +00000-0 +76869-4 0  9993
2 34683 074.0348 117.2783 0029021 174.3760 341.8895 14.45002918492459
1 34685U 93036YF  18205.20927177 +.00000275 +00000-0 +91933-4 0  9991
2 34685 074.0348 142.3064 0020419 187.5444 241.5432 14.41946742495857
1 34687U 93036YH  18205.51742291 +.00001832 +00000-0 +15324-3 0  9998
2 34687 073.9245 035.1000 0094874 179.3498 212.5152 14.95915006508182
1 34689U 93036YK  18205.16737888 +.00000937 +00000-0 +66434-3 0  9990
2 34689 074.0989 093.1884 0301508 088.1559 065.3179 13.79221323470459
1 34690U 97051KM  18205.50481747 +.00001026 +00000-0 +30524-3 0  9992
2 34690 086.3858 109.9010 0010012 007.0907 114.9346 14.42226502491313
1 34693U 97051KQ  18205.39238605 +.00000785 +00000-0 +18264-3 0  9993
2 34693 086.3376 069.2855 0024145 265.6369 219.6684 14.53503788494768
1 34696U 97051KT  18205.52253566 +.00001430 +00000-0 +68841-3 0  9998
2 34696 086.2079 116.4233 0141650 166.6180 316.7487 14.12978949482742
1 34702U 97051KZ  18204.98427740 +.00000868 +00000-0 +17530-3 0  9995
2 34702 086.3074 044.1231 0041927 178.3217 181.8142 14.59646669497745
1 34705U 97051LC  18205.27734612 +.00003045 +00000-0 +54337-3 0  9996
2 34705 086.4703 141.0708 0070198 236.2138 123.2377 14.65057216494447
1 34706U 97051LD  18205.50246194 +.00004354 +00000-0 +46444-3 0  9990
2 34706 086.3183 028.3819 0033343 089.3066 299.8824 14.88194900500281
1 34721U 93036YP  18205.52510826 +.00000092 +00000-0 +77608-4 0  9996
2 34721 073.9256 274.4093 0242165 028.6589 033.5366 13.87572953476562
1 34722U 93036YQ  18204.96487477 +.00000412 +00000-0 +22966-3 0  9991
2 34722 073.8895 071.2135 0179780 163.1226 261.9096 14.06067733482691
1 34723U 93036YR  18205.37726612 +.00004855 +00000-0 +31090-3 0  9998
2 34723 073.9833 189.3177 0096987 235.8084 123.3885 15.04994580499657
1 34724U 93036YS  18205.62388635 +.00000561 +00000-0 +30902-3 0  9997
2 34724 074.0393 312.3695 0246732 338.0721 020.9991 13.99554311473291
1 34725U 93036YT  18205.42092052 +.00003173 +00000-0 +65158-3 0  9994
2 34725 074.2018 196.6641 0039687 007.6497 352.5267 14.60571341494069
1 34726U 93036YU  18204.92944401 +.00000121 +00000-0 +37627-4 0  9994
2 34726 074.0301 038.5103 0050304 139.0847 221.4107 14.50450138493120
1 34728U 93036YW  18205.43961745 +.00000275 +00000-0 +68763-4 0  9998
2 34728 074.0244 357.8512 0054714 108.8603 251.8504 14.55409982494453
1 34729U 93036YX  18205.08884124 +.00000528 +00000-0 +14429-3 0  9995
2 34729 074.0291 082.2796 0029933 152.5050 358.2406 14.49492604492116
1 34732U 93036ZA  18204.35636664 +.00000047 +00000-0 +21205-4 0  9999
2 34732 074.0449 083.4523 0040902 189.6416 294.7057 14.44969176491373
1 34735U 93036ZD  18205.10255539 +.00001249 +00000-0 +20443-3 0  9991
2 34735 074.0314 345.6279 0053859 023.3618 336.9982 14.70998901497897
1 34736U 93036ZE  18205.26619851 +.00000774 +00000-0 +22429-3 0  9998
2 34736 074.0333 138.9165 0018704 145.7826 006.7195 14.46020096490981
1 34737U 93036ZF  18204.17843809 +.00001999 +00000-0 +42374-3 0  9991
2 34737 074.0385 105.5607 0024953 022.4444 128.6379 14.59701981492624
1 34738U 93036ZG  18205.53330253 +.00000046 +00000-0 +22107-4 0  9992
2 34738 074.0181 116.2582 0050601 194.4907 221.9123 14.41374025489483
1 34739U 93036ZH  18204.60753191 +.00001184 +00000-0 +17360-3 0  9998
2 34739 074.0255 263.6506 0061799 322.7834 187.7960 14.75563253500677
1 34741U 93036ZK  18205.60459469 +.00002985 +00000-0 +22517-3 0  9993
2 34741 073.9806 187.4838 0107071 243.2164 115.8039 14.98481665502388
1 34742U 93036ZL  18205.20242428 +.00040649 +00000-0 +70872-3 0  9991
2 34742 074.0067 001.8315 0012583 068.8430 291.4127 15.50443497509262
1 34744U 93036ZN  18205.45084955 +.00001134 +00000-0 +19791-3 0  9998
2 34744 074.0113 319.9400 0041829 037.0471 080.9064 14.68667333497613
1 34745U 93036ZP  18205.43691236 +.00003367 +00000-0 +35134-3 0  9992
2 34745 074.0202 248.0024 0017620 337.3011 080.6258 14.90071615500787
1 34746U 93036ZQ  18205.48012825 +.00001297 +00000-0 +25846-3 0  9998
2 34746 074.0285 027.9690 0026061 077.4494 310.5698 14.62889249497493
1 34747U 93036ZR  18205.26203199 +.00001626 +00000-0 +16951-3 0  9994
2 34747 073.9874 145.3812 0054089 265.3037 094.1966 14.89698061504153
1 34750U 93036ZU  18205.41586594 +.00000403 +00000-0 +12770-3 0  9995
2 34750 074.1159 178.9528 0053439 142.3952 023.9218 14.42344205492063
1 34751U 93036ZV  18202.92837523 +.00001318 +00000-0 +38093-3 0  9992
2 34751 074.0070 178.5526 0038921 162.6740 228.3792 14.45146259491809
1 34752U 93036ZW  18205.53878425 +.00000428 +00000-0 +75343-4 0  9990
2 34752 074.0215 239.0354 0091161 334.9294 024.7462 14.68390694500718
1 34754U 93036ZY  18205.31760663 +.00000088 +00000-0 +38285-4 0  9998
2 34754 074.0316 159.7230 0031751 216.0120 301.4565 14.37252400493853
1 34755U 93036ZZ  18204.23087611 -.00000354 +00000-0 -32626-3 0  9994
2 34755 073.9279 286.1734 0420547 086.1993 307.9192 13.46405568462603
1 34756U 93036AAA 18205.25399253 +.00000338 +00000-0 +30925-3 0  9996
2 34756 074.0047 187.6085 0364241 266.1390 089.8016 13.60768100466641
1 34758U 93036AAC 18205.57146529 +.00000488 +00000-0 +46211-3 0  9990
2 34758 074.1068 294.6270 0403898 317.2647 039.7690 13.52484231463849
1 34759U 93036AAD 18205.58515732 +.00002571 +00000-0 +46082-3 0  9999
2 34759 074.0213 057.7979 0021745 052.4747 307.8394 14.67175442498858
1 34760U 93036AAE 18205.54704955 +.00000282 +00000-0 +15169-3 0  9993
2 34760 074.0635 048.0381 0104415 038.8225 350.9097 14.14395558485009
1 34761U 93036AAF 18205.53502177 +.00000254 +00000-0 +10739-3 0  9992
2 34761 074.0303 247.3741 0043927 216.7635 143.0501 14.30062259490787
1 34763U 93036AAH 18204.20648684 +.00001493 +00000-0 +38640-3 0  9998
2 34763 074.1738 274.0099 0063268 094.6972 297.4638 14.49541979491341
1 34764U 97051LH  18205.07837204 +.00003786 +00000-0 +47985-3 0  9993
2 34764 086.3600 067.8730 0006533 017.7517 342.3932 14.81488845497552
1 34765U 97051LJ  18205.16817198 +.00000186 +00000-0 +58947-4 0  9996
2 34765 086.3409 101.4976 0019670 046.1455 106.2859 14.34380585488869
1 34773U 97051LS  18205.17628700 +.00001116 +00000-0 +27318-3 0  9996
2 34773 086.4121 113.5914 0014075 195.9678 164.1085 14.51617614496509
1 34774U 97051LT  18204.95175899 +.00000320 +00000-0 +65511-4 0  9992
2 34774 086.4286 111.3367 0019619 105.8832 016.4501 14.57338997497481
1 34775U 97051LU  18205.20440444 +.00000788 +00000-0 +23042-3 0  9993
2 34775 086.3802 114.4175 0030771 345.2994 166.9900 14.42537935492179
1 34784U 93036AAM 18204.81874299 +.00000222 +00000-0 +62323-4 0  9996
2 34784 074.0096 028.4964 0059430 133.4037 227.2094 14.50887155493263
1 34787U 93036AAQ 18205.40573077 +.00001251 +00000-0 +22748-3 0  9994
2 34787 074.0220 358.0655 0015482 083.6853 276.6079 14.67201616488967
1 34788U 93036AAR 18204.24479345 +.00000762 +00000-0 +72575-4 0  9999
2 34788 073.9916 058.0584 0141134 144.9195 330.2750 14.88257136509676
1 34789U 93036AAS 18205.55119683 +.00001465 +00000-0 +56493-3 0  9992
2 34789 074.2078 056.8650 0099437 260.8729 124.4193 14.28432400486085
1 34790U 93036AAT 18205.46722490 +.00000364 +00000-0 +18061-3 0  9996
2 34790 074.0565 020.4660 0109100 016.2820 013.0157 14.17500598482876
1 34791U 93036AAU 18205.39535680 +.00001586 +00000-0 +19388-3 0  9992
2 34791 074.0172 197.1553 0051759 304.9622 054.6700 14.83279480504468
1 34792U 93036AAV 18205.29947917 +.00000368 +00000-0 +12372-3 0  9995
2 34792 074.0250 154.8006 0017743 183.7396 326.7905 14.40582765486909
1 34793U 93036AAW 18204.35577279 +.00000105 +00000-0 +45386-4 0  9993
2 34793 074.0034 175.5994 0055264 245.8963 265.1476 14.34985522485837
1 34796U 93036AAZ 18205.37726747 +.00000161 +00000-0 +57604-4 0  9993
2 34796 074.0340 170.4233 0118461 214.7376 307.3870 14.38095696491654
1 34797U 93036ABA 18205.34210920 +.00000732 +00000-0 +31794-3 0  9997
2 34797 073.9856 329.0276 0098683 331.7850 060.4899 14.23371520488880
1 34801U 91025R   11088.41583846 +.00002650 +00000-0 +92328-2 0  9999
2 34801 064.9061 239.2898 5645951 000.4157 349.9275 04.32246059032095
1 34813U 93036ABC 18204.03713577 +.00000765 +00000-0 +79582-3 0  9990
2 34813 073.9392 069.5028 0491128 240.6409 114.4797 13.34433746455469
1 34814U 93036ABD 18205.46604560 +.00000344 +00000-0 +14833-3 0  9991
2 34814 073.8966 231.0585 0064254 309.9698 118.3400 14.27265075488488
1 34815U 93036ABE 18205.41062369 +.00000218 +00000-0 +52051-4 0  9997
2 34815 074.0477 009.4096 0083841 053.5753 307.3104 14.57710210491787
1 34816U 93036ABF 18205.44547987 +.00000146 +00000-0 +15284-3 0  9991
2 34816 073.8867 203.5171 0387575 030.0140 117.9624 13.54078921462265
1 34818U 93036ABH 18204.70038462 +.00000115 +00000-0 +50591-4 0  9991
2 34818 074.0349 200.0731 0026793 218.1360 257.7773 14.33657653486834
1 34819U 93036ABJ 18205.28173941 +.00000399 +00000-0 +12938-3 0  9994
2 34819 074.0260 149.9493 0026034 179.1920 241.1920 14.41937644491959
1 34822U 93036ABM 18205.58055868 +.00002399 +00000-0 +30385-3 0  9996
2 34822 074.0139 285.2753 0021365 355.2701 004.8271 14.82247631494813
1 34823U 93036ABN 18205.10117566 +.00000175 +00000-0 +48946-4 0  9992
2 34823 074.0431 105.5156 0180851 145.4821 215.8241 14.44290653494213
1 34825U 97051LZ  18205.18507343 +.00001176 +00000-0 +28298-3 0  9998
2 34825 086.3724 097.5488 0009933 229.1444 284.1738 14.52502050491781
1 34827U 97051MB  18204.63694244 +.00004322 +00000-0 +61366-3 0  9995
2 34827 086.3827 080.2596 0025800 229.7021 159.8068 14.76515893495282
1 34833U 97051MH  18204.23813703 +.00000409 +00000-0 +12362-3 0  9995
2 34833 086.3982 115.2915 0024998 028.9019 133.9721 14.39768575487879
1 34845U 93036ABP 18203.46229732 +.00000100 +00000-0 +38818-4 0  9997
2 34845 074.0280 121.6923 0023917 222.5783 137.3519 14.41452224485276
1 34846U 93036ABQ 18205.42670694 +.00000340 +00000-0 +12577-3 0  9992
2 34846 074.0345 197.5281 0032506 208.0406 151.8997 14.35802178485993
1 34847U 93036ABR 18205.02613131 +.00000676 +00000-0 +68171-4 0  9996
2 34847 074.0462 082.9545 0115257 141.9414 218.9982 14.88633974503717
1 34850U 93036ABU 18205.48293553 +.00001772 +00000-0 +33442-3 0  9992
2 34850 074.0150 027.3983 0057998 073.3846 319.0373 14.64183561493270
1 34852U 93036ABW 18205.58796217 +.00000015 +00000-0 +14494-4 0  9996
2 34852 074.0325 174.9741 0017721 220.5246 139.4588 14.35269887488110
1 34853U 93036ABX 18205.61870915 +.00001572 +00000-0 +22729-3 0  9997
2 34853 074.0704 305.4544 0050779 315.7173 043.9943 14.76252120496176
1 34854U 93036ABY 18205.61729126 +.00000207 +00000-0 +46589-4 0  9990
2 34854 074.0373 305.5261 0085845 023.3522 337.1506 14.60805865323836
1 34856U 93036ACA 18205.26307660 +.00000262 +00000-0 +54553-4 0  9999
2 34856 074.0154 298.4645 0078612 025.7493 005.6237 14.63410223494197
1 34857U 93036ACB 18205.18679792 +.00000299 +00000-0 +92377-4 0  9995
2 34857 074.0218 118.0538 0085587 179.5764 331.5513 14.43648194488598
1 34859U 93036ACD 18205.39437880 +.00000698 +00000-0 +18602-3 0  9991
2 34859 074.0401 097.7505 0006328 171.7579 311.7841 14.50321474489496
1 34860U 93036ACE 18205.41458265 +.00001011 +00000-0 +22009-3 0  9992
2 34860 074.0258 062.8826 0029013 096.7621 263.6847 14.59053840490735
1 34861U 93036ACF 18205.26925469 +.00000728 +00000-0 +20993-3 0  9995
2 34861 074.0330 136.4171 0028584 154.4319 358.5755 14.46247182487970
1 34868U 97051MN  18205.37157700 +.00002201 +00000-0 +49111-3 0  9991
2 34868 086.5422 181.6967 0127832 044.7552 316.3880 14.51381838488423
1 34869U 97051MP  18204.85801293 +.00002483 +00000-0 +77106-3 0  9994
2 34869 086.4589 166.7952 0065499 131.0641 258.6883 14.39468423483972
1 34870U 97051MQ  18205.38478189 +.00000580 +00000-0 +14544-3 0  9992
2 34870 086.3194 066.3960 0029288 298.9139 187.1455 14.49438568496614
1 34873U 93036ACL 18204.65780601 +.00003387 +00000-0 +59125-3 0  9990
2 34873 074.0038 087.7426 0035133 080.9978 279.5166 14.67962954494689
1 34874U 93036ACM 18205.60077726 +.00000237 +00000-0 +10687-3 0  9995
2 34874 074.0421 291.3136 0061487 251.9303 173.8647 14.26601297484987
1 34875U 93036ACN 18205.23355333 +.00000169 +00000-0 +59806-4 0  9999
2 34875 074.0478 130.4525 0018267 207.1021 303.6182 14.41789125488146
1 34877U 93036ACQ 18205.32675404 +.00002725 +00000-0 +17731-3 0  9995
2 34877 073.9396 319.5752 0087876 124.1463 236.8100 15.05384750506523
1 34878U 93036ACR 18205.08925062 +.00000122 +00000-0 +14184-3 0  9995
2 34878 073.9671 349.8457 0448474 132.0710 349.7511 13.40493998450818
1 34879U 93036ACS 18205.27872292 +.00000369 +00000-0 +41658-3 0  9992
2 34879 073.9184 154.2350 0543896 350.0206 009.0414 13.23710954453382
1 34882U 93036ACV 18204.98827572 +.00000018 +00000-0 +10371-4 0  9994
2 34882 074.0503 319.5129 0087690 058.5030 302.4665 14.57401002491809
1 34883U 93036ACW 18205.35451671 +.00000565 +00000-0 +28366-3 0  9999
2 34883 074.2095 172.8787 0154194 036.3113 113.2430 14.12638611482670
1 34884U 93036ACX 18205.25418306 +.00000577 +00000-0 +16849-3 0  9993
2 34884 074.0331 125.5087 0018932 156.3657 002.4692 14.46227608485630
1 34885U 93036ACY 18205.32045846 +.00000271 +00000-0 +93831-4 0  9995
2 34885 074.0370 154.5388 0019231 185.2603 329.3263 14.40298194485597
1 34886U 93036ACZ 18205.56593331 +.00000481 +00000-0 +70202-4 0  9999
2 34886 073.9732 165.6149 0107800 287.5612 071.3807 14.75244522229310
1 34889U 97051MR  18205.11300756 +.00001902 +00000-0 +37177-3 0  9993
2 34889 086.3687 086.5680 0008209 125.2115 234.9866 14.62402192493961
1 34890U 97051MS  18205.14319556 +.00002420 +00000-0 +65500-3 0  9993
2 34890 086.3043 101.9617 0077642 084.4891 276.5161 14.45548817486424
1 34893U 97051MV  18205.30557878 +.00218481 +00000-0 +36392-2 0  9997
2 34893 086.1002 330.3043 0005895 357.2413 002.8813 15.51228964500442
1 34896U 97051MY  18205.36861375 +.00000427 +00000-0 +10624-3 0  9996
2 34896 086.3340 069.7872 0035032 290.6172 194.9481 14.49076483484317
1 34898U 97051NA  18205.00526054 +.00001201 +00000-0 +21334-3 0  9992
2 34898 086.3325 048.7273 0025147 147.3777 212.8996 14.66136748494175
1 34899U 97051NB  18205.47610345 +.00004086 +00000-0 +61121-3 0  9993
2 34899 086.3992 098.6857 0023352 177.6978 304.6136 14.74308680489549
1 34907U 93036ADC 18205.28048450 +.00000862 +00000-0 +25344-3 0  9998
2 34907 074.0223 146.4880 0021350 145.6057 008.6060 14.45112628486533
1 34908U 93036ADD 18205.13329296 +.00000206 +00000-0 +88656-4 0  9991
2 34908 074.0601 258.7394 0047168 230.5049 159.0737 14.30059028486485
1 34909U 93036ADE 18205.48385497 +.00000252 +00000-0 +50010-4 0  9999
2 34909 074.0168 255.4211 0106557 347.4384 012.4129 14.64467380272676
1 34910U 93036ADF 18204.93184510 +.00000270 +00000-0 +30773-3 0  9996
2 34910 073.8776 021.2507 0480545 238.5663 279.1440 13.33904033455070
1 34911U 93036ADG 18204.40121951 +.00000025 +00000-0 +11986-4 0  9993
2 34911 074.0443 329.0575 0087513 060.6897 354.7949 14.56100383492752
1 34912U 93036ADH 18205.29688702 +.00000809 +00000-0 +13057-3 0  9994
2 34912 074.1668 307.4186 0065751 261.5649 097.8068 14.71767811497594
1 34913U 93036ADJ 18205.30203796 +.00000010 +00000-0 +12851-4 0  9999
2 34913 074.0263 183.5841 0022154 228.3146 195.7317 14.33940865265047
1 34914U 93036ADK 18205.04030461 +.00000905 +00000-0 +15230-3 0  9994
2 34914 074.0056 343.9118 0167395 204.5105 154.8041 14.62434633493153
1 34916U 93036ADM 18205.08823095 +.00001027 +00000-0 +16573-3 0  9990
2 34916 074.0789 342.8294 0100633 124.3590 353.7271 14.69464578498529
1 34918U 93036ADP 18205.49736502 +.00000572 +00000-0 +20884-3 0  9997
2 34918 074.0765 253.7132 0048882 195.9391 228.6585 14.34561091485463
1 34920U 93036ADR 18204.47487413 +.00000823 +00000-0 +22877-3 0  9994
2 34920 074.0323 130.9553 0017793 146.9547 213.2728 14.47937405489929
1 34922U 93036ADT 18205.30622484 +.00000628 +00000-0 +66019-4 0  9998
2 34922 074.1574 179.2122 0094945 106.3610 254.8036 14.88560404500184
1 34924U 93036ADV 18205.43661262 +.00000308 +00000-0 +91937-4 0  9993
2 34924 074.0453 107.1295 0072126 148.6922 328.9701 14.45636258486374
1 34926U 97051NF  18205.05671566 +.00000325 +00000-0 +15175-3 0  9990
2 34926 086.1591 105.9839 0172535 232.1601 193.5827 14.10067425481614
1 34928U 97051NH  18202.94576800 +.00000596 +00000-0 +12543-3 0  9998
2 34928 086.4029 087.4845 0030480 254.0339 105.7511 14.57576246265947
1 34944U 93036ADX 18205.13553129 +.00000074 +00000-0 +47714-4 0  9998
2 34944 073.7645 016.6323 0237453 304.8887 053.0132 14.07074410262272
1 34946U 93036ADZ 18205.20625527 +.00000293 +00000-0 +80284-4 0  9992
2 34946 074.0244 041.0409 0061175 125.1351 235.5564 14.50516990490053
1 34948U 93036AEB 18205.33605509 +.00000939 +00000-0 +26942-3 0  9993
2 34948 074.0221 151.2691 0027597 141.6686 019.1302 14.46067099486890
1 34949U 93036AEC 18205.53041216 +.00000094 +00000-0 +23519-4 0  9995
2 34949 074.0230 268.9853 0095448 012.2738 348.0721 14.62814713488351
1 34951U 93036AEE 18205.24549179 +.00000402 +00000-0 +79272-4 0  9997
2 34951 074.0197 301.0549 0068053 027.2320 333.2389 14.64618009490128
1 34953U 93036AEG 18205.10320260 +.00000366 +00000-0 +96141-4 0  9995
2 34953 074.0983 078.6669 0079809 077.4003 073.5188 14.50838063488755
1 34954U 93036AEH 18205.09538267 +.00000648 +00000-0 +18303-3 0  9998
2 34954 073.9927 124.4971 0033353 170.6633 189.5154 14.47401243488255
1 34955U 93036AEJ 18205.26533230 +.00000282 +00000-0 +41922-4 0  9991
2 34955 074.0455 169.4510 0122547 234.4369 124.5333 14.75546370500841
1 34958U 93036AEM 18205.22388722 +.00000737 +00000-0 +69296-4 0  9993
2 34958 074.0132 060.1636 0146363 124.7578 236.7484 14.88292319497873
1 34962U 93036AER 18205.32240604 +.00000171 +00000-0 +63521-4 0  9992
2 34962 074.0331 150.0582 0021265 205.4145 315.0245 14.39332726488372
1 34963U 93036AES 18204.55233212 +.00000376 +00000-0 +14260-3 0  9996
2 34963 074.1799 290.7707 0051032 162.9768 197.3112 14.33580634480054
1 34964U 93036AET 18205.59039212 +.00000278 +00000-0 +19912-3 0  9996
2 34964 073.9807 294.7229 0240752 005.0066 355.3383 13.88535740469388
1 34965U 93036AEU 18205.07427175 +.00000119 +00000-0 +42868-4 0  9990
2 34965 074.0538 109.2103 0028596 195.8681 224.9157 14.43544295481363
1 34966U 93036AEV 18205.29104664 +.00004052 +00000-0 +35764-3 0  9996
2 34966 073.9681 164.2638 0027794 355.4638 004.6290 14.96462037498348
1 34967U 93036AEW 18205.28172729 +.00000272 +00000-0 +10396-3 0  9997
2 34967 073.9957 189.9746 0046439 247.4293 112.1941 14.34773301264196
1 34968U 93036AEX 18204.33576576 +.00000010 +00000-0 +87903-5 0  9991
2 34968 074.0417 331.1114 0091001 055.6604 305.3127 14.55883666491698
1 34969U 93036AEY 18205.46168149 +.00000137 +00000-0 +63737-4 0  9998
2 34969 074.0143 249.3449 0080643 296.4391 062.8499 14.28123959265872
1 34970U 93036AEZ 18205.23839252 +.00006331 +00000-0 +45252-3 0  9998
2 34970 073.9844 166.7467 0025893 240.3982 119.4626 15.04411566284255
1 34971U 93036AFA 18205.10471330 +.00000010 +00000-0 +95996-5 0  9994
2 34971 073.9803 352.4098 0074077 133.1020 348.5353 14.51636499269862
