1 29915U 99025HM  18205.60854270 +.00003072 +00000-0 +34346-3 0  9994
2 29915 099.0431 255.3494 0061337 199.3909 160.4969 14.86519735612638
1 29916U 99025HN  18205.33378233 +.00000363 +00000-0 +46912-3 0  9997
2 29916 099.2763 342.2845 0275906 274.7614 111.2305 13.54127935569130
1 29917U 99025HP  18205.10432256 +.00000101 +00000-0 +14502-3 0  9999
2 29917 098.8820 246.4552 0235310 001.5064 017.3906 13.64640906572743
1 29918U 99025HQ  18205.50196932 +.00000623 +00000-0 +32013-3 0  9998
2 29918 099.0215 207.9660 0016806 146.8431 004.5387 14.18998011594226
1 29919U 99025HR  18205.52347799 +.00000040 +00000-0 +64133-4 0  9992
2 29919 098.4537 216.5777 0139766 155.0496 356.6050 13.84021725582020
1 29920U 99025HS  18205.06382228 +.00000372 +00000-0 +27798-3 0  9992
2 29920 098.4081 240.3951 0136871 286.6871 100.5024 13.96012512585945
1 29921U 99025HT  18205.54028206 +.00000352 +00000-0 +24900-3 0  9999
2 29921 098.9995 235.8558 0047982 053.6801 101.8271 14.03813407589961
1 29922U 99025HU  18205.48747125 +.00000059 +00000-0 +72119-4 0  9991
2 29922 099.3425 195.0290 0094727 166.3514 352.0169 13.97259330587489
1 29923U 99025HV  18205.55998617 +.00000225 +00000-0 +15344-3 0  9995
2 29923 098.9098 237.6351 0017599 251.6518 262.0152 14.09700435592272
1 29924U 99025HW  18205.56106847 -.00000107 +00000-0 -36013-4 0  9991
2 29924 098.9927 231.6622 0026059 292.7226 222.7072 14.08225790592383
1 29925U 99025HX  18205.43294924 +.00001904 +00000-0 +31681-3 0  9991
2 29925 099.0301 186.1133 0070116 353.2203 157.9218 14.69887481609393
1 29926U 99025HY  18205.43530425 -.00000003 +00000-0 +13323-4 0  9995
2 29926 098.5031 266.2341 0263689 014.2623 104.6412 14.28641811600338
1 29927U 99025HZ  18205.44748823 +.00000798 +00000-0 +32406-3 0  9992
2 29927 099.1345 030.0652 0032001 223.7739 165.7981 14.30369128598238
1 29928U 99025JA  18205.31318146 +.00000126 +00000-0 +14051-3 0  9991
2 29928 099.3841 149.9961 0150471 058.6402 093.8547 13.83950779581325
1 29929U 99025JB  18205.46127410 +.00000085 +00000-0 +89887-4 0  9994
2 29929 098.6123 277.1882 0146849 093.9654 333.5440 13.91260770583605
1 29930U 99025JC  18204.36092580 +.00000049 +00000-0 +40119-4 0  9998
2 29930 099.0257 330.6176 0168780 168.1409 256.9020 14.18528500596033
1 29931U 99025JD  18205.52141333 +.00000298 +00000-0 +22192-3 0  9995
2 29931 099.1801 225.2441 0032243 020.4298 143.0625 14.02599461589771
1 29932U 99025JE  18205.55683855 +.00000106 +00000-0 +78414-4 0  9996
2 29932 098.8763 235.2202 0038440 209.2083 304.3974 14.13991489594318
1 29933U 99025JF  18205.48496734 +.00000797 +00000-0 +33202-3 0  9998
2 29933 098.8692 206.8376 0013483 046.2223 105.7324 14.29135527597507
1 29935U 99025JH  18205.42419324 -.00000002 +00000-0 +17872-4 0  9990
2 29935 098.3602 010.0409 0153504 038.9706 350.3700 14.12878833594453
1 29938U 99025JL  18205.55668693 +.00000054 +00000-0 +58933-4 0  9991
2 29938 098.8698 234.8756 0033550 335.4154 178.2768 14.06165531591261
1 29940U 99025JN  18205.55335226 +.00000284 +00000-0 +17021-3 0  9994
2 29940 098.8487 240.1215 0078408 244.6089 278.6260 14.13259430593342
1 29941U 99025JP  18205.13883442 +.00001189 +00000-0 +25654-3 0  9993
2 29941 098.8919 083.7654 0072404 082.5686 086.9701 14.58850807606803
1 29942U 99025JQ  18205.53531902 +.00000265 +00000-0 +13576-3 0  9993
2 29942 098.9288 232.2410 0054746 175.5387 184.6290 14.22987543594405
1 29944U 99025JS  18205.44188501 +.00000257 +00000-0 +46748-4 0  9997
2 29944 099.0640 196.8601 0253729 242.8215 274.2147 14.58082576609469
1 29946U 99025JU  18205.54428722 +.00000212 +00000-0 +15049-3 0  9992
2 29946 098.8802 236.8254 0082643 012.4187 143.0063 14.06166809591107
1 29947U 99025JV  18205.51821201 -.00000048 +00000-0 -16621-5 0  9997
2 29947 099.1687 231.3691 0042146 044.1408 123.8737 14.01831030589516
1 29948U 99025JW  18205.58869821 -.00000128 +00000-0 -50529-4 0  9998
2 29948 098.8615 235.6633 0084698 243.2333 269.6885 14.04993926590795
1 29949U 99025JX  18205.55242602 -.00000101 +00000-0 -33729-4 0  9992
2 29949 099.0371 230.7964 0023324 306.6546 205.7926 14.06414453591771
1 29953U 99025KB  18205.61287340 +.00000052 +00000-0 +74439-4 0  9998
2 29953 099.0994 255.3657 0113389 040.0297 112.6621 13.88739213583954
1 29954U 99025KC  18205.60476406 +.00000299 +00000-0 +15112-3 0  9996
2 29954 100.1344 142.7062 0087273 203.2977 156.4230 14.23270657597305
1 29955U 99025KD  18205.60747953 +.00000662 +00000-0 +32027-3 0  9993
2 29955 099.2938 083.5395 0011165 046.5463 343.6244 14.22242774595917
1 29957U 99025KF  18204.85836900 +.00000802 +00000-0 +45420-3 0  9999
2 29957 098.9677 264.0821 0063448 346.1273 073.4799 14.11996505591694
1 29959U 99025KH  18204.98849068 +.00000180 +00000-0 +13994-3 0  9994
2 29959 099.1267 227.8918 0041755 293.4099 096.9516 14.04628104590421
1 29960U 99025KJ  18205.07468591 +.00000054 +00000-0 +49968-4 0  9996
2 29960 098.7376 250.5393 0097600 079.4060 311.3495 14.12406921593309
1 29961U 99025KK  18205.59509704 +.00000019 +00000-0 +27006-4 0  9996
2 29961 098.9655 336.0368 0077409 141.7226 218.9483 14.24260889598876
1 29962U 99025KL  18205.34967920 -.00000138 +00000-0 -54107-4 0  9994
2 29962 098.9936 233.2897 0111454 225.4946 202.4925 14.05626274590955
1 29963U 99025KM  18204.28534949 +.00000251 +00000-0 +13028-3 0  9998
2 29963 098.9693 328.4067 0055294 133.4968 289.4408 14.22717467597258
1 29964U 99025KN  18205.31247312 +.00000143 +00000-0 +12232-3 0  9995
2 29964 098.3838 233.9590 0142805 271.9996 086.4819 13.95987833586130
1 29965U 99025KP  18205.53741854 +.00000204 +00000-0 +17056-3 0  9997
2 29965 099.0713 234.2999 0146043 267.5675 249.7278 13.94537232586744
1 29966U 99025KQ  18205.38876923 +.00000110 +00000-0 +73346-4 0  9998
2 29966 099.4760 176.0422 0043044 046.5694 313.9049 14.20976759596852
1 29967U 99025KR  18205.60204376 +.00000438 +00000-0 +26469-3 0  9997
2 29967 099.0596 239.9998 0088336 013.2663 142.2920 14.09972409590976
1 29968U 99025KS  18205.54505595 +.00000200 +00000-0 +14359-3 0  9990
2 29968 098.8724 235.4307 0092032 014.7132 139.5370 14.05694641591296
1 29969U 99025KT  18205.61831034 +.00000582 +00000-0 +31075-3 0  9996
2 29969 098.9487 247.1547 0050044 242.2045 270.9262 14.16586741593439
1 29971U 99025KV  18205.55735399 +.00000315 +00000-0 +20007-3 0  9996
2 29971 099.0138 238.5929 0024533 259.8884 254.6295 14.10935944592345
1 29972U 99025KW  18205.53027686 +.00000421 +00000-0 +13441-3 0  9990
2 29972 098.9553 041.0251 0095001 187.9927 199.7300 14.42769806604445
1 29973U 99025KX  18205.54915845 +.00000472 +00000-0 +33453-3 0  9996
2 29973 098.9766 234.7892 0068010 099.6994 054.8623 14.01408716588868
1 29974U 99025KY  18205.41854375 +.00000272 +00000-0 +19408-3 0  9995
2 29974 099.0492 272.3294 0052065 078.9993 342.6479 14.04988345589708
1 29976U 99025LA  18204.57687715 -.00000270 +00000-0 -12232-3 0  9993
2 29976 099.0613 234.8813 0276486 111.6574 037.6126 13.95494661586710
1 29977U 99025LB  18205.60918045 +.00000464 +00000-0 +33588-3 0  9992
2 29977 098.4141 244.5026 0134971 272.9585 240.3491 13.96811958586260
1 29978U 99025LC  18205.52308149 -.00000151 +00000-0 -75979-4 0  9998
2 29978 099.3689 212.4065 0076550 193.1492 319.2226 13.95085980586870
1 29980U 99025LE  18205.20276753 -.00000108 +00000-0 -38968-4 0  9990
2 29980 098.7828 104.5846 0088066 293.3687 221.4291 14.04917908590903
1 29981U 99025LF  18205.49136214 +.00009562 +00000-0 +25505-3 0  9992
2 29981 098.8802 007.2113 0054707 323.9364 035.8190 15.36904361623648
1 29982U 99025LG  18205.51602767 +.00000216 +00000-0 +56916-4 0  9995
2 29982 099.4068 007.4890 0149086 100.6418 302.2584 14.54397166610001
1 29983U 99025LH  18205.48973365 +.00001469 +00000-0 +32491-3 0  9999
2 29983 099.1885 204.4774 0074715 210.0068 301.8914 14.57331501606516
1 29986U 99025LL  18204.94680595 +.00000415 +00000-0 +24311-3 0  9994
2 29986 099.4120 075.3174 0030776 026.2926 101.3379 14.13942775592517
1 29987U 99025LM  18205.22627257 +.00000486 +00000-0 +36042-3 0  9995
2 29987 098.9730 109.7312 0094023 170.6399 341.3113 13.97772388585457
1 29989U 99025LP  18205.54508182 -.00000000 +00000-0 +20925-4 0  9994
2 29989 098.6849 241.7001 0126698 003.2096 164.4612 14.13943105594676
1 29991U 99025LR  18205.40637903 +.00001177 +00000-0 +50238-3 0  9990
2 29991 102.2090 003.5805 0005928 353.6070 034.5365 14.28277456596186
1 29992U 99025LS  18205.04467741 -.00000046 +00000-0 -95861-6 0  9992
2 29992 098.8399 232.9350 0088693 259.9884 127.8873 14.10659262593326
1 29996U 99025LW  18205.56474696 +.00000338 +00000-0 +26271-3 0  9998
2 29996 099.2405 163.3458 0147801 260.4804 162.8209 13.94554162584129
1 29997U 99025LX  18205.55762896 +.00000488 +00000-0 +37355-3 0  9991
2 29997 099.1077 238.3735 0080203 204.5165 310.4177 13.96726725586907
1 29998U 99025LY  18205.09459620 +.00000220 +00000-0 +12936-3 0  9991
2 29998 099.3149 080.6785 0007268 048.7199 311.4599 14.18791648595324
1 29999U 99025LZ  18205.61323390 +.00000077 +00000-0 +51639-4 0  9998
2 29999 098.6779 249.0961 0199036 338.2929 173.2180 14.15735884595154
1 30001U 99025MA  18205.46611767 +.00000803 +00000-0 +44061-3 0  9992
2 30001 099.0122 192.6131 0050836 246.5199 265.6828 14.14117496591257
1 30004U 99025MD  18205.50823297 +.00000241 +00000-0 +16109-3 0  9991
2 30004 099.0297 305.3421 0040767 001.2712 058.9579 14.09976350592283
1 30005U 99025ME  18205.24187294 -.00000191 +00000-0 -16787-3 0  9991
2 30005 099.3602 310.5753 0361202 039.1360 323.5314 13.47041954565767
1 30007U 99025MG  18205.34268802 +.00000229 +00000-0 +14721-3 0  9995
2 30007 099.1888 333.6333 0075056 050.4230 335.5964 14.11700090591829
1 30008U 99025MH  18205.47955564 +.00000752 +00000-0 +26830-3 0  9993
2 30008 099.4161 214.1444 0063740 180.2988 337.4525 14.36369525601425
1 30012U 99025MM  18205.58453036 +.00000069 +00000-0 +94932-4 0  9997
2 30012 099.4966 171.3140 0139200 085.9699 335.4064 13.84217390582063
1 30013U 99025MN  18205.30248670 +.00000012 +00000-0 +45774-4 0  9992
2 30013 099.3392 147.1869 0131061 023.4480 130.1672 13.86092481582965
1 30015U 99025MQ  18205.54117837 +.00000205 +00000-0 +11218-3 0  9999
2 30015 099.2286 052.7409 0042658 294.0079 095.0472 14.22721502597600
1 30016U 99025MR  18205.47641690 +.00000623 +00000-0 +19585-3 0  9990
2 30016 098.9581 031.0492 0083759 238.1286 150.9206 14.42321751603511
1 30017U 99025MS  18205.59569216 +.00000040 +00000-0 +16682-4 0  9996
2 30017 098.7335 080.8786 0234103 154.1305 207.1819 14.55667868611515
1 30018U 99025MT  18204.98683437 +.00000224 +00000-0 +54827-4 0  9998
2 30018 098.7730 086.9664 0150685 206.0008 281.0986 14.56545134610568
1 30019U 99025MU  18204.61249698 +.00001262 +00000-0 +44706-3 0  9993
2 30019 098.1780 265.7139 0191463 255.8757 102.1083 14.26497703595113
1 30020U 99025MV  18205.56688866 -.00000068 +00000-0 -13868-4 0  9995
2 30020 099.0068 236.2915 0187830 014.8281 137.4078 14.00494762588736
1 30021U 99025MW  18205.55592366 -.00000026 +00000-0 +11009-4 0  9992
2 30021 098.9130 234.0654 0072642 273.5773 245.6765 14.03978851590631
1 30022U 99025MX  18204.89007344 -.00000025 +00000-0 +85364-5 0  9991
2 30022 098.8696 315.5116 0069333 086.5043 060.8685 14.22252129598226
1 30023U 99025MY  18205.27643060 +.00000043 +00000-0 +51525-4 0  9996
2 30023 099.0620 310.0602 0049283 029.4675 356.3747 14.07906537591964
1 30024U 99025MZ  18205.58016801 +.00001389 +00000-0 +85632-4 0  9998
2 30024 098.7065 243.6815 0179397 215.4945 143.4233 14.99789338622877
1 30025U 99025NA  18205.48982077 +.00001890 +00000-0 +10389-3 0  9998
2 30025 098.3852 043.7377 0194791 351.2322 008.5513 15.00878199619609
1 30026U 99025NB  18205.42915148 +.00002124 +00000-0 +16419-3 0  9999
2 30026 099.1190 021.2910 0126426 325.5757 033.7316 14.96880051618181
1 30028U 99025ND  18205.61778934 +.00000276 +00000-0 +73368-4 0  9995
2 30028 098.2908 249.3250 0199913 213.9080 299.4933 14.45451717606786
1 30030U 99025NF  18205.43246810 +.00000888 +00000-0 +16308-3 0  9990
2 30030 099.7278 188.8645 0116100 176.7515 183.4463 14.64843942610541
1 30031U 99025NG  18205.22286581 +.00001545 +00000-0 +22078-3 0  9999
2 30031 099.1773 310.2649 0076049 307.0012 052.4250 14.76601046611662
1 30032U 99025NH  18204.62371702 +.00001554 +00000-0 +16743-3 0  9995
2 30032 097.3142 088.5705 0220632 014.8969 345.8602 14.73565402611723
1 30035U 99025NL  18205.52381716 -.00000021 +00000-0 +10834-4 0  9999
2 30035 099.3519 227.3594 0116242 340.6357 174.0187 14.35897561603933
1 30036U 99025NM  18205.55648206 +.00000111 +00000-0 +41811-4 0  9991
2 30036 098.5759 241.4047 0213056 035.1510 119.1325 14.37828384603572
1 30037U 99025NN  18204.93000264 +.00000038 +00000-0 +26394-4 0  9996
2 30037 098.4235 247.9839 0181027 153.6240 331.2469 14.31196037601772
1 30038U 99025NP  18205.55301442 +.00000095 +00000-0 +36538-4 0  9992
2 30038 098.4413 241.5770 0275000 237.8200 288.8053 14.33016935602048
1 30039U 99025NQ  18205.43440844 +.00001113 +00000-0 +28760-3 0  9999
2 30039 097.0025 181.8097 0145181 041.8560 107.6570 14.45258595602897
1 30040U 99025NR  18204.82567633 +.00000580 +00000-0 +28710-3 0  9991
2 30040 098.3605 322.0936 0041090 320.1039 191.6549 14.20420353595049
1 30041U 99025NS  18205.22689581 +.00000166 +00000-0 +12135-3 0  9998
2 30041 099.4607 119.1588 0036954 124.9639 034.9059 14.09761944592381
1 30043U 99025NU  18204.91055491 +.00000215 +00000-0 +90075-4 0  9997
2 30043 098.4139 015.7956 0321628 326.1662 031.9352 14.11328348591932
1 30044U 99025NV  18205.39034285 +.00000341 +00000-0 +15958-3 0  9995
2 30044 098.1682 260.3229 0123736 258.6888 100.0367 14.22087897595079
1 30045U 99025NW  18205.10345086 +.00000833 +00000-0 +52992-3 0  9994
2 30045 099.0969 161.3538 0122556 072.8382 347.0145 14.02863845587245
1 30047U 99025NY  18205.32554198 +.00000047 +00000-0 +74300-4 0  9991
2 30047 099.8712 146.7110 0130671 260.4927 252.8319 13.90004565583931
1 30048U 99025NZ  18205.63992765 +.00000025 +00000-0 +56417-4 0  9997
2 30048 098.6827 259.0408 0188944 312.5348 207.3665 13.78327221579449
1 30050U 99025PB  18205.34049979 +.00000280 +00000-0 +25920-3 0  9995
2 30050 096.8249 152.7424 0181179 124.6148 028.1603 13.79844840579601
1 30053U 99025PE  18205.45977139 +.00000474 +00000-0 +29119-3 0  9997
2 30053 098.5905 203.1355 0387654 116.1482 035.0038 13.77807484577214
1 30054U 99025PF  18205.55726274 +.00000118 +00000-0 +14517-3 0  9992
2 30054 099.6967 230.0345 0285234 119.5160 030.3148 13.67197576574562
1 30056U 99025PH  18204.67650355 +.00000719 +00000-0 +67050-3 0  9999
2 30056 098.3567 356.8481 0329323 200.8569 157.8876 13.62855375571225
1 30057U 99025PJ  18204.83276818 +.00000185 +00000-0 +25924-3 0  9997
2 30057 098.8818 152.5216 0301629 231.7155 157.0886 13.51392899567481
1 30058U 99025PK  18205.07599962 +.00000078 +00000-0 +15343-3 0  9998
2 30058 099.8667 245.8900 0321694 331.9338 053.9826 13.45324496565365
1 30059U 99025PL  18205.58586042 -.00000043 +00000-0 -40177-5 0  9999
2 30059 098.8981 118.0669 0329213 291.0779 191.7211 13.44261733565358
1 30060U 99025PM  18205.61288831 +.00000652 +00000-0 +91664-3 0  9999
2 30060 099.3144 249.0212 0360544 263.6550 255.2060 13.37193987561250
1 30061U 99025PN  18205.39742352 +.00000891 +00000-0 +12189-2 0  9997
2 30061 101.8760 178.3694 0386942 183.5232 332.5138 13.35460054559880
1 30063U 99025PQ  18205.41440025 -.00000019 +00000-0 +12309-4 0  9993
2 30063 098.6821 263.6128 0031977 326.5714 099.1130 14.14816808595048
1 30064U 99025PR  18205.58466854 +.00000037 +00000-0 +43301-4 0  9995
2 30064 098.9088 233.4575 0066462 223.2875 302.2971 14.12648848594108
1 30065U 99025PS  18204.31399357 +.00000038 +00000-0 +63358-4 0  9994
2 30065 098.7750 322.7575 0132236 183.1249 176.9096 13.86059706582804
1 30066U 99025PT  18205.56736826 -.00000024 +00000-0 +83222-5 0  9998
2 30066 098.7052 235.1014 0121543 109.0147 041.6396 14.17448356596015
1 30068U 99025PV  18205.51794926 +.00000092 +00000-0 +63113-4 0  9990
2 30068 098.7868 235.6590 0195271 089.2292 273.1247 14.10276361592993
1 30069U 99025PW  18205.60135023 -.00000193 +00000-0 -95168-4 0  9997
2 30069 098.8636 244.3075 0050921 047.4532 107.5466 14.03175629589916
1 30070U 99025PX  18205.31689733 +.00000302 +00000-0 +14628-3 0  9990
2 30070 098.3094 131.3192 0396535 338.8903 178.6307 13.90813807582366
1 30071U 99025PY  18205.62919021 +.00000455 +00000-0 +21023-3 0  9997
2 30071 098.8257 255.5394 0062179 100.1358 055.0537 14.24792954596336
1 30072U 99025PZ  18205.40080059 +.00000281 +00000-0 +18189-3 0  9990
2 30072 099.1079 265.0151 0084882 352.6037 007.3874 14.09320439589911
1 30073U 99025QA  18205.46299368 +.00000354 +00000-0 +24409-3 0  9995
2 30073 099.4590 025.5528 0062644 187.9932 201.1860 14.05369861589417
1 30074U 99025QB  18205.42346978 +.00000167 +00000-0 +13178-3 0  9995
2 30074 099.2263 191.5750 0111829 062.6886 298.5612 14.01995436587660
1 30075U 99025QC  18205.39551556 -.00000090 +00000-0 -32909-4 0  9993
2 30075 099.3654 168.7229 0090654 231.2882 281.3258 13.91672095585255
1 30076U 99025QD  18205.60651050 +.00000035 +00000-0 +74017-4 0  9991
2 30076 099.3245 241.4297 0178551 358.8920 152.2361 13.74747336578084
1 30077U 99025QE  18205.55476050 -.00000135 +00000-0 -53774-4 0  9991
2 30077 099.0327 230.6655 0020447 270.2142 241.9059 14.06750655591746
1 30079U 99025QG  18205.00470650 +.00000452 +00000-0 +33572-3 0  9996
2 30079 099.3149 206.1327 0082568 142.1795 240.5039 13.98850214587908
1 30080U 99025QH  18205.34879895 +.00000145 +00000-0 +99121-4 0  9991
2 30080 098.7713 247.4482 0137178 149.5034 272.6577 14.08800804592401
1 30081U 99025QJ  18205.54155764 +.00000340 +00000-0 +27239-3 0  9993
2 30081 099.0557 236.3102 0077609 204.0064 311.8614 13.96126209587015
1 30082U 99025QK  18205.44017296 +.00000663 +00000-0 +10066-3 0  9998
2 30082 098.8800 184.6122 0165485 041.3062 108.1117 14.69329976614306
1 30085U 99025QN  18205.40703867 +.00002856 +00000-0 +27832-3 0  9998
2 30085 098.4522 006.7451 0104123 258.1453 100.8071 14.89430231614834
1 30086U 99025QP  18205.50698946 +.00000319 +00000-0 +23757-3 0  9995
2 30086 099.1753 219.4075 0063906 053.2652 099.8127 14.01282061588853
1 30087U 99025QQ  18205.06784120 +.00000132 +00000-0 +51276-4 0  9998
2 30087 098.7245 235.3600 0244002 174.1205 213.6994 14.30614388600879
1 30088U 99025QR  18205.39282589 +.00000069 +00000-0 +35870-4 0  9998
2 30088 098.4723 252.2830 0216710 337.3750 085.9558 14.29973247600689
1 30089U 99025QS  18205.36023711 +.00000071 +00000-0 +46257-4 0  9990
2 30089 098.9942 348.2422 0078221 098.8990 291.4223 14.27208878599644
1 30090U 99025QT  18205.33893119 +.00000073 +00000-0 +52463-4 0  9994
2 30090 099.3603 156.3238 0061551 235.3708 278.7557 14.23932571598424
1 30092U 99025QV  18204.92732861 +.00000149 +00000-0 +70210-4 0  9990
2 30092 098.6916 304.8527 0092105 258.8142 164.5685 14.31371662600994
1 30093U 99025QW  18205.32580405 +.00000252 +00000-0 +10562-3 0  9999
2 30093 098.7897 320.9501 0081888 351.7376 020.5551 14.32691037600875
1 30094U 99025QX  18205.43895719 +.00002022 +00000-0 +39172-3 0  9994
2 30094 098.9990 122.7066 0047993 161.1706 199.1282 14.63841464605981
1 30095U 99025QY  18205.34753442 +.00000630 +00000-0 +12976-3 0  9997
2 30095 099.2656 176.5845 0287786 104.8214 258.5039 14.41695053602121
1 30096U 99025QZ  18205.56908782 +.00000097 +00000-0 +55988-4 0  9999
2 30096 099.1461 103.2930 0084931 088.4997 272.5909 14.27962217600100
1 30097U 99025RA  18205.47387450 +.00004677 +00000-0 +58626-3 0  9992
2 30097 099.3063 288.9232 0068863 243.2618 116.1532 14.81163833607507
1 30098U 99025RB  18205.21715232 +.00005742 +00000-0 +65400-3 0  9990
2 30098 099.3220 300.8051 0065752 226.3847 133.1898 14.85120076607810
1 30099U 99025RC  18205.49639471 +.00000066 +00000-0 +47893-4 0  9992
2 30099 098.7170 289.6163 0065281 160.0779 322.2820 14.22684862597993
1 30101U 99025RE  18204.69050299 +.00001566 +00000-0 +46665-3 0  9993
2 30101 099.1544 113.7183 0039440 098.0276 292.5948 14.44201831600985
1 30102U 99025RF  18205.43904203 +.00000004 +00000-0 +20856-4 0  9991
2 30102 098.6859 275.2313 0146580 259.3611 163.4585 14.19238848596636
1 30103U 99025RG  18205.50699543 +.00000155 +00000-0 +94809-4 0  9994
2 30103 099.2713 044.3249 0067574 233.7174 155.6773 14.19430675596017
1 30104U 99025RH  18205.59011757 +.00000262 +00000-0 +14055-3 0  9992
2 30104 098.6150 108.2064 0082050 025.2952 093.3956 14.19295668595713
1 30105U 99025RJ  18205.52219942 +.00000100 +00000-0 +59307-4 0  9993
2 30105 098.6703 242.7924 0208557 300.2068 057.8599 14.16966164595354
1 30106U 99025RK  18205.24527514 +.00001174 +00000-0 +44128-3 0  9996
2 30106 098.9037 312.2470 0124032 265.1710 123.5869 14.29400827596945
1 30107U 99025RL  18205.42154931 -.00000013 +00000-0 +16815-4 0  9991
2 30107 099.1057 201.6635 0128629 341.7996 017.8593 14.13485574594344
1 30108U 99025RM  18205.55251684 +.00000049 +00000-0 +40008-4 0  9998
2 30108 098.7164 239.6498 0204614 191.5013 325.4005 14.13946449594605
1 30109U 99025RN  18205.14073646 +.00000014 +00000-0 +25714-4 0  9993
2 30109 098.7383 264.1338 0176979 052.3075 336.0451 14.13585354593975
1 30110U 99025RP  18205.38991509 +.00000064 +00000-0 +11424-3 0  9995
2 30110 098.8319 186.4346 0272243 103.3093 259.8556 13.55053037569604
1 30111U 99025RQ  18205.52523752 +.00002225 +00000-0 +62704-3 0  9991
2 30111 101.6039 145.1961 0108224 034.7666 024.5147 14.44034966598819
1 30112U 99025RR  18204.44989915 +.00000160 +00000-0 +86603-4 0  9990
2 30112 099.3344 035.1104 0220975 161.1345 199.8179 14.14550357593670
1 30113U 99025RS  18205.53640097 +.00000738 +00000-0 +36278-3 0  9990
2 30113 098.9554 302.9814 0057722 227.3106 255.0812 14.19982794594422
1 30114U 99025RT  18205.51520917 -.00000090 +00000-0 -26678-4 0  9994
2 30114 098.9240 233.7163 0083143 164.1272 000.8417 14.07929621591860
1 30115U 99025RU  18205.60640759 +.00000411 +00000-0 +24561-3 0  9995
2 30115 098.8785 253.7127 0075869 182.9036 339.7539 14.11189043592072
1 30116U 99025RV  18204.94963203 +.00000467 +00000-0 +26835-3 0  9991
2 30116 099.4064 077.6363 0028312 019.3250 109.9777 14.14413350592454
1 30117U 99025RW  18205.54393145 +.00000323 +00000-0 +20048-3 0  9992
2 30117 098.8666 236.4762 0167121 228.7360 293.9292 14.05240088590791
1 30118U 99025RX  18205.55660619 -.00000091 +00000-0 -28814-4 0  9991
2 30118 098.9928 233.0623 0086048 040.3389 111.0468 14.04178953590571
1 30119U 99025RY  18205.53590341 +.00000512 +00000-0 +28155-3 0  9997
2 30119 097.9754 100.8528 0151780 224.5342 259.1073 14.09638694590725
1 30120U 99025RZ  18205.55205970 +.00000410 +00000-0 +24024-3 0  9990
2 30120 099.0470 236.9008 0077639 327.5436 186.9045 14.12435868591850
1 30121U 99025SA  18205.14067175 +.00000595 +00000-0 +33890-3 0  9994
2 30121 102.1753 259.1781 0047566 168.8143 215.1905 14.15396214591970
1 30122U 99025SB  18205.61641814 +.00000689 +00000-0 +28466-3 0  9992
2 30122 095.9199 252.4756 0173800 102.4034 047.7017 14.20328132592037
1 30123U 99025SC  18204.83241313 +.00000445 +00000-0 +19033-3 0  9996
2 30123 096.9264 348.3192 0268365 246.7558 110.5157 14.10896482590966
1 30124U 99025SD  18205.36802772 +.00000532 +00000-0 +31692-3 0  9990
2 30124 099.1293 172.5123 0159724 060.4524 093.0718 14.05456165589417
1 30125U 99025SE  18205.37404535 +.00000426 +00000-0 +13773-3 0  9999
2 30125 098.5352 358.0392 0404874 102.3737 292.2270 14.05666870589105
1 30127U 99025SG  18205.49687233 +.00000687 +00000-0 +37363-3 0  9992
2 30127 098.2053 218.4886 0124380 021.6882 338.9494 14.11234393589883
1 30128U 99025SH  18205.14363868 +.00000498 +00000-0 +25160-3 0  9992
2 30128 096.9892 007.5081 0170746 340.8638 070.6934 14.11925210590051
1 30129U 99025SJ  18205.12099351 +.00000562 +00000-0 +35574-3 0  9996
2 30129 098.0339 083.3282 0197723 193.0048 324.4547 13.98100666587592
1 30131U 99025SL  18205.53847726 +.00001157 +00000-0 +74122-3 0  9994
2 30131 099.1917 232.3864 0100896 122.9333 030.9109 14.02933135587341
1 30132U 99025SM  18205.48517295 -.00000042 +00000-0 +37095-5 0  9997
2 30132 099.6703 030.1955 0109174 085.8460 303.3104 13.92213046585330
1 30133U 99025SN  18205.54128738 +.00000624 +00000-0 +45539-3 0  9990
2 30133 098.3098 208.8014 0089045 300.3846 226.9716 13.97498608586335
1 30134U 99025SP  18205.58740274 -.00000014 +00000-0 +17713-4 0  9998
2 30134 098.9669 236.4833 0018911 251.2392 260.7567 14.09484215592066
1 30135U 99025SQ  18204.83273241 +.00001059 +00000-0 +35047-3 0  9999
2 30135 098.9204 333.0675 0139213 167.1058 345.6733 14.34802356599044
1 30136U 99025SR  18205.14362420 +.00000039 +00000-0 +57020-4 0  9996
2 30136 098.5473 272.8060 0132066 350.8010 037.9447 13.92451253585121
1 30137U 99025SS  18205.41678623 +.00002628 +00000-0 +31369-3 0  9995
2 30137 099.0875 268.0984 0059358 246.0209 177.4688 14.84103177612055
1 30138U 99025ST  18204.79312472 +.00000367 +00000-0 +22381-3 0  9995
2 30138 099.0091 234.7441 0020824 240.5968 175.0521 14.12274116592534
1 30139U 99025SU  18205.51197406 +.00000296 +00000-0 +22638-3 0  9991
2 30139 098.3881 232.9517 0141333 294.6068 230.2241 13.95705652585649
1 30140U 99025SV  18205.07368292 +.00000399 +00000-0 +25374-3 0  9991
2 30140 099.0227 242.3471 0045985 022.0014 006.3297 14.08980113590514
1 30141U 99025SW  18204.31684755 +.00000657 +00000-0 +29814-3 0  9993
2 30141 099.0244 334.3340 0022073 324.3143 096.6865 14.25306676596193
1 30142U 99025SX  18205.50332034 +.00000269 +00000-0 +20751-3 0  9996
2 30142 099.2761 219.9319 0113669 178.7937 181.3521 13.98687171586100
1 30143U 99025SY  18205.53680648 +.00000310 +00000-0 +24951-3 0  9990
2 30143 098.9286 099.3730 0106172 193.9573 288.6489 13.95173949585486
1 30144U 99025SZ  18204.84020966 +.00000043 +00000-0 +66766-4 0  9999
2 30144 099.1370 240.4650 0131650 055.2659 359.3099 13.88716830583685
1 30145U 99025TA  18205.32726948 +.00000401 +00000-0 +31405-3 0  9996
2 30145 099.3243 234.3775 0110037 340.9442 083.0339 13.95310729584355
1 30146U 99025TB  18204.85838115 +.00000040 +00000-0 +59212-4 0  9990
2 30146 098.0343 353.5865 0184791 030.1728 132.0008 13.82995023580839
1 30147U 99025TC  18205.55041329 +.00001612 +00000-0 +87936-3 0  9991
2 30147 098.8996 061.0829 0143620 131.3050 250.0307 14.08367845586171
1 30148U 99025TD  18205.20427244 +.00000156 +00000-0 +16605-3 0  9995
2 30148 099.3817 299.5378 0141217 176.5367 214.1708 13.84374755581610
1 30149U 99025TE  18205.47824530 +.00002179 +00000-0 +32097-3 0  9994
2 30149 099.0582 211.0461 0062424 307.3872 207.6373 14.75358179610268
1 30150U 99025TF  18205.14756740 +.00000064 +00000-0 +87343-4 0  9993
2 30150 098.9810 079.9043 0153990 059.2022 090.6271 13.83205934581237
1 30151U 99025TG  18205.11160949 +.00000263 +00000-0 +26581-3 0  9998
2 30151 099.3003 251.1631 0167371 275.8774 108.0349 13.80294884579913
1 30152U 99025TH  18204.93369056 +.00000711 +00000-0 +60055-3 0  9990
2 30152 099.1248 092.4608 0183551 166.1917 194.4356 13.83487546579652
1 30153U 99025TJ  18205.63081910 +.00000104 +00000-0 +14278-3 0  9991
2 30153 100.4369 265.3371 0211023 343.5779 172.1954 13.73818494576871
1 30154U 99025TK  18204.38494576 +.00000227 +00000-0 +23261-3 0  9997
2 30154 098.4841 131.1348 0197082 330.5845 156.7414 13.77246379577551
1 30155U 99025TL  18205.51075440 +.00000446 +00000-0 +50311-3 0  9998
2 30155 099.8475 213.5524 0266861 011.9193 348.8101 13.62013558570497
1 30156U 99025TM  18205.21463609 +.00000772 +00000-0 +75428-3 0  9992
2 30156 098.9699 308.4254 0208177 237.5625 133.3029 13.72991176576025
1 30157U 99025TN  18203.94824340 +.00000478 +00000-0 +22971-3 0  9992
2 30157 098.8783 246.6250 0051310 137.5492 344.6989 14.22861294595345
1 30160U 99025TR  18205.16200726 +.00000200 +00000-0 +30115-3 0  9990
2 30160 098.8816 085.6364 0354811 067.8568 079.8833 13.39394373562596
1 30161U 99025TS  18205.50833795 +.00000461 +00000-0 +63895-3 0  9997
2 30161 100.5365 040.1503 0344971 245.4513 128.6137 13.42259463563009
1 30162U 99025TT  18205.36936602 +.00000617 +00000-0 +81153-3 0  9993
2 30162 099.4898 351.2110 0338985 220.9120 153.5724 13.43725235563518
1 30163U 99025TU  18205.29448314 -.00000161 +00000-0 -17301-3 0  9994
2 30163 098.7041 322.9201 0392841 139.6506 252.6710 13.32406463559565
1 30164U 99025TV  18205.27005442 +.00002110 +00000-0 +14319-2 0  9993
2 30164 099.5325 013.6396 0410977 088.8746 275.9442 13.67008558564760
