1 31755U 99025CFE 18205.33010625 +.00000056 +00000-0 +51152-4 0  9991
2 31755 098.8836 237.8057 0196787 045.6194 011.5627 14.05078737257541
1 31756U 99025CFF 18204.50663744 +.00000753 +00000-0 +35294-3 0  9998
2 31756 099.3494 106.7979 0063175 327.8125 031.9201 14.22434586579524
1 31757U 99025CFG 18205.25579196 -.00000228 +00000-0 -92766-4 0  9996
2 31757 099.0680 233.3751 0227204 072.6672 289.9210 14.04177930579455
1 31758U 99025CFH 18205.46932571 +.00000614 +00000-0 +17295-3 0  9990
2 31758 098.1448 069.7149 0479229 320.1452 036.5417 13.98283748564853
1 31759U 99025CFJ 18204.95450260 +.00001893 +00000-0 +50180-3 0  9994
2 31759 098.5830 201.9263 0004444 105.6185 284.3462 14.49900730583917
1 31760U 99025CFK 18205.53158424 +.00000184 +00000-0 +10129-3 0  9999
2 31760 099.2516 108.2727 0058288 340.7552 019.1423 14.23262895579042
1 31761U 99025CFL 18204.23782078 +.00000546 +00000-0 +17131-3 0  9996
2 31761 098.6411 217.4734 0578816 066.9738 299.1373 13.76463732207859
1 31763U 99025CFN 18204.54245550 +.00000252 +00000-0 +18453-3 0  9993
2 31763 098.5214 317.0142 0576517 164.1055 262.0663 13.42829543547273
1 31764U 99025CFP 12296.47618688 +.00001733 +00000-0 +12488-2 0  9993
2 31764 098.1533 024.1924 0256818 055.6463 309.3154 13.83258966274811
1 31765U 99025CFQ 18205.43295925 +.00002254 +00000-0 +13024-2 0  9997
2 31765 098.9781 019.2660 0276038 153.3893 239.5057 13.92542372560468
1 31766U 99025CFR 18204.34097134 -.00000100 +00000-0 -34210-4 0  9991
2 31766 098.9536 232.6964 0073882 278.6184 080.6617 14.04050494577098
1 31767U 99025CFS 18205.55133271 -.00000162 +00000-0 -74007-4 0  9995
2 31767 099.1394 228.4232 0042055 019.2965 134.3706 14.03602699569635
1 31768U 99025CFT 18205.56304696 +.00000690 +00000-0 +24717-3 0  9994
2 31768 099.0920 060.7845 0056249 087.0275 303.4630 14.36509408580238
1 31769U 99025CFU 18205.52893293 +.00000926 +00000-0 +54786-3 0  9998
2 31769 098.5087 308.2113 0104207 290.4175 068.5828 14.07356972259811
1 31770U 99025CFV 18205.48423876 +.00004153 +00000-0 +84284-3 0  9993
2 31770 097.7032 085.7456 0140525 331.8875 150.4776 14.55585428211488
1 31771U 99025CFW 18205.16162428 +.00001281 +00000-0 +45304-3 0  9991
2 31771 102.8036 327.9625 0028354 121.2419 239.1535 14.37559997263746
1 31772U 99025CFX 18200.19636805  .00000449  00000-0  29473-3 0  9999
2 31772  98.4760 276.4172 0153046 202.5558 156.8833 14.01045520568387
1 31773U 99025CFY 18204.24350276 +.00000638 +00000-0 +22590-3 0  9998
2 31773 099.0031 017.2238 0071045 296.4901 062.9010 14.36839367262060
1 31774U 99025CFZ 18197.34613018  .00000410  00000-0  25955-3 0  9993
2 31774  98.9501 237.5471 0070531 311.7892  47.7264 14.08452005570991
1 31775U 99025CGA 11226.67471454 -.00000167 +00000-0 -82847-4 0  9997
2 31775 099.0335 196.6010 0053942 207.4914 152.3213 13.99704455215661
1 31776U 99025CGB 18205.16206399 +.00000451 +00000-0 +29188-3 0  9992
2 31776 099.1148 182.1160 0063725 329.6082 086.3066 14.07077731568409
1 31777U 99025CGC 15055.29453299 +.00003519 +00000-0 +72569-3 0  9999
2 31777 099.0151 219.8281 0050484 353.8557 010.9187 14.60387688404779
1 31778U 99025CGD 09048.84830456 -.00000053 +00000-0 -45392-5 0  9998
2 31778 099.2891 060.5851 0046215 216.8807 142.7455 14.00453805088320
1 31779U 99025CGE 18205.24771950 +.00000097 +00000-0 +40424-4 0  9997
2 31779 099.3747 220.0554 0232927 110.3888 252.2479 14.35101484583435
1 31780U 99025CGF 18205.24989785 +.00000125 +00000-0 +34421-4 0  9998
2 31780 099.2907 354.3382 0176973 303.1831 055.2499 14.58323028592384
1 31781U 99025CGG 18205.47172427 +.00000161 +00000-0 +14062-3 0  9999
2 31781 099.4676 280.9304 0268646 329.9000 028.6945 13.84580975565969
1 31782U 99025CGH 18205.22124458 +.00000092 +00000-0 +50927-4 0  9998
2 31782 098.6910 302.2193 0086849 348.8840 040.4799 14.30086426581771
1 31783U 99025CGJ 18205.41326771 +.00000262 +00000-0 +17933-3 0  9990
2 31783 098.9049 270.5386 0109950 082.5680 339.0431 14.05036214571458
1 31784U 99025CGK 18205.46013480 +.00001239 +00000-0 +44833-3 0  9990
2 31784 099.0273 299.9458 0028201 017.3156 342.8983 14.35183541577402
1 31785U 99025CGL 18205.38648483 +.00014842 +00000-0 +79738-3 0  9995
2 31785 096.5329 073.9445 0023553 136.5404 223.7693 15.14732732308102
1 31786U 99025CGM 18183.35591052  .00001333  00000-0  92030-3 0  9998
2 31786  97.6981 231.1923 0112549 240.6058 118.3835 13.97533233563197
1 31787U 99025CGN 18204.97998107 +.00001150 +00000-0 +29660-3 0  9999
2 31787 098.5999 279.7686 0113226 090.2833 271.1334 14.48233035264626
1 31788U 99025CGP 18205.47333431 +.00000343 +00000-0 +42532-3 0  9995
2 31788 102.5642 052.5661 0501059 158.4760 321.0276 13.30735757547306
1 31794U 07029C   18205.56462073 +.00000011 +00000-0 +49977-4 0  9993
2 31794 071.0412 160.1139 0204638 085.9616 026.4335 13.71029712553896
1 31795U 07029D   18205.36923806 -.00000062 +00000-0 -19292-4 0  9993
2 31795 070.9461 163.8807 0223666 176.4350 348.5329 13.67871136552658
1 31796U 07029E   18205.41085799 +.00000006 +00000-0 +46756-4 0  9991
2 31796 071.0408 198.3965 0214520 134.4232 014.6969 13.68179811552789
1 31799U 07029F   18205.44744807 -.00000011 +00000-0 +33242-4 0  9992
2 31799 070.9403 188.4361 0228836 221.9545 305.1725 13.65748384551454
1 31802U 99025CGQ 18205.25854006 +.00000847 +00000-0 +88172-4 0  9994
2 31802 098.3206 228.9070 0180028 003.8977 356.3588 14.81744372273219
1 31804U 99025CGS 18204.76976849 +.00000514 +00000-0 +34334-3 0  9992
2 31804 098.2964 206.4309 0156432 224.1915 134.6669 13.99174819258232
1 31805U 99025CGT 18205.45363367 +.00000344 +00000-0 +13004-3 0  9997
2 31805 098.4009 075.4212 0557422 002.8806 357.5341 13.74788519250984
1 31806U 99025CGU 18183.87817829  .00000616  00000-0  51184-3 0  9999
2 31806  97.6912  50.5955 0367684  65.0858 298.8032 13.63976203554094
1 31807U 99025CGV 18205.54439363 +.00000166 +00000-0 +64009-4 0  9993
2 31807 099.0448 121.4985 0125025 219.8243 139.3718 14.39765486263993
1 31808U 99025CGW 18204.91892122 +.00001264 +00000-0 +76675-3 0  9991
2 31808 099.2260 254.7809 0089757 192.4985 167.3956 14.06274550568548
1 31809U 99025CGX 18201.21259575  .00001723  00000-0  38567-3 0  9999
2 31809  98.8359 358.3519 0028420 179.2341 180.8905 14.57847917585712
1 31810U 99025CGY 18205.35045008 +.00000247 +00000-0 +77644-4 0  9994
2 31810 098.5513 246.8873 0246677 293.7781 063.7714 14.33888938583350
1 31812U 99025CHA 18181.44744223 -.00000093  00000-0 -32528-4 0  9997
2 31812  99.0127 256.4384 0069096 214.8113 144.8521 14.00339434565582
1 31813U 99025CHB 18205.52662595 +.00000134 +00000-0 +52834-4 0  9991
2 31813 099.4231 312.4926 0154054 309.2226 049.5368 14.41060467583325
1 31814U 99025CHC 18204.27181420 +.00000111 +00000-0 +16571-3 0  9998
2 31814 099.8307 212.9160 0232674 250.9901 106.5903 13.64065822249754
1 31815U 99025CHD 18204.93578242 +.00000080 +00000-0 +68535-4 0  9997
2 31815 098.7942 233.2202 0060269 103.1717 257.6188 14.09776186575098
1 31816U 99025CHE 18205.51115800 +.00000375 +00000-0 +33108-3 0  9994
2 31816 098.8221 045.0660 0129673 306.4176 081.5674 13.87419019562251
1 31817U 99025CHF 18205.27740355 +.00000480 +00000-0 +15739-3 0  9994
2 31817 098.9660 030.7342 0089888 230.8352 128.4825 14.41056604323912
1 31819U 99025CHH 18204.89263885 +.00000116 +00000-0 +64606-4 0  9995
2 31819 098.5816 240.2973 0091964 318.7275 040.6978 14.25782355582034
1 31820U 99025CHJ 18204.53331202 +.00000595 +00000-0 +10278-3 0  9993
2 31820 098.9177 114.3461 0262199 356.8870 003.0681 14.52890492588354
1 31821U 99025CHK 18205.17777092 +.00000376 +00000-0 +19954-3 0  9993
2 31821 098.1908 350.0390 0418097 052.3370 311.4952 13.81242628560442
1 31823U 99025CHM 18205.18742221 +.00000915 +00000-0 +31921-3 0  9999
2 31823 099.5187 293.1328 0061537 174.1136 186.0784 14.37029479577796
1 31825U 99025CHP 18205.33075295 +.00000173 +00000-0 +94626-4 0  9996
2 31825 098.7629 240.3434 0178173 178.0583 241.2642 14.15825490573961
1 31826U 99025CHQ 18204.91401683 +.00000108 +00000-0 +72532-4 0  9994
2 31826 098.7349 240.6602 0131365 014.5894 107.1485 14.14729145576183
1 31827U 99025CHR 18204.21942079 +.00000606 +00000-0 +48645-3 0  9997
2 31827 097.6490 208.1343 0129462 265.4004 093.2362 13.89852471239708
1 31828U 99025CHS 18205.37285032 +.00001780 +00000-0 +54480-3 0  9993
2 31828 099.2948 053.1211 0181440 344.5178 015.0498 14.34201054196757
1 31829U 99025CHT 18205.50481689 +.00000036 +00000-0 +62110-4 0  9998
2 31829 099.0533 102.6925 0172014 282.2267 202.2414 13.86223973567448
1 31830U 99025CHU 18205.48868052 +.00000601 +00000-0 +59597-3 0  9992
2 31830 099.0358 027.8939 0201566 262.6880 121.8618 13.73622452556188
1 31831U 99025CHV 18201.52209363 +.00000975 +00000-0 +68754-3 0  9997
2 31831 097.8904 316.3828 0138481 299.6595 059.0840 13.95473499257156
1 31832U 99025CHW 18199.40111411 +.00000404 +00000-0 +31636-3 0  9993
2 31832 097.8165 265.1295 0152907 347.4609 012.2768 13.91276063563954
1 31833U 99025CHX 18205.26428041 +.00000264 +00000-0 +34703-3 0  9998
2 31833 098.2064 214.4753 0334658 104.3169 259.5366 13.46554447547755
1 31834U 99025CHY 18205.30235926 -.00000369 +00000-0 -19866-3 0  9993
2 31834 098.3470 249.5551 0174063 127.4310 234.2839 13.99910750259294
1 31835U 99025CHZ 13135.67582413 +.00005094 +00000-0 +33563-2 0  9994
2 31835 098.3320 296.5729 0181051 214.5570 206.7154 13.94489834304811
1 31836U 99025CJA 18202.03358924 +.00000560 +00000-0 +41652-3 0  9995
2 31836 098.6560 295.2287 0137810 094.7692 266.9223 13.94307375236383
1 31837U 99025CJB 18205.33472736 +.00000409 +00000-0 +93054-4 0  9996
2 31837 098.4136 251.1045 0145820 157.6224 203.1423 14.55120220589560
1 31838U 99025CJC 18205.31415691 +.00000226 +00000-0 +14059-3 0  9996
2 31838 098.9871 234.0657 0041516 226.8382 195.6776 14.14444991577867
1 31839U 99025CJD 18165.42261516  .00001031  00000-0  41996-3 0  9994
2 31839  98.3045  35.3564 0392215 327.7425  30.0284 13.95010665555034
1 31840U 99025CJE 18180.30184847  .00000102  00000-0  10881-3 0  9998
2 31840  99.1102 211.4920 0093737 312.9308  46.4015 13.92974766572305
1 31841U 99025CJF 18205.25535050 +.00000518 +00000-0 +28587-3 0  9990
2 31841 098.4353 200.7486 0353092 237.2199 189.9520 13.88131862564610
1 31842U 99025CJG 18205.36775993 +.00003620 +00000-0 +13942-3 0  9991
2 31842 098.1665 270.2387 0189304 095.7355 266.5490 15.12017226597317
1 31843U 99025CJH 18205.38341858 +.00000374 +00000-0 +30039-3 0  9992
2 31843 099.2368 053.8809 0722543 003.5436 357.0427 13.12748786543068
1 31844U 99025CJJ 18205.21782571 +.00000220 +00000-0 +14366-3 0  9991
2 31844 100.2669 115.0597 0116243 093.0001 268.4474 14.11088305572105
1 31847U 99025CJM 18203.91163074 +.00000390 +00000-0 +28011-3 0  9990
2 31847 099.2191 236.4670 0100191 168.4456 191.9041 14.00598964573534
1 31848U 99025CJN 18205.13661889 +.00000820 +00000-0 +12544-3 0  9996
2 31848 096.7151 174.1347 0141243 072.8243 288.8374 14.69159427592489
1 31849U 99025CJP 18203.50010127  .00011776  00000-0  63259-3 0  9990
2 31849  97.8461  89.5365 0070169 140.3409 220.2983 15.12928552594927
1 31850U 99025CJQ 18205.56438443 +.00000522 +00000-0 +96303-4 0  9999
2 31850 098.4443 127.5068 0297147 171.6058 189.0267 14.45210791264366
1 31851U 99025CJR 18198.32266746  .00000558  00000-0  56708-3 0  9993
2 31851  98.7925 222.9183 0220858 292.9420  64.8560 13.70711382554860
1 31852U 99025CJS 18205.33431627 +.00003088 +00000-0 +55737-3 0  9998
2 31852 098.7816 039.1918 0456611 147.1600 215.8851 14.16657952563306
1 31853U 99025CJT 12296.77196088 +.00000808 +00000-0 +56122-3 0  9996
2 31853 099.0148 272.9740 0042449 141.6565 225.0087 14.01298154287315
1 31854U 99025CJU 18204.30825135 +.00000512 +00000-0 +36673-3 0  9994
2 31854 099.0041 239.1375 0085293 082.0595 279.0239 13.99855088574343
1 31855U 99025CJV 18204.85160785 +.00005375 +00000-0 +34023-3 0  9997
2 31855 096.6638 169.0340 0216575 053.3274 308.7639 14.91876631597075
1 31856U 99025CJW 18203.05743549 +.00003036 +00000-0 +32662-3 0  9993
2 31856 098.9010 158.6463 0039810 241.3928 118.3278 14.88865810591100
1 31857U 99025CJX 18205.52173197 +.00000665 +00000-0 +72099-3 0  9997
2 31857 096.1990 113.1716 0330906 157.2714 204.3476 13.53291934549989
1 31858U 99025CJY 17230.91756474  .00000093  00000-0  11308-3 0  9994
2 31858  97.6319 119.2854 0366565 251.2096 104.8956 13.57280047505154
1 31861U 99025CKB 18204.86926017 +.00001033 +00000-0 +13104-2 0  9996
2 31861 102.3404 226.2239 0532148 219.6247 270.0881 13.19352150541247
1 31868U 99057PT  11262.73508588 -.00065057 +00000-0 -22587-1 0  9992
2 31868 098.2350 238.9791 0014568 299.6621 044.4427 14.35966287227943
1 31870U 99057PV  18204.30004030 +.00005123 +00000-0 +45135-3 0  9996
2 31870 098.2280 241.3213 0006165 129.4970 230.6796 14.96926933592131
1 31871U 99057PW  18205.35092671 +.00004140 +00000-0 +39746-3 0  9990
2 31871 098.2365 241.3274 0008262 099.7229 260.4923 14.93646735594400
1 31872U 99057PX  18205.24553976 +.00002794 +00000-0 +38884-3 0  9994
2 31872 098.2860 212.8078 0004832 179.5087 180.6128 14.78651453592127
1 31873U 99057PY  18205.17156458 +.00001158 +00000-0 +26680-3 0  9995
2 31873 098.3919 179.7900 0005399 010.8233 047.5884 14.57228508199691
1 31874U 99057PZ  12003.72173391 +.00008468 +00000-0 +25715-2 0  9990
2 31874 098.2060 347.1572 0011746 066.1886 295.0777 14.42335266241339
1 31876U 99057QB  18205.16272409 +.00001488 +00000-0 +31181-3 0  9990
2 31876 098.3581 172.8440 0012814 004.3028 355.8281 14.61167367595182
1 31877U 99025CKC 18205.44840627 +.00000359 +00000-0 +57250-4 0  9992
2 31877 099.0185 280.5942 0183906 071.5629 290.5468 14.68692959592376
1 31878U 99025CKD 18205.42605977 +.00000212 +00000-0 +54286-4 0  9992
2 31878 099.4821 056.3900 0141213 108.4457 253.2147 14.56842558587615
1 31879U 99025CKE 18205.36024106 +.00000108 +00000-0 +45099-4 0  9991
2 31879 099.7400 053.4394 0226976 239.2329 118.6329 14.36259150244308
1 31880U 99025CKF 18205.02391390 +.00000167 +00000-0 +17857-3 0  9993
2 31880 099.9634 147.3099 0137097 006.9807 353.3215 13.84969856255858
1 31881U 99025CKG 18205.36025203 +.00003778 +00000-0 +32492-3 0  9991
2 31881 099.0409 246.1145 0056516 251.0670 108.4417 14.96962562203674
1 31882U 99025CKH 18205.55169243 +.00000254 +00000-0 +17584-3 0  9997
2 31882 098.8850 125.0407 0037817 255.1057 104.5923 14.07385673206402
1 31883U 99025CKJ 18205.18191031 +.00000202 +00000-0 +54432-4 0  9994
2 31883 099.1014 207.5048 0153305 323.7159 035.3714 14.53736607586781
1 31886U 99025CKM 18204.82051496 +.00000587 +00000-0 +31257-3 0  9992
2 31886 099.1829 330.0468 0058025 029.6177 330.8261 14.16593308193165
1 31887U 99025CKN 18205.17235906 +.00000620 +00000-0 +24116-3 0  9996
2 31887 099.5357 277.4563 0034383 235.8735 152.7638 14.33649886578593
1 31888U 99025CKP 18205.24077814 +.00000676 +00000-0 +36908-3 0  9990
2 31888 099.1912 345.3602 0026394 310.1555 168.6782 14.15505121575390
1 31890U 99025CKR 18204.89347564 -.00000068 +00000-0 -12624-4 0  9992
2 31890 098.9671 231.8901 0072359 296.5566 062.8199 14.09072648573193
1 31891U 99025CKS 18205.00605685 +.00000225 +00000-0 +28757-3 0  9994
2 31891 099.6641 234.1506 0227737 257.6336 099.9232 13.63749048556173
1 31892U 99025CKT 18205.05886347 +.00000126 +00000-0 +52772-4 0  9991
2 31892 099.2317 146.9005 0226922 188.1648 171.5815 14.30960397262437
1 31893U 99025CKU 18205.31890369 +.00000115 +00000-0 +32507-4 0  9992
2 31893 099.0948 243.7016 0195353 230.4371 189.6179 14.55986596590872
1 31895U 99025CKW 18199.56218663 -.00000001  00000-0  37740-4 0  9993
2 31895  99.1406 331.1668 0247004  92.1163 270.8285 13.65396423553146
1 31897U 99025CKY 15287.29917184 +.00000532 +00000-0 +26114-3 0  9994
2 31897 098.8324 314.7133 0088884 110.1889 244.1416 14.19824757433011
1 31898U 99025CKZ 18205.50774580 +.00000236 +00000-0 +64677-4 0  9991
2 31898 098.5735 309.7641 0205988 120.0017 242.1790 14.44479565266010
1 31899U 99025CLA 18205.26730053 +.00000148 +00000-0 +19188-3 0  9990
2 31899 102.0943 229.0460 0216466 069.4535 292.9686 13.73710063304269
1 31901U 99025CLC 18205.06434494 -.00000167 +00000-0 -91434-4 0  9990
2 31901 098.6708 316.8930 0134728 092.1902 269.4694 13.92873220258295
1 31902U 99025CLD 18205.61362899 +.00000038 +00000-0 +31813-4 0  9991
2 31902 098.6033 251.9258 0188845 068.4876 081.2604 14.19987282264768
1 31903U 99025CLE 18205.35667808 +.00000264 +00000-0 +76520-4 0  9996
2 31903 099.2637 253.2575 0160899 147.7929 213.3212 14.46652714585850
1 31904U 99025CLF 18201.28684043 +.00000978 +00000-0 +71386-3 0  9991
2 31904 098.9000 016.4533 0183457 358.7139 001.3526 13.90682583205471
1 31905U 99025CLG 18205.34697686 +.00000229 +00000-0 +97574-4 0  9997
2 31905 099.2042 034.6215 0219752 296.2618 061.6126 14.23561306581677
1 31906U 99025CLH 18204.48620775 +.00000541 +00000-0 +34188-3 0  9995
2 31906 098.5925 040.7426 0062468 251.8237 169.1108 14.07218405570411
1 31910U 99025CLM 18205.49872427 +.00000351 +00000-0 +98742-4 0  9991
2 31910 097.7544 112.5338 0283016 069.0892 294.0340 14.30016218579031
1 31911U 99025CLN 18204.43051939 +.00000523 +00000-0 +61798-3 0  9993
2 31911 098.7543 279.2255 0544935 306.4639 048.7424 13.21908074537252
1 31912U 99025CLP 18204.48898316 +.00000048 +00000-0 +93090-4 0  9990
2 31912 098.8494 307.4303 0550802 346.7994 011.9194 13.20709070535267
1 31913U 99025CLQ 18205.02888109 +.00000195 +00000-0 +22238-3 0  9999
2 31913 099.3592 145.1051 0239594 209.4282 149.3195 13.69997233187710
1 31914U 99025CLR 18205.14772184 +.00000004 +00000-0 +14111-4 0  9999
2 31914 099.0475 187.2508 0192478 272.9972 084.9211 14.51275091293008
1 31915U 99025CLS 18205.36475368 +.00000181 +00000-0 +12240-3 0  9994
2 31915 098.8862 253.4098 0110023 003.6206 356.5736 14.09156729571223
1 31916U 99025CLT 18204.48132202 +.00000483 +00000-0 +22314-3 0  9992
2 31916 099.3503 088.1122 0174514 188.6349 171.1812 14.18175917574038
1 31917U 99025CLU 18205.33287302 +.00000097 +00000-0 +44838-4 0  9997
2 31917 098.5141 249.1766 0211382 015.2398 043.0151 14.29489750578150
1 31919U 99025CLW 18205.61570876 +.00000031 +00000-0 +25100-4 0  9990
2 31919 099.0603 137.9455 0111210 238.0780 248.1857 14.39434662582237
1 31920U 99025CLX 18204.97983894 +.00000750 +00000-0 +77543-4 0  9994
2 31920 098.8288 215.6271 0174712 163.3845 197.3192 14.83294949599330
1 31921U 99025CLY 18205.23872774 +.00000525 +00000-0 +55556-3 0  9998
2 31921 099.4277 118.6375 0217233 082.0241 068.1942 13.69042080553299
1 31922U 99025CLZ 18205.27233286 -.00000553 +00000-0 -44697-3 0  9999
2 31922 098.9071 322.3385 0175337 086.3824 305.3493 13.79177374557627
1 31923U 99025CMA 18204.26001258 -.00000378 +00000-0 -40350-3 0  9997
2 31923 098.4342 309.6503 0316756 099.9854 263.7183 13.49384720271830
1 31924U 99025CMB 18204.12607626 +.00000461 +00000-0 +53994-3 0  9993
2 31924 098.4134 344.4509 0288124 345.2268 066.1551 13.56360686548065
1 31926U 99025CMD 18204.05242824 +.00000466 +00000-0 +28135-3 0  9996
2 31926 099.0851 230.3954 0048143 353.7651 034.2062 14.11068672570152
1 31929U 99025CME 18205.48670667 -.00000001 +00000-0 +16714-4 0  9994
2 31929 098.6877 296.8408 0081972 038.5241 322.1752 14.28281971320828
1 31930U 99025CMF 12019.70469688 +.00003716 +00000-0 +20486-2 0  9991
2 31930 098.2607 189.2774 0312987 057.1291 305.7249 13.89997780235059
1 31931U 99025CMG 18204.23128868 +.00000089 +00000-0 +12452-3 0  9999
2 31931 097.7991 006.7832 0434707 059.0897 305.2227 13.38993879545803
1 31934U 99025CMK 18205.50039840 +.00000601 +00000-0 +17534-3 0  9990
2 31934 098.9570 037.3311 0104313 152.0102 208.6752 14.45010543215703
1 31935U 99025CML 18205.27129313 +.00000869 +00000-0 +44892-3 0  9993
2 31935 099.7331 224.3246 0070111 174.3549 185.8428 14.16829435226864
1 31937U 99025CMN 18202.04633339 +.00000442 +00000-0 +85858-4 0  9990
2 31937 099.2543 293.3226 0231888 181.3583 178.7009 14.53679069266571
1 31938U 99025CMP 18203.11238710  .00000149  00000-0  25210-4 0  9994
2 31938  98.9128 264.8763 0210761 292.5717  65.3309 14.73556865593833
1 31942U 99025CMT 18205.51062112 +.00003279 +00000-0 +17882-2 0  9997
2 31942 098.9235 036.4588 0151403 300.9645 057.6721 14.07155202558858
1 31944U 99025CMV 18205.50893900 +.00000061 +00000-0 +58592-4 0  9996
2 31944 099.0454 299.4646 0163167 328.6535 087.2633 14.05291964249656
1 31945U 99025CMW 18204.81856390 +.00000566 +00000-0 +35216-3 0  9999
2 31945 099.1460 220.8758 0070749 320.8879 038.7187 14.08014274572020
1 31946U 99025CMX 18197.32742741  .00000501  00000-0  31742-3 0  9990
2 31946  99.0183 235.8774 0097192  90.3572 270.8733 14.06182677567982
1 31947U 99025CMY 18205.39058491 +.00001043 +00000-0 +36607-3 0  9997
2 31947 098.7688 274.4564 0071843 304.1010 055.3371 14.35735024354488
1 31948U 99025CMZ 18203.14415616 +.00000526 +00000-0 +30442-3 0  9991
2 31948 099.4155 069.9214 0032693 048.8995 110.2960 14.13365021567651
1 31949U 99025CNA 18205.38695288 -.00000035 +00000-0 +38312-5 0  9997
2 31949 098.7172 260.1446 0132169 029.7156 331.1442 14.13754613573577
1 31952U 99025CND 18205.56581408 +.00000128 +00000-0 +46399-4 0  9994
2 31952 098.9363 119.3301 0131390 076.6966 284.8838 14.45441875581777
1 31953U 99025CNE 18205.14979476 +.00001658 +00000-0 +76884-3 0  9995
2 31953 099.3599 342.1726 0172303 267.9782 090.1650 14.14722581237210
1 31954U 99025CNF 18204.93196361 +.00000283 +00000-0 +22001-3 0  9991
2 31954 098.1521 109.9862 0090490 246.3557 112.8090 13.97553898573889
1 31955U 99025CNG 18204.69493146 +.00000576 +00000-0 +21432-3 0  9998
2 31955 099.2942 166.3082 0065707 173.3075 313.2238 14.35073734576622
1 31956U 99025CNH 17200.63133255 +.00000748 +00000-0 +34458-3 0  9993
2 31956 099.4903 134.8095 0040929 319.6512 040.1630 14.24096275532780
1 31957U 99025CNJ 18204.00949534 +.00000586 +00000-0 +21870-3 0  9999
2 31957 099.5065 272.3326 0055288 223.8153 135.8636 14.35392385577552
1 31958U 99025CNK 18205.20581074 +.00006042 +00000-0 +49945-3 0  9990
2 31958 098.9462 200.9637 0035704 176.5047 183.6428 14.98909714560995
1 31959U 99025CNL 18203.95849732 +.00000893 +00000-0 +44303-3 0  9990
2 31959 098.6292 096.6103 0042901 121.2023 239.3369 14.19111515582073
1 31960U 99025CNM 18184.82847944  .00000386  00000-0  30479-3 0  9995
2 31960  99.7186  48.3817 0140846 244.6103 114.0419 13.93791868558626
1 31963U 99025CNQ 18202.79968606  .00001570  00000-0  78012-3 0  9995
2 31963 101.7060  60.9453 0396022 164.9301 196.4054 13.85264470557312
1 31964U 99025CNR 18205.01032365 +.00000633 +00000-0 +27488-3 0  9998
2 31964 098.7719 271.1702 0049706 071.5161 289.1412 14.27008780576409
1 31965U 99025CNS 18204.47303614 +.00000960 +00000-0 +48649-3 0  9991
2 31965 099.0216 295.4182 0041324 271.2897 088.3544 14.18094300250317
1 31966U 99025CNT 18202.59350317  .00000274  00000-0  83569-4 0  9994
2 31966  98.9771 124.7410 0122821 106.3950 255.0783 14.46193496582380
1 31968U 99025CNV 09304.89192010 +.00000899 +00000-0 +37129-3 0  9999
2 31968 098.9862 332.5378 0090005 210.5467 151.2795 14.27153047124248
1 31971U 99025CNY 18204.36589330 +.00001172 +00000-0 +48819-3 0  9992
2 31971 102.2747 030.9507 0014602 027.6081 093.6299 14.29489600573946
1 31972U 99025CNZ 18204.72213145 -.00000048 +00000-0 -13107-5 0  9998
2 31972 099.0984 156.0516 0077638 315.2914 163.3802 14.05852427570231
1 31973U 99025CPA 18205.00207402 -.00000108 +00000-0 -34513-4 0  9990
2 31973 098.3698 277.0602 0105992 157.5625 203.0235 14.13406050259475
1 31974U 99025CPB 18205.25439076 +.00000756 +00000-0 +42735-3 0  9993
2 31974 098.4822 317.5185 0088984 166.9305 224.6998 14.11000951570897
1 31976U 99025CPD 18205.06792452 +.00001142 +00000-0 +35951-3 0  9996
2 31976 100.0039 145.5315 0067541 354.4425 005.6002 14.41605584582247
1 31977U 99025CPE 18204.58283019 +.00000148 +00000-0 +14858-3 0  9995
2 31977 098.2125 343.8061 0300424 350.0029 009.5229 13.71469464553930
1 31978U 99025CPF 18205.33456042 +.00000315 +00000-0 +38481-3 0  9992
2 31978 098.3931 346.9364 0274959 303.9097 053.6173 13.57447636549329
1 31979U 99025CPG 18183.67667362  .00000409  00000-0  48420-3 0  9992
2 31979  99.3517 351.7663 0298418  32.8302 329.0993 13.55831609546579
1 31980U 99025CPH 18204.87711127 +.00000215 +00000-0 +30840-3 0  9991
2 31980 097.5859 232.4353 0435305 179.7430 180.4003 13.29543348537855
1 31981U 99025CPJ 18205.27389056 +.00000230 +00000-0 +34924-3 0  9993
2 31981 098.4190 215.5415 0397690 079.5422 285.0257 13.31558988208641
1 31982U 99025CPK 18205.29294945 +.00001711 +00000-0 +11694-3 0  9992
2 31982 097.5565 024.6343 0147964 038.5192 322.6479 14.98975062599550
1 31983U 99025CPL 18204.12306304 +.00000982 +00000-0 +54434-4 0  9996
2 31983 097.8237 320.1389 0333481 032.5275 329.6012 14.79457211590541
1 31984U 99025CPM 18204.86845812 +.00000090 +00000-0 +62294-4 0  9993
2 31984 098.7583 236.1811 0067092 104.3140 256.5497 14.19304455573713
1 31985U 99025CPN 18205.14416683 +.00000108 +00000-0 +62811-4 0  9991
2 31985 098.2022 276.6583 0159486 222.9950 135.8675 14.18685903573162
1 31986U 99025CPP 18205.27747867 +.00000029 +00000-0 +41017-4 0  9994
2 31986 099.7662 237.7249 0129824 032.1897 328.7114 14.11210694284928
1 31987U 99025CPQ 18205.31436405 +.00000338 +00000-0 +14463-3 0  9990
2 31987 099.0957 025.7128 0066517 115.7824 007.4904 14.30387396576980
1 31988U 99025CPR 18197.04484117  .00000950  00000-0  60775-3 0  9991
2 31988  98.1397 134.9358 0075559 146.4082 214.1911 14.04082463565790
1 31989U 99025CPS 18205.49026689 +.00000102 +00000-0 +11333-3 0  9992
2 31989 099.4632 203.8582 0121028 002.3654 148.6816 13.90127861561999
1 31990U 99025CPT 18205.24883372 +.00000105 +00000-0 +16857-3 0  9996
2 31990 099.2299 347.0041 0261872 220.7298 261.6089 13.56032220261880
1 31991U 99025CPU 18205.15864198 -.00000042 +00000-0 +99955-5 0  9995
2 31991 100.4488 172.2140 0245182 225.6156 132.4670 13.60531681550351
1 31992U 99025CPV 18202.90777628 +.00000247 +00000-0 +31263-3 0  9999
2 31992 099.1870 091.7991 0553439 069.7087 296.2616 13.19859222534244
1 31993U 99025CPW 18205.49135101 +.00001099 +00000-0 +16216-2 0  9997
2 31993 099.2348 084.2602 0455595 168.5417 192.6505 13.20637025532590
1 31994U 99025CPX 18205.20743890 +.00000088 +00000-0 +84731-4 0  9993
2 31994 098.6485 333.8588 0164617 066.1580 295.6740 13.94752744191715
1 31995U 99025CPY 18204.13323342 +.00000469 +00000-0 +39670-3 0  9995
2 31995 098.4104 160.6526 0144270 184.5919 175.3927 13.87292331559941
1 31996U 99025CPZ 18205.04299731 -.00000243 +00000-0 -24242-3 0  9992
2 31996 099.2813 283.0574 0327660 097.7452 266.1012 13.47536700544501
1 31997U 99025CQA 18205.26612134 +.00000531 +00000-0 +67421-3 0  9997
2 31997 102.5228 219.5685 0310895 186.3316 173.3835 13.51671759251521
1 31998U 99025CQB 18205.37198144 +.00020141 +00000-0 +10395-2 0  9996
2 31998 105.5007 169.2920 0033073 145.0374 215.3005 15.16026634273337
1 32005U 04021H   18205.14313320 +.00000386 +00000-0 +36910-3 0  9999
2 32005 071.0953 027.4853 0214045 289.0339 068.7687 13.76748267251287
1 32006U 04021J   18204.94181997 +.00000451 +00000-0 +41058-3 0  9992
2 32006 071.0997 305.0492 0187058 185.9262 173.9632 13.80799441699721
1 32033U 06006L   18205.17568391 -.00000109 +00000-0 -53585-4 0  9991
2 32033 051.6695 086.4493 5107569 275.7897 030.6769 05.25227186217499
1 32036U 06006P   18200.25422826 -.00000046 +00000-0 -12450-4 0  9996
2 32036 051.6877 072.8299 5118784 284.0429 026.1377 05.25598917218244
1 32037U 06006Q   18205.34295874 +.00001205 +00000-0 +47546-3 0  9992
2 32037 051.5917 172.6944 4959008 118.9598 299.3830 05.60996869228020
1 32040U 06006T   18205.27620628 +.00000219 +00000-0 +17444-3 0  9995
2 32040 051.6195 288.1500 5007434 035.0535 349.4763 05.50051821223769
1 32041U 06006U   18052.27072839 +.00001336 +00000-0 +31895-3 0  9998
2 32041 051.7855 349.7431 4506221 235.2563 292.4674 06.41498818231009
1 32044U 06006X   18026.18931859 -.00002437 +00000-0 -10732+0 0  9996
2 32044 051.0968 047.3787 4955821 164.3053 219.5754 04.79906258190997
1 32065U 99057QD  18201.96490283 +.00002641 +00000-0 +35737-3 0  9990
2 32065 098.2911 205.6020 0005804 200.0905 160.0078 14.79880582587437
1 32066U 99057QE  18204.77316265 +.00001526 +00000-0 +28871-3 0  9992
2 32066 098.3473 196.2470 0005709 275.1705 210.7879 14.65843592251919
1 31755U 99025CFE 18204.91517541 +.00000033 +00000-0 +39225-4 0  9995
2 31755 098.8820 237.3997 0196537 046.8536 072.6562 14.05078640257480
