1 35275U 08056E   18205.18338352 +.00000162 +00000-0 +79915-4 0  9994
2 35275 098.7907 190.5957 0140703 032.7408 328.2395 14.25082158497007
1 35278U 93036AJG 18204.34474021 +.00001273 +00000-0 +34576-3 0  9997
2 35278 074.0473 178.1726 0067519 181.9028 299.4557 14.47288136484428
1 35279U 93036AJH 18205.52474829 +.00001277 +00000-0 +19200-3 0  9996
2 35279 074.0033 277.7454 0034172 007.6054 352.5630 14.75278215489928
1 35280U 93036AJJ 18205.26343929 +.00000685 +00000-0 +20235-3 0  9997
2 35280 074.0334 163.5779 0066558 192.4786 234.3579 14.44184956484191
1 35281U 93036AJK 18205.22226734 +.00000860 +00000-0 +20901-3 0  9993
2 35281 074.0019 058.8761 0017779 285.5051 074.4148 14.54328779486842
1 35282U 93036AJL 18204.22793429 +.00001299 +00000-0 +31629-3 0  9999
2 35282 074.0964 143.9002 0098548 128.5809 232.4233 14.50837282484823
1 35283U 93036AJM 18205.29746779 +.00004891 +00000-0 +49314-3 0  9995
2 35283 074.0227 311.6950 0004484 312.5550 047.5254 14.91395793490473
1 35284U 93036AJN 18205.61980501 +.00000063 +00000-0 +30587-4 0  9995
2 35284 074.0488 177.6734 0017840 209.6291 271.4851 14.35859081267826
1 35285U 93036AJP 18204.37229458 +.00000829 +00000-0 +21584-3 0  9991
2 35285 074.0288 093.6298 0017683 141.3079 218.9352 14.51069169487585
1 35287U 93036AJR 18205.63576479 +.00000052 +00000-0 +27834-4 0  9994
2 35287 074.0299 182.7594 0019305 219.1486 262.9911 14.34476846481902
1 35288U 93036AJS 18205.30874181 +.00000425 +00000-0 +12485-3 0  9999
2 35288 073.9560 074.2944 0050154 197.7670 162.1736 14.46249107488295
1 35290U 93036AJU 18205.40523629 +.00000544 +00000-0 +16044-3 0  9998
2 35290 074.0190 118.7773 0014028 158.8482 201.3259 14.45878240489452
1 35291U 93036AJV 18205.27025729 +.00001170 +00000-0 +10450-3 0  9993
2 35291 074.0420 069.0522 0095807 129.8978 344.7761 14.93794864500277
1 35292U 93036AJW 18205.28788257 +.00003486 +00000-0 +32533-3 0  9995
2 35292 073.9993 187.2521 0030466 282.5529 077.2248 14.94281421270635
1 35293U 97051PH  18205.42398548 +.00005616 +00000-0 +39583-3 0  9992
2 35293 086.3060 006.7777 0017260 207.5112 152.5211 15.04686630494592
1 35294U 97051PJ  18205.40591528 +.00001437 +00000-0 +32314-3 0  9996
2 35294 086.3275 073.0229 0012784 222.1537 260.2171 14.55769714486087
1 35296U 97051PL  18205.32602542 +.00001110 +00000-0 +28044-3 0  9991
2 35296 086.3124 071.3767 0010338 243.3802 116.6343 14.50168788318575
1 35297U 97051PM  18205.54294161 +.00000265 +00000-0 +84605-4 0  9996
2 35297 086.3923 120.0848 0018261 007.4566 113.1213 14.35761336482508
1 35299U 97051PP  18205.05873012 +.00000303 +00000-0 +11443-3 0  9994
2 35299 086.2953 106.6416 0064023 201.7950 224.8360 14.26856526478634
1 35302U 97051PS  11220.41126999 +.00000525 +00000-0 +21736-3 0  9996
2 35302 086.2810 095.5222 0057197 026.9968 333.4197 14.23816577117120
1 35304U 97051PU  09349.80647301 +.00001210 +00000-0 +66305-3 0  9998
2 35304 086.3167 356.0655 0139899 197.2106 161.3332 14.06252434031366
1 35307U 91025AG  11175.07150852 +.00003478 +00000-0 +15834-1 0  9992
2 35307 065.1213 203.4950 5481019 341.4343 008.4239 04.52056668036581
1 35310U 91025AK  11349.26946552 +.00001966 +00000-0 +95020-2 0  9996
2 35310 065.6596 134.9796 5571389 333.1951 023.7471 04.38222833043526
1 35314U 91025AP  14079.17141616 +.00031141 +00000-0 +10525+0 0  9993
2 35314 063.6184 138.5983 5050164 358.5131 000.4306 05.19452887090258
1 35319U 99057RX  18204.67927295 +.00000115 +00000-0 +76810-4 0  9996
2 35319 098.5466 352.2550 0201795 256.1423 170.1885 14.08097367858455
1 35320U 99057RY  18205.10921110 +.00000242 +00000-0 +53403-4 0  9991
2 35320 098.0335 173.7833 0000833 055.2735 304.8547 14.65403250621848
1 35322U 99057SA  18205.05556379 +.00000025 +00000-0 +33314-4 0  9996
2 35322 098.9922 158.1464 0202133 286.5841 071.3218 14.11427713773325
1 35323U 99057SB  18205.19572667 +.00000244 +00000-0 +64993-4 0  9990
2 35323 098.3891 209.0273 0064465 235.0591 124.4540 14.56096452709940
1 35324U 99057SC  11274.16073958 -.00003280 +00000-0 -11189-2 0  9998
2 35324 098.3666 234.7514 0095375 207.6294 152.0497 14.33273117302669
1 35325U 99057SD  18205.09662886 +.00000518 +00000-0 +84195-4 0  9994
2 35325 098.4686 167.2905 0017904 192.4102 167.6667 14.75526494274651
1 35326U 99057SE  18205.31432102 +.00000295 +00000-0 +18172-3 0  9999
2 35326 098.4218 236.6304 0228646 133.6403 228.3976 13.99508203696340
1 35327U 99057SF  18204.75515080 +.00000292 +00000-0 +87956-4 0  9998
2 35327 098.6301 187.0822 0090607 263.3355 095.7518 14.47919066761316
1 35329U 99057SH  18205.49669375 -.00000024 +00000-0 +71210-5 0  9990
2 35329 098.3252 079.9691 0133834 344.6360 134.3869 14.27151368834942
1 35330U 99057SJ  18205.11182183 +.00000003 +00000-0 +15323-4 0  9996
2 35330 098.5877 163.1954 0085262 341.4907 018.3184 14.39607923806788
1 35331U 99057SK  18205.20952753 +.00000577 +00000-0 +16137-3 0  9994
2 35331 098.6810 191.1475 0118660 115.2234 303.0137 14.46048201816818
1 35332U 99057SL  18205.56096466 -.00000025 +00000-0 +67682-5 0  9996
2 35332 098.4883 106.4562 0123641 026.3802 334.3604 14.26314498806582
1 35334U 99057SN  18205.37426441 +.00000204 +00000-0 +64840-4 0  9997
2 35334 098.5251 179.9187 0075890 167.4569 192.8535 14.48520017651499
1 35335U 01049PT  12034.85550724 +.00000176 +00000-0 +38114-4 0  9994
2 35335 097.7722 002.3658 0048743 221.5748 116.7175 14.68335919350593
1 35336U 01049PU  15310.22555668  .00001460  00000-0  25698-3 0  9997
2 35336  97.7288 110.5233 0077542 135.1599 233.4363 14.67055962585070
1 35338U 01049PW  14107.23843678 +.00007045 +00000-0 +19110-2 0  9990
2 35338 097.9127 182.5090 0178274 012.9460 349.5390 14.38874493537127
1 35339U 01049PX  18205.48959631 +.00000456 +00000-0 +14373-3 0  9994
2 35339 098.1261 033.0254 0183126 218.0881 140.7244 14.35775978824145
1 35341U 01049PZ  18205.57693734 +.00000632 +00000-0 +85024-4 0  9994
2 35341 097.8753 115.3647 0033451 311.8025 048.0332 14.82361522821522
1 35342U 01049QA  18205.31637719 +.00000090 +00000-0 +61028-4 0  9994
2 35342 098.2374 037.5633 0366919 033.1697 329.1899 13.89526112259153
1 35344U 01049QC  18204.38403364 +.00000295 +00000-0 +63563-4 0  9992
2 35344 098.0132 272.7138 0055692 115.3923 245.3060 14.64404051273668
1 35345U 01049QD  18204.76286159 +.00000489 +00000-0 +10485-3 0  9995
2 35345 098.0731 191.4276 0062961 240.1205 119.3731 14.61815045760977
1 35346U 01049QE  18205.17977585 +.00000498 +00000-0 +14641-3 0  9990
2 35346 098.9077 197.6436 0037620 230.1668 129.6211 14.47989970839092
1 35347U 01049QF  18204.31815975 +.00012329 +00000-0 +42508-3 0  9999
2 35347 098.3796 156.2195 0017071 070.0455 290.2619 15.30041743807004
1 35348U 01049QG  18205.20798141 +.00000736 +00000-0 +13553-3 0  9991
2 35348 098.0056 192.8023 0055132 080.7539 279.9896 14.67526518859014
1 35349U 01049QH  18196.25576588  .00002243  00000-0  10797-3 0  9997
2 35349  97.5440 205.2440 0020155 178.9274 181.2007 15.19664672643259
1 35350U 01049QJ  18205.13060939 +.00000157 +00000-0 +54007-4 0  9990
2 35350 098.4496 168.1220 0074228 150.9446 209.5909 14.47247820787342
1 35351U 01049QK  18204.51559954 +.00000411 +00000-0 +13672-3 0  9997
2 35351 098.7610 106.7788 0005681 042.4723 317.6905 14.42982398788799
1 35354U 93014BD  18204.93304114 +.00002354 +00000-0 +30734-3 0  9991
2 35354 075.7377 291.9499 0070115 085.1733 275.7454 14.79106131651023
1 35356U 93014BF  18205.06764399 +.00003147 +00000-0 +45192-3 0  9998
2 35356 075.7473 334.3678 0071115 129.3883 231.3629 14.74970426270773
1 35359U 93014BJ  18204.05932587 +.00002731 +00000-0 +37967-3 0  9994
2 35359 075.7414 339.1544 0067279 139.4409 221.1817 14.76563035579503
1 35360U 93014BK  18205.58147833 +.00002261 +00000-0 +31386-3 0  9994
2 35360 075.7388 302.3759 0079535 101.6532 259.3591 14.76058280603018
1 35374U 06046G   18205.53225166 +.00000817 +00000-0 +33891-4 0  9998
2 35374 097.4385 233.6569 0056431 302.4856 057.0934 15.25498145645592
1 35375U 06046H   18205.52965332 +.00000227 +00000-0 +23370-4 0  9990
2 35375 097.8716 216.7314 0029023 020.4116 143.1705 14.99681769638195
1 35376U 06046J   18205.37847516 +.00000449 +00000-0 +95072-4 0  9991
2 35376 097.7560 265.7748 0195344 290.3210 128.4630 14.52806145618063
1 35378U 06046L   18205.31950706 +.00000696 +00000-0 +12514-3 0  9996
2 35378 097.8434 340.3445 0172283 155.8365 205.1041 14.60454003615835
1 35379U 03049F   18201.23174122  .00000017  00000-0  43960-4 0  9991
2 35379  99.0486 112.5210 0176893 191.1685 322.6077 13.88742808728094
1 35380U 03049G   18204.24904983 +.00003796 +00000-0 +35179-3 0  9992
2 35380 097.9962 310.1688 0036674 201.2886 158.6810 14.94598199652329
1 35381U 03049H   18205.15887940 +.00000507 +00000-0 +98377-4 0  9994
2 35381 098.6584 176.4497 0098297 326.3799 094.9264 14.65139703773228
1 35382U 03049J   18205.22423534 +.00000128 +00000-0 +74537-4 0  9999
2 35382 098.6924 127.4393 0154458 201.9610 157.4898 14.17922079744230
1 35383U 03049K   18205.51243319 -.00000003 +00000-0 +10613-4 0  9991
2 35383 098.4754 105.0519 0051681 015.1157 108.6723 14.56006759292309
1 35384U 99057SP  18204.61016366 +.00004770 +00000-0 +37787-3 0  9990
2 35384 098.2249 264.0845 0005015 104.8752 255.3027 15.01091448285974
1 35387U 99057SS  18205.11952671 +.00000579 +00000-0 +16555-3 0  9990
2 35387 098.4481 163.1315 0005534 083.7882 276.3941 14.48660700548763
1 35391U 95021E   18203.42671925  .00000242  00000-0  96542-4 0  9996
2 35391  98.2864 180.2166 0007040 126.8076  27.3034 14.36646121582171
1 35392U 95021F   18205.53796048 +.00000321 +00000-0 +11617-3 0  9992
2 35392 098.1998 240.9061 0002588 206.1036 154.0023 14.39514678553029
1 35393U 95021G   18205.45183111 +.00000274 +00000-0 +97499-4 0  9995
2 35393 098.1841 190.3697 0006372 047.6721 105.5329 14.41336003785567
1 35397U 07042E   18205.17786806 +.00000475 +00000-0 +10123-3 0  9995
2 35397 098.6285 103.1953 0110583 073.9442 287.3901 14.60225023561913
1 35398U 07042F   18205.12206197 +.00001245 +00000-0 +13634-3 0  9997
2 35398 098.5353 164.3979 0097544 045.8432 015.5390 14.86508489572221
1 35399U 91068AV  15344.79402986 +.00025862 +00000-0 +12661+0 0  9993
2 35399 082.3475 001.3248 0389884 082.4135 037.7330 12.51133584138975
1 35400U 91068AW  14356.44586833 +.00000037 +00000-0 +10000-3 0  9990
2 35400 082.9237 168.0705 0190062 312.5523 046.1176 12.85584645385336
1 35401U 93041E   18204.19467829 +.00000974 +00000-0 +19014-3 0  9999
2 35401 089.5475 191.7006 0052383 116.2073 244.4539 14.61343199331041
1 35403U 93041G   18205.41308565 +.00001759 +00000-0 +40804-3 0  9991
2 35403 089.5447 202.2585 0059772 325.9295 033.8082 14.53611336558266
1 35404U 02024J   18205.18149601 -.00000013 +00000-0 +15041-4 0  9990
2 35404 098.9119 183.0625 0052647 172.3443 244.5428 14.19425295832619
1 35405U 02024K   18204.72695781 +.00000115 +00000-0 +78076-4 0  9994
2 35405 098.9599 185.0410 0127632 037.2784 323.7163 14.13823047828836
1 35413U 06029F   18205.56879580 +.00000778 +00000-0 +35047-4 0  9992
2 35413 064.5070 261.5588 0034510 271.6770 088.0406 15.29311769841966
1 35414U 01055F   18204.39405470 -.00002438 +00000-0 -72313-2 0  9992
2 35414 066.0161 321.0329 0056246 293.9102 125.2351 13.05473287774926
1 35415U 00047D   18205.45620713 -.00000047 +00000-0 +74939-5 0  9992
2 35415 067.9950 224.3267 0068438 256.0329 103.3194 14.90669331651160
1 35417U 04012L   18205.61201479 +.00000974 +00000-0 +12709-3 0  9995
2 35417 097.7845 088.4027 0103099 226.9251 162.2502 14.79199852683561
1 35418U 06002Z   18205.46908955 +.00000268 +00000-0 +56602-4 0  9990
2 35418 097.8475 191.8463 0001528 087.7073 064.6103 14.66473857609863
1 35419U 91082CM  18205.03048056 +.00021934 +00000-0 +13396-2 0  9997
2 35419 098.3659 231.5960 0018331 094.0737 296.6380 15.10174894738794
1 35420U 01056M   18205.42248345 +.00000056 +00000-0 +10280-3 0  9999
2 35420 099.1180 012.9991 0023754 293.2643 095.8701 13.74835718830092
1 35428U 04045D   18181.92372105  .00118946  93534-6  14790-3 0  9996
2 35428  39.0451   3.1687 3106785 101.8002  13.6700  9.41521380270541
1 35429U 93036AJX 18205.40901191 +.00003985 +00000-0 +19819-3 0  9991
2 35429 073.9148 003.8439 0095435 214.5867 144.9097 15.14059603276747
1 35430U 93036AJY 18198.01098311  .00052070  00000-0  10047-2 0  9994
2 35430  74.0062  74.8560 0015594 165.1032 202.1363 15.47445027500425
1 35431U 93036AJZ 18205.03962664 +.00002319 +00000-0 +34458-3 0  9991
2 35431 074.0168 328.5057 0018609 030.9557 329.2709 14.75514333488971
1 35432U 93036AKA 18205.44204271 +.00000458 +00000-0 +12943-3 0  9997
2 35432 074.0473 120.0031 0009231 141.9545 218.2268 14.48363285482327
1 35433U 93036AKB 18204.42109091 +.00000116 +00000-0 +53556-4 0  9996
2 35433 074.0343 224.2258 0029273 218.2978 205.9502 14.31348688480984
1 35434U 93036AKC 18205.11330139 +.00000247 +00000-0 +12507-3 0  9998
2 35434 074.0434 003.9081 0096422 000.8077 359.3204 14.18733331482777
1 35435U 93036AKD 18205.56986291 +.00000643 +00000-0 +19652-3 0  9992
2 35435 074.0230 144.7052 0025070 172.8776 312.3669 14.43645441484016
1 35439U 93036AKH 18205.44256138 +.00000160 +00000-0 +12816-3 0  9992
2 35439 074.0245 014.6831 0273281 059.8141 331.0913 13.81498653468299
1 35440U 93036AKJ 18204.68565109 +.00000070 +00000-0 +21174-4 0  9998
2 35440 074.0217 326.1960 0081527 059.7580 004.3758 14.57595430489217
1 35441U 93036AKK 18205.45225974 +.00000482 +00000-0 +16528-3 0  9991
2 35441 074.1440 241.5228 0052543 160.8356 199.4792 14.37958079485754
1 35442U 93036AKL 18205.21727202 +.00000661 +00000-0 +19914-3 0  9998
2 35442 074.0415 147.3740 0014924 137.8756 222.3552 14.44445788481692
1 35443U 93036AKM 18205.27783520 +.00000384 +00000-0 +12313-3 0  9998
2 35443 074.0097 311.6428 0222372 015.7950 344.9987 14.29819965479703
1 35445U 93036AKP 18205.55459110 +.00000714 +00000-0 +20991-3 0  9994
2 35445 074.0445 245.6387 0209273 281.0303 076.7376 14.33796313485713
1 35446U 93036AKQ 18204.79089199 +.00000037 +00000-0 +15764-4 0  9997
2 35446 074.0474 007.0571 0077745 090.1389 270.8681 14.52277771488252
1 35448U 93036AKS 18205.13995555 +.00000366 +00000-0 +12299-3 0  9994
2 35448 073.9092 108.2687 0013865 129.5939 230.6442 14.40651906483809
1 35451U 93036AKV 18205.44118045 +.00000364 +00000-0 +50519-4 0  9999
2 35451 073.9457 119.7746 0108445 287.4067 071.5273 14.78468255272631
1 35453U 93036AKX 18200.87348773  .00000249  00000-0  10634-3 0  9991
2 35453  74.0104 269.5233 0082573 313.0848  46.3409 14.28361774476365
1 35455U 93036AKZ 18205.45076121 +.00000288 +00000-0 +10376-3 0  9993
2 35455 074.0321 224.2350 0129792 265.6074 093.0240 14.33775639478228
1 35456U 93036ALA 18205.18240366 +.00000453 +00000-0 +14219-3 0  9992
2 35456 073.9621 146.1581 0101296 249.0054 110.0241 14.40659823268391
1 35459U 93036ALD 18198.18996482 +.00000110 +00000-0 +49540-4 0  9999
2 35459 073.8730 152.6169 0019034 279.4485 080.4514 14.33629945195612
1 35460U 93036ALE 18178.75362082  .00003374  00000-0  31820-3 0  9991
2 35460  73.9830 205.5075 0059652  33.1432 327.3464 14.92875088493802
1 35461U 93036ALF 18204.27738549 +.00001573 +00000-0 +37761-3 0  9993
2 35461 073.8270 063.2070 0065054 139.9213 220.6775 14.53049068486933
1 35462U 93036ALG 18205.25534535 +.00000539 +00000-0 +27137-3 0  9999
2 35462 074.0440 047.2191 0110796 010.1101 350.2231 14.15583290281008
1 35464U 93036ALJ 18205.02150640 +.00000526 +00000-0 +10442-3 0  9994
2 35464 074.0166 321.5639 0049235 054.1305 067.1614 14.64066084491343
1 35465U 93036ALK 18205.51129944 +.00000161 +00000-0 +60484-4 0  9999
2 35465 074.0010 150.4916 0070880 227.6676 131.8460 14.37898718484142
1 35467U 93036ALM 18205.56326464 +.00004827 +00000-0 +18092-3 0  9992
2 35467 074.0214 284.2320 0057676 338.3897 021.4869 15.25992809500047
1 35468U 93036ALN 18205.10539262 +.00011014 +00000-0 +50184-3 0  9999
2 35468 074.0388 099.8679 0020139 154.3028 205.9175 15.20548659497019
1 35469U 93036ALP 18205.23955978 +.00000052 +00000-0 +21093-4 0  9998
2 35469 074.0161 042.7272 0079242 134.9783 225.7837 14.47591691491196
1 35474U 93036ALU 18205.02200927 +.00001174 +00000-0 +27705-3 0  9999
2 35474 074.0017 057.4123 0004914 209.8935 300.7252 14.55376002488057
1 35475U 93036ALV 18205.27193555 +.00000490 +00000-0 +15929-3 0  9990
2 35475 074.0317 173.7946 0038774 191.0803 168.9503 14.40973243486025
1 35476U 93036ALW 18204.72243694 +.00000544 +00000-0 +16405-3 0  9990
2 35476 073.9871 116.0794 0029776 032.1848 354.3817 14.44617371487319
1 35477U 97051PX  18205.59872139 +.00002659 +00000-0 +83261-3 0  9993
2 35477 086.3768 152.8317 0091118 281.4115 077.6858 14.37979913308527
1 35478U 97051PY  18205.11013378 +.00005732 +00000-0 +93671-3 0  9995
2 35478 086.4470 138.8513 0061240 327.7540 031.9936 14.69457263484552
1 35479U 97051PZ  18205.12626567 +.00001474 +00000-0 +54434-3 0  9990
2 35479 086.3890 160.2194 0113537 338.2260 021.4125 14.28343733472894
1 35480U 97051QA  18205.44637838 +.00000174 +00000-0 +49070-4 0  9997
2 35480 086.3611 099.2765 0017726 022.9386 337.2601 14.39662007484396
1 35483U 97051QD  18204.25808502 +.00002855 +00000-0 +76748-3 0  9995
2 35483 086.4300 146.6511 0052713 066.0348 294.6362 14.46920893485437
1 35484U 97051QE  18203.96420464 +.00000210 +00000-0 +48651-4 0  9996
2 35484 086.3794 093.0937 0052375 289.5226 070.0325 14.49386360486098
1 35487U 97051QH  18205.47534899 +.00002672 +00000-0 +59995-3 0  9991
2 35487 086.3378 105.0638 0056733 015.2596 109.1645 14.55201156482582
1 35488U 97051QJ  18205.05226477 +.00000409 +00000-0 +88356-4 0  9996
2 35488 086.3361 059.4048 0040016 229.6244 130.1468 14.55257935488613
1 35530U 91068AX  18205.48281346 +.00000020 +00000-0 +69631-4 0  9993
2 35530 082.7049 258.9923 0031877 079.7624 345.4594 12.44136766654815
1 35531U 91082CN  14041.20713266 +.00007502 +00000-0 +27546-2 0  9994
2 35531 098.4985 051.9122 0029904 151.3447 025.6317 14.32739853402567
1 35532U 91082CP  18205.22940766 +.00000821 +00000-0 +49890-3 0  9994
2 35532 098.7121 013.7696 0137060 021.2619 339.4169 14.04360041258438
1 35534U 91082CQ  18204.86656512 +.00001220 +00000-0 +51954-3 0  9996
2 35534 098.8211 170.0202 0050947 271.4179 117.6439 14.26376432344672
1 35536U 01049QL  18205.55325639 +.00000114 +00000-0 +86554-4 0  9998
2 35536 098.6905 121.2905 0428007 170.7306 190.2074 13.72414920750712
1 35537U 01049QM  11092.15069827 +.00000197 +00000-0 +75856-4 0  9990
2 35537 098.2031 067.3711 0090567 049.9616 311.3399 14.37725730338478
1 35538U 06006CF  18205.36775472 -.00001034 +00000-0 -47114-2 0  9992
2 35538 051.7259 344.7082 5111259 064.6675 348.2751 05.04936427097355
1 35540U 06006CH  18205.30245257 +.00000065 +00000-0 +12651-3 0  9992
2 35540 052.1169 207.2575 5057143 108.2095 004.8160 05.23395401193555
1 35541U 06006CJ  18194.22617587  .00000138  00000-0  16960-3 0  9998
2 35541  51.5427 156.5055 5140914 240.1475  59.3816  5.19222613191541
1 35542U 06006CK  18203.61163789 -.00001217 +00000-0 -93655-2 0  9999
2 35542 051.5723 307.5424 4989206 124.7785 354.9167 05.13090682190987
1 35543U 06006CL  18194.13303185  .00000476  00000-0  35332-2 0  9994
2 35543  52.7713  81.1405 5107529 222.4254 340.0250  4.99932795182110
1 35544U 06006CM  18175.06565511  .00012550  00000-0  15610-2 0  9992
2 35544  51.4401  71.1865 2974197 231.1105  98.4989  9.27588641255827
1 35545U 06006CN  18205.41418062 +.00020100 +00000-0 +20983-2 0  9993
2 35545 051.5857 296.8768 1985176 010.0914 353.4315 11.25899541291497
1 35546U 06006CP  18204.84734063 -.00013138 +00000-0 -16218-1 0  9992
2 35546 051.2832 020.6709 2708018 027.5043 344.6023 09.28527525124674
1 35547U 07003F   18205.20565578 +.00000331 +00000-0 +38576-3 0  9997
2 35547 024.4963 079.4891 4778408 243.6602 060.1859 05.79430914131931
1 35548U 07003G   18200.49391465 -.00000047 +00000-0 +28164-2 0  9992
2 35548 026.2813 323.4613 7533698 268.6774 029.6793 01.82334007064679
1 35555U 07003P   18193.98674324  .00021177  00000-0  10000-2 0  9999
2 35555  26.0916 156.6852 4450272 320.1507  14.3724  6.65247302105949
1 35563U 07003X   18204.51186932 -.00000065 +00000-0 -26071-3 0  9994
2 35563 022.3371 266.6803 7451267 094.7991 003.2685 01.88888473068096
1 35567U 07042G   18204.18739133 +.00000148 +00000-0 +99778-4 0  9996
2 35567 098.5305 189.6337 0015849 156.4609 203.7293 14.13904627254513
1 35568U 07047D   16320.92215511  .00000074  00000-0  00000+0 0  9993
2 35568  39.8879 190.7603 5057887 173.2435 198.1957  5.65401201152084
1 35571U 08053G   18205.37197493 +.00000596 +00000-0 +11717-3 0  9996
2 35571 097.6893 001.3492 0172463 265.2174 092.9315 14.57174215510512
1 35573U 08053J   18205.34375402 +.00000680 +00000-0 +12556-3 0  9999
2 35573 097.6802 028.8121 0168432 245.1991 113.1609 14.59885666510087
1 35574U 08056F   18205.49584527 +.00000246 +00000-0 +77463-4 0  9996
2 35574 098.4221 214.4776 0132481 062.8794 298.5837 14.44036120507636
1 35575U 08061B   18205.38402410 +.00000329 +00000-0 +12089-3 0  9995
2 35575 097.7810 273.3177 0238707 174.8787 185.4921 14.23583730496182
1 35580U 93036ALX 18205.18679315 +.00000352 +00000-0 +28470-3 0  9992
2 35580 073.9101 035.2245 0303215 192.8217 166.5072 13.74448978251087
1 35581U 93036ALY 11086.11980244  .00005787  00000-0  10931-2 0  9991
2 35581  74.0024 341.7200 0117172  90.7154 278.2719 14.60276544105239
1 35582U 93036ALZ 11090.52218698  .00000654  00000-0  24158-3 0  9994
2 35582  74.0384  32.9578 0019569 352.2948   5.0303 14.34294388101883
1 35583U 93036AMA 18205.51267869 +.00000062 +00000-0 +77877-4 0  9993
2 35583 073.9189 242.3200 0396501 046.0759 317.2358 13.51049066460690
1 35584U 93036AMB 18204.74001417 +.00001571 +00000-0 +67563-3 0  9999
2 35584 074.0900 112.2416 0142753 057.3706 304.1121 14.20094188470116
1 35585U 93036AMC 18205.25199302 +.00000383 +00000-0 +33227-3 0  9998
2 35585 073.9774 127.3615 0333379 229.4695 289.2031 13.66836469467931
1 35586U 93036AMD 18204.62093931 -.00000048 +00000-0 -25065-4 0  9992
2 35586 074.0225 290.5869 0413448 006.9321 055.3026 13.49046826239595
1 35587U 93036AME 18205.38928703 +.00000132 +00000-0 +28599-4 0  9998
2 35587 074.0047 231.2767 0113010 006.4888 353.7711 14.64781984497559
1 35589U 93036AMG 18205.42910507 +.00005817 +00000-0 +24980-3 0  9992
2 35589 073.9694 003.4254 0085107 200.7070 159.0673 15.19641107497562
1 35591U 93036AMJ 18203.34250781 +.00001188 +00000-0 +27090-3 0  9997
2 35591 073.9748 073.2466 0046605 128.3311 232.2056 14.56337732487898
1 35592U 93036AMK 18205.01470563 +.00000687 +00000-0 +69846-4 0  9995
2 35592 074.0088 074.8833 0118431 160.6600 199.9135 14.88021663496042
1 35593U 93036AML 18205.22697327 -.00000099 +00000-0 -35174-4 0  9994
2 35593 074.0869 051.7103 0118471 016.3883 344.1037 14.16405869469879
1 35594U 93036AMM 18203.97510336 +.00000466 +00000-0 +11305-3 0  9994
2 35594 073.8215 305.0019 0058707 213.1832 146.5643 14.55053978487284
1 35598U 93036AMR 18201.22200953 +.00002848 +00000-0 +14876-3 0  9997
2 35598 073.9278 286.5730 0068997 114.4632 246.3779 15.14410866495865
1 35600U 93036AMT 18204.78668179 +.00001069 +00000-0 +21394-3 0  9990
2 35600 073.9875 003.6356 0065343 087.5141 273.3504 14.61804976490424
1 35602U 93036AMV 18205.03783830 +.00000275 +00000-0 +21226-4 0  9996
2 35602 074.0237 318.2581 0171976 021.8922 099.4484 14.96754847494958
1 35604U 93036AMX 18205.43150052 +.00001123 +00000-0 +37524-3 0  9996
2 35604 074.0229 241.0615 0060751 225.3545 134.2648 14.37561686481859
1 35605U 93036AMY 18205.36114568 +.00000739 +00000-0 +20643-3 0  9997
2 35605 073.9046 108.9761 0107799 258.9622 099.9396 14.44788239484707
1 35606U 93036AMZ 18205.00965654 +.00000622 +00000-0 +66483-3 0  9992
2 35606 073.8131 331.8218 0464630 237.6212 117.9126 13.37228523450885
1 35610U 93036AND 18205.40054123 +.00005545 +00000-0 +58180-3 0  9995
2 35610 073.9953 348.2666 0017286 356.2273 003.8775 14.89655450481954
1 35611U 93036ANE 18203.36785348 +.00000724 +00000-0 +23599-3 0  9999
2 35611 074.0300 189.0141 0044016 205.3363 154.5634 14.39924791482295
1 35612U 93036ANF 18204.07020571 +.00009916 +00000-0 +44228-3 0  9993
2 35612 073.9881 087.5828 0015057 142.4577 217.7675 15.21387428489839
1 35613U 93036ANG 18205.33984663 +.00002561 +00000-0 +26203-3 0  9997
2 35613 073.9807 165.5544 0040006 290.9799 220.2652 14.90554433494452
1 35614U 93036ANH 18204.94456747 +.00000368 +00000-0 +98345-4 0  9991
2 35614 073.9636 045.9506 0101897 161.2843 199.2108 14.49011372485240
1 35615U 97051QM  18204.47772827 +.00030028 +00000-0 +95670-3 0  9994
2 35615 086.3570 032.0052 0000458 284.3154 075.8045 15.32413072494731
1 35616U 97051QN  18204.39653527 +.00000578 +00000-0 +14496-3 0  9995
2 35616 086.3654 086.0682 0019077 320.5472 039.4342 14.49627111485033
1 35617U 97051QP  18205.09145701 +.00007398 +00000-0 +81173-3 0  9997
2 35617 086.4900 140.3606 0049789 165.2586 195.0105 14.86645982274367
1 35618U 97051QQ  18205.41127648 +.00000273 +00000-0 +73632-4 0  9991
2 35618 086.3405 080.4261 0034149 349.7581 010.2920 14.43876246264001
1 35620U 97051QS  18205.00442962 +.00001080 +00000-0 +57296-3 0  9992
2 35620 086.4011 220.0366 0239891 064.3431 298.2313 13.99044707464657
1 35622U 97051QU  18205.54120109 +.00000480 +00000-0 +13489-3 0  9998
2 35622 086.2244 045.5582 0029410 031.1792 358.3137 14.43616378482988
1 35624U 97051QW  18205.14902118 +.00003727 +00000-0 +67543-3 0  9991
2 35624 086.3549 101.5377 0047432 334.5091 025.3782 14.65322268487382
1 35625U 97051QX  18205.01001220 +.00000423 +00000-0 +19671-3 0  9991
2 35625 086.2004 102.7005 0132296 116.3518 301.9104 14.13597857277965
1 35627U 97051QZ  18205.44047927 +.00003238 +00000-0 +79139-3 0  9996
2 35627 086.3509 103.6471 0053193 351.9572 008.0774 14.51451025482447
1 35628U 97051RA  18205.39670008 +.00000491 +00000-0 +13703-3 0  9996
2 35628 086.3645 096.1173 0019593 351.9337 008.1546 14.44180877480159
1 35629U 97051RB  18205.21524519 +.00003873 +00000-0 +74449-3 0  9994
2 35629 086.3681 125.1820 0123157 055.2192 306.0534 14.58581868477251
1 35631U 97051RD  18205.16216389 +.00000140 +00000-0 +36495-4 0  9998
2 35631 086.3692 094.5247 0020492 052.5836 099.3048 14.41890277482720
1 35632U 97051RE  18205.37579981 +.00000817 +00000-0 +32291-3 0  9992
2 35632 086.4318 178.1476 0112857 342.6011 017.1324 14.24489925472117
1 35643U 93036ANJ 18204.86384050 +.00000803 +00000-0 +17270-3 0  9992
2 35643 074.0128 014.1879 0051247 085.6627 275.0391 14.59415923490225
1 35644U 93036ANK 18204.57874665 +.00001759 +00000-0 +14599-3 0  9999
2 35644 074.0082 169.8800 0026583 284.7957 075.0284 14.99423265498218
1 35645U 93036ANL 18205.33137010 +.00000373 +00000-0 +16857-3 0  9991
2 35645 073.9791 323.4942 0092715 002.7610 027.9144 14.23274537486797
1 35646U 93036ANM 18205.14088144 +.00000420 +00000-0 +45234-3 0  9998
2 35646 073.8748 357.1256 0470849 204.8459 281.4880 13.36629285457693
1 35647U 93036ANN 18205.39135715 +.00000327 +00000-0 +12504-3 0  9993
2 35647 074.0243 214.3266 0057379 246.0706 113.4429 14.33698123477717
1 35650U 93036ANR 18204.08445781 +.00000536 +00000-0 +14583-3 0  9990
2 35650 074.0591 097.4579 0033229 134.5638 291.5393 14.49584240483791
1 35653U 93036ANU 18205.36624205 +.00018242 +00000-0 +75577-3 0  9998
2 35653 073.9858 179.2724 0011606 268.5777 091.4092 15.23814967485819
1 35655U 93036ANW 18205.08559534 +.00000475 +00000-0 +95442-4 0  9994
2 35655 074.0007 349.9426 0011656 124.8890 235.3375 14.64507281489683
1 35658U 93036ANZ 18205.06112947 +.00000956 +00000-0 +24252-3 0  9992
2 35658 074.0165 104.3614 0023314 126.3850 233.9467 14.52052843484384
1 35660U 93036APB 18205.44362446 +.00000149 +00000-0 +52362-4 0  9996
2 35660 074.0436 115.6701 0020438 214.2863 268.1048 14.42966678476740
1 35275U 08056E   18204.90254292 +.00000166 +00000-0 +81429-4 0  9990
2 35275 098.7907 190.3142 0140716 033.5482 327.4511 14.25082083496968
1 35278U 93036AJG 18203.91281848 +.00001250 +00000-0 +33957-3 0  9999
2 35278 074.0472 178.9795 0067542 182.8416 209.0193 14.47286981485057
1 35279U 93036AJH 18204.57538186 +.00001258 +00000-0 +18914-3 0  9997
2 35279 074.0034 279.6053 0034154 009.8027 350.3805 14.75275727489902
1 35280U 93036AJJ 18204.22317337 +.00000702 +00000-0 +20718-3 0  9992
2 35280 074.0333 165.5137 0066639 194.6920 225.9286 14.44183632481989
1 35281U 93036AJK 18204.25923052 +.00000876 +00000-0 +21281-3 0  9991
2 35281 074.0020 060.7012 0017831 287.6159 072.3056 14.54327332487093
