1 30167U 99025TY  18212.65332848 +.00000111 +00000-0 +44796-4 0  9992
2 30167 098.9716 107.8016 0159599 213.6970 176.2342 14.40820087605525
1 30168U 99025TZ  18212.54228754  .00000357  00000-0  14523-3 0  9997
2 30168  97.3971 284.8126 0147980  73.3599 288.3773 14.26151756597975
1 30169U 99025UA  18212.96917602  .00000937  00000-0  26837-3 0  9996
2 30169  98.4507 329.5947 0335984 247.0615 201.8589 14.19292127593187
1 30170U 99025UB  18213.10853019  .00000097  00000-0  97613-4 0  9994
2 30170  98.9719 255.4392 0073349 160.6720 227.1872 13.97425257588267
1 30171U 99025UC  18213.50935181  .00000004  00000-0  27833-4 0  9995
2 30171  98.4199 261.0821 0188381 214.6360 144.2416 13.95006199587594
1 30172U 99025UD  18213.29465918  .00000172  00000-0  14284-3 0  9999
2 30172  99.0550 142.9410 0085701  76.1914  78.8907 13.99771077587968
1 30173U 99025UE  18213.56466866  .00001005  00000-0  67729-3 0  9991
2 30173  99.1662 252.2386 0097051 194.3227 322.5201 14.00657009588184
1 30174U 99025UF  18212.83711153  .00000383  00000-0  17566-3 0  9995
2 30174  98.8424 270.0364 0054745  83.3867 337.7620 14.26243190597364
1 30175U 99025UG  18213.46851940  .00000104  00000-0  12770-3 0  9998
2 30175  99.5711 202.9766 0150030 113.2412  37.1097 13.81743460581812
1 30177U 99025UJ  18212.61044476 +.00000155 +00000-0 +13457-3 0  9993
2 30177 098.6098 083.4100 0476355 330.7422 053.0130 13.55496957569508
1 30178U 99025UK  18212.72104619  .00000641  00000-0  80941-3 0  9994
2 30178 102.2653 130.2418 0306425  80.9181 312.0681 13.51096736567747
1 30180U 99025UM  18212.51924840  .00001771  00000-0  24123-3 0  9995
2 30180  99.0430 228.4185 0068086 223.3398 136.2443 14.78733197612504
1 30181U 99025UN  18212.93035323 +.00000519 +00000-0 +29005-3 0  9994
2 30181 099.0187 242.9505 0051806 124.4983 286.2526 14.14588955593634
1 30182U 99025UP  18213.50033729 -.00000109  00000-0 -45430-4 0  9995
2 30182  99.3617 219.6747 0076122 147.1036   4.8812 13.95425277587915
1 30183U 99025UQ  18212.52161461  .00000249  00000-0  17183-3 0  9998
2 30183  99.0796 237.4012 0026626 262.5030 262.3707 14.08271500592322
1 30190U 99025UX  18213.45257535  .00000570  00000-0  10209-3 0  9996
2 30190  99.0035 214.6200 0130598 156.3357 204.3925 14.66084072613296
1 30191U 99025UY  18213.12015156  .00000262  00000-0  65923-4 0  9994
2 30191  98.8033  83.5843 0140107 243.1075 271.7681 14.54929916610215
1 30193U 99025VA  18212.84146258  .00000249  00000-0  91399-4 0  9993
2 30193  98.8303 351.4275 0125528 193.3880 323.4731 14.37484861604437
1 30194U 99025VB  18212.13382208  .00000726  00000-0  28791-3 0  9998
2 30194 101.2573 326.3082 0057909  84.0690  39.5226 14.32457271598756
1 30196U 99025VD  18213.12853222 -.00000005  00000-0  16191-4 0  9992
2 30196  98.6932 302.6452 0086418 333.5104 142.8313 14.25033605600496
1 30197U 99025VE  18212.90409005  .00000117  00000-0  64552-4 0  9991
2 30197  99.0345   5.0575 0067241 107.4532  43.9968 14.27955817600347
1 30198U 99025VF  18212.82522088  .00000406  00000-0  16039-3 0  9997
2 30198  98.2340  47.9901 0145177 297.6794 129.1501 14.28468638599651
1 30199U 99025VG  18213.40678387  .00000299  00000-0  13496-3 0  9991
2 30199  98.6496 257.5476 0091511 315.9956 171.0150 14.27134075599672
1 30200U 99025VH  18212.73926303 +.00000053 +00000-0 +41599-4 0  9997
2 30200 098.8752 318.7791 0150263 234.4757 124.2328 14.20069577597735
1 30201U 99025VJ  18210.75014332 +.00000097 +00000-0 +70794-4 0  9995
2 30201 099.3679 140.4371 0031295 342.1270 017.8801 14.18409179596177
1 30202U 99025VK  18212.11936108  .00000441  00000-0  19934-3 0  9993
2 30202  98.8008 261.3645 0061399  50.7840 309.8768 14.26058237597708
1 30205U 99025VN  18213.54248855  .00000023  00000-0  53268-4 0  9994
2 30205  98.8240  68.0768 0121455 281.9269 106.4271 13.86200624583574
1 30206U 99025VP  18213.05112041  .00000114  00000-0  43546-4 0  9997
2 30206  98.3974 247.7499 0159894 275.3686  82.9280 14.41740588606360
1 30207U 99025VQ  18213.17650671  .00000011  00000-0  38561-4 0  9994
2 30207  98.4962 194.2821 0262401 222.9885 197.1119 13.77688981580213
1 30208U 99025VR  18211.09740292 +.00000112 +00000-0 +74599-4 0  9996
2 30208 098.7374 244.5764 0036607 126.7768 247.5165 14.18653402596233
1 30209U 99025VS  18212.90411448 +.00000261 +00000-0 +17552-3 0  9996
2 30209 098.8580 246.0387 0039781 298.5969 137.6488 14.08875406592859
1 30210U 99025VT  18212.86109480 +.00000052 +00000-0 +61322-4 0  9996
2 30210 099.1730 174.8572 0060899 016.1194 013.4093 14.03208650589758
1 30212U 99025VV  18212.80604835  .00000052  00000-0  71141-4 0  9996
2 30212  99.3423 329.8403 0097847 309.7907  49.4668 13.94710155587114
1 30213U 99025VW  18212.73817508  .00000794  00000-0  54918-3 0  9997
2 30213  99.2752 217.3330 0076380 120.6635 294.4295 14.00729250587938
1 30214U 99025VX  18212.35370578  .00000326  00000-0  18873-3 0  9998
2 30214  98.9218 258.0770 0027239 204.7415 289.0035 14.15666640593906
1 30216U 99025VZ  18213.49485204  .00000981  00000-0  18393-3 0  9993
2 30216  99.0871 214.2435 0083544 340.8913 170.2397 14.65330484610296
1 30217U 99025WA  18213.13950715  .00000023  00000-0  27089-4 0  9999
2 30217  98.5961 268.0393 0146317  22.6977 338.0584 14.21480626598354
1 30218U 99025WB  18209.50811666 +.00000629 +00000-0 +37560-3 0  9993
2 30218 099.1383 224.4243 0088023 305.5651 209.8973 14.09103448590259
1 30221U 99025WE  18212.70307269  .00000064  00000-0  31413-4 0  9997
2 30221  98.9536 114.3769 0156112  95.4323 266.4695 14.41166063606207
1 30222U 99025WF  18212.91919279 -.00000045 +00000-0 +45520-6 0  9997
2 30222 099.1683 232.9084 0036896 312.3255 165.6025 14.03314645590929
1 30224U 99025WH  18212.86155941  .00000034  00000-0  64160-4 0  9997
2 30224  99.3733 166.1860 0113990 323.6760  54.8585 13.87756326584140
1 30225U 99025WJ  18212.56083671  .00000020  00000-0  32724-4 0  9991
2 30225  98.9735 237.2467 0101788 178.9514 334.9234 14.13565333595210
1 30227U 99025WL  18212.92015104 +.00001249 +00000-0 +46818-3 0  9991
2 30227 099.0902 018.1553 0002986 148.7735 013.7037 14.33641066598375
1 30228U 99025WM  18213.50671637  .00002887  00000-0  33083-3 0  9995
2 30228  98.9783 201.4042 0042917 233.5243 126.2011 14.86262622611997
1 30229U 99025WN  18213.54436332  .00000445  00000-0  16925-3 0  9995
2 30229  99.0964  72.4645 0060830  59.1627 321.9061 14.35070779601787
1 30230U 99025WP  18212.99657638  .00001438  00000-0  38733-3 0  9993
2 30230  99.0117  28.1799 0116059 121.9795  31.2889 14.45750600600907
1 30231U 99025WQ  18212.87116122 +.00000191 +00000-0 +13156-3 0  9996
2 30231 099.1184 237.6936 0135710 014.9627 109.1560 14.06567484591513
1 30232U 99025WR  18212.75587216 +.00000285 +00000-0 +78288-4 0  9992
2 30232 098.5042 313.4524 0174473 249.7511 265.3795 14.46591067607314
1 30233U 99025WS  18213.13542252  .00001030  00000-0  28725-3 0  9996
2 30233  99.0373  96.0940 0055169 306.5109  53.1007 14.47823628603934
1 30234U 99025WT  18212.73976897  .00000103  00000-0  76419-4 0  9992
2 30234  98.8763 242.9339 0068806 192.8885 230.6145 14.13762188594231
1 30235U 99025WU  18213.03136003  .00000247  00000-0  16039-3 0  9994
2 30235  99.0304 242.4286 0159027 223.3509 165.9388 14.05534158590815
1 30237U 99025WW  18212.56159128 +.00000537 +00000-0 +28148-3 0  9992
2 30237 098.9684 249.9675 0021418 155.6004 359.2746 14.18461447593979
1 30238U 99025WX  11082.90817173 +.00000303 +00000-0 +13939-3 0  9993
2 30238 098.9310 129.1198 0083886 257.6413 099.7479 14.26790092217117
1 30239U 99025WY  18206.37494406 -.00002485 +00000-0 -88507-2 0  9997
2 30239 099.7399 184.9632 1461002 251.1396 092.5988 11.09699131243616
1 30241U 99025XA  18212.19533792  .00000193  00000-0  12937-3 0  9996
2 30241  99.0079 305.2625 0151358  41.0586 339.0334 14.06486968590647
1 30242U 99025XB  18213.54796667  .00000173  00000-0  11819-3 0  9995
2 30242  98.9734 243.4368 0012979 132.0690  31.1092 14.12473717594193
1 30243U 99025XC  18213.04176476  .00000016  00000-0  34129-4 0  9997
2 30243  98.9374 242.6876 0013832 170.4342 209.7741 14.09863289593510
1 30244U 99025XD  18212.83671289  .00000134  00000-0  99345-4 0  9998
2 30244  99.1654 344.1701 0008952 287.4066 229.3122 14.11709564593664
1 30245U 99025XE  18213.54748911  .00000271  00000-0  28762-3 0  9991
2 30245  98.9805 330.9733 0205546 197.0735 162.3429 13.73574506577307
1 30246U 99025XF  18212.69199786 -.00000033  00000-0  28740-5 0  9992
2 30246  98.6797 354.1834 0373312   9.5117 104.3180 13.35647251562145
1 30247U 99025XG  18213.04194604  .00000306  00000-0  11051-3 0  9994
2 30247  98.2209 239.5970 0337185 346.0260  40.3865 14.13052706590066
1 30248U 99025XH  18213.09239632  .00000954  00000-0  52079-3 0  9995
2 30248  99.1071 269.0145 0058290 285.3795  93.9922 14.13724112591540
1 30249U 99025XJ  18212.96923080  .00000853  00000-0  43938-3 0  9990
2 30249  98.9721 281.6925 0050971 256.6059 182.4213 14.17302944593647
1 30250U 99025XK  18213.13277399 -.00000192  00000-0 -10145-3 0  9999
2 30250  98.9588 266.6658 0066657 132.8514 253.7429 13.98917462588656
1 30251U 99025XL  18213.12480793  .00000135  00000-0  78394-4 0  9999
2 30251  98.8477 318.2637 0056745 163.1096 268.2069 14.23182790598270
1 30252U 99025XM  18212.95049950 +.00000205 +00000-0 +14920-3 0  9998
2 30252 098.9993 243.6145 0068815 236.9041 241.6902 14.06087618591223
1 30253U 99025XN  18213.36442579  .00000489  00000-0  54465-3 0  9991
2 30253  98.7222 166.0933 0240511 295.5630 220.6430 13.64178355572718
1 30256U 99025XR  18212.65848472 +.00008646 +00000-0 +49294-3 0  9994
2 30256 098.9992 284.6845 0042202 114.4543 047.1877 15.12338143614278
1 30257U 99025XS  18212.54567216  .00000134  00000-0  10166-3 0  9997
2 30257  98.8943 240.7481 0060527 132.7690  22.9602 14.08451606593355
1 30259U 99025XU  18213.24174407  .00000040  00000-0  18879-4 0  9999
2 30259  98.5749 320.0257 0273781  70.2983 322.0393 14.42204218606405
1 30261U 99025XW  18213.06448479  .00000553  00000-0  52937-4 0  9997
2 30261  98.7932 243.4062 0194492  69.8541 292.3477 14.85145709620775
1 30262U 99025XX  18212.96952538 +.00001662 +00000-0 +25008-3 0  9992
2 30262 099.0568 218.2060 0063450 283.9743 075.4413 14.74814023611494
1 30263U 99025XY  18213.36416875  .00000454  00000-0  34698-3 0  9990
2 30263  98.7511  48.3197 0162836 213.1669 271.5448 13.92237082585290
1 30264U 99025XZ  18213.07272248  .00000421  00000-0  29896-3 0  9991
2 30264  99.1647 243.8385 0116556 177.7978 213.2257 13.99922199588597
1 30265U 99025YA  18212.94937890 +.00000471 +00000-0 +20737-3 0  9998
2 30265 098.8021 262.0843 0051080 033.1436 089.4899 14.27433203598249
1 30266U 99025YB  18212.93680095 +.00000552 +00000-0 +36339-3 0  9995
2 30266 099.1906 211.8228 0096369 359.8257 029.6326 14.03953381589466
1 30267U 99025YC  18213.29975361  .00000434  00000-0  26063-3 0  9991
2 30267  99.0455 243.1807 0068347 314.2004  45.3564 14.11105708592662
1 30272U 99025YH  18212.79785770 -.00000060  00000-0 -96530-5 0  9999
2 30272  99.0866 255.6610 0058721  73.2190 287.5409 14.04674573590127
1 30273U 99025YJ  18213.03940340  .00000141  00000-0  12622-3 0  9990
2 30273  99.1041 244.5877 0070578 136.1754 254.4260 13.98718896588949
1 30274U 99025YK  18212.52468841  .00000705  00000-0  32224-3 0  9991
2 30274  99.3051 109.9019 0006577  23.4782 100.9247 14.25005278597249
1 30275U 99025YL  18212.83200573 +.00000462 +00000-0 +22315-3 0  9992
2 30275 098.8256 263.9317 0056691 120.4041 300.1166 14.22530386596750
1 30276U 99025YM  18213.00000743  .00000446  00000-0  25387-3 0  9994
2 30276  99.0473 222.5204 0028777 195.1651 164.8662 14.14818528594045
1 30277U 99025YN  18212.76585376  .00000239  00000-0  16488-3 0  9999
2 30277  99.2111 232.6055 0139643 116.3928 299.9784 14.03904495589743
1 30279U 99025YQ  18212.96797852 +.00000105 +00000-0 +60341-4 0  9997
2 30279 099.2538 012.6411 0240446 119.7593 040.1197 14.15007857595008
1 30280U 99025YR  18213.09961522  .00000392  00000-0  30640-3 0  9997
2 30280  98.9862 270.7213 0079985 202.5766 188.9583 13.96498246588505
1 30282U 99025YT  18212.70122774 -.00000035  00000-0  33995-5 0  9997
2 30282  98.8004 281.4609 0217540 105.9778  44.4262 14.10377964594116
1 30283U 99025YU  18213.54819451  .00000166  00000-0  12143-3 0  9990
2 30283  98.9398 246.6346 0190275 324.1702 201.7179 14.00543652590335
1 30284U 99025YV  18212.37386209  .00000564  00000-0  31527-3 0  9990
2 30284  98.9115 261.5652 0044597 251.8899 241.2986 14.14383991593800
1 30286U 99025YX  18212.87637635 +.00000026 +00000-0 +37738-4 0  9993
2 30286 098.8856 240.1591 0064145 212.7465 224.9384 14.11849974594822
1 30287U 99025YY  18212.29711265  .00000075  00000-0  81199-4 0  9996
2 30287  98.6962 136.0830 0438520 252.4225 265.1686 13.60579679572075
1 30288U 99025YZ  18212.89047517 +.00000353 +00000-0 +20582-3 0  9992
2 30288 099.4040 089.2515 0029727 357.0822 065.7193 14.15251629593782
1 30289U 99025ZA  18212.82757685  .00000560  00000-0  35058-3 0  9994
2 30289  99.0358 267.0437 0049115  19.1591  46.1846 14.08189933590945
1 30290U 99025ZB  18212.77053699 +.00000813 +00000-0 +41065-3 0  9990
2 30290 102.6435 147.9629 0059155 003.1554 026.4415 14.20201356593832
1 30291U 99025ZC  18212.80653823  .00000563  00000-0  24651-3 0  9994
2 30291  97.2499 166.4513 0183321 245.8058 130.4972 14.18074051593580
1 30293U 99025ZE  18212.82198594  .00000238  00000-0  95740-4 0  9994
2 30293  99.2187 163.7239 0096613  59.9039 330.5725 14.35165704603006
1 30294U 99025ZF  18213.08017191  .00000029  00000-0  24548-4 0  9993
2 30294  98.5050 261.1665 0214345 356.7382  32.1466 14.28609810600846
1 30295U 99025ZG  18212.31617081  .00000018  00000-0  26819-4 0  9994
2 30295  98.8148 239.1075 0095555 335.5963 152.8451 14.23067072598920
1 30297U 99025ZJ  18213.13056274  .00000187  00000-0  75993-4 0  9992
2 30297  98.7552 273.2533 0527048 344.5530  40.6992 13.82286489577408
1 30298U 99025ZK  18212.60037128  .00000773  00000-0  49762-3 0  9996
2 30298  99.1261 252.3619 0075699 101.1492  49.7418 14.04738797589492
1 30299U 99025ZL  18212.92117167 +.00000508 +00000-0 +37555-3 0  9997
2 30299 099.3034 232.8322 0114693 200.2494 279.0785 13.97066737586343
1 30300U 99025ZM  18212.44190819 +.00000558 +00000-0 +34096-3 0  9994
2 30300 099.1076 198.4557 0094858 312.4898 200.4225 14.08002763589736
1 30301U 99025ZN  18212.95361031 +.00000819 +00000-0 +44989-3 0  9999
2 30301 098.5824 033.6458 0124727 139.5764 017.0585 14.10378505590354
1 30302U 99025ZP  18212.60120096  .00000718  00000-0  53399-3 0  9999
2 30302  98.5540 264.4032 0134888  83.8470 277.8041 13.93616431584311
1 30303U 99025ZQ  18211.96947226  .00000440  00000-0  27328-3 0  9995
2 30303  99.1329 212.8397 0093580 306.7163  52.5437 14.08343468590187
1 30304U 99025ZR  18213.48688845  .00000243  00000-0  17420-3 0  9997
2 30304  99.2113 219.6842 0088504 351.2050   8.7562 14.04731860589699
1 30305U 99025ZS  18213.53895931 -.00000024  00000-0  15251-4 0  9999
2 30305  98.5721  92.8753 0266056 303.3971 173.2995 13.59165820572314
1 30306U 99025ZT  18212.80352620 +.00000427 +00000-0 +21467-3 0  9993
2 30306 098.8281 259.1997 0135618 192.4363 167.3453 14.16935143594918
1 30308U 99025ZV  18212.92126731 +.00004921 +00000-0 +17639-2 0  9998
2 30308 100.2763 014.3960 0113194 244.7531 114.1880 14.30993490587604
1 30309U 99025ZW  18213.19459321  .00000095  00000-0  10744-3 0  9992
2 30309  99.4228 202.5892 0093839 246.6958 112.4304 13.91762888586031
1 30310U 99025ZX  18213.40892755 -.00000011  00000-0  17315-4 0  9991
2 30310  98.9708 273.5919 0255467 334.3620  24.5058 14.02491833589894
1 30311U 99025ZY  18212.99051142  .00000026  00000-0  60626-4 0  9990
2 30311  98.9247  46.7920 0168226 140.6585  22.8879 13.76046386579507
1 30312U 99025ZZ  18212.41120458  .00000561  00000-0  27783-3 0  9995
2 30312  98.9337 195.1233 0018011  79.3606  85.9029 14.21300456595352
1 30313U 99025AAA 18213.33855851  .00000565  00000-0  34692-3 0  9991
2 30313  99.0826 256.6538 0065948  30.7960  97.9147 14.08798847590892
1 30314U 99025AAB 18212.83221894 +.00000286 +00000-0 +22562-3 0  9993
2 30314 098.3917 232.8461 0148095 312.0027 046.8603 13.93800277585632
1 30315U 99025AAC 18212.53044779  .00000060  00000-0  52312-4 0  9993
2 30315  98.8399 242.3761 0037092 153.8189   4.4201 14.16143115596054
1 30316U 99025AAD 18212.80962818 +.00000463 +00000-0 +20649-3 0  9991
2 30316 098.7998 261.9934 0060718 043.8999 316.6982 14.26577651597902
1 30317U 99025AAE 18213.57542091 -.00000198  00000-0 -93744-4 0  9998
2 30317  98.9479 241.4360 0024434 261.9190 251.5577 14.05775916592190
1 30318U 99025AAF 18212.88447512 +.00005078 +00000-0 +64118-3 0  9996
2 30318 098.9694 087.8515 0026246 087.6283 272.7932 14.82198881605418
1 30319U 99025AAG 18212.74833920 +.00001400 +00000-0 +60372-3 0  9997
2 30319 098.2899 301.1021 0081834 257.8352 255.6341 14.24233436593529
1 30320U 99025AAH 18212.92306135 -.00000190 +00000-0 -99849-4 0  9991
2 30320 099.3434 193.5508 0087852 064.2233 324.5203 13.97092768588229
1 30321U 99025AAJ 18213.04220424  .00000041  00000-0  44183-4 0  9996
2 30321  98.8106 243.5840 0063151   2.7950  26.8457 14.13702114595160
1 30322U 99025AAK 18212.55901021  .00000244  00000-0  18819-3 0  9992
2 30322  98.4019 246.1324 0138675 255.3330 103.2427 13.96929492586929
1 30325U 99025AAL 18213.33620484 -.00000045  00000-0 -18047-6 0  9990
2 30325  99.0243 238.4407 0015230 261.6211  98.3232 14.08306829591407
1 30326U 99025AAM 18213.14393456  .00000019  00000-0  47728-4 0  9991
2 30326  98.6526 280.0358 0143890 160.2029 200.4792 13.84413713582388
1 30327U 99025AAN 18212.59094821 +.00000851 +00000-0 +54182-3 0  9999
2 30327 098.4124 255.1152 0144029 217.9438 296.8158 14.01133721586315
1 30328U 99025AAP 18212.76224081 -.00000067 +00000-0 -12246-4 0  9999
2 30328 098.9270 239.9805 0004718 220.9341 199.2457 14.11346524592981
1 30329U 99025AAQ 18211.75382435 +.00000093 +00000-0 +11173-3 0  9990
2 30329 099.2285 131.8971 0146069 037.7194 343.1893 13.84475583581420
1 30330U 99025AAR 18213.19302353  .00000342  00000-0  34605-3 0  9995
2 30330  98.9766 328.4380 0206390 151.7384 326.8122 13.74465139576345
1 30331U 99025AAS 18213.30252581  .00000254  00000-0  21218-3 0  9994
2 30331  99.2687 237.8364 0100035 164.6720 258.4091 13.95200870585935
1 30332U 99025AAT 18212.32348449  .00000001  00000-0  44324-4 0  9999
2 30332  99.4424 141.5570 0180571 272.1637 249.9534 13.74301157577375
1 30333U 99025AAU 18212.86459547 +.00000843 +00000-0 +88245-4 0  9995
2 30333 098.8902 284.3831 0150607 199.5414 227.4216 14.85106765617361
1 30334U 99025AAV 18212.77286081  .00000319  00000-0  29807-3 0  9993
2 30334  98.8912  29.0541 0162244  49.4703  71.4325 13.82785784579667
1 30335U 99025AAW 18213.06935637  .00000088  00000-0  86543-4 0  9999
2 30335  98.9963 240.3041 0086907  37.4130 340.8919 14.00012360589409
1 30336U 99025AAX 18212.90968958 +.00000084 +00000-0 +64487-4 0  9993
2 30336 098.8948 242.1738 0046138 152.2153 331.4239 14.16017092594959
1 30338U 99025AAZ 18212.60757222 +.00000463 +00000-0 +11790-3 0  9991
2 30338 098.7844 262.5302 0346378 204.6893 311.9691 14.25492491596586
1 30339U 99025ABA 18213.02496152  .00000573  00000-0  32088-3 0  9996
2 30339  99.0437 237.5011 0032458 206.1951 183.6247 14.14537452592572
1 30340U 99025ABB 18211.98024330 +.00000045 +00000-0 +52601-4 0  9994
2 30340 099.2534 207.7093 0147831 023.9699 355.3753 14.03487633590143
1 30341U 99025ABC 18212.80224537 +.00000337 +00000-0 +21302-3 0  9995
2 30341 099.2176 324.2635 0069985 090.0312 060.7025 14.09755263589918
1 30342U 99025ABD 18213.34815458  .00000118  00000-0  15318-3 0  9991
2 30342 100.1524 169.5985 0174667 173.4059 340.3319 13.76444429578603
1 30343U 99025ABE 18212.81610248 +.00000635 +00000-0 +92780-4 0  9996
2 30343 099.0525 212.5286 0202049 190.3597 296.0434 14.67257128610178
1 30344U 99025ABF 18212.92154076 +.00000724 +00000-0 +33073-3 0  9999
2 30344 098.8892 195.3812 0015813 043.0168 345.5598 14.24626077595860
1 30345U 99025ABG 18213.37252517  .00000626  00000-0  31518-3 0  9992
2 30345  98.9058 178.3630 0023566  85.5394 274.8473 14.19952666594518
1 30346U 99025ABH 18212.61715517  .00000290  00000-0  17117-3 0  9999
2 30346  98.9350 273.4044 0076739 169.2595 357.3341 14.13955527592605
1 30347U 99025ABJ 18212.55003052 +.00000023 +00000-0 +45202-4 0  9998
2 30347 098.3965 240.9201 0150722 296.5208 218.6389 13.91614014585203
1 30348U 99025ABK 18211.94664782 +.00000562 +00000-0 +30386-3 0  9998
2 30348 099.0066 240.6453 0022733 174.3424 273.0484 14.16606777592948
1 30349U 99025ABL 18213.22304576 -.00000049  00000-0 -60446-5 0  9998
2 30349  98.6113 306.4115 0095425 359.1538  29.3738 13.97415935585634
1 30350U 99025ABM 18210.40370521 +.00000134 +00000-0 +13554-3 0  9999
2 30350 098.1157 007.9122 0230330 130.8600 260.4512 13.78398759578419
1 30352U 99025ABP 18212.75007758 -.00000029  00000-0  98931-5 0  9998
2 30352  99.0572 239.0546 0027740 294.8300 130.0542 14.05960884591029
1 30355U 99025ABS 18210.12060821 +.00000184 +00000-0 +12009-3 0  9991
2 30355 098.8040 254.3879 0058872 088.1143 288.8694 14.12799510592796
1 30356U 99025ABT 18213.39176642 -.00000018  00000-0  15013-4 0  9999
2 30356  98.8526 256.2053 0056269 339.5533 141.4162 14.07505927591384
1 30357U 99025ABU 18212.94149508 +.00000229 +00000-0 +17152-3 0  9999
2 30357 099.1213 236.4621 0049052 266.9312 213.5012 14.04155905590358
1 30358U 99025ABV 18213.20335698  .00000317  00000-0  20494-3 0  9998
2 30358  98.7430 103.6123 0096077 295.2361 218.3979 14.07624120589755
1 30359U 99025ABW 18212.61172760  .00000647  00000-0  59251-3 0  9991
2 30359 101.6267  87.1131 0188277  89.0008 302.2046 13.80437946578736
1 30360U 99025ABX 18210.58792789 +.00000359 +00000-0 +21600-3 0  9993
2 30360 098.9679 252.8407 0034848 264.7473 250.0138 14.12943686593033
1 30361U 99025ABY 18212.88782775  .00000376  00000-0  20752-3 0  9999
2 30361  98.8180 265.6387 0076156 205.3744 213.4613 14.15925214594794
1 30362U 99025ABZ 18212.75125507 +.00000675 +00000-0 +50233-3 0  9999
2 30362 099.0448 128.0174 0109259 214.0635 174.9523 13.95637016585101
1 30363U 99025ACA 18212.46710663 +.00000300 +00000-0 +20638-3 0  9992
2 30363 099.1970 216.0016 0095852 350.0085 009.9174 14.04978949589410
1 30364U 99025ACB 18212.48701352 +.00000321 +00000-0 +14318-3 0  9991
2 30364 098.0977 042.5524 0431097 354.3991 032.7669 13.88590592581061
1 30365U 99025ACC 18212.74712337 +.00000044 +00000-0 +39163-4 0  9994
2 30365 098.7388 244.3155 0171984 288.6237 133.8367 14.16387095594982
1 30366U 99025ACD 18213.35989187  .00000100  00000-0  58357-4 0  9991
2 30366  99.0279   3.3954 0069952  93.9903 296.8230 14.27346901599273
1 30368U 99025ACF 18213.05861667  .00000101  00000-0  13382-3 0  9991
2 30368  98.9943  58.6515 0188699 216.0398 297.8708 13.73657337577267
1 30369U 99025ACG 18212.89698240 +.00000104 +00000-0 +80422-4 0  9991
2 30369 098.8573 242.1013 0100961 260.6162 225.5035 14.10072425593090
1 30370U 99025ACH 18213.37784392  .00000363  00000-0  22225-3 0  9994
2 30370  99.0792 185.6998 0112166 315.3618 200.5074 14.09141849591320
1 30371U 99025ACJ 18212.95766897  .00000384  00000-0  20176-3 0  9994
2 30371  98.8207 252.2352 0007709 194.1074 235.4118 14.19922913596544
1 30372U 99025ACK 18212.82357921  .00000877  00000-0  19938-3 0  9996
2 30372  99.0624 164.5996 0067651 128.6116 232.1164 14.57484062606346
1 30373U 99025ACL 18212.93332067 +.00001362 +00000-0 +24602-3 0  9997
2 30373 099.0970 210.3135 0072973 025.0579 005.4879 14.66716555608163
1 30374U 99025ACM 18212.83368604  .00000511  00000-0  19264-3 0  9996
2 30374  99.2769 168.1370 0060495 135.0991 255.4275 14.35054986601720
1 30375U 99025ACN 18213.09373780  .00000122  00000-0  57446-4 0  9990
2 30375  98.5494 144.9841 0015902 275.1800  84.7571 14.35731808598341
1 30377U 99025ACQ 18212.53992942  .00000372  00000-0  28113-3 0  9992
2 30377  99.1721 241.0041 0123185 106.2812  49.2542 13.96687091586345
1 30379U 99025ACS 18212.56534675 -.00000088 +00000-0 -26131-4 0  9997
2 30379 099.0215 241.1582 0036092 260.9306 251.4760 14.05706514589896
1 30380U 99025ACT 18212.85963643 +.00000038 +00000-0 +22710-4 0  9994
2 30380 098.8966 089.1784 0193464 347.6533 011.9951 14.44565035606732
1 30381U 99025ACU 18207.50988389 +.00000413 +00000-0 +28219-3 0  9991
2 30381 099.0402 239.7400 0061090 069.8966 290.8761 14.04469976542527
1 30382U 99025ACV 18213.41051104  .00000226  00000-0  11615-3 0  9999
2 30382  98.7938 279.4866 0175050 191.8260 228.7394 14.16791236593832
1 30385U 99025ACY 18212.88354437  .00000067  00000-0  38803-4 0  9999
2 30385  99.0525  75.9989 0133436 244.7619 182.4786 14.33798750601876
1 30386U 99025ACZ 18212.52263951  .00000478  00000-0  60778-3 0  9992
2 30386  98.6532  50.9894 0322873 229.1456 157.0589 13.47943918565330
1 30387U 99025ADA 18213.06787990  .00000048  00000-0  50328-4 0  9991
2 30387  98.9230 241.8546 0000902 100.9753 288.0045 14.12491523593411
1 30388U 99025ADB 18212.57979358  .00000185  00000-0  93806-4 0  9998
2 30388  98.8922 246.1467 0236546 200.0157 313.6203 14.13997014593816
1 30389U 99025ADC 18212.96628619 +.00000539 +00000-0 +26866-3 0  9997
2 30389 098.9560 205.1057 0019202 088.2350 297.3648 14.21071109594139
1 30390U 99025ADD 18213.06349522  .00000407  00000-0  23220-3 0  9999
2 30390  99.0150 248.6257 0081257 282.9122  96.5411 14.13775908592708
1 30391U 99025ADE 18212.56098844 +.00000403 +00000-0 +25979-3 0  9991
2 30391 099.0197 250.4021 0078773 284.0350 233.0792 14.07354852589570
1 30392U 99025ADF 18212.91933194 -.00000003 +00000-0 +23996-4 0  9992
2 30392 099.0544 244.0106 0189905 306.5082 174.7817 14.02611818589114
1 30393U 99025ADG 18213.18576993  .00000253  00000-0  20578-3 0  9991
2 30393  99.3263 194.7772 0072564  43.3361  88.3376 13.98034493587495
1 30394U 99025ADH 18212.79623236  .00000155  00000-0  14622-3 0  9995
2 30394  99.2420 158.4354 0090695 177.9995 211.8574 13.93848207586285
1 30395U 99025ADJ 18213.00395302  .00000192  00000-0  16124-3 0  9991
2 30395  99.1975 242.6687 0164771 182.2324 206.4683 13.93494615585579
1 30396U 99025ADK 18212.57592858 -.00000008 +00000-0 +23508-4 0  9990
2 30396 098.3060 130.8911 0135332 000.2412 122.8629 13.86429804582828
1 30397U 99025ADL 18213.47300653  .00000218  00000-0  18384-3 0  9998
2 30397  98.3790 207.2298 0164518   9.6212 140.4231 13.90711269583397
1 30398U 99025ADM 18213.34682127 -.00000052  00000-0 -52573-5 0  9992
2 30398  99.7701 352.2925 0178648  62.9800 327.6106 13.75536981577704
1 30400U 99025ADP 18213.23727472  .00000899  00000-0  57196-3 0  9998
2 30400  99.1605 126.9618 0284232 106.9115  43.3070 13.88060206580561
1 30401U 99025ADQ 18212.80916660  .00000017  00000-0  24986-4 0  9994
2 30401  98.8978 335.9594 0109838 337.0308  22.5979 14.25946870599586
1 30403U 99025ADS 18212.95428938 +.00000517 +00000-0 +33457-3 0  9995
2 30403 099.1901 215.7706 0094438 350.5959 009.3437 14.05258409588941
1 30404U 99025ADT 18212.97680194 +.00000160 +00000-0 +27632-3 0  9994
2 30404 099.6656 036.2121 0388548 129.3625 023.6112 13.30623273222206
1 30405U 99025ADU 18212.41836649 +.00000456 +00000-0 +26051-3 0  9994
2 30405 098.9208 280.6527 0061812 287.7338 203.1162 14.13713374592618
1 30406U 99025ADV 18212.51841039  .00000260  00000-0  33819-3 0  9998
2 30406  98.5919  49.0314 0298371 129.6627 261.7606 13.51870037567641
1 30408U 99025ADX 12057.81159816 +.00002657 +00000-0 +22255-2 0  9992
2 30408 099.0583 001.7104 0127655 181.7986 178.2567 13.85370304257644
1 30409U 99025ADY 18213.28575878  .00000115  00000-0  95318-4 0  9993
2 30409  98.6111 333.0910 0172265 342.3610  47.3113 13.98885961588003
1 30411U 99025AEA 18212.58424364  .00000441  00000-0  33595-3 0  9991
2 30411  98.5601 272.9438 0148257  52.2095 309.2387 13.93207815584261
1 30413U 99025AEC 18212.79082385 +.00000618 +00000-0 +38224-3 0  9999
2 30413 102.0775 184.8218 0061593 175.9061 302.9019 14.10239006590543
1 30414U 99025AED 18213.48428987  .00000353  00000-0  21240-3 0  9995
2 30414  99.0473 288.1422 0076554 270.2691 211.2495 14.11949432591318
1 30415U 99025AEE 18212.54833069  .00000441  00000-0  51003-3 0  9991
2 30415  99.8122 230.7058 0244708 284.7262 242.0284 13.62987768571830
1 30416U 99025AEF 18213.05363449 -.00000208  00000-0 -10766-3 0  9993
2 30416  99.1526 241.7848 0054950  80.1550 280.5813 14.00881618589516
