1 34972U 93036AFB 18205.49630191 +.00000520 +00000-0 +15160-3 0  9998
2 34972 073.9974 104.5835 0056297 181.3309 232.6122 14.45754708484937
1 34976U 93036AFF 18205.24577810 +.00000365 +00000-0 +90444-4 0  9999
2 34976 074.0658 040.8932 0068747 075.4578 046.9241 14.54140311489545
1 34977U 93036AFG 18205.24619637 +.00001200 +00000-0 +32199-3 0  9995
2 34977 074.0281 141.7095 0058702 166.7478 193.5241 14.48237624484880
1 34978U 93036AFH 18205.59568621 +.00001094 +00000-0 +16593-3 0  9991
2 34978 074.0249 274.8290 0042052 012.9593 347.2650 14.74890001491312
1 34979U 93036AFJ 18205.15772327 +.00000319 +00000-0 +77630-4 0  9993
2 34979 074.0476 020.5506 0074461 071.8210 289.1042 14.55353584488235
1 34983U 97051NP  18205.45277226 +.00003205 +00000-0 +58765-3 0  9994
2 34983 086.3594 095.9390 0032102 230.1348 129.7041 14.65165180271009
1 34985U 97051NR  18205.53780274 +.00000262 +00000-0 +86388-4 0  9990
2 34985 086.3729 116.0733 0026307 056.0401 064.1148 14.34063170484752
1 34986U 97051NS  18205.16096216 +.00001403 +00000-0 +35036-3 0  9997
2 34986 086.3847 110.6816 0026664 308.4291 051.4520 14.50701901485958
1 34987U 97051NT  18204.53656497 +.00002047 +00000-0 +27840-3 0  9990
2 34987 086.3361 048.8094 0008438 137.5059 222.6815 14.78277936500056
1 34989U 93036AFM 18205.54256641 +.00000418 +00000-0 +10489-3 0  9991
2 34989 074.0227 048.0799 0031868 130.4705 229.9243 14.54202601486060
1 34990U 93036AFN 18205.26552690 +.00000143 +00000-0 +57347-4 0  9995
2 34990 074.0464 179.3734 0017975 197.2477 162.8068 14.36656162486797
1 34991U 93036AFP 18205.21169862 +.00001155 +00000-0 +25217-3 0  9990
2 34991 074.0444 050.3946 0014015 129.7686 230.4716 14.58944153489714
1 34993U 93036AFR 18204.68468449 +.00003097 +00000-0 +57829-3 0  9996
2 34993 074.0155 101.8626 0039353 097.4448 263.1195 14.64903278489142
1 34995U 93036AFT 18205.04700509 +.00001196 +00000-0 +25278-3 0  9996
2 34995 073.8344 358.9559 0047222 046.7430 313.7660 14.59871863270980
1 34997U 93036AFV 18204.44045610 +.00000270 +00000-0 +11140-3 0  9991
2 34997 073.8869 241.3394 0120160 043.1414 317.9071 14.27593741482665
1 34998U 93036AFW 18204.18677407 +.00000225 +00000-0 +78763-4 0  9993
2 34998 074.0149 137.3614 0024289 210.8891 217.9526 14.40528941485668
1 35000U 93036AFY 18205.48216133 +.00000497 +00000-0 +11295-3 0  9994
2 35000 074.0403 029.0183 0078998 071.9238 289.0511 14.56805633488751
1 35012U 93036AFZ 18205.36214959 +.00000042 +00000-0 +19974-4 0  9997
2 35012 074.0216 092.6562 0083784 168.2114 192.1031 14.43008667486213
1 35014U 93036AGB 18204.04240786 +.00000497 +00000-0 +14533-3 0  9999
2 35014 074.0091 105.4747 0014756 183.0046 177.1027 14.46558877489112
1 35015U 93036AGC 18205.29184293 +.00000342 +00000-0 +12580-3 0  9997
2 35015 073.9522 186.3450 0091536 293.6002 126.6659 14.34227654266677
1 35016U 93036AGD 18205.42831484 +.00000144 +00000-0 +61675-4 0  9994
2 35016 073.9308 202.5225 0122589 336.6186 174.2125 14.29864464481783
1 35018U 93036AGF 18205.27373491 +.00000374 +00000-0 +34175-3 0  9997
2 35018 073.9829 195.4456 0368462 291.9914 064.2432 13.59922661464453
1 35019U 93036AGG 18204.33785582 +.00001572 +00000-0 +25211-3 0  9994
2 35019 074.0115 333.8035 0028443 037.8434 322.4730 14.72347903492289
1 35020U 93036AGH 18205.59641956 -.00000001 +00000-0 +62873-5 0  9995
2 35020 074.0523 302.3380 0096985 030.9694 329.7139 14.58801579488664
1 35022U 93036AGK 18204.16166545 +.00000177 +00000-0 +50406-4 0  9996
2 35022 074.0280 026.7349 0054698 176.7547 183.3981 14.51714435199079
1 35023U 93036AGL 18205.43856472 +.00000406 +00000-0 +92767-4 0  9994
2 35023 074.0524 000.7613 0067622 055.7453 336.0070 14.57726173487603
1 35025U 93036AGN 18205.46543387 +.00000143 +00000-0 +32789-4 0  9993
2 35025 073.9381 242.1889 0099429 052.9401 308.0805 14.62203894491351
1 35026U 93036AGP 18205.16531544 -.00000001 +00000-0 +67655-5 0  9998
2 35026 074.0472 004.2994 0084460 081.9685 039.8659 14.52159064489614
1 35028U 93036AGR 18205.05781311 +.00000007 +00000-0 +84341-5 0  9993
2 35028 074.0406 339.4330 0085200 074.3114 045.2876 14.54473687491174
1 35031U 93036AGU 18205.55560204 +.00000056 +00000-0 +28559-4 0  9990
2 35031 074.0378 175.1833 0020363 215.5997 144.3799 14.35758201485496
1 35032U 93036AGV 18205.58792434 +.00000327 +00000-0 +10163-3 0  9998
2 35032 073.8561 064.1064 0086108 090.6575 300.6084 14.42941446486537
1 35033U 93036AGW 18204.16121654 +.00000104 +00000-0 +41025-4 0  9997
2 35033 074.0316 150.6430 0017797 197.4225 162.6322 14.40283311269889
1 35036U 93036AGZ 13089.71680854  .00005966  00000-0  24488-2 0  9992
2 35036  74.0749 230.0672 0108135 310.7742  48.7503 14.24118514205366
1 35037U 93036AHA 18205.07604549 +.00000560 +00000-0 +12477-3 0  9995
2 35037 074.0053 356.3203 0045484 099.3146 261.3166 14.58686974275050
1 35038U 93036AHB 18205.23417112 +.00000408 +00000-0 +22231-3 0  9992
2 35038 074.0810 126.0101 0146860 073.8453 077.5127 14.09737223474223
1 35039U 93036AHC 18204.94087593 +.00002187 +00000-0 +39021-3 0  9997
2 35039 074.0196 038.2776 0031000 066.2968 294.1449 14.67316700322851
1 35042U 93036AHF 18205.38887166 +.00001956 +00000-0 +23964-3 0  9996
2 35042 074.0126 232.1711 0031054 355.2770 004.8110 14.83599447494369
1 35043U 93036AHG 18205.38138133 +.00000123 +00000-0 +50502-4 0  9994
2 35043 073.9724 345.1186 0206463 079.8761 282.5605 14.25590113477643
1 35045U 93036AHJ 18205.12077726 +.00000182 +00000-0 +13044-3 0  9992
2 35045 073.7205 111.4597 0192735 036.4336 028.7928 13.95660668470303
1 35049U 97051NV  18205.09008459 +.00001869 +00000-0 +39298-3 0  9992
2 35049 086.3712 083.4340 0025863 025.5757 334.6726 14.58853762488658
1 35050U 97051NW  18204.30340890 +.00003269 +00000-0 +45117-3 0  9998
2 35050 086.3047 047.6229 0027463 120.9958 239.3964 14.77594766490318
1 35051U 97051NX  18205.40079348 +.00000285 +00000-0 +88085-4 0  9995
2 35051 086.3263 090.1004 0008768 343.2871 016.8036 14.37788829481559
1 35052U 97051NY  18204.99891269 +.00000117 +00000-0 +33869-4 0  9997
2 35052 086.3311 092.7192 0009722 269.5795 153.8296 14.35506405487794
1 35054U 97051PA  18205.59957905 +.00004351 +00000-0 +62578-3 0  9998
2 35054 086.3440 069.3067 0015062 085.4709 274.8230 14.76116937491030
1 35056U 91025AA  10030.87953118 -.00001994 +00000-0 -16813-1 0  9997
2 35056 065.3186 054.7376 5610935 349.0324 002.6415 04.25227581010506
1 35058U 93036AHM 18205.40746923 +.00003477 +00000-0 +25488-3 0  9994
2 35058 074.0061 109.0094 0060220 165.0345 195.2644 15.02503552498660
1 35059U 93036AHN 18205.44141812 +.00001557 +00000-0 +28835-3 0  9991
2 35059 073.9939 011.3925 0030282 078.6321 310.6393 14.65955500489430
1 35060U 93036AHP 18205.60451872 +.00000114 +00000-0 +47584-4 0  9992
2 35060 074.0383 172.8881 0020376 206.1012 153.9116 14.36699505484589
1 35061U 93036AHQ 18205.48460057 +.00000278 +00000-0 +72484-4 0  9992
2 35061 074.0503 025.4274 0051589 107.5394 253.1414 14.53464717492790
1 35062U 93036AHR 18205.30056698 +.00000934 +00000-0 +51047-3 0  9996
2 35062 074.1001 157.6633 0154260 109.5807 040.2647 14.07412436474246
1 35065U 93036AHU 18205.17477910 +.00000196 +00000-0 +71979-4 0  9995
2 35065 074.0231 150.3075 0022507 210.4759 149.5089 14.38924669294882
1 35066U 93036AHV 18204.69214388 +.00000778 +00000-0 +14183-3 0  9999
2 35066 074.0178 324.9029 0030017 077.1544 283.2976 14.67540561271070
1 35067U 93036AHW 18205.49522043 +.00000875 +00000-0 +17514-3 0  9998
2 35067 073.7552 255.5044 0070070 338.9459 020.8823 14.62042281489231
1 35069U 93036AHY 11276.68213095  .00011156  00000-0  26034-2 0  9996
2 35069  74.0224  16.0297 0134362 113.1305 257.0191 14.49371122131455
1 35071U 93036AJA 18205.46963787 +.00000316 +00000-0 +47282-4 0  9990
2 35071 073.9443 132.8720 0114688 305.4388 053.6119 14.75423736275786
1 35072U 93036AJB 18199.35800406 +.00001525 +00000-0 +40553-3 0  9995
2 35072 074.0905 202.5999 0051394 158.1152 202.2220 14.48656019213162
1 35073U 93036AJC 18199.39747910  .00000644  00000-0  17082-3 0  9992
2 35073  74.0214  95.4278 0039483 154.7692 205.5409 14.50302396488787
1 35076U 93036AJF 18204.52151579 +.00000418 +00000-0 +80046-4 0  9997
2 35076 073.9705 267.7752 0070652 042.6823 317.9803 14.65636617227709
1 35077U 97051PC  18204.79329270 +.00007812 +00000-0 +73115-3 0  9996
2 35077 086.2748 029.1820 0046330 032.2437 328.1608 14.93119401292978
1 35078U 97051PD  18176.45636764 +.00104553 +00000-0 +26949-2 0  9999
2 35078 086.3474 071.5354 0004364 010.0812 350.0528 15.38785846486849
1 35079U 97051PE  18176.84065417  .00003193  00000-0  14011-2 0  9999
2 35079  86.4312 205.7451 0146965 221.1852 137.8173 14.17764032473780
1 35080U 97051PF  18205.24265002 +.00001230 +00000-0 +56728-3 0  9992
2 35080 086.2414 136.8842 0175884 219.9250 138.8892 14.12511133312283
1 35081U 97051PG  15168.43824283 +.00000045 +00000-0 +00000-0 0  9993
2 35081 086.4211 218.9276 0054232 235.2452 124.3683 15.25347491329647
1 35084U 91025AE  14189.96226403 +.00000003 +00000-0 +10000-3 0  9999
2 35084 074.1425 023.0544 5034394 070.9529 336.9925 04.44184140083179
1 35086U 99025DJN 10223.93248307 +.00002251 +00000-0 +73660-3 0  9996
2 35086 098.9468 276.8369 0108441 122.2094 240.0716 14.36216353092800
1 35087U 99025DJP 11273.16009402 +.00009918 +00000-0 +16234-2 0  9999
2 35087 098.3441 247.6479 0240762 182.1458 159.1022 14.53528430212294
1 35088U 99025DJQ 18204.40564123 +.00000739 +00000-0 +51232-3 0  9994
2 35088 094.6964 258.4974 0357230 284.1793 071.9932 13.73398613528894
1 35089U 99025DJR 18202.56682582 +.00000607 +00000-0 +34086-3 0  9992
2 35089 098.7923 251.3133 0029009 238.1693 121.6655 14.14054075226596
1 35090U 99025DJS 18203.77284847 +.00000615 +00000-0 +40443-3 0  9993
2 35090 099.0366 147.5951 0067128 351.5959 008.4079 14.04675882282471
1 35091U 99025DJT 18205.35551102 +.00000533 +00000-0 +22050-3 0  9994
2 35091 098.7469 259.6900 0079671 014.2046 346.1350 14.29075539512499
1 35092U 99025DJU 12040.42598309 -.00231572 +00000-0 -94427-1 0  9990
2 35092 098.8774 103.6567 0087045 321.9990 037.5830 14.27049512191337
1 35093U 99025DJV 18204.34050394 +.00001495 +00000-0 +34900-3 0  9996
2 35093 098.6698 259.9173 0158923 207.2685 152.0098 14.48901395269053
1 35094U 99025DJW 18205.56578911 +.00001778 +00000-0 +41268-3 0  9991
2 35094 097.7983 119.5866 0189982 336.4046 146.8387 14.45686860574602
1 35095U 99025DJX 18205.01648761 +.00000815 +00000-0 +17039-3 0  9993
2 35095 098.5261 277.2568 0220109 148.1239 213.3494 14.48596968526531
1 35096U 99025DJY 13101.65583005 +.00011806 +00000-0 +21026-2 0  9995
2 35096 097.7205 253.7835 0169838 280.8699 077.7385 14.58186375264125
1 35097U 99025DJZ 18204.44777075 +.00001122 +00000-0 +13417-3 0  9990
2 35097 098.6615 078.1433 0188287 065.4481 296.6222 14.74676653548082
1 35099U 99025DKB 18204.75461952 +.00002317 +00000-0 +16483-3 0  9993
2 35099 098.2787 311.8381 0146273 071.9601 289.7495 14.97524321552746
1 35102U 99025DKE 18205.29328284 +.00000137 +00000-0 +78459-4 0  9998
2 35102 098.7237 238.4728 0065639 037.1064 323.4625 14.23186330521018
1 35104U 99025DKG 18204.32365920 +.00000118 +00000-0 +81681-4 0  9991
2 35104 098.8099 236.5540 0032319 332.4239 084.8933 14.16106284515297
1 35105U 99025DKH 18205.36470171 +.00000082 +00000-0 +39191-4 0  9991
2 35105 098.9742 044.4610 0123221 137.0039 346.2492 14.39336730556351
1 35108U 99025DKL 18179.86695291 +.00000409 +00000-0 +26088-3 0  9994
2 35108 098.9278 211.3445 0139269 132.6472 228.6532 14.04243177509899
1 35109U 99025DKM 18205.29309142 +.00000088 +00000-0 +57578-4 0  9991
2 35109 098.6841 236.7037 0157324 259.6599 098.6809 14.17887876502779
1 35110U 99025DKN 18145.65187971  .00001200  00000-0  33922-3 0  9993
2 35110  96.6553 305.3091 0126954 185.8976 174.0731 14.42225547542109
1 35111U 99025DKP 18204.92989231 +.00000233 +00000-0 +16636-3 0  9997
2 35111 099.4672 102.1830 0026617 103.0844 257.3296 14.07542753547229
1 35114U 99025DKS 18203.24324634  .00001920  00000-0  95038-4 0  9992
2 35114  97.7275 356.7219 0164422   5.4028 354.8924 15.08044033575093
1 35116U 99025DKU 18203.28866603 +.00000426 +00000-0 +23484-3 0  9990
2 35116 098.9114 239.1726 0067145 232.5977 126.9072 14.15727085216767
1 35117U 99025DKV 18204.41116065 +.00000905 +00000-0 +33287-3 0  9991
2 35117 098.7881 268.7808 0052156 348.4684 070.3653 14.34382151505685
1 35118U 99025DKW 18184.42671113  .00000657  00000-0  10100-3 0  9993
2 35118  97.8174 354.5990 0178202 287.4355  70.7438 14.66947053563979
1 35119U 99025DKX 18205.27840485 +.00001651 +00000-0 +33076-3 0  9993
2 35119 099.9647 231.4075 0054634 110.5659 311.4182 14.62666445558187
1 35120U 99025DKY 18204.73914168 +.00000880 +00000-0 +53514-3 0  9997
2 35120 098.0125 038.9150 0167783 155.5942 205.3288 14.01540113258279
1 35121U 99025DKZ 18197.93227103  .00000475  00000-0  29550-3 0  9990
2 35121  98.3232 251.4376 0160393 209.5606 149.6423 14.03000256536216
1 35122U 99025DLA 18205.31122177 +.00000098 +00000-0 +78603-4 0  9993
2 35122 098.9532 233.8085 0024766 251.7236 108.1240 14.11504940257796
1 35123U 99025DLB 18205.06635803 +.00000237 +00000-0 +13718-3 0  9991
2 35123 098.9152 305.2170 0055845 214.0793 145.6791 14.17520759227893
1 35125U 99025DLD 17069.16831840  .00000646  00000-0  29732-3 0  9997
2 35125  98.2930 214.6120 0063499 314.4751  45.1715 14.20081575458992
1 35128U 99025DLG 18202.23557873 +.00001084 +00000-0 +64016-3 0  9990
2 35128 098.3330 218.4637 0135317 208.3101 151.0668 14.05223370248001
1 35129U 99025DLH 18203.81887259 +.00000653 +00000-0 +38729-3 0  9993
2 35129 098.2611 206.8600 0140609 149.7918 211.1454 14.05735129524860
1 35130U 99025DLJ 18205.36068797 +.00000772 +00000-0 +41255-3 0  9995
2 35130 099.0845 262.3386 0049357 350.3093 009.7123 14.15663879263597
1 35134U 99025DLN 18204.28948181 +.00001144 +00000-0 +33303-3 0  9992
2 35134 098.9151 011.4788 0062690 291.9661 067.4875 14.45191437504855
1 35135U 99025DLP 18204.31503564 +.00000129 +00000-0 +81300-4 0  9992
2 35135 098.7947 236.9548 0087810 141.0853 280.1568 14.17750849496382
1 35136U 99025DLQ 18203.40252914 +.00000599 +00000-0 +23740-3 0  9996
2 35136 098.7652 259.2912 0075460 001.2561 358.8797 14.31022336196631
1 35137U 99025DLR 18205.48571851 +.00000626 +00000-0 +23075-3 0  9993
2 35137 099.0835 293.4464 0246241 044.2039 012.2522 14.20831107304208
1 35139U 99025DLT 18204.26414827 +.00000096 +00000-0 +67037-4 0  9997
2 35139 098.7904 235.6802 0072644 144.3921 216.2132 14.17360915258855
1 35140U 99025DLU 18205.37648414 +.00000045 +00000-0 +30610-4 0  9994
2 35140 098.6164 263.4353 0298560 240.7092 178.8745 14.18795540489992
1 35141U 99025DLV 18203.95062678 +.00000662 +00000-0 +41568-3 0  9997
2 35141 099.1115 255.3733 0083776 055.2414 068.8996 14.06284828212220
1 35142U 99025DLW 18205.54825729 +.00000038 +00000-0 +64518-4 0  9997
2 35142 099.1379 235.4869 0109189 331.4760 185.7688 13.89152016482164
1 35144U 99025DLY 18205.59215892 +.00000403 +00000-0 +17873-3 0  9995
2 35144 098.8212 251.0421 0047160 040.8407 319.6292 14.27968925265171
1 35145U 99025DLZ 18203.60513562 +.00001697 +00000-0 +10899-3 0  9998
2 35145 099.6130 347.7021 0111357 337.8489 021.7940 15.05574564567993
1 35146U 99025DMA 18205.10399559 +.00001332 +00000-0 +24900-3 0  9998
2 35146 098.1577 328.7018 0255386 215.3804 143.0213 14.47762652255403
1 35147U 99025DMB 18195.39933618  .00000576  00000-0  20698-3 0  9997
2 35147  99.4986 269.2385 0053359 209.1583 150.6618 14.37372366546649
1 35148U 99025DMC 18203.53867256 +.00000762 +00000-0 +17856-3 0  9997
2 35148 098.9147 109.0934 0093139 063.9543 297.1205 14.55171830569115
1 35150U 99025DME 14341.60868532 +.00000638 +00000-0 +15071-3 0  9994
2 35150 099.2643 278.8292 0135861 065.1984 296.3271 14.52810999371373
1 35152U 99025DMG 18205.04220510 +.00000332 +00000-0 +35835-3 0  9996
2 35152 099.6255 306.2007 0200663 152.0847 209.1239 13.72190303251379
1 35153U 99025DMH 18205.19571668 +.00000194 +00000-0 +39770-4 0  9995
2 35153 098.9601 191.3972 0206517 103.8183 258.6087 14.60759971577317
1 35154U 99025DMJ 18205.57246577 +.00000094 +00000-0 +62823-4 0  9990
2 35154 099.3977 127.3942 0189340 032.7316 328.5422 14.14630805263985
1 35155U 99025DMK 18205.39212184 +.00000267 +00000-0 +16353-3 0  9996
2 35155 098.7840 266.7880 0026299 246.5485 113.2923 14.13809237549520
1 35156U 99025DML 18205.30152768 +.00000223 +00000-0 +15654-3 0  9994
2 35156 098.8181 239.7225 0037496 212.6589 147.2261 14.07749682260558
1 35159U 99025DMP 18205.43544490 +.00000663 +00000-0 +31579-3 0  9990
2 35159 098.9029 188.7779 0017171 074.8763 077.1152 14.22726347229588
1 35160U 99025DMQ 18205.57962683 +.00000116 +00000-0 +53047-4 0  9993
2 35160 099.1398 122.0545 0189321 138.2861 223.2934 14.30755261263121
1 35161U 99025DMR 18205.06038741 +.00001473 +00000-0 +21385-3 0  9993
2 35161 099.5379 147.2887 0110518 008.5184 351.7861 14.74002943325857
1 35162U 99025DMS 18205.24595137 +.00001652 +00000-0 +42799-3 0  9992
2 35162 096.7402 012.3855 0111379 105.7147 255.6369 14.47045703562305
1 35163U 99025DMT 18204.81317347 +.00000478 +00000-0 +11802-3 0  9996
2 35163 099.1438 205.1716 0121611 051.8785 309.3297 14.53119492546346
1 35164U 99025DMU 18205.20632835 +.00000426 +00000-0 +37812-3 0  9995
2 35164 098.5771 203.0846 0215103 350.8234 008.9018 13.79713539555906
1 35165U 99025DMV 18205.29384083 +.00000618 +00000-0 +34095-3 0  9997
2 35165 099.0427 230.0162 0028047 220.8132 139.0940 14.15145413515035
1 35167U 99025DMX 18205.36660009 +.00000262 +00000-0 +99531-4 0  9994
2 35167 098.6077 249.1093 0254181 181.6275 178.4103 14.22734886315930
1 35168U 99025DMY 18204.38507177 +.00000021 +00000-0 +29995-4 0  9992
2 35168 098.2663 271.3657 0130733 004.8812 355.3602 14.12354383197960
1 35169U 99025DMZ 18205.17804715 +.00000208 +00000-0 +62960-4 0  9995
2 35169 099.1723 185.5870 0185033 228.3244 130.1982 14.45042828534167
1 35170U 99025DNA 18205.17485457 +.00000566 +00000-0 +37710-3 0  9996
2 35170 099.8695 196.8541 0110091 088.1392 273.2376 14.02906824526482
1 35171U 99025DNB 18205.05908693 +.00000393 +00000-0 +35439-3 0  9990
2 35171 099.0002 069.8348 0157263 068.2844 293.4971 13.84018796511439
1 35172U 99025DNC 11279.14397595 +.00004250 +00000-0 +33344-3 0  9997
2 35172 098.6672 050.4084 0269178 276.1641 071.2915 14.77249038199312
1 35173U 99025DND 18204.20850446 +.00000528 +00000-0 +59227-3 0  9991
2 35173 099.7194 359.0125 0523285 228.2044 127.3245 13.28323357529593
1 35174U 99025DNE 18205.56447473 +.00000702 +00000-0 +13865-3 0  9996
2 35174 098.9628 333.0841 0367407 315.3235 041.8877 14.31249138511856
1 35175U 99025DNF 18202.30189542 +.00000065 +00000-0 +51832-4 0  9995
2 35175 098.7978 233.3313 0061432 137.9631 222.6281 14.18030110229257
1 35176U 99025DNG 18203.58973418 +.00000110 +00000-0 +80126-4 0  9999
2 35176 098.7230 255.9068 0055372 234.6792 124.9197 14.13776593527512
1 35177U 99025DNH 18205.40546563 +.00000421 +00000-0 +23655-3 0  9998
2 35177 098.8415 276.7536 0041365 252.8231 167.3115 14.15447768260029
1 35180U 99025DNL 18201.77479292  .00000661  00000-0  39468-3 0  9997
2 35180  99.5510  45.2044 0625531 311.3271  43.5611 13.41501718522434
1 35183U 99025DNP 18205.58528132 +.00000663 +00000-0 +13563-3 0  9991
2 35183 098.8417 113.6330 0101565 277.6336 081.3337 14.61522464267384
1 35185U 99025DNR 18205.09669784 +.00001349 +00000-0 +18071-3 0  9999
2 35185 099.5405 156.3384 0120371 320.2210 039.0214 14.76866645557896
1 35186U 99025DNS 18203.01317045  .00000526  00000-0  22291-3 0  9995
2 35186  99.5824 280.5233 0060113 284.6844  74.7676 14.29335323549462
1 35187U 99025DNT 10217.60819272 +.00001171 +00000-0 +54045-3 0  9996
2 35187 099.7040 351.0597 0044278 258.1426 107.6193 14.22776388133617
1 35189U 99025DNV 18205.33147205 +.00000573 +00000-0 +38696-3 0  9992
2 35189 099.0618 246.2048 0067038 102.3541 258.5140 14.03341966256967
1 35190U 99025DNW 18205.24968286 +.00000894 +00000-0 +27033-3 0  9993
2 35190 098.7617 206.3915 0112974 158.5748 202.0225 14.41303775544760
1 35191U 99025DNX 18205.30393914 +.00000015 +00000-0 +45363-4 0  9993
2 35191 099.0638 241.4691 0103987 351.3112 008.6244 13.89929695504056
1 35192U 99025DNY 18205.42187353 +.00001101 +00000-0 +25063-3 0  9996
2 35192 099.1486 081.4608 0228724 236.1981 121.7241 14.43536929264894
1 35194U 99025DPA 18204.48436090 +.00000311 +00000-0 +95643-4 0  9992
2 35194 098.9659 085.8216 0146366 229.4539 129.3829 14.43475742521395
1 35195U 99025DPB 18204.92374071 +.00000264 +00000-0 +88357-4 0  9993
2 35195 098.9958 094.9478 0128764 178.3012 181.8639 14.41670719519410
1 35196U 99025DPC 18205.41664448 +.00000119 +00000-0 +68733-4 0  9994
2 35196 098.8191 262.5557 0236338 132.0262 296.2749 14.11791487510036
1 35199U 99025DPF 18204.20586738 +.00000374 +00000-0 +31510-3 0  9993
2 35199 098.4041 198.6047 0127522 132.3107 228.8944 13.89496626546305
1 35200U 99025DPG 18203.94615948 -.00000004 +00000-0 +41999-4 0  9996
2 35200 098.9238 105.8921 0356801 006.6437 048.7546 13.40567198297181
1 35201U 99025DPH 18205.56503701 -.00000064 +00000-0 -10909-4 0  9994
2 35201 098.9402 232.5083 0006236 328.2446 183.8357 14.10134691489853
1 35202U 99025DPJ 18203.01473109 -.00000091  00000-0 -58400-4 0  9999
2 35202 100.3342 220.0050 0382012 293.9973  62.1603 13.31548332498691
1 35203U 99025DPK 18204.49814250 +.00000562 +00000-0 +77350-3 0  9994
2 35203 102.0814 088.9648 0545155 208.2541 148.7972 13.15252742521357
1 35204U 99025DPL 18204.46747865 +.00000773 +00000-0 +37621-3 0  9990
2 35204 098.9098 294.0949 0059244 217.6809 202.0421 14.20284843525473
1 35205U 99025DPM 18205.34706389 +.00001052 +00000-0 +55886-3 0  9999
2 35205 098.9613 176.3995 0066422 252.7577 106.6318 14.14657033220708
1 35207U 99025DPP 18205.23033929 +.00000577 +00000-0 +23087-3 0  9991
2 35207 098.8783 213.8677 0078085 308.8804 050.5430 14.30709810261633
1 35208U 99025DPQ 18205.31751201 +.00000190 +00000-0 +17374-3 0  9994
2 35208 099.1593 247.1210 0105740 345.0504 014.7537 13.92662415530218
1 35210U 99025DPS 18205.32468253 +.00000676 +00000-0 +41286-3 0  9998
2 35210 098.9663 139.8871 0071257 313.2770 199.3370 14.08159248519690
1 35211U 99025DPT 18204.31310451 +.00000416 +00000-0 +30429-3 0  9992
2 35211 098.3883 232.8493 0142097 285.9405 133.6105 13.96205998518500
1 35213U 99025DPV 18204.89360132 +.00000917 +00000-0 +10212-3 0  9992
2 35213 098.5095 004.4601 0169255 019.8577 340.9117 14.80157783525339
1 35214U 99025DPW 18204.54621912 +.00002452 +00000-0 +37050-3 0  9996
2 35214 098.5429 307.2651 0095445 131.8951 295.7458 14.72230267571325
1 35215U 99025DPX 18202.56280424  .00012945  00000-0  93213-3 0  9997
2 35215  98.9808  62.6216 0121679 141.0699 219.9360 14.98518234560151
1 35217U 99025DPZ 18203.40512205  .00000117  00000-0  21017-3 0  9999
2 35217 101.8719 279.6483 0320915 354.1576   5.5846 13.47821176530351
1 35219U 99025DQB 18198.73199386  .00001492  00000-0  27899-3 0  9992
2 35219  99.1172 167.2872 0095737 250.4126 108.6718 14.63824977584071
1 35220U 99025DQC 18205.38591101 +.00000579 +00000-0 +35393-3 0  9998
2 35220 099.1220 189.2357 0053416 343.3772 016.5645 14.09362481498321
1 35221U 99025DQD 18205.48361093 +.00001090 +00000-0 +45965-3 0  9990
2 35221 098.3693 041.7273 0071634 309.4236 050.0618 14.26217142527694
1 35222U 99025DQE 18204.83182332 +.00002206 +00000-0 +16973-3 0  9993
2 35222 098.9467 335.1477 0148043 165.0865 195.4790 14.94757610565117
1 35223U 99025DQF 18203.54719681 +.00000325 +00000-0 +55192-4 0  9991
2 35223 098.9850 237.7165 0184801 082.9746 279.2432 14.66584061541702
1 35225U 99025DQH 18204.33237151 +.00001186 +00000-0 +60765-3 0  9995
2 35225 103.2955 040.5152 0058537 329.5944 030.1823 14.18181918559160
1 35226U 99025DQJ 18205.41598055 +.00003463 +00000-0 +43260-3 0  9990
2 35226 098.9815 185.7167 0047306 288.3355 071.2712 14.82381938610351
1 35227U 99025DQK 18205.58022260 +.00000843 +00000-0 +16950-3 0  9994
2 35227 098.8925 122.7091 0079169 350.8937 009.0822 14.62692680269654
1 35229U 99025DQM 18205.16508325 +.00000718 +00000-0 +37558-3 0  9999
2 35229 098.5093 329.8156 0094600 167.0792 193.2839 14.14987147546963
1 35230U 99025DQN 18205.46441105 +.00001133 +00000-0 +46993-3 0  9991
2 35230 098.3398 033.9719 0063891 283.0394 076.3661 14.27268545335478
1 35231U 99025DQP 18205.24114332 -.00000017 +00000-0 +15123-4 0  9990
2 35231 099.0551 218.4537 0037021 180.3950 179.7199 14.14330641533566
1 35233U 99025DQR 18204.33258532 +.00000526 +00000-0 +26084-3 0  9993
2 35233 098.9078 246.1453 0055717 172.6922 247.7489 14.20749822532378
1 35234U 99025DQS 18205.37777571 +.00000393 +00000-0 +10988-3 0  9996
2 35234 098.3711 257.3855 0136971 281.1080 077.4737 14.46557987552160
1 35235U 99025DQT 18204.64372866 +.00006139 +00000-0 +38895-3 0  9995
2 35235 099.4452 143.7601 0037869 234.9184 124.8486 15.08876414561457
1 35236U 99025DQU 18204.22222708 +.00000244 +00000-0 +94896-4 0  9994
2 35236 098.9159 358.7089 0096079 249.8074 109.2757 14.36629944591124
1 35237U 99025DQV 18204.98588061 +.00001922 +00000-0 +38251-3 0  9991
2 35237 099.6094 041.1783 0068028 076.4643 284.4121 14.62111549578384
1 35239U 99025DQX 18203.62369188 +.00000290 +00000-0 +34281-3 0  9996
2 35239 099.3417 084.6981 0238675 159.6665 201.4181 13.63977382488817
1 35240U 99025DQY 18204.69205188 +.00000606 +00000-0 +37824-3 0  9992
2 35240 099.3970 012.3497 0058065 115.7316 244.9861 14.08016569550731
1 35241U 99025DQZ 18202.45348821  .00000161  00000-0  14469-3 0  9993
2 35241  98.6427 280.4644 0157436 124.9461 236.6602 13.90683965501498
1 35242U 99025DRA 18204.93965696 -.00000036 +00000-0 +14343-4 0  9998
2 35242 100.0903 204.2166 0317291 320.7294 066.1166 13.46272867503945
1 35243U 99025DRB 18205.54587268 +.00000548 +00000-0 +14714-3 0  9990
2 35243 098.9350 064.5825 0125834 181.2462 178.8434 14.48013018517244
1 35244U 99025DRC 18203.52614976 +.00000470 +00000-0 +32679-3 0  9998
2 35244 099.1345 237.0116 0074964 106.9973 253.9424 14.02374959279412
1 35245U 99025DRD 18205.54028750 +.00000724 +00000-0 +50430-3 0  9999
2 35245 099.2516 230.2032 0072732 178.6986 335.6157 14.00800116499060
1 35247U 99025DRF 18204.27085698 +.00000313 +00000-0 +14732-3 0  9993
2 35247 098.8929 226.3885 0065198 019.5696 340.7964 14.25926182617284
1 35248U 07055C   18205.14234557 +.00000489 +00000-0 +90828-4 0  9998
2 35248 097.8773 076.5263 0152562 267.6188 250.5286 14.62569598562986
1 35249U 07055D   18205.29029076 +.00000239 +00000-0 +72701-4 0  9996
2 35249 097.7877 232.1672 0246512 004.1983 356.1194 14.33899707555519
1 35251U 07055F   18205.06042049 +.00000466 +00000-0 +11689-3 0  9998
2 35251 097.8972 293.8827 0204368 185.2837 299.1277 14.43885158559492
1 35258U 91050M   18205.43699072 +.00001940 +00000-0 +31220-3 0  9999
2 35258 098.3050 205.2473 0018404 272.6908 087.2191 14.72648749519391
1 35259U 91050N   18204.86478466 +.00000312 +00000-0 +96228-4 0  9990
2 35259 098.3896 171.1544 0020692 035.7794 354.3056 14.47756772756178
1 35260U 91050P   18205.38116664 +.00000346 +00000-0 +11057-3 0  9992
2 35260 098.4389 169.5929 0028447 081.8917 069.7194 14.45265363677475
1 35261U 91050Q   18205.46539072 +.00002509 +00000-0 +38782-3 0  9991
2 35261 098.2883 206.7021 0018914 259.6983 100.2092 14.74110421522367
1 35262U 91050R   18205.21261948 +.00000351 +00000-0 +99710-4 0  9991
2 35262 098.2282 174.8471 0018946 304.5141 185.8621 14.51004462419146
1 35268U 04035L   18205.42149571 +.00002338 +00000-0 +11799-3 0  9991
2 35268 097.6824 265.7004 0005264 122.0915 295.4069 15.18135749581905
1 35269U 04035M   18205.59779758 +.00000848 +00000-0 +13659-3 0  9997
2 35269 097.9061 339.3234 0147743 180.4100 179.7008 14.67100452730356
1 35270U 04035N   18205.30279028 +.00000455 +00000-0 +90261-4 0  9992
2 35270 097.7346 241.9784 0180333 024.7919 036.5398 14.56870444727733
1 35271U 05024K   18204.96787102 +.00000348 +00000-0 +21604-4 0  9996
2 35271 097.5190 249.5290 0010953 273.2904 206.2241 15.15996269664373
1 35272U 05024L   18205.32787128 +.00000373 +00000-0 +22581-4 0  9999
2 35272 097.5070 249.4592 0011661 260.9898 160.4766 15.16525536698889
1 35273U 05024M   18204.94667529 +.00000389 +00000-0 +22656-4 0  9999
2 35273 097.5043 251.1188 0012288 244.8781 115.1178 15.17716175740052
1 35274U 08056D   18205.16051609 +.00000172 +00000-0 +11561-3 0  9991
2 35274 099.0449 186.6428 0170525 016.9558 343.7213 14.06201482491776
