1 34141U 93036LN  18205.20387869 +.00000494 +00000-0 +20270-3 0  9994
2 34141 074.0185 288.3672 0073425 294.3942 097.0803 14.28249845490298
1 34142U 93036LP  18205.61581413 +.00000592 +00000-0 +10823-3 0  9993
2 34142 073.9939 284.6563 0048311 048.2597 021.1754 14.67577958501984
1 34143U 97051DW  18205.44897168 +.00001472 +00000-0 +29613-3 0  9998
2 34143 086.3915 095.4340 0004118 159.0342 325.8480 14.60943657497142
1 34145U 97051DY  18205.58170953 +.00000508 +00000-0 +19198-3 0  9997
2 34145 086.2169 072.0407 0062158 202.1403 157.7103 14.28307402490272
1 34146U 97051DZ  18205.62356934 +.00000249 +00000-0 +77996-4 0  9991
2 34146 086.2880 081.1896 0039989 073.4089 316.2367 14.35964684492984
1 34147U 97051EA  18205.55075897 +.00005228 +00000-0 +69198-3 0  9996
2 34147 086.4355 127.1586 0056161 241.4922 118.0636 14.78638778496637
1 34148U 97051EB  18205.04280576 +.00005240 +00000-0 +37016-3 0  9991
2 34148 086.3879 067.5008 0012348 082.6963 277.5674 15.04649079501965
1 34150U 97051ED  18205.31375463 +.00003482 +00000-0 +73723-3 0  9995
2 34150 086.4837 156.8816 0095319 005.5919 147.4729 14.56148131494793
1 34155U 97051EJ  18205.27031628 +.00002713 +00000-0 +53570-3 0  9991
2 34155 086.4670 137.2281 0050693 202.9004 310.5979 14.61277547496361
1 34159U 97051EN  18205.51489741 +.00000206 +00000-0 +67876-4 0  9995
2 34159 086.3540 109.8589 0033540 085.6474 274.8552 14.32745319492826
1 34160U 97051EP  18205.58164086 +.00001662 +00000-0 +36006-3 0  9993
2 34160 086.4090 117.1091 0039309 325.7868 034.0808 14.57165625495223
1 34185U 92072R   18191.20529765 -.00000617  00000-0 -24253-2 0  9991
2 34185   7.9544 342.6543 7067063 313.7299   6.0689  2.41410495110902
1 34189U 92072V   18064.49344774  .00001912  00000-0  76887-1 0  9996
2 34189   5.3526 352.5780 6510270 131.9856  23.9822  2.90669687133479
1 34191U 92072X   18204.53889079 +.00000004 +00000-0 +25547-2 0  9991
2 34191 007.7832 286.0410 6511984 244.7737 090.6262 02.91987840137437
1 34195U 92072AB  18205.53842865 -.00000199 +00000-0 -81597-3 0  9993
2 34195 005.6405 048.2679 6575481 059.0477 031.6035 02.94658475054577
1 34196U 92072AC  18189.66575546 -.00000078 +00000-0 -57972-2 0  9993
2 34196 007.6488 081.7831 6455887 306.8769 256.6476 02.90582454124167
1 34201U 97070L   13223.53985288 +.01963372 +00000-0 +24252+0 0  9997
2 34201 046.4116 302.8662 4128994 242.4135 070.0282 07.13308270015522
1 34204U 99057RF  18205.38305141 +.00011810 +00000-0 +64491-3 0  9992
2 34204 098.2139 258.8381 0002583 070.0677 290.0831 15.14501213544264
1 34205U 99057RG  10131.35741025 +.00008397 +00000-0 +19700-2 0  9993
2 34205 098.4941 175.7095 0009459 071.8579 289.9205 14.54707145129105
1 34207U 99057RJ  18205.34104225 +.00002965 +00000-0 +38761-3 0  9993
2 34207 098.3011 242.6338 0013429 233.7801 126.2169 14.81206229556009
1 34208U 99057RK  18205.29047479 +.00003591 +00000-0 +38857-3 0  9997
2 34208 098.2795 237.0213 0008075 145.4630 214.7111 14.88934542558812
1 34209U 99057RL  18205.23389632 +.00002081 +00000-0 +34809-3 0  9998
2 34209 098.3247 204.8422 0004312 252.1856 107.8880 14.70941587563994
1 34211U 99057RN  18205.19629489 +.00000427 +00000-0 +96416-4 0  9998
2 34211 098.4490 204.0541 0075410 310.4213 049.0424 14.59997059270497
1 34213U 99057RQ  18205.27699271 +.00002293 +00000-0 +33419-3 0  9991
2 34213 098.2880 220.9426 0010776 131.9921 284.4703 14.76829789579091
1 34214U 99057RR  18204.99046525 +.00008463 +00000-0 +51131-3 0  9994
2 34214 098.2136 274.1563 0002368 096.8791 263.2706 15.10964024571687
1 34215U 99057RS  18205.16140178 +.00001278 +00000-0 +27492-3 0  9994
2 34215 098.3724 182.4484 0007163 011.4274 348.7087 14.60235576175556
1 34216U 99057RT  14043.15707469 +.00004570 +00000-0 +45308-3 0  9996
2 34216 098.1287 171.2447 0004596 219.1376 264.7215 14.92312977342733
1 34217U 99057RU  18203.45202203 +.00007074 +00000-0 +64766-3 0  9999
2 34217 098.2080 196.5407 0013364 154.3111 205.8774 14.95220946274223
1 34220U 01049PQ  15357.22596365  .00003417  00000-0  13459-3 0  9994
2 34220  98.1773 348.9789 0008434  86.5561 273.6640 15.26385840629193
1 34221U 01049PR  18205.35792950 -.00000133 +00000-0 -38403-5 0  9994
2 34221 098.5449 171.7451 0074834 340.4968 019.3393 15.01147235880642
1 34223U 02024H   18205.39571793 +.00000170 +00000-0 +13048-3 0  9999
2 34223 099.1813 188.3288 0133546 044.7512 316.4335 14.01915857807023
1 34224U 06006AP  18196.99354468  .00000160  00000-0  40634-3 0  9997
2 34224  52.1187 170.7273 5029327 133.6412 281.0537  5.26841465196278
1 34226U 06006AR  18049.49311893  .00002163  00000-0  19082-2 0  9993
2 34226  51.6700 110.1122 5027033 256.1729  45.1464  5.41300501191923
1 34227U 06006AS  18191.13175204 -.00000018  00000-0  16359-3 0  9990
2 34227  52.0055  82.8073 4916144 224.5519 336.8377  5.38469137199688
1 34228U 06006AT  11337.07599237 +.00086168 +00000-0 +30133-1 0  9998
2 34228 051.8664 211.9560 4577633 170.6514 354.1589 06.25036147076185
1 34229U 06006AU  18009.32360739  .00006549  00000-0  28097-2 0  9995
2 34229  51.4167 112.1454 4505833 210.6617 112.9037  6.34739125204789
1 34230U 06006AV  18106.15916284  .00000185  00000-0  20302-3 0  9990
2 34230  51.4138 119.3291 5051028 235.3600  66.3577  5.32398254193820
1 34231U 06006AW  17161.55389459 +.00001986 +00000-0 +94502-2 0  9995
2 34231 052.2249 251.6724 5061846 192.5310 150.8561 05.12434176167415
1 34232U 06006AX  10188.84941953 +.00027218 +00000-0 +13005-1 0  9997
2 34232 051.6387 013.0302 5062914 165.2742 218.0214 05.42263510042517
1 34233U 06006AY  18087.46868579  .00015499  00000-0  24027-1 0  9998
2 34233  52.2117 137.1761 4869952 158.0275 234.1058  5.58643941194060
1 34234U 06006AZ  18205.57698853 +.00001540 +00000-0 +82707-3 0  9992
2 34234 051.5522 191.2972 4831729 112.7946 304.3433 05.78203275206112
1 34235U 06006BA  18044.61826835  .00000515  00000-0  77905-3 0  9997
2 34235  51.6925 152.2920 5030396 221.8249  86.3350  5.36125851189922
1 34236U 06006BB  17247.12820478  .00000422  00000-0  34620-3 0  9999
2 34236  51.6575 160.2766 5004110 217.4451  94.2305  5.48815189183400
1 34237U 06006BC  14231.07464448 +.00002331 +00000-0 +35286-2 0  9994
2 34237 051.7761 025.4036 4999229 231.5630 072.0905 05.39101773120194
1 34238U 06006BD  18111.61863099  .00000795  00000-0  14402-2 0  9990
2 34238  51.6927 222.5978 5083257 182.7204 173.3308  5.24195058188596
1 34239U 06006BE  18203.55068982 +.00005918 +00000-0 +14728-1 0  9996
2 34239 050.5073 274.4115 2310691 199.3043 150.3703 09.77314575359024
1 34241U 06006BG  18191.33728624 -.00000294 +00000-0 -76810-3 0  9993
2 34241 051.8097 078.9370 4952297 261.2721 319.4077 05.35822368100452
1 34242U 06006BH  18202.18971677  .00004599  00000-0  18116+0 0  9999
2 34242  54.6738 145.3895 4838435 126.9768 356.4824  4.98356771191978
1 34243U 06006BJ  18183.23725882  .00000077  00000-0  11795-3 0  9996
2 34243  51.6381  91.6963 5090150 275.6031  30.9498  5.28477096203310
1 34244U 06006BK  18037.45010581  .00003510  00000-0  62069-2 0  9996
2 34244  51.9146  97.7482 4899581 206.3974 118.8597  5.52497676201752
1 34245U 06006BL  12141.60882022 +.00013363 +00000-0 +13065-1 0  9999
2 34245 051.8877 215.4324 4797855 176.0028 355.5973 05.76387557087708
1 34246U 06006BM  18205.10830255 +.00003933 +00000-0 +35118-2 0  9999
2 34246 051.5326 121.5283 4595485 165.4344 214.4364 06.10607753127652
1 34247U 06006BN  18200.06411887  .00000354  00000-0  88421-3 0  9996
2 34247  52.1297  77.2492 4962980 204.5516 342.1801  5.40779783205882
1 34248U 06006BP  18204.82524008 +.00001293 +00000-0 +56863-3 0  9993
2 34248 051.6235 161.7001 4882839 120.3517 296.7624 05.72334426124461
1 34250U 06006BR  18204.25193877 -.00000161 +00000-0 -15548-3 0  9999
2 34250 051.7054 112.5607 5086924 249.3127 050.5363 05.24839220203082
1 34252U 06006BT  18205.30187903 -.00000076 +00000-0 -23134-4 0  9997
2 34252 051.6438 097.0883 5117902 270.8549 033.5431 05.23005858201806
1 34254U 06006BV  18190.00446605  .00004054  00000-0  32157-2 0  9997
2 34254  51.5873  83.6240 4586842 188.4341 160.0447  6.13632580209926
1 34255U 06006BW  16102.88749763  .00002501  00000-0  39781-2 0  9991
2 34255  52.0959 325.6212 4872235 139.8572 268.9364  5.57912728152516
1 34256U 06006BX  18205.53203104 +.00000046 +00000-0 +97554-4 0  9990
2 34256 051.8831 255.4500 5089777 108.1542 011.3122 05.17450315190004
1 34257U 06006BY  18203.23913216 +.00000058 +00000-0 +91607-4 0  9994
2 34257 052.0986 223.7809 5063928 099.2461 353.8161 05.21414958192905
1 34258U 06006BZ  18205.03319497 -.00000008 +00000-0 +34812-4 0  9997
2 34258 051.8933 184.0883 5058650 162.2311 351.3468 05.22657223193434
1 34260U 06006CB  18182.29036385 +.00000777 +00000-0 +43451-2 0  9993
2 34260 051.9299 164.0182 4887960 169.1055 207.5122 05.35354671203118
1 34261U 06006CC  18203.72331570 +.00014091 +00000-0 +73741-2 0  9999
2 34261 052.1080 037.8121 4521994 128.8314 281.1109 06.29557229210289
1 34262U 06006CD  18201.17032037  .00000079  00000-0  25207-3 0  9999
2 34262  51.8261 201.8387 5031746 160.9837 228.1031  5.21203610189950
1 34263U 06006CE  18204.99683551 +.00001644 +00000-0 +10875-2 0  9999
2 34263 051.5915 201.3592 4797875 098.6815 316.5419 05.81145376207954
1 34270U 93036LQ  18205.49801562 +.00000494 +00000-0 +12623-3 0  9992
2 34270 074.0163 024.3516 0061098 119.0466 241.6835 14.52081123498424
1 34271U 93036LR  18205.42243328 +.00000472 +00000-0 +16032-3 0  9990
2 34271 074.0333 194.6745 0039936 196.9753 315.9269 14.38898746492429
1 34273U 93036LT  18205.42154025 +.00000305 +00000-0 +93757-4 0  9992
2 34273 074.0417 107.8227 0020502 178.8905 304.9317 14.45556562495466
1 34274U 93036LU  18205.18773973 +.00000363 +00000-0 +11022-3 0  9993
2 34274 074.0115 104.2003 0031829 179.4616 334.4047 14.45438356495722
1 34275U 93036LV  18205.57051469 +.00000923 +00000-0 +25486-3 0  9997
2 34275 074.0335 126.6863 0013330 142.4049 274.7507 14.48118595494893
1 34276U 93036LW  18205.40734090 +.00000260 +00000-0 +81800-4 0  9995
2 34276 074.0270 099.2842 0028195 184.4280 294.9980 14.45032078495351
1 34277U 93036LX  18205.02208438 +.00003195 +00000-0 +30783-3 0  9999
2 34277 073.6934 084.9689 0031815 186.1139 173.9659 14.93071773504986
1 34292U 93036MN  18204.79391589 +.00000979 +00000-0 +14006-3 0  9996
2 34292 074.0587 238.7646 0070249 282.8060 076.5271 14.76505492503602
1 34293U 93036MP  18205.51848251 +.00001992 +00000-0 +17747-3 0  9992
2 34293 073.9675 126.3637 0073394 335.2725 076.5454 14.94781819506263
1 34294U 93036MQ  18205.17667162 +.00018443 +00000-0 +56235-3 0  9999
2 34294 073.9038 105.0084 0031953 191.3828 168.6657 15.33395683506618
1 34295U 93036MR  18205.32017706 +.00001079 +00000-0 +19874-3 0  9995
2 34295 074.0190 335.1912 0081122 169.9837 217.2247 14.64787195500245
1 34297U 93036MT  18205.28577609 +.00000055 +00000-0 +28481-4 0  9993
2 34297 074.0474 187.9444 0018453 210.4707 211.6237 14.34713816493806
1 34298U 93036MU  18205.13780258 +.00001191 +00000-0 +27586-3 0  9990
2 34298 074.0531 101.4963 0039238 103.8973 256.6560 14.55758507496600
1 34299U 93036MV  18205.22976649 +.00000626 +00000-0 +12518-3 0  9993
2 34299 074.0257 129.0088 0226931 173.7529 186.6552 14.49094842495162
1 34300U 93036MW  18205.28401061 +.00000796 +00000-0 +20098-3 0  9993
2 34300 074.0213 151.4358 0147216 199.3358 160.2182 14.46458476494539
1 34301U 93036MX  18204.93926889 +.00000668 +00000-0 +21996-3 0  9991
2 34301 074.0233 191.4695 0036950 190.5978 200.0109 14.39700094493127
1 34302U 93036MY  18205.49911671 +.00000168 +00000-0 +73312-4 0  9992
2 34302 074.1874 318.8759 0088233 213.0628 272.1460 14.29031109491053
1 34303U 93036MZ  18205.51941711 +.00000445 +00000-0 +14185-3 0  9994
2 34303 074.0130 231.8878 0187247 293.8281 218.7996 14.33500014491646
1 34304U 93036NA  18205.35151809 +.00000154 +00000-0 +70437-4 0  9998
2 34304 074.0199 329.9707 0157313 022.0924 008.7833 14.22979383488122
1 34307U 93036ND  18205.26381667 +.00000083 +00000-0 +98961-4 0  9991
2 34307 074.0579 300.0659 0407079 354.1813 034.2971 13.49880747464142
1 34308U 93036NE  18205.26630830 +.00001046 +00000-0 +18170-3 0  9994
2 34308 073.9974 310.8338 0051000 039.0641 348.8480 14.68715718500721
1 34313U 93036NK  18205.10177656 +.00000687 +00000-0 +17994-3 0  9998
2 34313 074.0006 080.1258 0056118 153.1710 207.2373 14.50317225496425
1 34314U 93036NL  18205.03147538 -.00000142 +00000-0 -60663-4 0  9997
2 34314 074.0047 054.3866 0111451 055.2179 096.3069 14.12194146485219
1 34315U 93036NM  18205.54208930 +.00003240 +00000-0 +26375-3 0  9999
2 34315 074.1065 173.6703 0047189 141.8112 218.6435 14.99113147507602
1 34316U 93036NN  18205.61628656 +.00000520 +00000-0 +13358-3 0  9994
2 34316 074.0785 078.3644 0019440 171.3279 216.0560 14.52612841498162
1 34317U 93036NP  18205.24860277 +.00000108 +00000-0 +11670-3 0  9998
2 34317 073.9270 140.3650 0342826 280.7897 233.5637 13.61813135468989
1 34319U 93036NR  18205.39759408 +.00001401 +00000-0 +33517-3 0  9990
2 34319 074.0312 105.1726 0028312 113.5322 246.8820 14.54294617496590
1 34321U 93036NT  18205.49832383 +.00000129 +00000-0 +47974-4 0  9997
2 34321 074.0322 132.6200 0018355 202.5886 277.1248 14.41358686495500
1 34323U 93036NV  18205.33570382 +.00000625 +00000-0 +19106-3 0  9996
2 34323 073.9682 156.5353 0109885 101.1031 059.5337 14.40497423493846
1 34325U 93036NX  18205.45423056 +.00000460 +00000-0 +30264-3 0  9991
2 34325 073.8750 204.5056 0220550 009.3564 142.3708 13.93481571478839
1 34327U 93036NZ  18205.57477101 +.00000299 +00000-0 +69174-4 0  9999
2 34327 074.0094 334.4094 0052885 095.7188 036.2111 14.58831805500123
1 34330U 93036PC  18205.10214708 +.00000711 +00000-0 +17632-3 0  9994
2 34330 074.0354 074.2656 0014874 130.4448 022.7194 14.53699003497427
1 34331U 93036PD  18205.50691338 +.00001112 +00000-0 +29672-3 0  9990
2 34331 074.0307 144.5569 0048227 044.0374 316.4611 14.48938037495115
1 34333U 93036PF  18205.50152868 +.00007308 +00000-0 +41020-3 0  9996
2 34333 074.0280 145.2873 0024818 163.3159 315.2004 15.13243856507094
1 34337U 93036PK  18205.53472847 +.00001809 +00000-0 +13850-3 0  9995
2 34337 073.9800 033.3558 0100056 116.5649 244.5835 14.98839475509687
1 34340U 93036PN  18205.41982848 +.00000358 +00000-0 +29214-3 0  9992
2 34340 074.0790 100.2430 0306312 111.7905 005.8319 13.72987574471823
1 34342U 93036PQ  18205.52441955 +.00000453 +00000-0 +81812-4 0  9994
2 34342 074.1778 000.2225 0108877 034.5557 076.6738 14.65732884502117
1 34343U 93036PR  18205.47711897 +.00000397 +00000-0 +12125-3 0  9991
2 34343 074.0292 123.2204 0029529 349.9390 127.7071 14.44881340496080
1 34344U 93036PS  18204.36964942 +.00000536 +00000-0 +31669-3 0  9999
2 34344 073.9846 167.4792 0179314 220.4516 295.9847 14.02496472481521
1 34346U 93036PU  18203.64597510 +.00000681 +00000-0 +45259-3 0  9995
2 34346 074.0011 269.0918 0230499 315.8708 167.2021 13.91147837477976
1 34350U 97051ES  18205.61171810 +.00000218 +00000-0 +63339-4 0  9997
2 34350 086.3285 084.3110 0024040 035.8750 352.9730 14.39517349494365
1 34351U 97051ET  18205.41766136 +.00001370 +00000-0 +26741-3 0  9992
2 34351 086.4232 102.1842 0039787 189.9576 170.0852 14.61712314497878
1 34354U 97051EW  18205.43558181 +.00003933 +00000-0 +51364-3 0  9992
2 34354 086.2091 012.0742 0027746 021.9119 338.3282 14.79983731499005
1 34358U 97051FA  18204.43077812 +.00001446 +00000-0 +36284-3 0  9993
2 34358 086.3239 080.1025 0008133 286.2343 195.0908 14.50719957495519
1 34359U 97051FB  18205.58384409 +.00002495 +00000-0 +38744-3 0  9992
2 34359 086.3574 067.6363 0032269 315.5711 073.8579 14.72358026498980
1 34361U 97051FD  18205.40214217 +.00006346 +00000-0 +66989-3 0  9996
2 34361 086.3524 072.9029 0020932 051.6044 308.7058 14.88955835498516
1 34363U 97051FF  18205.20230875 +.00001712 +00000-0 +41509-3 0  9997
2 34363 086.3519 103.4613 0049423 002.3177 161.9440 14.51681413493457
1 34366U 97051FJ  18205.20819125 +.00000394 +00000-0 +12624-3 0  9992
2 34366 086.3784 116.4738 0029395 052.6307 100.4497 14.36713413493218
1 34367U 97051FK  18205.48871689 +.00002218 +00000-0 +47217-3 0  9999
2 34367 086.4152 116.3987 0024232 253.8963 159.0955 14.58416052495946
1 34368U 97051FL  18205.53655127 +.00004262 +00000-0 +10024-2 0  9999
2 34368 086.3823 127.9185 0081685 056.6283 001.9430 14.52123508492202
1 34375U 97051FT  18205.40322597 +.00000141 +00000-0 +61710-4 0  9997
2 34375 086.4341 184.7369 0109211 018.3192 133.0884 14.13408530485627
1 34376U 97051FU  18205.14459077 +.00000478 +00000-0 +15689-3 0  9999
2 34376 086.3114 096.8965 0040717 081.9319 278.6494 14.35746704492805
1 34378U 97051FW  18205.47509096 +.00002857 +00000-0 +71320-3 0  9991
2 34378 086.3542 115.3884 0057732 056.1647 304.5034 14.50260022491935
1 34383U 93036PY  18205.06302789 +.00000725 +00000-0 +18487-3 0  9998
2 34383 074.0391 067.2203 0018344 144.1688 006.4535 14.52279135496662
1 34386U 93036QB  18205.06373904 +.00000940 +00000-0 +24515-3 0  9996
2 34386 074.0284 109.6050 0015743 123.3999 298.2326 14.50815515495058
1 34387U 93036QC  18205.35229375 +.00000158 +00000-0 +59665-4 0  9997
2 34387 074.0424 155.9539 0042285 201.4548 323.2036 14.38605602493651
1 34388U 93036QD  18205.61551017 +.00000288 +00000-0 +10322-3 0  9998
2 34388 074.0431 175.0184 0017056 175.7530 305.4552 14.38234395492898
1 34389U 93036QE  18205.61848587 +.00000153 +00000-0 +61661-4 0  9994
2 34389 074.0205 178.2231 0032989 221.9362 261.4418 14.35792065492471
1 34390U 93036QF  18205.03469825 +.00000705 +00000-0 +16089-3 0  9992
2 34390 074.0914 063.0002 0075205 054.4498 100.6422 14.55991344497099
1 34395U 93036QL  18205.53840084 +.00001253 +00000-0 +29433-3 0  9998
2 34395 074.0418 097.4340 0011878 069.9434 003.0072 14.55460531494864
1 34396U 93036QM  18205.51419160 +.00000560 +00000-0 +17365-3 0  9995
2 34396 074.0416 150.7161 0018738 153.4291 324.4337 14.43308613492949
1 34397U 93036QN  18205.50532064 +.00001052 +00000-0 +12699-3 0  9996
2 34397 073.8519 090.6302 0076780 358.6146 059.6442 14.83260308504354
1 34398U 93036QP  18205.63979573 +.00001518 +00000-0 +17621-3 0  9998
2 34398 073.9818 273.3745 0121289 344.5541 171.7720 14.81262452501135
1 34400U 93036QR  18205.24993641 +.00000361 +00000-0 +70294-4 0  9992
2 34400 074.0055 286.4371 0068106 027.9253 332.5543 14.65497083501349
1 34401U 93036QS  18205.61697218 +.00000810 +00000-0 +19146-3 0  9992
2 34401 074.0480 066.2616 0068347 096.8766 286.8561 14.54382502498364
1 34409U 93036RA  18205.14317337 +.00000041 +00000-0 +16178-4 0  9998
2 34409 074.0649 005.2028 0085724 059.5210 060.4471 14.53654569499504
1 34410U 93036RB  18205.44390044 +.00000554 +00000-0 +11049-3 0  9999
2 34410 073.7649 205.6314 0066637 177.0842 333.5854 14.63311240500470
1 34411U 93036RC  18205.53917163 +.00001498 +00000-0 +18471-3 0  9991
2 34411 074.0350 229.9471 0083766 022.9438 130.5410 14.81428766503858
1 34412U 93036RD  18205.51120851 +.00000518 +00000-0 +15896-3 0  9990
2 34412 073.9529 248.0777 0241207 219.4452 138.8923 14.28950613489889
1 34413U 93036RE  18205.54062865 +.00000460 +00000-0 +23194-3 0  9990
2 34413 074.0363 046.5931 0111976 045.9932 343.6197 14.15857030488495
1 34420U 93036RM  18205.56800052 +.00000108 +00000-0 +25345-4 0  9998
2 34420 074.0344 252.1089 0115428 340.6007 170.7953 14.63386571502682
1 34422U 93036RP  18205.58144244 +.00002380 +00000-0 +37079-3 0  9996
2 34422 073.9435 166.9429 0237699 284.1888 073.2974 14.56394824492968
1 34424U 93036RR  18205.17740753 +.00000751 +00000-0 +12654-3 0  9992
2 34424 074.0178 281.4597 0049252 012.1112 010.6194 14.70697059501322
1 34425U 93036RS  18205.36081173 +.00000600 +00000-0 +17086-3 0  9995
2 34425 074.0333 091.6561 0033616 161.8160 198.4209 14.47161497496039
1 34426U 93036RT  18205.42225810 +.00002530 +00000-0 +36859-3 0  9994
2 34426 074.0413 324.9511 0016180 047.0453 063.6735 14.76333136500017
1 34427U 93036RU  18205.41760001 +.00001688 +00000-0 +28598-3 0  9994
2 34427 074.0183 006.9792 0044001 047.1719 313.3135 14.69496868498962
1 34428U 93036RV  18205.42820691 +.00000815 +00000-0 +21596-3 0  9990
2 34428 074.0392 110.6278 0040855 137.2266 346.6114 14.49895816494829
1 34429U 93036RW  18204.61861687 +.00000529 +00000-0 +12018-3 0  9992
2 34429 074.0113 007.0310 0046797 098.9836 020.0194 14.57900931498047
1 34430U 93036RX  18205.40141092 +.00000180 +00000-0 +72010-4 0  9995
2 34430 074.0516 208.3502 0067898 229.9124 129.6064 14.34024909492353
1 34431U 93036RY  18205.37597008 +.00000104 +00000-0 +56900-4 0  9990
2 34431 074.0795 340.4464 0074950 280.2389 079.0311 14.22115734487359
1 34432U 93036RZ  18204.29857750 +.00000264 +00000-0 +17775-3 0  9997
2 34432 073.8320 143.6316 0194547 345.4757 168.6731 13.96829769479451
1 34433U 93036SA  18205.38933911 +.00000319 +00000-0 +19890-3 0  9994
2 34433 074.0199 184.5290 0179899 213.1699 299.8693 14.01064025480722
1 34434U 93036SB  18204.87512289 +.00000763 +00000-0 +60402-3 0  9997
2 34434 074.0659 166.9016 0340409 196.9619 192.2216 13.69150717468787
1 34439U 93036SG  18205.44836012 +.00000656 +00000-0 +12210-3 0  9994
2 34439 074.0570 018.8059 0128441 033.6091 349.6169 14.62104625499282
1 34442U 93036SK  18205.62692222 +.00000404 +00000-0 +78858-4 0  9993
2 34442 074.0196 297.5953 0073503 021.6842 045.1832 14.64745299501232
1 34445U 93036SN  18205.35180944 +.00001251 +00000-0 +13454-3 0  9990
2 34445 074.0117 168.5216 0099679 222.2431 290.1932 14.86202923504403
1 34446U 93036SP  18204.57371883 +.00000061 +00000-0 +24173-4 0  9997
2 34446 074.0415 063.5576 0052847 155.8238 204.5418 14.46794580496409
1 34447U 93036SQ  18205.59392542 +.00000890 +00000-0 +12038-3 0  9992
2 34447 074.0245 284.0436 0026888 354.3611 072.8000 14.80456861501071
1 34448U 93036SR  18205.29046771 +.00006582 +00000-0 +51578-3 0  9996
2 34448 074.0384 276.6232 0002914 343.4647 053.8295 15.01179249501733
1 34449U 93036SS  18205.26172993 +.00000650 +00000-0 +18433-3 0  9993
2 34449 074.0521 139.2116 0069513 159.8513 352.5861 14.46103969494341
1 34451U 93036SU  18205.25144041 +.00000687 +00000-0 +19656-3 0  9996
2 34451 074.0618 149.7268 0070602 160.4096 199.9800 14.45534321493883
1 34452U 93036SV  18205.29040251 +.00000230 +00000-0 +32783-4 0  9990
2 34452 074.0433 144.0242 0121256 218.8374 304.1852 14.78687209505913
1 34453U 93036SW  18205.39087295 +.00000541 +00000-0 +15049-3 0  9991
2 34453 074.1669 177.9068 0042579 085.7203 067.2646 14.48168106494607
1 34454U 93036SX  18205.37539796 +.00000094 +00000-0 +41484-4 0  9994
2 34454 074.0583 187.3357 0038018 208.7000 151.2061 14.35486063493248
1 34456U 93036SZ  18205.37845841 +.00001406 +00000-0 +39102-3 0  9998
2 34456 074.0454 183.9859 0063420 186.3180 324.4255 14.46185796493072
1 34457U 93036TA  18205.33234956 +.00000535 +00000-0 +10423-3 0  9991
2 34457 074.0043 331.1806 0105709 042.4319 347.3102 14.62216884499554
1 34458U 93036TB  18205.48164676 +.00000996 +00000-0 +26830-3 0  9999
2 34458 074.0279 122.3834 0018994 129.5350 347.6385 14.49149209495146
1 34459U 93036TC  18205.42368595 +.00000169 +00000-0 +11709-3 0  9991
2 34459 074.0780 218.7664 0199594 216.6808 142.0526 13.97095767480023
1 34464U 93036TH  18204.98180733 +.00000377 +00000-0 +77191-4 0  9992
2 34464 074.0246 308.0929 0055289 059.3861 062.4744 14.63463579500840
1 34465U 93036TJ  18205.47391977 +.00000660 +00000-0 +16325-3 0  9998
2 34465 074.0740 124.4321 0097367 122.7593 238.2998 14.51222346495081
1 34468U 93036TM  18205.47413030 +.00000115 +00000-0 +41320-4 0  9995
2 34468 074.0153 101.8113 0081765 177.8065 182.3467 14.42643004495167
1 34469U 93036TN  18204.91466048 +.00001409 +00000-0 +28078-3 0  9992
2 34469 074.0187 030.1374 0015916 091.4340 268.8651 14.62927363497993
1 34472U 93036TR  18205.36584280 +.00000585 +00000-0 +50521-3 0  9997
2 34472 074.0820 183.0286 0349129 209.8051 148.2773 13.64005258468851
1 34473U 93036TS  18205.29484223 +.00000840 +00000-0 +24234-3 0  9992
2 34473 074.0317 148.7175 0025417 140.1816 015.6681 14.46009885494894
1 34474U 93036TT  18204.31528959 +.00000644 +00000-0 +40945-3 0  9999
2 34474 074.0814 285.4711 0232635 287.7402 138.2605 13.93366935478133
1 34476U 93036TV  18205.39554454 +.00001007 +00000-0 +82277-3 0  9997
2 34476 074.0135 204.6466 0374754 277.3033 078.5639 13.62839664467349
1 34477U 93036TW  18205.45086256 +.00000240 +00000-0 +74264-4 0  9991
2 34477 073.9825 093.0866 0092438 189.6000 224.7758 14.44340651495851
1 34478U 93036TX  18205.54871472 +.00000644 +00000-0 +16547-3 0  9991
2 34478 074.0631 110.8550 0098511 302.9474 121.0820 14.49503526495924
1 34481U 93036UA  18204.58037306 +.00000063 +00000-0 +36796-4 0  9992
2 34481 073.9811 275.1948 0077783 336.3798 090.7145 14.25290484489419
1 34482U 93036UB  18205.43416392 +.00000636 +00000-0 +21102-3 0  9994
2 34482 074.0490 207.1803 0078209 222.9221 288.5638 14.38126647492607
1 34486U 97051GB  18205.15972530 +.00000524 +00000-0 +12727-3 0  9998
2 34486 086.4120 103.3054 0017179 303.0332 210.8085 14.50968910496931
1 34487U 97051GC  18205.44074166 +.00000112 +00000-0 +29134-4 0  9993
2 34487 086.3454 088.5436 0033409 023.3734 099.5431 14.39812158493989
1 34488U 97051GD  18205.09174956 +.00000758 +00000-0 +17280-3 0  9997
2 34488 086.3449 070.3437 0023160 265.3570 094.4991 14.54377211497097
1 34489U 97051GE  18205.30163495 +.00001737 +00000-0 +55497-3 0  9998
2 34489 086.4150 154.7971 0077677 168.1920 192.1123 14.37413891489415
1 34490U 97051GF  18204.82872811 +.00003163 +00000-0 +41452-3 0  9996
2 34490 086.3263 061.7460 0047823 075.9824 047.5453 14.79204317497818
1 34492U 97051GH  18204.02270061 +.00001014 +00000-0 +58802-3 0  9999
2 34492 086.5007 288.1940 0309875 250.1508 231.8801 13.86719590473944
1 34493U 97051GJ  18205.54418902 +.00002419 +00000-0 +45249-3 0  9997
2 34493 086.2662 048.0186 0059887 115.9362 244.8038 14.63294580495285
1 34496U 97051GM  18205.13824908 +.00003079 +00000-0 +94677-3 0  9994
2 34496 086.3929 156.6222 0077965 266.5267 092.7012 14.39549696316532
1 34497U 97051GN  18205.49659843 +.00000259 +00000-0 +10946-3 0  9992
2 34497 086.2825 113.4340 0089466 317.7233 167.0734 14.19826415485416
1 34503U 97051GU  18205.55913146 +.00000545 +00000-0 +11463-3 0  9999
2 34503 086.3170 051.5997 0004943 034.6634 325.4896 14.57728028498219
1 34508U 97051GZ  18205.29207323 +.00000453 +00000-0 +18358-3 0  9996
2 34508 086.3811 145.3492 0075222 242.6563 116.6957 14.24083772488039
1 34511U 97051HC  18205.21477539 +.00001059 +00000-0 +28205-3 0  9995
2 34511 086.3894 113.0773 0026547 315.2262 196.9500 14.47438647493735
1 34517U 97051HJ  18205.39661419 +.00003090 +00000-0 +44895-3 0  9992
2 34517 086.3631 072.0873 0006667 342.1918 075.7812 14.75654009498090
1 34518U 97051HK  18205.45203667 +.00002310 +00000-0 +34525-3 0  9990
2 34518 086.3919 089.1055 0015085 199.8034 160.2600 14.74255669497598
1 34520U 97051HM  18205.39028696 +.00005232 +00000-0 +70219-3 0  9999
2 34520 086.3630 079.0096 0016729 095.4952 264.8178 14.79072999497454
1 34521U 97051HN  18204.51743068 +.00000475 +00000-0 +13654-3 0  9994
2 34521 086.3880 107.2217 0003996 273.4068 086.6676 14.42776604494408
1 34522U 97051HP  18205.47175840 +.00002696 +00000-0 +58399-3 0  9990
2 34522 086.3658 112.1581 0046097 006.4785 046.2044 14.57202658492981
1 34524U 97051HR  18205.14838399 +.00001243 +00000-0 +31646-3 0  9994
2 34524 086.3441 093.0633 0034575 323.8006 036.0858 14.49548259494161
1 34525U 97051HS  18204.95086788 +.00000158 +00000-0 +46773-4 0  9992
2 34525 086.3767 109.4641 0003759 337.8421 145.0879 14.36910753492902
1 34526U 97051HT  18205.37892387 +.00002889 +00000-0 +47591-3 0  9991
2 34526 086.3423 077.0386 0016978 150.5105 209.7072 14.70108708496560
1 34529U 97051HW  18204.91054305 +.00000098 +00000-0 +25954-4 0  9993
2 34529 086.3662 101.1805 0009750 067.6676 292.5554 14.37760996493427
1 34532U 97051HZ  18205.14701032 +.00003269 +00000-0 +64173-3 0  9997
2 34532 086.3399 098.9804 0044853 307.8587 051.8569 14.61790239493166
1 34535U 97051JC  18205.53383105 +.00002861 +00000-0 +40668-3 0  9990
2 34535 086.3355 051.4120 0019309 076.0142 313.0444 14.76443047499738
1 34141U 93036LN  18204.66678962 +.00000474 +00000-0 +19524-3 0  9998
2 34141 074.0185 289.3420 0073381 295.5060 215.5191 14.28249134490215
1 34142U 93036LP  18204.67661657 +.00000593 +00000-0 +10840-3 0  9997
2 34142 073.9940 286.4748 0048330 050.3769 099.0643 14.67576878501843
