1 34538U 97051JF  18211.95012825 +.00000321 +00000-0 +11367-3 0  9997
2 34538 086.2794 086.5592 0044263 082.4399 341.9506 14.30857629491827
1 34540U 97051JH  18212.54187854  .00000623  00000-0  14890-3 0  9990
2 34540  86.3208  58.9032 0025154 274.2058 114.7894 14.51861617498743
1 34542U 93036UC  18212.32483600 +.00000741 +00000-0 +14421-3 0  9996
2 34542 074.0249 334.1996 0026707 067.1363 293.2620 14.64759487498829
1 34544U 93036UE  18213.46073043  .00000058  00000-0  74186-4 0  9996
2 34544  73.9161 222.0348 0394534  26.9552 123.2989 13.51386822465803
1 34545U 93036UF  18212.76313485 +.00001041 +00000-0 +22738-3 0  9994
2 34545 074.0350 052.4187 0018931 074.3716 025.3626 14.58999280497862
1 34546U 93036UG  18212.87759858  .00000220  00000-0  83750-4 0  9995
2 34546  74.0344 171.3732 0025702 187.4069 203.0688 14.36411075493714
1 34547U 93036UH  18212.73855877 +.00000515 +00000-0 +15527-3 0  9992
2 34547 074.0395 119.9473 0038800 149.7606 210.5802 14.44574935494976
1 34550U 93036UL  18213.35819469  .00000194  00000-0  75452-4 0  9999
2 34550  73.9935 343.8856 0182260  61.2442 300.6879 14.27397123486774
1 34552U 93036UN  18212.79476862 +.00000904 +00000-0 +25551-3 0  9997
2 34552 074.0334 142.4827 0034559 137.6826 254.8710 14.46733832493126
1 34553U 93036UP  18212.65921363 +.00000410 +00000-0 +13935-3 0  9999
2 34553 074.0313 157.7848 0028132 173.6630 251.2493 14.39497172492550
1 34554U 93036UQ  18212.95101921 +.00000092 +00000-0 +42315-4 0  9994
2 34554 074.0386 188.5305 0025488 195.1300 198.2833 14.33699288491626
1 34555U 93036UR  18213.13980575  .00000883  00000-0  22881-3 0  9999
2 34555  74.0276 102.3449 0025686 109.1655  41.3781 14.51118185495015
1 34556U 93036US  18212.51854462 +.00000526 +00000-0 +16502-3 0  9993
2 34556 074.0311 143.6432 0023984 148.4305 328.6044 14.42831504493145
1 34560U 93036UW  18212.24505130 +.00000484 +00000-0 +15507-3 0  9990
2 34560 074.0277 148.0697 0030863 166.2467 344.8393 14.41868090492790
1 34561U 93036UX  18212.91254373 +.00000838 +00000-0 +20321-3 0  9998
2 34561 074.0337 064.0179 0045251 102.2624 258.3611 14.53928568495775
1 34563U 93036UZ  18213.17795231  .00000111  00000-0  44353-4 0  9998
2 34563  74.0407 142.1250 0015521 182.4282 242.8922 14.39067563494416
1 34564U 93036VA  18213.30133117  .00000066  00000-0  31335-4 0  9998
2 34564  74.0345 152.5416 0020539 198.4692 316.1533 14.36817803493996
1 34567U 93036VD  18213.42450933  .00000011  00000-0  16464-4 0  9998
2 34567  74.0441 305.3688 0077031 304.4792 175.1251 14.21680710489741
1 34569U 93036VF  18212.80493634 +.00000047 +00000-0 +30186-4 0  9992
2 34569 073.9955 343.3023 0171812 060.8073 087.8380 14.17788012487809
1 34570U 93036VG  18212.93063185 +.00000130 +00000-0 +97508-4 0  9996
2 34570 073.9612 190.8501 0201267 277.1711 112.3428 13.95004916480413
1 34571U 93036VH  18212.84131548 +.00000599 +00000-0 +27300-3 0  9997
2 34571 074.0521 013.3038 0103820 347.2772 012.5754 14.21008079488911
1 34572U 93036VJ  18212.79382557  .00000455  00000-0  20122-3 0  9996
2 34572  74.0206 332.6972 0101020 323.0897 189.6330 14.23419880489168
1 34574U 93036VL  18213.42204282  .00000338  00000-0  90752-4 0  9994
2 34574  74.0757  77.8834 0098473  85.5636 330.0496 14.49168658496798
1 34576U 93036VN  18213.20230328  .00000284  00000-0  93386-4 0  9998
2 34576  74.0400 116.2943 0010242 186.6638 327.7880 14.42713747495918
1 34577U 93036VP  18212.83505468  .00000411  00000-0  93977-4 0  9995
2 34577  74.0385 355.3025 0033913  91.7945 268.7104 14.58596494499861
1 34579U 93036VR  18212.79769054 +.00000174 +00000-0 +65170-4 0  9995
2 34579 074.0564 152.6242 0030505 178.2954 211.2172 14.38530275494323
1 34582U 93036VU  18212.89338028 +.00000180 +00000-0 +71550-4 0  9999
2 34582 074.0218 184.5121 0057871 223.9456 135.7088 14.34715479492964
1 34585U 93036VX  18212.77709353  .00000967  00000-0  18003-3 0  9998
2 34585  74.0297 349.0200 0015314  68.4145 291.8654 14.66441874498995
1 34588U 93036WA  18212.88359485  .00000147  00000-0  59803-4 0  9994
2 34588  74.0449 176.4426 0020894 180.1777 209.4062 14.35699238493113
1 34589U 93036WB  18211.62355503 -.00000303 +00000-0 -20192-3 0  9997
2 34589 073.9257 301.8690 0258675 053.7921 012.6116 13.82140049474869
1 34590U 93036WC  18212.82388003  .00000003  00000-0  77809-5 0  9997
2 34590  74.0455 355.6719 0071677  85.3433 333.9637 14.51978651500880
1 34593U 97051JK  18213.30858126  .00082283  00000-0  22129-2 0  9995
2 34593  86.3244  55.6443 0001939 185.6769 174.4462 15.37566352502473
1 34609U 93036WE  18212.63294192 +.00000371 +00000-0 +18682-3 0  9992
2 34609 073.7378 296.8156 0160228 223.4780 206.5224 14.13627986485455
1 34610U 93036WF  18210.51029204 +.00000473 +00000-0 +30604-3 0  9990
2 34610 074.0260 237.7712 0212143 258.3596 099.3658 13.95185391479549
1 34611U 93036WG  18212.84830134 +.00000424 +00000-0 +12648-3 0  9995
2 34611 074.0626 114.9540 0039080 132.5356 339.5402 14.45534309493607
1 34613U 93036WJ  18213.23868323  .00000556  00000-0  28885-3 0  9998
2 34613  73.9672  41.9625 0132811  99.5995  16.2407 14.12494954484124
1 34614U 93036WK  18212.29953542 +.00000025 +00000-0 +30367-4 0  9992
2 34614 073.8915 319.5232 0276365 106.8346 286.3286 13.85492072472734
1 34615U 93036WL  18213.49715660  .00000016  00000-0  34836-4 0  9998
2 34615  74.0044 272.0265 0410489   8.2901  47.3336 13.49020398465123
1 34616U 93036WM  18212.94976831 +.00003117 +00000-0 +40819-3 0  9999
2 34616 074.0275 015.3075 0019043 350.9837 174.0439 14.80722807497377
1 34619U 93036WQ  18212.65852730 +.00000014 +00000-0 +94621-5 0  9996
2 34619 074.0494 294.6052 0102965 359.8854 000.2269 14.58807483500176
1 34620U 93036WR  18212.95853102 +.00000384 +00000-0 +17993-3 0  9990
2 34620 074.0682 035.0508 0127723 018.4095 132.2325 14.19190662484636
1 34622U 93036WT  18212.55194858 -.00000172  00000-0 -73249-4 0  9998
2 34622  74.0432  46.2152 0121818  49.3082 342.6858 14.13439434483834
1 34624U 93036WV  18212.32443951  .00004605  00000-0  47124-3 0  9991
2 34624  74.0011 325.7950 0017990 334.9599  56.5336 14.90720661501542
1 34626U 93036WX  18213.46617885  .00000389  00000-0  99936-4 0  9992
2 34626  74.0597  32.0572 0040468  97.4792 290.1852 14.53102522499569
1 34629U 93036XA  18212.96489636  .00001562  00000-0  15426-3 0  9995
2 34629  73.7802  40.6299 0062040 326.0482  33.6733 14.91622844507008
1 34631U 93036XC  18212.80911654  .00005019  00000-0  31283-3 0  9991
2 34631  74.0102 146.4997 0018252 222.3222 167.6045 15.09702618506533
1 34634U 93036XF  18213.30359112  .00000100  00000-0  33446-4 0  9995
2 34634  74.0535  45.5844 0051054 115.9418 302.8930 14.48667761498455
1 34635U 93036XG  18212.77813337 +.00000403 +00000-0 +11713-3 0  9998
2 34635 074.0538 094.0418 0047055 127.4183 347.4591 14.46839571341675
1 34637U 93036XJ  18212.12155646 +.00000393 +00000-0 +11675-3 0  9996
2 34637 074.0541 101.6495 0066805 133.6725 016.6452 14.45249617495447
1 34638U 93036XK  18212.58484314  .00000628  00000-0  15618-3 0  9996
2 34638  74.0449  79.4339 0013661  89.4559 289.2152 14.53800329496773
1 34639U 93036XL  18213.42383166  .00000963  00000-0  24829-3 0  9990
2 34639  74.0328 108.7518 0047970 128.4849 347.3023 14.50731188494742
1 34641U 93036XN  18212.64581994 +.00000293 +00000-0 +10456-3 0  9992
2 34641 073.8428 088.5581 0020646 171.9952 222.1309 14.38524128494687
1 34642U 93036XP  18212.85453969  .00000381  00000-0  26680-3 0  9990
2 34642  74.0067 269.9809 0230737 319.2309 161.5481 13.89827917478850
1 34643U 97051JU  18213.12385774  .00001202  00000-0  29203-3 0  9998
2 34643  86.3831 101.7003 0031923 277.8081  81.9501 14.51793191493296
1 34648U 97051JZ  18213.56417412  .00001947  00000-0  13569-2 0  9999
2 34648  86.4123 248.5853 0236995 218.0976 296.8999 13.85652586475921
1 34651U 97051KC  18212.83110183 +.00000559 +00000-0 +30945-3 0  9993
2 34651 086.2959 169.4542 0191794 317.8898 040.7673 14.00978886480455
1 34652U 97051KD  18213.37155156  .00000378  00000-0  99243-4 0  9999
2 34652  86.3345  73.2191 0035911 292.5283 191.3951 14.46199759496490
1 34671U 93036XR  18212.11231660 +.00000473 +00000-0 +14953-3 0  9995
2 34671 074.0354 135.3740 0022397 157.9340 262.1891 14.42776776493311
1 34672U 93036XS  18212.61001334 +.00000060 +00000-0 +31185-4 0  9993
2 34672 074.0347 190.4721 0026354 202.1968 276.4559 14.33147434266018
1 34674U 93036XU  18212.78114856 +.00000711 +00000-0 +14097-3 0  9992
2 34674 073.9834 339.8315 0114543 220.9438 138.3086 14.60262561498157
1 34675U 93036XV  18212.03318637 +.00000887 +00000-0 +22922-3 0  9994
2 34675 074.0347 102.3239 0036983 126.2862 234.1724 14.51014364494681
1 34678U 93036XY  18212.83144030 -.00000028  00000-0 -76874-6 0  9996
2 34678  74.0353 215.6177 0025930 199.1308 228.5429 14.29689104489367
1 34679U 93036XZ  18212.38293747 +.00000799 +00000-0 +14440-3 0  9998
2 34679 074.0113 312.9826 0046985 025.5194 334.8280 14.67493127499853
1 34680U 93036YA  18212.44887795 +.00000286 +00000-0 +92429-4 0  9994
2 34680 074.0491 120.9201 0012116 161.8338 317.7356 14.43512957493834
1 34681U 93036YB  18212.89990184  .00000311  00000-0  77834-4 0  9993
2 34681  74.0750  24.3852 0043470  74.3772  81.2510 14.55044894499800
1 34682U 93036YC  18212.61057049 +.00000261 +00000-0 +80758-4 0  9991
2 34682 074.0433 086.9300 0023774 167.1867 213.6109 14.45851303497052
1 34683U 93036YD  18211.90513694 +.00000238 +00000-0 +75626-4 0  9998
2 34683 074.0345 104.7788 0028882 159.6791 327.3533 14.45006381493420
1 34685U 93036YF  18213.20354465  .00000275  00000-0  91795-4 0  9990
2 34685  74.0353 127.4891 0020161 169.8905 340.8137 14.41951117497000
1 34687U 93036YH  18212.89586934 +.00001420 +00000-0 +11964-3 0  9996
2 34687 073.9249 020.0954 0094468 162.6018 347.8534 14.95934159509287
1 34689U 93036YK  18212.77537549  .00000683  00000-0  48710-3 0  9992
2 34689  74.0990  80.5025 0302422  73.7534  40.6123 13.79233597471505
1 34690U 97051KM  18212.70240057  .00000867  00000-0  25713-3 0  9995
2 34690  86.3855 106.8446 0008822 346.1381  42.2066 14.42238362492352
1 34693U 97051KQ  18213.56642341  .00000687  00000-0  15897-3 0  9997
2 34693  86.3370  65.7020 0024311 235.1126 154.4332 14.53514732495954
1 34696U 97051KT  18212.18484918 +.00001619 +00000-0 +77858-3 0  9992
2 34696 086.2077 113.5920 0143067 145.4747 006.4851 14.12997700483687
1 34702U 97051KZ  18212.93656275 +.00000664 +00000-0 +13275-3 0  9992
2 34702 086.3071 040.5736 0043139 151.6481 208.7090 14.59656512498904
1 34705U 97051LC  18212.24404382 +.00002303 +00000-0 +40950-3 0  9991
2 34705 086.4703 138.0734 0070665 211.3733 148.3257 14.65086754495463
1 34706U 97051LD  18212.92194584 +.00003761 +00000-0 +40051-3 0  9998
2 34706 086.3188 024.9266 0032752 065.7046 087.6622 14.88244341501389
1 34721U 93036YP  18212.81755851  .00000132  00000-0  10434-3 0  9993
2 34721  73.9248 261.9539 0242183  14.6568 101.3668 13.87574735477572
1 34722U 93036YQ  18213.56744483  .00000048  00000-0  37973-4 0  9990
2 34722  73.8890  56.0320 0179825 146.1885 246.9505 14.06071943483906
1 34723U 93036YR  18212.88873171  .00003335  00000-0  21469-3 0  9996
2 34723  73.9846 173.8817 0096269 218.5017 140.9280 15.05039203500781
1 34724U 93036YS  18212.55724469  .00000362  00000-0  20423-3 0  9992
2 34724  74.0382 300.3678 0247118 324.1449  34.3308 13.99556285474787
1 34725U 93036YT  18212.88674264  .00002764  00000-0  56783-3 0  9992
2 34725  74.2024 182.5497 0039837 352.6040   7.4534 14.60610620495151
1 34726U 93036YU  18212.58537635 +.00000041 +00000-0 +17629-4 0  9993
2 34726 074.0305 024.1172 0050137 122.5785 238.0231 14.50451397494236
1 34728U 93036YW  18213.34440043  .00000216  00000-0  55398-4 0  9995
2 34728  74.0253 342.8669 0054513  91.6751 269.0658 14.55413740496393
1 34729U 93036YX  18212.94030271 +.00000502 +00000-0 +13745-3 0  9996
2 34729 074.0286 067.5411 0029874 135.3264 289.1495 14.49500882492826
1 34732U 93036ZA  18212.57680250 +.00000028 +00000-0 +15748-4 0  9996
2 34732 074.0442 068.1478 0040557 172.2724 216.5334 14.44970147492563
1 34735U 93036ZD  18212.65149218 +.00001352 +00000-0 +22090-3 0  9990
2 34735 074.0315 330.9643 0053594 006.0430 354.1375 14.71020397498666
1 34736U 93036ZE  18213.22252700  .00000640  00000-0  18665-3 0  9998
2 34736  74.0333 124.0700 0018836 127.5396  26.3348 14.46030230492451
1 34737U 93036ZF  18213.48287138  .00001715  00000-0  36415-3 0  9997
2 34737  74.0376  87.8170 0025069   4.7548  60.8775 14.59733872493989
1 34738U 93036ZG  18212.89877840 +.00000141 +00000-0 +51099-4 0  9995
2 34738 074.0177 102.6030 0050321 178.9980 281.0712 14.41376454490540
1 34739U 93036ZH  18213.55754493  .00000982  00000-0  14483-3 0  9996
2 34739  74.0247 246.1326 0062286 302.9771 210.7962 14.75581247502704
1 34741U 93036ZK  18212.68138791 +.00002122 +00000-0 +16118-3 0  9994
2 34741 073.9815 173.0844 0106616 227.1009 132.1192 14.98512053503445
1 34742U 93036ZL  18213.46029454  .00041471  00000-0  70853-3 0  9993
2 34742  74.0076 343.6624 0012559  41.5300 318.6865 15.51012839510535
1 34744U 93036ZN  18213.06940441  .00000939  00000-0  16477-3 0  9995
2 34744  74.0111 305.1780 0041860  19.7256  42.6018 14.68681820498737
1 34745U 93036ZP  18213.51235250  .00003086  00000-0  32200-3 0  9999
2 34745  74.0195 231.8268 0018068 318.8673 200.1299 14.90115326501999
1 34746U 93036ZQ  18213.41183359  .00001016  00000-0  20365-3 0  9991
2 34746  74.0289  12.7569 0025917  60.0808 322.4885 14.62905017499573
1 34747U 93036ZR  18212.78346382  .00001155  00000-0  12167-3 0  9993
2 34747  73.9875 130.2943 0053640 248.5197 111.0259 14.89715735505551
1 34750U 93036ZU  18213.03640647  .00000369  00000-0  11760-3 0  9991
2 34750  74.1168 164.8886 0053440 125.8894 353.5943 14.42349866494019
1 34751U 93036ZV  18213.17930646  .00001061  00000-0  30794-3 0  9996
2 34751  74.0073 159.4203 0039050 139.8302 280.7776 14.45167855493852
1 34752U 93036ZW  18212.48798663  .00000338  00000-0  60817-4 0  9997
2 34752  74.0210 225.5830 0091449 319.8081  39.6349 14.68395426501737
1 34754U 93036ZY  18212.81045753  .00000074  00000-0  33412-4 0  9999
2 34754  74.0322 145.9371 0031452 200.5638 190.1393 14.37253609494937
1 34755U 93036ZZ  18212.55946941 -.00000324 +00000-0 -29677-3 0  9997
2 34755 073.9269 272.8844 0419900 071.3289 357.0591 13.46399788462729
1 34756U 93036AAA 18212.89961942 +.00000171 +00000-0 +16689-3 0  9990
2 34756 074.0053 175.1716 0363823 252.1134 103.9996 13.60772007467688
1 34758U 93036AAC 18212.59804701 +.00000583 +00000-0 +54705-3 0  9996
2 34758 074.1066 283.4213 0404267 304.4187 051.9318 13.52492330464795
1 34759U 93036AAD 18212.54009396 +.00002021 +00000-0 +36334-3 0  9996
2 34759 074.0211 044.3609 0021716 038.3030 321.9677 14.67202855499877
1 34760U 93036AAE 18212.91063927 +.00000472 +00000-0 +24604-3 0  9994
2 34760 074.0650 035.0093 0104640 024.0772 045.0313 14.14402453486047
1 34761U 93036AAF 18212.74039899 +.00000185 +00000-0 +80965-4 0  9991
2 34761 074.0298 234.2698 0043766 202.2565 157.6687 14.30065564491249
1 34763U 93036AAH 18212.58024471 +.00001347 +00000-0 +34947-3 0  9994
2 34763 074.1737 258.4290 0062173 076.5172 075.2359 14.49565372492553
1 34764U 97051LH  18213.04845433  .00003179  00000-0  40199-3 0  9998
2 34764  86.3597  64.2424 0004963 358.4532   1.6674 14.81537615498734
1 34765U 97051LJ  18213.46335973  .00000200  00000-0  64039-4 0  9990
2 34765  86.3403  97.9757 0018874  21.2282  98.6295 14.34383532490840
1 34773U 97051LS  18213.17248750  .00000939  00000-0  22886-3 0  9995
2 34773  86.4117 110.1687 0015341 166.5119 193.6500 14.51631739497666
1 34774U 97051LT  18212.91760387 +.00000035 +00000-0 +27174-5 0  9996
2 34774 086.4283 107.9111 0020285 081.9103 045.5966 14.57338848498644
1 34775U 97051LU  18213.18149821  .00000721  00000-0  21039-3 0  9995
2 34775  86.3797 111.0225 0029808 318.1431 194.0643 14.42549173493326
1 34784U 93036AAM 18213.43768281  .00000146  00000-0  43373-4 0  9996
2 34784  74.0100  12.2611 0059243 114.9214 245.8119 14.50890149495254
1 34787U 93036AAQ 18212.76969064 +.00000940 +00000-0 +17219-3 0  9997
2 34787 074.0226 343.8396 0015370 066.6437 293.6347 14.67215374490047
1 34788U 93036AAR 18213.18562677  .00000573  00000-0  55557-4 0  9994
2 34788  73.9921  40.1636 0140818 124.6266 353.1300 14.88268154511135
1 34789U 93036AAS 18212.71482847 +.00001366 +00000-0 +52713-3 0  9994
2 34789 074.2080 044.0087 0099230 245.5288 243.0315 14.28450647486135
1 34790U 93036AAT 18212.90191417  .00000012  00000-0  17044-4 0  9993
2 34790  74.0572   7.2369 0109231   1.1830 152.3985 14.17504429485351
1 34791U 93036AAU 18213.35397583  .00001223  00000-0  15055-3 0  9990
2 34791  74.0185 181.3824 0051689 287.5907  71.9628 14.83298466506651
1 34792U 93036AAV 18212.57255190 +.00000362 +00000-0 +12173-3 0  9992
2 34792 074.0257 141.3418 0017538 167.5264 246.7259 14.40588365487951
1 34793U 93036AAW 18212.83741154 +.00000077 +00000-0 +35828-4 0  9998
2 34793 074.0042 160.0242 0055024 228.5637 160.6457 14.34987072487057
1 34796U 93036AAZ 18212.26452463 +.00000243 +00000-0 +82690-4 0  9994
2 34796 074.0347 157.7329 0118169 200.3597 323.7591 14.38099174492643
1 34797U 93036ABA 18210.61832440 +.00000760 +00000-0 +32948-3 0  9993
2 34797 073.9858 319.5082 0098986 320.8389 096.8521 14.23379350487055
1 34801U 91025R   11088.41583846 +.00002650 +00000-0 +92328-2 0  9999
2 34801 064.9061 239.2898 5645951 000.4157 349.9275 04.32246059032095
1 34813U 93036ABC 18212.95817802  .00001010  00000-0  10419-2 0  9993
2 34813  73.9389  55.5491 0490987 224.9238 131.1140 13.34447102456652
1 34814U 93036ABD 18212.69547775  .00000282  00000-0  12352-3 0  9993
2 34814  73.8964 217.8627 0064379 295.4917 184.1511 14.27269540489516
1 34815U 93036ABE 18212.82250612 +.00000105 +00000-0 +28476-4 0  9999
2 34815 074.0486 355.3271 0083863 037.4534 323.2433 14.57712300492861
1 34816U 93036ABF 18212.39010147  .00000106  00000-0  11696-3 0  9995
2 34816  73.8874 192.2672 0387829  17.5492 130.7967 13.54080528463579
1 34818U 93036ABH 18213.35981722  .00000070  00000-0  34607-4 0  9998
2 34818  74.0359 184.2377 0026482 200.5026 310.2841 14.33659181488070
1 34819U 93036ABJ 18212.23714355  .00000323  00000-0  10636-3 0  9997
2 34819  74.0262 137.0502 0025878 163.8493 347.3225 14.41941717494136
1 34822U 93036ABM 18212.59979811  .00001903  00000-0  24174-3 0  9997
2 34822  74.0132 271.3819 0021726 338.1357  21.8891 14.82273156495812
1 34823U 93036ABN 18212.02786902  .00000202  00000-0  55322-4 0  9994
2 34823  74.0428  92.6257 0180739 130.7705 230.9300 14.44293613495214
1 34825U 97051LZ  18212.14283571  .00001050  00000-0  25189-3 0  9993
2 34825  86.3718  94.5331 0010594 200.2150 312.0982 14.52516567493149
1 34827U 97051MB  18212.91070983 +.00003957 +00000-0 +56038-3 0  9996
2 34827 086.3816 076.5437 0026708 197.2240 223.1706 14.76577736495055
1 34833U 97051MH  18212.91932894 +.00000398 +00000-0 +12025-3 0  9995
2 34833 086.3976 111.6318 0023921 001.6968 128.7718 14.39775497489124
1 34845U 93036ABP 18210.40255539 +.00000108 +00000-0 +41522-4 0  9997
2 34845 074.0278 108.8319 0023617 208.4152 151.5718 14.41454028486273
1 34846U 93036ABQ 18212.88199137 +.00000294 +00000-0 +10986-3 0  9998
2 34846 074.0354 183.8462 0032211 192.4755 167.5604 14.35806708487060
1 34847U 93036ABR 18212.28419901 +.00000645 +00000-0 +65142-4 0  9992
2 34847 074.0456 068.4679 0115103 125.3450 235.8556 14.88642883278109
1 34850U 93036ABU 18213.15160972  .00001005  00000-0  19226-3 0  9996
2 34850  74.0156  12.6476 0057747  56.7547  61.2496 14.64198454494477
1 34852U 93036ABW 18213.53391987  .00000024  00000-0  17546-4 0  9996
2 34852  74.0332 160.4022 0017440 204.4555 155.5772 14.35270393489256
1 34853U 93036ABX 18213.20858080  .00001573  00000-0  22713-3 0  9994
2 34853  74.0701 290.6234 0051352 298.5759  61.0253 14.76276425497271
1 34854U 93036ABY 18212.60255848 +.00000225 +00000-0 +50080-4 0  9993
2 34854 074.0371 292.1796 0086110 008.1068 352.1465 14.60809169324855
1 34856U 93036ACA 18212.58414532 +.00000257 +00000-0 +53786-4 0  9990
2 34856 074.0148 284.3995 0078819 009.6522 055.3167 14.63414738495263
1 34857U 93036ACB 18213.48545206  .00000270  00000-0  84188-4 0  9999
2 34857  74.0214 102.6141 0085360 161.9330 261.0209 14.43652719489943
1 34859U 93036ACD 18213.32639182  .00000684  00000-0  18238-3 0  9992
2 34859  74.0402  82.8524 0006395 150.9824 330.1232 14.50332658490687
1 34860U 93036ACE 18212.88820995 +.00000943 +00000-0 +20569-3 0  9996
2 34860 074.0261 048.6347 0029241 080.7445 279.7025 14.59067984491752
1 34861U 93036ACF 18212.45665716 +.00000574 +00000-0 +16696-3 0  9994
2 34861 074.0330 122.9998 0028493 138.5462 340.4980 14.46254777489013
1 34868U 97051MN  18212.88633284 +.00001735 +00000-0 +38638-3 0  9994
2 34868 086.5421 178.5973 0127035 020.1353 340.4797 14.51406702488003
1 34869U 97051MP  18212.32053368  .00002013  00000-0  62345-3 0  9995
2 34869  86.4592 163.7043 0066080 107.2005  49.7249 14.39494614485057
1 34870U 97051MQ  18212.35717792  .00000537  00000-0  13431-3 0  9999
2 34870  86.3189  63.3442 0028823 273.7702 210.8926 14.49445686498822
1 34873U 93036ACL 18212.01786928 +.00002849 +00000-0 +49760-3 0  9993
2 34873 074.0030 073.4896 0035804 065.6132 294.8767 14.68005181495769
1 34874U 93036ACM 18212.63001698 +.00000208 +00000-0 +94993-4 0  9992
2 34874 074.0415 278.6095 0061555 237.7815 274.1815 14.26604677485986
1 34875U 93036ACN 18213.05700524  .00000193  00000-0  66957-4 0  9996
2 34875  74.0478 115.9663 0017968 190.4714 231.0289 14.41792439489412
1 34877U 93036ACQ 18213.23503357  .00001109  00000-0  74119-4 0  9990
2 34877  73.9390 303.2718 0087616 105.6647 255.4231 15.05406720508198
1 34878U 93036ACR 18213.07251427  .00000058  00000-0  76337-4 0  9997
2 34878  73.9678 337.2612 0448137 117.9620 355.2325 13.40495612457410
1 34879U 93036ACS 18209.81289508 +.00000173 +00000-0 +20845-3 0  9996
2 34879 073.9188 147.2610 0543694 342.3107 015.9679 13.23713397453986
1 34882U 93036ACV 18212.95088151 +.00000035 +00000-0 +13922-4 0  9996
2 34882 074.0503 304.3933 0087906 041.1412 319.6334 14.57401742492968
1 34883U 93036ACW 18212.83620608  .00000624  00000-0  31192-3 0  9995
2 34883  74.2095 159.7939 0154915  21.6674   0.8792 14.12644311483737
1 34884U 93036ACX 18213.12301194  .00000480  00000-0  14134-3 0  9992
2 34884  74.0329 110.8197 0019087 138.2085 292.5302 14.46235384486813
1 34885U 93036ACY 18212.80817484 +.00000252 +00000-0 +87796-4 0  9993
2 34885 074.0374 140.6988 0018975 168.8261 274.4936 14.40302043486603
1 34886U 93036ACZ 18213.16102301  .00000317  00000-0  48188-4 0  9993
2 34886  73.9741 150.7087 0107768 271.0036  87.8791 14.75249774498638
1 34889U 97051MR  18212.36600193 +.00001781 +00000-0 +34754-3 0  9999
2 34889 086.3686 083.3712 0009424 106.2087 254.0162 14.62427312492847
1 34890U 97051MS  18212.13453387  .00002069  00000-0  55852-3 0  9999
2 34890  86.3038  98.9085 0078210  62.4137 298.4980 14.45577793489119
1 34893U 97051MV  18212.58979700  .00168352  00000-0  25964-2 0  9991
2 34893  86.1010 326.3433 0008334 319.5805  40.4836 15.53539888501576
1 34896U 97051MY  18212.88286059  .00000388  00000-0  95904-4 0  9992
2 34896  86.3332  66.5129 0034747 263.7653 156.1594 14.49081961492473
1 34898U 97051NA  18211.48908152  .00000994  00000-0  17555-3 0  9992
2 34898  86.3320  45.8224 0026112 126.6682 233.6937 14.66148876495129
1 34899U 97051NB  18213.15215038  .00002840  00000-0  42278-3 0  9995
2 34899  86.3993  95.2672 0025882 147.8245   9.0115 14.74348704490652
1 34907U 93036ADC 18212.47399512 +.00000777 +00000-0 +22906-3 0  9991
2 34907 074.0229 133.0767 0021525 129.1884 353.5550 14.45123516487573
1 34908U 93036ADD 18211.79677292  .00000185  00000-0  80585-4 0  9991
2 34908  74.0594 246.6423 0047115 217.0589 263.8222 14.30061969487432
1 34909U 93036ADE 18212.38334119 +.00000142 +00000-0 +30941-4 0  9990
2 34909 074.0162 242.1441 0106846 332.4491 027.1037 14.64470251273686
1 34910U 93036ADF 18212.88120119 +.00000254 +00000-0 +29091-3 0  9997
2 34910 073.8793 008.7875 0480644 224.7537 292.4356 13.33907926456130
1 34911U 93036ADG 18213.25926194  .00000029  00000-0  12928-4 0  9999
2 34911  74.0446 312.2668 0087662  41.4178 348.5575 14.56101192495103
1 34912U 93036ADH 18212.90996243 +.00000685 +00000-0 +11138-3 0  9992
2 34912 074.1665 292.7346 0065787 244.9347 114.4988 14.71778458498715
1 34913U 93036ADJ 18212.20805733 -.00000013 +00000-0 +47752-5 0  9998
2 34913 074.0275 170.9440 0021943 214.7749 205.1320 14.33940856266038
1 34914U 93036ADK 18212.97562163  .00000701  00000-0  11920-3 0  9999
2 34914  74.0059 328.6743 0167237 187.4448 172.4237 14.62446142495157
1 34916U 93036ADM 18212.78782282 +.00000710 +00000-0 +11632-3 0  9996
2 34916 074.0791 327.9509 0100208 107.3956 045.3170 14.69476706499653
1 34918U 93036ADP 18212.40055762 +.00000518 +00000-0 +18987-3 0  9999
2 34918 074.0757 241.1011 0048644 181.7255 239.5923 14.34568676265761
1 34920U 93036ADR 18212.42041579  .00000776  00000-0  21593-3 0  9998
2 34920  74.0323 116.0821 0018064 128.3287 231.9500 14.47949149491071
1 34922U 93036ADT 18212.29581062 +.00000559 +00000-0 +59144-4 0  9994
2 34922 074.1581 165.3621 0095241 090.1813 271.0282 14.88567541197261
1 34924U 93036ADV 18212.84310315 +.00000274 +00000-0 +82732-4 0  9991
2 34924 074.0450 093.3258 0071993 132.8166 354.7770 14.45640513487443
1 34926U 97051NF  18213.44227145  .00000379  00000-0  17767-3 0  9990
2 34926  86.1586 102.3907 0172916 205.3958 281.2133 14.10069159483359
1 34928U 97051NH  18212.90020704 +.00000528 +00000-0 +11038-3 0  9995
2 34928 086.4016 083.1693 0031012 217.4596 142.4452 14.57586293267393
1 34944U 93036ADX 18212.10294582 +.00000412 +00000-0 +20406-3 0  9992
2 34944 073.7654 004.2177 0237697 291.3555 066.2363 14.07078233263252
1 34946U 93036ADZ 18212.17213552 +.00000182 +00000-0 +52602-4 0  9997
2 34946 074.0245 027.9388 0061077 110.1826 250.5918 14.50519926491069
1 34948U 93036AEB 18212.78276073 +.00000801 +00000-0 +23106-3 0  9997
2 34948 074.0224 137.3636 0027877 124.8755 266.7165 14.46078483487974
1 34949U 93036AEC 18212.43769743 +.00000111 +00000-0 +26670-4 0  9995
2 34949 074.0223 255.7338 0095822 357.2337 002.8286 14.62816331489369
1 34951U 93036AEE 18212.89563021 +.00000470 +00000-0 +91480-4 0  9998
2 34951 074.0193 286.3338 0068273 010.3659 349.8897 14.64625616491240
1 34953U 93036AEG 18213.03301716  .00000315  00000-0  83729-4 0  9993
2 34953  74.0978  63.8108 0079990  60.2817  91.3143 14.50843858490612
1 34954U 93036AEH 18212.07623051  .00000563  00000-0  15981-3 0  9995
2 34954  73.9925 111.4088 0033588 154.6133 205.6685 14.47410154489267
1 34955U 93036AEJ 18213.19795737  .00000216  00000-0  33292-4 0  9992
2 34955  74.0466 153.9430 0122294 216.9571 142.3134 14.75549983502157
1 34958U 93036AEM 18212.88692095  .00000522  00000-0  50209-4 0  9990
2 34958  74.0132  44.8447 0146229 107.3115 254.4123 14.88300647504013
1 34962U 93036AER 18212.80392229  .00000161  00000-0  60265-4 0  9995
2 34962  74.0335 136.2478 0020953 189.4441 201.5980 14.39335152489450
1 34963U 93036AES 18212.85660512  .00000339  00000-0  12958-3 0  9996
2 34963  74.1794 275.7195 0050637 145.9327 214.5094 14.33586713486315
1 34964U 93036AET 18212.86688771 +.00000339 +00000-0 +24010-3 0  9997
2 34964 073.9801 282.3159 0240898 350.9632 008.7193 13.88540376470391
1 34965U 93036AEU 18213.04475990  .00000113  00000-0  41004-4 0  9999
2 34965  74.0533  94.4144 0028296 178.9544 245.7670 14.43546206490472
1 34966U 93036AEV 18212.51098433  .00003135  00000-0  27730-3 0  9990
2 34966  73.9683 149.6107 0027860 339.4318  20.5742 14.96507656499425
1 34967U 93036AEW 18213.23042216  .00000226  00000-0  88200-4 0  9997
2 34967  73.9966 175.3773 0046152 231.1870 128.5157 14.34777041486256
1 34968U 93036AEX 18212.65023303 +.00000022 +00000-0 +11572-4 0  9991
2 34968 074.0420 315.3539 0091223 037.6184 323.1312 14.55884255492900
1 34969U 93036AEY 18212.74684629 +.00000078 +00000-0 +40448-4 0  9991
2 34969 074.0136 236.1223 0080783 281.6796 077.5296 14.28125735266916
1 34970U 93036AEZ 18212.15422625  .00003690  00000-0  26498-3 0  9995
2 34970  73.9907 152.5693 0025146 226.1170 133.7943 15.04464357500293
1 34971U 93036AFA 18212.67379836  .00000037  00000-0  16115-4 0  9996
2 34971  73.9814 338.1090 0073822 115.8159 304.9456 14.51636830493569
