1 23089U 94023C   18212.69257882 -.00000069 +00000-0 -25874-4 0  9998
2 23089 071.0253 321.1649 0197233 096.5237 265.8359 13.73616146216448
1 23090U 94023D   18212.64841259 -.00000016 +00000-0 +24015-4 0  9999
2 23090 071.0330 284.9819 0191821 032.2926 328.9748 13.74990139217666
1 23091U 94023E   18212.67754119 +.00000014 +00000-0 +52840-4 0  9995
2 23091 070.9837 296.0605 0201448 167.4597 344.7372 13.73105857216006
1 23094U 94023F   18212.88468927 -.00000057 +00000-0 -13867-4 0  9995
2 23094 070.9868 286.5862 0199910 124.7944 354.9368 13.73617941216374
1 23250U 94057D   18212.63902928 +.00001011 +00000-0 +28721-3 0  9996
2 23250 098.2674 263.4783 0009430 117.1528 034.2606 14.47383725248362
1 23263U 91009CU  18211.80184494  .00000122  00000-0  14309-2 0  9990
2 23263  74.1488 152.4872 0156237 263.3212 124.2750 12.10435317 92146
1 23264U 91009CV  11247.18235453 -.00000004 +00000-0 +10000-3 0  9991
2 23264 074.0774 302.6485 0239508 199.8045 159.3673 12.11746773779443
1 23265U 91009CW  18212.44265212  .00000107  00000-0  10285-2 0  9993
2 23265  73.9987  25.1356 0155312 314.3715  69.7603 12.28309649226315
1 23275U 92093JF  18212.50424528 +.00000042 +00000-0 +59025-4 0  9997
2 23275 071.2443 237.6913 0104694 058.1827 302.9429 13.96283990259283
1 23282U 92093JG  18212.86203199 +.00000790 +00000-0 +34559-3 0  9997
2 23282 071.1865 162.4522 0087609 244.8512 149.1387 14.24740211261755
1 23302U 92093JH  18212.33913248  .00000075  00000-0  68446-4 0  9994
2 23302  71.1291 329.1319 0127018  14.0779  17.1074 14.06047323249036
1 23303U 93059G   18213.30317692  .00000985  00000-0  13060-3 0  9998
2 23303  71.1076 155.9251 0021104 291.6204 228.8970 14.82529016318843
1 23344U 94074C   18212.61253515 +.00000038 +00000-0 +19333-4 0  9996
2 23344 098.2858 265.8565 0128495 014.0574 139.7390 14.53748737254658
1 23345U 94074D   18212.33232733  .00000085  00000-0  39586-4 0  9999
2 23345  97.8217 243.1515 0196798 191.9424 232.3901 14.30262671236366
1 23346U 94074E   18212.89561221 +.00000101 +00000-0 +44834-4 0  9999
2 23346 098.3784 330.4333 0182019 004.6856 355.5980 14.33503176238548
1 23347U 94074F   18212.55234174 +.00000024 +00000-0 +15365-4 0  9998
2 23347 097.7703 073.0574 0136267 124.2006 267.1459 14.50743772252272
1 23406U 94077C   18212.64273447 -.00000039 +00000-0 +26503-5 0  9997
2 23406 071.0317 279.4341 0201506 052.1220 021.5540 13.72729566186169
1 23407U 94077D   18212.58718933 -.00000051 +00000-0 -77371-5 0  9999
2 23407 071.0328 270.4401 0199989 016.0260 054.2248 13.73090119186483
1 23408U 94077E   18212.67554667 +.00000042 +00000-0 +80345-4 0  9994
2 23408 070.9879 299.1202 0211873 130.8234 304.2140 13.70631703184364
1 23410U 94077G   18212.83841635 +.00000010 +00000-0 +52219-4 0  9993
2 23410 070.9816 006.0859 0223454 210.7550 222.4013 13.68132787182204
1 23418U 94077J   18212.51459073 +.00000112 +00000-0 +91255-4 0  9993
2 23418 071.0078 030.1190 0078355 192.4361 167.4827 14.07793208258192
1 23433U 94083C   18212.85172385 +.00000114 +00000-0 +45665-4 0  9998
2 23433 074.0070 221.8303 0010331 146.7929 282.0031 14.38785489235755
1 23434U 94083D   18213.40925205  .00000093  00000-0  42876-4 0  9995
2 23434  74.0315 356.7224 0011445 161.2774 229.9768 14.33645951232001
1 23457U 94089B   18212.82591287 +.00002438 +00000-0 +26714-3 0  9997
2 23457 098.9109 341.2423 0002378 143.5599 216.5777 14.88892688242212
1 23485U 94085H   18212.90721916 +.00000522 +00000-0 +15742-1 0  9996
2 23485 064.6580 193.5680 0142661 289.7712 068.7876 11.29612033972436
1 23486U 94085J   18212.03990435  .00000613  00000-0  19054-1 0  9996
2 23486  64.9137  61.1194 0165850  75.2088  77.1203 11.25102892968703
1 23487U 94085K   18213.13604940 -.00000038  00000-0  10826-3 0  9994
2 23487  64.9366 258.6034 0164634  27.3675   1.6335 11.30361783974081
1 23492U 94085Q   18212.55615409 -.00000042 +00000-0 +24146-4 0  9993
2 23492 064.9471 244.3648 0172070 012.2270 146.5667 11.31110187973856
1 23493U 94085R   18212.50483921 -.00000043  00000-0 -14026-4 0  9999
2 23493  64.9373 228.6901 0138428  23.8957 130.0811 11.31656247975060
1 23494U 94085S   18213.25933441  .00006561  00000-0  12489+0 0  9995
2 23494  64.9464 295.5576 0293219 276.1530 116.7865 11.55941535983548
1 23495U 94085T   18213.22873410 -.00000009  00000-0  89846-3 0  9999
2 23495  65.0238 282.9982 0189819 290.4897  97.1756 11.31027093974736
1 23535U 95015C   18212.87723878 +.00000836 +00000-0 +21912-3 0  9997
2 23535 098.6705 014.1297 0005452 063.7144 296.4610 14.51913289220634
1 23564U 94085V   18212.89725779 -.00000069 +00000-0 -67125-3 0  9995
2 23564 064.9943 160.0040 0200118 313.3336 080.9225 11.34801353961654
1 23706U 95058C   18213.30576097 -.00000077  00000-0 -32079-4 0  9998
2 23706  71.0024 319.5674 0199523 169.5761 223.1528 13.73683089140414
1 23707U 95058D   18212.89027277 -.00000027 +00000-0 +15828-4 0  9990
2 23707 070.9981 002.8082 0207319 231.0822 289.3160 13.71849035138692
1 23708U 95058E   18212.68381905 -.00000011 +00000-0 +27783-4 0  9995
2 23708 071.0522 295.0915 0185250 058.4746 091.7896 13.75999078142213
1 23709U 95058F   18212.82985170 -.00000004 +00000-0 +34564-4 0  9993
2 23709 071.0412 341.6563 0197589 138.6100 023.4729 13.74074084140408
1 23975U 94029V   18213.17820614  .00001386  00000-0  13111-3 0  9992
2 23975  82.4449 121.5475 0184340 182.8645 177.1533 14.80809967146637
1 23986U 94029AG  18212.93232906 +.00000348 +00000-0 +26423-4 0  9996
2 23986 082.0454 067.8218 0071464 158.7866 266.8112 14.96958476197628
1 24007U 94029BC  18212.83945556 +.00000145 +00000-0 +12108-4 0  9992
2 24007 081.9267 338.2846 0081331 354.0393 171.3037 14.88880341195669
1 24051U 94029CY  18213.57068553  .00000411  00000-0  10904-3 0  9993
2 24051  81.2928 301.4469 0461768  19.9668  39.8459 13.98446060112320
1 24091U 94029EN  18212.60093168 +.00000185 +00000-0 +15741-4 0  9993
2 24091 081.9986 066.2428 0085854 346.1954 031.1402 14.89236292200705
1 24097U 94029EU  18213.23101717  .00000633  00000-0  38550-4 0  9990
2 24097  81.9975 133.6513 0069629 204.4842 155.3073 15.06605585205205
1 24102U 94029EZ  18212.91890610 +.00014403 +00000-0 +15132-3 0  9998
2 24102 081.8631 013.5181 0008024 290.6261 069.4135 15.64133253241667
1 24126U 94029FZ  18213.12534076  .00000242  00000-0  59932-4 0  9992
2 24126  81.8100 149.0401 0357895   8.1521  91.6241 14.16376241145006
1 24129U 94029GC  18213.55090237  .00000174  00000-0  44597-4 0  9993
2 24129  81.4795 248.5754 0593468 339.2201 175.7720 13.75614281103241
1 24138U 94029GM  18212.91911569 +.00001293 +00000-0 +10974-3 0  9996
2 24138 081.5591 075.8223 0118234 198.2847 161.4104 14.91839646168816
1 24151U 94029HA  18212.62156769  .00000212  00000-0  35037-4 0  9990
2 24151  82.0206  74.4005 0167456  57.2412 304.4798 14.56588818173542
1 24163U 94029HN  18213.51568500  .00000565  00000-0  36240-4 0  9990
2 24163  82.0577  50.5037 0049154  60.3457 328.8748 15.05503804201425
1 24165U 94029HQ  18213.07334477  .00000332  00000-0  61673-4 0  9997
2 24165  82.1854 331.8324 0275303  48.8442 313.6147 14.40411183141583
1 24197U 94029JY  18213.47082150  .00000158  00000-0  17476-4 0  9992
2 24197  82.0916 268.1719 0089191 311.8898 145.1461 14.78345496271093
1 24213U 94029KL  18212.57738909  .00000164  00000-0  38290-4 0  9995
2 24213  81.4663 254.9740 0586859  33.6363 330.0629 13.77976241764421
1 24227U 94029LA  18212.97935045  .00000139  00000-0  16862-4 0  9997
2 24227  82.0464   4.3861 0162259  83.9747  52.0444 14.66243389179639
1 24236U 94029LK  18212.55974346 +.00000353 +00000-0 +59458-4 0  9994
2 24236 081.4438 254.0678 0459576 145.3769 217.8267 14.15163711124796
1 24239U 94029LN  18213.02601792  .00000291  00000-0  52063-4 0  9998
2 24239  81.5240 208.0163 0226271  65.9297  17.5826 14.48172233157827
1 24284U 95058G   18212.56480183 +.00000006 +00000-0 +26578-4 0  9994
2 24284 070.8630 049.0801 0011603 157.6153 202.5480 14.18674042175457
1 24299U 96051C   18212.72900048 -.00000002  00000-0  36733-4 0  9990
2 24299  71.0403 325.2660 0189969 169.9996 190.4973 13.75202790 99331
1 24300U 96051D   18212.84449442 -.00000008 +00000-0 +32810-4 0  9990
2 24300 071.0318 352.3986 0197496 228.2217 286.8041 13.74022082097977
1 24301U 96051E   18212.96706677 -.00000020 +00000-0 +22134-4 0  9992
2 24301 070.9952 020.9179 0210669 287.5506 242.2297 13.71848421096292
1 24302U 96051F   18212.89831400 -.00000062  00000-0 -17844-4 0  9997
2 24302  70.9860  45.0174 0209648 342.5352  80.7865 13.70505005 95641
1 24340U 94029NR  18212.90648465 +.00000983 +00000-0 +44302-3 0  9999
2 24340 081.5745 065.1577 0897315 259.1667 159.3598 13.00798418150192
1 24378U 94029QF  18212.70159205  .00000129  00000-0  20906-4 0  9994
2 24378  82.0316 115.2579 0174433 161.2238 199.5504 14.53232790280358
1 24487U 94029UL  18212.90270946 +.00014768 +00000-0 +17618-3 0  9992
2 24487 081.9350 192.6181 0019440 125.3096 234.9981 15.60654547205551
1 24529U 94029WD  18212.73560962 +.00000121 +00000-0 +11486-4 0  9996
2 24529 081.9794 126.1421 0124608 270.1947 118.0574 14.79565341826052
1 24581U 94029YH  18213.04646225  .00000193  00000-0  69998-4 0  9996
2 24581  81.5481 229.5811 0805966  51.2551 341.6626 13.21837112 54534
1 24594U 94029YW  18212.83321352 +.00000349 +00000-0 +83501-4 0  9996
2 24594 081.4719 156.8179 0531901 087.7295 307.4766 13.89216114106275
1 24602U 94029ZE  18212.94226963 +.00000484 +00000-0 +16349-3 0  9995
2 24602 081.5305 084.7387 0787766 113.5881 254.9958 13.30261379061692
1 24679U 94085Y   18212.51229351 -.00000047 +00000-0 -11208-3 0  9994
2 24679 064.9813 230.0799 0190219 329.0903 106.4076 11.32227971140384
1 24682U 94029AAQ 18212.81442574 +.00001537 +00000-0 +19379-3 0  9993
2 24682 082.1258 352.6932 0166161 223.6246 135.1729 14.72037077157836
1 24703U 94085Z   18212.57315792 +.00000030 +00000-0 +21659-2 0  9993
2 24703 064.7333 070.6637 0218404 291.9461 088.7807 11.20685881187132
1 24752U 91006C   18211.98876774 +.00000122 +00000-0 +10209-3 0  9995
2 24752 082.9158 043.8916 0023900 183.1213 329.9023 13.80498340154197
1 24756U 97012B   18212.44682181 +.00010067 +00000-0 +49657-3 0  9999
2 24756 098.8243 030.8076 0006062 097.5281 293.2437 15.18160701127819
1 24778U 97012E   18212.64202815 +.00000234 +00000-0 +75688-4 0  9996
2 24778 098.7881 132.8059 0004645 135.5078 342.6470 14.48066408112479
1 24817U 94029ABU 18212.75372943 +.00000899 +00000-0 +26277-3 0  9993
2 24817 081.6934 134.2066 0417863 042.1006 348.3045 14.02492376115944
1 24866U 96051H   18212.96971367  .00000342  00000-0  21602-3 0  9992
2 24866  71.1228 187.6538 0062337 356.0298   4.0320 14.10078373126867
1 24973U 94029ACF 18212.32079133 +.00000317 +00000-0 +70069-4 0  9998
2 24973 082.0193 159.2568 0337871 086.2752 063.4175 14.23951636138340
1 24974U 92053C   18212.86005781 +.00000114 +00000-0 +53200-4 0  9994
2 24974 074.0530 231.5559 0024315 231.9049 194.1925 14.30776151109668
1 24978U 94029ACL 18212.83313319  .00000430  00000-0  48093-4 0  9994
2 24978  81.4461 356.3962 0333550   2.3781 357.8900 14.52042636134227
1 24980U 94029ACN 18212.89198388  .00000685  00000-0  13470-3 0  9992
2 24980  81.5919 175.1699 0303156 127.8071 235.0982 14.35820441131444
1 24985U 94029ACT 18212.84408460  .00000235  00000-0  76823-4 0  9990
2 24985  81.5188 159.7004 0663646 329.1554  27.2113 13.54999505208227
1 24996U 94029ADD 18210.65453320 +.00000932 +00000-0 +22545-3 0  9999
2 24996 082.1949 100.7118 0341413 138.5143 224.2506 14.22061238084770
1 25027U 92053D   18212.95418396 +.00000110 +00000-0 +45079-4 0  9995
2 25027 074.0321 027.8074 0003318 134.4607 019.1956 14.38140399115058
1 25028U 93036D   18212.96395352 +.00000106 +00000-0 +45293-4 0  9998
2 25028 074.0418 203.7346 0009457 030.2366 352.2691 14.36155966190355
1 25085U 91009CX  18211.49211032 +.00000086 +00000-0 +89867-3 0  9999
2 25085 074.1090 233.4886 0182384 303.1383 210.2773 12.22968717058947
1 25254U 93059H   18211.91279694  .00000101  00000-0  68455-4 0  9998
2 25254  70.9880  27.5692 0014534  65.9298  83.6746 14.21333722 88658
1 25401U 98043H   18212.80338309 +.00000050 +00000-0 +59978-4 0  9991
2 25401 098.5390 158.0897 0164880 045.8054 347.1904 13.93700488019651
1 25402U 98043J   18212.84964359 +.00000206 +00000-0 +16768-3 0  9998
2 25402 099.3224 182.2826 0153559 253.6111 134.7360 13.95804799021147
1 25403U 98043K   18212.90830170 +.00000010 +00000-0 +40748-4 0  9998
2 25403 098.5179 023.1305 0212960 210.3972 319.2012 13.77714394008117
1 25409U 98045C   18212.81655419 +.00000005 +00000-0 +43553-4 0  9998
2 25409 071.0789 253.1079 0192421 035.2519 073.3972 13.74430359003457
1 25410U 98045D   18213.14523062  .00000061  00000-0  10004-3 0  9991
2 25410  70.9796 263.9166 0210727 238.3053 151.1254 13.70834641   925
1 25411U 98045E   18212.57624988 -.00000039  00000-0  43796-5 0  9999
2 25411  70.9864 275.7780 0212840 211.5367 147.2833 13.70619657   662
1 25412U 98045F   18212.46828706 -.00000022 +00000-0 +18096-4 0  9998
2 25412 071.0779 213.7496 0184677 033.3286 118.7599 13.76124253004397
1 25442U 94029ADX 18213.01338172  .00000408  00000-0  85764-4 0  9997
2 25442  81.7655 224.8493 0283618 357.4328   2.5382 14.35364506137641
1 25445U 94029ADZ 18212.47750623  .00000058  00000-0  62621-5 0  9997
2 25445  81.9903  26.8314 0155484  18.1446  12.8008 14.60707603115456
1 25449U 94029AED 18212.95400840 +.00000362 +00000-0 +18041-3 0  9990
2 25449 082.1288 210.7633 0980407 038.6054 328.1149 12.79416262931822
1 25750U 94029AEG 18213.08102593  .00002875  00000-0  15222-3 0  9993
2 25750  82.3679  82.8019 0070190 188.7884 171.2124 15.12857305 26693
1 25862U 99039C   18212.78064134 +.00000033 +00000-0 +21085-4 0  9996
2 25862 097.7199 055.2331 0165966 296.7196 061.7089 14.39604390998443
1 25863U 99039D   18213.02603549  .00000098  00000-0  40011-4 0  9995
2 25863  98.7170 229.8795 0156499 218.0518 168.6626 14.42091370    50
1 25864U 99039E   18212.97309216 +.00000020 +00000-0 +20735-4 0  9999
2 25864 098.8252 215.7963 0173296 032.4335 357.7250 14.36739095996428
1 25865U 99039F   18213.37059529  .00000093  00000-0  40179-4 0  9998
2 25865  97.7742   2.4455 0188276 144.3458 249.9872 14.32698247993799
1 25904U 94016D   18213.50713064  .00007398  60468-6  13600-3 0  9991
2 25904  34.5096 287.1600 2778582  65.4802 320.9262  9.90334090592666
1 25992U 99067B   18213.17514644  .00000264  00000-0  11044-3 0  9990
2 25992  98.4301 282.2485 0005006 316.9699  63.7783 14.33723554970477
1 25993U 99067C   18212.79043617 +.00000379 +00000-0 +15122-3 0  9993
2 25993 098.3276 254.0438 0002978 353.3253 071.3198 14.33840006970005
1 25999U 91068J   18213.10499057  .00000103  00000-0  51682-3 0  9997
2 25999  82.6979 113.3760 0060575 103.2913 326.6812 12.61461864865646
1 26000U 91068K   18213.08429234  .00000007  00000-0 -24635-4 0  9991
2 26000  82.7185 254.5208 0041008 351.1618  36.4673 12.45021804845806
1 26002U 91068M   18212.46603006  .00000221  00000-0  83804-3 0  9994
2 26002  81.9675 223.8498 0142763 171.8400 344.2059 12.83971413877567
1 26003U 91068N   18212.87792314 +.00001663 +00000-0 +87361-2 0  9993
2 26003 082.7105 170.6916 0187522 034.3076 357.9968 12.61399108861028
1 26004U 91068P   18213.01142119  .00000675  00000-0  33082-2 0  9996
2 26004  82.5775  45.9362 0092508 187.6899 327.7912 12.69605123865936
1 26005U 91068Q   18212.54430772 +.00000039 +00000-0 +16025-3 0  9992
2 26005 082.6008 058.0360 0057860 171.6358 216.7574 12.61305295865531
1 26009U 91068U   18212.48507260 +.00000187 +00000-0 +74656-3 0  9994
2 26009 082.4891 220.0673 0134143 104.6400 047.1618 12.79297972876498
1 26010U 91068V   18212.12432125  .00000041  00000-0  21587-3 0  9998
2 26010  82.7332 267.9971 0048980  10.0680  17.7921 12.44389025845968
1 26011U 91068W   18212.61958602 +.00000040 +00000-0 +17356-3 0  9994
2 26011 082.4267 317.2504 0055862 260.8571 162.4765 12.60790718865122
1 26013U 91068Y   18211.84936125 +.00000049 +00000-0 +23672-3 0  9993
2 26013 082.7153 172.4330 0025862 341.8626 046.5817 12.55212682861014
1 26015U 91068AA  18212.79250697 +.00000028 +00000-0 +98284-4 0  9992
2 26015 082.4824 336.6319 0068703 192.8089 322.7035 12.62146700234769
1 26016U 91068AB  18212.83193295 +.00000260 +00000-0 +90317-3 0  9994
2 26016 081.9091 159.7149 0241310 080.7544 310.1405 12.84616192251596
1 26018U 91068AD  18212.87898332  .00000005  00000-0 -39010-4 0  9996
2 26018  82.7120 246.5350 0019091  20.3493  96.6829 12.45338876223931
1 26019U 91068AE  18212.91913259 -.00000055 +00000-0 -44945-3 0  9996
2 26019 082.6511 277.7935 0277160 017.6801 103.3546 12.36451798218514
1 26020U 91068AF  18212.82410861 +.00000612 +00000-0 +31328-2 0  9996
2 26020 082.7328 161.4297 0114476 017.4951 010.1382 12.65650681232116
1 26021U 91068AG  18212.51338358  .00000175  00000-0  55189-3 0  9999
2 26021  81.7764  37.8393 0225941   8.0595  21.3501 12.91606768254716
1 26022U 91068AH  18212.82281632 +.00000085 +00000-0 +41524-3 0  9994
2 26022 082.4622 333.2645 0082794 175.5665 340.0108 12.61572868235090
1 26023U 91068AJ  18212.26605140  .00000311  00000-0  19646-2 0  9998
2 26023  82.5790 132.1863 0009861 193.0560 324.4164 12.50656294227834
1 26024U 91068AK  18212.83105689 +.00000184 +00000-0 +12337-2 0  9993
2 26024 082.7044 337.0193 0272896 101.6367 056.9575 12.33349389217704
1 26025U 91068AL  18211.79844330 -.00000102 +00000-0 -81867-3 0  9998
2 26025 082.7336 343.7271 0250828 061.1642 091.4196 12.34668951222470
1 26026U 91068AM  18212.82411049  .00000157  00000-0  79356-3 0  9999
2 26026  82.5135 349.9026 0095701 186.9274 327.4408 12.63092767873700
1 26027U 91068AN  18211.70139347  .00000117  00000-0  84656-3 0  9999
2 26027  83.2858 304.3900 0119213 218.6482 298.6446 12.34042248859461
1 26028U 91068AP  18212.51570100  .00000040  00000-0  21009-3 0  9994
2 26028  82.6959 236.4563 0021454  28.3680 126.7792 12.45709055875722
1 26029U 91068AQ  18212.93557154 +.00000025 +00000-0 +89902-4 0  9995
2 26029 082.5710 079.5886 0039899 345.4552 074.9850 12.56244271882176
1 26030U 91068AU  18209.34811522 +.00000058 +00000-0 +24618-3 0  9998
2 26030 082.6754 066.8478 0083631 039.5850 082.6371 12.66474718683544
1 26073U 00006C   18213.11213956 -.00000002  00000-0  36459-4 0  9991
2 26073  71.0773  93.5731 0193031 117.1555  32.3695 13.73993379927162
1 26074U 00006D   18213.17414535 -.00000001  00000-0  41594-4 0  9999
2 26074  70.9636 114.8069 0215749 332.4265  99.2085 13.69453281964930
1 26075U 00006E   18212.77000524  .00000001  00000-0  38945-4 0  9999
2 26075  71.0642  51.9636 0188819 131.2311 355.2802 13.75626778928162
1 26076U 99040E   17074.46332275  .00001517  00000-0  19240-3 0  9997
2 26076  28.4404 131.4014 4523444 168.3218 207.3582  6.44511073299833
1 26077U 00006G   18212.99023244 -.00000023  00000-0  19622-4 0  9995
2 26077  70.9697  52.9735 0206699 252.3280 180.4696 13.72593766926120
1 26078U 99040F   18208.42727957 +.00000316 +00000-0 +42257-4 0  9991
2 26078 028.4212 160.3135 4508742 215.9404 103.1577 06.43818684305198
1 26079U 00004G   18212.92095955 +.00000071 +00000-0 +38474-4 0  9994
2 26079 100.2116 356.4341 0034121 096.8783 065.6231 14.43678510971947
1 26122U 99057J   18212.83995206 -.00000376  00000-0 -28192-3 0  9992
2 26122  98.9225 271.1196 0539486  85.4950 338.5251 13.37468482894951
1 26123U 99057K   18212.38265905 +.00000114 +00000-0 +38007-4 0  9994
2 26123 098.5780 097.4011 0068661 112.9038 247.9424 14.53699786971339
1 26125U 99057M   18212.84256247 +.00000223 +00000-0 +12746-3 0  9998
2 26125 099.0754 159.4955 0260200 357.8264 024.7514 14.03684843938379
1 26126U 99057N   18213.16376017  .00000183  00000-0  70835-4 0  9992
2 26126  98.6124 177.0544 0106474 107.3022  14.9764 14.38016912961703
1 26127U 99057P   18212.83258522  .00000297  00000-0  83953-4 0  9997
2 26127  98.1376 348.1766 0116335  27.1160 131.7258 14.48678371965326
1 26128U 99057Q   18213.19421576  .00000177  00000-0  30741-4 0  9993
2 26128  98.6416 114.0007 0036554 245.3065 276.0707 14.80967304987898
1 26132U 99057U   18212.94919567 +.00000479 +00000-0 +17344-3 0  9990
2 26132 098.8173 206.7030 0140598 179.2947 210.4754 14.32824744954095
1 26134U 99057W   18212.81313745  .00000221  00000-0  18873-3 0  9997
2 26134  98.9846 181.3934 0436290 249.2210 231.1580 13.59819403909433
1 26140U 99057AC  18212.82240473  .00000418  00000-0  12230-3 0  9991
2 26140  99.3633 166.3726 0200868 130.3616 262.0769 14.39012405958095
1 26142U 99057AE  18212.06332633 -.00000006  00000-0  19504-4 0  9995
2 26142  98.6757 247.6031 0308363  55.6260 339.0840 13.84036015925980
1 26143U 99057AF  18213.51331546  .00000056  00000-0  79272-4 0  9991
2 26143  98.9608  58.4444 0483363 211.4822 176.2645 13.45235176900764
1 26147U 99067E   18212.96308251 +.00000220 +00000-0 +77980-4 0  9998
2 26147 098.8103 118.1080 0005413 219.8514 199.2778 14.44121989973783
1 26150U 99057AL  18211.92149494 +.00000290 +00000-0 +21178-3 0  9992
2 26150 099.0125 004.1733 0360434 171.3358 343.9282 13.75813381919121
1 26152U 99057AN  18212.14958476 -.00000337  00000-0 -26130-3 0  9994
2 26152  99.2004  89.5738 0527673 245.7840 278.9761 13.35654560893684
1 26155U 99057AR  18212.42450281 +.00001027 +00000-0 +30931-3 0  9998
2 26155 098.6048 195.4990 0189043 121.1115 030.7276 14.34876488954455
1 26175U 99057BM  18212.85497951  .00000060  00000-0  68043-4 0  9994
2 26175  98.7224 230.6645 0337863 281.0939 204.5810 13.76792504922864
1 26178U 99057BQ  18212.60104230 +.00000797 +00000-0 +12376-3 0  9999
2 26178 098.4837 129.0907 0044446 143.0099 338.2791 14.75488682974546
1 26181U 99057BT  18212.14339140  .00000034  00000-0  17806-4 0  9990
2 26181  98.6417 267.1290 0014781 353.4267  32.0717 14.59703767977274
1 26184U 99057BW  18212.84468084 +.00000065 +00000-0 +36698-4 0  9994
2 26184 098.6853 167.5087 0109836 143.6817 247.6704 14.34634265960792
1 26187U 99057BZ  18213.21578318  .00000100  00000-0  21748-4 0  9991
2 26187  98.6287  36.9724 0057799 152.0755 208.3576 14.78420847988336
1 26188U 99057CA  18212.74817556 +.00002891 +00000-0 +20576-3 0  9995
2 26188 098.8176 145.4133 0024355 085.8655 291.3459 15.05412701981156
1 26191U 99057CD  18212.92084769 +.00000148 +00000-0 +57555-4 0  9992
2 26191 098.6354 185.5057 0099127 013.5923 010.3440 14.41122660963139
1 26193U 99057CF  18212.88818814  .00000376  00000-0  53379-4 0  9998
2 26193  98.5642 351.1520 0011499 267.0936 244.7326 14.83346768986181
1 26194U 99057CG  18212.97120354 +.00000100 +00000-0 +30077-4 0  9999
2 26194 097.8569 217.3701 0052854 035.6616 354.4127 14.59496738224291
1 26196U 99057CJ  18213.07507733 -.00000039  00000-0  17503-5 0  9995
2 26196  98.8343 262.5829 0344331 335.3543  50.3824 13.75896197921188
1 26198U 99057CL  18213.46907975  .00000144  00000-0  51955-4 0  9996
2 26198  98.5078 177.7179 0076007 160.8875 199.5196 14.45930963966138
1 26199U 99057CM  18213.40890365  .00000273  00000-0  76629-4 0  9993
2 26199  98.4970 197.9378 0085331 102.4317  53.5614 14.51768114967282
1 26200U 99057CN  18212.38181968 +.00000186 +00000-0 +46641-4 0  9998
2 26200 097.9375 190.6854 0056285 019.4237 340.9091 14.60752725975070
1 26202U 99057CQ  18212.62158771  .00000095  00000-0  47274-4 0  9995
2 26202  98.6020 146.1777 0111013 188.6887 296.8748 14.33624611959014
1 26203U 99057CR  18212.63418403 +.00000037 +00000-0 +28862-4 0  9996
2 26203 098.3144 090.8705 0111972 241.1145 146.3408 14.30220936957379
1 26205U 99057CT  18212.85413400 -.00000015 +00000-0 +22842-4 0  9993
2 26205 099.1704 172.9485 0651790 210.2680 145.9235 13.09398599876163
1 26207U 99057CV  18213.53427365  .00000401  00000-0  10797-3 0  9999
2 26207  98.6204 225.0101 0106703 301.1786 211.2369 14.50498609964179
1 26208U 99057CW  18212.82908553 +.00000047 +00000-0 +23625-4 0  9995
2 26208 098.1694 166.9808 0075279 303.4998 077.4382 14.49741365970046
1 26209U 99057CX  18212.93287306 +.00000033 +00000-0 +17668-4 0  9999
2 26209 098.6662 234.1035 0030661 356.0372 120.6916 14.60401777976967
1 26211U 99057CZ  18212.53457135 +.00000023 +00000-0 +53596-4 0  9996
2 26211 098.8892 234.8617 0547405 194.1781 323.1331 13.31318024891083
1 26218U 99057DG  18212.90492421 +.00000677 +00000-0 +14801-3 0  9991
2 26218 098.6879 162.2908 0078472 211.0447 148.6102 14.59469988969383
1 26231U 99057DV  18212.64737815 -.00000334 +00000-0 -21652-4 0  9991
2 26231 098.7166 275.7638 0044874 301.1689 211.9790 14.97449908994619
1 26233U 99057DX  18212.99903764  .00001144  00000-0  11157-3 0  9995
2 26233  98.5971  30.4678 0008057 160.9491 350.9269 14.94761094988616
1 26234U 99057DY  18213.17392161  .00000043  00000-0  22873-4 0  9995
2 26234  98.7309 196.7216 0012474  27.9723  81.7125 14.51881078972561
1 26235U 99057DZ  18212.84861292 +.00000422 +00000-0 +80827-4 0  9999
2 26235 098.5231 174.3952 0028792 094.4095 296.0956 14.68965404978466
1 26239U 99057ED  18212.89658824 +.00003528 +00000-0 +25835-3 0  9990
2 26239 097.9737 312.4877 0027233 063.4738 031.5126 15.03970249981899
1 26241U 99057EF  18212.69511670 +.00000015 +00000-0 +21167-4 0  9991
2 26241 098.6262 148.2233 0111710 198.6548 279.8536 14.32157530959582
1 26257U 99057ET  18212.88171914  .00000699  00000-0  70428-4 0  9994
2 26257  98.5332   2.6081 0012065 103.6591 256.5971 14.94816751988321
1 26259U 99057EV  18212.92984566 +.00000314 +00000-0 +89110-4 0  9998
2 26259 098.5901 208.1329 0088683 227.1706 162.6014 14.50429337965267
1 26260U 99057EW  18212.90931268 +.00000392 +00000-0 +10764-3 0  9993
2 26260 098.5367 205.6960 0085272 226.8058 132.5991 14.50689608965039
1 26262U 99057EY  18212.79162215 +.00000289 +00000-0 +77770-4 0  9996
2 26262 098.5393 207.6035 0066212 071.0304 052.9060 14.54230755967620
1 26265U 99057FB  18212.53651758 +.00000094 +00000-0 +43722-4 0  9990
2 26265 098.6957 177.6401 0105648 106.4785 320.1624 14.37778782960836
1 26266U 99057FC  18212.94839796 +.00000289 +00000-0 +83970-4 0  9991
2 26266 098.6173 206.1700 0100098 262.0401 096.9423 14.49403559964687
1 26268U 99057FE  18212.57919525  .00000398  00000-0  59477-4 0  9997
2 26268  98.7280  73.3127 0008492 208.5837 151.4908 14.80946605982638
1 26270U 99057FG  18212.45185337 +.00000597 +00000-0 +11816-3 0  9998
2 26270 098.3263 213.5696 0066492 248.5064 110.9039 14.64839369970954
1 26272U 99057FJ  18213.48001061  .00000366  00000-0  91075-4 0  9995
2 26272  98.5018 211.9374 0080192  45.0349 105.7077 14.55957405968379
1 26275U 99057FM  18212.47039255 +.00000608 +00000-0 +11410-3 0  9995
2 26275 098.2151 207.9465 0068072 174.6340 337.1788 14.66949968972042
1 26280U 99057FS  18212.82014758 +.00000015 +00000-0 +19899-4 0  9993
2 26280 098.6454 166.1179 0088898 057.6659 333.0510 14.36163913961273
1 26283U 99057FV  18212.89922418  .00000247  00000-0  79756-4 0  9999
2 26283  98.5771 189.4247 0088711 239.8470 150.8564 14.45806196964500
1 26284U 99057FW  18212.95298046 +.00000789 +00000-0 +11694-3 0  9997
2 26284 098.0988 215.9063 0047691 270.5516 089.0229 14.77308410976204
1 26286U 99057FY  18212.77369421 +.00000206 +00000-0 +62207-4 0  9996
2 26286 098.4762 188.2985 0075746 071.9490 047.7797 14.50922325968919
1 26300U 99057GL  18212.92631340 +.00000277 +00000-0 +77925-4 0  9993
2 26300 098.4697 193.1014 0081479 101.2829 281.1681 14.51683089967304
1 26306U 99057GP  18212.33531591 +.00000035 +00000-0 +26380-4 0  9992
2 26306 098.6403 162.7947 0100306 069.2589 082.8515 14.35908972960073
1 26310U 99057GT  18212.87882720 +.00000110 +00000-0 +46432-4 0  9993
2 26310 098.6569 188.4509 0099038 011.2893 018.7111 14.41309724962141
1 26313U 99057GW  18212.89703473  .00000212  00000-0  69349-4 0  9990
2 26313  98.5547 189.3551 0085623 220.1359 169.0334 14.46613000965161
1 26321U 99057HE  18212.72682501 +.00000916 +00000-0 +13453-3 0  9994
2 26321 098.0755 218.7685 0052216 003.7130 356.4457 14.77107929974761
1 26323U 99057HG  18212.87270378  .00000223  00000-0  70845-4 0  9997
2 26323  98.5452 188.8152 0079672 166.9055 223.6802 14.47662152966100
1 26329U 99057HN  18212.97044340 +.00000349 +00000-0 +89365-4 0  9998
2 26329 098.5187 210.8608 0084698 109.4197 279.2835 14.54622353966836
1 26333U 99057HS  18213.44727202  .00000537  00000-0  10735-3 0  9994
2 26333  98.2746 205.9825 0061979 190.9079 169.0784 14.64827262971546
1 26336U 99057HV  18212.90013802 +.00000321 +00000-0 +86587-4 0  9991
2 26336 098.3866 189.5949 0074718 086.3298 274.6438 14.52927347966212
