1 30417U 99025AEG 18212.58161267  .00000039  00000-0  44110-4 0  9996
2 30417  98.7778 245.0717 0065375 226.1541 288.3326 14.12003870594125
1 30418U 99025AEH 18212.57949163  .00000205  00000-0  46109-4 0  9990
2 30418  98.7914 134.3056 0163624 152.3805 334.8656 14.60108295612082
1 30419U 99025AEJ 18211.47994042  .00000212  00000-0  14043-3 0  9994
2 30419  99.3350  25.8525 0056065  11.9532   5.3083 14.11766610593333
1 30420U 99025AEK 18213.12328802  .00000314  00000-0  46142-4 0  9994
2 30420  98.9444 271.2322 0164601 322.3613  65.9609 14.75629255615672
1 30423U 99025AEN 18213.29087950  .00001038  00000-0  33546-3 0  9998
2 30423  98.5436 143.6781 0071026 122.5811  28.6287 14.39756904600451
1 30429U 99025AEQ 18212.71427935  .00001915  00000-0  24575-3 0  9997
2 30429  99.1527 308.4928 0063078 250.5504 108.8882 14.81368638613038
1 30432U 99025AET 18212.83487418 +.00000217 +00000-0 +92598-4 0  9991
2 30432 098.8689 345.2684 0091582 314.6104 199.6981 14.32881520601428
1 30434U 99025AEV 18213.04934649  .00000040  00000-0  65850-4 0  9995
2 30434  99.1089 252.9313 0123443 333.6371  55.0758 13.88478739583723
1 30435U 99025AEW 18212.79916274 +.00000213 +00000-0 +24830-3 0  9995
2 30435 099.0389 320.2934 0230433 001.0840 152.3271 13.68143913572752
1 30436U 99025AEX 18213.09861670  .00000666  00000-0  43542-3 0  9992
2 30436  98.4200 254.6133 0130922 225.5869 160.8851 14.01275599586336
1 30437U 99025AEY 18212.77860913 +.00000596 +00000-0 +19516-3 0  9992
2 30437 098.9814 036.6417 0077555 274.8991 207.1784 14.40809283602167
1 30438U 99025AEZ 18210.31133782 +.00000395 +00000-0 +35770-3 0  9995
2 30438 098.8417 338.1298 0143957 307.5332 051.2815 13.84777027579967
1 30439U 99025AFA 18213.56189027  .00000131  00000-0  10678-3 0  9997
2 30439  98.9924 243.7356 0038244 333.3024 179.2989 14.05897564589940
1 30441U 99025AFC 18211.97787752 +.00000082 +00000-0 +11319-3 0  9990
2 30441 098.9426 035.6362 0188989 188.9702 170.8055 13.74888145578673
1 30442U 99025AFD 18213.39632241  .00000425  00000-0  25826-3 0  9990
2 30442  98.9907 269.8918 0068767  12.0415 121.2169 14.10455307591699
1 30443U 99025AFE 18211.71508541 +.00000590 +00000-0 +32728-3 0  9992
2 30443 098.7973 131.2438 0033958 147.5042 212.8231 14.14702675592217
1 30444U 99025AFF 18213.42612230  .00000332  00000-0  13651-3 0  9992
2 30444  99.2850  14.7861 0251475  78.6311 311.0798 14.18218508591638
1 30445U 99025AFG 18212.30106950 +.00000079 +00000-0 +38033-4 0  9996
2 30445 098.9364 027.2631 0121951 101.6758 259.8143 14.39813172603982
1 30446U 99025AFH 18212.82830261 +.00000424 +00000-0 +19776-3 0  9999
2 30446 098.8214 256.1667 0047912 057.2399 303.3383 14.25102182597181
1 30447U 99025AFJ 18213.10059605  .00000595  00000-0  26629-3 0  9991
2 30447  98.9188 310.1747 0099834 321.0954 109.1797 14.23833944595917
1 30448U 99025AFK 18213.05889789  .00000514  00000-0  27877-3 0  9997
2 30448  99.0042 243.4275 0024247 174.1419 206.2359 14.16795032591479
1 30450U 99025AFM 18213.34500226  .00000291  00000-0  69026-4 0  9993
2 30450  98.3630 257.4607 0232256 197.0506 297.6108 14.46623634605904
1 30451U 99025AFN 18212.78350991 +.00001273 +00000-0 +32604-3 0  9995
2 30451 098.9311 047.1881 0059953 218.1741 205.4285 14.51245201603640
1 30452U 99025AFP 18212.63925619 +.00000670 +00000-0 +29447-3 0  9996
2 30452 099.3241 104.5938 0087911 105.8236 286.3578 14.25062282595544
1 30453U 99025AFQ 18213.06526681  .00000279  00000-0  16428-3 0  9991
2 30453  99.0383 245.3188 0132730 312.5993  74.2714 14.11797981591769
1 30454U 99025AFR 18213.43507209  .00000735  00000-0  47885-3 0  9996
2 30454  98.1353  81.6138 0214910 261.8736 224.3568 13.94425852583294
1 30455U 99025AFS 18213.37694710  .00010704  00000-0  28319-3 0  9992
2 30455  98.7934   8.3392 0068591 130.8194 229.9021 15.36223775625626
1 30462U 99025AFZ 18213.53711168  .00000192  00000-0  13524-3 0  9997
2 30462  98.8789 244.4651 0141983 232.7673 293.9169 14.04424128590326
1 30464U 99025AGB 18212.82236174 +.00000040 +00000-0 +47182-4 0  9999
2 30464 099.1488 220.4961 0109281 250.8778 235.4516 14.09433943591517
1 30465U 99025AGC 18213.02828399  .00000416  00000-0  23239-3 0  9992
2 30465  99.0076 242.0323 0023730 181.2230 208.5342 14.16306512592042
1 30466U 99025AGD 18212.60979314  .00000318  00000-0  18065-3 0  9992
2 30466  98.8948 259.0936 0133398 142.4499  11.4875 14.12253452592934
1 30467U 99025AGE 18212.92993355 +.00000203 +00000-0 +13794-3 0  9996
2 30467 098.9460 250.2651 0071448 191.2821 240.6867 14.09604090592098
1 30468U 99025AGF 18212.91601260 +.00000279 +00000-0 +18608-3 0  9999
2 30468 099.1256 246.2470 0086700 050.8656 024.2720 14.07526453588589
1 30469U 99025AGG 18212.81475334  .00000264  00000-0  21808-3 0  9990
2 30469  98.4889 245.3132 0172114  53.9351   1.0507 13.89710827583119
1 30471U 99025AGJ 18212.80426441 +.00000548 +00000-0 +37366-3 0  9998
2 30471 099.2187 245.4604 0095412 165.6978 250.1355 14.02077656586470
1 30472U 99025AGK 18212.79755803 +.00000346 +00000-0 +16186-3 0  9997
2 30472 098.8120 263.6683 0060648 066.0445 357.5714 14.25643613595241
1 30473U 99025AGL 18212.95636100 +.00000815 +00000-0 +35686-3 0  9991
2 30473 098.8857 208.1452 0014500 030.8604 357.6189 14.26519402595032
1 30474U 99025AGM 18212.93737227 +.00000573 +00000-0 +30581-3 0  9992
2 30474 099.0015 200.3472 0027741 158.5841 229.6885 14.17183269591350
1 30475U 99025AGN 18211.89402868  .00000389  00000-0  24960-3 0  9996
2 30475  98.9788 247.6436 0044724 333.5012 150.7096 14.08728253590248
1 30476U 99025AGP 18212.86306089 +.00000469 +00000-0 +29769-3 0  9994
2 30476 099.0394 167.7359 0050306 295.7280 092.3952 14.08236525588738
1 30477U 99025AGQ 18211.83849521  .00000114  00000-0  23635-3 0  9997
2 30477  99.4115 166.9345 0442472 221.9603 165.3983 13.18334778552341
1 30478U 99025AGR 18212.67551192 +.00001567 +00000-0 +23607-3 0  9997
2 30478 098.9269 156.0248 0055619 290.8507 190.3677 14.75108706607959
1 30480U 99025AGS 18213.44730418  .00000104  00000-0  50013-4 0  9994
2 30480  98.5437 286.0264 0173517 195.1631 229.7370 14.29944434602306
1 30481U 99025AGT 18212.92280272 +.00000095 +00000-0 +41098-4 0  9997
2 30481 098.6282 249.7014 0246742 321.9043 159.4801 14.30782903599487
1 30483U 99025AGV 18213.01944836  .00003878  00000-0  32132-3 0  9993
2 30483  98.9826 240.2572 0102110  35.4307 325.3637 14.95593007612710
1 30484U 99025AGW 18213.41917967  .00001644  00000-0  25844-3 0  9994
2 30484  99.0190 194.1038 0063170 303.6211  55.8976 14.72920424609794
1 30485U 99025AGX 18213.37012730  .00001132  00000-0  38597-3 0  9995
2 30485  98.9790 352.0934 0134488 179.0708 208.9145 14.33570232599125
1 30486U 99025AGY 18213.06001987  .00000357  00000-0  46411-4 0  9997
2 30486  98.8767 242.7611 0177072 225.5389 161.3756 14.78300716616424
1 30489U 99025AHB 18212.67092597 +.00000017 +00000-0 +28883-4 0  9999
2 30489 098.7852 284.2776 0144860 043.9062 114.5210 14.13219547593578
1 30490U 99025AHC 18212.66050047  .00000560  00000-0  13009-3 0  9990
2 30490  98.5031 278.9758 0219179 163.6743 353.9426 14.45363370602724
1 30491U 99025AHD 18213.07933360  .00001121  00000-0  41820-3 0  9991
2 30491 101.5184  78.4709 0037900  36.2339 324.1391 14.34599646596867
1 30492U 99025AHE 18212.52000097  .00000544  00000-0  31844-3 0  9996
2 30492 102.3382 235.9141 0174886 323.3788 197.2866 14.07646644587597
1 30493U 99025AHF 18212.29136757 +.00000317 +00000-0 +28873-3 0  9990
2 30493 098.5828 225.6360 0198086 357.3517 065.5668 13.81351467578407
1 30494U 99025AHG 18212.56115895 -.00000137  00000-0 -88009-4 0  9991
2 30494  99.5186 248.8929 0196131  66.8595 295.3087 13.73070326576129
1 30495U 99025AHH 18213.52425038  .00000444  00000-0  90386-3 0  9991
2 30495 102.2425 323.9013 0599933 320.8269  94.4891 12.87132011540301
1 30496U 99025AHJ 18213.42248634  .00000184  00000-0  32829-4 0  9996
2 30496  98.8428 195.3242 0187304 282.9275  75.1069 14.70559438615520
1 30497U 99025AHK 18212.54176288  .00005030  00000-0  45425-3 0  9994
2 30497  99.1301 252.5323 0046351  61.6665 298.9215 14.95253165609146
1 30498U 99025AHL 18210.39741216 +.00000530 +00000-0 +41202-3 0  9994
2 30498 099.2659 193.0605 0113019 304.9684 221.9261 13.94138684583476
1 30499U 99025AHM 18212.69961935  .00001351  00000-0  26615-3 0  9995
2 30499  98.9632 108.7887 0117789  64.7224 322.4887 14.60125306605004
1 30500U 99025AHN 18212.97767812  .00000549  00000-0  35208-3 0  9993
2 30500  99.2114 220.8151 0085312  93.6010 297.0543 14.05776977587781
1 30501U 99025AHP 18212.33247703  .00000332  00000-0  21149-3 0  9995
2 30501  98.9240 146.4303 0048585 256.9740 259.3859 14.09907159590243
1 30503U 99025AHR 18212.77802365  .00000099  00000-0  77163-4 0  9994
2 30503  99.0015 321.0968 0008015 284.3830 229.6532 14.13242735593433
1 30504U 99025AHS 18209.35527594 +.00000079 +00000-0 +60164-4 0  9994
2 30504 098.9673 167.0464 0118259 300.2238 214.1353 14.15391495593231
1 30505U 99025AHT 18212.56886266 +.00000465 +00000-0 +28832-3 0  9990
2 30505 099.1227 237.6428 0071751 269.6599 242.8632 14.09030805589283
1 30506U 99025AHU 18213.55980564 -.00000006  00000-0  22723-4 0  9993
2 30506  98.9590 243.1275 0072031 345.1324 169.2679 14.06278204590216
1 30507U 99025AHV 18212.95209458 +.00000694 +00000-0 +42818-3 0  9991
2 30507 099.2070 218.3447 0144365 103.9785 287.5218 14.03700242587487
1 30508U 99025AHW 18212.91618250 +.00000712 +00000-0 +22383-3 0  9998
2 30508 099.2321 006.7443 0270710 016.2908 134.5916 14.25100573592688
1 30509U 99025AHX 18210.08444729 +.00000276 +00000-0 +22363-3 0  9996
2 30509 098.4767 246.4818 0112878 044.1387 341.7781 13.94421842582270
1 30510U 99025AHY 18212.35420038  .00000137  00000-0  11672-3 0  9994
2 30510  99.0797 160.7361 0092168  58.2010  96.8931 14.00865947588302
1 30512U 99025AJA 18213.13072227  .00001195  00000-0  94709-4 0  9994
2 30512  98.7974 275.3035 0139827  49.0833 312.2394 14.95647564619325
1 30514U 99025AJC 18213.54933964  .00000049  00000-0  32820-4 0  9998
2 30514  98.7132 249.3193 0193050  73.9296 288.3046 14.26504629598079
1 30515U 99025AJD 18213.51769598  .00000264  00000-0  18095-3 0  9992
2 30515  98.4809  40.9063 0528222 286.9262  84.1523 13.54856665568834
1 30516U 99025AJE 18212.53982316  .00000537  00000-0  27885-3 0  9999
2 30516  98.9837 241.6650 0015283 130.2227  31.5430 14.19011602594224
1 30519U 99025AJH 18212.80188349 +.00000376 +00000-0 +51027-4 0  9993
2 30519 098.8643 217.9016 0162972 237.4827 121.0544 14.77593007616669
1 30520U 99025AJJ 18212.73836730  .00000404  00000-0  65981-4 0  9997
2 30520  98.6814 125.5383 0160842 335.7009  49.9894 14.69169921613802
1 30521U 99025AJK 18213.48921968  .00000167  00000-0  53113-4 0  9999
2 30521  98.9499 133.3449 0163564  25.3698 335.5410 14.46280323606978
1 30522U 99025AJL 18212.76293674  .00000862  00000-0  22882-3 0  9996
2 30522  99.3966 310.5328 0073035 322.4391 190.3591 14.50216969605608
1 30523U 99025AJM 18213.35167049 -.00000004  00000-0  13157-4 0  9994
2 30523  98.5256 256.6551 0255055  78.9830 342.3351 14.24224680598227
1 30524U 99025AJN 18212.54280562  .00000670  00000-0  66834-3 0  9998
2 30524  99.2847  63.5285 0249861 127.6278 234.7830 13.68373489572392
1 30525U 99025AJP 18212.96839935  .00000177  00000-0  23667-3 0  9998
2 30525  98.5772  47.0622 0310192  81.5579 282.0588 13.52104020567556
1 30526U 99025AJQ 18212.44261308 +.00000156 +00000-0 +24061-3 0  9991
2 30526 099.4210 026.6569 0317414 124.1669 238.9992 13.45954323564215
1 30527U 99025AJR 18212.94102058 -.00000099 +00000-0 -78965-4 0  9994
2 30527 100.2645 261.6198 0426374 089.2840 033.2020 13.26175349556486
1 30528U 99025AJS 18213.39188831  .00000077  00000-0  59046-4 0  9991
2 30528  98.2471 264.7716 0152117  40.9653  85.3554 14.09391605592372
1 30529U 99025AJT 18213.07007977  .00000272  00000-0  31009-3 0  9993
2 30529  98.4594  71.2412 0245795 171.3287 343.9895 13.64864096572998
1 30530U 99025AJU 18213.34995642  .00000084  00000-0  44686-4 0  9997
2 30530  98.7298 237.8814 0104583 182.2876 247.1975 14.33145201602551
1 30531U 99025AJV 18212.87606137 +.00000887 +00000-0 +46363-3 0  9997
2 30531 102.3311 350.0423 0052888 215.9012 295.8768 14.17987554592982
1 30532U 99025AJW 18211.39874352 +.00001342 +00000-0 +60428-3 0  9995
2 30532 096.9835 016.1644 0154822 265.2954 093.0530 14.17284613591307
1 30533U 99025AJX 18213.40760144  .00000324  00000-0  15921-3 0  9990
2 30533  98.9053 272.3581 0135976  44.0565  82.7512 14.19674393594429
1 30538U 99025AKC 18213.42789588  .00020618  00000-0  23228-3 0  9997
2 30538  99.1493 197.5868 0057373 214.2779 145.4765 15.60540368625358
1 30539U 99025AKD 18212.76041373 +.00000140 +00000-0 +51527-4 0  9999
2 30539 098.9350 040.2029 0141173 055.0183 306.4166 14.42889089604753
1 30540U 99025AKE 18211.11025785 +.00000546 +00000-0 +30855-3 0  9998
2 30540 098.9648 274.0678 0069873 187.8880 205.1492 14.13196711591243
1 30541U 99025AKF 18212.32708255 +.00000445 +00000-0 +25995-3 0  9990
2 30541 098.9172 251.5910 0020569 202.1221 157.9065 14.13496390592320
1 30542U 99025AKG 18212.87113691 +.00000217 +00000-0 +16021-3 0  9992
2 30542 099.1032 235.8594 0027042 296.6011 187.8501 14.05730898591028
1 30543U 99025AKH 18211.87232904  .00000171  00000-0  13816-3 0  9999
2 30543  99.0538 237.6459 0072451 320.1218 164.8475 14.02068636588645
1 30545U 99025AKK 18211.99972649 -.00000010  00000-0  33071-4 0  9990
2 30545  98.9910  34.6977 0476921  33.4703 119.2738 13.19134560554682
1 30546U 99025AKL 18213.13934413  .00000476  00000-0  96981-4 0  9990
2 30546  98.8918 162.3726 0144902 188.0342 231.3693 14.60007923610507
1 30547U 99025AKM 18211.76492962  .00000119  00000-0  56356-4 0  9992
2 30547  98.6942 319.1757 0100686 217.4265 299.7509 14.33738737601183
1 30548U 99025AKN 18213.17911174  .00000513  00000-0  30423-3 0  9995
2 30548  99.7218 197.4298 0081591 231.9292 187.6906 14.11091120590146
1 30549U 99025AKP 18213.16067862  .00000478  00000-0  29673-3 0  9996
2 30549  98.4442 181.8903 0330348 122.2426   7.4071 13.84947621579548
1 30550U 99025AKQ 18213.54638951  .00000433  00000-0  36521-3 0  9994
2 30550  99.1332 121.2732 0155566  47.1371  76.3083 13.87687036580156
1 30552U 99025AKS 18213.13119184  .00000906  00000-0  44091-3 0  9999
2 30552  98.8974 272.6677 0023613 153.8890 235.9139 14.20619729592513
1 30553U 99025AKT 18212.43483614 +.00000689 +00000-0 +26467-3 0  9999
2 30553 099.1516 079.1506 0038747 158.1321 202.1526 14.33530749596813
1 30554U 99025AKU 18213.09991384  .00001262  00000-0  39064-3 0  9996
2 30554  98.8192 311.5490 0033672 266.5057 170.3403 14.42738286598781
1 30555U 99025AKV 18211.10966133 +.00000360 +00000-0 +22841-3 0  9994
2 30555 098.9828 252.5159 0047899 343.9715 033.7409 14.09705514589130
1 30556U 99025AKW 18212.62714000  .00000048  00000-0  62207-4 0  9991
2 30556  98.9674 265.9554 0065130 142.6934  19.4358 13.98617123586262
1 30557U 99025AKX 18212.86361487  .00000598  00000-0  41956-3 0  9992
2 30557  99.1077 264.7993 0074993 147.3454 269.6327 14.00844701585748
1 30558U 99025AKY 18213.44335219  .00000501  00000-0  80478-3 0  9998
2 30558  99.4566 200.1597 0443420 233.1093 285.2405 13.20091987552147
1 30560U 99025ALA 18213.02214559  .00000037  00000-0  39885-4 0  9999
2 30560  98.7703 243.6073 0119891 348.7637  42.2091 14.14033034593246
1 30561U 99025ALB 18211.02243315  .00000207  00000-0  14336-3 0  9992
2 30561  98.9066 241.4260 0062826 158.3163 221.7179 14.08520110590606
1 30562U 99025ALC 18212.84845049 +.00000321 +00000-0 +20234-3 0  9997
2 30562 098.9611 267.7378 0068531 346.3312 072.9827 14.10122639589788
1 30563U 99025ALD 18212.64778954  .00001444  00000-0  26875-3 0  9990
2 30563  99.0897 195.3596 0064825  88.6932 324.6339 14.65612135606264
1 30564U 99025ALE 18212.83698049 +.00000160 +00000-0 +11128-3 0  9997
2 30564 099.0004 255.1984 0227086 043.6392 011.3566 13.99615838586068
1 30565U 99025ALF 18211.53884316  .00000432  00000-0  31343-3 0  9991
2 30565  98.4591 244.4332 0162493 348.4901 176.4427 13.95127822582841
1 30566U 99025ALG 18212.84744764  .00000371  00000-0  26815-3 0  9999
2 30566  99.1769 174.9326 0076631  57.2550 333.0515 14.01490933586072
1 30567U 99025ALH 18213.56521321  .00000139  00000-0  10473-3 0  9997
2 30567  98.8656 245.6158 0112165 202.2133 312.3461 14.06250730589476
1 30568U 99025ALJ 18212.68650877 +.00000802 +00000-0 +39557-3 0  9990
2 30568 098.9362 286.5822 0027638 070.4513 081.3299 14.20178301592511
1 30569U 99025ALK 18212.79862642 +.00000737 +00000-0 +30845-3 0  9996
2 30569 098.8148 263.7970 0026915 133.5402 226.8021 14.28964314595639
1 30570U 99025ALL 18213.30338046  .00000146  00000-0  10712-3 0  9997
2 30570  99.0151 241.0354 0035887 260.5000 228.5491 14.10385898590412
1 30571U 99025ALM 18213.47677640 -.00000023  00000-0  12633-4 0  9992
2 30571  99.0351 239.9676 0020186 247.0380 219.0504 14.08609795590259
1 30572U 99025ALN 18212.87764247 +.00000151 +00000-0 +11771-3 0  9998
2 30572 099.0806 236.1486 0023987 271.0850 165.3977 14.06910979589087
1 30573U 99025ALP 18212.83753111  .00000827  00000-0  56104-3 0  9992
2 30573  99.1511 171.4065 0105617 151.2379 239.5074 14.00324671584823
1 30574U 99025ALQ 18212.10149259  .00000541  00000-0  58430-3 0  9992
2 30574  99.3270  77.7029 0243778 151.8935 209.5620 13.65333578570017
1 30575U 99025ALR 18213.43199656  .00000279  00000-0  12639-3 0  9995
2 30575  99.1787 104.8833 0063642 103.6806 306.7647 14.29130736597229
1 30576U 99025ALS 18213.09478588  .00000779  00000-0  25095-3 0  9997
2 30576  99.0991  68.5440 0104883 143.7218   7.8121 14.39255589600968
1 30577U 99025ALT 18213.55209365  .00000155  00000-0  11895-3 0  9995
2 30577  99.0640 241.0317 0029500 278.5124 235.6871 14.07252737589276
1 30578U 99025ALU 18213.12870056  .00001004  00000-0  49221-3 0  9998
2 30578  99.0205 276.9326 0052085 247.4155 142.1103 14.19466572590767
1 30579U 99025ALV 18213.56674564 -.00000162  00000-0 -74924-4 0  9998
2 30579  99.1070 241.9818 0054979  32.0328 119.2950 14.02840934587605
1 30593U 99025ALY 18212.69822028 +.00001009 +00000-0 +38006-3 0  9996
2 30593 102.3984 153.1263 0012696 148.9876 329.8350 14.35200239597366
1 30594U 99025ALZ 18211.52176103 -.00000007  00000-0  16989-4 0  9999
2 30594  98.9874 324.6044 0198459  10.2422 350.2705 14.15317270595088
1 30596U 99025AMB 18212.56822795  .00000025  00000-0  21808-4 0  9996
2 30596  98.5672 245.3793 0263768 324.7153 188.6150 14.29073239601244
1 30597U 99025AMC 18212.81924406  .00001158  00000-0  42088-3 0  9997
2 30597  98.9393 333.1819 0129791 222.6243 136.4810 14.30709434597790
1 30599U 99025AME 18212.53581845  .00000176  00000-0  74399-4 0  9994
2 30599  98.8657 251.1664 0331446 107.3593 256.4111 14.11050885591801
1 30600U 99025AMF 18212.50935289  .00000473  00000-0  26397-3 0  9993
2 30600  98.3655  53.9312 0451640  49.4390 314.5176 13.72980560572832
1 30602U 99025AMH 18213.24112303  .00000782  00000-0  36363-3 0  9998
2 30602  99.0423 316.0857 0035054  97.7833 283.8167 14.23259769593600
1 30603U 99025AMJ 18213.25757064  .00000042  00000-0  71503-4 0  9994
2 30603  98.4689 130.2049 0196052 306.0821 207.6322 13.76587558578715
1 30604U 99025AMK 18213.04070810  .00000150  00000-0  74102-4 0  9997
2 30604  98.7165 289.7552 0219061 244.7442 238.6935 14.19564026597088
1 30606U 99025AMM 18212.87086567 +.00000141 +00000-0 +39272-4 0  9994
2 30606 098.3764 265.5589 0258553 075.0022 343.4772 14.42594674603430
1 30607U 99025AMN 18213.13379120  .00000917  00000-0  36422-3 0  9999
2 30607  98.9151 278.6766 0047116  68.5987 292.0213 14.30638292592817
1 30609U 99025AMQ 18213.12078467  .00000193  00000-0  15781-3 0  9991
2 30609  98.5438 273.8010 0147070  26.8598 334.0084 13.94865128581659
1 30611U 99025AMS 18213.17853611  .00001204  00000-0  58171-4 0  9996
2 30611  98.6392 196.1534 0177222 223.2228 135.4976 15.08556836620696
1 30612U 99025AMT 18212.87937595 +.00000435 +00000-0 +10067-3 0  9993
2 30612 099.1337 225.5111 0115979 344.4058 134.9327 14.57233753607735
1 30613U 99025AMU 18212.63642277  .00000771  00000-0  17903-3 0  9997
2 30613  98.5170 276.6620 0223302 187.3277 172.4633 14.43886243602727
1 30616U 99025AMX 18211.68927804  .00000300  00000-0  44997-3 0  9997
2 30616  98.6502 293.6014 0400693 133.0000 230.5449 13.30585568558809
1 30619U 99025ANA 18213.35513520  .00000112  00000-0  42553-4 0  9990
2 30619  98.6132 246.0487 0231309 172.9640 187.4889 14.35331588603159
1 30621U 99025ANC 18210.72141271 +.00000624 +00000-0 +48946-3 0  9990
2 30621 098.6851 289.8160 0168189 179.2281 334.5297 13.88959004580944
1 30622U 99025AND 18213.23644659  .00001417  00000-0  92508-3 0  9992
2 30622 101.0110 313.3934 0109853 209.0987 182.0462 14.01650833585334
1 30623U 99025ANE 18212.91632063 +.00000122 +00000-0 +22618-3 0  9990
2 30623 098.8410 014.0282 0408792 248.6263 274.8542 13.27228485555036
1 30624U 99025ANF 18213.43564148  .00000920  00000-0  45537-3 0  9998
2 30624  98.8970 197.2316 0035665 172.3145 187.8584 14.19485411590671
1 30625U 99025ANG 18211.21474111 +.00000946 +00000-0 +57546-3 0  9994
2 30625 098.9201 129.6254 0085563 026.9246 333.6325 14.06786378586152
1 30627U 99025ANJ 18213.50944474  .00001506  00000-0  21307-3 0  9993
2 30627  98.9138 160.2532 0056987 254.9856 104.5040 14.77833209608249
1 30628U 99025ANK 18212.89873794 +.00000541 +00000-0 +21142-3 0  9996
2 30628 099.3802 191.9876 0034552 192.5593 167.4731 14.33870587596933
1 30629U 99025ANL 18211.11381385  .00000652  00000-0  29580-3 0  9998
2 30629  99.2726  80.3819 0010595  61.9212  95.5708 14.25658254593695
1 30630U 99025ANM 18212.73129205  .00000157  00000-0  10709-3 0  9993
2 30630  98.9518 310.5617 0030386 134.4830  29.5020 14.13303452591368
1 30631U 99025ANN 18213.26881740  .00001115  00000-0  47982-3 0  9990
2 30631  99.0397 333.5422 0052205 174.0808 204.6988 14.26011626593504
1 30632U 99025ANP 18213.07770594  .00000153  00000-0  88539-4 0  9999
2 30632  98.9026 262.5303 0030197 130.8100 259.4873 14.22434099593074
1 30633U 99025ANQ 18213.57200598  .00000665  00000-0  46777-3 0  9992
2 30633  98.4171 253.1589 0139475 247.9146 275.2774 13.96708323584274
1 30634U 99025ANR 18212.75801943 +.00000626 +00000-0 +47301-3 0  9994
2 30634 099.1654 146.8561 0148131 252.9151 135.5995 13.92885548580616
1 30636U 99025ANT 18212.86150433  .00001660  00000-0  13075-3 0  9999
2 30636  98.7361 184.0781 0062011 260.0480  99.3738 15.01084862614053
1 30637U 99025ANU 18212.75877669 +.00000753 +00000-0 +14466-3 0  9992
2 30637 098.9127 146.8336 0087936 304.1681 076.7251 14.64748653607036
1 30639U 99025ANW 18212.78183234  .00000344  00000-0  21759-3 0  9994
2 30639  99.0919 252.7386 0090226 330.6054  29.0057 14.08839725587306
1 30640U 99025ANX 18213.44418191  .00000354  00000-0  24543-3 0  9998
2 30640  99.2304 213.2553 0093718  20.8369 137.8606 14.03508218586315
1 30641U 99025ANY 18212.96915519 +.00000171 +00000-0 +38123-4 0  9998
2 30641 099.0112 222.7308 0177490 137.7680 254.5064 14.61853943611224
1 30642U 99025ANZ 18213.34630546  .00001289  00000-0  24964-3 0  9994
2 30642  99.0179 158.5359 0061360  90.0091  62.9222 14.64142555605420
1 30645U 99025APC 18212.98899624  .00003448  00000-0  32595-3 0  9998
2 30645  98.9789 217.9902 0038797 188.7304 200.2262 14.93971719609791
1 30646U 99025APD 18213.40195247  .00000108  00000-0  93091-4 0  9996
2 30646  98.9300 275.7489 0050783  32.3981 328.0287 14.05014321588182
1 30647U 99025APE 18212.86457006 +.00000558 +00000-0 +24366-3 0  9997
2 30647 099.0187 349.4870 0049886 102.7322 054.6547 14.27339698594239
1 30648U 99025APF 18213.44196469  .00000431  00000-0  20315-3 0  9996
2 30648  98.7933 270.3795 0050249  85.0977  40.5133 14.24307912594570
1 30649U 99025APG 18212.90658097 +.00000501 +00000-0 +28577-3 0  9993
2 30649 098.9372 278.4872 0061771 297.2365 117.1600 14.13347643589404
1 30650U 99025APH 18212.83497933 +.00000431 +00000-0 +29921-3 0  9993
2 30650 099.1407 170.6642 0085135 087.0935 294.1796 14.02472156584890
1 30652U 99025APJ 18213.29477028  .00000130  00000-0  10503-3 0  9991
2 30652  99.1109 233.4765 0007502 234.9101 257.1726 14.07027344588532
1 30654U 99025APL 18213.20290193  .00000333  00000-0  21989-3 0  9995
2 30654  99.3158   3.3452 0038003  39.3359 321.0558 14.08529296587660
1 30655U 99025APM 18213.12962191  .00001106  00000-0  47753-3 0  9997
2 30655  98.7666 158.5457 0022758 349.5331 130.9915 14.26362512590992
1 30656U 99025APN 18212.91024889 +.00000783 +00000-0 +40850-3 0  9998
2 30656 098.9776 293.3454 0051116 257.2531 102.2927 14.16865924588276
1 30657U 99025APP 18212.58698691  .00000537  00000-0  28598-3 0  9992
2 30657  99.0000 244.2856 0023826 167.3713 345.7576 14.17567038589642
1 30658U 99025APQ 18213.24597383  .00000372  00000-0  35949-3 0  9998
2 30658  98.4807 131.2245 0203615 335.9553 178.7233 13.76628600576680
1 30659U 99025APR 18213.54195812  .00000501  00000-0  60419-4 0  9998
2 30659  99.0209 319.0315 0153577 322.6691 103.5253 14.81720249615338
1 30660U 99025APS 18212.56823330  .00000222  00000-0  40821-4 0  9999
2 30660  98.4156 238.5162 0194933 213.7354 299.5464 14.64884350612473
1 30661U 99025APT 18212.81808171  .00000005  00000-0  23021-4 0  9996
2 30661  99.4377 171.1450 0148690  63.1745 298.4546 14.19250300597419
1 30662U 99025APU 18212.87043821  .00000551  00000-0  33691-3 0  9995
2 30662  99.0638 184.0286 0039441 290.8432  97.9089 14.09814853586455
1 30663U 99025APV 18212.01117811 +.00000638 +00000-0 +57158-3 0  9993
2 30663 099.2785 053.1517 0709774 050.7941 315.4039 13.07786288537552
1 30664U 99025APW 18213.08702218  .00001624  00000-0  29864-3 0  9992
2 30664  98.9933 148.7573 0051730  69.9478 290.7281 14.66393628602898
1 30665U 99025APX 18212.78798993 +.00000218 +00000-0 +17263-3 0  9992
2 30665 099.0408 141.0712 0089552 080.8641 310.4592 13.99581480582326
1 30666U 99025APY 18212.59372212 -.00000229  00000-0 -12410-3 0  9997
2 30666  98.9331 249.0677 0061586  73.5515  77.3901 14.00313821584381
1 30667U 99025APZ 18213.32034088  .00002879  00000-0  15354-3 0  9997
2 30667  98.8912 344.7304 0095557  38.4642 322.3345 15.12367634617604
1 30668U 99025AQA 18212.72985972  .00000862  00000-0  58968-3 0  9996
2 30668  99.2445 213.9311 0092964 124.0192 291.2361 14.00399689583152
1 30669U 99025AQB 18213.48249024  .00000004  00000-0  31263-4 0  9990
2 30669  98.6429 295.4143 0143073  76.3443 349.1318 13.91763438579619
1 30670U 99025AQC 18212.49495140 -.00000003  00000-0  21763-4 0  9998
2 30670  99.0466 227.2926 0039821 155.8486   5.1016 14.14804292591050
1 30671U 99025AQD 18212.87997983 +.00000280 +00000-0 +25497-3 0  9996
2 30671 099.4545 225.0693 0139566 064.2444 054.2829 13.87525509578146
1 30672U 99025AQE 18212.83191578  .00001889  00000-0  23394-3 0  9999
2 30672  99.0588 253.8422 0061332 216.2855 143.4189 14.82928051607934
1 30673U 99025AQF 18213.52765775 -.00000180  00000-0 -86598-4 0  9994
2 30673  99.2470 228.6243 0053304  26.3380 126.1428 14.02168511589089
1 30674U 99025AQG 18213.02329085  .00001131  00000-0  54348-3 0  9992
2 30674  99.0048 242.7097 0062699 241.2703 118.2163 14.19928438588613
1 30675U 99025AQH 18212.88213816 +.00000537 +00000-0 +30608-3 0  9992
2 30675 098.9267 272.2190 0061577 292.7306 121.3601 14.13152628587830
1 30676U 99025AQJ 18212.87578326 -.00000045  00000-0 -55580-5 0  9996
2 30676  98.2978   7.8148 0507985  59.3632 305.6589 13.64395503572253
1 30677U 99025AQK 18213.35235546  .00000610  00000-0  27638-3 0  9992
2 30677  98.3117 347.3345 0079349 217.9057 162.0857 14.23610872596470
1 30678U 99025AQL 18212.73386185  .00001059  00000-0  72802-3 0  9991
2 30678  99.0289 137.3425 0100483 168.3506 221.8352 13.99206221580936
1 30679U 99025AQM 18212.01017205 +.00000152 +00000-0 +18238-3 0  9993
2 30679 099.6282 221.0747 0175449 285.5344 099.2769 13.76311829574635
1 30680U 99025AQN 18213.35577133 -.00001512  00000-0 -18645-2 0  9998
2 30680  99.5531 345.6252 0353807 357.3199   2.6029 13.40279916561532
1 30683U 99025AQR 18213.32790948  .00000193  00000-0  17543-3 0  9998
2 30683  99.2657 157.7392 0158413 294.3759 218.8074 13.89972138581112
1 30684U 99025AQS 18213.05128539  .00000494  00000-0  57557-3 0  9993
2 30684  99.7390 242.2966 0240176 292.2796  94.3944 13.62405404570530
1 30686U 99025AQU 18212.55498845  .00000283  00000-0  68949-4 0  9993
2 30686  98.9900 154.3203 0203368 342.9575  70.2984 14.50061551605071
