1 37093U 93036BFP 18194.82356102  .00000963  00000-0  16520-3 0  9998
2 37093  74.0236  16.5420 0163483 225.7982 133.0378 14.61885510455035
1 37094U 93036BFQ 18204.05084199 +.00000332 +00000-0 +14024-3 0  9997
2 37094 074.1153 325.3549 0098930 278.9258 080.0702 14.26835520462158
1 37095U 93036BFR 18204.65872645 +.00000414 +00000-0 +27686-3 0  9994
2 37095 073.8491 204.5554 0220842 033.0341 328.4361 13.92789631249769
1 37097U 93036BFT 14006.09072096 -.00161143 +00000-0 -34702-1 0  9996
2 37097 074.0192 278.5435 0113048 056.5630 304.6281 14.55483772199219
1 37101U 93036BFX 18205.11765917 +.00000409 +00000-0 +12170-3 0  9993
2 37101 074.0412 119.6639 0064463 160.6524 199.7104 14.45154818265616
1 37103U 93036BFZ 18205.31738578 +.00002671 +00000-0 +25541-3 0  9999
2 37103 073.7822 090.6575 0058524 113.0083 247.7286 14.92541072296533
1 37105U 93036BGB 18205.02702610 +.00000160 +00000-0 +85374-4 0  9999
2 37105 073.8903 330.5654 0393765 074.7510 289.6785 13.86459610461954
1 37108U 93036BGE 18205.58637232 +.00000332 +00000-0 +13803-3 0  9998
2 37108 074.0510 305.5422 0117981 322.1573 037.1321 14.26503718469316
1 37110U 93036BGG 18205.32084039 +.00001246 +00000-0 +18445-3 0  9996
2 37110 073.8001 169.2452 0056639 091.1521 269.6141 14.75313043345765
1 37111U 93036BGH 18181.27560223  .00003717  00000-0  22775-3 0  9994
2 37111  74.0099 150.7265 0049442 204.1672 155.7201 15.09562367448422
1 37114U 93036BGL 18204.93396791 +.00001318 +00000-0 +34095-3 0  9996
2 37114 073.8186 057.7584 0056451 143.2015 217.3040 14.50005865462300
1 37118U 93036BGQ 18199.53721300  .00000558  00000-0  16751-3 0  9991
2 37118  74.0297 142.0119 0013950 167.3340 192.8171 14.45003250461342
1 37120U 93036BGS 18201.77296200  .00001240  00000-0  40211-3 0  9997
2 37120  74.0156 227.3412 0054321 217.1344 142.6049 14.39145171446237
1 37123U 93036BGV 18205.15267741 +.00001581 +00000-0 +30664-3 0  9993
2 37123 073.9935 013.8158 0011845 102.8694 018.2763 14.64075662444919
1 37124U 93036BGW 18205.34955302 +.00001554 +00000-0 +43016-3 0  9997
2 37124 074.0124 205.3657 0089924 237.3124 121.9338 14.45187883263837
1 37125U 93036BGX 18205.62220685 +.00001313 +00000-0 +22035-3 0  9999
2 37125 074.0241 319.2482 0024253 076.5778 283.8094 14.70591437092155
1 37126U 93036BGY 18201.34554355 +.00000121 +00000-0 +25293-4 0  9995
2 37126 073.9503 204.2435 0136468 352.5497 007.3639 14.66111435270628
1 37127U 93036BGZ 18204.59340811 +.00001216 +00000-0 +35581-3 0  9992
2 37127 074.0102 180.9549 0040929 170.7766 189.4153 14.44580757255132
1 37131U 93036BHD 18205.04289093 +.00001423 +00000-0 +32594-3 0  9993
2 37131 074.0197 082.9713 0019897 095.1968 265.1467 14.56439083461484
1 37132U 93036BHE 18204.79577945 +.00000277 +00000-0 +68569-4 0  9999
2 37132 074.0114 359.8232 0058369 101.4939 259.2787 14.55794628438933
1 37133U 93036BHF 18205.16346328 +.00000477 +00000-0 +28378-3 0  9996
2 37133 074.0188 031.7803 0307849 080.5395 283.0384 13.88568328416911
1 37136U 97051XG  18196.93475189 +.00000235 +00000-0 +98039-4 0  9996
2 37136 086.1785 075.1284 0086261 345.7479 014.1275 14.20082545473438
1 37269U 93036BHH 18186.57440114 +.00000781 +00000-0 +39547-3 0  9995
2 37269 074.1716 151.2545 0126245 046.0657 315.0819 14.13544722454728
1 37270U 93036BHJ 18204.34764661 +.00000237 +00000-0 +23752-3 0  9996
2 37270 073.9406 339.4925 0450103 139.6438 223.9002 13.44589008406754
1 37271U 93036BHK 18205.57918871 +.00002385 +00000-0 +31942-3 0  9993
2 37271 074.0446 302.8744 0016774 019.7446 340.4376 14.79952188271642
1 37273U 93036BHM 18204.17077851 +.00001327 +00000-0 +36455-3 0  9993
2 37273 074.0064 152.6207 0033087 147.5055 212.8150 14.47711221267448
1 37275U 93036BHP 18205.35112393 +.00001467 +00000-0 +70237-3 0  9998
2 37275 073.9475 087.6580 0173305 185.5619 174.3602 14.12348232449469
1 37277U 93036BHR 18204.21258551 +.00001172 +00000-0 +32625-3 0  9993
2 37277 074.0430 154.3524 0034159 148.8740 211.4452 14.47170416437125
1 37278U 93036BHS 18205.38960913 +.00000339 +00000-0 +14772-3 0  9992
2 37278 073.7874 094.8543 0341822 012.7593 104.9660 14.00884842259455
1 37280U 93036BHU 18203.48391247  .00000689  00000-0  38107-3 0  9998
2 37280  74.0188 134.8240 0161675 162.1752 198.5151 14.06757923435244
1 37281U 93036BHV 13164.87651259 +.00008779 +00000-0 +24822-2 0  9991
2 37281 074.0504 344.7141 0022935 356.1473 002.7630 14.45580940166592
1 37282U 93036BHW 18204.08078392 +.00000856 +00000-0 +18371-3 0  9997
2 37282 073.8924 353.4533 0077871 326.4399 033.1844 14.58471745478108
1 37284U 93036BHY 18197.36046476 +.00000758 +00000-0 +44585-3 0  9996
2 37284 074.0187 199.6547 0192550 244.3580 180.4365 14.00956206211882
1 37285U 93036BHZ 12322.50414886  .00003793  00000-0  12804-2 0  9991
2 37285  74.0350  22.6674 0026584 177.5664 182.5622 14.37086204179327
1 37286U 93036BJA 13109.02300440 +.00008391 +00000-0 +12011-2 0  9992
2 37286 074.0179 328.3264 0115690 161.3137 200.9770 14.72183664151822
1 37287U 93036BJB 18203.30173789  .00002781  00000-0  82576-4 0  9990
2 37287  74.0388 187.5628 0086181 221.4830 202.4926 15.31761866471797
1 37292U 93036BJG 18199.72293379 +.00000533 +00000-0 +35811-3 0  9996
2 37292 074.1355 335.7697 0241159 300.1210 057.6211 13.89994771221835
1 37293U 93036BJH 18204.71193644 +.00000372 +00000-0 +14687-3 0  9996
2 37293 073.9218 217.1638 0084610 339.7251 020.0544 14.30643800428157
1 37294U 93036BJJ 18195.95588321  .00000912  00000-0  19407-3 0  9997
2 37294  74.0695  69.4184 0041043  78.8111 281.7665 14.59999882450792
1 37295U 93036BJK 18205.43341694 +.00000256 +00000-0 +67556-4 0  9993
2 37295 074.0109 007.6544 0055212 126.3828 234.2446 14.53215165430285
1 37296U 93036BJL 18186.23555791  .00001226  00000-0  35792-3 0  9999
2 37296  73.8355 160.8402 0074638 250.6049 108.7029 14.43634075421725
1 37297U 93036BJM 18179.35462940 +.00001483 +00000-0 +30165-3 0  9992
2 37297 074.0260 059.5816 0020353 175.4026 184.7332 14.61904472455214
1 37299U 93036BJP 18203.51027006  .00003184  00000-0  36942-3 0  9999
2 37299  73.8557 250.0676 0043032 251.2695 108.3811 14.85239344466646
1 37303U 93036BJT 18205.44670090 +.00003628 +00000-0 +36919-3 0  9993
2 37303 074.0030 235.5560 0028310 305.9049 053.9506 14.90868510245845
1 37305U 93036BJV 18204.67452694 +.00000187 +00000-0 +84744-4 0  9994
2 37305 073.8699 209.3839 0054626 341.8249 018.0944 14.28119642463849
1 37306U 93036BJW 18203.94777869 +.00001295 +00000-0 +26390-3 0  9991
2 37306 074.0719 062.8321 0088976 065.1544 358.2832 14.59577376342255
1 37307U 93036BJX 18185.49706611  .00001847  00000-0  17750-3 0  9991
2 37307  74.0224 243.9672 0026317 334.9838  25.0068 14.93621824483670
1 37309U 93036BJZ 18205.25192601 +.00014933 +00000-0 +52623-3 0  9996
2 37309 074.0129 050.2638 0029594 064.4961 295.9296 15.28860632482692
1 37312U 93036BKC 18205.54635634 +.00000149 +00000-0 +56856-4 0  9997
2 37312 074.0337 156.2797 0020843 202.5714 157.4526 14.38797076473069
1 37314U 93036BKE 18205.19125287 +.00001846 +00000-0 +19052-3 0  9999
2 37314 073.9327 126.1031 0075247 353.8579 006.1669 14.88965736459621
1 37315U 93036BKF 16249.93329128  .00000583  00000-0  18053-3 0  9995
2 37315  74.0251 335.6020 0016247 180.7077 179.4590 14.41113040445668
1 37316U 93036BKG 18205.16070306 +.00000596 +00000-0 +16123-3 0  9996
2 37316 074.0372 110.4586 0075161 147.3378 213.2463 14.48286099468317
1 37320U 93036BKL 18204.76109638 +.00000177 +00000-0 +43515-4 0  9998
2 37320 074.0551 348.1844 0066328 053.8287 306.8988 14.58308255266770
1 37321U 93036BKM 18101.37386963  .00152828  00000-0  30593-2 0  9991
2 37321  74.0251 350.5555 0009659 163.7296 196.4227 15.46063421460988
1 37322U 93036BKN 18205.30835854 +.00002031 +00000-0 +20819-3 0  9999
2 37322 074.0498 194.0154 0049431 226.0547 197.2059 14.90323598277274
1 37323U 93036BKP 18204.41459446 +.00008816 +00000-0 +26408-3 0  9997
2 37323 073.9076 236.7182 0042479 041.8268 318.6168 15.33715575481576
1 37325U 93036BKR 18205.23388460 +.00001190 +00000-0 +22370-3 0  9999
2 37325 074.1207 040.2704 0041456 004.7375 355.4177 14.65266310252191
1 37326U 93036BKS 18204.85902487 +.00000221 +00000-0 +61286-4 0  9992
2 37326 074.0277 035.5205 0067562 115.1178 245.7013 14.51009782464609
1 37327U 93036BKT 18204.99911343 +.00000833 +00000-0 +21735-3 0  9992
2 37327 074.0246 093.3222 0025510 136.2894 224.0293 14.50859740267486
1 37329U 93036BKV 18205.35325640 +.00004214 +00000-0 +39553-3 0  9998
2 37329 074.0120 210.7461 0028762 278.7224 081.0702 14.94009471473728
1 37330U 93036BKW 18205.12270983 +.00000112 +00000-0 +33655-4 0  9995
2 37330 074.0200 004.6133 0064352 158.1583 202.2346 14.52723870472460
1 37331U 93036BKX 18205.54484885 +.00000208 +00000-0 +92099-4 0  9993
2 37331 074.0764 281.1266 0063468 256.7151 102.6914 14.28083307461928
1 37334U 93036BLA 18203.92453485 +.00010153 +00000-0 +40555-3 0  9997
2 37334 074.0127 024.4724 0028475 082.3663 278.0769 15.24838377355112
1 37335U 93036BLB 18204.23987693 +.00001498 +00000-0 +42573-3 0  9990
2 37335 074.0059 180.4687 0045013 185.0220 175.0493 14.45667714417357
1 37336U 93036BLC 18204.39396084 +.00000041 +00000-0 +24888-4 0  9999
2 37336 074.0377 213.3612 0031276 232.1126 127.7195 14.31775959441806
1 37337U 93036BLD 18205.13565021 +.00000753 +00000-0 +15724-3 0  9990
2 37337 074.0215 003.3519 0037271 082.7135 038.4234 14.61304043355790
1 37340U 93036BLG 18205.25113283 +.00000079 +00000-0 +37340-4 0  9996
2 37340 074.0244 186.1038 0019929 216.6914 143.2875 14.34295218454536
1 37341U 93036BLH 18205.41586897 +.00008723 +00000-0 +41627-3 0  9996
2 37341 073.9949 091.6620 0017242 205.8002 278.2920 15.19059177473333
1 37342U 93036BLJ 18205.38760873 +.00001137 +00000-0 +21156-3 0  9998
2 37342 073.7397 233.0529 0040153 206.3060 153.6070 14.65969283465966
1 37343U 93036BLK 18205.39841492 +.00000590 +00000-0 +20582-3 0  9991
2 37343 074.0205 239.7881 0121015 154.9684 205.7404 14.33438153264431
1 37379U 01055G   18205.32580719 -.00003708 +00000-0 -75303-2 0  9991
2 37379 066.1053 325.3162 0122011 151.0524 239.3993 13.29506670785152
1 37400U 99025EFS 18205.29239122 +.00000026 +00000-0 +50700-4 0  9999
2 37400 098.8620 238.0451 0410454 327.3112 030.3220 13.60448308434760
1 37401U 99025EFT 18205.33395232 +.00000197 +00000-0 +82559-4 0  9996
2 37401 098.7131 238.2691 0178805 242.2242 116.0712 14.28768575468856
1 37402U 99025EFU 18204.28016286 +.00001790 +00000-0 +44684-3 0  9995
2 37402 099.3636 234.8664 0029439 071.4059 289.0327 14.52790818248730
1 37403U 99025EFV 18205.02019723 +.00005260 +00000-0 +59556-3 0  9998
2 37403 098.9224 121.2249 0036533 043.5264 316.8821 14.86457214502219
1 37404U 99025EFW 18203.57944097 +.00000400 +00000-0 +19158-3 0  9993
2 37404 098.6510 242.8963 0050006 140.0058 013.3000 14.23745713442602
1 37405U 99025EFX 18205.01006675 +.00000992 +00000-0 +23447-3 0  9998
2 37405 098.5975 274.5895 0086837 328.8695 030.7373 14.54304661302762
1 37406U 99025EFY 18199.96779116 +.00000115 +00000-0 +10108-3 0  9999
2 37406 098.4344 246.3657 0162696 288.4269 193.2307 13.96311528254371
1 37408U 99025EGA 18203.87025446 +.00003377 +00000-0 +85973-3 0  9992
2 37408 098.5537 170.2431 0066515 114.7120 276.4925 14.49991139429930
1 37409U 99025EGB 17316.22690948  .00001540  00000-0  87200-3 0  9996
2 37409  97.7846 118.7296 0124567  94.7494 266.7916 14.07372206513291
1 37410U 99025EGC 18201.34667402  .00000480  00000-0  39513-3 0  9990
2 37410  98.0989  39.8834 0139027  58.0685 303.3910 13.88676404535783
1 37411U 99025EGD 18176.05592118  .00000051  00000-0  48358-4 0  9993
2 37411  97.8048 252.2565 0278130  38.1988 323.8529 13.91545540487883
1 37412U 99025EGE 18205.05202450 +.00001270 +00000-0 +51664-3 0  9991
2 37412 098.9523 307.7808 0018884 341.0096 019.0379 14.29277608236882
1 37413U 99025EGF 18204.00947953 +.00001692 +00000-0 +58213-3 0  9995
2 37413 098.6505 130.1756 0079557 350.9235 009.0507 14.35559910484779
1 37414U 99025EGG 18156.83307988  .00001097  00000-0  63747-3 0  9998
2 37414  98.0414  10.4830 0207586 344.2275  15.2490 14.00208117525601
1 37415U 99025EGH 18200.75840018  .00000026  00000-0  79125-4 0  9995
2 37415  98.9077 180.4350 0287248 236.1441 121.2058 13.50313455544412
1 37416U 99025EGJ 18201.41454170 +.00001324 +00000-0 +52467-3 0  9991
2 37416 099.2346 055.8221 0045968 233.6954 125.9977 14.30168062219691
1 37417U 99025EGK 18205.30210680 +.00000308 +00000-0 +21307-3 0  9990
2 37417 098.9008 236.9317 0080374 270.6200 088.5759 14.04807241304435
1 37418U 99025EGL 18153.41724235  .00000318  00000-0  91497-3 0  9999
2 37418  98.6175 216.8221 1077417 322.7009  30.3709 11.90204679378428
1 37419U 99025EGM 18011.00269686  .00002345  00000-0  12278-2 0  9993
2 37419  98.6158 288.0225 0494469  43.3141 320.5789 13.66546418358062
1 37420U 99025EGN 18200.89248448 +.00000392 +00000-0 +30407-3 0  9990
2 37420 098.9941 241.3372 0074149 183.6796 176.3830 13.97143338220010
1 37421U 99025EGP 18205.46704230 +.00000053 +00000-0 +10183-3 0  9998
2 37421 098.9004 093.4428 0413802 015.0660 346.2375 13.38587520248304
1 37422U 99025EGQ 18185.97721334  .00000649  00000-0  34261-3 0  9990
2 37422  98.9422 239.0677 0039196 308.2553  51.5097 14.17038089488718
1 37423U 99025EGR 18204.39620891 +.00000389 +00000-0 +28043-3 0  9997
2 37423 099.0332 272.0131 0053283 123.0687 237.5611 14.01967753451728
1 37424U 99025EGS 18203.98598312 +.00000164 +00000-0 +88266-4 0  9999
2 37424 097.2120 108.8955 0239523 345.2590 014.1682 14.08346198470985
1 37425U 99025EGT 18175.10250382  .00000457  00000-0  41399-3 0  9994
2 37425  97.1739 281.8016 0169445 312.1556 170.6946 13.80877202473530
1 37426U 99025EGU 16061.14323924 +.00003714 +00000-0 +98617-3 0  9998
2 37426 096.6369 033.5424 0078370 167.6581 203.8538 14.47218032071888
1 37427U 99025EGV 18204.51709608 +.00000176 +00000-0 +23311-4 0  9997
2 37427 098.5885 109.9777 0263654 243.4905 113.9047 14.73401646204187
1 37428U 99025EGW 18205.30020438 +.00000730 +00000-0 +39569-3 0  9990
2 37428 097.7294 008.9026 0079099 148.6429 211.9498 14.13266507251677
1 37429U 99025EGX 18203.37261541 +.00000104 +00000-0 +84804-4 0  9996
2 37429 098.8464 259.7120 0108080 057.9059 303.2547 14.05903657251141
1 37430U 99025EGY 18205.31953928 +.00000515 +00000-0 +29145-3 0  9993
2 37430 098.9800 243.2142 0022484 220.9660 138.9824 14.14531486234478
1 37432U 99025EHA 18204.31847860 +.00000384 +00000-0 +10595-3 0  9994
2 37432 098.4543 249.4984 0222378 177.3973 182.8430 14.39002549258283
1 37433U 99025EHB 18181.18139999 +.00001501 +00000-0 +10710-2 0  9991
2 37433 098.1228 330.9237 0271789 239.4181 117.9909 13.82461284567116
1 37434U 99025EHC 18205.08821021 +.00001016 +00000-0 +26278-3 0  9990
2 37434 099.1353 149.1611 0062177 243.2815 116.2004 14.51283389554220
1 37435U 99025EHD 18205.35862498 +.00000383 +00000-0 +22727-3 0  9995
2 37435 098.8794 250.3226 0047269 158.3863 201.9318 14.12886988507631
1 37436U 99025EHE 18205.26201065 +.00000425 +00000-0 +30148-3 0  9996
2 37436 099.2441 219.3806 0063112 065.0475 295.7229 14.02323781518464
1 37437U 99025EHF 18205.37904115 +.00000229 +00000-0 +13430-3 0  9992
2 37437 098.7431 249.5890 0119212 223.9053 192.9852 14.13993102500278
1 37438U 99025EHG 18203.85617254 +.00000263 +00000-0 +17405-3 0  9993
2 37438 099.0238 232.8363 0029442 295.7489 064.0643 14.09994442527733
1 37439U 99025EHH 18204.28816237 +.00000653 +00000-0 +42695-3 0  9996
2 37439 099.2089 223.6669 0070134 075.2064 343.8313 14.04699461232655
1 37440U 99025EHJ 18205.06694885 +.00001241 +00000-0 +50616-3 0  9994
2 37440 098.9801 311.2643 0064401 000.2838 359.8368 14.28172600573683
1 37441U 99025EHK 18199.70667930  .00000426  00000-0  68492-3 0  9994
2 37441  99.1514  15.6561 0523067 344.1666  14.3617 13.09440765467410
1 37442U 99025EHL 18204.03982805 +.00001672 +00000-0 +40330-3 0  9994
2 37442 099.1407 148.4308 0043008 324.1988 035.6325 14.54179272470883
1 37443U 99025EHM 18202.34022484  .00000797  00000-0  50516-3 0  9999
2 37443  98.4280 243.4979 0143234 287.2398  71.3136 14.01712090517096
1 37444U 99025EHN 18204.87937919 +.00000225 +00000-0 +65726-4 0  9994
2 37444 099.0998 087.6241 0293707 336.5255 022.2744 14.32932230465143
1 37445U 99025EHP 18204.88165754 +.00000117 +00000-0 +64926-4 0  9997
2 37445 099.2693 092.3437 0184339 050.5002 311.2311 14.20992783260613
1 37447U 99025EHR 18203.84999108 +.00000307 +00000-0 +19496-3 0  9994
2 37447 099.1041 225.4850 0042026 300.9683 182.3761 14.11005509475707
1 37448U 99025EHS 18205.28524887 +.00000425 +00000-0 +32094-3 0  9993
2 37448 099.5624 238.3799 0338091 334.4922 023.9871 13.75856771556359
1 37449U 99025EHT 18203.31878032  .00000737  00000-0  81046-4 0  9998
2 37449  98.8739 235.4973 0148075 265.5852  92.8429 14.83985904475331
1 37450U 99025EHU 18170.99537879 +.00000373 +00000-0 +29379-3 0  9994
2 37450 097.6946 089.2411 0331629 290.4064 066.1767 13.73624011485712
1 37452U 99025EHW 18204.41712989 +.00001399 +00000-0 +37326-3 0  9998
2 37452 099.0209 071.6347 0048909 323.0530 036.7296 14.49497513518224
1 37453U 99025EHX 18189.62687820  .00001093  00000-0  10319-2 0  9992
2 37453  97.6567 331.0652 0412927 281.9036  73.6098 13.50493725528645
1 37454U 99025EHY 18205.43933756 +.00003923 +00000-0 +43287-3 0  9998
2 37454 098.9737 194.2593 0042464 252.3096 107.3478 14.87547206438456
1 37455U 99025EHZ 18204.31706048 +.00001123 +00000-0 +15607-3 0  9992
2 37455 099.4423 030.9671 0208763 155.5201 205.6087 14.66646278450500
1 37456U 99025EJA 18205.14286325 +.00000804 +00000-0 +14087-3 0  9992
2 37456 098.9348 172.5747 0114478 198.5576 161.1435 14.66922381481115
1 37457U 99025EJB 18205.15521084 +.00000826 +00000-0 +51963-3 0  9996
2 37457 099.1467 184.2918 0080285 062.1388 298.7884 14.05657084220323
1 37460U 99025EJE 18205.41063945 +.00000509 +00000-0 +23574-3 0  9991
2 37460 098.4725 080.9590 0078093 339.1531 020.6469 14.23372937439431
1 37461U 99025EJF 18205.38051742 +.00000262 +00000-0 +54715-3 0  9997
2 37461 099.8526 040.1843 0691292 077.7871 289.9723 12.71610803176753
1 37462U 99025EJG 18197.85541555  .00002992  00000-0  22756-3 0  9998
2 37462  98.8874 210.8656 0166321  32.9143 328.2297 14.92740872519706
1 37463U 99025EJH 18204.27531687 +.00000732 +00000-0 +17819-3 0  9993
2 37463 098.8255 014.1326 0119200 016.9709 343.5419 14.51939908516239
1 37464U 99025EJJ 18198.63363031  .00000653  00000-0  72834-3 0  9992
2 37464 102.7062 129.5887 0495585 188.4621 170.7896 13.33341475505967
1 37465U 99025EJK 18205.22866836 +.00000865 +00000-0 +26347-3 0  9991
2 37465 099.3665 220.9114 0050541 045.9966 314.5371 14.44203322196586
1 37466U 99025EJL 18204.54686836 +.00001171 +00000-0 +30369-3 0  9996
2 37466 099.1089 106.0828 0125979 083.7475 277.8048 14.47265259502903
1 37467U 99025EJM 18198.61150600  .00013099  00000-0  12069-2 0  9990
2 37467  99.4152 338.5552 0017491 199.6534 160.4009 14.94764244465896
1 37468U 99025EJN 17115.07303952 +.00000849 +00000-0 +56877-3 0  9994
2 37468 098.1470 065.1017 0071628 054.5360 302.6292 14.01911759386757
1 37469U 99025EJP 18205.14177196 +.00002132 +00000-0 +31261-3 0  9990
2 37469 098.9498 167.4848 0063972 259.4290 099.9705 14.75477245273382
1 37470U 99025EJQ 18205.38225703 +.00000598 +00000-0 +25600-3 0  9990
2 37470 098.7968 263.2640 0026388 225.1953 134.7083 14.28479041266074
1 37471U 99025EJR 18176.46238312  .00000960  00000-0  12892-3 0  9999
2 37471  98.7150  53.2017 0192857 242.9620 115.1786 14.70176583504537
1 37473U 99025EJT 18205.23890126 +.00001580 +00000-0 +20865-3 0  9994
2 37473 099.1967 125.6160 0343213 064.8356 298.8016 14.48224739460318
1 37474U 99025EJU 18196.07015050  .00000339  00000-0  95628-4 0  9992
2 37474  99.1341 134.3142 0217886 278.2829  79.3705 14.40488996439686
1 37475U 99025EJV 18205.02700941 +.00000293 +00000-0 +14274-3 0  9995
2 37475 098.9135 293.0723 0114284 032.2021 328.6069 14.22182756456309
1 37476U 99025EJW 18205.59821572 +.00000045 +00000-0 +18769-3 0  9990
2 37476 098.9588 330.5848 1094358 025.2792 339.7920 11.84718862354353
1 37477U 99025EJX 18205.57452576 +.00000236 +00000-0 +15007-3 0  9997
2 37477 098.8093 246.3450 0031630 265.6829 094.0729 14.12748414437632
1 37478U 99025EJY 18204.65938667 -.00000366 +00000-0 -55219-3 0  9991
2 37478 099.6454 095.6472 0571503 359.4303 000.6093 12.95177548215554
1 37479U 99025EJZ 18204.38827767 +.00000279 +00000-0 +17952-3 0  9993
2 37479 098.8997 271.4264 0032974 319.7378 040.1351 14.10867471487429
1 37480U 99025EKA 11171.25394616 +.00003041 +00000-0 +38735-3 0  9991
2 37480 099.1016 343.8358 0231405 047.5732 313.9141 14.65385500131034
1 37483U 93036BLL 18205.42211838 +.00000061 +00000-0 +27133-4 0  9998
2 37483 073.9762 114.1102 0098863 220.8407 138.5311 14.39685034452251
1 37484U 93036BLM 18204.58117076 +.00000302 +00000-0 +12371-3 0  9999
2 37484 073.8281 169.3443 0047884 347.0856 131.7545 14.31080170266927
1 37486U 93036BLP 18205.27341708 +.00000558 +00000-0 +32616-3 0  9996
2 37486 073.7097 185.2981 0286609 086.7492 333.6842 13.91851027448040
1 37487U 93036BLQ 18205.33208407 +.00000703 +00000-0 +25018-3 0  9992
2 37487 073.9365 207.7352 0055279 271.1247 088.3572 14.35370859422817
1 37488U 93036BLR 18204.56388400 +.00001548 +00000-0 +22062-3 0  9993
2 37488 073.9950 285.6890 0079936 138.8011 221.9235 14.75564436495185
1 37491U 93036BLU 18205.33855201 +.00000255 +00000-0 +22151-3 0  9994
2 37491 073.9081 080.8920 0332418 220.9367 136.6360 13.68567829435418
1 37492U 93036BLV 18204.84107860 +.00001036 +00000-0 +16032-3 0  9990
2 37492 074.0062 257.7299 0043570 024.6693 335.6550 14.74035254475105
1 37494U 93036BLX 18205.06466131 +.00000380 +00000-0 +10825-3 0  9991
2 37494 073.9992 108.8130 0107432 002.3111 357.8520 14.45532789201498
1 37495U 93036BLY 18203.27501760  .00001272  00000-0  16187-3 0  9999
2 37495  73.9992 191.9557 0071763 284.1992  75.1220 14.81016720465670
1 37496U 93036BLZ 18205.32678460 +.00000492 +00000-0 +12117-3 0  9992
2 37496 073.9672 078.8483 0144128 359.2758 000.8168 14.49074653266923
1 37498U 93036BMB 18204.52915551 +.00000374 +00000-0 +12567-3 0  9998
2 37498 074.0425 163.1787 0018118 178.8322 181.2879 14.40459905467619
1 37499U 93036BMC 18202.02874051  .00000046  00000-0  26662-4 0  9999
2 37499  74.0371 215.7683 0029899 232.6146 127.2282 14.32240817464526
1 37500U 93036BMD 18205.31931451 +.00000312 +00000-0 +15596-4 0  9995
2 37500 073.9598 185.5196 0185451 320.5965 038.1853 15.09919692487016
1 37501U 93036BME 18204.67440463 +.00001236 +00000-0 +16020-3 0  9990
2 37501 074.0030 192.1600 0062878 301.3952 058.1083 14.80709969463332
1 37502U 93036BMF 18204.94698907 +.00002983 +00000-0 +55905-3 0  9994
2 37502 074.2127 190.8462 0037784 337.4155 022.5349 14.64777361442156
1 37503U 93036BMG 18205.45973940 +.00009088 +00000-0 +58161-3 0  9995
2 37503 074.0037 212.6646 0013249 279.3637 080.6056 15.08623248451749
1 37504U 93036BMH 14071.89934830 +.00006078 +00000-0 +12961-2 0  9999
2 37504 074.0897 150.3070 0078521 257.4247 116.1487 14.57194902213563
1 37506U 93036BMK 18205.43607251 +.00000788 +00000-0 +18866-3 0  9991
2 37506 074.0535 121.2496 0032825 116.4385 244.0153 14.54901563463235
1 37508U 93036BMM 18205.52818259 +.00000848 +00000-0 +16723-3 0  9992
2 37508 073.7695 267.7482 0104838 194.4689 165.3470 14.60884148266759
1 37510U 93036BMP 18204.02274932 +.00000812 +00000-0 +15010-3 0  9992
2 37510 074.0175 322.8079 0040533 044.0997 316.3392 14.66607551474015
1 37515U 93036BMU 18204.84881350 +.00000895 +00000-0 +28588-3 0  9990
2 37515 074.1600 268.3536 0093076 181.6945 178.3910 14.38629619465848
1 37518U 93036BMX 18205.28463316 +.00000636 +00000-0 +16649-3 0  9998
2 37518 074.0057 072.4216 0034714 149.2148 211.1058 14.51057381265106
1 37521U 93036BNA 18204.28115832 +.00001872 +00000-0 +18990-3 0  9992
2 37521 074.0478 175.1778 0055824 214.2901 210.3271 14.90560312475721
1 37527U 93036BNG 18199.73884701  .00000994  00000-0  18005-3 0  9990
2 37527  74.0058 342.1029 0034797  69.2576 291.2316 14.67364246474053
1 37528U 93036BNH 18204.05783030 +.00000148 +00000-0 +51433-4 0  9990
2 37528 074.0404 112.2399 0023379 208.8920 151.0944 14.43461376469288
1 37529U 93036BNJ 18204.32633520 +.00000898 +00000-0 +21249-3 0  9992
2 37529 074.0256 076.9448 0052986 115.6104 245.0547 14.54770219470107
1 37530U 93036BNK 18204.75064993 +.00000156 +00000-0 +67995-4 0  9999
2 37530 074.0366 219.5038 0029039 221.1584 260.6861 14.31604115465864
1 37531U 93036BNL 18204.75594825 +.00000702 +00000-0 +25003-3 0  9992
2 37531 074.0226 231.3002 0061181 245.1913 114.2867 14.35097331465319
1 37532U 93036BNM 18205.57100959 +.00000043 +00000-0 +22440-4 0  9996
2 37532 074.0524 153.7892 0017104 212.3878 270.7627 14.38681244460869
1 37533U 93036BNN 18205.35388979 +.00000322 +00000-0 +20049-3 0  9995
2 37533 074.0662 204.5904 0182704 186.6958 173.1735 14.00711002454902
1 37535U 93036BNQ 18205.52176723 +.00000233 +00000-0 +72787-4 0  9996
2 37535 074.0276 094.2169 0035180 173.3548 261.9329 14.45752970462468
1 37537U 93036BNS 18205.27759517 +.00000080 +00000-0 +37215-4 0  9995
2 37537 074.0118 180.4304 0054822 242.3312 117.2270 14.34470965463181
1 37538U 93036BNT 18205.18382647 +.00000755 +00000-0 +17016-3 0  9997
2 37538 074.0222 024.2515 0045217 096.3815 264.2501 14.57553462437179
1 37539U 93036BNU 11262.19479143 +.00000786 +00000-0 +29032-3 0  9998
2 37539 074.0515 081.9073 0021619 352.5149 007.5676 14.33973190078115
1 37542U 93036BNX 13063.73158620 +.00002455 +00000-0 +93317-3 0  9999
2 37542 074.0360 212.7736 0049454 336.6417 023.4889 14.30835846180552
1 37543U 93036BNY 18204.12070177 +.00001829 +00000-0 +11824-3 0  9992
2 37543 073.9668 354.1554 0075074 102.4071 258.5534 15.06782093466805
1 37544U 93036BNZ 18204.55757519 +.00002018 +00000-0 +29213-3 0  9994
2 37544 073.9775 280.5529 0030605 129.0807 231.3097 14.76530373470640
1 37546U 93036BPB 18205.14925636 +.00000486 +00000-0 +14895-3 0  9996
2 37546 074.0343 142.7512 0015709 138.2674 221.9685 14.44309436267212
1 37547U 93036BPC 18203.82603717 +.00000762 +00000-0 +16422-3 0  9998
2 37547 074.0381 015.5451 0028057 114.7775 245.6314 14.59986706464998
1 37548U 97051XH  18205.50177136 +.00000657 +00000-0 +22272-3 0  9991
2 37548 086.3583 112.6756 0033736 062.1054 298.3552 14.34948524267283
1 37549U 97051XJ  18204.51460015 +.00002444 +00000-0 +54811-3 0  9993
2 37549 086.3834 117.3092 0043938 317.5205 042.2605 14.55644883471914
1 37550U 97051XK  18205.47273538 +.00000473 +00000-0 +13206-3 0  9996
2 37550 086.3857 104.2167 0003377 100.0024 260.1558 14.44211086472446
1 37555U 97051XQ  18205.10597102 +.00003730 +00000-0 +81200-3 0  9995
2 37555 086.4603 142.8388 0037251 016.0363 344.2015 14.57312443459501
1 37557U 97051XS  18204.22615236 +.00002565 +00000-0 +92505-3 0  9993
2 37557 086.3808 169.3681 0135460 049.9948 311.3041 14.28288049463639
1 37558U 97051XT  18154.72358348  .00001365  00000-0  34846-3 0  9992
2 37558  86.4027 142.7693 0084825 199.6448 167.6623 14.47654101434697
1 37560U 97051XV  18204.58756253 +.00002116 +00000-0 +65949-3 0  9995
2 37560 086.3887 153.8836 0092764 254.2690 230.2983 14.38033467246270
1 37562U 97051XX  18205.52095233 +.00000403 +00000-0 +12382-3 0  9996
2 37562 086.3821 113.3167 0033156 035.7162 085.3502 14.38864286474128
1 37565U 97051YA  18201.03008312  .00000257  00000-0  71973-4 0  9992
2 37565  86.3526  92.2616 0016401  44.4699  21.8078 14.42012695462745
1 37566U 97051YB  18205.44924763 +.00026957 +00000-0 +16943-2 0  9998
2 37566 086.4352 101.2671 0003829 038.8631 321.2881 15.09116673453068
1 37567U 10038C   18205.57955130 +.00000513 +00000-0 +96620-4 0  9997
2 37567 097.9606 107.2459 0148616 117.5438 001.2679 14.61791523418322
1 37568U 10038D   18205.35009553 +.00000423 +00000-0 +10234-3 0  9999
2 37568 097.8279 049.1184 0183357 279.6035 078.4486 14.48417803416063
1 37569U 10038E   18205.55756646 +.00000486 +00000-0 +10033-3 0  9990
2 37569 097.7930 064.0439 0162189 162.0329 198.6697 14.56608899416635
1 37570U 10038F   18205.48911543 +.00000459 +00000-0 +10805-3 0  9990
2 37570 097.7778 035.3977 0180317 252.2945 105.8496 14.49415468418341
1 37571U 08026C   18205.36656687 +.00000069 +00000-0 +90039-4 0  9992
2 37571 098.8088 056.2087 0249572 055.6532 065.2530 13.74590146305963
1 37572U 08026D   18205.46336744 +.00000080 +00000-0 +99702-4 0  9992
2 37572 098.7133 026.3949 0245183 014.1520 014.8031 13.75381573499020
