1 28985U 92047AN  17204.77302165 -.00000011 +00000-0 +00000-0 0  9992
2 28985 064.0875 130.0837 3771459 322.9356 016.1756 06.52731338268406
1 29029U 93014AW  18212.42444223  .00002551  00000-0  29896-3 0  9998
2 29029  75.7405 250.5978 0066447  12.7621 347.5228 14.83731485665118
1 29030U 93014AX  18211.54528781  .00001246  00000-0  18492-3 0  9994
2 29030  75.7428 289.4592 0072475  71.1312 289.7711 14.73884333655799
1 29032U 93014AZ  17280.00072034 +.00011875 +00000-0 +12980-2 0  9991
2 29032 075.7460 030.1155 0072258 003.5677 005.6543 14.85947045687319
1 29033U 94029AEQ 18212.76476851 +.00000243 +00000-0 +52205-4 0  9996
2 29033 081.9802 141.5722 0277396 170.0907 190.5915 14.33376916814306
1 29037U 99040G   18194.20643941 +.00000295 +00000-0 +40247-4 0  9992
2 29037 028.4530 177.1591 4505556 184.2627 170.0502 06.44881908294105
1 29039U 99057NJ  18212.87587756 +.00000260 +00000-0 +68329-4 0  9990
2 29039 098.3020 183.0816 0062587 282.5484 106.5802 14.56140194827267
1 29040U 99057NK  18213.35595882  .00000092  00000-0  39840-4 0  9994
2 29040  98.5387 172.9007 0079321 214.4248 145.1789 14.43263986805891
1 29042U 04035J   18212.84314254 -.00000079 +00000-0 -16850-5 0  9997
2 29042 097.7491 231.2055 0008702 021.8129 338.3462 14.97988885279873
1 29043U 04035K   18211.85682621 +.00000131 +00000-0 +16170-4 0  9995
2 29043 097.7624 232.1389 0009310 056.5033 303.7078 14.97754234687777
1 29068U 91082BP  18212.21222076  .00003625  00000-0  89776-3 0  9997
2 29068  98.9108 310.1921 0057026 156.5904 203.7904 14.51637243654498
1 29069U 91082BQ  18212.87063448 +.00000746 +00000-0 +36771-3 0  9994
2 29069 098.9413 184.4257 0090643 035.4782 355.0424 14.18429678706875
1 29070U 91082BR  18210.53478568 +.00000787 +00000-0 +30637-3 0  9990
2 29070 098.7520 240.7460 0014660 044.7894 315.4470 14.32588890723999
1 29071U 91082BS  18213.39637884  .00000878  00000-0  45727-3 0  9993
2 29071  98.9705 187.9643 0096562 143.9646 216.8087 14.14794667724170
1 29072U 91082BT  18212.21456186  .00004307  00000-0  10022-2 0  9998
2 29072  98.9381 307.1853 0066326 193.9275 166.0092 14.54106190720684
1 29073U 91082BU  18212.55665159 +.00000887 +00000-0 +31496-3 0  9996
2 29073 098.6568 246.1375 0012947 327.5709 032.4680 14.36867495266212
1 29074U 91082BV  18206.28839139 +.00000602 +00000-0 +25226-3 0  9990
2 29074 098.7822 233.2030 0013074 076.2722 283.9914 14.29645522710817
1 29075U 91082BW  18212.89314751 +.00014706 +00000-0 +89031-3 0  9997
2 29075 098.5949 012.4912 0015678 139.2347 221.0055 15.10637738690555
1 29077U 91082BY  18213.40316285  .00000863  00000-0  49890-3 0  9999
2 29077  98.6490  12.6905 0106511 190.8111 169.0769 14.08658614723611
1 29078U 91082BZ  18211.50275761  .00000426  00000-0  19817-3 0  9993
2 29078  98.8780 231.7671 0022678 147.2197 213.0394 14.25748601714508
1 29081U 91082CA  18210.10240624 +.00005706 +00000-0 +72310-3 0  9995
2 29081 098.5967 263.0194 0029785 306.9985 052.8500 14.81885695736070
1 29082U 91082CB  18212.69833890  .00001970  00000-0  40940-3 0  9998
2 29082  98.6473 296.0270 0015775 108.0643 252.2277 14.61235659721103
1 29083U 91082CC  18213.07219814  .00001138  00000-0  36727-3 0  9990
2 29083  98.6644 254.9600 0010334 257.8941 102.1089 14.41115955718793
1 29084U 91082CD  18212.89541472  .00010699  00000-0  78982-3 0  9999
2 29084  98.6112   3.6613 0003905 203.5012 308.7148 15.03469384737013
1 29085U 91082CE  06107.27500905 +.00000096 +00000-0 +70654-4 0  9997
2 29085 098.7123 126.2034 0013541 053.3411 306.8654 14.16071559089733
1 29086U 91082CF  18212.42258369  .00001535  00000-0  40983-3 0  9999
2 29086  98.6497 273.1140 0012216 174.6448 250.6439 14.49796196692523
1 29087U 91082CG  18212.34139725 +.00000885 +00000-0 +30105-3 0  9997
2 29087 098.7155 249.5440 0007764 290.3653 069.6699 14.39090376735814
1 29088U 91082CH  18211.93944048 +.00000812 +00000-0 +29165-3 0  9998
2 29088 098.6761 246.0400 0010068 321.0656 038.9804 14.36536549266721
1 29089U 91082CJ  18212.58855639 +.00005688 +00000-0 +71745-3 0  9995
2 29089 098.6243 337.3655 0005072 342.2657 081.6387 14.82386163743219
1 29090U 91082CK  18211.24058135  .00000940  00000-0  33239-3 0  9997
2 29090  98.7578 221.2859 0018377   7.7491  53.2351 14.36928825735674
1 29094U 92093JQ  18212.88141802 +.00000898 +00000-0 +39574-3 0  9999
2 29094 071.2913 169.0168 0143092 304.6591 054.1116 14.20620874819276
1 29096U 93016AK  18211.28370079  .00002551  00000-0  35747-3 0  9996
2 29096  70.9191  66.7057 0055572 127.6006 233.0213 14.77536537762199
1 29097U 93016AL  18212.11882127 -.00000006 +00000-0 +27176-4 0  9994
2 29097 071.0038 252.2840 0125790 153.9909 241.8020 13.93704897873164
1 29098U 93016AM  18179.35879955  .00000307  00000-0  18941-3 0  9990
2 29098  70.8989 169.6190 0089175 252.3010 173.3529 14.11290942832484
1 29100U 93016AP  18212.86708374  .00000219  00000-0  15441-3 0  9998
2 29100  70.7345  18.1335 0078138 313.4671  45.9964 14.07590216826821
1 29101U 93016AQ  18211.00040880  .00000908  00000-0  33194-3 0  9995
2 29101  70.9292  89.8855 0124058   8.3571 351.9585 14.31498994803549
1 29102U 93016AR  18211.38144439 +.00001239 +00000-0 +46290-3 0  9991
2 29102 070.9332 210.1730 0106287 129.7503 231.3052 14.30728257266734
1 29104U 01049PN  18212.80177456  .00001868  00000-0  87749-4 0  9994
2 29104  97.5131 223.4158 0019919  70.1923 290.1457 15.20710999758090
1 29105U 04021G   18212.89573943 -.00000021 +00000-0 +18462-4 0  9995
2 29105 070.9236 291.6997 0214988 056.0961 306.0385 13.79068643255484
1 29106U 05049E   18199.86824756  .00000084  00000-0  00000+0 0  9991
2 29106   8.5329  51.0849 0009522 166.2241  52.5299  1.01168882 45662
1 29213U 99057NL  18212.37112436  .00045128  00000-0  53130-3 0  9993
2 29213  98.6637 262.8432 0009485 185.8773 174.2371 15.61235124749397
1 29215U 02024F   18212.55628565  .00000041  00000-0  84879-4 0  9998
2 29215  98.8168 114.0765 0246493 217.8877 266.2418 13.62173488795871
1 29216U 02024G   18212.89176162  .00000059  00000-0  94365-4 0  9997
2 29216  98.8025 192.1262 0230662 116.2157 278.2838 13.67299052798836
1 29217U 05024H   18212.20596367  .00001047  00000-0  86512-4 0  9992
2 29217  97.6093 299.2260 0107133 281.9532  76.9696 14.96877754696835
1 29363U 00075F   18211.37238160 +.00005310 +00000-0 +14689-2 0  9997
2 29363 095.3699 270.6178 0320222 135.7311 226.9974 14.20712439184396
1 29419U 03037D   13247.60541910 +.00000052 +00000-0 +29559-3 0  9991
2 29419 082.4735 014.9152 0024624 188.2064 188.7298 12.45651385453156
1 29421U 03037F   13281.19500608 +.00000012 +00000-0 +15703-4 0  9998
2 29421 082.4746 353.9503 0025727 117.3876 242.5210 12.45640837453542
1 29422U 04023D   18213.36384554  .00042583  51858-6  27881-3 0  9995
2 29422  38.8583 271.8604 3618012  60.3615 330.8701  8.32188616284308
1 29509U 06046E   18212.80877631 -.00000144 +00000-0 -76159-5 0  9999
2 29509 097.9822 219.7590 0046160 100.5819 260.0604 14.93562081638091
1 29519U 04029D   18213.42958847  .00006645  00000-0  10721-2 0  9997
2 29519  88.0797 196.7789 3655615 235.5828 328.3599  7.96125589203925
1 29524U 06050C   18213.53337767  .00000297  00000-0  16004-3 0  9991
2 29524  98.7812 237.9734 0004874 218.4437 295.8521 14.20067667606896
1 29525U 06050D   18212.88163103 +.00000261 +00000-0 +14129-3 0  9997
2 29525 098.7656 238.3791 0003440 213.7642 222.8117 14.20802041606945
1 29534U 05038D   18212.30504854 +.00000498 +00000-0 +95565-4 0  9997
2 29534 039.4261 255.5609 5854115 324.0937 008.0623 04.26973551184700
1 29536U 06015C   18211.46745146  .00000194  00000-0  48802-4 0  9997
2 29536  97.8560 290.1702 0164683  76.9530 284.9993 14.53111181643497
1 29537U 06015D   18213.53438698  .00000281  00000-0  68572-4 0  9992
2 29537  97.9704 326.2333 0171999 129.7136 231.9365 14.51067795642995
1 29538U 06015E   18212.87789431  .00000321  00000-0  67055-4 0  9993
2 29538  97.8628 358.6819 0144594 299.5400  59.1450 14.60183677645467
1 29539U 06015F   18212.16521098 +.00000371 +00000-0 +75849-4 0  9994
2 29539 097.8728 336.4923 0135254 268.3653 214.5435 14.61038932646674
1 29600U 06050BS  18212.92396045 +.00000558 +00000-0 +27278-3 0  9997
2 29600 098.7597 240.3201 0006302 239.4941 240.5305 14.21996394605243
1 29676U 05049F   18200.04349691 -.00000225 +00000-0 +00000-0 0  9995
2 29676 008.4413 050.6093 0034866 338.9675 185.9332 01.02231434044473
1 29733U 99025X   18213.45893613  .00001075  00000-0  19480-2 0  9990
2 29733  99.2358 295.1695 0582455 255.2546 165.7603 12.91526210543534
1 29734U 99025Y   18212.96249108 +.00000234 +00000-0 +46487-3 0  9994
2 29734 099.1273 210.8898 0638783 006.0195 023.8970 12.83538931539650
1 29735U 99025Z   18212.93654230 +.00000233 +00000-0 +49201-3 0  9994
2 29735 099.3536 202.7467 0724593 325.4470 030.1481 12.67547488532656
1 29736U 99025AA  18212.29978646 +.00000348 +00000-0 +86738-3 0  9997
2 29736 099.4408 152.3411 0732453 182.6060 336.2074 12.54023585527797
1 29737U 99025AB  18212.55797806  .00000281  00000-0  65615-3 0  9991
2 29737  99.5648 230.9322 0727360 160.7565 352.3688 12.59468383529445
1 29740U 99025AE  18212.58426609  .00000740  00000-0  19826-2 0  9990
2 29740  99.0506  85.8629 1006755 131.7759 237.3884 12.02769309505473
1 29741U 99025AF  18212.64634613 -.00000586  00000-0 -15038-2 0  9995
2 29741  99.1933 104.3867 1037239 269.1261 106.2335 11.95630718502671
1 29746U 99025AL  18212.85591081  .00009276  00000-0  13653-1 0  9997
2 29746  99.5452   6.4150 1049012 239.0198 110.3712 12.23705160492208
1 29748U 99025AN  18212.59418784  .00015835  00000-0  80818-1 0  9993
2 29748 100.4269  86.3817 1090760  80.5236 291.7174 11.52594643473492
1 29750U 99025AQ  18213.04358605 -.00000096  00000-0 -29767-4 0  9996
2 29750  99.0686 237.7679 0035491 296.7398  93.8217 14.07525804592091
1 29751U 99025AR  18212.76400378 +.00000009 +00000-0 +23846-4 0  9994
2 29751 098.8590 237.7134 0091489 004.0092 055.3074 14.21702781598221
1 29753U 99025AT  18213.00605410  .00001362  00000-0  34215-3 0  9992
2 29753  98.9200  42.7599 0059718 212.2945 147.4587 14.52019437604515
1 29754U 99025AU  18212.69259366 +.00000235 +00000-0 +15458-3 0  9998
2 29754 098.9338 295.2480 0037646 303.8463 211.9287 14.11070999593437
1 29756U 99025AW  18213.14365055  .00000881  00000-0  27249-3 0  9992
2 29756  99.2470 175.3962 0052103  54.1243 306.4766 14.43275543603329
1 29758U 99025AY  18212.66886904  .00000757  00000-0  39876-3 0  9992
2 29758  98.9353 270.7510 0033593 141.9647  21.1918 14.16732954594324
1 29760U 99025BA  18213.01310039  .00000296  00000-0  18918-3 0  9998
2 29760  98.9412 241.6753 0133606 178.0561 182.1154 14.06530396592559
1 29762U 99025BC  18213.35786264  .00000081  00000-0  48886-4 0  9994
2 29762  98.6232 249.3086 0212477 210.4982 216.4749 14.19106304597697
1 29763U 99025BD  18213.56079204  .00000214  00000-0  14537-3 0  9990
2 29763  98.8059 252.4630 0130351 199.9188 324.7695 14.05975569592416
1 29765U 99025BF  18213.03196838 -.00000207  00000-0 -10543-3 0  9994
2 29765  99.1202 239.1289 0061984 355.1355  33.1565 14.01547859590666
1 29766U 99025BG  18213.21507965  .00000172  00000-0  15747-3 0  9992
2 29766  98.7119 306.7785 0161687 130.8737 260.5727 13.88843960584041
1 29767U 99025BH  18213.35204392  .00000344  00000-0  18169-3 0  9998
2 29767  98.2218  88.3125 0386413  16.3016  33.7805 13.86936302582059
1 29769U 99025BK  18212.43876198  .00000459  00000-0  31226-3 0  9993
2 29769  99.1776 195.9446 0103702  36.6790 324.1416 14.02549380588969
1 29770U 99025BL  18212.65907425  .00000583  00000-0  36317-3 0  9991
2 29770  99.0209 265.6151 0070553 303.4777 220.0177 14.07733393591344
1 29771U 99025BM  18212.27720643  .00002237  00000-0  96078-3 0  9993
2 29771  99.5579  86.5597 0081332 193.2707 166.6329 14.24113159590905
1 29772U 99025BN  18212.75559900  .00000331  00000-0  24842-3 0  9996
2 29772  98.4026 243.9220 0146922 268.3324 155.2327 13.95701562586869
1 29773U 99025BP  18212.75500755  .00000126  00000-0  74715-4 0  9998
2 29773  98.7889 308.8658 0052315 140.5690  10.9085 14.22912517599020
1 29774U 99025BQ  18212.90820633  .00000024  00000-0  33177-4 0  9990
2 29774  99.2110  31.3396 0050806 239.2138 258.4829 14.20824068598549
1 29775U 99025BR  18212.58103529 +.00002011 +00000-0 +22810-3 0  9992
2 29775 099.0388 255.9778 0062462 175.8957 184.2780 14.86382312613596
1 29776U 99025BS  18213.55240437 -.00000123  00000-0 -46826-4 0  9999
2 29776  99.0812 237.4516 0023011 244.0188 268.0948 14.06473225592641
1 29777U 99025BT  18212.44390091 -.00000056  00000-0 -68407-5 0  9994
2 29777  99.4248 191.1686 0092939 245.4242 267.2501 13.91235230586154
1 29779U 99025BV  18213.54494944 -.00000019  00000-0  14231-4 0  9993
2 29779  98.9243 242.1676 0064193 235.0867 124.4261 14.11302547594526
1 29780U 99025BW  18213.34521327  .00000563  00000-0  35669-3 0  9999
2 29780  99.3117 354.0265 0046020  74.2889 286.3348 14.07748345591285
1 29781U 99025BX  18213.34122750  .00000202  00000-0  16054-3 0  9994
2 29781  99.0208 247.8566 0077721 106.1660 318.4895 14.00687462589535
1 29782U 99025BY  18212.90625869  .00000651  00000-0  45037-3 0  9996
2 29782  99.1738 200.2574 0061708  96.3371 294.2627 14.01781556589044
1 29783U 99025BZ  18213.49358736  .00001597  00000-0  20380-3 0  9992
2 29783  98.9699 221.7018 0087619 113.0107  39.4006 14.80542838614372
1 29784U 99025CA  18212.94580733 +.00000106 +00000-0 +63651-4 0  9990
2 29784 099.0700 006.4809 0064814 136.9967 025.7576 14.25336819599915
1 29785U 99025CB  18212.89161641  .00001183  00000-0  23475-3 0  9993
2 29785  99.0357 176.2928 0075647  37.8682 322.7804 14.62619338609266
1 29786U 99025CC  18213.53780348  .00000124  00000-0  97430-4 0  9994
2 29786  99.0151 240.2255 0078085 307.2642 207.8033 14.07649292593061
1 29789U 99025CF  18213.38736510  .00000314  00000-0  42719-3 0  9992
2 29789  99.6497 107.0973 0310294 164.9022 262.4012 13.48341571567104
1 29790U 99025CG  18212.56402384  .00000047  00000-0  37185-4 0  9997
2 29790  99.1446  61.6658 0082945  39.3606 321.3562 14.27651453600959
1 29791U 99025CH  18212.48808663  .00000391  00000-0  15580-3 0  9995
2 29791  99.0790  38.7490 0063037  68.5058 320.3822 14.33296761601487
1 29792U 99025CJ  18212.63926872 +.00000285 +00000-0 +20005-3 0  9996
2 29792 099.0000 269.2662 0054623 044.3443 316.2081 14.05533120590597
1 29793U 99025CK  18213.53156889  .00000237  00000-0  19005-3 0  9995
2 29793  98.3693 226.8678 0152002 296.9296 230.0322 13.93989014586213
1 29794U 99025CL  18212.96597716 +.00000629 +00000-0 +37422-3 0  9998
2 29794 098.1839 222.5171 0167420 152.3150 238.8919 14.03660872590593
1 29795U 99025CM  18213.14236597 -.00000037  00000-0  28023-5 0  9990
2 29795  98.8386  89.5440 0114340 105.2404  47.4621 13.91772261586401
1 29796U 99025CN  18212.51398719 +.00000319 +00000-0 +21637-3 0  9990
2 29796 099.1331 232.0407 0054359 247.5310 283.2179 14.06865331591764
1 29798U 99025CQ  18213.23676196  .00000120  00000-0  12509-3 0  9998
2 29798  99.3971 202.7378 0123823 344.5794  82.5632 13.90885836584542
1 29800U 99025CS  18212.97622178  .00000353  00000-0  30800-3 0  9995
2 29800  98.3235 122.2182 0151497 128.4473   4.9995 13.86189769582105
1 29801U 99025CT  18212.89064786  .00000035  00000-0  28298-4 0  9998
2 29801  98.8883 354.3184 0106248 235.5386 277.0747 14.33597971603829
1 29802U 99025CU  18212.09972970 +.00000345 +00000-0 +15327-3 0  9996
2 29802 098.7593 269.8366 0065378 025.9491 355.2310 14.28071400598540
1 29803U 99025CV  18213.11727494  .00002177  00000-0  73746-3 0  9994
2 29803  98.9924 322.3310 0061976 282.2271 154.5525 14.36795102597952
1 29804U 99025CW  18212.57363406 -.00000228 +00000-0 -11169-3 0  9991
2 29804 099.0305 239.1807 0097581 249.0765 263.7180 14.03682069591342
1 29805U 99025CX  18212.47947679 -.00000018  00000-0  28655-4 0  9996
2 29805  99.7340 214.8953 0189585 349.1742  10.5351 13.71898617578046
1 29806U 99025CY  18212.78450456 +.00000035 +00000-0 +46702-4 0  9994
2 29806 098.9701 244.6572 0026788 274.3457 138.3766 14.07828848592431
1 29807U 99025CZ  18212.89125382  .00000172  00000-0  12683-3 0  9996
2 29807  98.9540 241.8271 0081226 336.3991 146.6714 14.06661787592541
1 29808U 99025DA  18213.20756481  .00000842  00000-0  38629-3 0  9995
2 29808  99.0150 313.0090 0034216  91.8132 282.6059 14.23779263595611
1 29809U 99025DB  18212.78001426 +.00000048 +00000-0 +27951-4 0  9995
2 29809 098.9334 041.2955 0126189 089.6973 336.9262 14.41604834606616
1 29810U 99025DC  18212.89717831  .00000038  00000-0  35424-4 0  9996
2 29810  99.1734  86.7782 0069468 184.3472 241.1207 14.25416690600174
1 29811U 99025DD  18212.65944719  .00000469  00000-0  21997-3 0  9995
2 29811  99.0219 289.8378 0079160 108.1459 252.8358 14.23286122594753
1 29812U 99025DE  18211.03825469 +.00000289 +00000-0 +22449-3 0  9990
2 29812 098.3786 229.7185 0149431 299.3747 083.7712 13.94491850585822
1 29813U 99025DF  18212.29766972 +.00000032 +00000-0 +44615-4 0  9999
2 29813 099.0211 237.1681 0011632 239.8025 251.9975 14.08775722593599
1 29814U 99025DG  18213.19996390  .00000829  00000-0  24909-3 0  9996
2 29814  99.1004 119.7796 0053954 356.1446 168.8449 14.44776209603658
1 29815U 99025DH  18212.59280088  .00000331  00000-0  74721-4 0  9996
2 29815  98.3103 258.5297 0226443 158.8530 202.2211 14.48297400608092
1 29816U 99025DJ  18212.73865399  .00000119  00000-0  46326-4 0  9991
2 29816  98.8535 316.3401 0300501  85.8534  68.8968 14.24375135597467
1 29819U 99025DM  18212.64768395 -.00000080  00000-0 -20934-4 0  9998
2 29819  98.9115 266.9157 0199008   8.8745 143.4593 13.99903466589572
1 29820U 99025DN  18212.97318821 +.00000074 +00000-0 +79214-4 0  9997
2 29820 099.0724 244.2900 0068429 123.0227 288.0449 13.99256033589032
1 29821U 99025DP  18213.04988368 -.00000106  00000-0 -18362-4 0  9991
2 29821  99.2670 239.1400 0393828  37.8882 350.4925 13.99769182588009
1 29825U 99025DT  18212.08237366  .00001105  00000-0  71739-4 0  9998
2 29825  98.7483 265.7689 0118264 300.5595  58.4000 15.05315029623064
1 29827U 99025DV  18212.89103331  .00000051  00000-0  45581-4 0  9998
2 29827  98.6917 244.8812 0027057 164.6943 321.5739 14.18326571597192
1 29828U 99025DW  18213.11348219  .00000530  00000-0  36691-3 0  9994
2 29828  99.0187 277.8692 0066156 103.3301 288.8832 14.02323996589900
1 29832U 99025EA  18212.73591507 -.00000035 +00000-0 +51435-5 0  9992
2 29832 098.8055 130.4408 0204167 161.2925 199.5916 14.52716594611593
1 29833U 99025EB  18212.77016479  .00000349  00000-0  74927-4 0  9994
2 29833  99.1049 237.7869 0155391 241.3505 117.1991 14.59082100611833
1 29834U 99025EC  18212.74201448 +.00003783 +00000-0 +28267-3 0  9994
2 29834 098.3134 231.8066 0112088 145.8141 215.0363 14.98556730615691
1 29835U 99025ED  18213.08200769 -.00000000  00000-0  14150-4 0  9995
2 29835  98.9964 144.5049 0173306  75.7851  44.0355 14.41495906607247
1 29836U 99025EE  18212.98659638  .00000141  00000-0  45075-4 0  9992
2 29836  97.9678  26.4998 0179807 158.8138 353.5220 14.43930345607199
1 29837U 99025EF  18212.92976104 +.00012901 +00000-0 +54417-3 0  9993
2 29837 098.4492 014.4596 0054144 181.5822 178.5248 15.22110041616848
1 29840U 99025EJ  18212.89013946  .00001361  00000-0  22231-3 0  9996
2 29840  99.0147 186.1864 0099689 353.9733   6.0262 14.69671005610252
1 29841U 99025EK  18212.46976288  .00000024  00000-0  19539-4 0  9990
2 29841  98.9336  27.0457 0220752  55.9252 331.0199 14.39569953605680
1 29842U 99025EL  18212.91172706 +.00000423 +00000-0 +12975-3 0  9993
2 29842 098.7261 199.2757 0144606 342.6383 038.3201 14.41413686604689
1 29843U 99025EM  18212.78840000 +.00000032 +00000-0 +27797-4 0  9993
2 29843 098.8195 318.7384 0205542 143.0778 007.7819 14.24224532599453
1 29844U 99025EN  18212.83898490  .00000066  00000-0  41336-4 0  9998
2 29844  98.9882 348.1754 0184033  19.6063 341.2072 14.25298407599698
1 29845U 99025EP  18212.74591734 +.00000029 +00000-0 +32059-4 0  9991
2 29845 098.6850 246.7338 0083902 031.3659 031.7102 14.21552836598449
1 29846U 99025EQ  18213.52855948  .00000002  00000-0  22193-4 0  9998
2 29846  98.9863 230.7718 0087428  82.0912  70.3044 14.17667609597357
1 29847U 99025ER  18212.92186410 -.00000092 +00000-0 -30563-4 0  9994
2 29847 098.9674 235.3908 0087746 324.4094 153.8247 14.01353358590358
1 29848U 99025ES  18213.56297150  .00000401  00000-0  23492-3 0  9994
2 29848  98.2502 251.1134 0138392 117.5750  37.8445 14.08235882591690
1 29849U 99025ET  18212.95944169  .00000381  00000-0  29523-3 0  9994
2 29849  99.1438 286.2959 0091693 259.0507 178.3037 13.96966216587407
1 29850U 99025EU  18213.12038000  .00000309  00000-0  25925-3 0  9996
2 29850  98.0951  72.7036 0109300 283.6373 246.1866 13.91806100585367
1 29851U 99025EV  18213.37839358  .00000053  00000-0  84188-4 0  9992
2 29851  99.4718 165.9985 0146052 108.6505  42.1673 13.81716835582080
1 29852U 99025EW  18213.34935294  .00000454  00000-0  35389-3 0  9999
2 29852  99.2251 155.4652 0156201 270.4953 243.2154 13.92133872584466
1 29853U 99025EX  18212.90005868  .00000237  00000-0  20817-3 0  9995
2 29853  98.4136 191.2647 0175017  84.6510 277.4589 13.86737644583327
1 29854U 99025EY  18213.21433479  .00000072  00000-0  98130-4 0  9995
2 29854  99.1066 107.1879 0151247  73.2263  81.1792 13.81413458581928
1 29855U 99025EZ  18213.09414376  .00000417  00000-0  31395-3 0  9999
2 29855  98.1712  74.2154 0218034   4.0470 147.4230 13.88175119582960
1 29856U 99025FA  18213.29135096  .00000088  00000-0  41490-4 0  9993
2 29856  98.7686 330.8603 0430884  38.2424 352.7246 14.00710612584322
1 29857U 99025FB  18213.17077077  .00000388  00000-0  38558-3 0  9998
2 29857  98.4761 120.1301 0209821   2.3731 357.8367 13.74174290577763
1 29858U 99025FC  18212.47038826  .00000388  00000-0  41503-3 0  9994
2 29858  99.0640  36.2130 0213088 298.5264  88.0156 13.70468069576432
1 29859U 99025FD  18213.37045158  .00000565  00000-0  53617-3 0  9997
2 29859  98.3647   9.7771 0325326 178.9087 181.2841 13.62940765572523
1 29860U 99025FE  18212.71165389  .00000395  00000-0  43420-3 0  9997
2 29860  98.6402 128.3913 0247788 289.0712  97.5595 13.65224147573277
1 29865U 99025FK  18212.93706628 +.00000204 +00000-0 +45480-4 0  9991
2 29865 098.9851 201.9483 0164019 159.6116 230.6794 14.61039750613253
1 29866U 99025FL  18212.59362287 +.00000072 +00000-0 +22337-4 0  9992
2 29866 098.1397 257.0274 0222469 330.9768 182.5762 14.54346327611523
1 29868U 99025FN  18212.96710681  .00000336  00000-0  56279-4 0  9995
2 29868  98.3227 264.0810 0268859 153.0494 285.6636 14.55446679610207
1 29869U 99025FP  18212.94620639 +.00000109 +00000-0 +56319-4 0  9990
2 29869 099.0145 017.3070 0092394 317.8670 193.9525 14.31877003602771
1 29870U 99025FQ  18213.09346307 -.00000018  00000-0  92660-5 0  9996
2 29870  98.4474 252.7744 0121134 206.5328 179.7945 14.28058825601892
1 29871U 99025FR  18212.94560399 +.00000205 +00000-0 +93980-4 0  9991
2 29871 099.0616 024.2551 0071242 049.3774 104.9378 14.30684759601476
1 29872U 99025FS  18212.55797861  .00000064  00000-0  31905-4 0  9997
2 29872  98.6295 250.8490 0263622   4.4460 355.8975 14.29536779600894
1 29873U 99025FT  18213.16151231 -.00000033  00000-0  99563-5 0  9993
2 29873  99.3183 328.5389 0092261 289.7748 139.5333 13.95495659587785
1 29874U 99025FU  18212.95541171  .00000336  00000-0  21310-3 0  9994
2 29874  98.3696 251.6742 0139329 146.4083 303.5247 14.04958514589055
1 29875U 99025FV  18212.69923230 -.00000019 +00000-0 +10545-4 0  9994
2 29875 098.6675 296.3200 0082741 347.8980 165.9804 14.24286022600119
1 29876U 99025FW  18213.37112216  .00000020  00000-0  28747-4 0  9999
2 29876  98.2967   8.8707 0061472 266.4218 122.8645 14.18633989597724
1 29877U 99025FX  18212.56614413 +.00000092 +00000-0 +63240-4 0  9992
2 29877 098.7447 245.6524 0050699 089.5459 063.0562 14.19861337597467
1 29878U 99025FY  18212.35804140  .00000482  00000-0  18055-3 0  9994
2 29878  97.0097 104.1982 0124941 324.3573  34.9318 14.30773730598163
1 29880U 99025GA  18212.56278292  .00000219  00000-0  17390-3 0  9992
2 29880  98.1573  67.2930 0254154  12.3125  19.8893 13.85387941582499
1 29881U 99025GB  18212.15014933  .00000650  00000-0  77751-3 0  9994
2 29881  98.7406  98.6319 0307404 183.5908 332.4265 13.51933883568134
1 29884U 99025GE  18212.67780458 +.00000302 +00000-0 +13857-3 0  9997
2 29884 099.5708 288.6459 0051449 266.9127 247.8789 14.28872949600385
1 29885U 99025GF  18212.96802601 -.00000003  00000-0  19267-4 0  9996
2 29885  98.3717 309.3897 0120445 354.0328  56.8136 14.12008759594856
1 29886U 99025GG  18213.53830130  .00001043  00000-0  38126-3 0  9997
2 29886  99.2164  93.1838 0040250 116.0647   3.0170 14.34823365599153
1 29887U 99025GH  18212.99857941  .00000234  00000-0  78418-4 0  9996
2 29887  99.0090 228.2774 0327040 228.3461 159.5548 14.21423267596725
1 29888U 99025GJ  18212.72809201 -.00000007 +00000-0 +14821-4 0  9991
2 29888 098.9692 316.3655 0296203 077.3364 286.0749 14.12958248594537
1 29889U 99025GK  18212.58710711 +.00000089 +00000-0 +69661-4 0  9994
2 29889 099.4562 134.3733 0159114 295.6390 189.6857 14.10290618593634
1 29890U 99025GL  18212.71068612 +.00000307 +00000-0 +19040-3 0  9995
2 29890 099.4541 123.6200 0021030 035.3704 324.8857 14.13057508593653
1 29891U 99025GM  18212.40883185 +.00000355 +00000-0 +27536-3 0  9994
2 29891 098.9932 275.5006 0066743 154.6965 267.4530 13.97948196588711
1 29892U 99025GN  18212.63784333  .00000828  00000-0  41730-3 0  9992
2 29892  99.2148 269.8406 0270639 257.5191 259.9310 14.02001613587565
1 29893U 99025GP  18211.91456596 +.00000012 +00000-0 +44675-4 0  9997
2 29893 098.4851 184.0410 0173478 237.5379 147.3633 13.78355567580484
1 29894U 99025GQ  18213.46972696  .00000123  00000-0  15248-3 0  9990
2 29894  99.6017 196.5154 0172022 248.0681 270.7178 13.77970744580116
1 29895U 99025GR  18213.15374772  .00000472  00000-0  26443-3 0  9994
2 29895  99.8766  97.2227 0370769 290.2911 227.2504 13.86502930580973
1 29896U 99025GS  18210.59243264 +.00000145 +00000-0 +19652-3 0  9992
2 29896 099.5381 126.3425 0244582 156.5153 327.3459 13.62819412573482
1 29897U 99025GT  18212.46079557  .00000549  00000-0  69810-3 0  9992
2 29897  98.6250  29.0471 0319563 225.1219 162.1006 13.47799892566203
1 29898U 99025GU  18212.87435365  .00000442  00000-0  34080-3 0  9994
2 29898  98.2075 236.7288 0483637  91.1265  30.0247 13.52213630566717
1 29899U 99025GV  18212.83714499 -.00000016  00000-0  26137-4 0  9992
2 29899  98.6726   2.6331 0354680 356.3860   3.4720 13.36703281563137
1 29901U 99025GX  18212.39424462  .00000010  00000-0  57814-4 0  9994
2 29901  98.7600  10.3877 0385006 132.5601 260.9491 13.31834592560932
1 29903U 99025GZ  18213.21656848  .00000687  00000-0  17349-3 0  9991
2 29903  98.9498 118.2020 0084224 103.5972 257.4619 14.52473526607492
1 29904U 99025HA  18213.46189101  .00000064  00000-0  31647-4 0  9999
2 29904  99.0290  80.7223 0231511 321.5984  36.8914 14.36086623604024
1 29905U 99025HB  18212.84573491  .00010712  00000-0  60186-3 0  9990
2 29905  99.2190 351.7458 0020944 280.4922  79.3944 15.13374725613099
1 29906U 99025HC  18213.11672564  .00000493  00000-0  23185-3 0  9996
2 29906  98.8368 264.1219 0053270  95.3011 265.4248 14.23725178597193
1 29907U 99025HD  18212.94478300 -.00000034 +00000-0 +74779-5 0  9998
2 29907 099.2366 209.8106 0086955 128.6290 262.1059 14.00723828588406
1 29909U 99025HF  18212.62029517  .00000431  00000-0  19077-3 0  9995
2 29909  98.7752 267.4174 0062064  32.7267 121.3099 14.27209344598525
1 29911U 99025HH  18212.93261958 +.00000183 +00000-0 +12306-3 0  9991
2 29911 098.9798 244.3402 0031386 235.8128 244.6475 14.12456766593958
1 29912U 99025HJ  18212.94281457 +.00000385 +00000-0 +19084-3 0  9993
2 29912 098.8856 255.5919 0056956 118.3097 004.5992 14.22153921596543
1 29913U 99025HK  18213.04822973 -.00000165  00000-0 -73488-4 0  9997
2 29913  98.9411 243.2153 0063552 253.9620 125.2022 14.04895294591753
1 29914U 99025HL  18212.76934757 -.00000094 +00000-0 -31664-4 0  9991
2 29914 099.1617 235.0280 0036391 020.8657 034.1024 14.02076246590695
1 28985U 92047AN  17202.78153660 -.00000011 +00000-0 +00000-0 0  9995
2 28985 064.0819 131.3466 3779873 322.9036 016.1540 06.52873968268271
1 29029U 93014AW  18208.44610794 +.00002198 +00000-0 +25803-3 0  9994
2 29029 075.7411 257.6563 0066470 022.9835 337.4302 14.83713035664525
