1 31484U 99025BVY 18205.29066917 +.00001555 +00000-0 +92543-3 0  9993
2 31484 101.8232 326.8677 0166904 185.2682 174.6722 14.02930872261178
1 31485U 99025BVZ 18205.45690124 +.00000223 +00000-0 +32198-3 0  9996
2 31485 102.7240 081.0085 0512583 300.6396 054.5128 13.26049012545739
1 31486U 99025BWA 18205.41790588 +.00001126 +00000-0 +50857-3 0  9993
2 31486 102.2794 010.9227 0022153 015.6359 344.5486 14.25395808581432
1 31487U 99025BWB 18205.08103219 +.00000192 +00000-0 +20447-3 0  9990
2 31487 102.4211 155.0435 0130423 268.5043 154.5895 13.88697300569754
1 31488U 99025BWC 18204.98943796 +.00001041 +00000-0 +37161-3 0  9996
2 31488 102.6772 248.3890 0086583 079.7800 281.3120 14.35877605261334
1 31491U 99025BWE 18205.34975045 +.00000346 +00000-0 +24182-3 0  9999
2 31491 099.3248 340.8193 0061878 179.3412 180.7846 14.04514624572784
1 31492U 99025BWF 18205.16451361 +.00000534 +00000-0 +23242-3 0  9995
2 31492 098.8659 277.8395 0141156 003.6549 025.4996 14.22978558578840
1 31493U 99025BWG 18184.91357746  .00000098  00000-0  11808-3 0  9997
2 31493 100.1669 213.6502 0128761  81.6234 279.9494 13.87639704565865
1 31494U 99025BWH 18205.41212800 +.00000689 +00000-0 +27878-3 0  9998
2 31494 099.5888 269.9965 0033627 030.3994 329.9127 14.31214694584167
1 31495U 99025BWJ 18204.48989609 +.00000459 +00000-0 +25585-3 0  9991
2 31495 099.0506 317.6501 0031689 288.3319 071.4408 14.15792849250952
1 31496U 99025BWK 18204.52514343 +.00003583 +00000-0 +19293-3 0  9996
2 31496 099.1242 100.9543 0115198 123.0375 238.1979 15.10132279603335
1 31497U 99025BWL 18201.33276713 +.00000044 +00000-0 +26439-4 0  9999
2 31497 098.3952 234.4118 0176900 155.6187 268.8465 14.35812389587521
1 31498U 99025BWM 18204.20298471 +.00000639 +00000-0 +64987-3 0  9993
2 31498 098.5068 089.4221 0237056 161.6754 199.3119 13.68261600558084
1 31499U 99025BWN 18205.57141896 +.00001122 +00000-0 +79934-3 0  9999
2 31499 097.6754 113.5665 0328499 163.8382 197.3558 13.75975865250820
1 31500U 99025BWP 18204.90413548 +.00008994 +00000-0 +42619-3 0  9998
2 31500 098.8943 092.2338 0248668 035.8077 325.9530 14.96284609357183
1 31501U 99025BWQ 18203.96077651 +.00000369 +00000-0 +21454-3 0  9997
2 31501 098.9744 239.7417 0049657 144.9182 215.5278 14.14229730578065
1 31502U 99025BWR 18205.51867133 +.00000726 +00000-0 +49506-3 0  9998
2 31502 099.2542 232.7177 0082706 153.8441 206.6937 14.01541782226817
1 31503U 99025BWS 18204.76399613 +.00000333 +00000-0 +20784-3 0  9999
2 31503 100.1340 037.4437 0057589 001.4926 358.6403 14.12234516578601
1 31504U 99025BWT 18205.15885163 +.00001892 +00000-0 +53217-3 0  9992
2 31504 101.5096 082.2598 0154833 034.8785 119.5725 14.40997431583952
1 31505U 99025BWU 18205.42373190 +.00001119 +00000-0 +48120-3 0  9994
2 31505 101.9294 201.9504 0049340 326.4769 033.3280 14.27304392578295
1 31507U 99025BWW 18204.33818497 +.00000160 +00000-0 +55884-4 0  9990
2 31507 098.5180 239.5249 0132446 353.9727 062.8779 14.43542925590168
1 31508U 99025BWX 18203.35540453 +.00000553 +00000-0 +23423-3 0  9995
2 31508 098.7830 254.1915 0057541 041.3174 319.2339 14.28521196581691
1 31509U 99025BWY 18205.50051707 +.00000442 +00000-0 +35433-3 0  9995
2 31509 098.8755 039.5901 0224873 339.3501 019.8676 13.84636699566334
1 31510U 99025BWZ 18205.33179578 +.00000096 +00000-0 +65751-4 0  9997
2 31510 098.7179 238.8943 0038669 219.5907 202.7284 14.19484909581687
1 31511U 99025BXA 18205.50031492 +.00000375 +00000-0 +20651-3 0  9998
2 31511 098.9893 296.5616 0130582 340.5656 019.0563 14.13447117577514
1 31512U 99025BXB 18205.18927292 +.00000201 +00000-0 +76065-4 0  9994
2 31512 098.8140 333.5363 0162763 186.7242 296.1221 14.35068388267368
1 31513U 99025BXC 18204.91226852 +.00000460 +00000-0 +26532-3 0  9999
2 31513 098.9793 251.4481 0035091 274.3245 085.3918 14.13876981346016
1 31514U 99025BXD 18204.15936301 +.00000470 +00000-0 +29615-3 0  9999
2 31514 099.2476 333.5994 0063591 100.4151 260.4193 14.08304722312298
1 31515U 99025BXE 18204.46500743 +.00000082 +00000-0 +78399-4 0  9994
2 31515 099.0236 284.7746 0062286 122.3907 238.3307 14.03824747204396
1 31516U 99025BXF 18205.45672719 +.00000059 +00000-0 +41766-4 0  9990
2 31516 098.7840 295.3941 0159807 102.8259 319.8171 14.20555708581757
1 31518U 99025BXH 17315.68762109  .00001196  00000-0  71446-3 0  9991
2 31518  99.1743 281.2477 0097542 138.7924 221.9796 14.06800122536166
1 31519U 99025BXJ 18205.33383006 +.00000100 +00000-0 +67881-4 0  9991
2 31519 098.7137 238.3628 0057088 121.3166 239.3615 14.18773047264683
1 31520U 99025BXK 18204.98778029 +.00001040 +00000-0 +41405-3 0  9993
2 31520 098.8818 263.8107 0002384 042.1464 317.9900 14.30866179581952
1 31521U 99025BXL 18204.38711765 +.00001138 +00000-0 +38354-3 0  9999
2 31521 098.7081 272.1040 0076696 265.5750 093.6671 14.37376141584957
1 31522U 99025BXM 18205.13929542 -.00000161 +00000-0 -78854-4 0  9995
2 31522 099.0018 268.3474 0050632 141.7316 218.7459 14.00228534573218
1 31523U 99025BXN 18205.25608976 -.00000025 +00000-0 +11117-4 0  9991
2 31523 099.0829 214.7256 0038384 188.3712 233.5395 14.13631674579227
1 31524U 99025BXP 18204.13446851 -.00000062 +00000-0 -55235-5 0  9992
2 31524 099.2425 327.3460 0289663 007.9336 112.6469 14.03161264574132
1 31526U 99025BXR 15035.26226016 +.00016057 +00000-0 +53705-2 0  9992
2 31526 099.1926 203.0443 0110063 170.4020 316.2973 14.34070193409125
1 31527U 99025BXS 18205.39934225 -.00000061 +00000-0 -37568-4 0  9998
2 31527 098.9089 000.2980 0454800 026.2933 336.0523 13.21541743545320
1 31529U 99025BXU 18204.91879895 +.00000583 +00000-0 +29689-3 0  9999
2 31529 098.9467 242.4941 0050670 196.7044 287.8077 14.19087389264450
1 31530U 99025BXV 18170.25265464  .00001401  00000-0  39105-3 0  9995
2 31530  99.3731 176.0203 0101996 291.1599  67.8713 14.45146532585440
1 31531U 99025BXW 18205.41699941 +.00000452 +00000-0 +14966-3 0  9997
2 31531 098.6917 275.7784 0283615 249.1452 107.9144 14.22785427254769
1 31532U 99025BXX 18205.16433553 +.00000854 +00000-0 +37235-3 0  9995
2 31532 099.1820 320.4960 0140143 050.4753 310.8713 14.21515972580357
1 31533U 99025BXY 18205.57818283 +.00000078 +00000-0 +53137-4 0  9996
2 31533 098.9883 337.5000 0068693 183.4427 176.6287 14.23725928277007
1 31534U 99025BXZ 18205.08852772 +.00000766 +00000-0 +32968-3 0  9996
2 31534 098.9545 312.4280 0016609 342.1613 017.8982 14.27627845267310
1 31535U 99025BYA 18199.89195422  .00000272  00000-0  13677-3 0  9998
2 31535  98.0521 233.6948 0096014 211.3513 148.1920 14.20941257582987
1 31536U 99025BYB 18205.53499851 +.00000642 +00000-0 +14017-3 0  9991
2 31536 098.1511 234.9176 0426800 220.4476 136.4242 14.17197740577868
1 31537U 99025BYC 18205.18995461 +.00000323 +00000-0 +13862-3 0  9994
2 31537 099.1060 348.7971 0519358 043.3413 073.7691 13.76512553558788
1 31538U 99025BYD 18205.43533400 +.00001042 +00000-0 +37772-3 0  9999
2 31538 098.3932 082.4414 0060940 196.6706 163.2477 14.34355424279983
1 31539U 99025BYE 18205.46894622 +.00011534 +00000-0 +91263-3 0  9991
2 31539 099.0570 200.8512 0020506 035.4749 324.7830 15.00662634591090
1 31540U 99025BYF 18204.56073911 +.00000316 +00000-0 +77151-4 0  9990
2 31540 099.0050 128.0146 0236200 106.3339 256.3964 14.44756064591964
1 31541U 99025BYG 18204.54213515 +.00000428 +00000-0 +11900-3 0  9998
2 31541 098.9445 118.8953 0113950 097.5616 263.8536 14.48247137592328
1 31542U 99025BYH 18205.33086685 +.00000434 +00000-0 +26122-3 0  9992
2 31542 098.9589 246.6988 0052041 324.8962 034.8783 14.11438250578747
1 31544U 99025BYK 18205.26472529 +.00000334 +00000-0 +22047-3 0  9993
2 31544 099.0977 227.9115 0033236 300.9749 058.8156 14.08395034578376
1 31545U 99025BYL 11315.51651462 +.00002328 +00000-0 +81732-3 0  9993
2 31545 098.9864 036.0122 0100147 207.7392 151.7563 14.33224036238943
1 31546U 99025BYM 18205.26612052 +.00000226 +00000-0 +16600-3 0  9990
2 31546 098.2365 140.2341 0175803 224.2238 134.4764 13.97159674569906
1 31547U 99025BYN 18205.11163972 +.00000348 +00000-0 +21975-3 0  9993
2 31547 099.0324 163.6964 0065228 301.8423 057.6408 14.09812972258893
1 31548U 99025BYP 18204.28265807 +.00001410 +00000-0 +37732-3 0  9990
2 31548 099.3829 229.8037 0112146 153.1539 207.5514 14.46479586207957
1 31550U 99025BYR 18204.34016483 +.00000094 +00000-0 +43082-4 0  9997
2 31550 098.5247 252.6676 0217576 014.8714 345.8734 14.30149979268038
1 31551U 99025BYS 18205.00681778 +.00001811 +00000-0 +98879-3 0  9998
2 31551 098.8446 110.3444 0087754 020.0191 036.3885 14.11377742317244
1 31552U 99025BYT 18205.41212795 +.00000958 +00000-0 +50748-3 0  9997
2 31552 098.5580 009.9003 0143501 248.0569 110.5298 14.10829290576103
1 31553U 99025BYU 18203.47074694 +.00000477 +00000-0 +27583-3 0  9993
2 31553 098.9918 172.2146 0035918 219.5574 268.1099 14.13476556576370
1 31554U 99025BYV 18205.35660886 +.00000580 +00000-0 +30001-3 0  9991
2 31554 098.9684 256.0949 0061255 256.4089 103.0258 14.17990254579622
1 31555U 99025BYW 18201.28839189 +.00000241 +00000-0 +10597-3 0  9996
2 31555 099.1605 357.2456 0207652 059.8375 302.3196 14.21838146580164
1 31557U 99025BYY 18205.32856227 +.00000042 +00000-0 +25538-4 0  9990
2 31557 098.3985 252.6774 0186533 082.2072 280.0246 14.35070738223585
1 31558U 99025BYZ 18205.17990948 +.00000078 +00000-0 +36728-4 0  9995
2 31558 098.8335 338.1852 0222260 281.3946 205.1814 14.34443280587179
1 31559U 99025BZA 18205.39206262 +.00000362 +00000-0 +13022-3 0  9996
2 31559 098.9202 002.2249 0084937 310.6873 078.7590 14.38118749588387
1 31560U 99025BZB 18205.29231933 -.00000003 +00000-0 +17936-4 0  9992
2 31560 098.9266 224.3314 0122268 159.2476 201.3726 14.20556941583443
1 31561U 99025BZC 18205.37698008 +.00000327 +00000-0 +24847-3 0  9998
2 31561 098.9660 260.7180 0065027 139.3928 279.5240 13.99726266574034
1 31562U 99025BZD 18205.27675987 +.00000263 +00000-0 +11686-3 0  9995
2 31562 099.2216 135.1883 0067107 177.9649 182.1817 14.30464393586072
1 31563U 99025BZE 18205.24245225 +.00000208 +00000-0 +59056-4 0  9994
2 31563 098.9030 135.4357 0142429 326.8786 032.3549 14.51318005593178
1 31564U 99025BZF 18205.11626583 +.00009384 +00000-0 +92459-3 0  9998
2 31564 098.7526 330.0609 0000433 063.2367 296.8893 14.92296958590819
1 31565U 99025BZG 18205.22647498 +.00000650 +00000-0 +41490-3 0  9995
2 31565 100.7380 222.2523 0082371 029.0147 331.5557 14.06632834261963
1 31566U 99025BZH 18204.65478310 +.00000634 +00000-0 +33818-3 0  9994
2 31566 098.9436 174.7919 0029796 177.0142 236.7964 14.16770642580227
1 31567U 99025BZJ 18205.25682852 +.00000655 +00000-0 +64976-3 0  9992
2 31567 102.3068 313.9537 0214551 175.2935 185.0287 13.74117719302079
1 31568U 99025BZK 18205.14498390 +.00001137 +00000-0 +93580-3 0  9992
2 31568 102.0925 329.8660 0159216 190.6307 169.1458 13.86734320572014
1 31569U 99025BZL 18205.28469795 +.00000613 +00000-0 +57187-3 0  9996
2 31569 102.6095 131.5612 0204205 188.6920 327.5810 13.79072221563559
1 31570U 99025BZM 18204.95931486 +.00000143 +00000-0 +13526-3 0  9999
2 31570 102.6089 256.7880 0191109 270.5869 087.3386 13.96641767570375
1 31581U 99057PC  18204.66202881 +.00007326 +00000-0 +45240-3 0  9992
2 31581 098.2251 276.3835 0002132 024.2912 335.8416 15.10223459602391
1 31583U 99057PE  18205.08457462 +.00000780 +00000-0 +20238-3 0  9995
2 31583 098.4092 162.3562 0003012 081.7394 278.4143 14.52488553271281
1 31589U 99057PL  18205.18724413 +.00003035 +00000-0 +46038-3 0  9997
2 31589 098.2693 183.6615 0014612 276.0742 083.8801 14.74819148297976
1 31591U 99057PN  18205.22259805 +.00001545 +00000-0 +28837-3 0  9994
2 31591 098.3475 197.2436 0006677 278.2242 081.8204 14.66415422596268
1 31594U 99057PR  18205.19491615 +.00001215 +00000-0 +25449-3 0  9990
2 31594 098.3669 186.5951 0007856 006.3971 353.7328 14.61567669312460
1 31608U 99025BZN 18205.28874045 +.00000415 +00000-0 +76189-4 0  9992
2 31608 098.5837 218.1313 0225343 161.7817 199.1621 14.56481996592265
1 31609U 99025BZP 18203.39664477  .00000774  00000-0  54508-3 0  9997
2 31609  99.1437 163.2868 0102261 220.6823 294.8085 13.98701651569088
1 31611U 99025BZR 18201.79837792 +.00001438 +00000-0 +50551-3 0  9996
2 31611 098.9750 319.3121 0108775 291.1726 225.8684 14.33341454282333
1 31612U 99025BZS 18205.06586437 +.00000729 +00000-0 +81058-4 0  9997
2 31612 100.3675 304.6079 0181339 113.6848 248.3502 14.80953249598700
1 31613U 99025BZT 18205.23337930 +.00000357 +00000-0 +36980-3 0  9999
2 31613 098.4512 002.8725 0365344 338.3648 020.2390 13.55522269551769
1 31614U 99025BZU 18205.22984045 +.00000813 +00000-0 +35689-3 0  9996
2 31614 098.9796 305.6112 0065052 014.5857 015.0659 14.25320569576406
1 31615U 99025BZV 18205.10718918 +.00000798 +00000-0 +43171-3 0  9995
2 31615 099.1222 171.2876 0244490 321.8108 036.5952 14.01380390272348
1 31616U 99025BZW 18204.99223996 +.00001492 +00000-0 +45943-3 0  9990
2 31616 096.5895 278.1038 0107489 163.1148 197.3668 14.39137774584062
1 31617U 99025BZX 18185.24521414  .00000999  00000-0  28815-3 0  9993
2 31617  96.7065 359.3507 0137148 108.1489 253.4694 14.40699069585021
1 31618U 99025BZY 18204.06016210 +.00000066 +00000-0 +50295-4 0  9992
2 31618 099.4011 139.2764 0165854 350.1326 009.6602 14.16998251578803
1 31619U 99025BZZ 18205.12900937 +.00001120 +00000-0 +46543-3 0  9991
2 31619 099.1100 263.9974 0266696 138.8422 255.0220 14.11002369250533
1 31620U 99025CAA 18205.25193508 +.00000713 +00000-0 +38831-3 0  9993
2 31620 099.0396 213.4516 0027862 205.0240 154.9584 14.15334737275244
1 31622U 99025CAC 18205.54727897 +.00000634 +00000-0 +33415-3 0  9996
2 31622 098.9716 241.4701 0021362 186.3706 332.2645 14.17547690574117
1 31623U 99025CAD 18182.36117209  .00000075  00000-0  87833-4 0  9994
2 31623  97.6433 149.8963 0199892  13.0663 347.5567 13.80344642563147
1 31624U 99025CAE 18205.40025209 +.00000935 +00000-0 +30552-3 0  9994
2 31624 099.6790 004.1240 0055184 255.4623 133.8664 14.40530240583740
1 31625U 99025CAF 18205.53570896 +.00000025 +00000-0 +18476-4 0  9998
2 31625 098.8043 106.7498 0157490 257.1894 227.8282 14.51252087592347
1 31626U 99025CAG 18204.53292357 +.00001165 +00000-0 +47949-3 0  9993
2 31626 101.3046 312.8940 0031106 195.6778 164.3434 14.29578455252246
1 31627U 99025CAH 18204.93180149 +.00000372 +00000-0 +18187-3 0  9994
2 31627 098.7761 248.1019 0063184 101.0878 259.7414 14.22732675262989
1 31628U 99025CAJ 18205.17315798 +.00000111 +00000-0 +16306-3 0  9994
2 31628 102.2733 319.6624 0187870 092.2294 270.0368 13.75044861561164
1 31629U 99025CAK 18205.52917580 +.00001010 +00000-0 +75710-3 0  9994
2 31629 102.1529 062.7399 0131898 164.4127 196.1142 13.94155236566970
1 31630U 99025CAL 18203.33141327 +.00000402 +00000-0 +52085-4 0  9996
2 31630 097.8845 042.4156 0320168 312.1096 045.3285 14.56854923589804
1 31631U 99025CAM 18205.12183532 +.00000839 +00000-0 +48422-3 0  9993
2 31631 099.3078 298.0696 0190521 020.2421 340.6169 14.03172395568712
1 31632U 99025CAN 18205.37442394 +.00001766 +00000-0 +40353-3 0  9990
2 31632 099.0192 058.5386 0135656 255.1253 229.8443 14.51700399256690
1 31633U 99025CAP 18205.41163858 -.00000132 +00000-0 -57840-4 0  9999
2 31633 098.9863 261.4914 0068566 133.5857 227.1028 14.01162651573780
1 31634U 99025CAQ 18200.12164452  .00000024  00000-0  52719-4 0  9992
2 31634  99.3300 160.6121 0092274 247.1073 112.0325 13.92509655570010
1 31635U 99025CAR 18183.19934610  .00000784  00000-0  30656-3 0  9999
2 31635  99.4457 171.9917 0050269 278.1349  81.4131 14.32125761580945
1 31636U 99025CAS 18205.27381815 +.00001694 +00000-0 +83813-4 0  9992
2 31636 098.8898 016.5127 0162323 245.8663 112.5514 15.08981810607074
1 31637U 99025CAT 18205.61280257 +.00000883 +00000-0 +38305-3 0  9993
2 31637 099.1041 342.1299 0061332 082.7021 278.1123 14.25886003208653
1 31639U 99025CAV 18202.50282587  .00000024  00000-0  53707-4 0  9999
2 31639  98.7814 306.7067 0161635 285.5380 134.1604 13.84225394566976
1 31640U 99025CAW 18205.08605106 +.00001841 +00000-0 +12842-3 0  9995
2 31640 099.2349 067.8448 0182423 336.0839 023.1979 14.94720498601489
1 31642U 99025CAY 18205.19560933 +.00000135 +00000-0 +65929-4 0  9997
2 31642 098.6362 290.6187 0126540 273.3558 085.3155 14.28818846584505
1 31643U 99025CAZ 18176.92767661  .00000712  00000-0  50888-3 0  9991
2 31643  98.3356 192.3551 0104296  55.8400  60.2480 13.97483374567314
1 31644U 99025CBA 18204.10222486 +.00000290 +00000-0 +73063-4 0  9997
2 31644 098.6082 318.5605 0212372 096.6221 028.3362 14.46102279318826
1 31646U 99025CBC 18177.31733986  .00000168  00000-0  11961-3 0  9995
2 31646  98.9724 208.1723 0035383  11.4047 348.7917 14.10031227573176
1 31647U 99025CBD 18203.48845125  .00001102  00000-0  57881-3 0  9993
2 31647  98.0652 102.5526 0180123  61.7862 300.1368 14.07828973572698
1 31648U 99025CBE 18205.20936061 +.00000044 +00000-0 +87439-4 0  9993
2 31648 102.8149 001.4697 0070820 035.3669 325.2146 13.94970080569076
1 31649U 99025CBF 18203.99034048 +.00000611 +00000-0 +65637-3 0  9997
2 31649 098.1920 268.4678 0283178 197.1917 161.9484 13.60631878555842
1 31650U 99025CBG 18204.39192307 +.00001968 +00000-0 +53194-3 0  9998
2 31650 095.2166 259.3751 0237266 342.0882 017.2050 14.32942607251215
1 31652U 99025CBJ 18205.06795440 +.00002502 +00000-0 +69694-3 0  9999
2 31652 095.9367 320.5273 0127065 216.4512 142.7984 14.42184925582215
1 31653U 99025CBK 18170.56598013 +.00001301 +00000-0 +42076-3 0  9994
2 31653 096.6658 282.2079 0108763 331.5115 028.0158 14.36891281577718
1 31654U 99025CBL 16335.87924782 -.07214280  00000-0  00000+0 0  9993
2 31654  97.5658 298.9789 0078558  65.0753 295.9170 15.48867629478437
1 31655U 99025CBM 18205.01062708 +.00000324 +00000-0 +41580-3 0  9995
2 31655 099.2928 278.6564 0338615 125.9999 358.0447 13.47617092232434
1 31656U 99025CBN 18205.46102399 +.00000702 +00000-0 +34071-3 0  9993
2 31656 099.2255 021.0427 0032495 250.8488 137.4142 14.21567828579589
1 31657U 99025CBP 18205.54828838 -.00000066 +00000-0 +16384-5 0  9999
2 31657 102.2379 338.1810 0176032 016.5726 344.1071 13.80816429254933
1 31658U 99025CBQ 18204.89914510 +.00001206 +00000-0 +92161-3 0  9991
2 31658 098.1626 001.4444 0264636 223.2327 134.7787 13.79863915324505
1 31659U 99025CBR 18205.21521825 +.00000627 +00000-0 +11052-3 0  9998
2 31659 099.0594 202.1329 0179716 245.0509 113.1925 14.62034501589647
1 31660U 99025CBS 18204.94191195 +.00000139 +00000-0 +79814-4 0  9991
2 31660 098.6931 244.4746 0114492 095.5004 265.9244 14.20174501283346
1 31661U 99025CBT 18205.58782597 +.00000328 +00000-0 +20004-3 0  9991
2 31661 099.0436 237.4048 0068262 327.4157 185.1567 14.11920478575389
1 31662U 99025CBU 10221.73015106 -.00000041 +00000-0 +15524-5 0  9990
2 31662 098.9687 199.0028 0048105 056.7627 302.2132 14.03367415171755
1 31663U 99025CBV 18205.19457052 +.00000131 +00000-0 +26668-4 0  9990
2 31663 098.9133 205.1703 0220818 333.5196 025.4855 14.65816072596732
1 31664U 99025CBW 18205.55472011 -.00000062 +00000-0 -10389-4 0  9991
2 31664 098.8567 239.3399 0129352 208.5787 150.8249 14.06931435580358
1 31665U 99025CBX 18202.78029337  .00000129  00000-0  14570-3 0  9990
2 31665  98.4795 132.4104 0202198 319.2378  94.2054 13.77323657561274
1 31666U 99025CBY 18205.39268328 +.00000675 +00000-0 +25558-3 0  9990
2 31666 098.6964 274.5294 0058933 311.9470 047.6699 14.33542973583516
1 31667U 99025CBZ 18205.15706570 +.00000056 +00000-0 +47024-4 0  9997
2 31667 098.9103 316.1875 0052593 240.7939 118.7971 14.20414455581013
1 31668U 99025CCA 18177.04176528 +.00002260 +00000-0 +56324-3 0  9999
2 31668 096.5449 267.9685 0098669 115.7825 245.3595 14.49371198581096
1 31670U 99025CCC 18205.29308002 +.00000596 +00000-0 +64576-3 0  9993
2 31670 098.4216 029.7047 0266304 254.0441 103.1217 13.62270560554796
1 31671U 99025CCD 11106.28784769 +.00000788 +00000-0 +53306-3 0  9996
2 31671 099.1906 122.5605 0101331 133.2425 228.3225 14.00829917204746
1 31672U 99025CCE 18202.03833191  .00000570  00000-0  23714-3 0  9997
2 31672  98.8357 293.6871 0156681 302.6726  55.9421 14.23992665583212
1 31673U 99025CCF 18205.36158997 +.00000040 +00000-0 +34035-4 0  9992
2 31673 099.3414 170.6142 0131368 228.9695 130.0069 14.27947473586709
1 31674U 99025CCG 18205.09683384 +.00000852 +00000-0 +43369-3 0  9996
2 31674 098.8708 156.4707 0037068 174.0392 186.1231 14.18135982261433
1 31675U 99025CCH 18204.98391769 +.00000992 +00000-0 +54604-3 0  9996
2 31675 098.4430 286.1000 0135781 162.4132 198.1809 14.09113691572727
1 31676U 99025CCJ 18200.00235767  .00000000  00000-0  39560-4 0  9996
2 31676  98.6008 272.4043 0417850 117.0767 247.3632 13.31394684542226
1 31677U 99025CCK 07169.86885332 +.00000222 +00000-0 +14573-3 0  9994
2 31677 099.0638 160.9698 0027495 163.5132 196.6940 14.11920022006012
1 31678U 99025CCL 18205.20388325 +.00000513 +00000-0 +12421-3 0  9999
2 31678 098.9801 199.8504 0348298 022.9879 338.6468 14.26865990581911
1 31679U 99025CCM 18204.75571627 +.00001107 +00000-0 +33349-3 0  9990
2 31679 098.9758 028.8184 0073950 234.2786 125.1508 14.43198783199707
1 31680U 99025CCN 18205.24811115 +.00000346 +00000-0 +50985-4 0  9996
2 31680 099.8664 002.9031 0178950 330.9659 028.1681 14.74531911601595
1 31682U 99025CCQ 18205.37047769 +.00002639 +00000-0 +60337-3 0  9996
2 31682 098.7259 261.6032 0037719 147.3977 212.9559 14.56174549584294
1 31683U 99025CCR 18205.21766352 +.00000910 +00000-0 +28400-3 0  9991
2 31683 098.7593 217.1269 0074182 152.5845 207.9288 14.41763717268333
1 31684U 99025CCS 18199.38191720  .00000490  00000-0  30211-3 0  9999
2 31684  99.0324 262.6041 0059317  34.1640 326.3324 14.09379091572207
1 31685U 99025CCT 18205.54877139 -.00000029 +00000-0 +94859-5 0  9990
2 31685 099.0414 229.4951 0015644 261.4125 253.4749 14.08851952570903
1 31686U 99025CCU 18205.00456196 +.00000543 +00000-0 +73297-4 0  9990
2 31686 098.4675 273.5862 0393175 074.4680 044.5047 14.41521727587384
1 31687U 99025CCV 17278.30914198  .00000903  00000-0  43183-3 0  9994
2 31687  98.9352 308.3899 0006006 190.3166 169.7888 14.21681365540295
1 31688U 99025CCW 18205.23556812 +.00000196 +00000-0 +15722-3 0  9995
2 31688 099.2886 215.7251 0072390 030.4355 330.0982 14.01308106574762
1 31690U 99025CCY 18204.07509084 +.00001788 +00000-0 +53585-3 0  9995
2 31690 098.8217 307.4045 0029167 057.3393 303.0604 14.43848453586395
1 31691U 99025CCZ 18202.91050538 +.00000540 +00000-0 +33142-3 0  9994
2 31691 099.0331 251.8079 0073442 320.0064 039.5709 14.08708844259625
1 31692U 99025CDA 18205.09039694 +.00000147 +00000-0 +13660-3 0  9993
2 31692 099.1599 156.8508 0117747 315.6027 043.5740 13.94305346575838
1 31695U 99025CDD 18205.39693512 +.00000619 +00000-0 +13301-3 0  9990
2 31695 098.5559 259.3647 0267051 189.3819 170.2327 14.42548101268775
1 31696U 99025CDE 18201.40062293  .00000157  00000-0  15291-3 0  9992
2 31696  97.8030 253.5079 0153586 315.9833  42.9181 13.85475744571247
1 31709U 99025CDG 18205.40998044 +.00001275 +00000-0 +71220-3 0  9999
2 31709 098.0343 065.6451 0189196 128.9676 232.8521 14.03574363256315
1 31710U 99025CDH 18205.23208706 +.00003940 +00000-0 +22709-3 0  9990
2 31710 098.9947 002.7530 0097416 109.3192 251.8597 15.09194363602780
1 31711U 99025CDJ 18204.92233887 +.00003632 +00000-0 +31915-3 0  9991
2 31711 099.0379 249.5614 0059724 237.8057 246.5357 14.96024484594666
1 31714U 99025CDM 18205.23550762 +.00001373 +00000-0 +63466-3 0  9999
2 31714 099.0408 301.2469 0057538 254.0222 134.0364 14.21779111574212
1 31715U 99025CDN 18205.59981012 +.00000398 +00000-0 +12158-3 0  9993
2 31715 099.2454 145.9649 0243489 062.9837 299.5977 14.32288636229661
1 31716U 99025CDP 18198.96778159  .00000179  00000-0  15272-3 0  9999
2 31716  98.5406 258.4905 0148600  62.8726  60.9082 13.93007600564532
1 31717U 99025CDQ 18204.31458028 +.00000418 +00000-0 +28822-3 0  9998
2 31717 096.9177 243.3419 0206015 329.5491 029.3840 13.93051011569069
1 31718U 99025CDR 18065.03339915  .00008746  00000-0  64948-3 0  9997
2 31718  96.6491 354.1703 0050549  76.5762 284.1093 15.02179894572407
1 31719U 99025CDS 18204.46436724 +.00001122 +00000-0 +93730-3 0  9998
2 31719 097.5556 082.3900 0213124 092.4687 270.0886 13.79830373214115
1 31720U 99025CDT 18205.21799882 +.00000336 +00000-0 +86051-4 0  9996
2 31720 099.1091 197.3547 0135716 014.3713 346.1281 14.52542929589350
1 31721U 99025CDU 18201.01356660  .00000002  00000-0  37673-4 0  9990
2 31721  99.5117 131.6996 0328174 329.9531  85.9923 13.70148410556405
1 31722U 99025CDV 18205.59199167 +.00001596 +00000-0 +49063-3 0  9999
2 31722 101.9614 348.9764 0021787 198.8013 223.6778 14.43709090580178
1 31723U 99025CDW 18205.46595134 +.00001187 +00000-0 +84145-3 0  9996
2 31723 097.8338 295.1468 0140013 280.0955 078.4440 13.94712093564954
1 31724U 99025CDX 18205.50342593 +.00000985 +00000-0 +42002-3 0  9992
2 31724 097.9011 089.3111 0215432 328.8960 029.9607 14.15369123577245
1 31725U 99025CDY 18155.12964060 -.00000447  00000-0 -70558-3 0  9996
2 31725  99.1966 123.4026 0715440 338.6962  18.5678 12.72346180514690
1 31726U 99025CDZ 18205.31222490 +.00000088 +00000-0 +64193-4 0  9996
2 31726 099.0187 249.1522 0257324 007.7307 053.7624 14.03171209574671
1 31727U 99025CEA 18205.38574397 +.00000517 +00000-0 +28449-3 0  9990
2 31727 098.9442 264.4992 0048829 168.1972 250.7997 14.15431702333511
1 31729U 99025CEC 18205.44865749 +.00001094 +00000-0 +70036-3 0  9993
2 31729 099.2516 294.4550 0086349 218.6879 140.8081 14.03825064256576
1 31731U 99025CEE 18204.79759142 +.00000555 +00000-0 +28831-3 0  9999
2 31731 099.3243 057.7819 0012588 236.5053 123.4919 14.19130662574763
1 31732U 99025CEF 18204.97559049 +.00000071 +00000-0 +65610-4 0  9994
2 31732 098.8728 280.3664 0040771 332.7559 027.1473 14.09465347262919
1 31733U 99025CEG 18205.51994385 +.00001205 +00000-0 +15506-3 0  9990
2 31733 099.0771 314.7847 0121324 102.8800 258.5993 14.78436483593475
1 31734U 99025CEH 18204.28130107 +.00000112 +00000-0 +63400-4 0  9991
2 31734 098.6051 238.9145 0110198 344.7544 015.0323 14.24339270579899
1 31735U 99025CEJ 18205.44895936 +.00000306 +00000-0 +12917-3 0  9990
2 31735 098.6411 287.6128 0070082 348.6345 011.3252 14.31190937579894
1 31736U 99025CEK 18205.27404569 +.00000019 +00000-0 +33898-4 0  9993
2 31736 098.8533 233.5586 0012136 008.3980 351.7393 14.12754856259528
1 31737U 99025CEL 18205.42953969 +.00000304 +00000-0 +67395-4 0  9990
2 31737 098.2470 276.4473 0186452 148.2292 269.9945 14.53992332588916
1 31738U 99025CEM 18205.35965019 +.00000102 +00000-0 +10380-3 0  9999
2 31738 099.5897 237.7982 0334381 351.0738 008.4558 13.74911378560238
1 31739U 99025CEN 18205.21516908 +.00000009 +00000-0 +25230-4 0  9991
2 31739 099.0358 207.1092 0128493 224.0957 134.9916 14.18054487572320
1 31740U 99025CEP 18205.39380197 +.00000372 +00000-0 +17735-3 0  9994
2 31740 099.8263 357.7709 0032141 139.9490 248.9028 14.26092818578462
1 31741U 99025CEQ 18205.21101539 +.00000378 +00000-0 +16536-3 0  9991
2 31741 099.1434 353.2841 0204045 221.5530 136.9982 14.19511256576367
1 31742U 99025CER 18205.56708292 +.00000240 +00000-0 +10582-3 0  9992
2 31742 098.7807 315.5427 0086311 306.1853 053.1368 14.30336645580071
1 31743U 99025CES 18205.21017539 +.00000345 +00000-0 +19875-3 0  9992
2 31743 099.2027 350.0861 0041480 329.1478 153.5125 14.15686815573511
1 31744U 99025CET 18205.26761928 +.00000837 +00000-0 +37522-3 0  9991
2 31744 099.4457 232.4499 0408862 184.1255 175.6495 13.88858519570641
1 31745U 99025CEU 18204.03359005 +.00000543 +00000-0 +20789-3 0  9996
2 31745 096.7613 138.4891 0477527 013.3472 347.9822 13.84758660564592
1 31746U 99025CEV 18205.13194892 +.00000640 +00000-0 +25304-3 0  9996
2 31746 098.6917 269.9486 0044343 350.0823 040.0103 14.31873297582071
1 31750U 99025CEZ 18204.14681469 +.00000605 +00000-0 +16601-3 0  9993
2 31750 098.7618 341.5634 0110183 079.6300 281.7289 14.47360482586715
1 31751U 99025CFA 18205.52187516 +.00001407 +00000-0 +46910-3 0  9998
2 31751 098.8674 301.4015 0063136 164.2899 196.0266 14.38060914583128
1 31752U 99025CFB 18197.22325890 -.00000110  00000-0 -36287-4 0  9994
2 31752  98.9258 345.0988 0404733  62.4336 301.7323 13.79290639561834
1 31753U 99025CFC 18205.53652663 +.00000081 +00000-0 +56951-4 0  9995
2 31753 098.9576 230.7738 0164552 327.0006 187.6243 14.15701438578191
1 31754U 99025CFD 18204.29024914 +.00000353 +00000-0 +15592-3 0  9997
2 31754 099.1077 020.5000 0062015 151.3074 209.1541 14.28812262583528
