1 32067U 99057QF  14154.12860017 +.00000137 +00000-0 +53917-4 0  9998
2 32067 098.1628 113.6504 0034846 358.7697 063.5312 14.42165538361474
1 32068U 99057QG  10297.19027138 +.00000643 +00000-0 +23502-3 0  9997
2 32068 098.1708 284.4884 0009118 032.0755 322.3860 14.36048704175456
1 32069U 99057QH  14086.12963755 +.00025109 +00000-0 +63848-2 0  9995
2 32069 098.2873 054.1104 0014579 052.0247 294.9089 14.50578187349441
1 32070U 99057QJ  12352.10236154 +.00012245 +00000-0 +32892-2 0  9997
2 32070 098.2113 319.3565 0008616 093.5074 266.0816 14.48184702291492
1 32071U 99057QK  18212.53739072 +.00002479 +00000-0 +27994-3 0  9999
2 32071 098.2665 243.4653 0003039 104.5525 255.6027 14.87503257271947
1 32072U 99057QL  18212.17215609 +.00000996 +00000-0 +20928-3 0  9997
2 32072 098.3642 194.4090 0007836 326.9468 033.1242 14.61796759243589
1 32075U 99057QP  18213.38353530  .00006565  00000-0  45774-3 0  9994
2 32075  98.2156 280.3704 0003161 131.6882 228.4614 15.05778340589429
1 32077U 99057QR  12105.17251714 +.00003811 +00000-0 +12084-2 0  9996
2 32077 098.2285 079.8109 0004590 154.4270 205.7483 14.40577270247706
1 32079U 99057QT  18211.09006111  .00000108  00000-0  49672-4 0  9993
2 32079  98.5193 156.9275 0005666 187.9411 230.5058 14.38707948583670
1 32080U 99057QU  18212.99340363  .00009219  00000-0  52939-3 0  9996
2 32080  98.2325 275.7358 0006811  34.9893 325.1782 15.12762833591903
1 32081U 99057QV  18212.41325649 +.00003245 +00000-0 +39420-3 0  9997
2 32081 098.2390 201.2870 0014964 160.9280 199.2497 14.84187322271086
1 32082U 99057QW  18213.38307269  .00005456  00000-0  45775-3 0  9999
2 32082  98.2469 274.7624 0008562 132.0475 228.1476 14.98790255590767
1 32084U 99057QY  18211.23362649  .00001326  00000-0  23610-3 0  9992
2 32084  98.3335 206.9678 0001489 313.7117 102.7370 14.68775363603361
1 32085U 99057QZ  18212.87722019  .00001956  00000-0  28034-3 0  9999
2 32085  98.2940 237.2048 0002116 212.2029 147.9052 14.77739588589993
1 32086U 99025CQC 18212.17949291  .00000878  00000-0  89731-3 0  9994
2 32086  99.2746 357.0372 0326758 212.1628 145.9206 13.58132499546049
1 32087U 99025CQD 18208.47729783 +.00001835 +00000-0 +25991-3 0  9997
2 32087 098.6206 293.9944 0103825 020.7483 339.7892 14.74823356581329
1 32088U 99025CQE 18211.36940383 +.00000211 +00000-0 +42727-3 0  9994
2 32088 102.3922 273.3000 0441150 297.4837 058.2079 13.17421571243284
1 32089U 99025CQF 18213.34309947  .00000373  00000-0  22650-3 0  9992
2 32089  98.8631 256.7399 0120570 184.3649 175.6479 14.08615859566957
1 32090U 99025CQG 18212.06032729 +.00000649 +00000-0 +31493-3 0  9994
2 32090 098.9915 304.6469 0070893 103.4147 021.9658 14.20545262245896
1 32092U 99025CQJ 18211.35407299 +.00000596 +00000-0 +32808-3 0  9997
2 32092 098.9346 266.1958 0035565 250.0697 109.6643 14.15230878328086
1 32093U 99025CQK 18213.12854336  .00000158  00000-0  74147-4 0  9990
2 32093  98.7522 322.5947 0085901 314.4197  44.9977 14.31295011580804
1 32094U 99025CQL 18212.56762563 +.00000150 +00000-0 +11410-3 0  9993
2 32094 098.8433 246.9077 0035452 307.5187 208.7246 14.07538595564810
1 32095U 99025CQM 18211.33509083  .00000064  00000-0  56284-4 0  9997
2 32095  98.9116 240.3361 0080809 201.2946 158.4857 14.13347177568895
1 32096U 99025CQN 18212.57224448  .00000227  00000-0  22434-3 0  9994
2 32096  99.3007 253.6585 0142496 161.7614 198.8726 13.84124351556364
1 32097U 99025CQP 18210.33002194 +.00000735 +00000-0 +84828-4 0  9999
2 32097 099.1069 346.5921 0131631 060.4605 300.9653 14.83596691587573
1 32098U 99025CQQ 18212.32920761 +.00000055 +00000-0 +42254-4 0  9992
2 32098 098.7217 246.1715 0204636 303.1190 055.0490 14.15993826261080
1 32099U 99025CQR 18212.94746625 +.00000326 +00000-0 +19784-3 0  9998
2 32099 098.3092 097.9209 0377686 122.6341 310.2900 13.81120806274691
1 32101U 99025CQT 18211.94780721 +.00000419 +00000-0 +34897-3 0  9991
2 32101 099.1159 122.9800 0145399 009.5127 350.8732 13.89245520557093
1 32102U 99025CQU 18212.85771726  .00004897  00000-0  65542-3 0  9993
2 32102  99.3336 174.8109 0118122 107.8860 283.9465 14.75252740571870
1 32103U 99025CQV 18213.49499051  .00001782  00000-0  32208-3 0  9996
2 32103  96.7147  93.7687 0080404  79.7431  40.6847 14.65215309593644
1 32104U 99025CQW 18209.54534640  .00000615  00000-0  44749-3 0  9999
2 32104  97.6754 115.0956 0332863 162.0544 201.1817 13.75432404554236
1 32105U 99025CQX 18205.39375874 +.00000728 +00000-0 +10151-2 0  9995
2 32105 103.4540 042.4637 0434191 226.3684 130.0639 13.29964343532791
1 32106U 99025CQY 18211.03397238 +.00000835 +00000-0 +56454-3 0  9998
2 32106 101.4753 151.6517 0156691 081.9565 279.9335 13.98524389315473
1 32107U 99025CQZ 13256.87214244 -.00000103 +00000-0 -36943-4 0  9992
2 32107 099.1239 260.9498 0058809 322.1102 155.7579 14.02276659313566
1 32109U 99025CRB 18210.52299920 +.00000091 +00000-0 +44713-4 0  9993
2 32109 098.5564 122.7341 0223576 324.2225 034.4150 14.27151213576135
1 32110U 99025CRC 18211.03850775 +.00000390 +00000-0 +22862-3 0  9995
2 32110 099.5095 146.8776 0039757 344.8075 073.0036 14.14326122262260
1 32111U 99025CRD 18211.28452753 +.00000074 +00000-0 +43871-4 0  9990
2 32111 098.6057 241.5380 0124454 212.3932 210.5553 14.28461976575703
1 32112U 99025CRE 18184.24840862  .00001611  00000-0  16420-3 0  9995
2 32112  98.6395 353.1000 0124989 312.1029  46.9610 14.86823493583925
1 32113U 99025CRF 18213.28834008  .00000169  00000-0  13906-3 0  9991
2 32113  99.3083 245.3167 0250629 313.9984  44.0753 13.88788679558302
1 32114U 99025CRG 18213.11532511  .00000397  00000-0  13328-3 0  9999
2 32114  99.9347 172.9340 0081084 249.8262 109.4187 14.42413562580346
1 32115U 99025CRH 18210.31894245 +.00000686 +00000-0 +34498-3 0  9996
2 32115 098.9747 245.1466 0025065 134.8928 225.4288 14.19680072567938
1 32116U 99025CRJ 17313.05721004  .00016136  00000-0  73315-3 0  9991
2 32116  99.5316  37.3841 0147146 269.8254 118.6208 15.11653097562213
1 32117U 99025CRK 18211.62497821 +.00000334 +00000-0 +19781-3 0  9990
2 32117 098.8547 268.6629 0028102 236.2960 123.5533 14.14201753566723
1 32118U 99025CRL 18211.43629897  .00001842  00000-0  41856-3 0  9993
2 32118 102.4122 287.0825 0035499 263.6759 161.2269 14.57839094590550
1 32119U 99025CRM 18211.17603400  .00000102  00000-0  10553-3 0  9995
2 32119  99.8901 188.8217 0095220  62.7610 298.3212 13.96856832560884
1 32120U 99025CRN 18029.70825608  .00004530  00000-0  36422-3 0  9991
2 32120  98.8795   5.9908 0057970 271.8365  87.6216 14.99332411562917
1 32123U 99025CRR 18212.80140250  .00000068  00000-0  24917-4 0  9991
2 32123  98.8854 159.2984 0177446 189.4110 201.9132 14.54439325584696
1 32124U 99025CRS 18213.29425058  .00006660  00000-0  30644-3 0  9995
2 32124  99.0209  22.7688 0077760 125.4787 235.3731 15.18074929598975
1 32125U 99025CRT 18212.65210413  .00000599  00000-0  16614-3 0  9998
2 32125  99.0921   4.1922 0293772 302.8763  54.4457 14.28518876580622
1 32126U 99025CRU 18202.36495261  .00000268  00000-0  36442-3 0  9996
2 32126  99.1074 253.6596 0289769 298.9786  58.2588 13.51694992544875
1 32127U 99025CRV 18211.46579331 +.00000225 +00000-0 +30919-3 0  9995
2 32127 099.2798 305.3982 0300496 354.2848 005.4888 13.51252995239916
1 32128U 99025CRW 18211.28889257  .00000092  00000-0  61831-4 0  9997
2 32128  99.3663 242.7039 0417875 314.5109  42.2596 13.88013215567015
1 32129U 99025CRX 18210.63439228 +.00000180 +00000-0 +13075-3 0  9999
2 32129 099.1378 258.4198 0095984 047.7337 103.9353 14.06355465562207
1 32130U 99025CRY 18212.06260246 +.00000146 +00000-0 +70006-4 0  9992
2 32130 098.6871 309.8097 0090328 313.3599 046.0083 14.30817165576950
1 32132U 99025CSA 18212.39436755 +.00000387 +00000-0 +16087-3 0  9995
2 32132 098.6725 264.5338 0103757 327.9358 031.5538 14.29065765322143
1 32133U 99025CSB 18211.99394281 +.00000039 +00000-0 +41236-4 0  9997
2 32133 098.7196 280.1819 0035284 290.4831 069.2557 14.16258069568603
1 32134U 99025CSC 18210.33444650 +.00000064 +00000-0 +40400-4 0  9991
2 32134 098.8043 248.3676 0286628 063.2036 353.5070 14.12934738573117
1 32136U 99025CSE 18212.35608020  .00000187  00000-0  85128-4 0  9992
2 32136  98.5042 269.8677 0072459 255.8409 103.4715 14.31165556582519
1 32137U 99025CSF 18211.91337086 +.00000174 +00000-0 +37479-4 0  9997
2 32137 098.5974 259.8321 0288133 043.3448 319.0020 14.48483698275645
1 32138U 99025CSG 17328.02892280  .00002378  00000-0  11290-2 0  9999
2 32138  98.8910  46.5619 0021916 165.9358 205.6892 14.20343251538879
1 32139U 99025CSH 18211.96246778 +.00000255 +00000-0 +88121-4 0  9991
2 32139 098.6548 267.9772 0221619 082.1284 280.4991 14.31119023264152
1 32141U 99025CSK 18212.36793444 +.00000552 +00000-0 +39913-3 0  9990
2 32141 098.9745 266.5971 0069017 137.6467 223.0054 13.99596961572657
1 32142U 99025CSL 16253.87263610  .00003022  00000-0  11822-2 0  9990
2 32142  99.0124 279.1116 0075396 262.6605  96.6635 14.28005444689216
1 32143U 99025CSM 18212.89516055 +.00000018 +00000-0 +29511-4 0  9992
2 32143 098.6497 255.6931 0105333 293.2720 065.7394 14.15985850578380
1 32146U 99025CSQ 18213.00757120  .00000477  00000-0  22049-3 0  9996
2 32146  98.8886 288.1348 0122826   1.9769 358.1869 14.21693657569264
1 32147U 99025CSR 14154.14073593 +.00004504 +00000-0 +31775-3 0  9998
2 32147 099.0229 121.7910 0178546 201.9667 157.3886 14.93615858373385
1 32148U 99025CSS 18212.80389049  .00000301  00000-0  38120-4 0  9990
2 32148  99.0776 341.5291 0164427 326.9574  32.1444 14.82578334593339
1 32150U 99025CSU 18211.99727467  .00000080  00000-0  27784-4 0  9990
2 32150  99.1376 291.4290 0184332 266.6340  91.3754 14.54932290586404
1 32151U 99025CSV 18212.17024571  .00002283  00000-0  31540-3 0  9999
2 32151  98.9942 185.3550 0045031 300.1269 116.8869 14.78643001587267
1 32152U 99025CSW 18211.04432194  .00000730  00000-0  26506-3 0  9990
2 32152  98.6551 298.9937 0076136 301.4962  57.8799 14.34695590586464
1 32153U 99025CSX 18212.53205624 -.00000003 +00000-0 +11767-4 0  9990
2 32153 098.5553 318.6795 0224833 022.1531 338.9190 14.42789194583756
1 32154U 99025CSY 18212.59941092  .00004018  00000-0  30411-3 0  9998
2 32154  99.0228 270.8428 0051216 204.0250 155.8580 15.02019220586874
1 32155U 99025CSZ 18212.65395187  .00000111  00000-0  62659-4 0  9994
2 32155  99.0746  13.6783 0077363 109.6043 251.3508 14.27090310575222
1 32156U 99025CTA 18213.07704220  .00000081  00000-0  51503-4 0  9996
2 32156  99.3010 162.7083 0086700 211.9858 147.6041 14.27297105575461
1 32157U 99025CTB 18213.40889733  .00000500  00000-0  74233-4 0  9998
2 32157  99.0141 284.5732 0150875  76.4944 285.3021 14.73051157590598
1 32158U 99025CTC 18212.53689150  .00001146  00000-0  33162-3 0  9995
2 32158  99.1180 128.7640 0047241   5.5808 354.5898 14.46009539580210
1 32160U 99025CTE 18213.47910489  .00000123  00000-0  62050-4 0  9997
2 32160  98.6882 309.2633 0091153 334.1671  25.4974 14.30104125578175
1 32161U 99025CTF 18213.36990574 -.00000208  00000-0 -10458-3 0  9999
2 32161  98.5940  54.5021 0147011 228.4494 130.3988 13.99396637577067
1 32162U 99025CTG 18213.39310912  .00000399  00000-0  14507-3 0  9993
2 32162  99.4533 282.8308 0071490 123.9539 236.8467 14.37918917575691
1 32163U 99025CTH 18213.39610440  .00000302  00000-0  13262-3 0  9994
2 32163  99.5222 273.1628 0061971 202.4401 157.4066 14.30638343573630
1 32164U 99025CTJ 15072.08990585 +.00002255 +00000-0 +55693-3 0  9995
2 32164 099.3273 029.7416 0124038 216.0851 143.1921 14.48733747405009
1 32165U 99025CTK 18213.00739049  .00000300  00000-0  23886-3 0  9992
2 32165  98.6131 286.7691 0156789  57.2855 304.3313 13.92272030558547
1 32166U 99025CTL 18212.52870325  .00000506  00000-0  50396-4 0  9997
2 32166  98.1974 329.7831 0156985  19.1484 341.5542 14.87926180594156
1 32167U 99025CTM 18212.86369127 +.00000005 +00000-0 +17884-4 0  9997
2 32167 098.5929 245.0447 0175329 037.6809 323.6503 14.26098322242882
1 32168U 99025CTN 18207.90638707 +.00001327 +00000-0 +11754-2 0  9996
2 32168 101.6621 008.7684 0293729 239.8576 117.3156 13.69650856264470
1 32169U 99025CTP 18213.53482468  .00000879  00000-0  43349-3 0  9991
2 32169  98.5563  60.9595 0079371  94.6548 266.3699 14.18248008583403
1 32170U 99025CTQ 18212.44096092  .00003042  00000-0  29686-3 0  9999
2 32170  99.0878 284.1723 0055859 227.8437 131.8026 14.92244821590325
1 32171U 99025CTR 18212.63334789 -.00000231  00000-0 -16586-3 0  9993
2 32171 102.8173 126.3876 0542418 319.3859 156.4743 13.26756637534236
1 32172U 99025CTS 18211.99972907  .00000411  00000-0  69047-4 0  9991
2 32172  99.0494 289.3493 0152438 118.5858 243.0780 14.68764458591168
1 32173U 99025CTT 18211.84916730 +.00000611 +00000-0 +29072-3 0  9993
2 32173 099.6197 213.3464 0071679 227.5880 131.9217 14.22266954261042
1 32174U 99025CTU 18212.43155002 -.00000018 +00000-0 +11806-4 0  9996
2 32174 098.8235 294.0197 0159695 024.6132 336.2557 14.14755941260289
1 32175U 99025CTV 18212.51373110 -.00000034  00000-0  45058-5 0  9993
2 32175  98.8576 318.4518 0172784  54.6135 307.1025 13.81345541554980
1 32176U 99025CTW 18212.31738759 +.00000447 +00000-0 +15452-3 0  9996
2 32176 099.4171 259.1404 0064879 078.9100 281.9372 14.40059426224988
1 32177U 99025CTX 18212.80380784 +.00000339 +00000-0 +13473-3 0  9993
2 32177 099.0748 047.6152 0074969 051.5737 309.2145 14.33915598323333
1 32178U 99025CTY 18213.55174115  .00000333  00000-0  19962-3 0  9999
2 32178 100.2709 128.4509 0110876  63.2861 297.9604 14.12153141568335
1 32179U 99025CTZ 18212.86740920 +.00000243 +00000-0 +17103-3 0  9991
2 32179 099.2404 229.2494 0148045 079.1447 042.1253 14.02090977280071
1 32180U 99025CUA 18212.66986201  .00000015  00000-0  51938-4 0  9997
2 32180  99.4747 165.7141 0138364  87.9226  38.3133 13.81699378571201
1 32181U 99025CUB 18212.52985275  .00000194  00000-0  73937-4 0  9994
2 32181  99.4739 325.0475 0094910  44.5583  13.9205 14.40867964579310
1 32182U 99025CUC 18208.26749078 +.00000992 +00000-0 +47781-3 0  9993
2 32182 098.2056 231.2713 0121926 296.0745 062.7923 14.16988913580700
1 32183U 99025CUD 18208.97746727 +.00000175 +00000-0 +13406-3 0  9990
2 32183 098.9685 282.5958 0045540 060.0595 300.5083 14.05221057348793
1 32184U 99025CUE 18213.43791825  .00000358  00000-0  47026-4 0  9996
2 32184  98.2478 279.9168 0264105  20.3819 340.7691 14.65509655586365
1 32185U 99025CUF 18213.13648877  .00000540  00000-0  11753-3 0  9992
2 32185  98.7344 335.9062 0481742 319.6096  37.0212 14.09070318565738
1 32186U 99025CUG 18212.76100962 -.00000092 +00000-0 -37068-4 0  9991
2 32186 099.6577 189.1491 0284253 323.1397 157.2444 13.71851556256776
1 32187U 99025CUH 18212.44175353  .00000055  00000-0  11523-3 0  9997
2 32187  99.3261  28.7055 0297822  41.5834 349.1122 13.48792715544759
1 32188U 99025CUJ 18176.50398502  .00002222  00000-0  82498-3 0  9994
2 32188  99.0488 271.1769 0070082 138.9811 224.3761 14.31863522565290
1 32189U 99025CUK 18213.33641935  .00000945  00000-0  46426-3 0  9990
2 32189  99.0243 244.7139 0035233 208.0466 151.8811 14.19910017568180
1 32190U 99025CUL 18213.41824859  .00001130  00000-0  30152-3 0  9995
2 32190  98.9726  71.3082 0058603 231.8654 127.7248 14.49578720578963
1 32191U 99025CUM 18212.30909322  .00000417  00000-0  23667-3 0  9992
2 32191  98.9451 255.2438 0107608 305.3242  53.7906 14.12568489567550
1 32192U 99025CUN 18211.58426421  .00000123  00000-0  13677-3 0  9990
2 32192  98.6633 266.6007 0184627 247.1819 110.9743 13.80532681556188
1 32193U 99025CUP 18210.23104489 +.00000906 +00000-0 +44268-3 0  9998
2 32193 098.4805 351.9117 0101950 003.3408 356.8427 14.17620150566655
1 32194U 99025CUQ 18212.04792992  .00000588  00000-0  15961-3 0  9996
2 32194  99.0982 156.6785 0077466 172.3693 187.8697 14.50072796579702
1 32195U 99025CUR 18185.89655939 +.00000005 +00000-0 +30435-4 0  9996
2 32195 098.9571 218.4067 0071817 358.0719 002.0161 14.04421951561616
1 32197U 99025CUT 18212.63048703 +.00000016 +00000-0 +22415-4 0  9997
2 32197 098.9973 356.6706 0175110 108.7652 313.7340 14.27276922559974
1 32198U 99025CUU 18176.78235619 +.00000436 +00000-0 +32797-3 0  9996
2 32198 098.3278 165.2719 0105200 056.6605 304.4577 13.96335580563747
1 32199U 99025CUV 18212.67795346 +.00001469 +00000-0 +31243-3 0  9996
2 32199 099.1617 174.6944 0118310 317.1088 042.0925 14.56614947200962
1 32200U 99025CUW 18212.56116770 +.00000225 +00000-0 +15972-3 0  9995
2 32200 099.0351 250.4402 0042849 309.0461 050.6897 14.07355388564434
1 32201U 99025CUX 18212.28427293 +.00000528 +00000-0 +32462-3 0  9999
2 32201 099.1947 231.3885 0148059 123.3568 238.1870 14.04664008582775
1 32202U 99025CUY 18213.36893345  .00001189  00000-0  54604-3 0  9991
2 32202  98.3816 280.9802 0124851 109.7701 251.6989 14.18883512564580
1 32203U 99025CUZ 18212.85096826  .00001407  00000-0  75062-4 0  9999
2 32203  97.0450 352.1526 0355539 171.6150 189.1227 14.75610429587708
1 32204U 99025CVA 18212.86988514  .00003015  00000-0  84712-3 0  9993
2 32204  99.3394  81.2748 0128211  13.1995 347.2494 14.42067867567425
1 32205U 99025CVB 18213.32431806  .00000011  00000-0  29917-4 0  9993
2 32205  98.8711 241.5110 0011501  25.5648  31.4909 14.12390273569109
1 32207U 99025CVD 18212.53619479  .00000068  00000-0  42628-4 0  9997
2 32207  99.8349 113.1758 0091478 250.4859 234.8855 14.34350737577276
1 32208U 99025CVE 18212.85601876 +.00001875 +00000-0 +36211-3 0  9992
2 32208 098.9543 089.8999 0033807 133.6037 226.7977 14.64432668580301
1 32209U 99025CVF 18209.70169454 +.00000807 +00000-0 +10835-2 0  9991
2 32209 099.4356 301.9928 0349945 226.4044 130.7552 13.40378870539193
1 32210U 99025CVG 18213.28847507  .00000138  00000-0  11458-3 0  9993
2 32210  99.1122 247.2027 0079266 112.4341 248.5244 14.02799127562750
1 32211U 99025CVH 18142.41698010  .00000505  00000-0  39878-3 0  9997
2 32211  98.6009 203.9363 0134363   9.3836  47.7302 13.91623935546266
1 32212U 99025CVJ 18212.16356690 +.00000219 +00000-0 +89475-4 0  9994
2 32212 099.5821 331.8074 0151991 248.1015 235.3290 14.32812705574620
1 32213U 99025CVK 14237.28036838 +.00000396 +00000-0 +27232-3 0  9998
2 32213 099.2220 248.1361 0183412 027.9138 333.1397 13.97395130361001
1 32214U 99025CVL 18213.56735132  .00000691  00000-0  67444-3 0  9998
2 32214  99.0283 331.9419 0228521 349.6548  64.9362 13.71656063548627
1 32216U 99025CVN 18212.35865119 +.00000852 +00000-0 +32168-3 0  9999
2 32216 099.5489 263.1636 0053307 222.2703 137.4364 14.33584365238589
1 32217U 99025CVP 18212.83714872 +.00000618 +00000-0 +23495-3 0  9995
2 32217 099.1369 070.4237 0051856 057.8402 302.7797 14.34052540172797
1 32218U 99025CVQ 18212.75920310 +.00000185 +00000-0 +73673-4 0  9996
2 32218 098.6343 311.3553 0085048 181.0888 331.1524 14.37672244575197
1 32219U 99025CVR 10291.26267109 +.00000828 +00000-0 +38835-3 0  9996
2 32219 098.8394 293.4115 0086757 273.6268 090.0703 14.20944452167235
1 32220U 99025CVS 14321.03979087 +.00001588 +00000-0 +10801-2 0  9992
2 32220 099.2673 257.6674 0228324 031.3800 330.0753 13.89663064369825
1 32221U 99025CVT 18213.05268396  .00000068  00000-0  25327-4 0  9996
2 32221  98.3745 308.4572 0164830 114.6327 247.2137 14.51285817582343
1 32222U 99025CVU 18212.59162593 +.00000501 +00000-0 +23542-3 0  9995
2 32222 099.1247 347.7148 0103516 101.9869 259.2933 14.21779652260699
1 32223U 99025CVV 18212.41684294  .00000255  00000-0  17272-3 0  9993
2 32223  99.0080 269.8836 0056010   5.4279  50.9823 14.08411799563916
1 32224U 99025CVW 18212.46203605  .00000050  00000-0  36984-4 0  9997
2 32224  99.0878  34.3178 0080478 335.9678  23.7755 14.29906449573776
1 32225U 99025CVX 18212.74520713 +.00000092 +00000-0 +74408-4 0  9990
2 32225 099.0527 170.9391 0073314 191.5912 168.3573 14.11021336301508
1 32226U 99025CVY 18211.46059522  .00006055  00000-0  63929-3 0  9994
2 32226  99.4736  35.0556 0030961 141.0093 219.3359 14.89404372588056
1 32227U 99025CVZ 18212.70172515 +.00000451 +00000-0 +63698-4 0  9999
2 32227 099.4851 172.2909 0143354 210.9769 275.0405 14.77208479594200
1 32228U 99025CWA 18213.40854383  .00000524  00000-0  15263-3 0  9993
2 32228  98.6381 277.1770 0094233  67.2007 293.9105 14.45940971582545
1 32230U 99025CWC 18212.41728274  .00000490  00000-0  23643-3 0  9998
2 32230  98.8886 282.0544 0088784   7.9466  49.7052 14.21226760572676
1 32232U 99025CWE 18208.71492899 +.00002202 +00000-0 +50653-3 0  9993
2 32232 097.0688 186.2699 0119443 184.1937 175.8273 14.51883313577557
1 32233U 99025CWF 18212.98892540  .00000266  00000-0  15172-3 0  9990
2 32233  97.6642 264.2756 0261376 352.1129   7.5966 14.00073054564337
1 32234U 99025CWG 18212.54747464  .00000354  00000-0  31056-3 0  9994
2 32234  98.5402 242.4238 0147188 171.2401 189.1378 13.86451607560126
1 32235U 99025CWH 18212.27173905  .00000853  00000-0  14673-3 0  9998
2 32235  99.0637 235.2914 0113852 237.1646 184.1120 14.67725919603980
1 32238U 99025CWL 18211.75728242  .00000531  00000-0  39550-4 0  9998
2 32238  98.8935 321.7737 0143241 358.3324   1.7400 15.01007502600611
1 32241U 99025CWP 18212.08999271  .00000370  00000-0  19687-3 0  9990
2 32241  98.9695 157.9604 0179156 299.9436  58.4051 14.11719882570381
1 32242U 99025CWQ 18212.59017077  .00000219  00000-0  22209-3 0  9998
2 32242  97.2745 343.7536 0170874 304.0930  54.4113 13.78215170556915
1 32243U 99025CWR 18212.19320157 +.00000495 +00000-0 +29994-3 0  9995
2 32243 098.3182 117.7835 0323698 064.0606 299.3532 13.86931349561486
1 32245U 99025CWT 18210.46709256 +.00000234 +00000-0 +68858-4 0  9990
2 32245 098.5030 305.7456 0154272 293.0150 065.4834 14.46776585582642
1 32303U 99025CWU 18212.18921974  .00001394  00000-0  89274-3 0  9991
2 32303  97.8421 332.2625 0126998 168.7511 191.6544 14.00766742548555
1 32304U 99025CWV 18209.84803020  .00000506  00000-0  19330-3 0  9992
2 32304  99.4390 233.4355 0065283 132.9898 230.6335 14.34413228575480
1 32305U 99025CWW 18213.29342614  .00000899  00000-0  54852-3 0  9997
2 32305  98.0014  27.9474 0217444 221.5299 136.9170 13.97078582547050
1 32308U 99025CWZ 18208.66635415 +.00000398 +00000-0 +30894-3 0  9993
2 32308 097.7760 279.7493 0122163 168.7822 191.6111 13.93568194277841
1 32311U 99025CXC 18212.81892095  .00000263  00000-0  45832-3 0  9997
2 32311 101.7510  55.7332 0427724 286.7614  68.6994 13.24464486533524
1 32312U 99025CXD 18178.59522054 +.00000568 +00000-0 +46170-3 0  9993
2 32312 098.7648 309.2774 0136812 254.0450 166.6643 13.89668919568795
1 32313U 99025CXE 18212.36294781  .00000729  00000-0  52818-3 0  9996
2 32313  99.1916 263.4203 0145721 257.2096 101.2747 13.94867578559627
1 32314U 99025CXF 18212.61059357 +.00000295 +00000-0 +64265-4 0  9991
2 32314 098.8863 093.5988 0224945 086.5448 276.1445 14.51558848582159
1 32315U 99025CXG 18205.23492602 +.00000012 +00000-0 +69328-4 0  9998
2 32315 100.8236 004.8516 0229961 250.6567 106.9580 13.65351057556887
1 32316U 99025CXH 18212.89604094 +.00000646 +00000-0 +25421-3 0  9997
2 32316 099.5234 275.7722 0047174 195.1285 220.9629 14.32571668571236
1 32317U 99025CXJ 18182.22612130  .00001086  00000-0  40994-3 0  9992
2 32317  97.9800 173.9496 0148856 246.9407 111.6022 14.27222757565619
1 32318U 99025CXK 18213.51483525  .00013224  00000-0  67681-3 0  9993
2 32318  97.3236 106.1632 0016906 337.3558  22.6928 15.16618047586337
1 32319U 99025CXL 18212.61527113  .00000711  00000-0  84462-4 0  9990
2 32319  99.1444   5.2541 0123639  44.8432 316.2688 14.83280162592743
1 32320U 99025CXM 18206.56481966 +.00000330 +00000-0 +16557-3 0  9990
2 32320 100.3752 249.5206 0065284 293.9777 065.4570 14.24048426575185
1 32322U 99025CXP 18213.19295155  .00000019  00000-0  64169-4 0  9999
2 32322  98.3537 191.0148 0432804  16.5866 344.8926 13.30134827536299
1 32323U 99025CXQ 18213.16690044  .00000567  00000-0  51112-3 0  9994
2 32323  98.5626 190.1444 0184049 356.3307   3.6487 13.80275622555635
1 32324U 99025CXR 18212.51874255 +.00000082 +00000-0 +79734-4 0  9994
2 32324 099.5299 122.8344 0051798 201.4582 158.4413 14.05259239261695
1 32325U 99025CXS 18209.24275127 +.00000750 +00000-0 +25019-3 0  9992
2 32325 098.9802 011.7415 0070286 087.6373 273.2858 14.39225478578133
1 32326U 99025CXT 18212.85092515  .00000178  00000-0  15182-3 0  9996
2 32326  98.4552  79.6580 0399619  93.4171 271.2761 13.64616593550064
1 32329U 99025CXW 18195.63196381 +.00000526 +00000-0 +27486-3 0  9998
2 32329 099.9561 345.3832 0054329 256.8321 102.6785 14.18854555574391
1 32330U 99025CXX 18213.37944360  .00000795  00000-0  52418-3 0  9991
2 32330  98.0492  68.5170 0185699 173.3214 187.0491 13.96019440576062
1 32331U 99025CXY 18213.36048822  .00001038  00000-0  52348-3 0  9992
2 32331  99.2051 355.1939 0040666 311.5999  48.1693 14.18268841568445
1 32332U 99025CXZ 18205.32778455 +.00000063 +00000-0 +61889-4 0  9990
2 32332 099.3513 239.4741 0317206 037.9436 324.3617 13.86493820556675
1 32333U 99025CYA 18211.06719699  .00001032  00000-0  75257-3 0  9994
2 32333  97.8815 316.7156 0126180 249.7275 109.0289 13.94227201560132
1 32334U 99025CYB 18213.11049551  .00000021  00000-0  45144-4 0  9996
2 32334  99.2669 182.0214 0069901  78.6558 282.2448 13.98528140563038
1 32336U 99025CYD 11116.43215084 +.00002109 +00000-0 +67324-3 0  9996
2 32336 098.9945 205.8822 0139046 032.0357 328.7671 14.35469826202863
1 32337U 99025CYE 18185.00647323  .00001263  00000-0  15259-2 0  9997
2 32337  99.2963 268.5483 0329014 153.7155 211.3832 13.47619296536372
1 32338U 99025CYF 18185.10441933 +.00000329 +00000-0 +13535-3 0  9996
2 32338 098.8346 302.2120 0071580 034.0162 326.5579 14.32163386260907
1 32339U 99025CYG 18212.88139618  .00000398  00000-0  18163-3 0  9995
2 32339  98.8022 258.3021 0049366  39.8373 320.6414 14.26464170563462
1 32340U 99025CYH 18213.45544923  .00000542  00000-0  19581-3 0  9996
2 32340  99.0311  32.7032 0066148  17.6348 342.7112 14.36582966583576
1 32342U 99025CYK 18212.92038375 -.00000058 +00000-0 -71299-5 0  9998
2 32342 098.9036 240.4683 0008799 073.0175 046.5945 14.12489830557240
1 32343U 99025CYL 18213.31351399  .00000063  00000-0  48192-4 0  9996
2 32343  98.6940 250.5876 0158492 309.2702  49.4501 14.15890287575081
1 32344U 99025CYM 18212.01206493  .00000119  00000-0  17290-4 0  9994
2 32344 100.2831 296.9735 0123422 353.5945   6.3684 14.97219374605164
1 32345U 99025CYN 11269.62775281 +.00012723 +00000-0 +35452-2 0  9995
2 32345 098.4148 204.8029 0254989 039.5651 322.3942 14.29038528223053
1 32346U 99025CYP 18178.36525238  .00000534  00000-0  44592-3 0  9991
2 32346  97.8311 228.5222 0161503 117.0837 244.6904 13.85783652551913
1 32350U 99025CYT 18212.35799498  .00000180  00000-0  44625-4 0  9990
2 32350  98.5929 261.8046 0322481 117.1603 246.2849 14.36370112587860
1 32351U 99025CYU 18212.55946956  .00001281  00000-0  76502-4 0  9998
2 32351  99.0084  74.0110 0143851 334.5512  24.8674 15.05415854598678
1 32352U 99025CYV 18213.19534581  .00000116  00000-0  51254-4 0  9990
2 32352  98.9068   8.0679 0130418 197.7904 161.8693 14.36840363579554
1 32353U 99025CYW 18209.45455550 +.00000349 +00000-0 +30002-3 0  9998
2 32353 098.9921 080.8515 0149270 006.3997 353.9023 13.88254382559671
1 32354U 99025CYX 18184.65068027 +.00000116 +00000-0 +93035-4 0  9990
2 32354 102.9367 120.2307 0213436 283.3197 074.4238 14.08857236565620
1 32355U 99025CYY 18212.87798875  .00000716  00000-0  27774-3 0  9990
2 32355 100.3884 239.7103 0142212 123.7452 359.2519 14.28553701578612
1 32356U 99025CYZ 18212.79460917 +.00000331 +00000-0 +30595-3 0  9993
2 32356 102.5077 187.6964 0148989 317.8020 160.2943 13.88809874309210
1 32357U 99025CZA 18210.97463144 -.00000136 +00000-0 -55765-4 0  9999
2 32357 098.9058 118.3566 0568872 277.8459 138.5493 13.46750107303888
1 32360U 99025CZD 18211.83246498 +.00000815 +00000-0 +60971-3 0  9996
2 32360 098.1299 347.4172 0282572 194.7121 164.5686 13.79661408275558
1 32361U 99025CZE 18212.82077105 +.00000580 +00000-0 +25438-3 0  9992
2 32361 098.8156 167.6953 0073342 357.5488 032.3444 14.26050845578207
1 32362U 99025CZF 18212.61847730  .00000811  00000-0  95992-3 0  9998
2 32362  99.7912 155.6107 0314065 174.4494 186.0257 13.51723440546860
1 32363U 99025CZG 18211.81969305 +.00000849 +00000-0 +94010-4 0  9995
2 32363 098.3588 341.6316 0226254 213.5624 145.1078 14.73661465577624
1 32364U 99025CZH 18213.29489092  .00000355  00000-0  24918-3 0  9991
2 32364  98.3396 227.8143 0143720 242.0087 116.6475 13.99156443550448
