1 32366U 99025CZK 18212.36783127  .00000130  00000-0  89262-4 0  9991
2 32366  96.7630 251.6988 0165622 318.9001  39.9791 14.03635120553709
1 32368U 99025CZM 18210.48782920 +.00000474 +00000-0 +28127-3 0  9997
2 32368 097.8642 302.1663 0296712 331.6638 026.8656 13.91560456547737
1 32369U 99025CZN 12073.10414363 +.00003594 +00000-0 +24864-2 0  9990
2 32369 098.3789 181.2688 0427152 263.4938 091.8139 13.63326831221124
1 32370U 99025CZP 18212.24808925  .00003617  00000-0  16011-3 0  9991
2 32370  99.0597  13.4749 0102390 310.9671  48.2731 15.17940437595517
1 32371U 99025CZQ 18213.30644578  .00001312  00000-0  27455-3 0  9996
2 32371  99.2774 243.4087 0106211 302.5537  56.5434 14.58433444583148
1 32372U 99025CZR 18208.96459751  .00000566  00000-0  69388-3 0  9991
2 32372  97.3196 104.4190 0478954 146.9566 216.2480 13.27957157539655
1 32406U 99025CZS 18212.94836497 +.00008512 +00000-0 +23497-3 0  9998
2 32406 098.3786 028.2339 0127821 135.2642 225.8992 15.29472064596488
1 32407U 99025CZT 18211.31402502 +.00003488 +00000-0 +17448-3 0  9991
2 32407 098.4955 048.2376 0204246 193.3949 166.1804 15.01861158206183
1 32408U 99025CZU 14157.53128552 +.00001623 +00000-0 +33684-3 0  9990
2 32408 098.8083 271.7243 0270850 209.0429 151.4088 14.41217124364286
1 32409U 99025CZV 18212.59980590  .00000602  00000-0  19609-3 0  9998
2 32409  99.5575 342.8225 0075890 143.3212 274.7354 14.41366329575751
1 32410U 99025CZW 18177.39164098  .00011468  00000-0  82658-3 0  9991
2 32410  97.8519  30.9467 0084154 323.1233  36.4221 15.01469895568318
1 32411U 99025CZX 18213.19483371 -.00000217  00000-0 -10014-3 0  9998
2 32411  98.4139 295.2051 0130840 125.5553 235.7897 14.06358232572877
1 32412U 99025CZY 09177.68115178 +.00001109 +00000-0 +31886-3 0  9998
2 32412 098.2446 128.3054 0256544 261.6721 094.8246 14.29378516088309
1 32414U 99025DAA 18213.00231809  .00000389  00000-0  25445-3 0  9990
2 32414  99.0593 256.0997 0052444  15.3966 100.8610 14.07489628566820
1 32416U 99025DAC 18212.53618234  .00000106  00000-0  17038-3 0  9996
2 32416 100.7798 330.9911 0247521 356.8308  61.0177 13.61689214547582
1 32418U 99025DAE 18213.24289220  .00000952  00000-0  72926-3 0  9992
2 32418  98.2103  16.9482 0282579 261.2746  95.6311 13.78279691540102
1 32419U 99025DAF 18212.39884817 -.00000209  00000-0 -71512-4 0  9999
2 32419  97.9179  85.9439 0298426 223.8351 133.8785 14.04277023567199
1 32422U 99025DAJ 18212.60068504  .00000043  00000-0  39502-4 0  9991
2 32422  97.8435 344.5332 0309311  15.1671 345.8516 13.94757065547637
1 32425U 99025DAM 18212.37638800 +.00000076 +00000-0 +42097-4 0  9999
2 32425 096.7171 273.3458 0249643 089.2019 273.7752 14.11285924315344
1 32426U 99025DAN 11284.47345555 +.00002401 +00000-0 +24138-2 0  9993
2 32426 098.2688 030.8916 0302044 225.3839 132.3573 13.60063636207829
1 32427U 99025DAP 17237.77311365  .00010786  00000-0  89727-3 0  9994
2 32427  96.7643 231.7554 0027771 266.4936  93.3112 14.98531309517658
1 32428U 99025DAQ 13232.18032926 +.00007781 +00000-0 +20432-2 0  9992
2 32428 099.0014 359.5398 0085265 072.8102 286.2620 14.47296344319601
1 32429U 99025DAR 18157.38529183  .00001071  00000-0  59315-3 0  9991
2 32429  99.1022 223.9703 0068232 164.1387 196.1942 14.12308167564451
1 32430U 99025DAS 16190.17239802  .00000222  00000-0  17950-3 0  9997
2 32430  98.6998 172.7393 0418618 275.7800  79.6277 13.56286381438851
1 32431U 99025DAT 18210.68025729  .00000624  00000-0  32833-3 0  9993
2 32431  99.5511 156.1767 0073436 115.8723   5.9832 14.16694023571194
1 32432U 99025DAU 18212.55089844 +.00000097 +00000-0 +44462-4 0  9996
2 32432 098.3434 325.6099 0245918 038.8788 322.9798 14.25430172321737
1 32433U 99025DAV 18213.35155973  .00000611  00000-0  16881-3 0  9998
2 32433  98.2285 251.0772 0281117  24.4935 336.9310 14.29449041549340
1 32435U 99025DAX 18212.92809453 +.00001769 +00000-0 +13139-3 0  9999
2 32435 099.4937 256.7596 0115722 359.6362 000.4753 14.99749721278663
1 32437U 99025DAZ 16009.18884539 -.00049426 +00000-0 -11238-1 0  9999
2 32437 099.4427 001.6259 0071081 178.4594 181.6831 14.54673549443067
1 32438U 99025DBA 18213.27485779  .00000645  00000-0  23786-3 0  9993
2 32438  99.4523 229.4365 0037965 192.9302 167.0911 14.36056122575913
1 32440U 99025DBC 18211.29324635 +.00000428 +00000-0 +50504-3 0  9996
2 32440 099.1446 233.6688 0364702 089.7689 274.5224 13.47551272239099
1 32441U 99025DBD 18181.49392774  .00000500  00000-0  27312-3 0  9996
2 32441  97.7952 275.9401 0298693 165.0014 196.0254 13.94980633565275
1 32443U 99025DBF 18212.88258273 +.00000470 +00000-0 +25746-3 0  9996
2 32443 102.1193 240.9881 0084232 045.2447 315.5530 14.17772569572490
1 32444U 99025DBG 18212.34114638  .00002254  00000-0  89777-3 0  9990
2 32444  99.1703 263.4707 0082417   2.4555 357.7012 14.27832233565567
1 32445U 99025DBH 18211.36620411  .00005116  00000-0  55449-3 0  9992
2 32445  99.3694   0.1121 0035258  87.8469 272.6780 14.88329442570559
1 32447U 99025DBK 18210.90714184 -.00000070 +00000-0 -18032-4 0  9998
2 32447 099.2044 237.3511 0079744 207.6298 274.2160 13.94785366573646
1 32448U 99025DBL 18185.19191153  .00002071  00000-0  64067-3 0  9995
2 32448  98.9805 311.1070 0019154 271.2114 211.0997 14.42312046558287
1 32449U 99025DBM 11068.68469795 +.00003586 +00000-0 +26030-2 0  9992
2 32449 099.2663 030.4816 0346132 208.1092 147.0464 13.72029686185387
1 32450U 99025DBN 18212.06111364  .00000493  00000-0  36367-3 0  9999
2 32450  99.0967 147.4134 0100223 179.9445 180.1745 13.97836525567325
1 32451U 99025DBP 18210.25570930 +.00000684 +00000-0 +68820-3 0  9998
2 32451 100.0113 027.5247 0215530 284.8977 072.8393 13.71751393247220
1 32453U 99025DBR 18207.20703882 +.00000408 +00000-0 +31242-3 0  9997
2 32453 099.4626 352.3461 0102516 329.1512 154.7812 13.97100128560918
1 32454U 99025DBS 18213.06726618  .00000911  00000-0  37552-3 0  9990
2 32454  98.5274 306.9710 0290532 310.9291  46.7053 14.08926327566618
1 32455U 99025DBT 18213.48837388  .00000702  00000-0  60157-3 0  9999
2 32455 101.7282  88.3067 0281346 171.9811 188.5968 13.74895355555310
1 32456U 99025DBU 18183.70286541 -.00000077 +00000-0 -78059-5 0  9999
2 32456 103.6615 116.0351 0395325 339.5205 019.0430 13.30313201535204
1 32457U 99025DBV 18213.32350220  .00000317  00000-0  51089-3 0  9995
2 32457 100.3232 254.8179 0436206 148.9437 213.8266 13.23508549536661
1 32458U 99025DBW 18212.75442477 +.00000387 +00000-0 +15031-3 0  9992
2 32458 099.0790 047.2225 0064583 046.7518 313.9031 14.34647222290306
1 32459U 99025DBX 18212.34358805  .00000193  00000-0  66404-4 0  9995
2 32459  98.5725 251.3302 0240656 289.7772  67.7608 14.32590372560014
1 32460U 99025DBY 18212.31592646 +.00000104 +00000-0 +10841-3 0  9992
2 32460 098.0315 346.2994 0197949 025.6808 335.4021 13.83109026279973
1 32461U 99025DBZ 18212.28062706  .00000214  00000-0  24216-3 0  9991
2 32461  98.3325  28.7507 0248324 108.4384  17.0791 13.66245399538546
1 32464U 99025DCC 18207.94071974 +.00000373 +00000-0 +73912-4 0  9992
2 32464 097.4509 101.1632 0205124 230.8843 127.3964 14.55147683213575
1 32467U 99057RB  18212.17500980 +.00000797 +00000-0 +17074-3 0  9991
2 32467 098.3847 198.6988 0008196 357.6129 002.5031 14.61431405261648
1 32468U 99057RC  18212.84791641 +.00002988 +00000-0 +31690-3 0  9996
2 32468 098.2643 236.1996 0008038 129.0696 231.1237 14.89885503233216
1 32469U 99057RD  12334.17014041 +.00010668 +00000-0 +28807-2 0  9993
2 32469 098.2276 307.8508 0010892 137.8300 225.3659 14.47955305274472
1 32470U 99057RE  18212.15179403 +.00001204 +00000-0 +23869-3 0  9998
2 32470 098.3549 198.3305 0003345 320.2397 039.8559 14.64090964582801
1 32473U 07042C   18212.43544464  .00000248  00000-0  72945-4 0  9995
2 32473  98.2385 285.3680 0111605 126.8048 234.3448 14.48284258561647
1 32474U 07042D   18212.64055417 +.00000345 +00000-0 +67337-4 0  9991
2 32474 098.6569 158.5837 0098896 308.9965 050.2461 14.67136805575413
1 32491U 06006AE  13320.37222416 +.00237901 +00000-0 +19370-1 0  9990
2 32491 051.4460 290.0775 3240588 236.8047 322.6474 08.82360017139311
1 32492U 06006AF  18020.95417419  .00000044  00000-0  62249-4 0  9998
2 32492  51.3619 216.9333 4979133 218.7071 339.3329  5.31555280210106
1 32493U 06006AG  18211.31792279 -.00000129  00000-0 -38732-4 0  9997
2 32493  51.6042 314.7509 5008076  21.1832 353.7966  5.44792110223260
1 32494U 06006AH  18203.10967455 -.00000017 +00000-0 +26391-4 0  9999
2 32494 051.6121 080.6253 5108141 283.8362 026.3348 05.25637319217991
1 32496U 06006AK  18181.21145522 +.00000012 +00000-0 +78768-4 0  9990
2 32496 051.7246 068.6328 5052182 282.4509 027.5028 05.35986754207271
1 32497U 06006AL  18065.46395795  .00000388  00000-0  45703-3 0  9996
2 32497  51.7043 134.2546 5054237 233.8777  68.2190  5.34364830202236
1 32498U 06006AM  17351.73456019  .00003767  00000-0  35438-2 0  9998
2 32498  51.6961 149.6245 4959895 225.1727  81.9343  5.51064894199382
1 32499U 06006AN  18210.60949655 +.00001104 +00000-0 +41650-3 0  9990
2 32499 051.6143 230.4480 4962949 074.6275 333.3853 05.60625740215397
1 33458U 06053D   18192.82033108 -.00000052 +00000-0 +00000-0 0  9991
2 33458 006.5994 056.2615 0079587 332.6311 264.9982 01.00297841036335
1 33502U 99025DCF 18212.75462479 +.00000468 +00000-0 +32597-3 0  9993
2 33502 098.9940 134.2852 0106607 108.5155 280.6815 14.00736258491341
1 33589U 91003S   18211.35611488 -.00000104  00000-0 -78968-3 0  9998
2 33589   7.1450 133.9664 6788498 328.1583   4.7337  2.63762074116389
1 33590U 91003T   18213.06255905  .00000447  00000-0  83793-2 0  9997
2 33590   7.7555 349.3362 6787352 241.7928  32.8029  2.66871769145378
1 33599U 99025DCG 18212.78098468 +.00000558 +00000-0 +75925-4 0  9998
2 33599 096.6079 039.3436 0309897 111.0377 252.4262 14.53245571265892
1 33600U 99025DCH 18212.79747651 +.00001413 +00000-0 +15136-3 0  9995
2 33600 096.2711 217.8170 0277165 110.7027 252.4125 14.65403153199363
1 33601U 99025DCJ 18211.94790351 +.00000125 +00000-0 +10007-3 0  9998
2 33601 098.2805 208.0680 0174669 184.6062 205.1301 13.98168151529912
1 33603U 99025DCL 18211.87102786 +.00000025 +00000-0 +11279-4 0  9993
2 33603 098.8709 233.2195 0246959 222.8978 135.2730 14.70890805592263
1 33604U 99025DCM 11211.95132915 +.00009429 +00000-0 +89398-3 0  9996
2 33604 099.0468 034.3812 0174254 272.5949 085.5413 14.83026305170732
1 33605U 99025DCN 18212.10886618 -.00000144  00000-0 -63444-4 0  9990
2 33605  98.9183 262.2522 0060308  63.9487 326.4244 14.03587238544809
1 33612U 99025DCV 18212.05659250  .00000262  00000-0  21378-3 0  9990
2 33612  98.6637 314.3100 0123503  39.1463 321.8555 13.94149850558717
1 33613U 99025DCW 18213.34793045  .00000639  00000-0  35221-3 0  9995
2 33613  98.9133 264.3570 0037653 251.4961 108.2118 14.14840981529502
1 33614U 99025DCX 18180.26713303  .00007464  00000-0  69580-3 0  9997
2 33614  96.5373   8.0455 0057906  83.3948 277.3862 14.93167471564201
1 33617U 99025DDA 18212.77213838  .00002959  00000-0  96340-4 0  9999
2 33617  98.0330 333.4277 0148545 236.8118 121.8799 15.22802093561326
1 33618U 99025DDB 18212.74653883 +.00000232 +00000-0 +63842-4 0  9998
2 33618 098.6866 194.5506 0211306 006.0935 354.2751 14.44641029578183
1 33619U 99025DDC 18213.34925988  .00000111  00000-0  93427-4 0  9992
2 33619  99.0443 262.6654 0059929  46.9030  13.4619 14.06035903512890
1 33621U 99025DDE 18213.28560634  .00000150  00000-0  67385-4 0  9998
2 33621  98.1568 246.6676 0309708 175.4191 184.9938 14.11861622549086
1 33622U 99025DDF 18213.34452097  .00000645  00000-0  34809-3 0  9992
2 33622  99.0108 263.5088 0038994 223.9416 135.8654 14.15976697568564
1 33623U 99025DDG 18212.65635382  .00000804  00000-0  50526-3 0  9997
2 33623  98.1870 159.9705 0083023 141.0793 219.6393 14.05154009544521
1 33624U 99025DDH 18212.36312677  .00001496  00000-0  21522-3 0  9997
2 33624  98.1895 262.6256 0382876 268.4622  87.2687 14.38533658539419
1 33625U 99025DDJ 18211.47104543  .00000302  00000-0  73913-4 0  9997
2 33625  98.8370 225.0524 0300586 277.2216  79.4894 14.37090627556629
1 33628U 99025DDM 18213.06530596  .00001377  00000-0  16086-3 0  9998
2 33628  98.2667 310.6437 0165548 171.3883 189.0230 14.77595873559802
1 33629U 99025DDN 18212.09294253  .00005100  00000-0  42706-3 0  9994
2 33629  98.5933 329.9841 0106950 214.2628 145.1659 14.94579853546140
1 33630U 99025DDP 18202.32488259  .00000118  00000-0  77595-4 0  9991
2 33630  98.4031  43.1188 0141518 271.1986  87.2978 14.13186330529738
1 33632U 99025DDR 18212.15699824 +.00001109 +00000-0 +29998-3 0  9991
2 33632 099.0450 101.8961 0052825 296.4197 063.1579 14.49198068539538
1 33633U 99025DDS 18212.56668390 +.00000403 +00000-0 +27608-3 0  9993
2 33633 099.2024 245.1939 0101741 091.3999 060.5198 14.02960254528561
1 33636U 99025DDV 18212.30561608  .00000137  00000-0  77862-4 0  9994
2 33636  98.7215 248.5312 0075100  26.7948  34.1785 14.23179754532550
1 33637U 99025DDW 18212.92982069 +.00000329 +00000-0 +15843-3 0  9994
2 33637 098.7577 261.0546 0101595 085.2069 276.0701 14.22509301264802
1 33638U 99025DDX 18212.34210474  .00000277  00000-0  31058-3 0  9993
2 33638  98.4296  50.8196 0279164 199.6078 159.4161 13.62426730548841
1 33639U 99025DDY 18212.39326409 +.00000611 +00000-0 +30196-3 0  9999
2 33639 098.8635 265.4339 0068609 169.5898 190.6716 14.19814554222549
1 33640U 99025DDZ 18212.92716220 +.00000193 +00000-0 +76626-4 0  9998
2 33640 098.9526 021.0575 0102530 203.9543 155.6854 14.37470971536285
1 33641U 99025DEA 09198.89632304 +.00001626 +00000-0 +52887-3 0  9992
2 33641 099.0148 242.1468 0112466 178.2805 182.5577 14.36727616106609
1 33642U 99025DEB 18179.22483052 +.00063222 +00000-0 +97098-3 0  9996
2 33642 099.2722 335.2718 0031243 329.0194 030.9210 15.53492594239221
1 33643U 99025DEC 18213.21514364  .00000349  00000-0  50094-4 0  9993
2 33643  99.1032 347.8531 0157324  18.6386 342.0493 14.76551858571705
1 33644U 99025DED 15109.67483947 +.00001876 +00000-0 +18075-3 0  9995
2 33644 099.5576 184.5556 0044093 330.5429 029.3301 14.93951255397352
1 33645U 99025DEE 18212.74607610  .00001203  00000-0  28551-3 0  9991
2 33645  99.5535 134.6644 0356003 240.8849 115.6254 14.24174610535635
1 33646U 99025DEF 18213.40265340 -.00000007  00000-0  23046-4 0  9993
2 33646  98.5897 281.0290 0124791  78.2802 342.0028 13.92127852551799
1 33647U 99025DEG 18209.24513872 +.00000613 +00000-0 +50816-3 0  9993
2 33647 098.2064 016.5222 0276291 262.3565 094.6133 13.75833388530607
1 33648U 99025DEH 18213.31401517 -.00000016  00000-0  15553-4 0  9997
2 33648  98.8641 241.2404 0068969 239.9055 119.5266 14.10608021549876
1 33649U 99025DEJ 18179.34630469  .00036429  00000-0  11609-2 0  9994
2 33649  98.9254 226.0127 0018259  87.1173 273.2154 15.32298623574445
1 33650U 99025DEK 18212.91003129 +.00000393 +00000-0 +36691-3 0  9994
2 33650 099.0789 094.3590 0163778 117.0539 244.7435 13.81617140315920
1 33651U 99025DEL 18212.25333490 +.00000017 +00000-0 +28403-4 0  9995
2 33651 098.9857 227.6826 0119151 208.1478 151.3223 14.18584766260989
1 33655U 99025DEQ 18212.82018759  .00000410  00000-0  10553-3 0  9993
2 33655  98.8548  63.8694 0109567 354.1528   5.8379 14.52532555575453
1 33656U 99025DER 18211.95663521 +.00000133 +00000-0 +82047-4 0  9990
2 33656 098.6958 246.2584 0093908 248.1292 235.3682 14.18431844245174
1 33658U 99025DET 18212.37093257  .00000384  00000-0  48805-3 0  9993
2 33658  99.5357  67.8153 0311615 120.2567 242.9801 13.50577846525380
1 33660U 99025DEV 18212.02191181  .00000049  00000-0  68945-4 0  9999
2 33660  98.6437 290.6238 0113830  89.9004  31.3260 13.89116819541577
1 33661U 99025DEW 18212.49620921  .00000262  00000-0  29253-3 0  9995
2 33661  98.3779  47.9897 0246806 130.0861 261.5839 13.65892153518194
1 33663U 99025DEY 18212.11007008  .00000862  00000-0  48155-3 0  9999
2 33663  98.9269 158.1139 0168051 137.8942 281.7061 14.06441040556004
1 33664U 99025DEZ 17091.67378529  .00000036  00000-0  21288-4 0  9996
2 33664  98.7993 347.9620 0166182 289.0704  69.3133 14.00663130462320
1 33665U 99025DFA 18211.74247464  .00000193  00000-0  72130-4 0  9999
2 33665  98.7331  33.3591 0514686 300.4618  54.6657 13.88363473552261
1 33666U 99025DFB 18177.83185566  .00001341  00000-0  26813-3 0  9997
2 33666  98.8850  41.7027 0081351  83.8280 337.1925 14.61669479564516
1 33668U 99025DFD 18212.98088882  .00000442  00000-0  62351-4 0  9997
2 33668  99.0187 275.5729 0183407  44.6674 316.9140 14.72651745562293
1 33671U 99025DFG 11341.43004073 +.00005503 +00000-0 +10762-2 0  9997
2 33671 099.5270 226.0968 0148785 106.2655 110.6625 14.56499551213865
1 33673U 99025DFJ 18209.88137000 -.00000053 +00000-0 -51863-5 0  9992
2 33673 099.3351 178.5478 0111221 286.8944 103.3189 13.91529765525008
1 33674U 99025DFK 18212.62126260  .00000354  00000-0  38627-3 0  9998
2 33674  98.6192 142.7233 0226103 207.2533 151.6602 13.67969728515895
1 33675U 99025DFL 18212.56997592 +.00000655 +00000-0 +21827-3 0  9994
2 33675 099.1486 130.4330 0053062 042.3844 318.1422 14.40426004290993
1 33676U 99025DFM 18212.88408830 -.00000016  00000-0  11696-4 0  9998
2 33676  99.0560  81.5327 0212074   3.8243  50.5427 14.32605252554588
1 33677U 99025DFN 11269.42251406 +.00003034 +00000-0 +98037-3 0  9994
2 33677 098.8860 337.2006 0103259 351.6297 008.4373 14.36884197199400
1 33678U 99025DFP 18212.85884998  .00000066  00000-0  32196-4 0  9992
2 33678  99.0514  90.6943 0235965 235.3391 122.5351 14.35819353573369
1 33679U 99025DFQ 18212.07373008 +.00000547 +00000-0 +89121-4 0  9996
2 33679 099.3926 255.4361 0328634 117.6372 245.8585 14.45864898548974
1 33680U 99025DFR 18213.29789446  .00001711  00000-0  28999-3 0  9999
2 33680  99.4473  11.3693 0070322 240.5392 240.0018 14.69366264590725
1 33681U 99025DFS 18213.49510084  .00000461  00000-0  34767-3 0  9993
2 33681  99.3189 223.1887 0103263 202.9298 314.9701 13.97002573527219
1 33682U 99025DFT 18211.08700354  .00000348  00000-0  21645-3 0  9993
2 33682  99.4314  70.2140 0037831  59.3623 301.1268 14.11680339540936
1 33683U 99025DFU 18212.09263659  .00001066  00000-0  34084-3 0  9997
2 33683  98.3180  83.9531 0074327  67.6032 293.3010 14.40010637541262
1 33684U 99025DFV 18212.47382729  .00000253  00000-0  40922-4 0  9996
2 33684  99.1407  46.8350 0432185  52.7913 311.1904 14.33591119545518
1 33686U 99025DFX 18212.91217824 +.00001375 +00000-0 +25419-3 0  9999
2 33686 098.8685 102.5648 0064285 359.7244 000.3911 14.65973498295261
1 33687U 99025DFY 18212.24318005  .00000549  00000-0  69073-4 0  9996
2 33687  99.0469 227.8841 0254641 129.2603 233.1494 14.66804411575674
1 33688U 99025DFZ 18212.45088115 +.00000663 +00000-0 +32934-3 0  9998
2 33688 099.3755 091.1468 0079266 014.9829 345.3667 14.19264476531298
1 33689U 99025DGA 18213.39060451  .00000199  00000-0  96110-4 0  9997
2 33689  99.5508 267.6890 0057071 315.9011 100.2406 14.29926481538213
1 33690U 99025DGB 18211.62669474  .00000457  00000-0  20572-3 0  9998
2 33690  98.7539 273.2552 0050419  56.0649 304.5309 14.26414837553006
1 33691U 99025DGC 18212.77576395 +.00000329 +00000-0 +23099-3 0  9990
2 33691 099.0101 143.0431 0089758 031.2984 329.3483 14.03225151526081
1 33692U 99025DGD 18212.55165687  .00002647  00000-0  50649-3 0  9991
2 33692  99.1200 130.5262 0020877 243.5182 238.7452 14.64715352541339
1 33693U 99025DGE 18212.48508163 +.00000234 +00000-0 +27940-3 0  9992
2 33693 099.3694 100.8011 0240957 135.2276 351.2209 13.64790659514675
1 33697U 99025DGJ 17191.02877159  .00000240  00000-0  18576-3 0  9997
2 33697  99.1355 264.9792 0082940 163.8626 196.5207 14.00665109500249
1 33698U 99025DGK 18212.53467311  .00000086  00000-0  34850-4 0  9996
2 33698  99.6016 111.9901 0152168 223.7098 135.1961 14.49120673568785
1 33699U 99025DGL 18213.13438951  .00004028  00000-0  96087-3 0  9991
2 33699  98.5025 176.1960 0066243  57.4407 358.3341 14.52939163559705
1 33700U 99025DGM 18209.46815785 +.00001087 +00000-0 +14061-3 0  9993
2 33700 099.1050 299.2779 0104997 256.6474 102.3011 14.79830078162259
1 33701U 99025DGN 18212.20406696  .00000156  00000-0  13990-3 0  9993
2 33701  98.6746 304.8213 0153180  83.8222 307.4849 13.91643847531213
1 33704U 99025DGR 11263.94608017 +.00003596 +00000-0 +36927-3 0  9993
2 33704 099.0095 081.7428 0172973 118.4356 191.4705 14.80683163195741
1 33706U 99025DGT 18211.77963091  .00001169  00000-0  28945-3 0  9997
2 33706  98.9751  51.9000 0124461 169.0765 191.3175 14.49523330555036
1 33707U 99025DGU 18213.28177550  .00000985  00000-0  16947-3 0  9997
2 33707  99.0833 242.5772 0108158 244.3012 114.6990 14.67687498585471
1 33708U 99025DGV 18212.58444282  .00001767  00000-0  25619-3 0  9994
2 33708  99.4753  74.7328 0067017  86.0952 274.7911 14.76216107580584
1 33709U 99025DGW 18213.37496827  .00005883  00000-0  41301-3 0  9994
2 33709  99.0386 278.5537 0046457 177.4637 182.6829 15.04773502550838
1 33710U 99025DGX 18211.98996497 +.00000177 +00000-0 +13905-3 0  9999
2 33710 099.0555 291.0337 0058610 103.8738 256.8957 14.03387229298385
1 33711U 99025DGY 18212.92069323 +.00000082 +00000-0 +88581-4 0  9992
2 33711 099.2944 194.4122 0106129 183.8601 204.6473 13.96283103543401
1 33713U 99025DHA 18212.87831525 +.00000602 +00000-0 +95869-4 0  9994
2 33713 099.0757 255.8683 0171244 271.0425 087.1162 14.67539296556770
1 33714U 99025DHB 18212.88619122 +.00001043 +00000-0 +34877-3 0  9994
2 33714 099.9187 099.3698 0057882 331.1186 028.6797 14.39138869254338
1 33716U 99025DHD 18212.67826202 +.00000011 +00000-0 +21779-4 0  9994
2 33716 099.0300 018.3129 0094981 277.2626 081.7766 14.30708582266647
1 33718U 99025DHF 18212.87880713 +.00000306 +00000-0 +24224-3 0  9999
2 33718 099.6977 101.3577 0114793 032.7458 328.0751 13.96701142315323
1 33719U 99025DHG 18212.34175097 +.00000292 +00000-0 +17392-3 0  9996
2 33719 099.0134 233.7929 0034544 191.7859 237.4327 14.14829062538906
1 33720U 99025DHH 18208.42076597 +.00000233 +00000-0 +96279-4 0  9994
2 33720 098.4913 264.1678 0091331 191.6235 225.4249 14.33026669563933
1 33721U 99025DHJ 18212.54452607 +.00000399 +00000-0 +77922-4 0  9990
2 33721 098.7791 126.2020 0133483 142.8603 218.1925 14.63627471581124
1 33722U 99025DHK 18211.31577099  .00000060  00000-0  46880-4 0  9992
2 33722  98.8155 252.2727 0172548  49.3305 312.2721 14.14157086540647
1 33723U 99025DHL 18213.23987448  .00000840  00000-0  58262-3 0  9991
2 33723  99.2961 221.0304 0114958 184.1349 236.2368 13.98674661538148
1 33724U 99025DHM 18212.95325442 +.00000133 +00000-0 +90635-4 0  9996
2 33724 098.8388 244.8054 0028546 333.5180 145.8162 14.15304618558660
1 33726U 99025DHP 18212.88053449 -.00000030 +00000-0 +47410-5 0  9996
2 33726 098.5289 077.4660 0203364 156.4298 262.5443 14.09691064539875
1 33727U 99025DHQ 18212.88370110  .00002147  00000-0  45325-3 0  9995
2 33727  99.7536  93.6085 0033292 104.0634 256.4265 14.60390200566205
1 33728U 99025DHR 18212.69440964 +.00000108 +00000-0 +22131-4 0  9996
2 33728 098.9679 290.1373 0207108 355.5516 157.3496 14.70576076586069
1 33730U 99025DHT 18212.37982812 +.00000443 +00000-0 +16621-3 0  9995
2 33730 099.0888 067.8897 0065522 051.3099 309.3921 14.35623028568811
1 33731U 99025DHU 18212.87115015  .00000337  00000-0  30266-3 0  9997
2 33731  99.3302 169.8935 0142385  65.9526 321.6380 13.86517519531392
1 33733U 99025DHW 18213.49414461  .00000828  00000-0  51436-3 0  9992
2 33733  99.1810 207.2488 0109589 152.3247   1.1454 14.04968700524887
1 33734U 99025DHX 18213.15228439  .00000418  00000-0  21183-3 0  9995
2 33734  98.9398 284.6868 0128615 103.6873 257.8659 14.17016803524982
1 33735U 99025DHY 18212.94058510 +.00000839 +00000-0 +35786-3 0  9994
2 33735 098.9819 270.8688 0034754 095.6600 264.8544 14.27558337260977
1 33736U 99025DHZ 18212.90887058 +.00001183 +00000-0 +37281-3 0  9993
2 33736 099.6907 010.8922 0042156 283.4133 076.2355 14.42091114287303
1 33737U 99025DJA 18212.53444111 +.00000406 +00000-0 +30279-3 0  9999
2 33737 098.3741 235.7771 0137083 264.2931 250.8995 13.95553980511427
1 33738U 99025DJB 18212.96111402 -.00000046 +00000-0 -66767-6 0  9997
2 33738 099.3644 211.4964 0196639 146.0460 245.1014 13.94636955516913
1 33739U 99025DJC 18212.16162960  .00001328  00000-0  29358-3 0  9999
2 33739  98.9682 103.3001 0058184 176.6366 183.5234 14.58117939533991
1 33740U 99025DJD 18211.91372026 -.00000020 +00000-0 +13777-4 0  9997
2 33740 098.9453 239.0189 0001350 173.6962 186.4226 14.11072562521749
1 33741U 99025DJE 18212.13863991  .00000057  00000-0  66310-4 0  9999
2 33741  98.5567 272.7440 0148239  48.8860 312.4991 13.93762972501517
1 33745U 99025DJJ 18212.66342240  .00000439  00000-0  27392-3 0  9990
2 33745  99.0236 166.6877 0062048 281.1602  78.2597 14.09243896511960
1 33747U 99025DJL 18211.59650535 -.00000049  00000-0 -26877-5 0  9990
2 33747  99.1996 245.7758 0112503 135.4947  16.0560 14.01430165523094
1 33748U 99025DJM 18211.31482495  .00000409  00000-0  20829-3 0  9996
2 33748  98.8450 250.7064 0043613 125.5615 234.9639 14.20747896530728
1 33758U 93036F   18212.86957895 +.00000325 +00000-0 +11515-3 0  9994
2 33758 074.0338 161.6136 0021958 169.8633 210.7852 14.38329519495275
1 33759U 93036G   18212.94255198  .00001016  00000-0  27296-3 0  9992
2 33759  74.0204  98.5436 0025033 135.4436 331.1832 14.49200146497787
1 33761U 93036J   18212.27380882 +.00000169 +00000-0 +66477-4 0  9993
2 33761 074.0383 168.1694 0025918 192.8066 241.4809 14.36306478495489
1 33762U 93036K   18213.39754271 -.00000007  00000-0  69093-5 0  9995
2 33762  74.0408 184.3234 0015700 191.2796 327.7123 14.32947073495158
1 33763U 93036L   18212.66309832 +.00001274 +00000-0 +27949-3 0  9992
2 33763 073.9362 043.9588 0018933 077.3333 039.4817 14.58601307498492
1 33770U 93036T   18212.96577873 +.00000970 +00000-0 +22478-3 0  9999
2 33770 074.0323 057.6424 0039544 092.8322 336.9268 14.55989418498428
1 33779U 93036U   18212.86082567 +.00000971 +00000-0 +30804-3 0  9991
2 33779 074.0478 161.8885 0030517 160.5549 230.7462 14.41093911495874
1 33782U 93036X   18212.88846340  .00000118  00000-0  50536-4 0  9992
2 33782  74.0348 180.1340 0023020 188.4908 200.2546 14.34788241495147
1 33785U 93036AA  18213.41635514  .00000620  00000-0  19967-3 0  9994
2 33785  73.8828 101.7994 0031194 241.4513 231.8625 14.41193402495861
1 33793U 93036AJ  18213.41689726  .00000222  00000-0  11187-3 0  9991
2 33793  73.9873 315.0941 0087354 349.4387 122.0795 14.20214596489665
1 33795U 93036AL  18212.88504896 +.00000250 +00000-0 +50649-4 0  9995
2 33795 074.0460 276.3620 0078586 340.6959 135.3930 14.65047494504047
1 33796U 93036AM  18213.21099720  .00005667  00000-0  11617-2 0  9996
2 33796  74.0228 150.2072 0051145 113.0313 247.6258 14.60114146496278
1 33798U 93036AP  18212.83528660  .00000043  00000-0  20432-4 0  9995
2 33798  74.0301  92.4447 0094938 153.3343 335.1903 14.42032066498016
1 33799U 93036AQ  18213.43847316  .00000146  00000-0  48649-4 0  9999
2 33799  74.0417 113.7959 0045012 141.7378 334.2210 14.45306615497587
1 33804U 93036AV  18212.42839235  .00001232  00000-0  16838-3 0  9996
2 33804  74.0196 216.3570 0056080 291.4140  68.1058 14.78746829505768
1 33805U 93036AW  18212.81441837 +.00000074 +00000-0 +24670-4 0  9994
2 33805 074.0339 356.2978 0066167 137.0558 223.5797 14.52304107501246
1 33806U 93036AX  18212.81583740 +.00000515 +00000-0 +94958-4 0  9991
2 33806 074.0860 333.6657 0059088 335.0346 187.0943 14.67165963502775
1 33812U 93036BD  18212.95953585  .00002905  00000-0  16712-3 0  9997
2 33812  74.0138 144.0795 0119763 157.9127 202.7289 15.07056381507920
1 33813U 93036BE  18213.00158612  .00000415  00000-0  65750-4 0  9994
2 33813  74.0463 212.5273 0097203 263.4817 126.8501 14.72854210506219
1 33815U 93036BG  18213.14180896  .00000841  00000-0  28613-3 0  9999
2 33815  73.9863 204.2039 0057395 195.1583 293.9091 14.37167646493889
1 32366U 99025CZK 18209.37389872 +.00000072 +00000-0 +56383-4 0  9990
2 32366 096.7631 249.4664 0165514 327.8376 031.2783 14.03634225553284
1 32368U 99025CZM 18208.47462548 +.00000442 +00000-0 +26362-3 0  9998
2 32368 097.8641 300.4555 0296811 337.3761 021.4539 13.91558515217128
1 32370U 99025CZP 18211.25931115 +.00003408 +00000-0 +15119-3 0  9995
2 32370 099.0593 012.2925 0102413 314.2711 045.0148 15.17933387278593
1 32371U 99025CZQ 18212.34596618 +.00001306 +00000-0 +27347-3 0  9993
2 32371 099.2774 242.3372 0106237 305.4982 053.6338 14.58430779257997
