1 31242U 99025BLY 18205.47172517 +.00001508 +00000-0 +29339-3 0  9990
2 31242 097.4253 082.8187 0066573 210.9720 272.9474 14.62964356235366
1 31243U 99025BLZ 18204.40296389 +.00000230 +00000-0 +17786-3 0  9991
2 31243 099.0091 272.4433 0068410 137.3498 285.4051 14.01438171314522
1 31244U 99025BMA 18201.76821668  .00000267  00000-0  19085-3 0  9996
2 31244  99.2712 198.8804 0108109  90.3814 270.9740 14.03140625578654
1 31246U 99025BMC 18204.51725374 +.00000453 +00000-0 +33928-3 0  9990
2 31246 098.9791 096.8069 0169268 232.2211 126.3517 13.93113826578499
1 31247U 99025BMD 18205.57054606 +.00000908 +00000-0 +63727-3 0  9996
2 31247 099.3257 330.4187 0070074 243.5597 176.6058 13.99825841577724
1 31248U 99025BME 18204.95431147 +.00000110 +00000-0 +12196-3 0  9996
2 31248 099.4452 197.0893 0115102 001.0230 024.8166 13.89291258573208
1 31249U 99025BMF 18204.45589744 +.00002561 +00000-0 +78258-3 0  9992
2 31249 099.0098 301.9276 0069283 260.5826 098.7524 14.41424652587111
1 31250U 99025BMG 18205.50851671 +.00000587 +00000-0 +42473-3 0  9998
2 31250 098.4049 238.1247 0139164 292.9552 065.6979 13.95614100578475
1 31252U 99025BMJ 18205.33693059 +.00000165 +00000-0 +60022-4 0  9998
2 31252 098.6163 240.6645 0232672 281.8204 075.6970 14.32784953590859
1 31253U 99025BMK 18205.19748709 +.00000173 +00000-0 +10227-3 0  9996
2 31253 099.2757 198.5410 0301916 322.7774 035.2796 14.00389083583683
1 31254U 99025BML 18205.00882532 +.00000238 +00000-0 +97187-4 0  9993
2 31254 098.8039 229.9277 0164747 223.8209 167.0874 14.29660592589073
1 31255U 99025BMM 18205.06169718 +.00000277 +00000-0 +14179-3 0  9996
2 31255 099.0651 305.7592 0283176 290.7372 066.3662 14.05140507588687
1 31256U 99025BMN 18205.44639566 +.00001013 +00000-0 +60538-3 0  9991
2 31256 098.6755 205.2920 0394674 249.7248 106.1074 13.76682141276663
1 31257U 99025BMP 18204.20239884 +.00001049 +00000-0 +69294-3 0  9991
2 31257 098.7148 355.9632 0123341 120.3327 241.0105 14.00051304580118
1 31258U 99025BMQ 18205.56302264 +.00000968 +00000-0 +43628-3 0  9997
2 31258 098.9375 224.8525 0023201 106.6340 045.8841 14.24493510583782
1 31259U 99025BMR 18205.07242882 +.00000079 +00000-0 +78115-4 0  9996
2 31259 099.1597 238.9882 0076495 148.6051 238.4486 14.02685480576560
1 31260U 99025BMS 18205.33130191 +.00000374 +00000-0 +17369-3 0  9997
2 31260 098.9553 332.7553 0053237 184.7100 203.3067 14.25935218586585
1 31261U 99025BMT 18204.91530411 +.00000351 +00000-0 +15692-3 0  9992
2 31261 099.0974 014.8729 0061535 152.4302 208.0164 14.28165991587480
1 31262U 99025BMU 18204.52856870 +.00000388 +00000-0 +26485-3 0  9992
2 31262 099.1777 232.4258 0066852 081.7702 077.4765 14.04770773577290
1 31263U 99025BMV 18205.25823630 +.00001435 +00000-0 +62757-3 0  9998
2 31263 099.0043 308.9849 0048125 203.3317 156.5677 14.24825295583591
1 31264U 99025BMW 18204.60473645 +.00000163 +00000-0 +11031-3 0  9990
2 31264 099.1533 339.8785 0000944 156.1359 264.2656 14.14015835582499
1 31265U 99025BMX 18200.66958665  .00001783  00000-0  38269-3 0  9994
2 31265  96.5663 348.6670 0106927 158.5212 202.0528 14.55934627596956
1 31266U 99025BMY 18205.54313446 +.00000069 +00000-0 +51259-4 0  9990
2 31266 099.2728 049.5017 0137288 024.4562 005.2139 14.18768990589202
1 31267U 99025BMZ 18205.01081362 +.00000871 +00000-0 +20689-3 0  9995
2 31267 099.3060 270.4102 0118565 285.2079 073.6028 14.52880158256161
1 31268U 99025BNA 18199.39941817 +.00000586 +00000-0 +41233-3 0  9990
2 31268 099.0242 267.9182 0058346 158.5839 201.7787 14.01251357241174
1 31269U 99025BNB 18205.54644164 +.00000573 +00000-0 +19044-3 0  9992
2 31269 098.1614 226.2795 0330603 279.9374 239.3816 14.14848186583273
1 31270U 99025BNC 18205.25502560 +.00000683 +00000-0 +15450-3 0  9994
2 31270 098.9813 135.7903 0134332 131.2504 230.0356 14.54453225599189
1 31272U 99025BNE 18205.27875814 +.00000239 +00000-0 +13248-3 0  9993
2 31272 099.0119 323.4728 0114427 219.3921 170.3077 14.17264941587229
1 31273U 99025BNF 18205.17707194 +.00001153 +00000-0 +37236-3 0  9997
2 31273 098.3390 084.1658 0071533 110.1652 048.8433 14.39471563592309
1 31274U 99025BNG 18205.50611376 +.00000577 +00000-0 +46916-3 0  9995
2 31274 099.1209 090.3132 0252220 134.4919 348.0282 13.79873922571181
1 31275U 99025BNH 18205.31162935 +.00000611 +00000-0 +45437-3 0  9993
2 31275 099.2153 237.7870 0109473 203.3519 156.2649 13.96149404578217
1 31279U 99025BNM 18204.30204987 +.00000133 +00000-0 +79327-4 0  9994
2 31279 098.7423 238.2209 0080672 086.7025 274.3376 14.20669984588589
1 31280U 99025BNN 18204.51880645 +.00008333 +00000-0 +43619-3 0  9994
2 31280 097.9165 105.6935 0057288 192.9829 166.9931 15.14665375604505
1 31281U 99025BNP 18205.42594248 +.00000845 +00000-0 +11185-3 0  9990
2 31281 098.5201 188.9886 0264021 343.5300 180.7909 14.61677766600228
1 31282U 99025BNQ 18204.25914499 +.00000049 +00000-0 +30670-4 0  9992
2 31282 099.2958 223.0183 0133032 285.2386 073.4124 14.40136229582429
1 31284U 99025BNS 18204.50686471 +.00000235 +00000-0 +19710-3 0  9996
2 31284 099.7189 108.2668 0152273 073.1876 288.5923 13.93161796575398
1 31285U 99025BNT 18205.06682816 +.00000058 +00000-0 +36899-4 0  9999
2 31285 098.5627 243.7886 0209407 144.8375 246.9747 14.22567809589061
1 31286U 99025BNU 18204.90495010 +.00000803 +00000-0 +55005-3 0  9997
2 31286 100.8736 238.9256 0105457 142.5839 218.2722 14.00822823577324
1 31287U 99025BNV 18205.05478653 +.00000566 +00000-0 +33222-3 0  9992
2 31287 099.4298 068.4019 0036384 066.9322 293.5677 14.12277146584757
1 31288U 99025BNW 18204.95345287 +.00000651 +00000-0 +27018-3 0  9998
2 31288 098.8146 260.9847 0059375 052.1720 073.9362 14.28988091587035
1 31289U 99025BNX 18205.00918596 +.00002931 +00000-0 +10112-3 0  9995
2 31289 097.4027 048.0454 0198180 210.6501 148.3035 15.14134157316883
1 31290U 99025BNY 18204.12226945 +.00001200 +00000-0 +35932-3 0  9994
2 31290 101.9393 313.3997 0102215 355.4207 004.6025 14.43067208586332
1 31291U 99025BNZ 18205.14165785 +.00001209 +00000-0 +37056-3 0  9990
2 31291 098.5683 147.7295 0074436 131.5596 359.2587 14.41947136592281
1 31292U 99025BPA 18204.39848347 +.00001314 +00000-0 +62010-3 0  9994
2 31292 099.0800 258.4480 0051043 265.6223 093.9120 14.20959167583571
1 31293U 99025BPB 18205.33253858 +.00000009 +00000-0 +19879-4 0  9993
2 31293 098.6511 232.7065 0127236 274.7492 149.8515 14.29771986266776
1 31294U 99025BPC 18204.11445809 +.00000075 +00000-0 +61390-4 0  9996
2 31294 098.7759 263.0448 0105615 123.6376 237.4925 14.11477166587414
1 31295U 99025BPD 18204.85651033 +.00000093 +00000-0 +93921-4 0  9991
2 31295 098.3380 235.4376 0077296 239.1444 120.2101 13.96016777579545
1 31296U 99025BPE 18205.54710175 +.00000936 +00000-0 +44084-3 0  9993
2 31296 099.0705 316.2765 0041844 134.6578 354.4737 14.22016646587238
1 31297U 99025BPF 18205.62503740 +.00000195 +00000-0 +57016-4 0  9998
2 31297 098.8972 133.8101 0155308 330.2094 151.2885 14.49578400601781
1 31298U 99025BPG 18205.00789191 +.00006481 +00000-0 +53585-3 0  9997
2 31298 098.9955 224.3488 0035446 186.4575 173.6192 14.98874907603701
1 31299U 99025BPH 18205.25324759 +.00010169 +00000-0 +41572-3 0  9991
2 31299 096.9857 312.8310 0215528 155.6243 205.5366 15.05755787604543
1 31300U 99025BPJ 18204.50954954 +.00000328 +00000-0 +23257-3 0  9993
2 31300 099.5529 089.6943 0068662 280.6854 202.4949 14.04373933581997
1 31302U 99025BPL 18205.56605833 +.00000438 +00000-0 +26365-3 0  9996
2 31302 099.4204 061.7559 0036327 059.7437 329.4923 14.12128723581612
1 31303U 99025BPM 18205.52738508 -.00000030 +00000-0 +84921-5 0  9992
2 31303 098.9811 231.6671 0010721 213.1700 146.8799 14.10023412582860
1 31310U 99025BPN 18200.94129896 +.00001290 +00000-0 +78730-3 0  9992
2 31310 098.8724 097.5247 0105932 138.9169 282.8241 14.04969067573951
1 31311U 99025BPP 18205.54972321 +.00000582 +00000-0 +32928-3 0  9995
2 31311 099.0378 230.2749 0022951 217.7130 294.7153 14.14101478580784
1 31312U 99025BPQ 18204.09496601 -.00000145 +00000-0 -70346-4 0  9991
2 31312 098.9561 244.9526 0066047 157.6674 232.6493 13.98152291574007
1 31313U 99025BPR 18205.61070426 +.00000080 +00000-0 +60222-4 0  9992
2 31313 099.1092 348.7101 0046141 300.9265 058.7378 14.19299085587666
1 31314U 99025BPS 18181.88084399 +.00000310 +00000-0 +22211-3 0  9990
2 31314 098.9440 214.2515 0080974 036.5314 324.1338 14.02693533574374
1 31316U 99025BPU 18205.32278612 +.00000626 +00000-0 +36575-3 0  9999
2 31316 099.0266 252.6228 0118385 317.9903 041.2233 14.08669007581553
1 31317U 99025BPV 18205.18977616 +.00003590 +00000-0 +10430-2 0  9998
2 31317 099.3785 109.6674 0093140 297.6018 061.5733 14.42532912582532
1 31318U 99025BPW 09299.98461400 +.00000187 +00000-0 +89836-4 0  9996
2 31318 098.9486 317.9650 0154146 204.5999 156.2858 14.24264095132752
1 31319U 99025BPX 18204.48633286 -.00000046 +00000-0 -71083-5 0  9993
2 31319 098.8235 279.4266 0172288 091.5824 337.8638 13.74905906566567
1 31320U 99025BPY 18204.78632744 +.00000636 +00000-0 +42084-3 0  9996
2 31320 098.3021 197.6446 0126128 228.7967 130.2272 14.01004514224232
1 31321U 99025BPZ 18204.42790331 -.00000006 +00000-0 +20654-4 0  9997
2 31321 098.8704 290.9088 0029212 281.7243 078.0652 14.12436239192686
1 31322U 99025BQA 18205.12107934 -.00000017 +00000-0 +17785-4 0  9990
2 31322 098.5638 156.9827 0242522 024.1982 031.6047 13.71635612252693
1 31323U 99025BQB 18205.44736935 +.00000528 +00000-0 +31582-3 0  9991
2 31323 099.4298 058.9638 0039916 075.6005 284.9589 14.11432551579334
1 31324U 99025BQC 18204.24378144 +.00000031 +00000-0 +41702-4 0  9998
2 31324 099.2790 006.7071 0050101 323.4006 036.3746 14.13304349583442
1 31325U 99025BQD 18204.01060746 +.00000709 +00000-0 +47554-3 0  9992
2 31325 099.1183 263.7994 0084868 189.3439 170.6152 14.02398835575628
1 31326U 99025BQE 18203.16546113 +.00001186 +00000-0 +56563-3 0  9995
2 31326 099.0406 284.0855 0055188 273.9785 085.5083 14.20495859350267
1 31327U 99025BQF 18203.31975076 +.00000508 +00000-0 +82332-4 0  9998
2 31327 099.0153 230.9027 0177627 167.7866 192.7727 14.66632702602852
1 31328U 99025BQG 18204.89091586 +.00000017 +00000-0 +22829-4 0  9998
2 31328 098.4636 241.3334 0104853 245.8765 113.1422 14.27746960589432
1 31329U 99025BQH 18205.24800647 +.00000476 +00000-0 +15827-3 0  9993
2 31329 098.9547 022.3267 0084822 241.8987 117.3607 14.40630258590908
1 31330U 99025BQJ 18204.77992869 +.00000879 +00000-0 +41333-3 0  9998
2 31330 098.9707 235.3970 0034486 155.5803 268.4368 14.22330848584079
1 31331U 99025BQK 18203.32372657 -.00000238  00000-0 -13020-3 0  9999
2 31331  99.1817 227.0661 0054308  93.6877 267.0499 13.99705877576137
1 31332U 99025BQL 18205.61612750 -.00000005 +00000-0 +23728-4 0  9993
2 31332 098.9300 248.4782 0054512 054.3560 097.0850 14.05200546580276
1 31333U 99025BQM 18204.35376935 +.00000244 +00000-0 +12935-3 0  9997
2 31333 098.7097 263.4712 0106982 296.9723 062.0560 14.19468436582431
1 31334U 99025BQN 18180.87183094  .00001136  00000-0  64844-3 0  9997
2 31334  99.1257 213.8701 0077170 123.5256 237.3316 14.10256774573879
1 31335U 99025BQP 18205.25985295 +.00009923 +00000-0 +65889-3 0  9993
2 31335 098.7844 141.5718 0040653 057.7081 302.8071 15.06790257602540
1 31336U 99025BQQ 18205.54678987 +.00000155 +00000-0 +68291-4 0  9992
2 31336 098.7830 220.7057 0099466 185.3172 327.7057 14.34000618590863
1 31337U 99025BQR 18204.64161090 +.00001105 +00000-0 +32537-3 0  9994
2 31337 099.4461 264.7132 0050228 146.1541 006.1325 14.45273057591501
1 31338U 99025BQS 18197.49015781 +.00000470 +00000-0 +33215-3 0  9992
2 31338 098.8589 076.8281 0092859 150.0102 210.6428 14.00569873575194
1 31339U 99025BQT 18204.37380548 +.00000070 +00000-0 +68647-4 0  9999
2 31339 098.9500 246.6705 0079909 353.7456 006.2707 14.05094619577144
1 31340U 99025BQU 18204.32520926 +.00000835 +00000-0 +44279-3 0  9995
2 31340 099.0455 232.9237 0042542 205.3961 211.8948 14.16012021284876
1 31341U 99025BQV 18204.16263977 +.00000539 +00000-0 +21342-3 0  9995
2 31341 099.5419 272.9076 0073331 219.4907 194.9330 14.32112197588419
1 31342U 99025BQW 18204.30536196 +.00000042 +00000-0 +30691-4 0  9995
2 31342 099.0273 034.4964 0115085 222.4545 136.7694 14.34487386591749
1 31344U 99025BQY 17238.55341583 -.01711175  00000-0 -92398-1 0  9992
2 31344  99.4022 356.0111 0008687   3.7509  56.4025 15.18269137548162
1 31345U 99025BQZ 18205.51168968 +.00000755 +00000-0 +52738-3 0  9996
2 31345 098.1394 110.7278 0087060 204.6983 155.0004 13.99372495315142
1 31346U 99025BRA 18204.99118206 +.00000339 +00000-0 +47286-4 0  9999
2 31346 098.8961 212.5012 0203353 281.8473 103.9182 14.73007837595498
1 31347U 99025BRB 13082.06375482 +.00003417 +00000-0 +11179-2 0  9998
2 31347 098.5096 027.3771 0159368 105.0735 256.8144 14.32129287311382
1 31348U 99025BRC 18205.40890477 +.00000445 +00000-0 +22608-3 0  9993
2 31348 099.2077 009.3590 0038511 229.6025 160.3771 14.20932949578418
1 31349U 99025BRD 18204.06468888 -.00000075 +00000-0 -20627-4 0  9993
2 31349 099.1615 158.4983 0073472 084.9090 276.0454 13.99129047251498
1 31350U 99025BRE 18205.49996287 +.00000111 +00000-0 +61266-4 0  9995
2 31350 098.7451 303.8791 0075344 072.3942 288.5450 14.27519233588986
1 31351U 99025BRF 18205.32860698 +.00000132 +00000-0 +10558-3 0  9994
2 31351 098.8705 240.9248 0096697 061.1246 299.9583 14.04257263234826
1 31352U 99025BRG 07147.17882266 +.00001467 +00000-0 +49795-3 0  9993
2 31352 099.2426 144.9216 0184978 359.9320 000.1805 14.29220088008281
1 31353U 99025BRH 18204.21504392 +.00000236 +00000-0 +95314-4 0  9998
2 31353 099.1114 359.4913 0246656 268.2716 089.0198 14.22976596581456
1 31354U 99025BRJ 10225.02374198 +.00001711 +00000-0 +49501-3 0  9997
2 31354 098.3743 171.9042 0261508 151.6462 288.6853 14.27684578180239
1 31355U 99025BRK 18205.62307639 +.00000614 +00000-0 +14632-3 0  9994
2 31355 098.8704 088.8943 0101014 007.4169 022.8407 14.54749379596195
1 31356U 99025BRL 18205.42008167 +.00000576 +00000-0 +23636-3 0  9998
2 31356 098.7591 260.0473 0059211 012.4117 045.6558 14.29950045263301
1 31357U 99025BRM 18204.99374583 -.00000025 +00000-0 +97704-5 0  9997
2 31357 098.9424 225.6119 0050912 107.5108 282.9594 14.18218704584497
1 31358U 99025BRN 18204.25628193 +.00001492 +00000-0 +50738-3 0  9998
2 31358 098.9086 316.6022 0158845 248.3784 110.0413 14.31337230585925
1 31359U 99025BRP 18204.29500361 +.00000981 +00000-0 +65737-3 0  9996
2 31359 099.2507 236.7532 0093556 240.4220 118.7596 14.01245094255655
1 31360U 99025BRQ 18202.24691238  .00000754  00000-0  56984-3 0  9997
2 31360  97.9972   3.1402 0127665 332.4072  27.0355 13.92878669571527
1 31361U 99025BRR 18203.35076375 -.00000001  00000-0  20753-4 0  9992
2 31361  98.6424 253.6131 0044918 291.2905  68.3477 14.16435766584100
1 31362U 99025BRS 18205.33628513 +.00000038 +00000-0 +41616-4 0  9990
2 31362 098.7587 234.2939 0017531 271.6831 088.2335 14.15733644584013
1 31363U 99025BRT 15023.62135407 +.00004798 +00000-0 +29730-2 0  9991
2 31363 098.4778 163.1285 0153435 258.0174 100.2762 13.99941214397319
1 31364U 99025BRU 18205.34640128 +.00000374 +00000-0 +29106-3 0  9991
2 31364 099.2984 248.5889 0114744 348.3782 070.2844 13.95816846571964
1 31365U 99025BRV 18205.44674683 +.00000554 +00000-0 +26859-3 0  9998
2 31365 098.8479 252.6808 0055839 147.7624 339.9431 14.21586465581544
1 31366U 99025BRW 18204.19533986 +.00000904 +00000-0 +35827-3 0  9994
2 31366 098.8657 274.6785 0004975 163.6018 258.2274 14.31384475583638
1 31367U 99025BRX 18205.32424493 +.00000181 +00000-0 +68894-4 0  9991
2 31367 098.7582 333.6320 0113653 118.8591 271.3646 14.39100006595959
1 31368U 99025BRY 18205.51631102 +.00000013 +00000-0 +28963-4 0  9997
2 31368 098.9356 306.0697 0051116 052.0872 010.0612 14.16219119262131
1 31369U 99025BRZ 18204.91795317 +.00000064 +00000-0 +52304-4 0  9992
2 31369 098.6580 241.5702 0057778 151.6983 332.3370 14.16839689260912
1 31370U 99025BSA 18205.33765112 -.00000091 +00000-0 -28101-4 0  9991
2 31370 098.9171 236.2460 0034610 334.2936 025.6511 14.06762077583420
1 31371U 99025BSB 18205.01083628 +.00000152 +00000-0 +13139-3 0  9992
2 31371 099.0395 269.9295 0070638 175.4502 306.3135 13.99481981579603
1 31372U 99025BSC 18204.42922211 +.00000483 +00000-0 +29537-3 0  9993
2 31372 099.4076 029.8350 0043919 076.7839 283.8224 14.10536006576830
1 31374U 99025BSE 18205.52637243 +.00000705 +00000-0 +38541-3 0  9997
2 31374 099.6262 097.0707 0203925 248.0519 109.8861 14.05575798579649
1 31376U 99025BSG 18205.30405518 +.00000394 +00000-0 +14757-3 0  9990
2 31376 098.8477 333.9662 0073381 002.0662 358.0813 14.35933167592607
1 31377U 99025BSH 11170.99704821 +.00001565 +00000-0 +50097-3 0  9997
2 31377 098.9405 241.7958 0109989 281.0130 074.2981 14.37746898223572
1 31378U 99025BSJ 18205.56094643 +.00000148 +00000-0 +18611-3 0  9993
2 31378 100.7846 061.7624 0177275 109.4697 252.5694 13.75817385570846
1 31379U 99025BSK 18204.52773565 +.00004861 +00000-0 +37545-3 0  9999
2 31379 099.4821 113.7225 0081036 090.7777 270.2726 14.99597364602814
1 31380U 99025BSL 18199.69917981  .00001474  00000-0  24762-3 0  9998
2 31380  96.5405   8.8527 0099244  33.2213 327.5174 14.67495065595250
1 31381U 99025BSM 18204.01327720 +.00000039 +00000-0 +26458-4 0  9999
2 31381 098.6354 287.3912 0220982 071.5520 290.9545 14.29069656587886
1 31382U 99025BSN 18204.18441561 +.00003196 +00000-0 +55618-3 0  9994
2 31382 096.9208 174.9088 0047592 111.8832 248.7446 14.67886370594633
1 31383U 99025BSP 18205.47893385 +.00000688 +00000-0 +47322-3 0  9999
2 31383 099.2814 210.0980 0115469 179.6834 334.4480 13.99735047575727
1 31384U 99025BSQ 18205.60177399 +.00000643 +00000-0 +32475-3 0  9999
2 31384 098.4703 076.8293 0504852 110.7557 284.8952 13.68200867560052
1 31385U 99025BSR 18204.97331111 +.00000031 +00000-0 +22983-4 0  9998
2 31385 098.9517 110.7399 0140652 123.6105 299.6808 14.41037806597251
1 31386U 99025BSS 18205.42249764 +.00000397 +00000-0 +37936-3 0  9990
2 31386 098.4748 111.8936 0224198 033.1825 328.3162 13.74805392566925
1 31387U 99025BST 18204.14331226 +.00000123 +00000-0 +71404-4 0  9990
2 31387 099.1229 327.4823 0250449 168.4773 317.2774 14.10559376582158
1 31388U 99025BSU 18205.36558083 +.00000039 +00000-0 +49860-4 0  9995
2 31388 098.8564 235.1703 0046905 227.5453 201.0584 14.06158222585096
1 31389U 99025BSV 18205.61719654 +.00000581 +00000-0 +32822-3 0  9998
2 31389 099.0877 253.2529 0057490 356.2165 157.1472 14.13439130581153
1 31391U 06029D   18205.52734995 +.00000783 +00000-0 +34594-4 0  9991
2 31391 064.5011 254.6041 0036822 264.1765 095.5166 15.29901201651385
1 31392U 06029E   18205.60069656 +.00000755 +00000-0 +34404-4 0  9995
2 31392 064.5010 261.6612 0033488 261.7702 097.9628 15.29166785652465
1 31403U 96017D   18204.84454950 +.00005933 +00000-0 +62615-3 0  9991
2 31403 098.3364 224.3823 0015618 170.7134 316.4349 14.89603744168689
1 31409U 05024J   18204.33052074 +.00000419 +00000-0 +24812-4 0  9992
2 31409 097.5265 251.0311 0010584 271.3826 088.6194 15.16706490693220
1 31410U 99025BSW 18204.48600958 +.00000201 +00000-0 +83402-4 0  9993
2 31410 098.6600 298.8243 0131332 345.1997 071.7893 14.32544443590213
1 31411U 99025BSX 18204.96674517 +.00000129 +00000-0 +72658-4 0  9999
2 31411 098.9606 212.8844 0108605 139.8372 254.2441 14.23233364560567
1 31412U 99025BSY 18204.44163790 +.00000352 +00000-0 +26757-3 0  9995
2 31412 098.5704 291.2526 0090723 352.5361 007.4448 13.97807188231925
1 31413U 99025BSZ 15331.95041123 +.00000790 +00000-0 +34005-3 0  9996
2 31413 098.7417 032.9781 0073158 303.2519 059.0305 14.26056564446361
1 31414U 99025BTA 18200.29197224 +.00000885 +00000-0 +26027-3 0  9996
2 31414 098.6946 228.4154 0074017 112.1099 248.7970 14.44673325232659
1 31415U 99025BTB 18204.25950762 +.00000342 +00000-0 +18452-3 0  9992
2 31415 099.6798 229.3827 0075561 090.5466 270.4365 14.18636251580413
1 31416U 99025BTC 18205.49930648 +.00000040 +00000-0 +29246-4 0  9990
2 31416 099.0346 083.2810 0142828 244.4820 237.0298 14.35316675588260
1 31417U 99025BTD 18205.14900345 +.00001358 +00000-0 +33989-3 0  9995
2 31417 099.0519 105.0057 0045686 302.7231 056.9562 14.52710636588915
1 31418U 99025BTE 18204.53640493 +.00000794 +00000-0 +41892-3 0  9998
2 31418 099.1461 318.7422 0060624 022.8175 337.5671 14.15962559577423
1 31419U 99025BTF 18205.02007374 +.00000496 +00000-0 +19443-3 0  9995
2 31419 098.7069 290.1098 0075481 312.3465 047.1341 14.32350862261820
1 31420U 99025BTG 18205.04350520 +.00000224 +00000-0 +85758-4 0  9995
2 31420 097.5073 049.3641 0151779 267.1716 251.5387 14.32286418263067
1 31421U 99025BTH 15268.93844154 +.00000043 +00000-0 +40662-4 0  9995
2 31421 098.9667 322.4350 0063074 179.0666 181.0639 14.20221517436491
1 31422U 99025BTJ 18205.54302888 +.00000239 +00000-0 +16923-3 0  9999
2 31422 098.8995 236.8713 0035380 337.5106 182.0259 14.06682572579320
1 31423U 99025BTK 18205.53886838 +.00000038 +00000-0 +36623-4 0  9998
2 31423 098.5921 238.5289 0038467 111.2050 249.3244 14.21287258586832
1 31424U 99025BTL 18204.87331886 -.00000042 +00000-0 -12731-5 0  9995
2 31424 098.4776 356.3695 0095908 188.3358 171.6222 14.06314396578964
1 31425U 99025BTM 08050.70542971 +.00000357 +00000-0 +27412-3 0  9992
2 31425 098.7911 027.3891 0081487 148.5974 209.2450 13.97702990043992
1 31426U 99025BTN 18204.18324456 +.00000009 +00000-0 +30126-4 0  9994
2 31426 098.5698 198.4303 0357983 325.8504 091.8551 13.78554872562926
1 31427U 99025BTP 18204.08468422 +.00000535 +00000-0 +23364-3 0  9995
2 31427 098.8121 251.8067 0054001 061.5690 358.0418 14.27226354581812
1 31428U 99025BTQ 18205.46603554 +.00000263 +00000-0 +11574-3 0  9994
2 31428 099.0984 028.3296 0077905 104.2520 286.4246 14.30262214588605
1 31429U 99025BTR 18204.31856689 +.00000324 +00000-0 +19504-3 0  9996
2 31429 098.9579 240.0161 0018118 193.5399 224.9114 14.13750586577439
1 31430U 99025BTS 18205.53707882 +.00000322 +00000-0 +18467-3 0  9998
2 31430 098.9906 231.9489 0030505 200.7276 314.2897 14.16221982578568
1 31431U 99025BTT 18205.08112601 +.00000230 +00000-0 +18947-3 0  9999
2 31431 098.5225 257.0009 0150478 048.5028 312.8937 13.92621812569547
1 31432U 99025BTU 18204.54979465 +.00005612 +00000-0 +14505-3 0  9994
2 31432 099.0268 125.3986 0075895 234.3910 125.0243 15.36771368610066
1 31433U 99025BTV 18205.42425934 +.00000554 +00000-0 +34766-3 0  9991
2 31433 098.3856 254.9665 0130677 183.7810 306.1614 14.03963723575370
1 31434U 99025BTW 18204.62258528 +.00001318 +00000-0 +35239-3 0  9991
2 31434 099.0349 082.3924 0051754 337.6136 051.8084 14.49413566586930
1 31435U 99025BTX 18205.31571945 +.00000066 +00000-0 +28542-4 0  9999
2 31435 098.9811 156.4032 0160190 354.2489 005.6858 14.48655494593826
1 31436U 99025BTY 18203.75319712 +.00000887 +00000-0 +35394-3 0  9991
2 31436 098.8623 285.6039 0132467 309.6096 177.8676 14.26432330580782
1 31437U 99025BTZ 18205.39983347 +.00000749 +00000-0 +37247-3 0  9991
2 31437 098.9690 195.9035 0019829 118.3314 241.9865 14.20048515583352
1 31439U 99025BUB 18205.02128801 +.00000189 +00000-0 +17302-3 0  9997
2 31439 099.1416 248.7533 0143668 321.4105 155.5473 13.90601825256848
1 31440U 99025BUC 18205.58442020 +.00000761 +00000-0 +38604-3 0  9996
2 31440 098.9005 252.7655 0046972 207.3231 152.5472 14.18433117579496
1 31441U 99025BUD 18205.40940677 +.00000116 +00000-0 +77250-4 0  9994
2 31441 099.3194 264.0138 0275160 028.9473 332.6643 14.01860131258689
1 31442U 99025BUE 18204.43204228 +.00000077 +00000-0 +46475-4 0  9993
2 31442 098.6467 289.8559 0086276 025.4326 335.1064 14.28478454587844
1 31443U 99025BUF 18204.46179301 +.00000352 +00000-0 +12002-3 0  9994
2 31443 099.2323 087.8554 0253159 355.7467 004.1560 14.27033274282993
1 31444U 99025BUG 18205.58311083 +.00000954 +00000-0 +33905-3 0  9997
2 31444 098.9331 339.9758 0110652 142.9684 217.9202 14.33415961586272
1 31445U 99025BUH 18205.53090243 +.00001674 +00000-0 +39060-3 0  9993
2 31445 098.9101 051.3656 0060186 190.1549 200.4914 14.55147678592243
1 31446U 99025BUJ 18204.63435587 +.00001395 +00000-0 +60133-3 0  9993
2 31446 098.7369 153.3068 0075932 134.7027 226.0370 14.24568253195610
1 31447U 99025BUK 18204.64791318 +.00000140 +00000-0 +65498-4 0  9999
2 31447 098.8667 152.4141 0238849 176.7928 183.4848 14.20969828264947
1 31448U 99025BUL 18203.35580040  .00000270  00000-0  14328-3 0  9994
2 31448  98.7329 241.6859 0065811 118.4618 242.3210 14.20282123585080
1 31449U 99025BUM 18204.80696249 +.00000085 +00000-0 +45780-4 0  9996
2 31449 098.8541 210.4579 0149767 270.9432 087.4594 14.30738233590226
1 31450U 99025BUN 18204.33282045 +.00003351 +00000-0 +19181-3 0  9995
2 31450 098.5568 339.6622 0335915 109.6260 254.1528 14.76363025592995
1 31451U 99025BUP 18204.30058194 +.00000153 +00000-0 +11119-3 0  9999
2 31451 099.0679 224.8396 0031212 271.4388 145.0713 14.10492914582126
1 31452U 99025BUQ 18205.08096576 +.00000072 +00000-0 +62732-4 0  9990
2 31452 098.7600 244.7374 0041154 262.3505 097.2992 14.11713918581037
1 31453U 99025BUR 13108.74280262 +.00000791 +00000-0 +18700-3 0  9991
2 31453 098.8000 213.4019 0106835 015.4093 345.0313 14.53808865318467
1 31455U 99025BUT 18205.40682130 -.00000068 +00000-0 -11482-4 0  9999
2 31455 098.7894 265.3347 0224960 156.3390 204.8323 14.08830145581128
1 31456U 99025BUU 18205.47267558 +.00000215 +00000-0 +95507-4 0  9992
2 31456 098.6414 288.6946 0081600 012.5660 347.7531 14.30698910588036
1 31457U 99025BUV 18205.52937589 +.00001732 +00000-0 +14196-3 0  9996
2 31457 099.0134 314.3408 0148313 048.4878 312.8954 14.92796084604158
1 31458U 99025BUW 18204.25232126 +.00000747 +00000-0 +19218-3 0  9996
2 31458 099.2190 212.1970 0088752 175.8393 184.3557 14.51311366265761
1 31459U 99025BUX 18204.37808289 +.00000657 +00000-0 +28467-3 0  9995
2 31459 098.1370 257.2444 0125349 226.5646 132.5050 14.23111329583116
1 31462U 99025BVA 18204.06559796 +.00000052 +00000-0 +54690-4 0  9998
2 31462 098.9701 232.8353 0032450 282.8521 133.5002 14.10172684577849
1 31463U 99025BVB 18204.72877778 +.00000106 +00000-0 +47874-4 0  9991
2 31463 099.1124 041.7820 0232980 336.5216 022.5462 14.29625882261060
1 31464U 99025BVC 18205.30067456 +.00000029 +00000-0 +42554-4 0  9995
2 31464 099.1095 221.0328 0044052 279.7668 146.5014 14.09935896579502
1 31465U 99025BVD 18205.12229169 +.00001077 +00000-0 +68581-3 0  9998
2 31465 098.6443 325.8304 0124876 296.0175 062.8176 14.01993146573786
1 31466U 99025BVE 18180.71739678  .00000007  00000-0  19279-4 0  9990
2 31466  99.2368 348.6698 0307539 102.3064 326.1397 14.16382076578634
1 31467U 99025BVF 18204.85198242 +.00000824 +00000-0 +66419-3 0  9993
2 31467 098.5816 237.3241 0171472 232.8130 125.7270 13.86450314567752
1 31468U 99025BVG 18205.38979753 +.00000063 +00000-0 +30143-4 0  9998
2 31468 098.3958 262.2093 0186851 035.4095 325.9333 14.38197302285309
1 31471U 99025BVK 18205.30655657 +.00000492 +00000-0 +32294-3 0  9992
2 31471 097.9485 025.6308 0183647 147.0568 214.2202 13.97642134261545
1 31473U 99025BVM 18204.93759523 +.00000580 +00000-0 +30426-3 0  9992
2 31473 098.8163 253.4518 0077828 239.6862 246.0801 14.16535596312148
1 31474U 99025BVN 18205.38683862 +.00000448 +00000-0 +31601-3 0  9994
2 31474 099.1456 182.3383 0079536 109.1608 251.8187 14.01653264570992
1 31475U 99025BVP 18204.53699075 +.00000060 +00000-0 +34332-4 0  9999
2 31475 098.9063 326.6405 0245184 025.3105 335.9853 14.26223366575191
1 31476U 99025BVQ 18205.56186271 +.00000399 +00000-0 +24729-3 0  9996
2 31476 099.0986 226.5232 0059111 235.2813 281.1909 14.10271410576411
1 31477U 99025BVR 18205.50694739 +.00000278 +00000-0 +20124-3 0  9995
2 31477 098.9326 232.1797 0117969 337.1074 022.4858 14.01251810576022
1 31478U 99025BVS 18205.31995465 +.00002129 +00000-0 +73580-3 0  9996
2 31478 102.5905 238.3149 0054149 184.8278 241.6772 14.36788595264623
1 31480U 99025BVU 18205.36301091 +.00001363 +00000-0 +95774-3 0  9998
2 31480 098.3541 357.2997 0412614 292.2418 093.7360 13.65515181563903
1 31481U 99025BVV 18204.60820454 +.00002543 +00000-0 +44554-3 0  9995
2 31481 099.2387 256.0923 0055195 206.6287 153.2077 14.67900744592890
1 31482U 99025BVW 18205.58849823 +.00000264 +00000-0 +11992-3 0  9993
2 31482 098.5968 248.9399 0099882 314.4355 202.3855 14.27091402585845
1 31483U 99025BVX 18205.51638972 +.00000727 +00000-0 +54668-3 0  9999
2 31483 102.5092 217.9375 0152431 249.1274 265.6382 13.94289769569458
