1 33816U 93036BH  18205.35665957 +.00000037 +00000-0 +43710-4 0  9993
2 33816 073.8985 339.1850 0275572 139.5064 222.6927 13.78148409474716
1 33817U 93036BJ  18205.20042758 +.00000443 +00000-0 +80395-4 0  9997
2 33817 074.0709 293.7659 0058518 001.4984 358.6350 14.68375719503273
1 33818U 93036BK  18205.36896628 +.00000237 +00000-0 +52002-4 0  9993
2 33818 074.1028 346.2395 0074821 357.7867 030.3620 14.61582027501921
1 33819U 93036BL  18205.44247510 +.00000274 +00000-0 +12405-3 0  9996
2 33819 074.1830 002.8472 0097846 254.9051 135.1070 14.24068320490260
1 33821U 93036BN  18205.23309310 +.00000296 +00000-0 +37881-4 0  9993
2 33821 074.0534 135.6964 0128031 178.5374 332.8662 14.80958493508134
1 33822U 93036BP  18205.00590899 +.00000428 +00000-0 +26107-3 0  9998
2 33822 074.0779 207.2127 0181531 189.0747 201.2248 14.01009539481790
1 33823U 93036BQ  18205.34747941 +.00000220 +00000-0 +15291-3 0  9990
2 33823 073.8128 167.3037 0220543 036.5196 112.9703 13.93379140479804
1 33824U 93036BR  18205.30613674 +.00000594 +00000-0 +11012-3 0  9993
2 33824 074.0230 324.4406 0090436 019.6180 008.3947 14.65120050501582
1 33825U 93036BS  18205.06890227 +.00000494 +00000-0 +13265-3 0  9999
2 33825 073.9947 087.5178 0119189 339.3113 088.7988 14.46794757497080
1 33826U 93036BT  18205.63285972 +.00000238 +00000-0 +97127-4 0  9994
2 33826 074.0659 301.7850 0121909 306.3897 118.3235 14.28755928490868
1 33828U 93036BV  18205.63344019 +.00000191 +00000-0 +72014-4 0  9990
2 33828 074.0487 174.1815 0033125 200.3786 274.1028 14.37541302494947
1 33832U 93036BZ  18205.35749413 +.00000458 +00000-0 +15382-3 0  9991
2 33832 074.0603 185.9085 0037879 183.2579 336.5174 14.39585262494603
1 33834U 93036CB  18205.56474919 +.00000561 +00000-0 +96215-4 0  9992
2 33834 074.0740 277.4006 0064914 331.0503 094.5389 14.70006972503833
1 33835U 93036CC  18205.45468928 +.00000305 +00000-0 +91078-4 0  9992
2 33835 074.0638 115.7819 0076933 141.1997 338.2533 14.45411622496954
1 33836U 93036CD  18205.47382265 +.00000399 +00000-0 +99813-4 0  9992
2 33836 074.0067 017.5694 0036259 168.2361 222.7703 14.54401326247111
1 33837U 93036CE  18205.06878252 +.00000120 +00000-0 +41094-4 0  9994
2 33837 074.0136 067.4181 0037385 223.0713 136.7518 14.45968744497562
1 33838U 93036CF  18205.47225900 +.00000136 +00000-0 +49371-4 0  9999
2 33838 074.0398 123.4786 0030489 192.8582 287.7696 14.41890338496339
1 33839U 93036CG  18205.32488815 +.00000007 +00000-0 +79575-5 0  9997
2 33839 074.0439 312.9609 0092935 033.4164 352.7123 14.58272458502044
1 33841U 93036CJ  18205.38478218 +.00000108 +00000-0 +47233-4 0  9999
2 33841 074.0373 187.5791 0022569 213.6009 297.0228 14.34750275493923
1 33842U 93036CK  18205.34418052 +.00000108 +00000-0 +43817-4 0  9990
2 33842 074.0352 159.1859 0051321 208.8348 307.7514 14.37880158495185
1 33844U 93036CM  18205.12261503 +.00000160 +00000-0 +72986-4 0  9992
2 33844 074.0682 269.0898 0053877 247.4087 126.8756 14.28561652491521
1 33845U 93036CN  18205.55298361 +.00005179 +00000-0 +71138-3 0  9994
2 33845 074.0449 046.3050 0040673 043.0497 317.3847 14.78037342499169
1 33848U 93036CR  18205.53235049 +.00000334 +00000-0 +13560-3 0  9992
2 33848 074.0357 256.1250 0056295 251.7174 177.0181 14.30617748491526
1 33849U 97051S   18205.49346706 +.00002923 +00000-0 +76959-3 0  9999
2 33849 086.1027 025.8762 0067610 173.4983 186.7114 14.47372924491700
1 33853U 97051W   18204.61859525 +.00000279 +00000-0 +16532-3 0  9998
2 33853 086.0027 079.7745 0241352 148.7866 242.6566 13.90242163477890
1 33854U 97051X   18205.46781428 +.00001239 +00000-0 +22604-3 0  9993
2 33854 086.2288 011.4809 0007405 204.5640 181.3456 14.65197132499952
1 33855U 97051Y   18205.55665945 +.00003561 +00000-0 +73057-3 0  9997
2 33855 086.3234 147.2280 0021629 010.3655 349.7996 14.60316115315516
1 33858U 97051AB  18205.58805647 +.00008154 +00000-0 +70070-3 0  9993
2 33858 086.1316 312.5697 0011031 319.6378 100.9690 14.97260938502999
1 33859U 97051AC  18205.44151215 -.00001020 +00000-0 -32284-3 0  9996
2 33859 086.3436 103.3862 0051194 025.1470 335.2205 14.40445850493520
1 33860U 97051AD  18205.19783356 +.00000444 +00000-0 +12263-3 0  9999
2 33860 086.3937 105.6368 0015745 357.6947 154.5004 14.44552911496251
1 33864U 97051AH  18205.55707105 +.00000624 +00000-0 +15604-3 0  9993
2 33864 086.2763 056.3212 0006020 090.6709 298.8323 14.49927000496725
1 33865U 97051AJ  18205.60615803 +.00002120 +00000-0 +39048-3 0  9994
2 33865 086.3462 074.5661 0037242 201.1661 188.3682 14.64671324498375
1 33866U 97051AK  18205.27216963 +.00000378 +00000-0 +17545-3 0  9993
2 33866 086.3022 137.9233 0129236 067.2968 089.2610 14.13531395486029
1 33869U 97051AN  18205.21938342 +.00001418 +00000-0 +42748-3 0  9991
2 33869 086.3661 129.8405 0067980 124.2515 236.5148 14.40520417491427
1 33870U 97051AP  18205.21155101 +.00000308 +00000-0 +10079-3 0  9996
2 33870 086.3814 118.4883 0025944 040.2464 112.7691 14.35083166493606
1 33876U 97051AV  18205.37542950 +.00001842 +00000-0 +22585-3 0  9990
2 33876 086.2026 358.8217 0010968 099.8175 286.1095 14.82513938500640
1 33878U 97051AX  18205.53156376 +.00003338 +00000-0 +96791-3 0  9995
2 33878 086.3073 115.0051 0103034 152.4467 208.2249 14.41058295490774
1 33879U 97051AY  18205.55805618 +.00001310 +00000-0 +20329-3 0  9990
2 33879 086.3606 065.5480 0029018 104.7841 255.6594 14.72046552248932
1 33881U 97051BA  18205.31626688 +.00000949 +00000-0 +38284-3 0  9991
2 33881 086.3948 154.2458 0088238 301.2931 211.6416 14.24924401488710
1 33884U 97051BD  18205.48789417 +.00000532 +00000-0 +14239-3 0  9994
2 33884 086.3821 098.9443 0015659 075.4727 044.7562 14.46403901496583
1 33887U 97051BG  18205.45953914 +.00000087 +00000-0 +23504-4 0  9990
2 33887 086.3033 082.3284 0008580 060.9076 057.2695 14.34976799494538
1 33888U 97051BH  18205.45080817 +.00000850 +00000-0 +25620-3 0  9992
2 33888 086.3267 101.4050 0049574 050.9129 309.6464 14.40687129492919
1 33889U 93036CS  18205.58317249 +.00005851 +00000-0 +37762-3 0  9994
2 33889 074.1036 165.7773 0033374 127.9930 232.4283 15.08029386507290
1 33890U 93036CT  18205.52470564 +.00000691 +00000-0 +16411-3 0  9995
2 33890 074.0183 032.0451 0048336 110.1421 250.4951 14.55193785499238
1 33892U 93036CV  18205.26189652 +.00000180 +00000-0 +96202-4 0  9993
2 33892 073.8070 303.6769 0123722 091.5933 298.6914 14.16382658486981
1 33893U 93036CW  18205.27310216 +.00001763 +00000-0 +30604-3 0  9998
2 33893 074.0250 129.6400 0161827 156.1350 007.3307 14.60756764495558
1 33894U 93036CX  18205.29167119 +.00000748 +00000-0 +83203-3 0  9998
2 33894 073.7684 167.5934 0597775 107.4334 259.2991 13.14316066452011
1 33896U 93036CZ  18205.33610824 +.00000435 +00000-0 +23125-3 0  9991
2 33896 073.7728 333.6186 0138303 237.0269 150.7247 14.11946903486026
1 33899U 93036DC  18205.50959186 +.00000330 +00000-0 +96657-4 0  9995
2 33899 074.0582 104.8959 0077027 135.9080 281.0252 14.46141893497365
1 33900U 93036DD  18205.55542687 +.00000214 +00000-0 +62280-4 0  9993
2 33900 074.0210 045.0012 0055551 138.9577 252.6911 14.49393603498957
1 33901U 93036DE  18205.27203776 +.00000742 +00000-0 +15816-3 0  9994
2 33901 073.7913 299.4623 0117536 206.7475 152.7598 14.56775699499386
1 33905U 93036DJ  18205.55132028 +.00000254 +00000-0 +11209-3 0  9990
2 33905 073.8873 222.2267 0066319 294.8030 233.4088 14.27326979491385
1 33906U 93036DK  18205.52296390 +.00000608 +00000-0 +22948-3 0  9996
2 33906 074.0385 254.8306 0055597 233.7467 194.7953 14.32656913492116
1 33907U 93036DL  18205.22818778 +.00001075 +00000-0 +55893-3 0  9998
2 33907 074.0566 133.8998 0156537 130.9427 019.1164 14.09682086484109
1 33908U 93036DM  18205.05911889 +.00000493 +00000-0 +30577-3 0  9992
2 33908 073.8444 223.2729 0265132 012.2984 348.4446 13.91706940478199
1 33909U 93036DN  18205.17556063 +.00008281 +00000-0 +87408-3 0  9993
2 33909 074.0557 105.1805 0030753 032.9396 327.3693 14.89057175497486
1 33911U 93036DQ  18205.37687212 +.00000651 +00000-0 +19896-3 0  9998
2 33911 074.1028 172.1374 0023387 132.0099 023.6467 14.43594089495242
1 33912U 93036DR  18205.33073698 +.00000180 +00000-0 +65548-4 0  9995
2 33912 074.0396 158.7020 0015375 183.9981 328.4616 14.39909035495283
1 33913U 93036DS  18205.31942834 +.00000196 +00000-0 +69513-4 0  9994
2 33913 074.0369 147.5607 0055404 194.9589 324.1372 14.39970003495560
1 33915U 93036DU  18205.61536506 +.00000252 +00000-0 +10309-3 0  9995
2 33915 074.0449 260.8943 0118282 290.8450 233.0373 14.28690996491798
1 33917U 93036DW  18205.37186841 +.00000508 +00000-0 +44266-3 0  9996
2 33917 074.1024 195.6211 0352597 206.0459 152.2542 13.63304663469314
1 33918U 93036DX  18205.29668274 +.00000796 +00000-0 +12527-3 0  9997
2 33918 074.0615 307.4436 0057693 329.3364 061.2483 14.73271363502666
1 33919U 93036DY  18204.93455837 +.00000880 +00000-0 +20745-3 0  9992
2 33919 074.0515 065.8704 0033234 102.6890 257.7991 14.55479905498167
1 33920U 93036DZ  18205.51249584 +.00000415 +00000-0 +15224-3 0  9999
2 33920 074.0692 239.0650 0055348 217.5037 142.2249 14.35037142492618
1 33921U 93036EA  18205.37977466 +.00003757 +00000-0 +47187-3 0  9996
2 33921 073.9852 304.3531 0007214 023.4400 336.7105 14.82494493501751
1 33922U 93036EB  18205.18906557 +.00000200 +00000-0 +67967-4 0  9998
2 33922 074.0511 124.4261 0026377 189.6571 335.5281 14.42504343496186
1 33928U 93036EH  18205.58196901 +.00000106 +00000-0 +39358-4 0  9990
2 33928 073.9261 064.6172 0065716 227.1356 132.4270 14.42829609496982
1 33929U 93036EJ  18204.76293759 +.00001169 +00000-0 +24358-3 0  9992
2 33929 074.0314 057.7846 0002653 296.1663 192.7097 14.61163694498572
1 33930U 93036EK  18205.57611434 +.00001287 +00000-0 +37214-3 0  9994
2 33930 074.0299 160.9362 0027788 121.6992 000.9462 14.45341507495216
1 33931U 93036EL  18205.34011600 +.00000877 +00000-0 +15163-3 0  9992
2 33931 074.0251 086.8937 0234679 129.3795 232.8416 14.53473208497168
1 33932U 93036EM  18205.48592979 +.00000188 +00000-0 +77896-4 0  9998
2 33932 074.0344 216.3665 0042054 232.1632 127.5711 14.32748843493113
1 33933U 93036EN  18205.57979199 +.00000159 +00000-0 +70683-4 0  9997
2 33933 074.0905 271.6487 0078318 251.7848 107.4765 14.29007502492099
1 33935U 93036EQ  18205.40465318 +.00000595 +00000-0 +12540-3 0  9995
2 33935 074.0088 352.7659 0044724 080.5477 280.0740 14.61193109500169
1 33936U 93036ER  18205.41324577 +.00000267 +00000-0 +79506-4 0  9990
2 33936 074.0221 074.1658 0035230 168.5779 191.6188 14.47477179497633
1 33938U 93036ET  18205.56391265 +.00000220 +00000-0 +79291-4 0  9996
2 33938 074.0487 158.4244 0019394 194.9701 287.4945 14.39198252495307
1 33939U 93036EU  18205.30655536 +.00000762 +00000-0 +22769-3 0  9991
2 33939 074.0264 147.9285 0022262 160.8653 352.5668 14.44475464495232
1 33940U 93036EV  18205.26016451 +.00000281 +00000-0 +92280-4 0  9997
2 33940 074.0468 140.4549 0017828 171.6762 338.8107 14.42721228495723
1 33941U 93036EW  18205.55047738 +.00014875 +00000-0 +52420-3 0  9997
2 33941 073.9733 010.7976 0028101 092.9978 267.4440 15.28902881511165
1 33944U 93036EZ  18205.45591403 +.00000134 +00000-0 +54315-4 0  9991
2 33944 074.0399 207.8048 0122222 247.9180 264.6944 14.33071615493448
1 33945U 93036FA  18205.49576349 +.00000047 +00000-0 +26757-4 0  9990
2 33945 074.0284 199.7794 0024295 221.9118 138.0175 14.32806269493577
1 33948U 93036FD  18205.40114986 +.00000077 +00000-0 +37393-4 0  9990
2 33948 074.0346 201.2240 0025180 218.2751 141.6614 14.33147190493491
1 33950U 97051BK  18205.41232098 +.00001970 +00000-0 +39742-3 0  9992
2 33950 086.3830 093.1068 0015244 151.7153 208.4889 14.60917558497607
1 33952U 97051BM  18205.08168835 +.00001156 +00000-0 +25818-3 0  9999
2 33952 086.3521 081.1218 0011971 251.0629 108.9282 14.55936168497710
1 33953U 97051BN  18205.55734181 +.00000387 +00000-0 +11955-3 0  9997
2 33953 086.3949 118.6260 0024409 019.0888 099.8883 14.38570820494023
1 33954U 97051BP  18204.98157087 +.00001349 +00000-0 +28884-3 0  9996
2 33954 086.3798 101.9913 0015575 139.4487 349.3229 14.57943596496420
1 33955U 97051BQ  18205.21723685 +.00003536 +00000-0 +62458-3 0  9992
2 33955 086.3573 096.4953 0035461 232.9109 126.8862 14.66771768496386
1 33956U 97051BR  18205.50153972 +.00005693 +00000-0 +85724-3 0  9998
2 33956 086.4111 105.9756 0042728 003.9250 049.7417 14.73641519248540
1 33959U 97051BU  18204.74740716 +.00000470 +00000-0 +16003-3 0  9996
2 33959 086.3668 131.8254 0060975 177.7573 182.3908 14.33361935490165
1 33960U 97051BV  18205.04765941 +.00000824 +00000-0 +22233-3 0  9994
2 33960 086.2726 056.0164 0006085 191.8840 320.1481 14.46729494496374
1 33961U 97051BW  18205.28454932 +.00002024 +00000-0 +37665-3 0  9995
2 33961 086.2711 045.2053 0018648 202.5880 157.4514 14.64534890498136
1 33962U 97051BX  18205.60992216 +.00002079 +00000-0 +41141-3 0  9998
2 33962 086.3529 077.8896 0016277 228.8099 131.1709 14.61819613498210
1 33965U 97051CA  18205.11892407 +.00001543 +00000-0 +38553-3 0  9996
2 33965 086.3700 094.1045 0006390 251.8143 108.2366 14.50945312496545
1 33966U 97051CB  18205.51219045 +.00000316 +00000-0 +92687-4 0  9998
2 33966 086.3968 110.2584 0009603 122.5512 358.4719 14.40604561495338
1 33971U 93036FE  18205.63427177 +.00000114 +00000-0 +48596-4 0  9999
2 33971 074.0258 175.9638 0020697 214.0068 261.6954 14.35687156493897
1 33972U 93036FF  18203.53247760  .00000612  00000-0  26995-3 0  9996
2 33972  73.9987  20.8641 0156183  85.5987 334.7877 14.19015218486702
1 33973U 93036FG  18204.69530843 +.00000035 +00000-0 +18255-4 0  9992
2 33973 074.0087 088.4436 0048174 194.4452 196.4640 14.43079007496597
1 33975U 93036FJ  18205.21436756 +.00000098 +00000-0 +75519-4 0  9996
2 33975 073.8034 126.1986 0197256 357.6588 002.3597 13.96718002481410
1 33980U 93036FP  18205.40009632 +.00000197 +00000-0 +62002-4 0  9995
2 33980 074.0265 085.4130 0036241 170.2085 242.5701 14.46455526496999
1 33981U 93036FQ  18205.07750890 +.00000969 +00000-0 +11660-3 0  9998
2 33981 073.8342 084.8188 0072633 356.0448 004.0144 14.83753790506978
1 33982U 93036FR  18205.54872771 +.00000159 +00000-0 +45183-4 0  9993
2 33982 074.0734 044.1059 0088054 073.7990 317.8714 14.51208697499584
1 33983U 93036FS  18205.25247590 +.00000125 +00000-0 +45560-4 0  9999
2 33983 074.0538 126.1453 0024882 187.0941 327.5275 14.42652602496597
1 33984U 93036FT  18205.53558045 +.00000347 +00000-0 +96427-4 0  9995
2 33984 074.0150 052.1587 0030914 184.7932 200.9851 14.49897504498552
1 33986U 93036FV  18205.48024293 +.00000308 +00000-0 +11895-3 0  9996
2 33986 074.0390 217.0286 0049971 233.7454 277.8986 14.33700391493439
1 33989U 93036FY  18205.32074802 +.00000614 +00000-0 +12248-3 0  9996
2 33989 074.0234 327.3151 0039563 088.0457 272.5241 14.63716666501469
1 33992U 93036GB  18205.55155557 +.00000255 +00000-0 +69776-4 0  9992
2 33992 074.0279 045.2607 0070553 114.3554 277.3371 14.50919683498933
1 33993U 93036GC  18204.85049512 +.00000971 +00000-0 +19560-3 0  9998
2 33993 074.0211 007.1612 0031320 085.9876 274.4870 14.62651700499942
1 33994U 93036GD  18205.49321937 -.00000009 +00000-0 +57312-5 0  9996
2 33994 074.0444 133.9923 0024400 219.9635 264.1643 14.39619852495796
1 33995U 93036GE  18205.30129169 +.00000147 +00000-0 +71871-4 0  9997
2 33995 074.0676 317.4220 0071462 282.5253 076.7906 14.24986092490123
1 33996U 93036GF  18205.46520510 +.00002408 +00000-0 +54109-3 0  9996
2 33996 074.1055 210.2785 0064766 113.1290 247.6717 14.55750407494420
1 33999U 93036GJ  18205.42149335 +.00000448 +00000-0 +11177-3 0  9997
2 33999 073.9381 008.9465 0074479 151.9451 208.5757 14.53001825499022
1 34000U 93036GK  18205.43490904 +.00000879 +00000-0 +20302-3 0  9991
2 34000 074.0427 062.2120 0026052 102.6531 324.1883 14.56576237498599
1 34001U 93036GL  18205.40447104 +.00000059 +00000-0 +30154-4 0  9990
2 34001 074.0384 187.9659 0021858 214.9781 296.7299 14.34549673494341
1 34003U 93036GN  18205.43288413 +.00000975 +00000-0 +74790-3 0  9991
2 34003 074.0803 094.4976 0305966 112.3012 251.0848 13.74518359472818
1 34004U 93036GP  18205.50804807 +.00000370 +00000-0 +14279-3 0  9996
2 34004 074.0387 235.6634 0041887 196.6104 314.7223 14.33224257492668
1 34005U 93036GQ  18205.31476894 +.00000016 +00000-0 +13865-4 0  9995
2 34005 074.0463 148.0879 0021768 219.0296 295.9481 14.38453575495650
1 34006U 93036GR  18205.35399237 +.00000773 +00000-0 +23917-3 0  9993
2 34006 074.0701 180.5223 0026265 144.0645 014.2093 14.42682192495006
1 34007U 93036GS  18204.74449066 +.00000269 +00000-0 +74568-4 0  9991
2 34007 074.0237 050.6721 0059290 131.4971 229.1300 14.50325811498571
1 34008U 93036GT  18205.50987216 +.00000034 +00000-0 +22569-4 0  9995
2 34008 074.0324 212.5620 0023312 145.6373 018.2576 14.31609553493401
1 34009U 93036GU  18205.51893417 +.00000053 +00000-0 +29580-4 0  9997
2 34009 074.0356 216.9751 0029367 225.0092 298.6866 14.31388681493252
1 34010U 93036GV  18205.03281646 +.00000612 +00000-0 +15664-3 0  9999
2 34010 074.0239 064.3282 0028764 140.1329 010.7822 14.52315494498163
1 34011U 93036GW  18205.53594740 +.00000358 +00000-0 +14298-3 0  9996
2 34011 074.0185 233.5404 0046963 242.5696 117.0674 14.31485566492564
1 34012U 93036GX  18204.69366235 +.00002845 +00000-0 +62804-3 0  9998
2 34012 074.0269 178.4301 0051775 154.1073 206.2700 14.56975097494478
1 34013U 93036GY  18205.50933960 +.00001816 +00000-0 +29365-3 0  9997
2 34013 074.0213 349.4400 0034584 034.8766 325.4662 14.71718320500683
1 34014U 93036GZ  18205.46479319 +.00000335 +00000-0 +85225-4 0  9999
2 34014 074.0243 019.6288 0052350 112.1422 277.4700 14.53761444499723
1 34015U 93036HA  18205.32571399 +.00000721 +00000-0 +22807-3 0  9991
2 34015 074.0317 159.0521 0032231 194.6829 317.1346 14.41686024495177
1 34017U 93036HC  18205.13524014 +.00007269 +00000-0 +70012-3 0  9999
2 34017 074.0046 010.7979 0018366 354.4722 005.6255 14.92987513499725
1 34018U 93036HD  18205.32176597 +.00000048 +00000-0 +52372-4 0  9998
2 34018 073.8803 329.5613 0271999 140.4143 250.9718 13.78202387474592
1 34019U 93036HE  18205.59759538 +.00000220 +00000-0 +10302-3 0  9998
2 34019 073.9592 277.7542 0070137 329.0370 099.6510 14.24827193490262
1 34020U 93036HF  18204.54297454 +.00001193 +00000-0 +20336-3 0  9996
2 34020 074.0384 326.4996 0037136 028.5917 331.7280 14.69756468501509
1 34021U 93036HG  18205.18242634 +.00000140 +00000-0 +49606-4 0  9991
2 34021 074.0417 113.8633 0023208 205.8972 304.6777 14.43079797496563
1 34022U 93036HH  18205.33966616 +.00000088 +00000-0 +39374-4 0  9994
2 34022 074.0539 183.6962 0024271 206.6265 223.2690 14.35765338494667
1 34023U 93036HJ  18205.35125028 +.00000132 +00000-0 +54396-4 0  9992
2 34023 074.0271 176.8877 0020788 211.1804 299.4749 14.35864979494558
1 34024U 93036HK  18205.41027990 +.00000073 +00000-0 +36009-4 0  9994
2 34024 074.0453 207.0703 0022841 207.9354 222.9016 14.32933479493568
1 34026U 93036HM  18205.19786630 +.00000242 +00000-0 +22958-3 0  9999
2 34026 073.7676 115.1094 0362851 034.3335 121.3887 13.59827842468063
1 34028U 93036HP  18205.29225803 +.00000121 +00000-0 +16067-3 0  9992
2 34028 073.8834 154.5169 0552320 022.5554 144.0549 13.18532805454436
1 34029U 93036HQ  18205.46314768 +.00001235 +00000-0 +12051-3 0  9997
2 34029 073.9464 085.0483 0079124 220.4143 139.1145 14.91447920508479
1 34030U 93036HR  18205.27882895 +.00002664 +00000-0 +78761-4 0  9997
2 34030 073.9531 142.0788 0090281 239.9104 272.3005 15.31610745517889
1 34031U 93036HS  18205.56851550 +.00000377 +00000-0 +12198-3 0  9994
2 34031 074.0194 138.6043 0032427 189.7951 223.7065 14.42107602495551
1 34032U 93036HT  18204.86386997 +.00000874 +00000-0 +25228-3 0  9995
2 34032 074.0335 167.2148 0053995 182.7635 204.5624 14.45273286494729
1 34033U 93036HU  18205.38003557 +.00001127 +00000-0 +34388-3 0  9991
2 34033 074.0067 190.6490 0061671 128.2367 030.8951 14.41985840493655
1 34035U 93036HW  18205.27173854 +.00000393 +00000-0 +15179-3 0  9990
2 34035 074.0721 262.6390 0060682 235.3092 242.1151 14.32413010491999
1 34036U 93036HX  18205.40693134 +.00000712 +00000-0 +22481-3 0  9993
2 34036 074.0450 186.4037 0048031 190.6294 169.3852 14.41396134494393
1 34037U 93036HY  18205.57485528 +.00000189 +00000-0 +84704-4 0  9993
2 34037 074.0534 270.1730 0061256 264.2783 095.1379 14.28163172491513
1 34038U 93036HZ  18204.96644505 +.00001152 +00000-0 +29105-3 0  9992
2 34038 074.0643 132.8336 0032068 114.5410 245.9100 14.51833449496096
1 34040U 93036JB  18205.37392828 +.00000467 +00000-0 +41827-3 0  9992
2 34040 073.9591 167.7516 0359719 295.2598 234.4519 13.61485196468521
1 34042U 93036JD  18205.37714370 +.00003811 +00000-0 +18464-3 0  9991
2 34042 073.8876 275.5702 0052620 131.2841 229.2904 15.17730394512452
1 34046U 93036JH  18205.60958969 +.00000558 +00000-0 +21374-3 0  9994
2 34046 074.0421 268.1330 0103154 291.0378 220.3076 14.30052937491462
1 34050U 93036JM  18205.24162368 +.00000132 +00000-0 +10122-3 0  9996
2 34050 074.0925 289.3700 0229599 282.5166 105.5294 13.90836290478732
1 34051U 93036JN  18205.53993028 +.00000884 +00000-0 +14081-3 0  9996
2 34051 073.9868 240.2515 0055447 012.6800 347.5751 14.72637171503703
1 34053U 93036JQ  18205.54703442 +.00000004 +00000-0 +21896-4 0  9995
2 34053 073.8445 255.6470 0428605 133.0913 230.6909 13.46321462463815
1 34054U 93036JR  18205.26179694 +.00000671 +00000-0 +15697-3 0  9992
2 34054 074.0378 043.9550 0032899 103.7514 013.6812 14.56293823498954
1 34055U 93036JS  18204.82294921 +.00000874 +00000-0 +17792-3 0  9998
2 34055 074.1116 069.2361 0088268 035.7024 089.2318 14.60166517498985
1 34056U 93036JT  18205.32296813 +.00001157 +00000-0 +63344-3 0  9996
2 34056 074.0673 144.0795 0150923 124.1048 037.4052 14.07313782483717
1 34057U 93036JU  18205.39318453 +.00001114 +00000-0 +26870-3 0  9995
2 34057 074.0201 075.9212 0030915 125.5866 284.9205 14.54135782497732
1 34059U 93036JW  18205.32833718 +.00000332 +00000-0 +11307-3 0  9996
2 34059 074.0438 157.8545 0023417 184.4956 328.0250 14.40216942495256
1 34061U 93036JY  18205.40223185 +.00000130 +00000-0 +53911-4 0  9993
2 34061 074.0402 183.0209 0022719 208.3219 304.9401 14.35700153494223
1 34062U 93036JZ  18205.08038330 +.00000527 +00000-0 +14943-3 0  9995
2 34062 074.0412 167.6006 0141966 201.4561 285.6007 14.42355261494791
1 34064U 93036KB  18205.46956597 +.00000194 +00000-0 +76646-4 0  9992
2 34064 074.0334 193.5621 0025608 204.1067 318.0737 14.35205426493814
1 34065U 93036KC  18205.61147256 +.00000046 +00000-0 +24927-4 0  9995
2 34065 074.0357 173.9146 0017889 217.0213 263.1538 14.35705284494662
1 34066U 93036KD  18205.55651622 +.00000488 +00000-0 +10642-3 0  9994
2 34066 073.9970 249.3589 0262069 326.4545 187.3462 14.41854413490784
1 34069U 93036KG  18204.95862037 +.00000879 +00000-0 +15549-3 0  9999
2 34069 074.0160 307.8195 0039790 042.9808 317.4459 14.68479256501779
1 34070U 93036KH  18205.30824556 +.00000517 +00000-0 +16210-3 0  9990
2 34070 074.0126 151.6029 0040972 192.9396 319.4808 14.42590221494999
1 34076U 97051CK  18205.53377844 +.00002874 +00000-0 +34124-3 0  9997
2 34076 086.3327 033.3324 0036863 058.5811 325.0119 14.83598572502665
1 34077U 97051CL  18205.53812766 +.00000340 +00000-0 +10279-3 0  9996
2 34077 086.3964 120.4652 0019432 346.1539 136.0208 14.39409231493584
1 34079U 97051CN  18205.46813837 +.00000300 +00000-0 +74344-4 0  9990
2 34079 086.3905 099.5968 0013121 066.9831 056.9340 14.48579338497259
1 34081U 97051CQ  18205.42728486 +.00008691 +00000-0 +51603-3 0  9997
2 34081 086.3100 008.6877 0018237 007.9341 022.0113 15.11038725505234
1 34082U 97051CR  18205.57071449 +.00002552 +00000-0 +62636-3 0  9992
2 34082 086.3671 150.6363 0132204 292.8380 065.8906 14.46851030489173
1 34086U 97051CV  18205.47295127 +.00000940 +00000-0 +27522-3 0  9990
2 34086 086.3868 120.0847 0026096 010.0153 039.5001 14.42770348494002
1 34090U 97051CZ  18205.39031354 +.00003143 +00000-0 +34825-3 0  9998
2 34090 086.4154 070.4399 0020040 097.1149 263.2355 14.86831300502529
1 34091U 97051DA  18205.28399295 +.00000715 +00000-0 +26290-3 0  9997
2 34091 086.3719 136.1746 0057951 200.5538 322.0210 14.30420412490230
1 34093U 97051DC  18205.42734345 +.00005404 +00000-0 +40650-3 0  9990
2 34093 086.2914 000.1549 0013947 266.7121 115.4973 15.02274796505608
1 34095U 97051DE  18205.19370395 +.00002460 +00000-0 +54053-3 0  9998
2 34095 086.3833 105.9135 0050231 285.2410 074.3248 14.56397262495428
1 34097U 97051DG  18205.43518597 +.00001505 +00000-0 +67090-3 0  9999
2 34097 086.2046 088.6800 0099847 353.1405 006.8408 14.19569488487346
1 34098U 97051DH  18205.54855282 +.00002624 +00000-0 +37164-3 0  9999
2 34098 086.1348 328.4808 0022195 121.5311 006.0676 14.76501077500594
1 34099U 97051DJ  18205.44635784 +.00001922 +00000-0 +40006-3 0  9991
2 34099 086.3650 088.5595 0011828 168.4954 246.2625 14.59517538497412
1 34101U 97051DL  18205.29545652 +.00002134 +00000-0 +67993-3 0  9992
2 34101 086.3786 153.2059 0109139 287.6568 071.2735 14.36050302488738
1 34102U 97051DM  18205.38946194 +.00001287 +00000-0 +50316-3 0  9998
2 34102 086.3790 166.2094 0121786 020.8003 144.0235 14.24870119486634
1 34103U 97051DN  18205.43932934 +.00001710 +00000-0 +39020-3 0  9992
2 34103 086.3477 087.5847 0031817 121.9306 000.5062 14.54922408496460
1 34104U 97051DP  18205.55037417 +.00002030 +00000-0 +33953-3 0  9993
2 34104 086.3424 058.9317 0023022 284.4493 103.6846 14.69205561500009
1 34105U 97051DQ  18205.32054227 +.00006376 +00000-0 +60977-3 0  9990
2 34105 086.3457 055.5086 0006725 280.4586 079.5884 14.93061076501172
1 34106U 97051DR  18205.60756194 +.00001159 +00000-0 +28722-3 0  9990
2 34106 086.3618 086.5948 0019640 054.7035 319.9671 14.50999119497141
1 34107U 97051DS  18205.42264108 +.00000763 +00000-0 +17878-3 0  9990
2 34107 086.3850 093.8808 0014573 029.2862 031.5349 14.53233807497272
1 34114U 93036KK  18205.25353569 +.00000589 +00000-0 +23536-3 0  9992
2 34114 074.0695 305.7328 0073468 267.0161 120.0890 14.29182159490819
1 34115U 93036KL  18205.41838624 +.00000272 +00000-0 +68337-4 0  9999
2 34115 074.0181 004.9310 0044273 137.1244 223.3386 14.55545642500098
1 34116U 93036KM  18205.30240490 +.00000261 +00000-0 +90273-4 0  9998
2 34116 074.0462 155.4630 0016240 183.0963 327.4468 14.40530537495461
1 34117U 93036KN  18205.47360899 +.00000272 +00000-0 +10946-3 0  9993
2 34117 074.0410 237.7143 0066762 255.6107 103.7627 14.31494172494531
1 34118U 93036KP  18204.98917978 +.00000621 +00000-0 +14261-3 0  9997
2 34118 073.9684 033.7775 0124343 135.6888 016.9776 14.53086537497552
1 34119U 93036KQ  18205.29234362 +.00001253 +00000-0 +34169-3 0  9993
2 34119 074.0452 160.0458 0032072 135.3751 019.6320 14.48116778494347
1 34120U 93036KR  18205.45238983 +.00000135 +00000-0 +10066-3 0  9994
2 34120 073.9921 196.2093 0188737 251.7328 266.0657 13.96194977483176
1 34122U 93036KT  18205.24690295 +.00000456 +00000-0 +13165-3 0  9990
2 34122 074.0449 135.4320 0114184 350.2220 159.9737 14.43832913496045
1 34123U 93036KU  18205.18661925 +.00000996 +00000-0 +25254-3 0  9993
2 34123 074.0280 109.2931 0017311 108.9051 042.2776 14.52098993496847
1 34124U 93036KV  18205.12794894 +.00001308 +00000-0 +30065-3 0  9994
2 34124 074.0268 085.9868 0021433 100.8277 259.5300 14.56360808497527
1 34126U 93036KX  18205.12305910 +.00000358 +00000-0 +64944-4 0  9991
2 34126 074.0038 262.5278 0059416 040.2502 342.0261 14.69071500503357
1 34127U 93036KY  18205.25315432 +.00000288 +00000-0 +15129-3 0  9998
2 34127 074.1918 132.5285 0139190 355.4276 156.8495 14.13449152485177
1 34128U 93036KZ  18205.44167764 +.00000831 +00000-0 +20742-3 0  9994
2 34128 074.0149 060.9807 0073721 126.0178 306.9341 14.51578241497969
1 34129U 93036LA  18205.60450615 +.00000427 +00000-0 +11179-3 0  9998
2 34129 074.0467 062.2878 0049879 112.7721 247.8721 14.51691601219984
1 34130U 93036LB  18205.63063535 +.00000980 +00000-0 +19816-3 0  9994
2 34130 074.0321 004.7236 0026041 085.0462 275.3677 14.62571378499665
1 34131U 93036LC  18205.49496097 +.00001326 +00000-0 +27764-3 0  9998
2 34131 074.1202 093.7731 0006655 016.4679 046.3482 14.60759344498310
1 34136U 93036LH  18205.54648072 +.00000257 +00000-0 +48468-4 0  9998
2 34136 074.0218 237.2667 0110380 323.5043 188.8676 14.66533575503970
1 34139U 93036LL  18205.46314818 +.00000606 +00000-0 +21123-3 0  9996
2 34139 074.0362 214.1247 0063538 232.0212 279.1712 14.36336073492631
