1 21091U 91007C   18211.92441152 +.00000086 +00000-0 +68844-4 0  9999
2 21091 082.9305 277.3061 0026289 273.4263 210.0609 13.79726520382106
1 21115U 91009M   18212.68912205 +.00000064 +00000-0 +74500-3 0  9995
2 21115 074.0387 287.8025 0181903 146.6725 018.5871 12.16566142219181
1 21136U 91009N   18211.82162160 -.00000086 +00000-0 -82598-3 0  9992
2 21136 073.9991 350.6286 0288842 000.0167 154.5480 11.97030081199353
1 21155U 91009S   18211.98219722 -.00000030 +00000-0 -11072-3 0  9995
2 21155 073.9199 210.8356 0144342 226.5260 161.8532 12.30671872233708
1 21159U 91009W   18210.58659906 +.00000016 +00000-0 +27094-3 0  9999
2 21159 073.9411 267.9460 0144645 256.7307 174.9543 12.29018926229212
1 21163U 91009AA  18212.76775646 +.00000016 +00000-0 +26194-3 0  9996
2 21163 073.9408 235.2329 0138780 214.2178 264.8231 12.30664442230782
1 21167U 91009AE  18212.79216619 -.00000022 +00000-0 -45015-4 0  9996
2 21167 073.9132 238.0113 0137792 272.6670 201.1719 12.29284524229789
1 21168U 91009AF  18212.84838348 -.00000006 +00000-0 +79504-4 0  9993
2 21168 073.8958 260.6405 0199334 335.0391 138.1402 12.27685585228039
1 21174U 91009AM  18212.85997149  .00000033  00000-0  52673-3 0  9992
2 21174  74.0929   0.4754 0276326 207.9802 309.4916 11.99217122199693
1 21175U 91009AN  18212.89030421 -.00000005 +00000-0 +96775-4 0  9990
2 21175 073.9352 270.4116 0147457 271.8551 201.4564 12.28548359229030
1 21180U 91009AT  18212.46465970  .00000040  00000-0  46619-3 0  9999
2 21180  74.0634  28.6007 0107471 155.1414 234.3050 12.28530256227509
1 21181U 91009AU  18212.07854816 +.00000057 +00000-0 +61717-3 0  9992
2 21181 073.9476 077.0146 0207860 083.4355 067.2452 12.22354345222392
1 21182U 91009AV  18212.19992081 +.00000089 +00000-0 +93558-3 0  9996
2 21182 073.9976 141.8298 0154639 067.2832 002.0997 12.21624594221408
1 21186U 91009AZ  18212.60020234  .00000005  00000-0  19334-3 0  9996
2 21186  74.1033  60.0439 0147736 201.0154 189.1230 12.12927041213325
1 21187U 91009BA  18208.62197755 +.00000380 +00000-0 +41445-2 0  9990
2 21187 074.2438 256.2401 0177260 160.9984 357.0865 12.09230184208957
1 21208U 91009BB  18210.56334500 +.00000013 +00000-0 +23259-3 0  9998
2 21208 073.9557 250.4423 0148973 205.3450 314.7274 12.30745428227535
1 21211U 91009BE  18212.85419049 -.00000136 +00000-0 -11153-2 0  9995
2 21211 074.0948 266.0877 0201217 017.2077 098.2931 12.19336455216431
1 21234U 91009CT  18212.82063753  .00000025  00000-0  31621-3 0  9992
2 21234  74.0069 247.9337 0125828 101.7487  11.8869 12.32459637232360
1 21251U 91009BJ  18209.16347491 +.00000326 +00000-0 +25925-2 0  9991
2 21251 073.9543 130.2856 0151148 063.6653 003.9486 12.35820422235344
1 21252U 91009BK  18212.79742098 +.00000018 +00000-0 +29560-3 0  9995
2 21252 074.1057 147.9989 0124495 222.1232 166.0500 12.24656031224707
1 21256U 91009BN  18211.89176194 -.00000050 +00000-0 -51370-3 0  9999
2 21256 073.9768 278.2371 0247016 041.7400 072.3179 11.83963285180648
1 21257U 91007D   18212.68544056  .00000086  00000-0  71417-4 0  9994
2 21257  82.9214 299.0008 0032721 353.1607 172.4054 13.76953550378378
1 21332U 91009CP  18205.66288104 +.00000711 +00000-0 +70059-2 0  9993
2 21332 074.1995 094.3598 0157108 057.4045 330.9976 12.16888054168660
1 21401U 91009BQ  18213.36206001  .00000063  00000-0  74350-3 0  9991
2 21401  74.1363 353.8462 0144885  59.0576 330.8397 12.16750153217304
1 21402U 91009BR  18212.47679668 +.00000008 +00000-0 +21212-3 0  9994
2 21402 074.0241 238.4597 0135093 130.0570 300.9669 12.18210151218268
1 21403U 91009BS  18213.00307376  .00000017  00000-0  26372-3 0  9991
2 21403  73.9330 219.3821 0135447 211.9135 175.7909 12.31357183230668
1 21404U 91009BT  18212.35493005 +.00000061 +00000-0 +53694-3 0  9990
2 21404 073.9613 344.8858 0184448 238.8575 151.4440 12.41205528239798
1 21406U 91009BV  18211.42428062 +.00000017 +00000-0 +26508-3 0  9995
2 21406 073.9122 204.3397 0135500 235.9183 294.8975 12.31359288226200
1 21407U 91009BW  18212.76570675 +.00000093 +00000-0 +86418-3 0  9992
2 21407 073.8524 128.1976 0175431 267.0115 122.8776 12.32178773232069
1 21408U 91009BX  18212.38957619 +.00000364 +00000-0 +36297-2 0  9998
2 21408 074.0275 296.7489 0200004 191.2182 298.8023 12.15630408215670
1 21420U 91041C   18213.53719032  .00000124  00000-0  47259-4 0  9997
2 21420  74.0663 251.4082 0005844 218.9853 295.1437 14.40640984421004
1 21529U 91045C   18212.90818214 +.00000128 +00000-0 +40332-4 0  9992
2 21529 089.5712 075.8209 0055345 019.9612 340.3733 14.34248815412734
1 21532U 91045D   18212.89372054 +.00000116 +00000-0 +36816-4 0  9990
2 21532 089.5230 359.8593 0070023 118.2392 033.8767 14.32154654410893
1 21691U 91045E   18212.99890547  .00000191  00000-0  48332-4 0  9998
2 21691  89.8182 325.0754 0014195 230.4744 183.4531 14.47627896424039
1 21711U 91041D   18213.08158236  .00000139  00000-0  46552-4 0  9994
2 21711  74.0199  73.7976 0013143 198.3324 321.2953 14.45940809424497
1 21712U 91045F   18212.69216815  .00000131  00000-0  49763-4 0  9992
2 21712  89.2755 111.8708 0133929 290.2180  97.4549 14.21561812400942
1 21724U 91009BZ  18212.78261081 -.00000033  00000-0 -17287-3 0  9998
2 21724  73.9785 145.5281 0206871  99.4636 289.7433 12.20367759195782
1 21750U 91009CQ  18209.05260918 +.00000357 +00000-0 +31691-2 0  9992
2 21750 074.0740 066.4841 0107545 224.4239 290.4522 12.28481254224038
1 21826U 91086C   18212.14993792 +.00004313 +00000-0 +37962-3 0  9992
2 21826 082.5776 003.3996 0710200 205.7371 150.6812 13.90948092248485
1 21827U 91086D   18213.51999567  .00001593  00000-0  12095-3 0  9998
2 21827  82.4421 199.9363 0647219 118.5106  18.2566 14.07004091252300
1 21836U 91082E   18212.92891139 +.00001461 +00000-0 +24961-3 0  9993
2 21836 098.7692 252.0985 0003331 184.6117 251.5162 14.70597028250318
1 21861U 91009CA  18212.63815288  .00000077  00000-0  81856-3 0  9997
2 21861  74.0247  88.9199 0135634 312.5250  76.7897 12.24694576224635
1 21905U 91086F   18213.42519623  .00003423  00000-0  36259-3 0  9998
2 21905  82.4995  91.7291 0799542  20.2176 342.8810 13.67647219236091
1 21918U 91009CB  18211.96811729 +.00000016 +00000-0 +28466-3 0  9992
2 21918 074.0777 202.6651 0125671 343.3172 044.1419 12.21846962220639
1 21919U 91009CC  18210.62126338 +.00000038 +00000-0 +71274-3 0  9999
2 21919 074.0645 183.1221 0356904 169.8177 314.2569 11.74813911171751
1 21936U 91009CD  18212.95531431 -.00000036 +00000-0 -24406-3 0  9995
2 21936 074.0653 303.3476 0261427 192.5007 288.6342 12.00982559163284
1 21943U 91009CE  18212.33809417 +.00000033 +00000-0 +44768-3 0  9995
2 21943 073.9541 154.2487 0137073 172.0697 355.1337 12.19192960219250
1 21955U 91009CF  18211.79819215 +.00000321 +00000-0 +36032-2 0  9998
2 21955 074.3123 325.9706 0163201 162.7491 356.9917 12.08028831207652
1 21958U 91009CG  18213.47603147 -.00000127  00000-0 -10945-2 0  9994
2 21958  73.9615 221.6853 0133898 235.4527 281.6940 12.16712918217069
1 21959U 91009CH  18209.94427987 -.00000007 +00000-0 +74196-4 0  9994
2 21959 073.9664 194.6979 0129270 196.0090 191.6520 12.18578301217903
1 22025U 91009CJ  18212.43437997 +.00000039 +00000-0 +43814-3 0  9995
2 22025 073.9377 217.1967 0143733 199.1861 317.5356 12.31377578231064
1 22132U 91009CR  18212.21290983 -.00000024 +00000-0 -96366-4 0  9999
2 22132 074.0587 292.8944 0142296 135.2075 255.4066 12.16808242217044
1 22198U 91009CS  18211.01875110 -.00000015 +00000-0 +67535-5 0  9995
2 22198 073.9132 215.9563 0146683 246.9059 142.2388 12.30480775230058
1 22221U 92076C   18213.16993323  .00000050  00000-0  83969-4 0  9998
2 22221  71.0440 135.4805 0185436 306.5141 120.0220 13.76996249291465
1 22222U 92076D   18212.93706401 +.00000065 +00000-0 +10375-3 0  9998
2 22222 071.0004 307.6786 0216196 173.7308 186.6579 13.69986468284540
1 22223U 92076E   18212.89365602 -.00000010  00000-0  29469-4 0  9994
2 22223  71.0358 180.1748 0193814  25.0229   3.6777 13.75390616289844
1 22224U 92076F   18212.86458939 -.00000025 +00000-0 +15954-4 0  9998
2 22224 070.9899 161.5092 0193631 111.0833 251.1091 13.74427269289036
1 22289U 92093D   18213.13768146  .00000004  00000-0  20296-4 0  9994
2 22289  70.8326 105.7277 0059050  81.5810  67.5854 14.31446646336301
1 22290U 92093E   18212.70402653 -.00000092 +00000-0 -46461-4 0  9997
2 22290 071.0508 300.9719 0194049 070.2082 080.3445 13.74650521283004
1 22291U 92093F   18212.81176021 +.00000000 +00000-0 +40110-4 0  9999
2 22291 071.0129 349.6588 0208705 164.2492 271.9430 13.71812350281065
1 22292U 92093G   18212.94598477 -.00000008 +00000-0 +34191-4 0  9998
2 22292 071.0066 025.3850 0211994 221.3315 214.8865 13.70378897274678
1 22293U 92093H   18212.73928296 -.00000003 +00000-0 +36174-4 0  9990
2 22293 071.0588 323.0855 0195914 046.9660 314.7664 13.73991461277297
1 22296U 92093L   18212.91960531 +.00000642 +00000-0 +22856-3 0  9990
2 22296 070.8448 190.2210 0072775 196.2272 192.5726 14.36657061321014
1 22297U 92093M   18212.88945797 -.00000021 +00000-0 +15336-4 0  9992
2 22297 070.9485 013.9922 0101630 212.3363 147.1500 14.04935733309137
1 22326U 92093P   18212.63064834  .00000038  00000-0  60611-4 0  9995
2 22326  70.6609 275.2022 0149743 352.6096 159.0818 13.92479230293594
1 22329U 92093S   18212.85230101 +.00000472 +00000-0 +81272-4 0  9992
2 22329 070.9004 119.6175 0077042 326.6601 032.9710 14.72625086335806
1 22330U 92093T   18213.12947359  .00000189  00000-0  13766-3 0  9992
2 22330  70.4146 237.6934 0112945  81.5498   2.1184 14.06046894309612
1 22332U 92093V   18212.68795749  .00003287  00000-0  31754-3 0  9997
2 22332  70.5397  38.5759 0016483 179.6089 180.5087 14.93649413339158
1 22338U 92093AB  18213.32800550  .00000205  00000-0  52632-4 0  9998
2 22338  70.6197 274.8556 0089500 274.9588 210.8292 14.61063762354666
1 22341U 92093AE  18212.89519238 +.00000196 +00000-0 +17561-3 0  9993
2 22341 070.7452 254.7213 0135777 143.6468 270.8368 13.92188934297005
1 22342U 92093AF  18212.61884644  .00000034  00000-0  59505-4 0  9996
2 22342  70.6984 183.3064 0120911 204.2390 267.9219 13.92629564297425
1 22347U 92093AL  18212.09780301  .00000612  00000-0  44485-3 0  9990
2 22347  70.8370 242.9480 0180386 236.6005 154.7521 13.92862192288255
1 22348U 92093AM  18213.33996095 -.00000136  00000-0 -53310-4 0  9999
2 22348  71.2619 334.7999 0107040 142.7064 250.1870 14.06068223308979
1 22349U 92093AN  18212.67216733 +.00000073 +00000-0 +99406-4 0  9994
2 22349 070.8222 309.7120 0186144 249.2289 180.8899 13.80621924285515
1 22351U 92093AQ  18212.69866939  .00000015  00000-0  38813-4 0  9999
2 22351  70.9086  97.7872 0106088  12.5638  18.9876 14.01681507306408
1 22353U 92093AS  18213.12978142  .00000311  00000-0  20131-3 0  9992
2 22353  70.9696 105.7948 0118977 233.5997 277.5951 14.06931042306767
1 22356U 92093AV  18212.91032385 +.00001038 +00000-0 +29151-3 0  9999
2 22356 070.6817 026.4299 0054717 318.3806 191.3026 14.47639161322678
1 22357U 92093AW  18212.57495670 +.00000279 +00000-0 +47186-4 0  9997
2 22357 070.8677 264.1527 0072492 031.4072 117.2483 14.77620364341682
1 22359U 92093AY  18211.34019941  .00000431  00000-0  34378-3 0  9994
2 22359  70.7448  89.8900 0170649 260.8601 220.8364 13.90211730290695
1 22362U 92093BB  18212.78732060  .00000283  00000-0  26211-3 0  9993
2 22362  70.8985 127.1839 0200261 304.5035  88.0943 13.82115043283100
1 22363U 92093BC  18213.20017558  .00000036  00000-0  57327-4 0  9999
2 22363  71.0365 140.1947 0146749 358.8143   1.2597 13.92466433297787
1 22370U 92093BK  18212.75807221 +.00000010 +00000-0 +33483-4 0  9999
2 22370 070.9758 070.2396 0111351 187.3796 291.6142 14.04698716308172
1 22374U 92093BP  18213.45170802  .00000193  00000-0  18412-3 0  9995
2 22374  70.7871 216.2247 0183627 253.9688 259.1882 13.85545883288162
1 22376U 92093BR  18212.02358921 +.00000391 +00000-0 +20239-3 0  9999
2 22376 070.8916 069.7735 0061309 099.8787 049.8509 14.20137717316465
1 22377U 92093BS  18212.84327715  .00000176  00000-0  13104-3 0  9991
2 22377  71.0966 112.8628 0056108  41.8175 318.7209 14.06947621310707
1 22379U 92093BU  18213.10369574  .00000393  00000-0  26305-3 0  9990
2 22379  70.7053 261.1005 0091510 350.6992   9.2424 14.05238366305706
1 22381U 92093BW  18213.14295198  .00001971  00000-0  32880-3 0  9995
2 22381  70.5400 233.6755 0030965 330.1159  29.8220 14.71110742332043
1 22382U 92093BX  18212.66097403 +.00000063 +00000-0 +81858-4 0  9992
2 22382 070.8646 200.8619 0164248 073.8220 037.5689 13.87709213289933
1 22387U 92093CC  18212.96573535  .00000108  00000-0  95321-4 0  9995
2 22387  70.8925 139.1281 0111491  85.4974  38.0121 14.02282181303475
1 22388U 92093CD  18212.07834701 +.00000057 +00000-0 +57397-4 0  9997
2 22388 070.9545 098.3884 0109440 266.0444 162.8105 14.09049924306193
1 22392U 92093CH  18212.60795346  .00000092  00000-0  24818-4 0  9993
2 22392  70.8919 297.5906 0103936  63.2353   4.4978 14.70263412360052
1 22393U 92093CJ  18213.12505966  .00000087  00000-0  78887-4 0  9998
2 22393  71.1232   8.9802 0122874  55.2221  57.4921 14.03355238304206
1 22395U 92093CL  18212.90644531  .00000709  00000-0  31982-3 0  9992
2 22395  71.1498 175.4852 0088678 293.4829  97.0947 14.23461046309794
1 22396U 92093CM  18211.85636583 +.00001555 +00000-0 +23957-3 0  9997
2 22396 070.6515 097.5385 0013189 329.6109 153.8128 14.75204740338643
1 22397U 92093CN  18212.00078121  .00000140  00000-0  83775-4 0  9998
2 22397  70.8030 208.5655 0040499 229.1420 130.6194 14.22911312319867
1 22398U 92093CP  18211.77309532  .00000223  00000-0  16080-3 0  9991
2 22398  70.9545 143.0072 0116061 297.0241  61.9066 14.04039315304884
1 22400U 92093CR  18212.19188595  .00000017  00000-0  46685-4 0  9992
2 22400  71.2405 129.6896 0160425 251.2339 267.6096 13.87114541294009
1 22403U 92093CU  18213.00000459  .00000131  00000-0  10969-3 0  9990
2 22403  70.8929  62.4168 0083901  45.3729 106.1974 14.03492583305663
1 22404U 92093CV  18212.60878119  .00000296  00000-0  45557-4 0  9996
2 22404  71.0521  69.6098 0085102 284.5226 106.3583 14.80601180361200
1 22406U 92093CX  18213.03097060  .00000033  00000-0  65503-4 0  9996
2 22406  70.7514 216.1357 0177233 339.2441  50.8436 13.81576853286463
1 22407U 92093CY  18212.94195060 +.00000053 +00000-0 +79896-4 0  9997
2 22407 070.8617 310.3488 0181698 163.9686 196.7277 13.81932898286327
1 22408U 92093CZ  18212.48349784 -.00000082 +00000-0 -21526-4 0  9992
2 22408 071.0929 325.8155 0127846 096.2459 026.8951 14.05216458303135
1 22410U 92093DB  18212.76125705 +.00000029 +00000-0 +51595-4 0  9999
2 22410 071.0865 063.4460 0110784 318.6975 164.4219 13.95900273300145
1 22415U 92093DG  18212.17717830 -.00000015 +00000-0 +18440-4 0  9993
2 22415 071.1161 271.5223 0125916 345.7370 014.0202 14.03146503305035
1 22416U 92093DH  18212.83839060 -.00000163 +00000-0 -69231-4 0  9996
2 22416 070.9609 346.7229 0081387 318.4849 205.7678 14.05282054311309
1 22418U 92093DK  18212.58748594  .00000110  00000-0  96216-4 0  9994
2 22418  71.1275  57.1265 0131158  82.4369 310.5152 14.00621388302857
1 22419U 92093DL  18212.94216716 +.00000022 +00000-0 +47322-4 0  9997
2 22419 071.1772 199.5643 0107564 192.8954 166.9405 13.94530051299825
1 22420U 92093DM  18212.15429272 +.00000466 +00000-0 +73920-4 0  9990
2 22420 070.9886 109.7938 0068824 120.4780 028.7989 14.76541797339400
1 22421U 92093DN  18212.85052219 -.00000139 +00000-0 -50682-4 0  9990
2 22421 071.0358 348.0631 0096853 342.8933 180.9440 14.09136823311542
1 22422U 92093DP  18212.71020286 +.00000079 +00000-0 +82599-4 0  9998
2 22422 071.1857 103.0006 0092617 103.6553 277.3639 13.98541950301894
1 22425U 92093DS  18212.49800064 +.00000032 +00000-0 +55153-4 0  9991
2 22425 071.1743 236.6173 0115203 226.6127 284.6568 13.93426558297436
1 22426U 92093DT  18212.59329955 +.00000419 +00000-0 +20323-3 0  9997
2 22426 071.3522 172.2305 0136906 134.2122 339.0862 14.18779229314164
1 22430U 92093DX  18212.76941064 -.00000011 +00000-0 +22603-4 0  9995
2 22430 071.2335 243.5234 0114539 068.0119 049.0055 13.94668711299150
1 22432U 92093DZ  18213.13728344  .00000167  00000-0  13409-3 0  9997
2 22432  70.8356 106.5570 0106400 237.9863 275.5269 14.02081184302186
1 22433U 92093EA  18212.83543582  .00000914  00000-0  29271-3 0  9997
2 22433  71.1615 160.4681 0080791 226.9354 132.5002 14.40368165320678
1 22435U 92093EC  18213.57159837  .00000945  00000-0  29858-3 0  9992
2 22435  71.3405  58.6402 0080132  89.8493 302.3043 14.40814547318328
1 22436U 92093ED  18212.94884167 +.00000137 +00000-0 +41779-4 0  9994
2 22436 071.5134 037.6612 0059966 019.1137 130.1028 14.56594930344565
1 22437U 92093EE  18212.53265270 +.00000323 +00000-0 +11462-3 0  9990
2 22437 071.3347 247.2040 0044205 279.5854 080.0291 14.40829252333263
1 22438U 92093EF  18212.65756427 +.00002328 +00000-0 +30983-3 0  9999
2 22438 071.3288 290.5325 0032884 085.9158 065.2119 14.80443967331789
1 22442U 92093EK  18212.62683810  .00000455  00000-0  21169-3 0  9991
2 22442  71.1070 154.2394 0138945 252.0161 106.5781 14.20727054308626
1 22443U 92093EL  18212.60794205  .00000984  00000-0  35337-3 0  9990
2 22443  71.1001 275.9117 0071469 215.1865 297.9538 14.34867023315307
1 22444U 92093EM  18213.13657587  .00000148  00000-0  11411-3 0  9990
2 22444  71.3218  11.9442 0079419  41.8266  72.4487 14.05849869308139
1 22445U 92093EN  18213.32072972 -.00000023  00000-0  11804-4 0  9991
2 22445  71.2751 179.2147 0065696   1.4176 358.7120 14.11696081312339
1 22451U 92093EQ  18212.88458868 -.00000004 +00000-0 +27761-4 0  9998
2 22451 071.1374 164.8590 0130552 147.2304 246.0155 13.93460559298781
1 22453U 92093ES  18212.97670269 +.00000145 +00000-0 +14939-3 0  9998
2 22453 070.8036 198.5928 0173899 209.5243 182.0381 13.85397954288292
1 22454U 92093ET  18212.90924356 +.00000001 +00000-0 +31107-4 0  9999
2 22454 070.9160 194.2196 0104882 069.3332 291.8988 13.98258817302612
1 22455U 92093EU  18213.46333220  .00001202  00000-0  54353-3 0  9997
2 22455  70.8721  82.1673 0121906  46.7890  18.5865 14.20197953304927
1 22456U 92093EV  18212.75983899  .00000985  00000-0  45724-3 0  9991
2 22456  71.2535 135.8830 0123108 260.9904 127.1303 14.19102181303503
1 22458U 92093EX  18212.88076873 +.00000018 +00000-0 +41682-4 0  9999
2 22458 070.8538 016.9472 0072073 130.2413 019.2308 14.01402072305570
1 22459U 92093EY  18212.85125149 +.00000937 +00000-0 +29824-3 0  9991
2 22459 071.1784 004.4560 0084572 075.2274 074.0203 14.40347618315388
1 22468U 92093FH  18212.73684392 +.00000862 +00000-0 +32091-3 0  9995
2 22468 071.1640 240.4685 0102351 302.8511 056.2799 14.31947057307957
1 22471U 92093FL  18213.46723321  .00001375  00000-0  33693-3 0  9995
2 22471  71.1312  21.3950 0063914 192.9415 198.1033 14.53051354323764
1 22473U 92093FN  18212.11884321 +.00000886 +00000-0 +29506-3 0  9990
2 22473 071.3409 265.6484 0090153 290.6509 098.4276 14.37994184311368
1 22474U 92093FP  18212.81925230 +.00000861 +00000-0 +57774-3 0  9994
2 22474 071.3076 329.3362 0176203 258.6005 272.8826 13.96205884287006
1 22475U 92093FQ  18212.90508553 +.00001147 +00000-0 +20519-3 0  9995
2 22475 071.2927 032.9221 0038740 239.1774 120.5565 14.68645584338025
1 22476U 92093FR  18211.78393872 -.00000159  00000-0 -16561-3 0  9993
2 22476  71.5478 349.1666 0488756   9.9546 351.0792 13.20521444222886
1 22477U 92093FS  18213.37147465  .00000460  00000-0  82269-4 0  9998
2 22477  70.8689 184.1846 0068667  83.9581  66.7636 14.71385261351675
1 22478U 92093FT  18212.09485837 +.00001106 +00000-0 +20049-3 0  9990
2 22478 071.3184 096.2826 0037429 231.3305 128.4498 14.68152755336679
1 22480U 92093FV  18212.80139774  .00000372  00000-0  12852-3 0  9995
2 22480  71.1187 148.1374 0076113 333.4674  54.2416 14.40524507319040
1 22481U 92093FW  18212.70222924  .00005970  00000-0  56422-3 0  9995
2 22481  71.2595 108.9127 0029890  68.7962 291.6392 14.93771652324165
1 22493U 92093GC  18212.08112621 +.00000083 +00000-0 +37242-4 0  9991
2 22493 071.0408 092.7606 0107695 129.7653 231.3033 14.44436656354665
1 22494U 92093GD  18212.54856748 +.00000593 +00000-0 +41866-3 0  9990
2 22494 070.8234 274.0049 0186596 286.9781 139.6199 13.94085918286540
1 22495U 92093GE  18212.75279848 +.00001593 +00000-0 +44285-3 0  9993
2 22495 071.1808 319.3154 0016079 028.6852 128.7337 14.47849155318662
1 22496U 92093GF  18212.78489866  .00000019  00000-0  43454-4 0  9990
2 22496  71.2167 131.4704 0088761  64.8073 327.4875 13.97022844301197
1 22499U 92093GJ  18213.36661242  .00001314  00000-0  40238-3 0  9993
2 22499  71.4050 175.5175 0075018  28.4424 126.6658 14.41878190314488
1 22500U 92093GK  18212.12748064  .00000087  00000-0  58375-4 0  9995
2 22500  70.8496 109.7851 0064709 187.6174 172.3976 14.24136471320526
1 22502U 92093GM  18212.39076050 +.00000027 +00000-0 +54663-4 0  9995
2 22502 070.8172 054.3473 0153104 073.9356 353.1753 13.88133324294830
1 22503U 92093GN  18213.50895657  .00020974  00000-0  75327-3 0  9994
2 22503  71.1722 239.9270 0003408 152.9650 207.1712 15.28630087341681
1 22504U 92093GP  18212.15385512  .00000841  00000-0  23030-3 0  9994
2 22504  71.2965 277.3927 0062979  65.7978 322.5618 14.48823215324012
1 22509U 92093GU  18212.02266993 +.00000296 +00000-0 +17039-3 0  9992
2 22509 071.1334 214.0669 0126946 260.3068 132.2265 14.13035679307729
1 22537U 92093GX  18212.86007774 +.00000241 +00000-0 +16773-3 0  9999
2 22537 071.1753 110.1755 0113340 142.1507 218.7650 14.04806794299447
1 22543U 92093HD  18211.83231572 +.00001025 +00000-0 +38206-3 0  9993
2 22543 071.3612 266.5075 0091404 255.3519 227.1997 14.31910636308830
1 22544U 92093HE  18212.92017074 +.00001248 +00000-0 +47128-3 0  9994
2 22544 071.2456 019.8573 0126991 212.4682 301.0919 14.28818542301897
1 22545U 92093HF  18212.66116715 -.00000136 +00000-0 -11805-3 0  9998
2 22545 071.5618 289.3274 0415939 018.0916 132.7685 13.37336368236870
1 22546U 92093HG  18213.17694576  .00001082  00000-0  37621-3 0  9995
2 22546  71.3761 230.0223 0083467 175.7740 184.4120 14.35646734310778
1 22547U 92093HH  18212.86894238 +.00001379 +00000-0 +33116-3 0  9992
2 22547 071.4371 018.2995 0060587 178.4833 181.6509 14.54015648324725
1 22549U 92093HK  18212.97097317 +.00000019 +00000-0 +34732-4 0  9995
2 22549 071.2283 041.4578 0112889 338.5179 096.5066 14.09855009305248
1 22551U 92093HM  18213.28946000 -.00000001  00000-0  32214-4 0  9990
2 22551  70.8634 184.9800 0096424 215.1583 144.3143 13.96128634302070
1 22552U 92093HN  18212.99383924  .00001752  00000-0  26555-3 0  9991
2 22552  71.0650 335.0042 0020451 149.0573 211.1791 14.75536316335278
1 22554U 92093HQ  18212.23812948 +.00000944 +00000-0 +31407-3 0  9997
2 22554 071.4014 138.7523 0075203 039.9463 109.9094 14.38491899318333
1 22567U 93014C   18212.81472164 +.00000191 +00000-0 +61625-4 0  9991
2 22567 075.7551 160.7210 0163378 045.0244 336.5791 14.35349919320410
1 22568U 93014D   18212.24750674 +.00000215 +00000-0 +67857-4 0  9994
2 22568 075.7505 145.3673 0164346 040.3430 121.9424 14.35913456320730
1 22571U 92093HT  18212.30668298  .00001084  00000-0  49897-3 0  9999
2 22571  71.3559 320.5256 0138420 212.1872 147.0752 14.18262062292879
1 22574U 92093HW  18212.94689396 +.00000699 +00000-0 +42517-3 0  9997
2 22574 071.0873 044.7648 0143963 182.1803 329.4394 14.04535795296183
1 22575U 93016C   18212.88129993 +.00000010 +00000-0 +50594-4 0  9991
2 22575 071.0034 170.8411 0208473 287.2105 100.6349 13.72610333269312
1 22576U 93016D   18212.51370463 -.00000027 +00000-0 +15760-4 0  9997
2 22576 070.9954 152.6577 0202160 317.7361 160.9858 13.72893830269626
1 22579U 93016G   18212.83542102 +.00000006 +00000-0 +16791-4 0  9997
2 22579 071.0303 155.1976 0107177 359.6483 030.7737 14.44201116333758
1 22598U 92093HX  18213.09968844  .00000049  00000-0  61941-4 0  9990
2 22598  70.6444 255.3982 0089785 126.6549 234.2861 14.01570181304233
1 22599U 93014E   18212.80290184 +.00000249 +00000-0 +72540-4 0  9997
2 22599 075.7561 069.6415 0150299 272.1771 086.2190 14.41119776324190
1 22601U 93016K   18212.95569367 -.00000034 +00000-0 +70903-5 0  9996
2 22601 071.0439 035.5376 0175600 092.2814 269.8407 13.78399765274626
1 22602U 93016L   18212.90727883 -.00000003 +00000-0 +37849-4 0  9998
2 22602 071.0426 183.2351 0202546 238.3621 149.5483 13.73423762270013
1 22605U 93016P   18212.61966929 +.00000054 +00000-0 +75421-4 0  9998
2 22605 070.9993 021.1321 0132738 275.8488 215.3573 13.89848569284337
1 22606U 93016Q   18212.87236003  .00000055  00000-0  78176-4 0  9991
2 22606  71.0013 169.8562 0150917  25.8297   4.8030 13.86582449280187
1 22609U 93016T   18212.77548742 +.00000081 +00000-0 +99330-4 0  9993
2 22609 070.9941 133.5169 0138480 029.1608 001.2255 13.87048827280888
1 22610U 93016U   18213.44695673 -.00000025  00000-0  16343-4 0  9998
2 22610  71.0023 295.2560 0212675  32.7410 328.6661 13.67682386265549
1 22611U 93016V   18212.94009338 +.00000014 +00000-0 +51673-4 0  9992
2 22611 070.9931 030.0986 0172590 221.3580 291.8439 13.77592934273079
1 22612U 93016W   18212.67400759 +.00000636 +00000-0 +32352-3 0  9997
2 22612 070.9837 306.7566 0087557 006.5649 063.3325 14.17700724297276
1 22613U 93016X   18212.84853750 +.00000047 +00000-0 +82317-4 0  9993
2 22613 070.9992 165.7193 0199572 303.8171 081.7003 13.74847609269230
1 22614U 93016Y   18211.77887216 +.00000025 +00000-0 +55099-4 0  9992
2 22614 070.9999 127.0710 0130933 019.6369 011.3015 13.87453000280913
1 22615U 93016Z   18211.20850073 +.00000133 +00000-0 +13357-3 0  9992
2 22615 071.0037 124.4874 0137491 010.8299 139.0294 13.89923341281114
1 22616U 93016AA  18213.47892541 -.00000003  00000-0  38459-4 0  9998
2 22616  70.9951 139.8604 0189991 297.3597 180.0812 13.73299724270051
1 22617U 93016AB  18212.75976821 +.00000101 +00000-0 +11152-3 0  9991
2 22617 071.0025 139.5390 0138100 025.1323 002.4670 13.88573851280721
1 22618U 93016AC  18212.57128625 -.00000000 +00000-0 +36319-4 0  9995
2 22618 070.9917 270.0814 0156398 122.2286 239.4089 13.81958299276770
1 22645U 93016AF  18212.79925937 +.00000107 +00000-0 +12374-3 0  9991
2 22645 070.9888 331.2619 0173814 169.5491 353.2548 13.82653459274228
1 22665U 92093JA  18212.28049639  .00000176  00000-0  13461-3 0  9991
2 22665  71.0785 162.8168 0068263 141.3783  10.7549 14.05112070297369
1 22706U 93041C   18213.47404534  .00000149  00000-0  41325-4 0  9993
2 22706  89.2845 294.1006 0030103  22.7072 105.8726 14.41319624315254
1 22707U 93041D   18213.36289038  .00000079  00000-0  26770-4 0  9991
2 22707  90.1017 253.6325 0145437   3.8728 356.3552 14.23509425300193
1 22801U 93050C   18213.49474008  .00004544  00000-0  37369-3 0  9999
2 22801  98.9829  44.7025 0002577   2.7397  27.6127 14.99766658315141
1 22804U 93059C   18212.58050530 -.00000055 +00000-0 -10234-4 0  9998
2 22804 070.9736 056.2121 0212996 238.7459 150.3227 13.71315242244216
1 22805U 93059D   18212.65442878 -.00000076 +00000-0 -30774-4 0  9991
2 22805 070.9717 087.9632 0214643 292.0265 095.9671 13.70049101243171
1 22806U 93059E   18212.96106282 -.00000012 +00000-0 +27449-4 0  9996
2 22806 071.0191 040.2204 0200168 134.7788 014.9901 13.73210171246064
1 22807U 93059F   18212.08771358 -.00000036  00000-0  65247-5 0  9997
2 22807  71.0164  79.4097 0207593 190.2081 323.6420 13.71902523245007
1 22812U 92093JB  18212.94473486 +.00000341 +00000-0 +24867-3 0  9995
2 22812 070.6887 188.9959 0139334 212.9282 146.3096 13.98851401279761
1 22816U 92093JC  18212.54434914  .00000901  00000-0  42448-3 0  9995
2 22816  71.4610  59.1295 0127800  23.5668   6.1884 14.18139523297685
1 22840U 91009CK  18212.14584219 -.00000191 +00000-0 -12768-2 0  9992
2 22840 073.9572 109.5461 0177889 035.4667 117.7344 12.38288635173215
1 22841U 91009CL  18212.25065191 -.00000004  00000-0  10379-3 0  9997
2 22841  74.0437 132.8106 0129917 328.5734 193.1934 12.22917708223103
1 22842U 91009CM  18213.30272172  .00000029  00000-0  33845-3 0  9993
2 22842  73.8825  65.9915 0140385 134.9092 342.0225 12.35995603235143
1 22843U 91009CN  18209.90538598 +.00000097 +00000-0 +78080-3 0  9997
2 22843 074.0251 171.0298 0239184 005.8276 023.2150 12.37980175136706
1 22849U 92089D   18213.31925712  .00030971  10534-5  21076-3 0  9995
2 22849  34.9141 221.2229 2354946  70.7601 313.1635 10.86586677635542
1 23007U 93036C   18213.55746544  .00000124  00000-0  46370-4 0  9999
2 23007  74.0269  63.0090 0011804 356.9955  24.9407 14.41486122315240
