1 29782U 99025BY  18212.90625869  .00000651  00000-0  45037-3 0  9996
2 29782  99.1738 200.2574 0061708  96.3371 294.2627 14.01781556589044
1 29783U 99025BZ  18213.49358736  .00001597  00000-0  20380-3 0  9992
2 29783  98.9699 221.7018 0087619 113.0107  39.4006 14.80542838614372
1 29784U 99025CA  18212.94580733 +.00000106 +00000-0 +63651-4 0  9990
2 29784 099.0700 006.4809 0064814 136.9967 025.7576 14.25336819599915
1 29785U 99025CB  18212.89161641  .00001183  00000-0  23475-3 0  9993
2 29785  99.0357 176.2928 0075647  37.8682 322.7804 14.62619338609266
1 29786U 99025CC  18213.53780348  .00000124  00000-0  97430-4 0  9994
2 29786  99.0151 240.2255 0078085 307.2642 207.8033 14.07649292593061
1 29789U 99025CF  18213.38736510  .00000314  00000-0  42719-3 0  9992
2 29789  99.6497 107.0973 0310294 164.9022 262.4012 13.48341571567104
1 29790U 99025CG  18212.56402384  .00000047  00000-0  37185-4 0  9997
2 29790  99.1446  61.6658 0082945  39.3606 321.3562 14.27651453600959
1 29791U 99025CH  18212.48808663  .00000391  00000-0  15580-3 0  9995
2 29791  99.0790  38.7490 0063037  68.5058 320.3822 14.33296761601487
1 29792U 99025CJ  18212.63926872 +.00000285 +00000-0 +20005-3 0  9996
2 29792 099.0000 269.2662 0054623 044.3443 316.2081 14.05533120590597
1 29793U 99025CK  18213.53156889  .00000237  00000-0  19005-3 0  9995
2 29793  98.3693 226.8678 0152002 296.9296 230.0322 13.93989014586213
1 29794U 99025CL  18212.96597716 +.00000629 +00000-0 +37422-3 0  9998
2 29794 098.1839 222.5171 0167420 152.3150 238.8919 14.03660872590593
1 29795U 99025CM  18213.14236597 -.00000037  00000-0  28023-5 0  9990
2 29795  98.8386  89.5440 0114340 105.2404  47.4621 13.91772261586401
1 29796U 99025CN  18212.51398719 +.00000319 +00000-0 +21637-3 0  9990
2 29796 099.1331 232.0407 0054359 247.5310 283.2179 14.06865331591764
1 29798U 99025CQ  18213.23676196  .00000120  00000-0  12509-3 0  9998
2 29798  99.3971 202.7378 0123823 344.5794  82.5632 13.90885836584542
1 29800U 99025CS  18212.97622178  .00000353  00000-0  30800-3 0  9995
2 29800  98.3235 122.2182 0151497 128.4473   4.9995 13.86189769582105
1 29801U 99025CT  18212.89064786  .00000035  00000-0  28298-4 0  9998
2 29801  98.8883 354.3184 0106248 235.5386 277.0747 14.33597971603829
1 29802U 99025CU  18212.09972970 +.00000345 +00000-0 +15327-3 0  9996
2 29802 098.7593 269.8366 0065378 025.9491 355.2310 14.28071400598540
1 29803U 99025CV  18213.11727494  .00002177  00000-0  73746-3 0  9994
2 29803  98.9924 322.3310 0061976 282.2271 154.5525 14.36795102597952
1 29804U 99025CW  18212.57363406 -.00000228 +00000-0 -11169-3 0  9991
2 29804 099.0305 239.1807 0097581 249.0765 263.7180 14.03682069591342
1 29805U 99025CX  18212.47947679 -.00000018  00000-0  28655-4 0  9996
2 29805  99.7340 214.8953 0189585 349.1742  10.5351 13.71898617578046
1 29806U 99025CY  18212.78450456 +.00000035 +00000-0 +46702-4 0  9994
2 29806 098.9701 244.6572 0026788 274.3457 138.3766 14.07828848592431
1 29807U 99025CZ  18212.89125382  .00000172  00000-0  12683-3 0  9996
2 29807  98.9540 241.8271 0081226 336.3991 146.6714 14.06661787592541
1 29808U 99025DA  18213.20756481  .00000842  00000-0  38629-3 0  9995
2 29808  99.0150 313.0090 0034216  91.8132 282.6059 14.23779263595611
1 29809U 99025DB  18212.78001426 +.00000048 +00000-0 +27951-4 0  9995
2 29809 098.9334 041.2955 0126189 089.6973 336.9262 14.41604834606616
1 29810U 99025DC  18212.89717831  .00000038  00000-0  35424-4 0  9996
2 29810  99.1734  86.7782 0069468 184.3472 241.1207 14.25416690600174
1 29811U 99025DD  18212.65944719  .00000469  00000-0  21997-3 0  9995
2 29811  99.0219 289.8378 0079160 108.1459 252.8358 14.23286122594753
1 29812U 99025DE  18211.03825469 +.00000289 +00000-0 +22449-3 0  9990
2 29812 098.3786 229.7185 0149431 299.3747 083.7712 13.94491850585822
1 29813U 99025DF  18212.29766972 +.00000032 +00000-0 +44615-4 0  9999
2 29813 099.0211 237.1681 0011632 239.8025 251.9975 14.08775722593599
1 29814U 99025DG  18213.19996390  .00000829  00000-0  24909-3 0  9996
2 29814  99.1004 119.7796 0053954 356.1446 168.8449 14.44776209603658
1 29815U 99025DH  18212.59280088  .00000331  00000-0  74721-4 0  9996
2 29815  98.3103 258.5297 0226443 158.8530 202.2211 14.48297400608092
1 29816U 99025DJ  18212.73865399  .00000119  00000-0  46326-4 0  9991
2 29816  98.8535 316.3401 0300501  85.8534  68.8968 14.24375135597467
1 29819U 99025DM  18212.64768395 -.00000080  00000-0 -20934-4 0  9998
2 29819  98.9115 266.9157 0199008   8.8745 143.4593 13.99903466589572
1 29820U 99025DN  18212.97318821 +.00000074 +00000-0 +79214-4 0  9997
2 29820 099.0724 244.2900 0068429 123.0227 288.0449 13.99256033589032
1 29821U 99025DP  18213.04988368 -.00000106  00000-0 -18362-4 0  9991
2 29821  99.2670 239.1400 0393828  37.8882 350.4925 13.99769182588009
1 29825U 99025DT  18212.08237366  .00001105  00000-0  71739-4 0  9998
2 29825  98.7483 265.7689 0118264 300.5595  58.4000 15.05315029623064
1 29827U 99025DV  18212.89103331  .00000051  00000-0  45581-4 0  9998
2 29827  98.6917 244.8812 0027057 164.6943 321.5739 14.18326571597192
1 29828U 99025DW  18213.11348219  .00000530  00000-0  36691-3 0  9994
2 29828  99.0187 277.8692 0066156 103.3301 288.8832 14.02323996589900
1 29832U 99025EA  18212.73591507 -.00000035 +00000-0 +51435-5 0  9992
2 29832 098.8055 130.4408 0204167 161.2925 199.5916 14.52716594611593
1 29833U 99025EB  18212.77016479  .00000349  00000-0  74927-4 0  9994
2 29833  99.1049 237.7869 0155391 241.3505 117.1991 14.59082100611833
1 29834U 99025EC  18212.74201448 +.00003783 +00000-0 +28267-3 0  9994
2 29834 098.3134 231.8066 0112088 145.8141 215.0363 14.98556730615691
1 29835U 99025ED  18213.08200769 -.00000000  00000-0  14150-4 0  9995
2 29835  98.9964 144.5049 0173306  75.7851  44.0355 14.41495906607247
1 29836U 99025EE  18212.98659638  .00000141  00000-0  45075-4 0  9992
2 29836  97.9678  26.4998 0179807 158.8138 353.5220 14.43930345607199
1 29837U 99025EF  18212.92976104 +.00012901 +00000-0 +54417-3 0  9993
2 29837 098.4492 014.4596 0054144 181.5822 178.5248 15.22110041616848
1 29840U 99025EJ  18212.89013946  .00001361  00000-0  22231-3 0  9996
2 29840  99.0147 186.1864 0099689 353.9733   6.0262 14.69671005610252
1 29841U 99025EK  18212.46976288  .00000024  00000-0  19539-4 0  9990
2 29841  98.9336  27.0457 0220752  55.9252 331.0199 14.39569953605680
1 29842U 99025EL  18212.91172706 +.00000423 +00000-0 +12975-3 0  9993
2 29842 098.7261 199.2757 0144606 342.6383 038.3201 14.41413686604689
1 29843U 99025EM  18212.78840000 +.00000032 +00000-0 +27797-4 0  9993
2 29843 098.8195 318.7384 0205542 143.0778 007.7819 14.24224532599453
1 29844U 99025EN  18212.83898490  .00000066  00000-0  41336-4 0  9998
2 29844  98.9882 348.1754 0184033  19.6063 341.2072 14.25298407599698
1 29845U 99025EP  18212.74591734 +.00000029 +00000-0 +32059-4 0  9991
2 29845 098.6850 246.7338 0083902 031.3659 031.7102 14.21552836598449
1 29846U 99025EQ  18213.52855948  .00000002  00000-0  22193-4 0  9998
2 29846  98.9863 230.7718 0087428  82.0912  70.3044 14.17667609597357
1 29847U 99025ER  18212.92186410 -.00000092 +00000-0 -30563-4 0  9994
2 29847 098.9674 235.3908 0087746 324.4094 153.8247 14.01353358590358
1 29848U 99025ES  18213.56297150  .00000401  00000-0  23492-3 0  9994
2 29848  98.2502 251.1134 0138392 117.5750  37.8445 14.08235882591690
1 29849U 99025ET  18212.95944169  .00000381  00000-0  29523-3 0  9994
2 29849  99.1438 286.2959 0091693 259.0507 178.3037 13.96966216587407
1 29850U 99025EU  18213.12038000  .00000309  00000-0  25925-3 0  9996
2 29850  98.0951  72.7036 0109300 283.6373 246.1866 13.91806100585367
1 29851U 99025EV  18213.37839358  .00000053  00000-0  84188-4 0  9992
2 29851  99.4718 165.9985 0146052 108.6505  42.1673 13.81716835582080
1 29852U 99025EW  18213.34935294  .00000454  00000-0  35389-3 0  9999
2 29852  99.2251 155.4652 0156201 270.4953 243.2154 13.92133872584466
1 29853U 99025EX  18212.90005868  .00000237  00000-0  20817-3 0  9995
2 29853  98.4136 191.2647 0175017  84.6510 277.4589 13.86737644583327
1 29854U 99025EY  18213.21433479  .00000072  00000-0  98130-4 0  9995
2 29854  99.1066 107.1879 0151247  73.2263  81.1792 13.81413458581928
1 29855U 99025EZ  18213.09414376  .00000417  00000-0  31395-3 0  9999
2 29855  98.1712  74.2154 0218034   4.0470 147.4230 13.88175119582960
1 29856U 99025FA  18213.29135096  .00000088  00000-0  41490-4 0  9993
2 29856  98.7686 330.8603 0430884  38.2424 352.7246 14.00710612584322
1 29857U 99025FB  18213.17077077  .00000388  00000-0  38558-3 0  9998
2 29857  98.4761 120.1301 0209821   2.3731 357.8367 13.74174290577763
1 29858U 99025FC  18212.47038826  .00000388  00000-0  41503-3 0  9994
2 29858  99.0640  36.2130 0213088 298.5264  88.0156 13.70468069576432
1 29859U 99025FD  18213.37045158  .00000565  00000-0  53617-3 0  9997
2 29859  98.3647   9.7771 0325326 178.9087 181.2841 13.62940765572523
1 29860U 99025FE  18212.71165389  .00000395  00000-0  43420-3 0  9997
2 29860  98.6402 128.3913 0247788 289.0712  97.5595 13.65224147573277
1 29865U 99025FK  18212.93706628 +.00000204 +00000-0 +45480-4 0  9991
2 29865 098.9851 201.9483 0164019 159.6116 230.6794 14.61039750613253
1 29866U 99025FL  18212.59362287 +.00000072 +00000-0 +22337-4 0  9992
2 29866 098.1397 257.0274 0222469 330.9768 182.5762 14.54346327611523
1 29868U 99025FN  18212.96710681  .00000336  00000-0  56279-4 0  9995
2 29868  98.3227 264.0810 0268859 153.0494 285.6636 14.55446679610207
1 29869U 99025FP  18212.94620639 +.00000109 +00000-0 +56319-4 0  9990
2 29869 099.0145 017.3070 0092394 317.8670 193.9525 14.31877003602771
1 29870U 99025FQ  18213.09346307 -.00000018  00000-0  92660-5 0  9996
2 29870  98.4474 252.7744 0121134 206.5328 179.7945 14.28058825601892
1 29871U 99025FR  18212.94560399 +.00000205 +00000-0 +93980-4 0  9991
2 29871 099.0616 024.2551 0071242 049.3774 104.9378 14.30684759601476
1 29872U 99025FS  18212.55797861  .00000064  00000-0  31905-4 0  9997
2 29872  98.6295 250.8490 0263622   4.4460 355.8975 14.29536779600894
1 29873U 99025FT  18213.16151231 -.00000033  00000-0  99563-5 0  9993
2 29873  99.3183 328.5389 0092261 289.7748 139.5333 13.95495659587785
1 29874U 99025FU  18212.95541171  .00000336  00000-0  21310-3 0  9994
2 29874  98.3696 251.6742 0139329 146.4083 303.5247 14.04958514589055
1 29875U 99025FV  18212.69923230 -.00000019 +00000-0 +10545-4 0  9994
2 29875 098.6675 296.3200 0082741 347.8980 165.9804 14.24286022600119
1 29876U 99025FW  18213.37112216  .00000020  00000-0  28747-4 0  9999
2 29876  98.2967   8.8707 0061472 266.4218 122.8645 14.18633989597724
1 29877U 99025FX  18212.56614413 +.00000092 +00000-0 +63240-4 0  9992
2 29877 098.7447 245.6524 0050699 089.5459 063.0562 14.19861337597467
1 29878U 99025FY  18212.35804140  .00000482  00000-0  18055-3 0  9994
2 29878  97.0097 104.1982 0124941 324.3573  34.9318 14.30773730598163
1 29880U 99025GA  18212.56278292  .00000219  00000-0  17390-3 0  9992
2 29880  98.1573  67.2930 0254154  12.3125  19.8893 13.85387941582499
1 29881U 99025GB  18212.15014933  .00000650  00000-0  77751-3 0  9994
2 29881  98.7406  98.6319 0307404 183.5908 332.4265 13.51933883568134
1 29884U 99025GE  18212.67780458 +.00000302 +00000-0 +13857-3 0  9997
2 29884 099.5708 288.6459 0051449 266.9127 247.8789 14.28872949600385
1 29885U 99025GF  18212.96802601 -.00000003  00000-0  19267-4 0  9996
2 29885  98.3717 309.3897 0120445 354.0328  56.8136 14.12008759594856
1 29886U 99025GG  18213.53830130  .00001043  00000-0  38126-3 0  9997
2 29886  99.2164  93.1838 0040250 116.0647   3.0170 14.34823365599153
1 29887U 99025GH  18212.99857941  .00000234  00000-0  78418-4 0  9996
2 29887  99.0090 228.2774 0327040 228.3461 159.5548 14.21423267596725
1 29888U 99025GJ  18212.72809201 -.00000007 +00000-0 +14821-4 0  9991
2 29888 098.9692 316.3655 0296203 077.3364 286.0749 14.12958248594537
1 29889U 99025GK  18212.58710711 +.00000089 +00000-0 +69661-4 0  9994
2 29889 099.4562 134.3733 0159114 295.6390 189.6857 14.10290618593634
1 29890U 99025GL  18212.71068612 +.00000307 +00000-0 +19040-3 0  9995
2 29890 099.4541 123.6200 0021030 035.3704 324.8857 14.13057508593653
1 29891U 99025GM  18212.40883185 +.00000355 +00000-0 +27536-3 0  9994
2 29891 098.9932 275.5006 0066743 154.6965 267.4530 13.97948196588711
1 29892U 99025GN  18212.63784333  .00000828  00000-0  41730-3 0  9992
2 29892  99.2148 269.8406 0270639 257.5191 259.9310 14.02001613587565
1 29893U 99025GP  18211.91456596 +.00000012 +00000-0 +44675-4 0  9997
2 29893 098.4851 184.0410 0173478 237.5379 147.3633 13.78355567580484
1 29894U 99025GQ  18213.46972696  .00000123  00000-0  15248-3 0  9990
2 29894  99.6017 196.5154 0172022 248.0681 270.7178 13.77970744580116
1 29895U 99025GR  18213.15374772  .00000472  00000-0  26443-3 0  9994
2 29895  99.8766  97.2227 0370769 290.2911 227.2504 13.86502930580973
1 29896U 99025GS  18210.59243264 +.00000145 +00000-0 +19652-3 0  9992
2 29896 099.5381 126.3425 0244582 156.5153 327.3459 13.62819412573482
1 29897U 99025GT  18212.46079557  .00000549  00000-0  69810-3 0  9992
2 29897  98.6250  29.0471 0319563 225.1219 162.1006 13.47799892566203
1 29898U 99025GU  18212.87435365  .00000442  00000-0  34080-3 0  9994
2 29898  98.2075 236.7288 0483637  91.1265  30.0247 13.52213630566717
1 29899U 99025GV  18212.83714499 -.00000016  00000-0  26137-4 0  9992
2 29899  98.6726   2.6331 0354680 356.3860   3.4720 13.36703281563137
1 29901U 99025GX  18212.39424462  .00000010  00000-0  57814-4 0  9994
2 29901  98.7600  10.3877 0385006 132.5601 260.9491 13.31834592560932
1 29903U 99025GZ  18213.21656848  .00000687  00000-0  17349-3 0  9991
2 29903  98.9498 118.2020 0084224 103.5972 257.4619 14.52473526607492
1 29904U 99025HA  18213.46189101  .00000064  00000-0  31647-4 0  9999
2 29904  99.0290  80.7223 0231511 321.5984  36.8914 14.36086623604024
1 29905U 99025HB  18212.84573491  .00010712  00000-0  60186-3 0  9990
2 29905  99.2190 351.7458 0020944 280.4922  79.3944 15.13374725613099
1 29906U 99025HC  18213.11672564  .00000493  00000-0  23185-3 0  9996
2 29906  98.8368 264.1219 0053270  95.3011 265.4248 14.23725178597193
1 29907U 99025HD  18212.94478300 -.00000034 +00000-0 +74779-5 0  9998
2 29907 099.2366 209.8106 0086955 128.6290 262.1059 14.00723828588406
1 29909U 99025HF  18212.62029517  .00000431  00000-0  19077-3 0  9995
2 29909  98.7752 267.4174 0062064  32.7267 121.3099 14.27209344598525
1 29911U 99025HH  18212.93261958 +.00000183 +00000-0 +12306-3 0  9991
2 29911 098.9798 244.3402 0031386 235.8128 244.6475 14.12456766593958
1 29912U 99025HJ  18212.94281457 +.00000385 +00000-0 +19084-3 0  9993
2 29912 098.8856 255.5919 0056956 118.3097 004.5992 14.22153921596543
1 29913U 99025HK  18213.04822973 -.00000165  00000-0 -73488-4 0  9997
2 29913  98.9411 243.2153 0063552 253.9620 125.2022 14.04895294591753
1 29914U 99025HL  18212.76934757 -.00000094 +00000-0 -31664-4 0  9991
2 29914 099.1617 235.0280 0036391 020.8657 034.1024 14.02076246590695
1 29915U 99025HM  18212.94543070 +.00002484 +00000-0 +27884-3 0  9997
2 29915 099.0422 263.6905 0062054 176.3639 183.8036 14.86552071613724
1 29916U 99025HN  18212.89721825  .00000388  00000-0  49725-3 0  9997
2 29916  99.2776 349.3906 0276267 255.4836 262.0886 13.54133985570158
1 29917U 99025HP  18212.96948012 +.00000158 +00000-0 +20409-3 0  9998
2 29917 098.8823 253.6595 0234735 340.8152 136.7677 13.64643630573817
1 29918U 99025HQ  18212.95256478 +.00000370 +00000-0 +19922-3 0  9990
2 29918 099.0219 215.5487 0017490 127.3832 263.4045 14.19003217595281
1 29919U 99025HR  18212.53587201  .00000018  00000-0  45862-4 0  9998
2 29919  98.4540 222.8930 0140050 135.9629  15.6277 13.84022447583114
1 29920U 99025HS  18212.54563108  .00000609  00000-0  43737-3 0  9995
2 29920  98.4079 247.2332 0137001 265.4592 261.8286 13.96019978586981
1 29921U 99025HT  18212.59562067 -.00000007  00000-0  23301-4 0  9993
2 29921  98.9993 242.8415 0047816  34.4119 117.3065 14.03816520591071
1 29922U 99025HU  18212.90929584 +.00000395 +00000-0 +30281-3 0  9993
2 29922 099.3439 202.5742 0095003 146.1314 244.8466 13.97263747588523
1 29923U 99025HV  18212.58661316  .00000060  00000-0  59466-4 0  9990
2 29923  98.9096 244.5908 0017979 230.6546 282.8547 14.09703265593380
1 29924U 99025HW  18213.30057334  .00000037  00000-0  47608-4 0  9990
2 29924  98.9923 239.3758 0025974 270.1335 219.9144 14.08226790593470
1 29925U 99025HX  18212.89787269 +.00001483 +00000-0 +24924-3 0  9992
2 29925 099.0308 194.3693 0069322 330.1634 059.5442 14.69910230610499
1 29926U 99025HY  18212.84708611  .00000008  00000-0  16748-4 0  9990
2 29926  98.5024 273.4692 0263240 352.4409  64.2741 14.28642708601390
1 29927U 99025HZ  18212.31216667  .00000689  00000-0  28219-3 0  9998
2 29927  99.1349  37.2694 0032453 203.4590 234.8625 14.30378936599341
1 29928U 99025JA  18213.33763546  .00000137  00000-0  15014-3 0  9992
2 29928  99.3844 158.0103 0150333  37.4635 113.3584 13.83953507582565
1 29929U 99025JB  18212.86829066  .00000178  00000-0  15743-3 0  9994
2 29929  98.6121 284.0649 0146257  73.7839 351.6733 13.91263234584756
1 29930U 99025JC  18212.84196171 +.00000051 +00000-0 +40578-4 0  9993
2 29930 099.0270 339.2494 0169156 144.0846 006.9529 14.18529827597235
1 29931U 99025JD  18212.98500691  .00000271  00000-0  20477-3 0  9994
2 29931  99.1809 232.7665 0031999 359.9787  29.3539 14.02604880590943
1 29932U 99025JE  18212.90980503 +.00000077 +00000-0 +63370-4 0  9995
2 29932 098.8758 242.5237 0038917 188.2135 293.8639 14.13993399595351
1 29933U 99025JF  18213.46870062  .00000700  00000-0  29392-3 0  9994
2 29933  98.8697 214.9607 0012819  25.8426 138.4487 14.29146912598671
1 29935U 99025JH  18212.95467017 -.00000014 +00000-0 +12536-4 0  9993
2 29935 098.3614 017.0771 0153075 017.3739 133.0557 14.12879375595353
1 29938U 99025JL  18212.88001421  .00000078  00000-0  73651-4 0  9995
2 29938  98.8695 242.0509 0033213 314.4640 170.8544 14.06167925592314
1 29940U 99025JN  18212.89947213 +.00000251 +00000-0 +15282-3 0  9995
2 29940 098.8482 247.3875 0078845 223.4997 214.0520 14.13263696594383
1 29941U 99025JP  18213.48858937  .00001044  00000-0  22668-3 0  9993
2 29941  98.8910  92.6991 0072636  57.6877  18.4055 14.58868765608029
1 29942U 99025JQ  18212.91833947 +.00000208 +00000-0 +11081-3 0  9993
2 29942 098.9285 239.7273 0055262 154.5788 205.8127 14.22991360595450
1 29944U 99025JS  18213.19183928  .00000210  00000-0  40043-4 0  9997
2 29944  99.0646 205.3142 0254009 219.2070 274.6297 14.58086928610759
1 29946U 99025JU  18212.92738418 -.00000109 +00000-0 -38173-4 0  9999
2 29946 098.8800 244.0686 0082308 351.7432 077.7527 14.06168124592140
1 29947U 99025JV  18213.34960861 -.00000179  00000-0 -87482-4 0  9990
2 29947  99.1681 239.2415 0041950  23.0273  45.2553 14.01829934590615
1 29948U 99025JW  18213.04168596 -.00000130  00000-0 -51866-4 0  9997
2 29948  98.8605 242.9456 0085007 222.1855 166.9095 14.04992079591980
1 29949U 99025JX  18213.06671229  .00000110  00000-0  93783-4 0  9992
2 29949  99.0368 238.2996 0023161 284.7408  92.2807 14.06416041592927
1 29953U 99025KB  18212.60360854  .00000042  00000-0  67100-4 0  9993
2 29953  99.0987 262.1909 0113035  21.1730 142.5429 13.88740292585096
1 29954U 99025KC  18213.05647925  .00000264  00000-0  13604-3 0  9996
2 29954 100.1346 151.2774 0087576 182.4057 177.6707 14.23275027598508
1 29955U 99025KD  18213.15869885  .00000601  00000-0  29239-3 0  9995
2 29955  99.2929  91.4949 0011073  29.0282 122.6323 14.22252610597064
1 29957U 99025KF  18212.86569677 +.00000810 +00000-0 +45852-3 0  9991
2 29957 098.9678 272.0902 0063014 322.4616 097.4952 14.12010036592821
1 29959U 99025KH  18212.56318062 -.00000174 +00000-0 -79427-4 0  9991
2 29959 099.1264 235.5074 0041592 271.9540 240.0733 14.04628553591486
1 29960U 99025KJ  18212.08777549 +.00000012 +00000-0 +28042-4 0  9995
2 29960 098.7370 257.3796 0097345 059.6858 330.3544 14.12407922594293
1 29961U 99025KK  18213.18227815  .00000009  00000-0  22927-4 0  9996
2 29961  98.9668 343.7766 0077612 120.1474 240.7423 14.24261625600149
1 29962U 99025KL  18213.02969199  .00000034  00000-0  45590-4 0  9997
2 29962  98.9932 240.9137 0111968 203.9823 185.3655 14.05624911592034
1 29963U 99025KM  18213.07487123  .00000243  00000-0  12671-3 0  9990
2 29963  98.9705 337.3540 0055342 108.8601 306.9430 14.22722354598501
1 29964U 99025KN  18213.05324667  .00000154  00000-0  12984-3 0  9990
2 29964  98.3833 241.0133 0143178 250.0325 108.5370 13.95990155587293
1 29965U 99025KP  18212.91047466 -.00000136 +00000-0 -62586-4 0  9990
2 29965 099.0712 241.5487 0146227 247.2860 185.1033 13.94538518587629
1 29966U 99025KQ  18213.13415400  .00000092  00000-0  65210-4 0  9999
2 29966  99.4768 184.3459 0042762  25.1856 335.1392 14.20978874598085
1 29967U 99025KR  18212.55597747 +.00000543 +00000-0 +32197-3 0  9998
2 29967 099.0597 247.0024 0087672 353.6011 160.0271 14.09979866591957
1 29968U 99025KS  18212.94032677 -.00000080 +00000-0 -21378-4 0  9996
2 29968 098.8723 242.6738 0091678 354.0419 123.3158 14.05696444592330
1 29969U 99025KT  18212.95758311 +.00000531 +00000-0 +28541-3 0  9995
2 29969 098.9483 254.5349 0050688 220.9593 259.5849 14.16594957594479
1 29971U 99025KV  18212.91590265 +.00000214 +00000-0 +14428-3 0  9993
2 29971 099.0133 245.9765 0024847 238.2101 192.4597 14.10940107593387
1 29972U 99025KW  18212.82001340  .00000323  00000-0  10647-3 0  9995
2 29972  98.9553  48.6800 0095461 166.3301 262.5057 14.42775136605492
1 29973U 99025KX  18212.96674865 +.00000481 +00000-0 +34076-3 0  9996
2 29973 098.9775 242.0863 0067772 079.5381 036.8331 14.01416085589909
1 29974U 99025KY  18213.47645067 -.00000046  00000-0 -11351-5 0  9998
2 29974  99.0495 280.3667 0051422  57.0048  58.8483 14.04991361590838
1 29976U 99025LA  18213.01397675  .00000217  00000-0  13830-3 0  9999
2 29976  99.0603 243.1876 0276592  88.6218 303.6058 13.95493542587951
1 29977U 99025LB  18212.56044036  .00000728  00000-0  51122-3 0  9992
2 29977  98.4134 250.8678 0135180 253.2534 275.2659 13.96820212587373
1 29978U 99025LC  18212.95757259 +.00000244 +00000-0 +21024-3 0  9995
2 29978 099.3692 219.9579 0076847 172.9487 217.5971 13.95087694587911
1 29980U 99025LE  18213.52922574  .00000234  00000-0  16647-3 0  9990
2 29980  98.7822 112.6462 0087949 269.6730 214.5450 14.04919947592171
1 29981U 99025LF  18213.17364180  .00008435  00000-0  22481-3 0  9999
2 29981  98.8818  16.4814 0054338 296.9167  62.6526 15.37007240624918
1 29982U 99025LG  18213.42503587  .00000150  00000-0  43703-4 0  9991
2 29982  99.4080  16.3764 0148993  77.2042 312.3721 14.54400352611156
1 29983U 99025LH  18212.95026203 +.00001238 +00000-0 +27558-3 0  9991
2 29983 099.1887 212.7059 0075387 187.2128 203.2967 14.57350399607604
1 29986U 99025LL  18211.88176142 +.00000375 +00000-0 +22262-3 0  9991
2 29986 099.4112 082.6156 0030473 008.1527 120.4699 14.13948845593498
1 29987U 99025LM  18211.23911427  .00000542  00000-0  39791-3 0  9995
2 29987  98.9718 115.6081 0094859 153.7113 358.2409 13.97778748586389
1 29989U 99025LP  18212.54927477 -.00000008 +00000-0 +17227-4 0  9993
2 29989 098.6842 248.5094 0126307 343.1779 177.2145 14.13943677595664
1 29991U 99025LR  18212.92588303 +.00001035 +00000-0 +44507-3 0  9999
2 29991 102.2099 014.0596 0005888 327.9898 184.8911 14.28293935597161
1 29992U 99025LS  18213.05924159 -.00000037  00000-0  40224-5 0  9994
2 29992  98.8396 240.8209 0088885 237.0529 149.1345 14.10660032594576
1 29996U 99025LW  18212.87366266  .00000557  00000-0  41257-3 0  9997
2 29996  99.2406 170.6644 0147461 240.2771 136.8587 13.94560068585234
1 29997U 99025LX  18212.92937824 -.00000038 +00000-0 +41250-5 0  9998
2 29997 099.1074 245.6736 0080797 184.4451 297.1305 13.96730384587932
1 29998U 99025LY  18212.07621137 +.00000162 +00000-0 +10111-3 0  9999
2 29998 099.3140 088.0087 0007137 032.6807 327.4807 14.18794661596312
1 29999U 99025LZ  18213.37003538  .00000067  00000-0  47562-4 0  9998
2 29999  98.6776 256.6576 0198711 315.9650 107.0336 14.15737390596297
1 30001U 99025MA  18212.94150344 +.00000708 +00000-0 +39093-3 0  9995
2 30001 099.0128 200.1527 0051018 224.3287 162.7446 14.14128174592318
1 30004U 99025MD  18212.76444437 +.00000134 +00000-0 +10121-3 0  9991
2 30004 099.0301 312.6235 0040351 340.2831 171.5443 14.09979639593309
1 30005U 99025ME  18212.74342267 -.00000128  00000-0 -96744-4 0  9999
2 30005  99.3606 317.6059 0360638  20.3272 341.1809 13.47040074566896
1 30007U 99025MG  18212.81021812  .00000252  00000-0  15964-3 0  9999
2 30007  99.1900 341.2799 0074284  29.4679 126.5751 14.11703885592996
1 30008U 99025MH  18213.49094472  .00000518  00000-0  19006-3 0  9993
2 30008  99.4165 222.8969 0064313 157.2154   3.7799 14.36377552602597
1 30012U 99025MM  18213.40869896  .00000071  00000-0  96896-4 0  9996
2 30012  99.4975 179.2247 0139204  65.3981  84.5328 13.84218999583273
1 30013U 99025MN  18212.78469427  .00000018  00000-0  51347-4 0  9996
2 30013  99.3396 154.6503 0130707   3.5616  25.7914 13.86093322584003
1 30015U 99025MQ  18212.50346394 +.00000170 +00000-0 +96675-4 0  9997
2 30015 099.2279 060.0306 0042441 273.6942 114.9855 14.22724554598474
1 30016U 99025MR  18213.45476346  .00000535  00000-0  17005-3 0  9998
2 30016  98.9586  39.4241 0084104 214.2280 177.7140 14.42330501604804
1 30017U 99025MS  18212.88197459 +.00000028 +00000-0 +14682-4 0  9996
2 30017 098.7321 088.5041 0234477 131.9392 230.2054 14.55669053612575
1 30018U 99025MT  18213.49576021  .00000193  00000-0  48795-4 0  9996
2 30018  98.7716  95.9197 0151190 179.9469 258.3249 14.56549170611805
1 30019U 99025MU  18212.60872534 +.00001155 +00000-0 +40965-3 0  9996
2 30019 098.1776 273.1925 0192188 232.0697 126.2980 14.26516591596255
1 30020U 99025MV  18213.56834550 -.00000102  00000-0 -33336-4 0  9998
2 30020  99.0061 244.1821 0187098 352.5803 159.1098 14.00494119589854
1 30021U 99025MW  18213.53792767  .00000255  00000-0  18500-3 0  9991
2 30021  98.9133 241.8965 0072773 250.9971 269.6606 14.03982130591871
1 30022U 99025MX  18213.11641642 -.00000007  00000-0  16767-4 0  9991
2 30022  98.8704 323.7870 0069178  63.1781  60.2881 14.22252495599523
1 30023U 99025MY  18212.76359455  .00000129  00000-0  10149-3 0  9991
2 30023  99.0630 317.5747 0048864   8.6308 144.7119 14.07907234593030
1 30024U 99025MZ  18213.05252648  .00001387  00000-0  85317-4 0  9998
2 30024  98.7076 252.0402 0179594 190.7480 168.9882 14.99808143624132
1 30025U 99025NA  18213.22314657  .00001385  00000-0  77870-4 0  9990
2 30025  98.3854  52.0835 0193820 325.7590  33.1256 15.00900281620763
1 30026U 99025NB  18212.91571714 +.00001584 +00000-0 +12440-3 0  9997
2 30026 099.1205 030.0156 0126030 301.4837 057.4114 14.96904698619309
1 30028U 99025ND  18212.60918602  .00000203  00000-0  56851-4 0  9998
2 30028  98.2901 256.1608 0200422 192.5990 320.1960 14.45455077607935
1 30030U 99025NF  18213.42428653  .00000721  00000-0  13455-3 0  9991
2 30030  99.7283 198.3056 0116648 152.7672 207.9708 14.64855478611838
1 30031U 99025NG  18212.27012246  .00001389  00000-0  19936-3 0  9992
2 30031  99.1778 318.2688 0076214 284.5294  74.7467 14.76620041612836
1 30032U 99025NH  18213.31519238  .00000966  00000-0  10693-3 0  9993
2 30032  97.3131  96.4168 0219703 346.5841  12.9584 14.73583776613135
1 30035U 99025NL  18212.89350590 -.00000027 +00000-0 +88478-5 0  9999
2 30035 099.3516 235.3519 0115946 319.1762 109.7455 14.35898089604993
1 30036U 99025NM  18213.55915279  .00000062  00000-0  29570-4 0  9990
2 30036  98.5754 249.3979 0212506  11.3375 142.4107 14.37830362604726
1 30037U 99025NN  18212.96891472 +.00000009 +00000-0 +17109-4 0  9999
2 30037 098.4228 255.7848 0181415 129.9559 350.0684 14.31197029602794
1 30038U 99025NP  18212.94573010 +.00000054 +00000-0 +26406-4 0  9993
2 30038 098.4407 248.7946 0275359 215.7853 266.8966 14.33018479603103
1 30039U 99025NQ  18212.88856366  .00000868  00000-0  22666-3 0  9991
2 30039  97.0031 187.9672 0144556  18.7158  11.0217 14.45271623603963
1 30040U 99025NR  18212.98517194  .00000538  00000-0  26774-3 0  9995
2 30040  98.3613 329.8104 0041074 295.2333 156.5865 14.20429370596209
1 30041U 99025NS  18213.24518378  .00000059  00000-0  60935-4 0  9997
2 30041  99.4604 127.5830 0037299 103.2526  48.4235 14.09764086593623
