1 35348U 01049QG  18211.20804185 +.00000595 +00000-0 +11122-3 0  9997
2 35348 098.0065 198.6686 0055022 062.2296 298.4473 14.67533887859896
1 35349U 01049QH  18211.26831545  .00001911  00000-0  92225-4 0  9991
2 35349  97.5439 220.2494 0021745 128.1713 232.1485 15.19733283645538
1 35350U 01049QJ  18212.11348165  .00000158  00000-0  54121-4 0  9994
2 35350  98.4531 175.1027 0075000 129.9311 230.8504 14.47250061788352
1 35351U 01049QK  18211.51900071 +.00000372 +00000-0 +12505-3 0  9995
2 35351 098.7599 113.9762 0005412 027.1979 332.9492 14.42988127267599
1 35354U 93014BD  18211.89989668 +.00001699 +00000-0 +22262-3 0  9995
2 35354 075.7370 279.6757 0069577 067.6016 293.2521 14.79131074652053
1 35356U 93014BF  18210.01918799 +.00001928 +00000-0 +27792-3 0  9995
2 35356 075.7471 325.7068 0070924 117.1936 243.6500 14.74991562635198
1 35359U 93014BJ  18211.98678377  .00001788  00000-0  24943-3 0  9999
2 35359  75.7420 325.2469 0066812 120.0549 240.7285 14.76593278581337
1 35360U 93014BK  18212.56273358  .00001566  00000-0  21827-3 0  9998
2 35360  75.7375 290.1307 0079346  84.5072 276.5155 14.76079931604008
1 35364U 88005Y   18211.38715370  .00000915  00000-0  68556-3 0  9997
2 35364  82.5533  75.4130 0016825  76.4903  47.6463 13.93560906548986
1 35365U 88005Z   18212.38120463  .00000513  00000-0  39223-3 0  9995
2 35365  82.5194  73.4030 0010016 141.8922 342.6150 13.91644228531331
1 35366U 88005AA  18209.40383281 +.00000424 +00000-0 +31590-3 0  9994
2 35366 082.5381 080.3426 0011569 179.9625 301.1110 13.92790807257755
1 35367U 88005AB  18212.38942194  .00000376  00000-0  28867-3 0  9999
2 35367  82.5195  75.1502 0018583 259.1182 219.7872 13.90869120781112
1 35368U 88005AC  18211.92698219 +.00000226 +00000-0 +15165-3 0  9996
2 35368 082.5635 073.2378 0023307 124.3547 235.9830 13.96513033575637
1 35369U 88005AD  18211.91323000 +.00000596 +00000-0 +46325-3 0  9991
2 35369 082.5232 080.5231 0017851 257.5075 161.2101 13.90996879344983
1 35370U 88005AE  18211.90731689 +.00000803 +00000-0 +61924-3 0  9991
2 35370 082.5247 071.4646 0026019 215.7629 204.2481 13.91719156563835
1 35371U 88005AF  18211.88986542 +.00000236 +00000-0 +16638-3 0  9991
2 35371 082.5126 060.2104 0016155 190.6503 231.0917 13.94264538258340
1 35372U 88005AG  18211.42715573 +.00000885 +00000-0 +69960-3 0  9992
2 35372 082.5319 088.3112 0012936 194.2276 290.7720 13.90516541262894
1 35373U 88005AH  18212.34121736  .00000425  00000-0  32015-3 0  9998
2 35373  82.5268  71.0022 0015956 218.2009 266.1687 13.92147505486544
1 35374U 06046G   18212.35403776  .00000568  00000-0  24499-4 0  9998
2 35374  97.4381 240.4411 0056163 277.7386  81.7477 15.25506682646632
1 35375U 06046H   18211.97695267  .00000320  00000-0  30880-4 0  9991
2 35375  97.8721 223.2502 0028464   0.1811  29.8750 14.99685541639157
1 35376U 06046J   18211.44069656 +.00000459 +00000-0 +96834-4 0  9995
2 35376 097.7556 271.3881 0195365 271.2376 154.7212 14.52811929618966
1 35378U 06046L   18211.82833479 +.00000421 +00000-0 +78984-4 0  9996
2 35378 097.8445 346.5108 0172661 135.4502 226.0729 14.60459745616821
1 35379U 03049F   18208.57447024 +.00000040 +00000-0 +60241-4 0  9996
2 35379 099.0478 119.6518 0177241 171.2426 312.4373 13.88743551727039
1 35380U 03049G   18211.74724693 +.00002068 +00000-0 +19404-3 0  9997
2 35380 097.9979 317.8065 0037304 177.1158 183.0284 14.94633889651731
1 35381U 03049H   18212.41514422  .00000354  00000-0  72022-4 0  9992
2 35381  98.6592 184.0902 0097819 303.6563 208.3981 14.65145787775429
1 35382U 03049J   18211.57523183 +.00000128 +00000-0 +74471-4 0  9992
2 35382 098.6922 133.6598 0154820 183.6217 176.3850 14.17924082745130
1 35383U 03049K   18211.55911088 -.00000001  00000-0  11035-4 0  9994
2 35383  98.4740 111.1921 0051221 356.6131 123.0001 14.56007239771108
1 35384U 99057SP  18209.94281362 +.00003050 +00000-0 +24335-3 0  9996
2 35384 098.2229 269.7271 0003681 107.4419 252.7206 15.01133371573605
1 35387U 99057SS  18212.09553262  .00000508  00000-0  14668-3 0  9993
2 35387  98.4488 170.1115 0005650  68.7726 291.4070 14.48668268551239
1 35391U 95021E   18211.89950279  .00000212  00000-0  86028-4 0  9993
2 35391  98.2867 188.3727 0007523 105.7389 283.6670 14.36650504583382
1 35392U 95021F   18211.02911261  .00000289  00000-0  10590-3 0  9991
2 35392  98.1992 246.1615 0003004 187.6135 172.5009 14.39518326553790
1 35393U 95021G   18212.46322403  .00000230  00000-0  83902-4 0  9999
2 35393  98.1846 197.0877 0005982  29.4777 123.3316 14.41339716786559
1 35397U 07042E   18211.48191760 +.00000387 +00000-0 +84432-4 0  9992
2 35397 098.6274 109.7569 0110534 054.7608 306.3876 14.60230266562833
1 35398U 07042F   18211.84744157 +.00000930 +00000-0 +10383-3 0  9994
2 35398 098.5366 171.6196 0097184 024.5255 005.7459 14.86521535573229
1 35399U 91068AV  15344.79402986 +.00025862 +00000-0 +12661+0 0  9993
2 35399 082.3475 001.3248 0389884 082.4135 037.7330 12.51133584138975
1 35400U 91068AW  14356.44586833 +.00000037 +00000-0 +10000-3 0  9990
2 35400 082.9237 168.0705 0190062 312.5523 046.1176 12.85584645385336
1 35401U 93041E   18211.24763611  .00000816  00000-0  15864-3 0  9995
2 35401  89.5506 191.3209 0052803  92.8938 267.8320 14.61354054808018
1 35403U 93041G   18210.23179021 +.00001426 +00000-0 +33028-3 0  9991
2 35403 089.5446 201.9960 0058946 308.9019 050.6941 14.53624925558961
1 35404U 02024J   18211.17344074 -.00000033 +00000-0 +57838-5 0  9990
2 35404 098.9125 189.0916 0053000 155.2656 262.9076 14.19425449833463
1 35405U 02024K   18211.80382258 +.00000076 +00000-0 +59375-4 0  9990
2 35405 098.9606 192.1360 0127277 017.3669 343.1797 14.13824712829834
1 35406U 82116F   18205.34726964 +.00001761 +00000-0 +50620-3 0  9994
2 35406 081.2379 220.4999 0046426 066.5860 294.0201 14.43849691232271
1 35407U 82116G   18211.26185441  .00001488  00000-0  42630-3 0  9990
2 35407  81.2331 204.2010 0038583  13.9768 346.2479 14.44168053610366
1 35408U 86019FL  18210.16135941 +.00000063 +00000-0 +44622-4 0  9997
2 35408 098.6665 284.6327 0031917 324.8573 067.3332 14.26112038614404
1 35413U 06029F   18212.50036632  .00000479  00000-0  24760-4 0  9995
2 35413  64.5066 238.4845 0034339 270.9741  88.7453 15.29321007843023
1 35414U 01055F   18211.69427916 -.00001623 +00000-0 -47430-2 0  9999
2 35414 066.0171 305.1670 0059622 287.9343 236.3903 13.05451472775863
1 35415U 00047D   18211.96467947 -.00000113 +00000-0 +99514-6 0  9994
2 35415 067.9952 206.5607 0068251 249.4375 109.9434 14.90669549652130
1 35417U 04012L   18212.52886755  .00000746  00000-0  98886-4 0  9997
2 35417  97.7835  95.1009 0103460 204.0726 275.7979 14.79210017684804
1 35418U 06002Z   18212.20700411  .00000192  00000-0  42894-4 0  9991
2 35418  97.8483 198.2929 0001536  88.8076 333.6290 14.66476844610838
1 35419U 91082CM  18211.54703537 +.00018272 +00000-0 +11105-2 0  9999
2 35419 098.3659 238.7105 0017372 077.1118 082.7298 15.10411452736078
1 35420U 01056M   18211.92649725 +.00000051 +00000-0 +97473-4 0  9993
2 35420 099.1189 019.2120 0023746 275.3445 247.6693 13.74837091830988
1 35424U 81043M   18211.04280009  .00001085  00000-0  45252-3 0  9995
2 35424  81.2630 333.9672 0042865 244.3384 115.3365 14.25197804514168
1 35428U 04045D   18208.68576253 +.00123930 +42111-6 +13890-3 0  9993
2 35428 039.0451 299.1249 3074922 184.2889 336.5338 09.48273245273062
1 35429U 93036AJX 18210.82722087 +.00002973 +00000-0 +14869-3 0  9994
2 35429 073.9146 352.5039 0094894 201.8599 157.8536 15.14089238503947
1 35430U 93036AJY 18212.16379995  .00044458  00000-0  82702-3 0  9996
2 35430  74.0086  43.8468 0014842 128.2391 232.0160 15.48544884502619
1 35431U 93036AJZ 18205.03962664 +.00002319 +00000-0 +34458-3 0  9991
2 35431 074.0168 328.5057 0018609 030.9557 329.2709 14.75514333488971
1 35432U 93036AKA 18212.48733207  .00000451  00000-0  12775-3 0  9991
2 35432  74.0471 106.8175 0009187 125.3673 234.8346 14.48369636483344
1 35433U 93036AKB 18211.33971359 +.00000061 +00000-0 +32714-4 0  9990
2 35433 074.0338 211.6178 0029038 204.0367 216.6197 14.31350028480332
1 35434U 93036AKC 18211.74150020 -.00000049 +00000-0 -10721-4 0  9992
2 35434 074.0440 352.0816 0096543 347.3125 012.5588 14.18733949478891
1 35435U 93036AKD 18212.14125275  .00000602  00000-0  18466-3 0  9998
2 35435  74.0231 132.4822 0025018 158.0257 265.8146 14.43653264485709
1 35439U 93036AKH 18212.12178622 -.00000030  00000-0 -61249-5 0  9990
2 35439  74.0251   3.4556 0273029  47.1129  69.5224 13.81498557469216
1 35440U 93036AKJ 18207.03025756 +.00000110 +00000-0 +29567-4 0  9998
2 35440 074.0231 321.7344 0081835 054.5414 067.5084 14.57596368489552
1 35441U 93036AKK 18211.36583305 +.00000426 +00000-0 +14690-3 0  9999
2 35441 074.1438 230.7046 0052241 148.4811 211.9492 14.37963296485767
1 35442U 93036AKL 18212.42017334  .00000580  00000-0  17562-3 0  9994
2 35442  74.0416 133.9744 0015062 121.1467 239.1170 14.44453875484272
1 35443U 93036AKM 18211.92455689 +.00000486 +00000-0 +15357-3 0  9993
2 35443 074.0099 299.5323 0222412 002.0252 358.1743 14.29825959480655
1 35445U 93036AKP 18211.48526751  .00000527  00000-0  15741-3 0  9998
2 35445  74.0445 234.7869 0209422 268.7652  88.9502 14.33803192486566
1 35446U 93036AKQ 18211.74832078  .00000002  00000-0  75047-5 0  9995
2 35446  74.0482 353.9521 0077731  75.0518 285.9233 14.52278086489262
1 35448U 93036AKS 18212.08402871  .00000335  00000-0  11326-3 0  9996
2 35448  73.9090  95.3252 0013836 114.0908 246.1695 14.40656735485409
1 35451U 93036AKV 18211.05741434 +.00000270 +00000-0 +38789-4 0  9998
2 35451 073.9466 108.6766 0108494 275.0910 083.7889 14.78471840273468
1 35453U 93036AKX 18211.79938081  .00000238  00000-0  10216-3 0  9995
2 35453  74.0110 249.6875 0083490 291.7929  67.4351 14.28368773477923
1 35455U 93036AKZ 18212.42815811  .00000216  00000-0  80193-4 0  9991
2 35455  74.0322 211.4659 0129795 251.2105 107.4929 14.33779219479221
1 35456U 93036ALA 18211.15430967  .00000326  00000-0  10487-3 0  9996
2 35456  73.9617 135.0589 0101059 236.6216 122.5239 14.40662531488568
1 35459U 93036ALD 18212.42520294  .00000115  00000-0  51428-4 0  9990
2 35459  73.8736 126.3274 0018864 251.7809 108.1288 14.33633766480648
1 35460U 93036ALE 18212.12447813  .00001965  00000-0  18608-3 0  9990
2 35460  73.9896 138.2280 0061349 318.4278  41.2247 14.93021402498784
1 35461U 93036ALF 18211.91954296 +.00001315 +00000-0 +31666-3 0  9993
2 35461 073.8271 048.6011 0065397 123.7771 236.9642 14.53069316341971
1 35462U 93036ALG 18212.18094244  .00000596  00000-0  29929-3 0  9991
2 35462  74.0442  34.9258 0110677 356.1900   3.8386 14.15591705478241
1 35464U 93036ALJ 18211.72361330 +.00000435 +00000-0 +87513-4 0  9991
2 35464 074.0167 308.6769 0049190 039.2257 111.9597 14.64072077179827
1 35465U 93036ALK 18211.21637957 +.00000152 +00000-0 +57678-4 0  9992
2 35465 074.0011 139.9620 0070774 215.7949 143.8451 14.37900333484960
1 35467U 93036ALM 18212.51247280  .00003693  00000-0  13874-3 0  9996
2 35467  74.0194 269.5157 0057975 321.9095  37.8012 15.26032729504242
1 35468U 93036ALN 18211.09246117 +.00009194 +00000-0 +41812-3 0  9992
2 35468 074.0365 087.3077 0020106 138.8440 221.4279 15.20654798497927
1 35469U 93036ALP 18211.87398203 +.00000010 +00000-0 +10201-4 0  9990
2 35469 074.0166 030.3003 0078999 120.6875 240.2100 14.47592279491444
1 35474U 93036ALU 18211.96468623 +.00001114 +00000-0 +26307-3 0  9999
2 35474 074.0015 044.2341 0004714 195.2343 315.8709 14.55391950489065
1 35475U 93036ALV 18212.21450048  .00000471  00000-0  15344-3 0  9995
2 35475  74.0328 160.9450 0038705 175.7470 184.4023 14.40979830487027
1 35476U 93036ALW 18211.11957618 +.00000485 +00000-0 +14713-3 0  9993
2 35476 073.9869 104.1353 0030050 019.2166 143.0888 14.44623657488238
1 35477U 97051PX  18211.09597652 +.00002284 +00000-0 +71428-3 0  9995
2 35477 086.3775 150.5069 0090858 262.8643 096.2218 14.38004595309314
1 35478U 97051PY  18211.51106231  .00004706  00000-0  76873-3 0  9992
2 35478  86.4467 136.0591 0059226 305.5810  53.9893 14.69518878485499
1 35479U 97051PZ  18205.61664541 +.00001478 +00000-0 +54592-3 0  9997
2 35479 086.3930 160.0120 0113514 336.6449 022.9608 14.28345318195493
1 35480U 97051QA  18211.97981378  .00000245  00000-0  72017-4 0  9999
2 35480  86.3604  96.4948 0016857   2.5653 357.5629 14.39665681485336
1 35483U 97051QD  18209.79053271 +.00002517 +00000-0 +67556-3 0  9996
2 35483 086.4306 144.3128 0053115 049.3799 311.2005 14.46949985486235
1 35484U 97051QE  18205.96633051 +.00000212 +00000-0 +49165-4 0  9999
2 35484 086.3801 092.2341 0052119 282.4275 077.1100 14.49387107486380
1 35487U 97051QH  18211.45819708  .00002194  00000-0  49177-3 0  9991
2 35487  86.3367 102.4341 0055839 355.4285 131.5781 14.55226860484314
1 35488U 97051QJ  18211.85958273  .00000394  00000-0  84951-4 0  9997
2 35488  86.3355  56.4104 0040721 205.6859 154.2328 14.55262998489602
1 35507U 81031N   18203.80404139 +.00000795 +00000-0 +00000-0 0  9997
2 35507 065.1897 278.9585 6303733 054.8018 349.0635 02.01810893040177
1 35516U 82116H   18212.51430821  .00000067  00000-0  26547-4 0  9997
2 35516  81.2557 295.1251 0066885 196.7560 222.5218 14.16609888833964
1 35517U 86019VQ  18208.18712413 -.00000026 +00000-0 +12347-4 0  9991
2 35517 098.8534 176.4019 0384641 286.6819 069.2445 13.65748325749536
1 35518U 87011J   18211.03845182 -.00000016  00000-0  30377-4 0  9995
2 35518  65.0104  10.7012 0019875 278.1206  81.7625 14.33917229511970
1 35519U 87068CN  18211.23940351  .00000802  00000-0  27963-3 0  9992
2 35519  82.8410 305.2687 0016586 330.6251  29.4004 14.34235648725738
1 35520U 87068CP  18211.86817339 +.00000052 +00000-0 +32651-4 0  9990
2 35520 082.5443 045.2090 0009234 205.4929 218.6457 13.86081743246806
1 35521U 87068CQ  18208.30390226 +.00000078 +00000-0 +53958-4 0  9998
2 35521 082.5554 050.5188 0009336 177.9480 305.4277 13.87202830700303
1 35522U 87068CR  18208.31309409 +.00000128 +00000-0 +97636-4 0  9990
2 35522 082.5456 052.8283 0017701 254.9910 227.8779 13.86518919774464
1 35523U 87068CS  18209.62087073 +.00000116 +00000-0 +69030-4 0  9990
2 35523 082.5251 318.0759 0018747 092.2872 330.4672 13.99146896225272
1 35524U 87068CT  18182.14780594 -.00000498  00000-0 -33233-3 0  9996
2 35524  82.5181 329.2261 0023706  73.9021 286.4757 14.02721090772518
1 35525U 87068CU  18211.43312703  .00000084  00000-0  63676-4 0  9999
2 35525  82.5446  79.6672 0021550  27.6014  88.4252 13.82601590767375
1 35526U 88074P   18163.34355099  .00000308  00000-0  41744-3 0  9999
2 35526  89.9899  21.4505 0087371 187.1472 171.4116 13.55799936679132
1 35527U 88074Q   18170.72138981  .00001154  00000-0  83871-3 0  9996
2 35527  89.8592 329.0000 0045592 155.6268 262.2275 13.95264858590671
1 35528U 88074R   18177.28309323  .00000220  00000-0  30134-3 0  9992
2 35528  89.9278   1.2113 0099212 160.6078 324.2769 13.53646466514352
1 35529U 88074S   09172.38384340 +.00000401 +00000-0 +57456-3 0  9998
2 35529 089.9138 031.1303 0089964 307.8446 050.0301 13.52962980208412
1 35530U 91068AX  18210.88292920 +.00000070 +00000-0 +42072-3 0  9997
2 35530 082.7046 255.7176 0031737 068.3615 051.5401 12.44137408655497
1 35531U 91082CN  14041.20713266 +.00007502 +00000-0 +27546-2 0  9994
2 35531 098.4985 051.9122 0029904 151.3447 025.6317 14.32739853402567
1 35532U 91082CP  18211.92644093 +.00000752 +00000-0 +45944-3 0  9991
2 35532 098.7123 020.1968 0136256 002.2905 357.8859 14.04371025259375
1 35534U 91082CQ  18212.16965345  .00001102  00000-0  47092-3 0  9992
2 35534  98.8211 177.3771 0050331 249.0756 180.0385 14.26392740729088
1 35536U 01049QL  18211.60453374 +.00000150 +00000-0 +10636-3 0  9996
2 35536 098.6904 126.7985 0428330 154.5472 207.7465 13.72416751751546
1 35537U 01049QM  11092.15069827 +.00000197 +00000-0 +75856-4 0  9990
2 35537 098.2031 067.3711 0090567 049.9616 311.3399 14.37725730338478
1 35538U 06006CF  18208.33647520 -.00001048 +00000-0 -48055-2 0  9994
2 35538 051.7245 342.7400 5110677 066.1259 344.7032 05.04930629097508
1 35540U 06006CH  18211.42050553  .00000081  00000-0  17862-3 0  9992
2 35540  52.1170 202.9581 5056029 111.2875  12.6198  5.23396061193874
1 35541U 06006CJ  18194.22617587  .00000138  00000-0  16960-3 0  9998
2 35541  51.5427 156.5055 5140914 240.1475  59.3816  5.19222613191541
1 35542U 06006CK  18211.20938314 -.00000932  00000-0 -73528-2 0  9997
2 35542  51.5675 302.4758 4987760 128.5894 348.6611  5.13075717191373
1 35543U 06006CL  18194.13303185  .00000476  00000-0  35332-2 0  9994
2 35543  52.7713  81.1405 5107529 222.4254 340.0250  4.99932795182110
1 35544U 06006CM  18175.06565511  .00012550  00000-0  15610-2 0  9992
2 35544  51.4401  71.1865 2974197 231.1105  98.4989  9.27588641255827
1 35545U 06006CN  18211.36271140  .00015242  00000-0  15940-2 0  9996
2 35545  51.5852 281.7159 1984562  21.4478 345.8898 11.26051624292167
1 35546U 06006CP  18211.41594866 -.00013901  00000-0 -18393-1 0  9992
2 35546  51.2718   9.1155 2698188  36.3461 339.3394  9.28344637224687
1 35547U 07003F   18206.75723148  .00000267  00000-0  32401-3 0  9996
2 35547  24.4982  77.5811 4778517 246.9549  56.6930  5.79431598132020
1 35548U 07003G   18206.50436875 -.00000000 +00000-0 +99234-3 0  9991
2 35548 026.2788 321.8780 7533346 271.3256 014.9333 01.82335820064865
1 35555U 07003P   18209.87828534 +.00973881 +00000-0 +20395-1 0  9994
2 35555 026.1039 130.8703 4276865 003.2168 358.8470 07.01604252107006
1 35563U 07003X   18212.45084486 -.00000138  00000-0 -18722-2 0  9991
2 35563  22.3406 264.3970 7450014  98.7554   1.7320  1.88888043 68242
1 35567U 07042G   18212.18395227  .00000122  00000-0  85884-4 0  9992
2 35567  98.5306 197.2677 0016450 134.4008 225.8515 14.13907187543128
1 35568U 07047D   16320.92215511  .00000074  00000-0  00000+0 0  9993
2 35568  39.8879 190.7603 5057887 173.2435 198.1957  5.65401201152084
1 35571U 08053G   18211.89537787 +.00000508 +00000-0 +10115-3 0  9998
2 35571 097.6903 007.3779 0172691 244.4973 113.8280 14.57180687510904
1 35573U 08053J   18212.47196042  .00000522  00000-0  98221-4 0  9991
2 35573  97.6806  35.4202 0168826 222.4762 136.3274 14.59892327511129
1 35574U 08056F   18212.49412556  .00000184  00000-0  61136-4 0  9997
2 35574  98.4224 221.4087 0132166  41.9124 319.2093 14.44039123508640
1 35575U 08061B   18211.63964716 +.00000248 +00000-0 +94090-4 0  9995
2 35575 097.7805 278.8612 0239153 156.3291 204.9113 14.23587074497075
1 35580U 93036ALX 18211.81026485 +.00000292 +00000-0 +23849-3 0  9991
2 35580 073.9104 024.1407 0303149 180.4940 179.5928 13.74453094251998
1 35581U 93036ALY 11086.11980244  .00005787  00000-0  10931-2 0  9991
2 35581  74.0024 341.7200 0117172  90.7154 278.2719 14.60276544105239
1 35582U 93036ALZ 11090.52218698  .00000654  00000-0  24158-3 0  9994
2 35582  74.0384  32.9578 0019569 352.2948   5.0303 14.34294388101883
1 35583U 93036AMA 18212.02838901  .00000098  00000-0  11196-3 0  9998
2 35583  73.9184 231.8385 0396562  34.3609 328.2471 13.51050688461571
1 35584U 93036AMB 18210.09382981 +.00001691 +00000-0 +72546-3 0  9992
2 35584 074.0876 102.6885 0143624 046.8818 314.4235 14.20112749470873
1 35585U 93036AMC 18212.11381056  .00000432  00000-0  37206-3 0  9996
2 35585  73.9773 116.0692 0333150 216.7700 213.6244 13.66842297468869
1 35586U 93036AMD 18212.55504723  .00000039  00000-0  57009-4 0  9990
2 35586  74.0220 277.9435 0413645 352.6173  67.8728 13.49047467461140
1 35587U 93036AME 18211.39942603 +.00000091 +00000-0 +21649-4 0  9994
2 35587 074.0044 219.6961 0113316 353.4261 006.5412 14.64783317268808
1 35589U 93036AMG 18212.07820521  .00005052  00000-0  21722-3 0  9999
2 35589  73.9698 349.4365 0084459 184.8392 175.1999 15.19698161500073
1 35591U 93036AMJ 18211.92911647 +.00001869 +00000-0 +42169-3 0  9995
2 35591 073.9797 056.8941 0047103 111.1048 249.5160 14.56368750489149
1 35592U 93036AMK 18211.93960635 +.00000620 +00000-0 +63443-4 0  9991
2 35592 074.0086 061.0448 0118206 144.9576 215.9457 14.88030094497075
1 35593U 93036AML 18212.21920794  .00000065  00000-0  42417-4 0  9997
2 35593  74.0871  39.3147 0118348   2.3236 357.8430 14.16404946470866
1 35594U 93036AMM 18210.57546879 +.00000401 +00000-0 +98283-4 0  9999
2 35594 073.8211 292.3425 0058578 199.5471 160.3446 14.55059838490764
1 35598U 93036AMR 18211.79153525  .00001290  00000-0  68745-4 0  9997
2 35598  73.9254 264.4615 0069736  89.0058 271.9125 15.14453702499125
1 35600U 93036AMT 18211.08282823  .00000710  00000-0  14424-3 0  9997
2 35600  73.9871 351.5488 0065032  73.9741 286.8575 14.61814214491346
1 35602U 93036AMV 18212.23956719  .00000245  00000-0  19330-4 0  9994
2 35602  74.0235 303.6767 0172383   5.3764  24.7211 14.96758321496754
1 35604U 93036AMX 18211.41625809 +.00000977 +00000-0 +32746-3 0  9995
2 35604 074.0223 230.0379 0060797 213.1732 146.5605 14.37573571299369
1 35605U 93036AMY 18211.31596454  .00000681  00000-0  19095-3 0  9992
2 35605  73.9045  97.7961 0107562 246.5628 112.4192 14.44796569485565
1 35606U 93036AMZ 18210.99444123 +.00000655 +00000-0 +69800-3 0  9991
2 35606 073.8132 322.3489 0464956 227.2386 128.8715 13.37236801250116
1 35610U 93036AND 18211.31033293  .00004135  00000-0  43449-3 0  9993
2 35610  73.9960 336.4186 0017367 340.2224  19.8282 14.89702423482838
1 35611U 93036ANE 18210.31546519 +.00000608 +00000-0 +19934-3 0  9996
2 35611 074.0304 176.1743 0043724 190.4112 169.6143 14.39933879483295
1 35612U 93036ANF 18212.28960819  .00010204  00000-0  45323-3 0  9992
2 35612  73.9869  70.2658 0015385 121.0488 239.2223 15.21518025491080
1 35613U 93036ANG 18211.82818043 +.00001876 +00000-0 +19302-3 0  9996
2 35613 073.9819 152.5177 0039714 276.7826 116.4748 14.90579215491667
1 35614U 93036ANH 18212.19386487  .00000300  00000-0  81459-4 0  9994
2 35614  73.9637  32.2958 0101561 145.8780 214.8965 14.49016012487330
1 35615U 97051QM  18211.79049851 +.00030108 +00000-0 +94703-3 0  9996
2 35615 086.3568 028.3969 0001354 200.0422 160.0775 15.32822582495886
1 35616U 97051QN  18211.36828523 +.00000538 +00000-0 +13461-3 0  9997
2 35616 086.3645 083.0541 0018242 295.0210 064.9100 14.49634273483831
1 35617U 97051QP  18212.09157395  .00005814  00000-0  63501-3 0  9993
2 35617  86.4887 137.2602 0051553 139.6047 220.9025 14.86725462484309
1 35618U 97051QQ  18211.37123177  .00000233  00000-0  62068-4 0  9993
2 35618  86.3407  77.8550 0032263 328.3437  31.5823 14.43878794483058
1 35620U 97051QS  18212.44245971  .00000869  00000-0  45986-3 0  9996
2 35620  86.4006 217.1032 0239137  41.6085 320.3014 13.99057603465693
1 35622U 97051QU  18211.50225215  .00000377  00000-0  10492-3 0  9991
2 35622  86.2241  42.9065 0028332  12.6668  16.8494 14.43620371483846
1 35624U 97051QW  18212.11434163  .00002995  00000-0  54224-3 0  9994
2 35624  86.3547  98.4415 0045097 311.0177  48.7140 14.65365088488405
1 35625U 97051QX  18212.45539617  .00000391  00000-0  18070-3 0  9999
2 35625  86.2000  99.5278 0132688  93.2729  30.8338 14.13603822476326
1 35627U 97051QZ  18211.43822887  .00002686  00000-0  65594-3 0  9994
2 35627  86.3498 101.0359 0051611 332.3937  27.4529 14.51482991483767
1 35628U 97051RA  18211.42469615  .00000462  00000-0  12855-3 0  9992
2 35628  86.3637  93.5334 0018685 331.8390  28.1799 14.44186047481021
1 35629U 97051RB  18211.73248195  .00002851  00000-0  54591-3 0  9992
2 35629  86.3679 122.3257 0123738  34.5569 326.3603 14.58618637478207
1 35631U 97051RD  18211.13239432  .00000131  00000-0  33859-4 0  9997
2 35631  86.3684  91.9783 0019971  34.5802 127.8996 14.41891383486429
1 35632U 97051RE  18211.34649875 +.00000702 +00000-0 +27695-3 0  9991
2 35632 086.4309 175.7146 0110783 323.8125 035.5604 14.24499029471791
1 35643U 93036ANJ 18212.40416551  .00000613  00000-0  13343-3 0  9999
2 35643  74.0130 359.7916 0051055  69.2642 291.3984 14.59425041491323
1 35644U 93036ANK 18212.18486254  .00001149  00000-0  96614-4 0  9990
2 35644  74.0072 154.4062 0026009 268.2222  91.5985 14.99440421500782
1 35645U 93036ANL 18211.59251248 +.00000400 +00000-0 +17986-3 0  9991
2 35645 073.9791 312.1953 0092803 349.8812 068.9206 14.23279549483194
1 35646U 93036ANM 18211.05309119 +.00000382 +00000-0 +41314-3 0  9995
2 35646 073.8748 347.8112 0470944 194.5561 290.2733 13.36634263458468
1 35647U 93036ANN 18211.32246660 +.00000240 +00000-0 +94146-4 0  9992
2 35647 074.0246 203.4718 0057239 233.9469 125.6372 14.33701177290075
1 35650U 93036ANR 18211.34155299 +.00000466 +00000-0 +12776-3 0  9993
2 35650 074.0588 083.8588 0033372 118.5706 003.3514 14.49591349484280
1 35653U 93036ANU 18211.86552552 +.00014680 +00000-0 +60576-3 0  9990
2 35653 073.9878 165.5250 0011009 253.5700 106.4289 15.23997338486809
1 35655U 93036ANW 18212.12155261  .00000597  00000-0  11834-3 0  9993
2 35655  74.0009 336.3909 0011135 111.1488 249.0871 14.64516733491526
1 35658U 93036ANZ 18210.36611899 +.00000812 +00000-0 +20695-3 0  9999
2 35658 074.0163 094.3551 0023543 114.4961 245.8658 14.52061582485155
1 35660U 93036APB 18211.04791932  .00000162  00000-0  56273-4 0  9995
2 35660  74.0429 105.2687 0020202 202.4217 220.7145 14.42968480477556
1 35661U 93036APC 18211.44323045 +.00000230 +00000-0 +44536-4 0  9991
2 35661 074.0219 261.6162 0131165 325.3577 033.9096 14.64438733483221
1 35662U 93036APD 13079.36946758  .00008121  00000-0  16816-2 0  9997
2 35662  74.0484  86.4520 0054575 276.7273  85.3655 14.59456226199540
1 35663U 93036APE 18212.48447649  .00000440  00000-0  13895-3 0  9991
2 35663  74.0297 128.8836 0014474 145.7275 214.4818 14.43109621478920
1 35667U 93036APJ 18207.18429004 +.00000314 +00000-0 +10039-3 0  9998
2 35667 074.0606 135.7174 0028746 162.1140 198.1036 14.43429273317875
1 35668U 93036APK 18211.58385948 +.00000081 +00000-0 +23397-4 0  9999
2 35668 074.0484 309.2488 0090912 023.3367 337.1883 14.57697197483774
1 35669U 93036APL 18208.32748055 +.00000093 +00000-0 +10257-3 0  9993
2 35669 073.8642 209.5016 0401395 065.6281 298.6170 13.52135670456184
1 35670U 93036APM 18211.57348601 +.00000272 +00000-0 +60930-4 0  9992
2 35670 073.9075 266.3374 0063505 105.8318 254.9860 14.60627990482338
1 35671U 93036APN 18211.96227234 +.00000045 +00000-0 +20726-4 0  9991
2 35671 074.0189 064.8313 0042529 172.9499 254.3995 14.44832632478622
1 35672U 93036APP 18211.77757152  .00000440  00000-0  95986-4 0  9997
2 35672  74.0592  10.0055 0050777  42.5415  20.7128 14.60136094482323
1 35673U 93036APQ 18211.60869389 +.00002251 +00000-0 +22957-3 0  9995
2 35673 073.9498 181.9240 0023018 336.0493 148.0687 14.91162438281692
1 35674U 93036APR 18211.45071940 +.00000457 +00000-0 +15725-3 0  9998
2 35674 074.0662 235.1935 0133817 243.0502 185.0277 14.34006584473862
1 35675U 93036APS 18212.30316408  .00000867  00000-0  28279-3 0  9998
2 35675  74.0144 207.4979 0053654 192.3130 167.6718 14.39311740475081
1 35676U 93036APT 18211.41735690  .00000406  00000-0  87348-4 0  9990
2 35676  74.0117   6.5060 0038211  82.6607 309.0856 14.61417582488820
1 35678U 97051RG  18212.54344552  .00002743  00000-0  37338-3 0  9990
2 35678  86.3543  61.5673 0006708  66.6773 293.5152 14.78390652484697
1 35679U 97051RH  18212.53669118  .00007396  00000-0  66435-3 0  9997
2 35679  86.3147  55.0107 0019532  60.9324 299.3859 14.95414710486417
1 35348U 01049QG  18210.73076587 +.00000573 +00000-0 +10746-3 0  9998
2 35348 098.0064 198.2021 0055033 063.6970 296.9874 14.67533163861179
1 35349U 01049QH  18209.81976485 +.00001685 +00000-0 +81712-4 0  9999
2 35349 097.5434 218.8021 0021622 133.1823 227.1223 15.19727247645317
1 35350U 01049QJ  18210.10850115 +.00000130 +00000-0 +46734-4 0  9995
2 35350 098.4536 173.1011 0074829 135.9694 224.7491 14.47249090266647
1 35351U 01049QK  18210.68691487 +.00000375 +00000-0 +12606-3 0  9995
2 35351 098.7600 113.1211 0005447 029.0835 331.0656 14.42987482267475
1 35354U 93014BD  18210.54711913 +.00001615 +00000-0 +21174-3 0  9991
2 35354 075.7373 282.0593 0069656 071.0211 289.8505 14.79126269651834
1 35356U 93014BF  18207.98431602 +.00002414 +00000-0 +34723-3 0  9993
2 35356 075.7477 329.2658 0071030 122.2220 238.5876 14.74984127271206
1 35359U 93014BJ  18210.63167466 +.00001753 +00000-0 +24465-3 0  9993
2 35359 075.7421 327.6240 0066916 123.3745 237.3867 14.76588500580474
1 35360U 93014BK  18211.54605328 +.00001568 +00000-0 +21847-3 0  9995
2 35360 075.7377 291.9134 0079453 087.0483 273.9790 14.76076667603895
