1 30827U 99025AVM 18212.26351061  .00000735  00000-0  43862-3 0  9994
2 30827  98.9203 142.4617 0064836 270.9969  88.3773 14.09387162585293
1 30828U 99025AVN 18212.12623407  .00000397  00000-0  75335-4 0  9991
2 30828  98.5899 272.1841 0330215 102.7795 290.9294 14.40297960597469
1 30829U 99025AVP 18210.52796415 +.00000256 +00000-0 +18390-3 0  9995
2 30829 098.8888 243.9164 0036755 342.1865 017.8012 14.05354917585799
1 30830U 99025AVQ 18212.05854167 -.00000006  00000-0  21104-4 0  9998
2 30830  98.8014 244.5683 0030922 262.4419 127.3956 14.09818537588507
1 30831U 99025AVR 18211.01305027 +.00000070 +00000-0 +48427-4 0  9997
2 30831 099.2761 151.3543 0057811 185.6419 174.4115 14.26583825268260
1 30832U 99025AVS 18212.33193841  .00000563  00000-0  52015-3 0  9997
2 30832 100.3556 251.9589 0179087 273.2427  84.8248 13.80682777573699
1 30833U 99025AVT 18211.21940186  .00000157  00000-0  95374-4 0  9991
2 30833  99.8592   5.6171 0036017 139.9959 220.3877 14.21598150592655
1 30835U 99025AVV 18210.96450557 +.00001242 +00000-0 +75265-4 0  9995
2 30835 098.7483 268.8120 0131400 289.0764 069.6268 15.06203508616754
1 30836U 99025AVW 18212.34086674  .00000111  00000-0  89964-4 0  9990
2 30836  99.0483 237.6717 0026047 267.4061  92.4127 14.08993868587408
1 30837U 99025AVX 18211.59698024  .00000040  00000-0  45665-4 0  9996
2 30837  98.7617 248.7272 0033105 242.2753 269.6760 14.11529327588305
1 30838U 99025AVY 18212.30557749  .00000372  00000-0  18449-3 0  9992
2 30838  99.0523 339.0283 0056164  26.0541 334.3444 14.22561128590405
1 30840U 99025AWA 18211.62396014  .00000093  00000-0  28029-4 0  9991
2 30840  98.3273 271.5616 0265588   4.3004 356.0382 14.45450410601431
1 30841U 99025AWB 18211.96189802  .00000225  00000-0  32737-3 0  9991
2 30841  98.7341  35.9385 0359828  33.6739 328.6704 13.39939380557419
1 30843U 99025AWD 18211.56022822 -.00000009 +00000-0 +11649-4 0  9998
2 30843 098.8358 104.9920 0156658 299.7697 058.7990 14.48270525603269
1 30844U 99025AWE 18210.91861428  .00001711  00000-0  36974-3 0  9997
2 30844  98.7733 359.4305 0045632 109.5936  44.0267 14.59092826599282
1 30845U 99025AWF 18211.56268784  .00000031  00000-0  62509-4 0  9994
2 30845  98.4597 125.6422 0196023 338.2737 143.3721 13.75093772572795
1 30846U 99025AWG 18211.78007019  .00000205  00000-0  97429-4 0  9993
2 30846  99.2705 153.0187 0063391 191.0222 199.3250 14.29499802594082
1 30847U 99025AWH 18212.57492538  .00000495  00000-0  33890-3 0  9998
2 30847  98.7423  79.7254 0079901 357.8746  31.6585 14.02634185582486
1 30848U 99025AWJ 18211.07170933 +.00000392 +00000-0 +20115-3 0  9997
2 30848 098.9013 310.5736 0054103 164.8016 195.4801 14.20327478589816
1 30849U 99025AWK 18211.89684307 +.00000455 +00000-0 +29313-3 0  9992
2 30849 099.1106 194.0339 0056637 351.5257 038.2719 14.07484554584162
1 30850U 99025AWL 18210.56634122 +.00000464 +00000-0 +31875-3 0  9993
2 30850 098.3883 236.5723 0141140 262.8505 262.8022 13.99293161580159
1 30851U 99025AWM 18211.21285619 +.00001078 +00000-0 +37320-3 0  9993
2 30851 098.5233 126.7705 0065730 184.2428 175.8210 14.36457725592898
1 30852U 99025AWN 18212.05560898 -.00000099  00000-0 -31884-4 0  9996
2 30852  99.0105 242.8051 0058181 236.8496 122.7082 14.06528325585283
1 30856U 99025AWS 18211.92532104 +.00000765 +00000-0 +43382-3 0  9997
2 30856 098.2421 195.3364 0145310 131.3347 250.4987 14.07297198584175
1 30857U 99025AWT 18211.79022275 +.00000613 +00000-0 +37733-3 0  9991
2 30857 098.9232 146.6236 0083587 031.3145 329.2964 14.07545576585966
1 30858U 99025AWU 18211.50737273  .00000108  00000-0  80571-4 0  9990
2 30858  99.0760 221.7710 0031036 186.4261 327.4312 14.14195001589413
1 30859U 99025AWV 18210.76146472 +.00000734 +00000-0 +38521-3 0  9995
2 30859 098.8977 177.0835 0051815 240.2430 119.3584 14.16654812586885
1 30860U 99025AWW 18212.01060915  .00000490  00000-0  28756-3 0  9992
2 30860  99.0825 220.9715 0045170 267.7849  91.8150 14.12503773584608
1 30862U 99025AWY 18210.48119240 +.00000725 +00000-0 +39215-3 0  9992
2 30862 099.0415 211.7249 0076193 313.8281 198.4222 14.14364065584578
1 30863U 99025AWZ 18211.71062437 -.00000118 +00000-0 -20527-3 0  9999
2 30863 099.1875 293.6326 0885971 100.8805 046.0032 12.32742769265070
1 30867U 99025AXD 18212.50642727  .00000559  00000-0  34250-3 0  9992
2 30867  97.8491  45.5836 0059997 288.9252  90.9986 14.08244788585656
1 30868U 99025AXE 18211.10776616  .00000061  00000-0  52184-4 0  9998
2 30868  98.2702 272.1104 0138996  26.7462   4.7638 14.09643899588063
1 30870U 99025AXG 18211.02263405 +.00007876 +00000-0 +45833-3 0  9992
2 30870 098.9604 241.3716 0025709 103.1418 257.2679 15.12125442609247
1 30871U 99025AXH 18212.12596690  .00004944  00000-0  49470-3 0  9994
2 30871  99.1767 264.3950 0064349 122.9613 237.7810 14.90463081603776
1 30872U 99025AXJ 18212.10186528  .00000272  00000-0  13101-3 0  9990
2 30872  99.1977  79.9057 0048531 237.2626 277.0360 14.26679773592980
1 30873U 99025AXK 18211.30566756  .00000003  00000-0  21399-4 0  9998
2 30873  98.7756 240.3913 0112546 107.5193 253.8317 14.17068538590930
1 30874U 99025AXL 18211.07972493  .00000151  00000-0  99229-4 0  9993
2 30874  98.7860 282.1031 0044090 207.4360 269.7632 14.15382431589412
1 30875U 99025AXM 18211.76717470 +.00004487 +00000-0 +91604-3 0  9996
2 30875 099.0745 042.6181 0044647 015.3390 344.9150 14.60863281595887
1 30876U 99025AXN 18212.09941734 -.00000131  00000-0 -61536-4 0  9992
2 30876  98.9633 262.4837 0069947 164.3556 225.1679 13.97234050581450
1 30877U 99025AXP 18211.77472837 +.00001865 +00000-0 +81432-3 0  9999
2 30877 098.7703 146.0103 0062774 228.6061 160.7618 14.24047232587027
1 30878U 99025AXQ 18208.90086868 +.00000236 +00000-0 +16544-3 0  9999
2 30878 098.9006 243.4880 0042188 337.7632 147.0022 14.07270980584284
1 30879U 99025AXR 18212.32514051  .00000985  00000-0  33279-3 0  9996
2 30879  99.3871 251.0645 0414266 289.4955  66.1909 14.00536094578962
1 30880U 99025AXS 18211.34211706  .00000422  00000-0  24823-3 0  9991
2 30880  99.0125 244.6668 0025648 213.7331 275.4522 14.13409389586309
1 30882U 99025AXU 18211.37132470 +.00000481 +00000-0 +85304-4 0  9993
2 30882 098.2896 273.5449 0242798 211.5531 147.0914 14.54839820603121
1 30883U 99025AXV 18211.22978101 -.00000004 +00000-0 +18282-4 0  9990
2 30883 098.3858 358.9889 0115168 024.4456 096.7045 14.12709405588861
1 30884U 99025AXW 18210.27240544 +.00000276 +00000-0 +92554-4 0  9992
2 30884 098.9426 027.6816 0111489 148.3488 212.4468 14.42019160596592
1 30885U 99025AXX 18211.48709670 +.00000458 +00000-0 +23133-3 0  9995
2 30885 098.9616 301.6188 0083355 074.1883 348.2405 14.19343248587518
1 30886U 99025AXY 18211.80680138  .00000310  00000-0  20051-3 0  9992
2 30886  99.2037 336.3619 0038735  28.3732 331.9535 14.10009873584491
1 30887U 99025AXZ 18211.89119805 +.00000109 +00000-0 +37817-4 0  9995
2 30887 098.7353 252.0113 0307894 005.4832 354.9597 14.31495260595231
1 30888U 99025AYA 18211.46241281  .00000278  00000-0  62073-4 0  9992
2 30888  99.4830  91.3958 0146532  52.3945 309.0450 14.60175236604608
1 30891U 99025AYD 18211.43402003 +.00000054 +00000-0 +64364-4 0  9991
2 30891 099.0379 279.0469 0054893 122.7895 301.8855 14.00971807582439
1 30892U 99025AYE 18204.32012690 +.00000078 +00000-0 +65922-4 0  9998
2 30892 099.7056 238.5192 0041526 127.3169 233.1797 14.15214915589846
1 30893U 99025AYF 18210.61066154 +.00000128 +00000-0 +92865-4 0  9994
2 30893 098.3242 131.6261 0332035 002.6224 115.0108 13.86613874577490
1 30895U 99025AYH 18211.17886664  .00000061  00000-0  35410-4 0  9993
2 30895  98.9294 198.6049 0232795  29.9047  26.8617 14.26311304594580
1 30898U 99025AYL 18211.09122041  .00000396  00000-0  96376-4 0  9998
2 30898  99.0515 168.3591 0135275 113.2791 248.2708 14.53716039601770
1 30899U 99025AYM 18211.18793006  .00000529  00000-0  30460-3 0  9993
2 30899  99.1382 329.3335 0037843 352.8903 125.7446 14.13329395587061
1 30900U 99025AYN 18211.22478525  .00000655  00000-0  37909-3 0  9992
2 30900  99.3501  14.4787 0078629 115.2734 245.6609 14.11097181585617
1 30901U 99025AYP 10123.43623962 +.00007370 +00000-0 +16860-2 0  9990
2 30901 099.0118 195.1604 0144348 002.0732 035.3151 14.49736275168187
1 30902U 99025AYQ 18211.46893031 +.00000336 +00000-0 +19734-3 0  9995
2 30902 100.2371 101.2418 0118551 061.3163 299.9862 14.12764682333698
1 30903U 99025AYR 18211.22266821 +.00000326 +00000-0 +25849-3 0  9994
2 30903 099.3876 342.0631 0097122 186.6051 173.3837 13.96533798311142
1 30904U 99025AYS 10088.74591437 +.00000216 +00000-0 +16776-3 0  9997
2 30904 099.0437 078.4462 0093349 081.8083 282.9943 14.00675834157566
1 30905U 99025AYT 18211.96211724  .00000064  00000-0  65318-4 0  9994
2 30905  99.0708 262.4332 0069454  76.2636 284.6250 14.05310079583757
1 30906U 99025AYU 18208.06380268 +.00000076 +00000-0 +67916-4 0  9991
2 30906 098.9317 138.5376 0084812 274.3515 084.7968 14.08966831585219
1 30907U 99025AYV 18211.43648124 +.00000232 +00000-0 +16922-3 0  9999
2 30907 099.9207 282.4204 0061278 260.5020 098.9216 14.06517619227712
1 30912U 99025AZA 18210.76916411 +.00000382 +00000-0 +98931-4 0  9994
2 30912 098.9657 146.4829 0113501 030.8037 329.9752 14.52549488601067
1 30913U 99025AZB 18212.03041764 -.00000018  00000-0  17200-4 0  9994
2 30913  98.9933 272.6757 0050337 114.0948   4.1278 14.00435832582298
1 30914U 99025AZC 18208.37088331 -.00000316 +00000-0 -45436-3 0  9991
2 30914 099.9400 254.8286 0544386 012.6985 348.7227 13.00515048539542
1 30915U 99025AZD 18211.46378652 +.00000462 +00000-0 +27836-3 0  9998
2 30915 099.1039 221.3498 0060938 224.7129 134.9119 14.10900704584431
1 30916U 99025AZE 18211.98078742  .00000210  00000-0  16655-3 0  9991
2 30916  99.2522 220.6720 0079186 141.0511 249.5309 14.00880103581194
1 30918U 99025AZG 18210.43804525 +.00000177 +00000-0 +15687-3 0  9994
2 30918 098.3772 182.2700 0173094 033.8590 119.4931 13.88994775576042
1 30919U 99025AZH 18212.14553152  .00000700  00000-0  28996-3 0  9991
2 30919  98.8125 282.6450 0055052  52.2640 329.4728 14.28949883590320
1 30920U 99025AZJ 18210.77861527 +.00000694 +00000-0 +53828-3 0  9992
2 30920 098.8622 036.6159 0152996 326.7641 032.3980 13.90575055574845
1 30921U 99025AZK 18209.88184575 +.00000488 +00000-0 +27011-3 0  9990
2 30921 099.0108 237.8193 0023023 190.1891 247.6383 14.16007174585828
1 30922U 99025AZL 18209.89498007 +.00000171 +00000-0 +11781-3 0  9996
2 30922 098.9071 243.3986 0015771 153.3942 334.0589 14.11878373585086
1 30923U 99025AZM 18211.99514673  .00000989  00000-0  45112-3 0  9991
2 30923  98.9371 216.2665 0035596  63.0770 297.4038 14.23602209586635
1 30924U 99025AZN 18211.83355205 +.00001107 +00000-0 +50418-3 0  9997
2 30924 098.9934 255.7056 0055114 199.0428 218.0647 14.23005970586289
1 30925U 99025AZP 18211.12081616  .00000466  00000-0  24725-3 0  9991
2 30925  98.9153 279.7197 0042724  91.2426 300.6628 14.17983618588072
1 30926U 99025AZQ 18211.50535756  .00000136  00000-0  23964-4 0  9992
2 30926  98.8672 224.7538 0211554 217.0654 141.5782 14.72506848610882
1 30927U 99025AZR 18206.43321583 +.00000449 +00000-0 +33460-3 0  9998
2 30927 099.2705 195.1187 0117036 209.0271 150.4350 13.97083654579258
1 30928U 99025AZS 18212.25979310 -.00000328  00000-0 -43663-3 0  9997
2 30928  98.8881 315.2686 0464985  80.2979 311.9187 13.17782221549101
1 30930U 99025AZU 18211.67187293 +.00000147 +00000-0 +66284-4 0  9998
2 30930 098.5392 286.5276 0118371 188.9939 333.4617 14.31930148597650
1 30931U 99025AZV 18211.92834681 -.00000031 +00000-0 +10241-4 0  9992
2 30931 099.3125 200.5972 0094649 191.2246 198.4263 13.96968631583066
1 30932U 99025AZW 18211.75091240 +.00000332 +00000-0 +22385-3 0  9994
2 30932 098.9049 129.3774 0078573 331.7089 054.5300 14.05807311584231
1 30933U 99025AZX 18212.04938838  .00000970  00000-0  67956-3 0  9992
2 30933  99.0903 144.4427 0114010 275.1830 146.3197 13.97791403580401
1 30934U 99025AZY 18211.46770189 +.00000211 +00000-0 +30893-3 0  9999
2 30934 098.7471 039.8446 0360961 042.8993 319.9703 13.39686568556004
1 30936U 99025BAA 18212.02811905  .00000115  00000-0  76193-4 0  9993
2 30936  98.8799 242.2473 0051087 118.1686 272.3821 14.18417693589640
1 30937U 99025BAB 18211.86169365 -.00000212  00000-0 -12044-3 0  9995
2 30937  99.3782 214.9232 0075723 168.9785 310.4499 13.94930035582027
1 30938U 99025BAC 18211.78920538 +.00000095 +00000-0 +68874-4 0  9994
2 30938 098.8485 242.1078 0048657 145.7446 274.3329 14.16531631589836
1 30940U 99025BAE 18211.96825409 +.00000131 +00000-0 +10730-3 0  9996
2 30940 098.8850 273.3426 0042320 018.7252 107.1766 14.05082838583068
1 30941U 99025BAF 18212.17164918  .00000594  00000-0  33399-3 0  9991
2 30941  98.6939 106.4524 0039782 148.3157 212.0422 14.13810699584634
1 30942U 99025BAG 18212.57598243  .00000047  00000-0  44960-4 0  9998
2 30942  98.8262 242.3801 0140839 211.6675 301.3393 14.12353149586440
1 30943U 99025BAH 18211.29866656 +.00000319 +00000-0 +23356-3 0  9990
2 30943 099.0677 241.4608 0050889 002.3401 357.7994 14.02516146579852
1 30944U 99025BAJ 18212.15535022 -.00000000  00000-0  13550-4 0  9991
2 30944  98.8295  96.2648 0156287 287.5886 227.3364 14.48560381600914
1 30945U 99025BAK 18211.23788694  .00000408  00000-0  24949-3 0  9999
2 30945  99.4099  45.7716 0039964  37.4724  28.7308 14.11609905583326
1 30946U 99025BAL 18212.23378668  .00000172  00000-0  67946-4 0  9990
2 30946  99.0257 123.8024 0099410 220.2683 294.2399 14.39450565595720
1 30947U 99025BAM 18211.83970841 +.00000126 +00000-0 +58815-4 0  9991
2 30947 098.8237 341.3730 0101400 234.1882 124.9847 14.34080689598816
1 30949U 99025BAP 18211.56497247 -.00000004  00000-0  19816-4 0  9991
2 30949  98.8099 241.7407 0121103  50.5108 101.3554 14.11767232585238
1 30950U 99025BAQ 18211.07949632  .00006590  00000-0  33567-3 0  9992
2 30950  99.2235  72.1552 0039380  75.1160 285.4423 15.16583297614123
1 30951U 99025BAR 18212.48289017  .00000698  00000-0  15541-3 0  9998
2 30951  99.8957 209.0930 0134366   1.8130 148.8092 14.55868197602426
1 30952U 99025BAS 12364.99723220 +.00002514 +00000-0 +85997-3 0  9997
2 30952 099.7193 275.3899 0093753 229.0997 130.1815 14.34911016303978
1 30954U 99025BAU 18211.95725128 +.00000543 +00000-0 +32788-3 0  9991
2 30954 098.5209 030.4085 0142073 251.8740 262.5006 14.05660668585034
1 30955U 99025BAV 18210.89057368 +.00000907 +00000-0 +52752-3 0  9995
2 30955 098.7484 100.6653 0050240 232.5770 127.0823 14.10483482583770
1 30956U 99025BAW 18212.55229118  .00000368  00000-0  24368-3 0  9998
2 30956  98.9966 248.9403 0053764   1.9230 163.7708 14.07060997584138
1 30957U 99025BAX 18212.28656969  .00002249  00000-0  39120-3 0  9999
2 30957  99.0759 149.2720 0065860 263.2534  96.1170 14.67923300600690
1 30958U 99025BAY 18211.15782884 +.00001029 +00000-0 +36788-3 0  9993
2 30958 097.9679 199.9025 0138732 131.3773 229.9438 14.30664154237427
1 30959U 99025BAZ 18211.21067751  .00000587  00000-0  31919-3 0  9999
2 30959  99.7320 219.1672 0072079 175.7108 184.4695 14.15458750588086
1 30960U 99025BBA 18211.51082785 +.00000251 +00000-0 +61663-4 0  9996
2 30960 099.0098 100.4273 0262700 307.3959 050.3573 14.43932446597076
1 30961U 99025BBB 18211.88504585 +.00000247 +00000-0 +71547-4 0  9991
2 30961 098.8998 089.7071 0149197 087.6270 274.1994 14.47459054258986
1 30964U 99025BBE 18212.23090198  .00000228  00000-0  19257-3 0  9992
2 30964  98.7119 313.7095 0160770 109.0456 282.2304 13.90667413579162
1 30966U 99025BBG 18211.24833424 +.00001598 +00000-0 +26375-3 0  9991
2 30966 099.1297 215.3140 0087318 003.1139 051.4904 14.69685426269633
1 30967U 99025BBH 18211.25300110 +.00000135 +00000-0 +50830-4 0  9994
2 30967 098.8588 014.6833 0118808 042.1286 318.8961 14.43569605600822
1 30968U 99025BBJ 18211.48059311  .00015064  00000-0  61108-3 0  9990
2 30968  99.4050 106.6909 0016979 263.4208  96.5090 15.24642602609346
1 30971U 99025BBM 18211.67077209 +.00000076 +00000-0 +25180-4 0  9999
2 30971 099.1854 287.7221 0209815 052.1613 105.7778 14.54522796604718
1 30972U 99025BBN 18211.53024722 +.00000928 +00000-0 +42465-3 0  9997
2 30972 098.9581 247.2511 0025687 113.2309 247.1577 14.23792555589303
1 30973U 99025BBP 16102.58653814 +.00002757 +00000-0 +14514-2 0  9995
2 30973 099.7030 031.4815 0129767 044.0051 317.1361 14.10711744467672
1 30974U 99025BBQ 18211.84011567 +.00001544 +00000-0 +33329-3 0  9990
2 30974 098.9377 083.0238 0058638 161.1353 199.2036 14.58927230595226
1 30975U 99025BBR 18211.48172924  .00000290  00000-0  12575-3 0  9993
2 30975  98.9813 316.1788 0221257 118.9541 243.4015 14.19399279588022
1 30976U 99025BBS 18212.03232704  .00000334  00000-0  16889-3 0  9990
2 30976  99.1758 276.1100 0175918  75.1851 286.8736 14.15001879585634
1 30977U 99025BBT 18204.39820692 +.00000344 +00000-0 +11977-3 0  9994
2 30977 099.0325 063.2009 0123990 235.9277 251.7402 14.38117869596701
1 30978U 99025BBU 18212.16538910  .00000422  00000-0  20114-3 0  9998
2 30978  98.3135 344.9093 0051004 228.5897 131.0894 14.23415176592434
1 30979U 99025BBV 18210.31165715 +.00000254 +00000-0 +49954-4 0  9990
2 30979 097.7680 245.1999 0291128 024.1025 033.9344 14.46833438600076
1 30980U 99025BBW 18211.75952445 +.00019642 +00000-0 +78005-3 0  9994
2 30980 098.8876 206.2638 0021230 065.8450 294.5000 15.25188853608146
1 30981U 99025BBX 18104.99580555  .00001373  00000-0  79806-3 0  9993
2 30981  98.4665 177.0065 0139888 150.7848 210.1237 14.05349983566848
1 30982U 99025BBY 18211.34773328  .00000072  00000-0  28668-4 0  9990
2 30982  98.3000 244.6097 0194079 254.3970 162.0511 14.45246731600870
1 30984U 99025BCA 18210.31683795 +.00000303 +00000-0 +10231-3 0  9999
2 30984 098.5718 250.6404 0153584 187.7345 172.1472 14.37623892563751
1 30985U 99025BCB 18206.58956344 +.00000722 +00000-0 +41741-3 0  9992
2 30985 099.2355 335.6969 0056535 056.2563 006.8191 14.11496724583923
1 30986U 99025BCC 18210.32894854 +.00000198 +00000-0 +10985-3 0  9990
2 30986 098.8261 246.3832 0054486 094.3418 324.3380 14.21173905589936
1 30988U 99025BCE 18211.77063196  .00001083  00000-0  12654-3 0  9998
2 30988  98.5215 329.5871 0313302 168.0614 192.8238 14.58093743599834
1 30989U 99025BCF 18211.45185098 +.00000596 +00000-0 +39217-3 0  9992
2 30989 099.2328 219.7622 0103615 024.4996 336.1043 14.03278556581468
1 30992U 99025BCJ 07113.76852557 +.00000545 +00000-0 +39432-3 0  9993
2 30992 099.3922 105.8201 0042873 229.8622 130.0753 14.00747560006291
1 30993U 99025BCK 18211.59049999  .00000560  00000-0  30275-3 0  9997
2 30993  99.0049 240.2207 0023320 178.9395 333.7054 14.16669007586718
1 30994U 99025BCL 18211.88789041 -.00000041 +00000-0 +20912-5 0  9993
2 30994 098.9285 239.7134 0017271 234.3601 125.5962 14.10407794586291
1 30996U 99025BCN 18212.32294434  .00000328  00000-0  15415-3 0  9999
2 30996  98.9890 348.0084 0057463 159.4111 231.2693 14.26037553591384
1 30997U 99025BCP 18212.15241255  .00000963  00000-0  27297-3 0  9990
2 30997  99.0232  89.9152 0065348 222.9129 289.4895 14.46805566596057
1 30998U 99025BCQ 18211.94226431 +.00000716 +00000-0 +34406-3 0  9992
2 30998 098.9394 203.9778 0019587 079.5651 310.1737 14.21977445587637
1 30999U 99025BCR 18211.76478895  .00000225  00000-0  71140-4 0  9998
2 30999  99.0335 151.0454 0139852  96.0323 265.6823 14.45124910598850
1 31000U 99025BCS 18211.40518581 +.00000251 +00000-0 +15905-3 0  9995
2 31000 097.5994 279.7475 0175517 314.7480 102.9567 14.03549286321438
1 31001U 99025BCT 18210.89807321 +.00000116 +00000-0 +51507-4 0  9990
2 31001 099.3068 193.9388 0164909 075.3382 286.6018 14.35028563595287
1 31002U 99025BCU 18212.04777637 -.00000202  00000-0 -10779-3 0  9999
2 31002  99.1368 241.2368 0101748 196.7260 192.7468 13.96981681580116
1 31003U 99025BCV 18211.05077877 +.00000362 +00000-0 +22211-3 0  9998
2 31003 099.0213 247.6776 0046684 302.2451 057.4200 14.11647949584222
1 31005U 99025BCX 18211.92890480 +.00000182 +00000-0 +19741-3 0  9993
2 31005 098.5847 196.7597 0197060 022.7269 005.4438 13.75810709572073
1 31007U 99025BCZ 18211.24018410  .00000629  00000-0  24001-3 0  9996
2 31007  98.2006 311.5434 0103963 226.2449 133.0096 14.31023355594153
1 31009U 99025BDB 18212.52909946  .00000043  00000-0  58872-4 0  9997
2 31009  99.0183 242.4721 0064505 115.2836  45.4271 13.98427848582555
1 31010U 99025BDC 18211.99813234  .00001053  00000-0  72222-3 0  9999
2 31010 101.7481 262.6624 0157305 290.9387  67.4992 13.97098545578475
1 31012U 99025BDE 18211.87325472  .00000010  00000-0  22559-4 0  9991
2 31012  98.9913 350.9062 0085727  94.5901  56.0877 14.25759223593921
1 31013U 99025BDF 18211.66655422 +.00001409 +00000-0 +30801-3 0  9991
2 31013 098.9714 104.6824 0051413 181.2606 178.8470 14.58767690599439
1 31014U 99025BDG 18211.59589462 +.00000034 +00000-0 +52155-4 0  9994
2 31014 098.9180 254.6561 0090450 086.1502 066.6657 13.97550832582256
1 31015U 99025BDH 18211.73593351 +.00001386 +00000-0 +17925-3 0  9999
2 31015 098.7284 131.1935 0098384 031.9591 358.2863 14.79490015606550
1 31016U 99025BDJ 18210.96398476 +.00000094 +00000-0 +53171-4 0  9994
2 31016 098.7111 240.7727 0116986 250.3957 227.7038 14.27156303590376
1 31017U 99025BDK 18210.37187708 +.00000179 +00000-0 +12764-3 0  9990
2 31017 098.8344 260.3928 0117152 025.0551 035.5015 14.05947362584271
1 31018U 99025BDL 18210.28321299 +.00000308 +00000-0 +21878-3 0  9996
2 31018 099.1951 239.9200 0070459 077.9933 282.9119 14.03953082581659
1 31019U 99025BDM 18211.27847404  .00000117  00000-0  36897-3 0  9993
2 31019  98.6936 219.7388 1142602  42.9209  12.7220 11.77834187489515
1 31021U 99025BDP 18211.91547776 +.00000133 +00000-0 +24058-4 0  9991
2 31021 098.5751 252.0520 0352567 285.4940 070.7587 14.51137963342340
1 31022U 99025BDQ 18207.16776741 +.00000033 +00000-0 +62588-4 0  9999
2 31022 099.5097 336.0779 0113079 100.9915 260.3985 13.88253121575486
1 31023U 99025BDR 18211.29329676 +.00000214 +00000-0 +15431-3 0  9995
2 31023 098.8517 242.2706 0083173 221.9564 137.5212 14.05325611316743
1 31024U 99025BDS 18211.86988295 +.00000078 +00000-0 +59669-4 0  9997
2 31024 099.1724 003.4724 0077522 201.0753 158.7221 14.17819131585364
1 31025U 99025BDT 18211.30742343 +.00000182 +00000-0 +99171-4 0  9997
2 31025 098.7191 254.1866 0185659 190.1824 169.5567 14.14659016262566
1 31026U 99025BDU 18211.51888029 +.00000037 +00000-0 +67612-4 0  9997
2 31026 098.7967 308.5956 0135046 270.3381 153.2528 13.82256626308243
1 31027U 99025BDV 17049.38198583  .00000406  00000-0  21962-3 0  9997
2 31027  99.0183 109.1279 0078961 217.7757 141.6964 14.16710760510506
1 31028U 99025BDW 18211.05942661  .00000021  00000-0  45012-4 0  9994
2 31028  98.7155 304.6949 0169565 104.8111 257.1900 13.87220884575985
1 31029U 99025BDX 18211.85279932 +.00000060 +00000-0 +39384-4 0  9995
2 31029 098.9123 347.1458 0094766 356.5609 156.3520 14.30115865592896
1 31030U 99025BDY 18211.28431892 +.00000267 +00000-0 +16072-3 0  9996
2 31030 099.0187 234.0331 0030624 201.4663 219.6398 14.14971390585629
1 31031U 99025BDZ 18211.37649557  .00000124  00000-0  85279-4 0  9994
2 31031  99.1923   4.5689 0028290 253.4915 136.3684 14.16984606587214
1 31032U 99025BEA 18210.33265378 +.00000237 +00000-0 +20565-3 0  9996
2 31032 099.2469 154.1754 0156681 291.6150 221.7019 13.90672075574556
1 31033U 99025BEB 18211.34026943 -.00000003 +00000-0 +15044-4 0  9991
2 31033 098.5331 259.7501 0160655 083.4453 338.1415 14.24410136589957
1 31035U 99025BED 18211.03111174 +.00000501 +00000-0 +16969-3 0  9998
2 31035 098.7195 291.7831 0249348 225.6236 261.1127 14.25348474588441
1 31036U 99025BEE 18212.24632677  .00000061  00000-0  29124-4 0  9998
2 31036  98.9066 127.5755 0146650  21.9085 129.0571 14.45407567599193
1 31037U 99025BEF 18210.42232565 +.00006298 +00000-0 +51143-3 0  9992
2 31037 099.0470 205.0823 0019372 030.5478 329.6865 14.99929120599721
1 31038U 99025BEG 18211.64902652 +.00000144 +00000-0 +61503-4 0  9995
2 31038 099.0194 105.5803 0094106 241.2276 117.9432 14.37947392594896
1 31040U 99025BEJ 18211.58652569  .00000022  00000-0  33477-4 0  9994
2 31040  98.7393 244.0669 0064985 346.2272 165.6043 14.14429464586258
1 31041U 99025BEK 18211.10896378  .00001262  00000-0  85064-3 0  9996
2 31041  99.1477 167.7223 0113803 211.7364 209.2189 13.99341135577386
1 31042U 99025BEL 18211.35051033  .00001251  00000-0  23719-3 0  9992
2 31042  99.0428 177.9482 0068784  43.1974 317.4593 14.64864393599703
1 31043U 99025BEM 18211.31693466 +.00000297 +00000-0 +21161-3 0  9999
2 31043 099.0327 241.8281 0042363 340.4763 080.0740 14.04726382581576
1 31044U 99025BEN 18211.66776291  .00002503  00000-0  24432-3 0  9992
2 31044  99.4204 104.9459 0060532 302.6164  56.9216 14.92329977605117
1 31046U 99025BEQ 18212.52958959  .00001048  00000-0  52165-3 0  9990
2 31046  99.0429 220.3835 0103076 311.5486 200.9732 14.16536655583255
1 31047U 99025BER 18210.59255873 +.00000048 +00000-0 +52084-4 0  9991
2 31047 098.8465 242.9585 0025885 260.1208 260.4773 14.10155450584067
1 31048U 99025BES 18212.53023447  .00000931  00000-0  42468-3 0  9993
2 31048  99.0615 306.0169 0072242 124.3552 304.6088 14.22747960585450
1 31049U 99025BET 18196.27242679 -.00000165 +00000-0 -78158-4 0  9993
2 31049 099.0577 227.0583 0054519 103.5876 257.1370 14.02043149231589
1 31051U 99025BEV 18211.30310188 +.00000260 +00000-0 +19943-3 0  9999
2 31051 099.1725 241.0807 0057687 053.4249 307.2205 14.01343331260951
1 31053U 99025BEX 18211.88825937 +.00000380 +00000-0 +35538-3 0  9998
2 31053 098.7421 184.1991 0340894 000.5019 359.6407 13.63924872566894
1 31054U 99025BEY 18211.87614646 +.00000021 +00000-0 +36881-4 0  9996
2 31054 098.9487 239.2185 0010202 178.0355 306.2428 14.10779958587976
1 31055U 99025BEZ 18212.57445649 -.00000043  00000-0  17204-5 0  9994
2 31055  99.0653 237.9470 0024394 272.3445 240.6789 14.07655220582664
1 31056U 99025BFA 18211.59882340 -.00000005 +00000-0 +20906-4 0  9999
2 31056 098.7456 252.2761 0028115 089.6929 062.0302 14.11217498588249
1 31057U 99025BFB 18211.38283934 +.00000285 +00000-0 +66448-4 0  9991
2 31057 099.2511 272.9175 0210609 086.0008 276.5228 14.51023263227345
1 31058U 99025BFC 18212.42644666  .00000266  00000-0  73064-4 0  9992
2 31058  99.5855  82.3174 0138492 207.4919 151.8899 14.51829865603496
1 31060U 99025BFE 18212.11869992  .00002620  00000-0  28579-3 0  9998
2 31060  99.1635 329.5823 0072228 254.8726 104.4488 14.87207233608518
1 31062U 99025BFG 18211.57346160  .00000008  00000-0  48894-4 0  9997
2 31062  99.2664 113.9855 0173967 224.0197 258.9732 13.74451269574228
1 31063U 99025BFH 18211.87176192  .00000718  00000-0  25513-3 0  9997
2 31063  99.8652  81.9245 0040698 358.2097  63.8228 14.37690544596253
1 31064U 99025BFJ 18211.92561552 +.00000086 +00000-0 +48333-4 0  9996
2 31064 098.6303 249.8780 0251007 235.0777 249.8253 14.18354755590706
1 31065U 99025BFK 18208.38783709 +.00000283 +00000-0 +15419-3 0  9990
2 31065 098.7302 259.8531 0038025 287.4435 072.2586 14.19531999590847
1 31066U 99025BFL 18211.88858074 +.00001086 +00000-0 +86998-4 0  9991
2 31066 099.0297 004.2658 0188381 146.1903 215.1492 14.90085459613203
1 31067U 99025BFM 18212.42281990  .00006191  00000-0  33943-3 0  9993
2 31067  99.0587  18.0864 0062461 232.6788 126.8736 15.12995297613709
1 31068U 99025BFN 18211.35492753 +.00000052 +00000-0 +49502-4 0  9995
2 31068 098.7964 267.4712 0168862 177.3295 182.8815 14.07309405584729
1 31069U 99025BFP 18211.59914064 +.00000220 +00000-0 +74946-4 0  9993
2 31069 099.0510 143.2772 0130542 157.1946 203.5113 14.42381616597832
1 31071U 99025BFR 18211.89876054 +.00000282 +00000-0 +10800-3 0  9991
2 31071 099.0548 091.1586 0070664 309.5096 049.9855 14.37346111267189
1 31072U 99025BFS 18212.53647622  .00000175  00000-0  87727-4 0  9995
2 31072  99.3412  58.6368 0236440 143.6204 249.0624 14.15630094588481
1 31073U 99025BFT 18211.76454737  .00000571  00000-0  34449-3 0  9995
2 31073  99.0623 314.4711 0054876 303.1197  56.4713 14.10078585590829
1 31074U 99025BFU 18211.22227814  .00000469  00000-0  34629-3 0  9997
2 31074  99.0087 126.0926 0101859 175.8945 184.3077 13.97819073578568
1 31077U 99025BFX 18211.79838909 +.00000948 +00000-0 +15802-3 0  9999
2 31077 099.0131 212.6667 0107379 199.3806 160.3300 14.69156537604118
1 31078U 99025BFY 18211.22310397 +.00000169 +00000-0 +99009-4 0  9991
2 31078 099.0162 195.3247 0121879 266.7035 160.0485 14.17479766587934
