1 12559U 81059B   18213.18848697  .00000230  00000-0  72321-4 0  9995
2 12559  98.9363 107.7388 0003603  40.3277 112.7923 14.49967069939833
1 12560U 81059C   18213.54279281  .00000242  00000-0  76047-4 0  9996
2 12560  98.9400 103.1907 0003370  42.3553  45.6601 14.49416810939564
1 12652U 81053G   18213.04746204  .00000311  00000-0  21463-3 0  9999
2 12652  82.9413  51.7680 0052746  38.5008 124.7657 13.95458013794135
1 12657U 81053M   18212.99547273  .00009700  00000-0  35518-3 0  9999
2 12657  82.7225 217.0055 0008806 283.4724  76.5534 15.27851770942302
1 12658U 81053N   18213.10036003  .00000488  00000-0  24618-3 0  9991
2 12658  82.9683 264.7971 0045320  90.2756 298.4149 14.13830325882565
1 12660U 81053Q   18213.06500637  .00000212  00000-0  23837-3 0  9995
2 12660  82.8536  57.2178 0141752  88.5840  77.0207 13.61877467830219
1 12661U 81053R   18213.47706115  .00000298  00000-0  31717-3 0  9990
2 12661  82.8005 259.0994 0125343 215.3334 213.3417 13.67956201836567
1 12663U 81053T   18212.88077920 +.00000225 +00000-0 +18547-3 0  9997
2 12663 082.9548 166.6339 0054844 055.1118 322.7380 13.84139641860825
1 12665U 81053V   18212.81945961 +.00000112 +00000-0 +89957-4 0  9990
2 12665 082.9686 168.5235 0036211 001.6991 014.2020 13.81884836861767
1 12666U 81053W   18212.95334257 +.00000081 +00000-0 +71394-4 0  9997
2 12666 082.8716 206.3137 0068962 320.9903 071.7710 13.72333422848232
1 12667U 81053X   18213.00184858  .00000145  00000-0  12375-3 0  9999
2 12667  82.8371  44.7696 0034486 243.8605 280.9784 13.80572875857444
1 12668U 81053Y   18213.18292580  .00000199  00000-0  12180-3 0  9994
2 12668  83.1051 100.4065 0055381 351.6437 169.9424 14.00303289883486
1 12669U 81053Z   18212.96597694 +.00000441 +00000-0 +31151-3 0  9993
2 12669 083.0019 207.9327 0076137 224.5442 164.3059 13.94489337862795
1 12671U 81053AB  18213.19711573  .00000069  00000-0  33963-4 0  9996
2 12671  82.9143 281.7299 0020502  74.7868 285.5569 14.02486797875999
1 12694U 81053AN  18211.81440635  .00000144  00000-0  16499-3 0  9994
2 12694  83.0838 341.1554 0116830 189.6210 329.9797 13.60157228831758
1 12695U 81053AP  18212.97183274 +.00000339 +00000-0 +35922-3 0  9994
2 12695 083.0081 198.1462 0114219 097.6556 291.5575 13.68644109834913
1 12696U 81053AQ  18212.71231156 +.00000168 +00000-0 +21905-3 0  9996
2 12696 083.0746 119.3391 0155354 038.5290 350.6344 13.51010029818892
1 12698U 81053AS  18212.41174425  .00000535  00000-0  26578-3 0  9999
2 12698  82.9129 203.9247 0015215  41.6701 318.5634 14.15393077883008
1 12699U 81053AT  18212.26832894  .00000338  00000-0  30996-3 0  9994
2 12699  82.9503 316.2096 0087319 248.9274 139.4006 13.78642395848200
1 12700U 81053AU  18212.83625649  .00000117  00000-0  63299-4 0  9996
2 12700  82.7862   5.2948 0045287 274.2110  85.3888 14.04327305882968
1 12701U 81053AV  18212.79304831 +.00000233 +00000-0 +18098-3 0  9994
2 12701 082.8524 328.5790 0039085 302.8020 210.2663 13.88444055864613
1 12703U 81053AX  18212.90165711 +.00000156 +00000-0 +87179-4 0  9992
2 12703 082.9722 276.2697 0015571 183.7344 227.5959 14.04711829882535
1 12704U 81053AY  18213.09308219  .00000148  00000-0  14943-3 0  9995
2 12704  82.9882  68.1548 0087002  27.8837 139.1550 13.68927070843627
1 12706U 81053BA  18212.21414876 -.00000403  00000-0 -41473-3 0  9991
2 12706  82.8832 299.4471 0112629 162.6130 216.7102 13.75671688843225
1 12707U 81053BB  18212.63513097 +.00000046 +00000-0 +40926-4 0  9997
2 12707 083.0117 283.4034 0130074 030.9074 134.7679 13.57911781828212
1 12711U 81053BF  18212.81054551  .00000133  00000-0  12696-3 0  9996
2 12711  82.9661 339.3197 0063496 229.7414 283.2474 13.72731408848565
1 12712U 81053BG  18212.29185479 +.00000314 +00000-0 +26907-3 0  9994
2 12712 082.9882 311.9960 0071247 350.3473 021.1719 13.82913851853083
1 12713U 81053BH  18212.85231100 +.00000578 +00000-0 +28083-3 0  9999
2 12713 082.9536 170.2725 0018022 162.8076 197.3718 14.16612857882304
1 12722U 81053BP  18212.67587691  .00000241  00000-0  19481-3 0  9997
2 12722  82.9025  99.0697 0068059 113.0421 276.9643 13.85149471860321
1 12723U 81053BQ  18212.77932910  .00001073  00000-0  39005-3 0  9995
2 12723  82.9462  62.0632 0012340 117.8241 242.4199 14.32412192897050
1 12724U 81053BR  18213.31605903 -.00000089  00000-0 -70686-4 0  9995
2 12724  82.9415 331.8897 0020106  13.4975  15.8584 14.00788223874807
1 12725U 81053BS  18213.12752330 -.00000016  00000-0 -29095-4 0  9990
2 12725  83.1396 267.5997 0106058 228.8368 148.9642 13.78412954844779
1 12729U 81053BW  18212.80671378 -.00000022  00000-0 -49243-4 0  9994
2 12729  83.0487 342.4343 0131693  41.2338 110.0165 13.57833943689171
1 12731U 81053BY  18213.31470001  .00000113  00000-0  96817-4 0  9992
2 12731  82.9355 211.7229 0083379 343.6957  79.3341 13.77310801855094
1 12732U 81053BZ  18213.09942959  .00000097  00000-0  65256-4 0  9998
2 12732  82.9873  76.2529 0054002  61.1258 102.9724 13.89482794277533
1 12733U 81053CA  18212.62334598 +.00000663 +00000-0 +30977-3 0  9991
2 12733 082.8670 087.2054 0023649 326.5636 033.4050 14.18935043886780
1 12735U 81053CC  18212.75246115 +.00000080 +00000-0 +72726-4 0  9996
2 12735 083.1449 315.6930 0093891 072.1929 079.7881 13.68234649840587
1 12736U 81053CD  18212.83524231 +.00000006 +00000-0 -13300-4 0  9996
2 12736 083.0336 341.8390 0132245 138.1100 014.8702 13.55626407825380
1 12737U 81053CE  18213.02333556  .00000294  00000-0  30240-3 0  9996
2 12737  82.9892 217.2953 0154504 156.2550 235.4263 13.67769408833181
1 12739U 81053CG  18213.36767944  .00000479  00000-0  19944-3 0  9990
2 12739  82.9424  90.9964 0010579 294.3715  65.6364 14.24431157894860
1 12740U 81053CH  18212.94963098 +.00000647 +00000-0 +29556-3 0  9990
2 12740 082.8433 034.6243 0020694 192.4860 331.0591 14.20040823887264
1 12741U 81053CJ  18212.82288654 +.00000187 +00000-0 +14635-3 0  9997
2 12741 082.9519 146.7026 0060889 346.9159 031.6460 13.86436354861834
1 12744U 81053CM  18213.47970492  .00000451  00000-0  22433-3 0  9999
2 12744  82.9331 240.0338 0028434 119.5353 240.8666 14.14806756882118
1 12745U 81053CN  18212.13094414  .00000540  00000-0  44785-3 0  9996
2 12745  83.1390  90.2592 0044102 264.8636 248.2458 13.86615958859904
1 12746U 81053CP  18212.93783061 +.00000576 +00000-0 +30018-3 0  9991
2 12746 082.9409 282.9260 0050054 237.8917 121.7396 14.12420603879370
1 12747U 81053CQ  18212.89131550 +.00000096 +00000-0 +10313-3 0  9990
2 12747 083.0687 007.2914 0132401 003.5425 148.3308 13.59800297827635
1 12748U 81053CR  18212.76639583 +.00000073 +00000-0 +61775-4 0  9990
2 12748 082.9907 329.1827 0046210 056.7452 109.5044 13.73486968851252
1 12749U 81053CS  18212.97296622 +.00000131 +00000-0 +12207-3 0  9997
2 12749 082.8100 086.0996 0061802 262.0900 161.3811 13.74216107850688
1 12752U 81053CV  18212.72535382 +.00000143 +00000-0 +15587-3 0  9990
2 12752 083.0235 298.3381 0125610 006.5544 146.7814 13.62806187828363
1 12753U 81053CW  18212.96502861  .00000284  00000-0  27635-3 0  9996
2 12753  82.8063 136.1419 0097763 117.2821   5.6187 13.74040827845770
1 12755U 81053CY  18212.85978784 +.00001021 +00000-0 +23695-3 0  9999
2 12755 082.9372 249.8930 0008014 323.3194 096.6041 14.54174230909281
1 12756U 81053CZ  18212.84594142 +.00000788 +00000-0 +20471-3 0  9999
2 12756 082.9864 237.4643 0018733 337.3002 078.7127 14.48524345914757
1 12757U 81053DA  18213.15455247  .00000141  00000-0  11914-3 0  9992
2 12757  82.9488 207.4003 0058499 223.9227 263.7073 13.80409563856412
1 12758U 81053DB  18212.15591672  .00000140  00000-0  12070-3 0  9998
2 12758  82.8626 101.5867 0058850   8.1928 143.7934 13.79234973854937
1 12759U 81053DC  18212.79976626  .00000447  00000-0  28977-3 0  9998
2 12759  82.8631 148.9797 0050573 354.8952  33.9839 14.00132082879410
1 12766U 81053DK  18213.56174861  .00000261  00000-0  28402-3 0  9990
2 12766  82.9444  64.6870 0101459 300.4938  87.1078 13.67387903838707
1 12767U 81053DL  18212.96542303 +.00000183 +00000-0 +10073-3 0  9992
2 12767 082.9609 203.9102 0034710 306.6606 083.0657 14.06330916886529
1 12768U 81053DM  18213.19419102  .00000148  00000-0  11731-3 0  9992
2 12768  82.9324 113.3026 0051804 359.5728 157.2889 13.84467350861452
1 12771U 81053DQ  18212.38699385 +.00000388 +00000-0 +43094-3 0  9992
2 12771 082.8685 087.1703 0161176 116.9194 294.4189 13.63594021827341
1 12772U 81053DR  18213.22874471  .00000534  00000-0  31030-3 0  9998
2 12772  82.9225 307.1492 0056178 119.5916 241.0872 14.06140978873501
1 12773U 81053DS  18212.87355358 +.00000330 +00000-0 +14020-3 0  9991
2 12773 082.9609 115.6297 0169194 359.2363 000.8530 14.15404380866194
1 12775U 81053DU  18213.05399602  .00000258  00000-0  30867-3 0  9990
2 12775  83.3315  64.4325 0156360   6.6125 147.1214 13.58352274821249
1 12779U 81053DV  18212.77040722  .00001579  00000-0  26210-3 0  9992
2 12779  82.5601 330.3358 0007186  29.7203 330.4411 14.69643890911906
1 12781U 81053DX  18213.49417781  .00000126  00000-0  10555-3 0  9990
2 12781  83.1741 225.6389 0075197 247.3781 267.7883 13.79480912852034
1 12782U 81053DY  18213.54480072  .00000143  00000-0  13958-3 0  9999
2 12782  82.9987  52.6464 0075952 310.8652  79.2276 13.71699145838957
1 12793U 81084C   18212.74455296 +.00000172 +00000-0 +40818-4 0  9994
2 12793 074.0335 328.5251 0003461 296.5706 063.5106 14.61417815947044
1 12947U 81053EB  18211.67882892 +.00000726 +00000-0 +11209-2 0  9993
2 12947 083.0962 295.3345 0202292 248.1496 268.2261 13.42369797794700
1 12949U 81053ED  18213.53173420  .00000143  00000-0  98317-4 0  9992
2 12949  82.8430 239.3524 0031145  50.0335 101.8217 13.92431011860380
1 12950U 81053EE  18212.88249567 +.00000332 +00000-0 +16993-3 0  9996
2 12950 083.0138 171.2902 0053211 229.4577 159.5173 14.12109135894180
1 12952U 81053EG  18212.91831944 +.00000178 +00000-0 +12114-3 0  9997
2 12952 082.9617 016.1815 0009364 183.4915 329.3604 13.94720443861378
1 12962U 81053EH  18213.05409831  .00000350  00000-0  24291-3 0  9991
2 12962  82.9642  61.6287 0026359 189.8590 324.0238 13.96108316858638
1 12963U 81053EJ  18212.84176346  .00000127  00000-0  10497-3 0  9995
2 12963  82.9472 167.8220 0026674  59.6329 320.2425 13.81053226848706
1 12964U 81053EK  18213.47401890  .00000031  00000-0  15021-4 0  9994
2 12964  82.9457 105.0403 0037839 313.4725 165.0668 13.80164678852266
1 12966U 81053EM  18213.13735137  .00000180  00000-0  10651-3 0  9991
2 12966  82.9489 338.4822 0033558  91.8017  25.1123 14.01985308861442
1 13017U 81053EP  18213.14453971  .00000269  00000-0  18635-3 0  9991
2 13017  82.9330 350.2505 0032060 264.9145 215.3494 13.95393123855589
1 13018U 81053EQ  18212.70374125  .00000321  00000-0  24772-3 0  9994
2 13018  82.6769 118.2552 0051221 212.3148 177.3261 13.89600541845426
1 13019U 81053ER  18212.75358470  .00000355  00000-0  25672-3 0  9992
2 13019  82.9451 135.7316 0078737 341.9996  46.9491 13.92589700845312
1 13020U 81053ES  18212.64124394 +.00000201 +00000-0 +18194-3 0  9999
2 13020 082.6916 278.9522 0116068 253.5619 273.1266 13.76473851834230
1 13021U 81053ET  18212.97413808 +.00000377 +00000-0 +25026-3 0  9993
2 13021 083.1482 291.4936 0022285 343.9566 138.1932 13.98843750856772
1 13022U 81053EU  18211.98326837  .00000230  00000-0  11126-3 0  9993
2 13022  82.9173  33.2103 0045955 319.3821 198.8585 14.14014992878481
1 13024U 81053EW  18212.80636711 -.00000453  00000-0 -31852-3 0  9999
2 13024  82.9302 332.7994 0050366 192.2634 320.8803 13.99480979857418
1 13026U 81053EX  18212.54219837  .00000810  00000-0  28725-3 0  9998
2 13026  82.9379  58.5618 0017934 153.9447 235.1092 14.33372256880174
1 13029U 82001C   18212.84698800 +.00000225 +00000-0 +52175-4 0  9996
2 13029 073.9714 243.0511 0010648 277.4365 137.7840 14.60856160874711
1 13030U 82001D   18212.89372394 +.00000357 +00000-0 +50058-4 0  9994
2 13030 074.0194 244.5787 0011769 143.9258 278.6458 14.81519296942659
1 13053U 81053EY  18212.08250382 +.00000181 +00000-0 +18801-3 0  9992
2 13053 083.0795 328.2558 0123303 130.3221 350.9083 13.66596283829896
1 13073U 81053EZ  18212.89289618 +.00000062 +00000-0 +50593-4 0  9990
2 13073 082.9372 261.2180 0088421 168.8503 312.3059 13.71695881850792
1 13074U 81053FA  18212.88952642  .00000161  00000-0  13598-3 0  9997
2 13074  82.9474 176.5224 0032867  93.6828 295.8443 13.81555465859156
1 13455U 81053FB  18212.86335732 +.00005847 +00000-0 +43073-3 0  9990
2 13455 082.8442 105.0402 0008789 071.8864 288.3319 15.03136909892499
1 13456U 81053FC  18212.92753817 +.00000786 +00000-0 +72153-3 0  9994
2 13456 082.8483 023.5028 0161071 213.3054 306.2438 13.76124043815313
1 13460U 81053FG  18212.96150198 +.00000178 +00000-0 +16435-3 0  9992
2 13460 083.1306 229.5986 0088529 163.2506 242.9638 13.75149277826942
1 13462U 81053FJ  18213.47100428  .00000324  00000-0  34399-3 0  9994
2 13462  82.8145  30.5745 0170803 193.4229 195.8497 13.65404262794296
1 13464U 81053FL  18212.74326080  .00000796  00000-0  38039-3 0  9997
2 13464  82.9160 211.9467 0044580 105.3277 309.4696 14.17482208847623
1 13465U 81053FM  18213.44304976  .00064793  00000-0  93128-3 0  9993
2 13465  82.9627 267.2334 0004949 149.1156 211.0392 15.55825446579830
1 13466U 81053FN  18212.89178333 +.00000023 +00000-0 +86894-5 0  9998
2 13466 083.0721 060.6629 0144216 142.5434 281.0653 13.57077161790406
1 13467U 81053FP  18213.04567267  .00000677  00000-0  26123-3 0  9997
2 13467  82.9502  64.5726 0025304 149.4775  13.1139 14.28762392876542
1 13468U 81053FQ  18212.53539317 +.00000183 +00000-0 +14239-3 0  9993
2 13468 082.7067 241.1799 0070331 077.8924 073.4047 13.85986282817809
1 13470U 81053FS  18213.02469926  .00000101  00000-0  14885-3 0  9996
2 13470  82.8181  45.5033 0238998 161.2968   3.9608 13.33539766759471
1 13471U 81053FT  18213.51577608  .00000331  00000-0  23577-3 0  9991
2 13471  82.8114 279.5094 0052930 333.5812 119.1442 13.94055301826304
1 13472U 81053FU  18212.78355896  .00000825  00000-0  42332-3 0  9991
2 13472  82.8565 140.4677 0014347 286.7980 102.5237 14.14280039841174
1 13473U 81053FV  18212.73182181  .00000376  00000-0  20057-3 0  9993
2 13473  82.8393 126.3267 0050291 330.9292  58.1705 14.10423810841266
1 13476U 81053FW  18212.89107733  .00000377  00000-0  26619-3 0  9994
2 13476  82.8046 254.3003 0051761 260.4945 222.0990 13.94917913827747
1 13477U 81053FX  18213.43841184  .00000381  00000-0  18580-3 0  9994
2 13477  82.9973  63.2916 0066599   7.0630 353.1470 14.14585619836958
1 13478U 81053FY  18213.19868265 -.00000030  00000-0 -43554-4 0  9990
2 13478  82.8692 170.5246 0094118 202.3375 221.1902 13.78037383812809
1 13479U 81053FZ  18212.58562422  .00000814  00000-0  13955-3 0  9998
2 13479  82.8957 295.4162 0035930 111.7193 248.7845 14.67152996889606
1 13480U 81053GA  18212.43377703  .00000366  00000-0  27506-3 0  9999
2 13480  82.9653 199.3572 0074221  43.4361 113.6157 13.90564945821869
1 13481U 81053GB  18212.79706097 +.00000814 +00000-0 +30243-3 0  9991
2 13481 083.0010 226.3475 0044531 037.4791 322.9486 14.30557847851617
1 13482U 81053GC  18212.92894473 +.00003829 +00000-0 +74328-3 0  9994
2 13482 082.8924 025.7755 0043021 035.9318 324.4765 14.62405977857593
1 13483U 81053GD  18212.99741602  .00000388  00000-0  20570-3 0  9994
2 13483  82.9262 209.1472 0012167  40.3369 337.5724 14.11307589840931
1 13484U 81053GE  18213.53076125  .00000503  00000-0  35758-3 0  9990
2 13484  82.9204  49.4171 0035067  51.1562 338.3875 13.95441638824256
1 13485U 81053GF  18212.62773534 +.00000071 +00000-0 +53264-4 0  9991
2 13485 082.9435 152.2268 0068345 116.3209 000.4822 13.78772149817234
1 13486U 81053GG  18212.32217627 -.00000347 +00000-0 -11871-3 0  9990
2 13486 082.8935 340.5134 0013136 013.9345 346.2206 14.38777638854361
1 13487U 81053GH  18213.13903042  .00001033  00000-0  42622-3 0  9993
2 13487  82.9686 356.8779 0065482 181.4775 303.2909 14.24817326835209
1 13488U 81053GJ  18212.94401917 +.00000394 +00000-0 +57301-3 0  9995
2 13488 083.0853 276.5511 0203104 221.3307 260.7859 13.44991932765222
1 13489U 81053GK  18212.62568774 +.00000237 +00000-0 +35789-3 0  9998
2 13489 083.1390 091.4863 0237345 207.2367 181.2870 13.38328053756745
1 13490U 81053GL  18213.49872866  .00000045  00000-0  30249-4 0  9990
2 13490  82.8378 115.4859 0066741 196.2866 283.4143 13.75969559813624
1 13498U 81041C   18212.56425770  .00000212  00000-0  52541-4 0  9995
2 13498  74.0189  51.9412 0009805 142.8634 248.5031 14.58061740984536
1 13510U 82087C   18212.97687205 +.00000083 +00000-0 +25599-3 0  9997
2 13510 044.5772 050.9487 0175394 080.0715 075.0104 13.55864112220461
1 13619U 81053GM  18212.16502872  .00000269  00000-0  16958-3 0  9991
2 13619  83.0377 153.7180 0031794 145.6256 313.4318 14.00350594819808
1 13720U 82116C   18212.66623756 +.00000028 +00000-0 +77625-5 0  9998
2 13720 081.2497 291.0971 0054516 256.9295 260.3501 14.15489958839308
1 13796U 81053GQ  18212.90602613 +.00000332 +00000-0 +30468-3 0  9996
2 13796 083.0238 105.5653 0120110 308.2000 170.8168 13.77118802786162
1 13797U 81053GR  18213.37782566  .00000199  00000-0  16463-3 0  9995
2 13797  82.8395 345.4764 0053747 110.5786 279.9871 13.83526177805707
1 13798U 81053GS  18212.90649633 -.00000136 +00000-0 -15122-3 0  9995
2 13798 083.0100 066.3256 0083747 281.5538 077.6225 13.76034571846184
1 13799U 81053GT  18212.47758369 +.00000343 +00000-0 +33798-3 0  9992
2 13799 083.1351 269.5654 0088950 285.6724 136.5625 13.74512567788207
1 13800U 81053GU  18212.89025995 +.00000554 +00000-0 +64558-3 0  9995
2 13800 083.2301 009.8308 0177395 003.9593 149.6981 13.60636504762108
1 13801U 81053GV  18213.19118558  .00000361  00000-0  20713-3 0  9999
2 13801  82.8041 132.7073 0039037 166.9112 193.3085 14.06505377814278
1 13802U 81053GW  18212.67490382 +.00000280 +00000-0 +27032-3 0  9991
2 13802 082.8027 103.4465 0063290 336.0376 052.1353 13.75920309829359
1 13803U 81053GX  18212.82760713 +.00000453 +00000-0 +29186-3 0  9991
2 13803 082.8195 235.8202 0051542 019.6613 099.4722 14.00436618809121
1 13804U 81053GY  18213.16356330  .00000663  00000-0  35122-3 0  9996
2 13804  82.9543   2.6910 0049268  25.7562  28.1951 14.11714921813259
1 13807U 81053HB  18212.94707503  .00000042  00000-0  12200-4 0  9990
2 13807  82.9547 162.9766 0016351 100.0542 260.2483 14.16860987571313
1 13808U 81053HC  18213.52185646  .00000118  00000-0  85779-4 0  9999
2 13808  83.0369 333.0260 0065840  83.3947  46.6474 13.86550171791224
1 13809U 81053HD  18212.53359237 +.00000470 +00000-0 +11897-3 0  9999
2 13809 082.8305 326.9953 0036646 038.5987 092.0251 14.48661293855170
1 13810U 81053HE  18212.19181869  .00000228  00000-0  25726-3 0  9994
2 13810  83.0136 282.2477 0128452 358.2029  29.9944 13.63150960763871
1 13811U 81053HF  18212.28532009 +.00000466 +00000-0 +28016-3 0  9990
2 13811 082.9433 322.5500 0023372 318.9405 070.7497 14.04717539809450
1 13812U 81053HG  18213.28540775  .00000689  00000-0  35060-3 0  9995
2 13812  83.2582  46.2757 0044411  50.2367  71.8454 14.13990754817573
1 13813U 81053HH  18213.26861010  .00000522  00000-0  31561-3 0  9990
2 13813  82.9403 326.1183 0049672 317.4889  61.9459 14.04245199809310
1 13814U 81053HJ  18212.22125565  .00000632  00000-0  24499-3 0  9998
2 13814  82.9346 118.2744 0015485 352.5178 164.0621 14.28586695825348
1 13815U 81053HK  18212.92140439 +.00000425 +00000-0 +41501-3 0  9996
2 13815 083.0302 186.9224 0114981 222.1268 166.5798 13.74356615773487
1 13816U 81053HL  18212.86723674  .00000286  00000-0  23665-3 0  9994
2 13816  82.9874  58.4231 0162420  47.7543  11.5394 13.79589407778094
1 13817U 81053HM  18213.34777690  .00000311  00000-0  20004-3 0  9999
2 13817  82.9473 348.2041 0028793 135.0681 225.2826 13.99962517853128
1 14209U 83075C   18213.43459769  .00000211  00000-0  13536-4 0  9997
2 14209  97.3191 272.2279 0027627 156.4652 203.7853 15.18004105916067
1 14222U 83063C   18212.81944162 +.00000195 +00000-0 +34787-4 0  9998
2 14222 082.3750 152.4300 0020714 056.2873 304.0300 14.62090030856024
1 14223U 83063D   18212.83543525 +.00000163 +00000-0 +48594-4 0  9995
2 14223 081.6560 169.4999 0056597 114.0596 274.6071 14.37231035831722
1 14228U 81053HN  18212.89041934 +.00000403 +00000-0 +37729-3 0  9994
2 14228 082.9674 058.0292 0100767 117.5700 307.1845 13.77064427772378
1 14229U 83075D   18212.67863205  .00000010  00000-0  57334-5 0  9990
2 14229  97.4968 191.2556 0027269 315.5769  99.9847 14.97798002900062
1 14344U 82037C   18213.35509549  .00000177  00000-0  57853-4 0  9998
2 14344  74.0583 175.1924 0019163 287.5606 225.2900 14.45289016832966
1 14346U 81041D   18212.75044691  .00000260  00000-0  46117-4 0  9993
2 14346  74.0401  80.3611 0009266 223.1537 248.9281 14.72536464869437
1 14357U 81053HQ  18212.75288816 +.00000298 +00000-0 +16667-3 0  9994
2 14357 082.8559 123.9003 0030501 257.5070 131.1750 14.07577221798112
1 14358U 81053HR  18213.02797927  .00000810  00000-0  50899-3 0  9999
2 14358  82.8149  58.8624 0190001 114.0334  37.8895 13.94776724780820
1 14364U 81053HX  18212.11630861  .00000463  00000-0  25688-3 0  9990
2 14364  82.7833  80.7283 0035009 115.2419  38.5339 14.08920688821298
1 14398U 82051C   18213.18869948  .00000182  00000-0  52359-4 0  9998
2 14398  74.0471 120.6931 0004113 254.3705 267.1214 14.51575978935593
1 14405U 81053JA  18212.88979817 +.00000236 +00000-0 +21165-3 0  9991
2 14405 083.2686 000.1419 0071540 184.0002 331.5962 13.78907564848320
1 14406U 81053JB  18213.31273194  .00000412  00000-0  23188-3 0  9999
2 14406  82.8422 164.9342 0036125  63.0708  90.0714 14.07868061816145
1 14407U 81053JC  18212.29826532 +.00000402 +00000-0 +22441-3 0  9996
2 14407 082.7685 054.4036 0039492 131.3789 229.0792 14.08261097815637
1 14408U 81053JD  18212.74823799 +.00000306 +00000-0 +32286-3 0  9990
2 14408 082.9634 120.4021 0121157 072.2492 318.1130 13.68241140309508
1 14409U 81053JE  18213.11559993  .00000299  00000-0  32458-3 0  9997
2 14409  83.0282 256.8883 0127551 175.8693 218.8241 13.66314679904143
1 14440U 81053JG  18212.49700241 +.00000147 +00000-0 +16705-3 0  9995
2 14440 082.9236 129.3801 0116001 349.1276 061.5647 13.61287308821807
1 14441U 81053JH  18212.70775535  .00000341  00000-0  21283-3 0  9991
2 14441  83.1204 300.1908 0048373 151.3005   0.8584 14.01465926869270
1 14454U 83109C   18212.97045086 +.00000023 +00000-0 +45473-5 0  9995
2 14454 081.1624 027.6873 0094445 283.3600 241.3587 14.25681311806920
1 14504U 81053JJ  18212.76979353  .00000838  00000-0  54817-3 0  9991
2 14504  83.1956 329.8155 0033062 238.2581 274.8259 14.00828117879164
1 14556U 81053JL  18212.48308140  .00000301  00000-0  33254-3 0  9994
2 14556  83.0131 260.7062 0136435 329.2397  95.0995 13.65075509719295
1 14557U 81053JM  18212.52519191  .00000855  00000-0  46660-3 0  9999
2 14557  82.7993 139.5982 0045572 188.1851 225.8132 14.10539581872719
1 14558U 81053JN  18213.11111661  .00000678  00000-0  31863-3 0  9998
2 14558  82.9292 168.2032 0017195 286.3566 203.3243 14.18672360884362
1 14568U 83001C   18212.32000132  .00000464  00000-0  19831-3 0  9990
2 14568  82.9000 331.8641 0020434 254.1386 105.7545 14.22948339886793
1 14569U 82087D   18212.75627566 -.00000096  00000-0  24030-4 0  9997
2 14569  44.8430 102.1976 0122205 163.3035 241.2761 13.55670658814225
1 14620U 81070J   18212.92020394  .00000103  00000-0  22617-3 0  9997
2 14620  90.0239  29.4111 6037491 146.4861 273.2345  3.80268303411517
1 14621U 81070K   18205.79368403 +.00000304 +00000-0 +45187-3 0  9991
2 14621 090.0097 030.3749 6086407 208.6474 096.9541 03.75622740368804
1 14627U 81053JQ  18212.61625236 +.00000440 +00000-0 +29276-3 0  9999
2 14627 082.7857 164.6195 0046140 082.2165 331.5222 13.98653209758420
1 14631U 83075E   18213.52820753  .00000460  00000-0  17331-4 0  9994
2 14631  97.7597  89.0887 0007585 195.7897 164.3108 15.32561275902711
1 14734U 81108E   18211.63714562  .00000662  00000-0  00000+0 0  9997
2 14734  70.8255 186.1351 5134812  40.4077  54.6141  2.01759614225565
1 14739U 81053JU  18212.82049555  .00000467  00000-0  34029-3 0  9991
2 14739  83.0089 231.8711 0059906 258.6142 100.8291 13.93452461860591
1 14740U 81053JV  18213.48757038  .00000519  00000-0  47512-3 0  9997
2 14740  83.1377 277.5670 0105217 271.7390 150.8666 13.78964774720913
1 14741U 81053JW  18211.94648451 +.00000245 +00000-0 +32922-3 0  9990
2 14741 082.9668 028.5462 0161414 320.2437 193.0592 13.51497282813871
1 14810U 81084D   18212.07345608 +.00000121 +00000-0 +41409-4 0  9998
2 14810 073.9525 245.9933 0018015 312.9583 075.6191 14.46342394853238
1 14811U 82037D   18212.42562427 +.00000143 +00000-0 +50663-4 0  9993
2 14811 074.0261 212.2993 0020291 213.6517 298.1943 14.43093665890705
1 14812U 83031C   18212.91431618 +.00000115 +00000-0 +42274-4 0  9998
2 14812 074.0577 017.3464 0016665 145.5389 006.9417 14.42939161836499
1 14813U 83079C   18212.53297084  .00000128  00000-0  46854-4 0  9998
2 14813  74.0338 239.1079 0018453 225.3852 287.0023 14.42219098928150
1 14925U 81053JX  18212.86442992 +.00000646 +00000-0 +31693-3 0  9997
2 14925 082.8614 096.2562 0028606 080.4823 279.9587 14.16153152871797
1 14928U 83075F   18212.93759840 +.00000123 +00000-0 +11232-4 0  9995
2 14928 097.9347 022.1202 0030856 259.2780 254.3602 15.12482241882010
1 15033U 84056C   18212.93598622 +.00000119 +00000-0 +43457-4 0  9991
2 15033 074.0715 018.3878 0013643 255.6290 262.1036 14.43043749786795
1 15205U 84088E   18212.38932260 +.00000055 +00000-0 +24789-5 0  9993
2 15205 028.7315 348.1241 1925567 339.1753 032.0075 10.92853193922629
1 15490U 85006C   18212.20967232 +.00000165 +00000-0 +46035-4 0  9997
2 15490 074.0338 039.2972 0003602 185.7905 174.3217 14.53714396764492
1 15491U 85006D   18211.00212104 +.00000112 +00000-0 +40720-4 0  9993
2 15491 074.0453 323.9100 0016585 028.8014 331.4055 14.43726053755240
1 15528U 82109D   18212.13986375 +.00000194 +00000-0 +52876-4 0  9993
2 15528 074.0229 143.7035 0012393 226.2661 195.0454 14.53817728797954
1 15541U 81053JZ  18212.89779222  .00000139  00000-0  10874-3 0  9999
2 15541  82.8915   2.8683 0031792 240.2348 273.1632 13.85050980723659
1 15542U 81053KA  18212.98382876  .00000252  00000-0  23387-3 0  9994
2 15542  83.0058  31.3184 0075181 165.6587 355.5642 13.77198610830535
1 15614U 85021D   18212.58082628 -.00000052 +00000-0 +19937-4 0  9997
2 15614 108.2245 259.6193 0013315 090.8302 269.4379 14.68535170773446
1 15615U 85021E   18212.38731574 -.00000007 +00000-0 +36770-4 0  9991
2 15615 107.8400 037.4886 0043480 132.0431 347.1198 14.46217588751629
1 15616U 85021F   18213.13201367  .00001691  00000-0  11189-3 0  9993
2 15616 107.4664 275.6335 0026806 256.4525 103.3672 15.11814543772215
1 15756U 83079D   18212.84349209  .00000201  00000-0  42346-4 0  9990
2 15756  74.0517 357.6713 0009212 186.9398 173.1645 14.66000642755441
1 15766U 81053KB  18212.15380336  .00000555  00000-0  23522-3 0  9997
2 15766  82.9432 111.5885 0010246  12.4017 347.7417 14.23816689703328
1 15767U 81053KC  18212.88406585 +.00000700 +00000-0 +26927-3 0  9997
2 15767 082.9194 102.6222 0011788 078.1696 282.0812 14.29077040703612
1 15768U 81053KD  18212.84182861  .00000616  00000-0  37689-3 0  9995
2 15768  83.0742 255.9217 0056628 186.8695 227.7717 14.03632004688923
1 15769U 81043C   18211.47009616 +.00000055 +00000-0 +24837-4 0  9998
2 15769 081.2753 088.9590 0061605 119.5619 241.1710 14.06873182749775
1 15780U 81053KE  18213.47913786  .00000235  00000-0  17631-3 0  9999
2 15780  82.8195 322.3365 0058015  98.1106  32.7005 13.89695292680313
1 15785U 84019C   18212.93966427 +.00000188 +00000-0 +46701-4 0  9997
2 15785 074.0363 038.6097 0008920 093.3274 266.8911 14.58637331913536
1 15950U 85066D   18212.80188013  .00001456  00000-0  11237-2 0  9990
2 15950  89.9177 331.5502 0115099 223.7876 290.0109 13.89442846641384
1 15951U 85066E   18212.76200720 +.00000568 +00000-0 +49048-3 0  9991
2 15951 089.8153 223.0036 0147757 148.9841 276.2626 13.80344872635699
1 16020U 85066F   18212.16303936 +.00000011 +00000-0 +45752-5 0  9999
2 16020 090.2784 304.2209 0140552 207.3408 236.8444 13.40343101610325
1 16202U 82055D   18212.78803226  .00000026  00000-0  78469-4 0  9997
2 16202  65.8297 125.3757 0081376  10.3784  22.8851 13.96493213836080
1 16211U 82055N   18212.53479262 -.00000064 +00000-0 +17201-4 0  9999
2 16211 065.8332 233.9292 0025498 025.1773 053.4138 13.69968995638436
