1 31079U 99025BFZ 15253.31222079  .00001357  00000-0  89508-3 0  9996
2 31079  99.0846 284.2475 0062121 103.4289 251.3901 14.02529851434435
1 31080U 99025BGA 18205.44380296 +.00000380 +00000-0 +24672-3 0  9994
2 31080 099.0833 283.4435 0088364 116.1358 244.8933 14.06733947248987
1 31081U 99025BGB 18212.54858125 -.00000041 +00000-0 +21283-5 0  9997
2 31081 099.0483 237.7337 0048098 202.6830 312.4468 14.05824128586440
1 31082U 99025BGC 18206.34363480 +.00000382 +00000-0 +24806-3 0  9993
2 31082 098.8986 249.6243 0073426 257.1948 102.1009 14.07219906583268
1 31083U 99025BGD 18211.89123046 +.00000448 +00000-0 +19183-3 0  9997
2 31083 098.7460 272.9511 0050452 009.3325 048.6707 14.29103374590679
1 31085U 99025BGF 18212.80621255  .00000047  00000-0  35474-4 0  9993
2 31085  98.7651 320.6366 0088016 283.3541 234.4664 14.28597200593598
1 31086U 99025BGG 18212.06241588  .00000650  00000-0  89499-4 0  9995
2 31086  98.9729 250.3500 0124049  41.2997 349.8350 14.77383396607030
1 31087U 99025BGH 18212.91902984 +.00000306 +00000-0 +79106-4 0  9996
2 31087 098.4062 257.6739 0212564 248.3013 240.0084 14.44912409598109
1 31088U 99025BGJ 18211.83050149  .00000553  00000-0  32431-3 0  9997
2 31088  99.4371  76.2992 0038119  49.0262  11.0833 14.12370357584337
1 31089U 99025BGK 18213.47537361  .00000116  00000-0  11980-3 0  9997
2 31089  98.9832  92.9810 0211855 297.3616 188.0535 13.84494534576471
1 31090U 99025BGL 18212.16799484  .00000230  00000-0  37416-4 0  9990
2 31090  98.9872 291.5873 0171203  22.5597 338.3020 14.73347234609740
1 31091U 99025BGM 18211.57618409 +.00000126 +00000-0 +20215-3 0  9994
2 31091 099.3131 327.2884 0282572 304.0265 053.4328 13.51356298252560
1 31092U 99025BGN 18211.52918000 +.00000259 +00000-0 +38987-3 0  9992
2 31092 099.5339 057.4168 0341712 290.8426 065.6427 13.40869714557555
1 31093U 99025BGP 18212.52045618  .00000115  00000-0  13051-3 0  9996
2 31093  98.6206 247.0872 0212033 283.0909  74.6658 13.78233252574425
1 31094U 99025BGQ 18213.20015922  .00000235  00000-0  20548-3 0  9990
2 31094  99.0339 117.8527 0113926 236.0093 123.0202 13.92506560581795
1 31095U 99025BGR 18212.20634424 -.00000305 +00000-0 -46051-3 0  9991
2 31095 098.5860 134.7948 0502010 149.4069 213.7366 13.05724512543137
1 31097U 99025BGT 18209.62309788 +.00000519 +00000-0 +27165-3 0  9997
2 31097 098.9329 262.2246 0020601 153.1610 359.8226 14.18634396586595
1 31098U 99025BGU 18212.51136174  .00000739  00000-0  36528-3 0  9994
2 31098  98.9739 242.1261 0021894 134.8776 225.4182 14.20417586586647
1 31099U 99025BGV 18212.17274598  .00000047  00000-0  38676-4 0  9999
2 31099  98.9760 345.4669 0067039 112.2875  12.4305 14.24868401591188
1 31131U 03049D   18212.80009219 +.00000129 +00000-0 +62065-4 0  9993
2 31131 098.6419 162.2939 0134038 236.3237 153.3387 14.29691583587788
1 31137U 95021D   18213.38815562  .00000233  00000-0  86831-4 0  9993
2 31137  98.3803 175.7733 0004900  92.3024  65.4357 14.40462922758097
1 31139U 03049E   18213.39129829  .00000280  00000-0  82921-4 0  9997
2 31139  98.1896 187.4136 0094356  92.8949 268.3048 14.48037839594868
1 31144U 99025BGW 13276.33812043 +.00000206 +00000-0 +16243-3 0  9998
2 31144 099.2351 319.5653 0098724 273.1648 086.6520 14.00794070335052
1 31146U 99025BGY 18212.65852086  .00000131  00000-0  66051-4 0  9991
2 31146  99.1643  12.8751 0230347 306.0605  51.9426 14.20728579585800
1 31147U 99025BGZ 18212.75138281  .00002513  00000-0  27556-3 0  9999
2 31147  99.1578 314.4573 0122971 185.4572 334.6832 14.83537200601287
1 31148U 99025BHA 18212.28398134  .00000097  00000-0  47324-4 0  9994
2 31148  98.8340 333.2814 0159612  34.6996 326.4476 14.32134563589529
1 31149U 99025BHB 18213.13775674  .00001151  00000-0  25590-3 0  9990
2 31149  99.1581 175.6816 0116906 307.0414 119.6061 14.55228554593955
1 31150U 99025BHC 18212.92351078 -.00000028 +00000-0 +93727-5 0  9998
2 31150 098.9161 240.7024 0014537 230.8775 248.8003 14.11333865583306
1 31151U 99025BHD 18212.81963704 +.00000526 +00000-0 +34581-3 0  9995
2 31151 099.0211 154.0783 0077274 012.3521 347.9517 14.04849934580414
1 31152U 99025BHE 18212.02735729 +.00000006 +00000-0 +16255-4 0  9995
2 31152 098.4422 240.7343 0133514 133.8447 258.2926 14.34265671594532
1 31154U 99025BHG 18212.31546414 +.00000850 +00000-0 +21564-3 0  9995
2 31154 098.6380 249.1169 0071785 349.3338 010.6330 14.52057639199782
1 31155U 99025BHH 18213.57905896  .00000306  00000-0  23317-3 0  9992
2 31155  99.2446 240.9058 0108143 220.3506 294.2616 13.98725878579957
1 31157U 99025BHK 18212.38425065 +.00000102 +00000-0 +65457-4 0  9993
2 31157 098.6257 264.5422 0103622 214.8186 207.9981 14.19573671587768
1 31158U 99025BHL 18211.86778681 +.00000499 +00000-0 +26631-3 0  9990
2 31158 098.9809 240.8745 0060859 203.5962 156.2418 14.16963574262483
1 31159U 99025BHM 18210.92433472 +.00000737 +00000-0 +69667-4 0  9995
2 31159 097.6561 254.0776 0333714 140.8355 221.7520 14.62655512597910
1 31160U 99025BHN 18211.81503207 -.00000229 +00000-0 -12543-3 0  9998
2 31160 099.3263 205.9423 0058822 063.8022 296.9172 13.98743613319594
1 31161U 99025BHP 18212.29501728  .00000202  00000-0  14608-3 0  9991
2 31161  99.0365 240.3124 0070103 344.3621  15.5381 14.06577815583289
1 31162U 99025BHQ 07340.18477635 +.00000719 +00000-0 +52048-3 0  9992
2 31162 098.8751 319.3365 0086993 282.1768 076.9640 13.97985442037017
1 31163U 99025BHR 18213.17370236  .00000142  00000-0  77692-4 0  9995
2 31163  98.8781 328.6528 0060296 114.1754 246.5744 14.25592580590824
1 31165U 99025BHT 18212.56119941  .00000350  00000-0  10355-3 0  9996
2 31165  98.9211  73.5423 0102842  92.2927 299.5387 14.47022052597685
1 31166U 99025BHU 18212.66445215 +.00001043 +00000-0 +39768-3 0  9993
2 31166 098.7976 281.5568 0021502 099.0451 056.5344 14.32899377589842
1 31167U 99025BHV 18212.45449834  .00001140  00000-0  28572-3 0  9991
2 31167  98.9981  97.0297 0053699 243.9025 115.6637 14.52742153593106
1 31168U 99025BHW 18212.55910087 +.00000239 +00000-0 +65708-4 0  9997
2 31168 098.8657 127.5675 0138376 308.2460 050.6345 14.51703414599789
1 31169U 99025BHX 18209.78077959 +.00000780 +00000-0 +49135-3 0  9997
2 31169 099.0427 155.0518 0078755 016.7277 343.6461 14.05791834579954
1 31171U 99025BHZ 18213.12797216  .00000298  00000-0  17097-3 0  9994
2 31171  98.0476  82.2138 0222172 188.5548 327.7863 14.03576146579035
1 31172U 99025BJA 18212.85430399  .00000008  00000-0  19624-4 0  9998
2 31172  98.6265 241.5991 0151983 280.2875  78.1202 14.29462603592320
1 31173U 99025BJB 18211.11193587  .00000326  00000-0  23729-3 0  9995
2 31173  98.2150 156.2207 0078935 200.1529 226.8551 14.00796254578362
1 31174U 99025BJC 18212.85152809  .00001955  00000-0  76759-3 0  9990
2 31174  99.0695 337.7706 0022071 126.5893  32.0526 14.30432581584629
1 31175U 99025BJD 18213.51604350  .00000071  00000-0  54980-4 0  9999
2 31175  98.4363 299.9153 0145645  85.3629 342.8828 14.11328458581521
1 31177U 99025BJF 18210.51357216 +.00000626 +00000-0 +77728-3 0  9994
2 31177 098.7589 044.7429 0353067 009.3130 017.3043 13.44749595555337
1 31178U 99025BJG 18211.32168025  .00000418  00000-0  26680-3 0  9993
2 31178  99.5373  36.9942 0155409 186.2387 173.6845 14.03622903579285
1 31179U 99025BJH 18212.31315998  .00000052  00000-0  67526-4 0  9996
2 31179  99.2918 248.1664 0230154  55.3854 306.8773 13.85561601573495
1 31180U 99025BJJ 18213.46143727 -.00000026  00000-0  12574-4 0  9999
2 31180  99.1764  87.6347 0510149 270.3525 217.5134 13.66722411566508
1 31181U 99025BJK 18212.40668800 +.00000148 +00000-0 +11944-3 0  9990
2 31181 099.0148 253.3963 0052895 054.5260 065.8979 14.04349413579322
1 31182U 99025BJL 18213.34931779  .00000061  00000-0  57561-4 0  9993
2 31182  98.7791 249.5694 0023283 235.2503 189.0418 14.11259102582142
1 31183U 99025BJM 18212.99163057  .00000297  00000-0  12619-3 0  9995
2 31183  99.0877  35.4591 0066135  76.5772  74.5941 14.31716741588961
1 31185U 99025BJP 18196.55229554 -.00000254 +00000-0 -13753-3 0  9990
2 31185 098.9876 228.1622 0042953 082.4744 278.1298 14.01794982243980
1 31186U 99025BJQ 18212.91252802 +.00000007 +00000-0 +31217-4 0  9992
2 31186 099.3053 005.5543 0026214 003.4195 150.9730 14.09433767581732
1 31187U 99025BJR 18210.99547572 +.00000945 +00000-0 +30822-3 0  9991
2 31187 099.2004 288.5860 0393072 294.5594 061.5085 14.05414057309430
1 31188U 99025BJS 18211.62386903 +.00000404 +00000-0 +24521-3 0  9991
2 31188 098.9508 267.3963 0068961 345.3290 172.2031 14.10761279582799
1 31190U 99025BJU 18213.53607581  .00000365  00000-0  27735-3 0  9990
2 31190  99.0853 247.5828 0075278 149.8417 210.7112 13.98700279579516
1 31191U 99025BJV 18212.80104361 +.00000126 +00000-0 +57381-4 0  9994
2 31191 098.8461 350.0611 0099680 204.2873 155.3596 14.35560948593676
1 31192U 99025BJW 18211.33022537  .00000052  00000-0  36430-4 0  9996
2 31192  98.6650 257.0576 0272659 312.6756  45.1733 14.15950100586654
1 31193U 99025BJX 18199.83553299  .00217350  00000-0  10445-2 0  9998
2 31193  99.1205  80.3207 0009153 144.9064 215.2804 15.82023779611285
1 31194U 99025BJY 18212.55249437 +.00000358 +00000-0 +16523-3 0  9992
2 31194 098.9288 334.1027 0065673 157.7528 202.6523 14.26089852586886
1 31195U 99025BJZ 18213.52306800 -.00000272  00000-0 -11917-3 0  9998
2 31195  99.1079 234.8469 0174845 157.2681 203.6350 14.06693279583429
1 31196U 99025BKA 18208.91494178 +.00000140 +00000-0 +84605-4 0  9999
2 31196 098.7712 242.3560 0063229 093.0235 267.8179 14.20046703587582
1 31197U 99025BKB 18213.39141335  .00000763  00000-0  40744-3 0  9998
2 31197  99.0723 277.3384 0059253 332.1719  27.6288 14.15462262583256
1 31198U 99025BKC 18213.16255802 -.00000024  00000-0  12402-4 0  9991
2 31198  98.5342 191.2086 0205924  17.5240 343.2882 13.74868633570408
1 31199U 99025BKD 18213.06161432  .00000070  00000-0  65364-4 0  9991
2 31199  98.7940 253.1127 0064692 312.4685  78.4605 14.08244803583177
1 31201U 99025BKF 18212.26217515 +.00000332 +00000-0 +14354-3 0  9993
2 31201 098.8773 322.4139 0165015 215.2697 174.6054 14.24067403588644
1 31202U 99025BKG 18212.79553624 +.00000466 +00000-0 +10913-3 0  9991
2 31202 096.5757 048.8618 0114217 270.6423 150.6866 14.53935617598787
1 31203U 99025BKH 18213.12082545  .00000718  00000-0  34305-3 0  9990
2 31203  98.9895 277.7543 0061275 111.7213 249.0501 14.21393991585080
1 31204U 99025BKJ 11087.18964326 +.00001383 +00000-0 +10408-2 0  9991
2 31204 098.0611 234.0605 0252294 188.1478 178.5437 13.81694359202152
1 31205U 99025BKK 18211.53664692 -.00000005 +00000-0 +18033-4 0  9995
2 31205 099.2253 121.8158 0164336 299.4704 059.0164 14.22492547589240
1 31206U 99025BKL 18212.63915699 +.00000162 +00000-0 +74372-4 0  9995
2 31206 098.9096 352.4015 0085808 330.6116 029.0256 14.32463651592616
1 31208U 99025BKN 18208.55230618 +.00000557 +00000-0 +23296-3 0  9990
2 31208 099.2379 112.2837 0021344 210.2830 272.9052 14.30330129317621
1 31209U 99025BKP 18212.26523895  .00000681  00000-0  35287-3 0  9997
2 31209  99.0122 223.1008 0031827 179.8513 180.2676 14.18030427584604
1 31210U 99025BKQ 18212.31258300 +.00000202 +00000-0 +14193-3 0  9993
2 31210 098.8904 243.1833 0017408 204.9239 214.6293 14.08974399580431
1 31211U 99025BKR 18212.33926411 +.00000445 +00000-0 +26837-3 0  9998
2 31211 098.9051 257.6640 0057149 183.5328 176.5447 14.10991732252671
1 31212U 99025BKS 18212.67116976 +.00000799 +00000-0 +54065-3 0  9999
2 31212 099.1154 169.3763 0089907 056.1754 304.7929 14.01317040578775
1 31213U 99025BKT 18212.74106285 +.00001417 +00000-0 +55943-3 0  9994
2 31213 099.4600 146.0777 0027039 291.0142 068.8146 14.30679914585502
1 31214U 99025BKU 18212.78283907  .00001040  00000-0  46667-3 0  9991
2 31214  98.9459 238.5078 0022570  82.3021 332.9234 14.24568072585320
1 31215U 99025BKV 18213.11965638  .00000105  00000-0  67558-4 0  9992
2 31215  98.8894 316.3158 0075395 135.2522 225.4770 14.20710030586998
1 31217U 99025BKX 18212.89946589 +.00000232 +00000-0 +14455-3 0  9990
2 31217 098.8641 247.8317 0106077 263.5376 095.3709 14.11646357583408
1 31218U 99025BKY 18212.96336696 +.00000801 +00000-0 +36811-3 0  9993
2 31218 098.9248 214.9251 0036512 009.6355 350.5516 14.23745876585275
1 31219U 99025BKZ 18211.25346651  .00000735  00000-0  50292-3 0  9992
2 31219  99.0874 149.6184 0094690  68.4697 292.6529 14.00692078578299
1 31220U 99025BLA 18212.08428535  .00000928  00000-0  28009-3 0  9993
2 31220  99.0274  68.3349 0057645 276.7769 237.2613 14.44122503593080
1 31222U 99025BLC 18212.84630271  .00000268  00000-0  37828-4 0  9998
2 31222  98.6655  70.8314 0261704 281.1041  76.0840 14.66557440603647
1 31223U 99025BLD 18212.53983904  .00001675  00000-0  17452-2 0  9991
2 31223  99.0758 248.2641 0296743 207.9871 150.5038 13.59176167560237
1 31224U 99025BLE 18211.37281428 +.00000092 +00000-0 +50904-4 0  9998
2 31224 098.5868 269.1805 0169822 131.4674 290.4166 14.23761873309038
1 31225U 99025BLF 18211.55712326 +.00000407 +00000-0 +26424-3 0  9994
2 31225 099.1739 225.5988 0102868 329.5289 190.7699 14.05934583579010
1 31226U 99025BLG 18205.44237884 +.00000030 +00000-0 +29270-4 0  9992
2 31226 098.6171 269.6373 0130689 160.2168 200.4147 14.23036009588136
1 31227U 99025BLH 18212.81267446 +.00001186 +00000-0 +50751-3 0  9999
2 31227 098.1204 225.0848 0132058 178.4124 181.7501 14.21956081264323
1 31228U 99025BLJ 18212.87578150 +.00000106 +00000-0 +56367-4 0  9994
2 31228 098.9606 357.6163 0086653 015.2848 140.7709 14.30387259590546
1 31229U 99025BLK 18212.55669255 +.00000512 +00000-0 +31219-3 0  9996
2 31229 099.0480 249.3603 0061814 349.8859 167.8910 14.09716750580759
1 31231U 99025BLM 18212.42604491 +.00000203 +00000-0 +74299-4 0  9999
2 31231 098.8992 279.2142 0305156 071.7195 353.0992 14.20536378245094
1 31232U 99025BLN 18209.34436368 +.00000978 +00000-0 +47039-3 0  9993
2 31232 099.0187 253.6850 0043370 214.8097 145.0240 14.20769794230576
1 31234U 99025BLQ 18211.86219615 +.00000214 +00000-0 +15436-3 0  9998
2 31234 098.8984 242.7328 0075025 229.3148 130.1485 14.05689701348836
1 31235U 99025BLR 18213.17939947  .00001225  00000-0  85465-3 0  9994
2 31235  98.4984 176.6937 0248139 318.1296  40.1115 13.86581370570268
1 31236U 99025BLS 18212.57272787  .00000547  00000-0  45379-3 0  9996
2 31236  98.5505  69.9905 0385755  14.9952 346.2260 13.62692005566127
1 31237U 99025BLT 18211.88701392  .00000125  00000-0  68554-4 0  9992
2 31237  98.6202 248.7334 0096488 320.3132  39.1014 14.25186815589084
1 31238U 99025BLU 18212.85876286  .00001970  00000-0  64177-3 0  9991
2 31238  98.9864 346.1391 0115347 218.6490 140.6398 14.36217444588661
1 31239U 99025BLV 18212.90015225  .00000293  00000-0  20038-3 0  9991
2 31239  98.8839 245.0491 0051169 217.6850 266.6278 14.06727246582057
1 31240U 99025BLW 18206.92028102 +.00000229 +00000-0 +16893-3 0  9999
2 31240 098.9535 241.8954 0047661 024.6532 097.8737 14.04725132580036
1 31241U 99025BLX 18213.05910107  .00000157  00000-0  75322-4 0  9990
2 31241  99.1931 146.6275 0075616  59.0244 301.8338 14.31315666591664
1 31242U 99025BLY 18212.44830154 +.00001277 +00000-0 +24951-3 0  9991
2 31242 097.4245 089.1003 0067087 188.0576 297.1030 14.62981650236385
1 31243U 99025BLZ 18210.39967772 +.00000036 +00000-0 +51618-4 0  9994
2 31243 099.0073 278.3627 0068636 120.9690 299.7012 14.01440152578972
1 31244U 99025BMA 18206.83104278 -.00000021 +00000-0 +14769-4 0  9994
2 31244 099.2704 204.0370 0108351 076.6477 284.6742 14.03142077579360
1 31246U 99025BMC 18212.48945050  .00000800  00000-0  57532-3 0  9993
2 31246  98.9813 104.5457 0169247 210.1314 149.0028 13.93124044579605
1 31247U 99025BMD 18212.80960299 +.00000935 +00000-0 +65494-3 0  9997
2 31247 099.3277 337.7947 0070332 223.6918 297.1608 13.99839398578254
1 31248U 99025BME 18212.46965903  .00000090  00000-0  10636-3 0  9997
2 31248  99.4457 204.7113 0114565 340.9261 172.4546 13.89293487574552
1 31249U 99025BMF 18212.50796331  .00002612  00000-0  79543-3 0  9994
2 31249  99.0157 310.4264 0072153 237.2982 122.1234 14.41469339588272
1 31250U 99025BMG 18212.53437223 +.00000438 +00000-0 +32388-3 0  9991
2 31250 098.4049 244.5395 0139275 273.0924 085.4311 13.95622170579181
1 31252U 99025BMJ 18212.32032786 +.00000162 +00000-0 +59025-4 0  9997
2 31252 098.6155 247.6167 0232657 261.0664 096.4120 14.32787900586150
1 31253U 99025BMK 18212.19919046  .00000167  00000-0  99802-4 0  9998
2 31253  99.2761 205.6591 0301747 303.5086  53.7580 14.00392216584660
1 31254U 99025BML 18212.86611288 +.00000193 +00000-0 +81717-4 0  9995
2 31254 098.8037 237.8745 0165277 200.7799 286.9586 14.29664457590196
1 31255U 99025BMM 18212.11108138  .00000119  00000-0  73332-4 0  9991
2 31255  99.0656 312.8157 0283097 271.0260  85.8488 14.05144045590549
1 31256U 99025BMN 18213.44108937  .00000960  00000-0  57362-3 0  9994
2 31256  98.6757 212.6091 0394947 228.0842 128.6004 13.76697575565591
1 31257U 99025BMP 18212.63531444  .00000828  00000-0  55253-3 0  9998
2 31257  98.7182   4.0042 0122154  97.2508 264.2561 14.00065734581292
1 31258U 99025BMQ 18212.00122618 +.00000794 +00000-0 +36116-3 0  9998
2 31258 098.9376 231.4027 0023137 090.3877 299.9412 14.24504103584425
1 31259U 99025BMR 18212.35614882  .00000037  00000-0  51461-4 0  9997
2 31259  99.1587 246.3137 0076849 129.0961 298.2296 14.02686808577582
1 31260U 99025BMS 18211.58230705 +.00000331 +00000-0 +15590-3 0  9990
2 31260 098.9565 339.1420 0053608 166.8445 251.8721 14.25939634587477
1 31261U 99025BMT 18213.25237621  .00000278  00000-0  12826-3 0  9990
2 31261  99.0985  23.5565 0061823 128.8021 231.8702 14.28171254588811
1 31262U 99025BMU 18213.04975851 -.00000023  00000-0  13998-4 0  9993
2 31262  99.1771 241.0416 0066348  58.6862 330.1842 14.04773821578480
1 31263U 99025BMV 18210.73566658 +.00001230 +00000-0 +54032-3 0  9991
2 31263 099.0048 314.6018 0048852 188.2435 171.7946 14.24838893584370
1 31264U 99025BMW 18212.60038459 +.00000151 +00000-0 +10419-3 0  9995
2 31264 099.1546 348.0646 0001271 152.3425 267.1027 14.14018739583623
1 31265U 99025BMX 18212.62802224  .00001085  00000-0  23512-3 0  9992
2 31265  96.5629 358.0726 0107671 120.5852 240.6025 14.55963644598695
1 31266U 99025BMY 18213.51232392  .00000026  00000-0  32883-4 0  9991
2 31266  99.2725  57.8343 0136894   1.9572  28.3865 14.18770322590314
1 31267U 99025BMZ 18212.99947357  .00000792  00000-0  18933-3 0  9996
2 31267  99.3058 279.2693 0118692 261.0962  97.6779 14.52892706600887
1 31268U 99025BNA 18210.96685888 +.00000372 +00000-0 +27182-3 0  9990
2 31268 099.0244 279.3520 0058729 127.0535 233.6021 14.01263402242796
1 31269U 99025BNB 18213.30655361  .00000687  00000-0  22476-3 0  9995
2 31269  98.1616 233.3971 0330840 257.1961 165.5005 14.14859848584372
1 31270U 99025BNC 18212.75361537 +.00000625 +00000-0 +14222-3 0  9996
2 31270 098.9811 143.8390 0134846 108.7246 252.8637 14.54462430600072
1 31272U 99025BNE 18212.78750910 +.00000199 +00000-0 +11389-3 0  9995
2 31272 099.0130 331.0860 0114889 198.0271 321.1794 14.17268559588285
1 31273U 99025BNF 18212.12703907 +.00001013 +00000-0 +32863-3 0  9994
2 31273 098.3382 090.9282 0072257 089.6921 064.0176 14.39486201593301
1 31274U 99025BNG 18211.16776627 +.00000642 +00000-0 +51778-3 0  9990
2 31274 099.1203 095.7759 0253029 119.3900 032.6349 13.79881303570203
1 31275U 99025BNH 18212.54980402  .00000036  00000-0  56054-4 0  9992
2 31275  99.2154 245.0330 0110081 183.7100 176.3257 13.96154216579222
1 31279U 99025BNM 18212.89435924 +.00000104 +00000-0 +66339-4 0  9991
2 31279 098.7413 246.7202 0080404 062.3455 298.5854 14.20672468589801
1 31280U 99025BNN 18213.50295554  .00008872  00000-0  46046-3 0  9997
2 31280  97.9109 115.0457 0059766 163.1635 197.1598 15.14810670605860
1 31281U 99025BNP 18211.44804141  .00000477  00000-0  67413-4 0  9992
2 31281  98.5208 195.2025 0263591 324.7941 189.4453 14.61684706601823
1 31282U 99025BNQ 18211.27631580 +.00000031 +00000-0 +25469-4 0  9990
2 31282 099.2955 230.6362 0132994 264.5477 094.0526 14.40137552583433
1 31284U 99025BNS 18211.97580788 +.00000129 +00000-0 +12331-3 0  9993
2 31284 099.7182 116.1087 0152406 053.4171 308.0902 13.93166055576435
1 31285U 99025BNT 18211.90766381  .00000022  00000-0  23575-4 0  9997
2 31285  98.5621 250.4430 0209669 125.0539   0.4670 14.22568707590819
1 31286U 99025BNU 18212.54727540 +.00000767 +00000-0 +52662-3 0  9997
2 31286 100.8744 248.0060 0105416 123.0984 238.0347 14.00833735261875
1 31287U 99025BNV 18213.41461716  .00000512  00000-0  30283-3 0  9998
2 31287  99.4294  77.1925 0036532  44.8366 315.5746 14.12286133586619
1 31288U 99025BNW 18213.12677716  .00000588  00000-0  24577-3 0  9998
2 31288  98.8145 269.2472 0058317  28.4118   0.5240 14.28998229588522
1 31289U 99025BNX 18212.80745438 +.00002747 +00000-0 +94466-4 0  9994
2 31289 097.4019 055.6335 0198793 183.5260 176.4585 15.14179093318068
1 31290U 99025BNY 18211.12471843  .00001183  00000-0  35442-3 0  9997
2 31290 101.9397 323.1803 0102123 336.4245  23.2269 14.43084587594661
1 31291U 99025BNZ 18212.29523115 +.00001088 +00000-0 +33419-3 0  9993
2 31291 098.5681 154.9102 0075613 110.2903 053.5397 14.41962534592473
1 31292U 99025BPA 18211.36946599 +.00001225 +00000-0 +57893-3 0  9991
2 31292 099.0788 265.6073 0052306 245.0857 114.4877 14.20975651580944
1 31293U 99025BPB 18212.33078771 -.00000009  00000-0  13552-4 0  9993
2 31293  98.6495 239.6590 0127081 253.9123 171.4148 14.29772535593535
1 31294U 99025BPC 18211.98298119  .00000010  00000-0  27424-4 0  9998
2 31294  98.7753 270.7408 0105664 101.6215 259.6838 14.11478591589381
1 31295U 99025BPD 18213.52889645 -.00000000  00000-0  26998-4 0  9996
2 31295  98.3385 243.2964 0077658 214.6843 144.9244 13.96019913580754
1 31296U 99025BPE 18212.79869564  .00000825  00000-0  39060-3 0  9990
2 31296  99.0708 323.7320 0041451 115.4089  35.9432 14.22028960589034
1 31297U 99025BPF 18212.03246910  .00000143  00000-0  45593-4 0  9994
2 31297  98.8971 140.5722 0154878 310.8771 108.4551 14.49581119603575
1 31298U 99025BPG 18213.01850517  .00005299  00000-0  43818-3 0  9992
2 31298  98.9968 233.5859 0036113 161.0101 199.2474 14.98960899604888
1 31299U 99025BPH 18212.76245885 +.00006007 +00000-0 +24526-3 0  9993
2 31299 096.9893 319.6436 0216130 129.6702 232.3813 15.05861221605679
1 31300U 99025BPJ 18212.40449338  .00000524  00000-0  35293-3 0  9997
2 31300  99.5526  97.9947 0068090 258.6364 157.8688 14.04381106584072
1 31302U 99025BPL 18207.07821703 +.00000428 +00000-0 +25824-3 0  9998
2 31302 099.4200 063.3438 0036360 055.7002 096.6369 14.12130021581827
1 31303U 99025BPM 18213.33300268 -.00000068  00000-0 -13372-4 0  9991
2 31303  98.9805 239.4593 0011186 190.4024 169.6916 14.10024038584337
1 31310U 99025BPN 18211.98082475  .00000782  00000-0  48625-3 0  9994
2 31310  98.8813 108.3531 0107509 107.9895 320.1058 14.04992959575502
1 31311U 99025BPP 18212.55442311  .00000509  00000-0  29085-3 0  9994
2 31311  99.0378 237.3591 0023649 197.5938 314.4239 14.14109090581776
1 31312U 99025BPQ 18211.32885595  .00000193  00000-0  16262-3 0  9996
2 31312  98.9553 252.0139 0066397 137.7167 283.3227 13.98152985577193
1 31313U 99025BPR 18212.87183036  .00000078  00000-0  59252-4 0  9998
2 31313  99.1102 356.1735 0046031 279.7782  79.8197 14.19300659589046
1 31314U 99025BPS 18181.88084399 +.00000310 +00000-0 +22211-3 0  9990
2 31314 098.9440 214.2515 0080974 036.5314 324.1338 14.02693533574374
1 31316U 99025BPU 18211.92833709 +.00000709 +00000-0 +41117-3 0  9996
2 31316 099.0263 259.2371 0118287 299.1633 059.7742 14.08677964263270
1 31317U 99025BPV 18213.51299701  .00003207  00000-0  93561-3 0  9998
2 31317  99.3775 118.8155 0090241 272.8393  86.2468 14.42586549584689
1 31318U 99025BPW 09299.98461400 +.00000187 +00000-0 +89836-4 0  9996
2 31318 098.9486 317.9650 0154146 204.5999 156.2858 14.24264095132752
1 31319U 99025BPX 18212.06424951 -.00000031  00000-0  71760-5 0  9998
2 31319  98.8229 286.4383 0172146  71.5189  45.8572 13.74905880567603
1 31320U 99025BPY 18211.21394411  .00000534  00000-0  35622-3 0  9995
2 31320  98.3011 203.4938 0126976 210.2940 149.0845 14.01011630575400
1 31321U 99025BPZ 18211.01593770 +.00000023 +00000-0 +36326-4 0  9999
2 31321 098.8703 297.4305 0029274 262.3499 097.4348 14.12436771193617
1 31322U 99025BQA 18211.10244507 -.00000014  00000-0  21598-4 0  9997
2 31322  98.5646 162.3304 0242254   8.2201  46.9204 13.71635794568798
1 31323U 99025BQB 18212.53621598  .00000445  00000-0  27045-3 0  9994
2 31323  99.4288  66.4065 0040093  56.7720 303.7282 14.11439396580339
1 31324U 99025BQC 18212.24359880 +.00000008 +00000-0 +29843-4 0  9999
2 31324 099.2801 014.9995 0049827 300.5815 059.0446 14.13305184584570
1 31325U 99025BQD 18211.93000012 +.00000307 +00000-0 +22182-3 0  9995
2 31325 099.1188 271.7234 0085487 167.6319 192.6972 14.02406464219417
1 31326U 99025BQE 18212.67442374 +.00001196 +00000-0 +56911-3 0  9993
2 31326 099.0399 293.8064 0056802 245.9224 113.6003 14.20518736351614
1 31327U 99025BQF 18212.53002555 +.00000409 +00000-0 +68109-4 0  9991
2 31327 099.0149 241.0240 0178174 139.5392 221.9217 14.66641368604204
1 31328U 99025BQG 18212.88014649 -.00000007 +00000-0 +13606-4 0  9994
2 31328 098.4629 249.0769 0105183 222.1678 137.1377 14.27747481590570
1 31329U 99025BQH 18211.29050122 +.00000437 +00000-0 +14655-3 0  9995
2 31329 098.9544 028.6507 0084738 223.9182 135.5249 14.40635835591771
1 31330U 99025BQJ 18211.33605834 +.00000753 +00000-0 +35708-3 0  9991
2 31330 098.9708 242.0679 0035058 138.2659 357.0108 14.22341234585006
1 31331U 99025BQK 18211.83015197 -.00000177 +00000-0 -89282-4 0  9993
2 31331 099.1807 235.5989 0054404 070.8788 289.8256 13.99702867261903
1 31332U 99025BQL 18212.59425351 +.00000183 +00000-0 +13832-3 0  9997
2 31332 098.9293 255.3500 0053826 035.0674 117.2741 14.05201214581257
1 31333U 99025BQM 18211.40259506  .00000273  00000-0  14258-3 0  9997
2 31333  98.7089 270.4056 0107051 276.3760  82.5234 14.19472762584537
1 31334U 99025BQN 18208.89587971  .00000727  00000-0  42433-3 0  9997
2 31334  99.1265 242.3079 0075235  47.4628 313.2862 14.10302281577824
1 31335U 99025BQP 18212.63067640 +.00008289 +00000-0 +54965-3 0  9995
2 31335 098.7863 149.9755 0040616 034.9330 325.4546 15.06910941205526
1 31336U 99025BQQ 18213.27410972  .00000099  00000-0  49182-4 0  9994
2 31336  98.7830 228.5553 0099999 162.6388 259.2182 14.34002850592611
1 31337U 99025BQR 18213.13346552  .00000910  00000-0  27068-3 0  9992
2 31337  99.4459 274.1535 0050298 122.2878 268.3005 14.45289113592738
1 31338U 99025BQS 18212.92097415 +.00000496 +00000-0 +34811-3 0  9993
2 31338 098.8572 091.7879 0095310 107.0615 254.1017 14.00585542259558
1 31339U 99025BQT 18213.06121153  .00000240  00000-0  17182-3 0  9996
2 31339  98.9492 255.2436 0079286 329.0282  30.6222 14.05096936580176
1 31340U 99025BQU 18211.89882123 +.00000702 +00000-0 +37545-3 0  9996
2 31340 099.0463 240.6161 0043385 184.2666 299.2926 14.16023396285942
1 31341U 99025BQV 18211.65939219 +.00000493 +00000-0 +19683-3 0  9990
2 31341 099.5418 281.1486 0073999 198.0886 325.2653 14.32120316589480
1 31342U 99025BQW 18212.74529918 -.00000001  00000-0  16430-4 0  9997
2 31342  99.0267  43.3118 0115520 197.6542 162.0612 14.34488316593722
1 31344U 99025BQY 17238.55341583 -.01711175  00000-0 -92398-1 0  9992
2 31344  99.4022 356.0111 0008687   3.7509  56.4025 15.18269137548162
1 31345U 99025BQZ 18211.51779364  .00000982  00000-0  67813-3 0  9993
2 31345  98.1378 116.0718 0086868 187.0671 172.9278 13.99383110577489
1 31346U 99025BRA 18212.82211983 +.00000229 +00000-0 +34917-4 0  9991
2 31346 098.8962 221.0835 0203316 257.2184 230.2961 14.73013379596647
1 31347U 99025BRB 13082.06375482 +.00003417 +00000-0 +11179-2 0  9998
2 31347 098.5096 027.3771 0159368 105.0735 256.8144 14.32129287311382
1 31348U 99025BRC 18212.25794245  .00000393  00000-0  20206-3 0  9994
2 31348  99.2085  16.4935 0038787 209.8099 276.0616 14.20938793580728
1 31349U 99025BRD 18208.06935781 -.00000018 +00000-0 +18092-4 0  9997
2 31349 099.1530 162.4845 0073362 073.6917 287.2299 13.99129166252053
1 31350U 99025BRE 18209.07460781 +.00000095 +00000-0 +54959-4 0  9990
2 31350 098.7453 307.4554 0075124 062.1409 298.7356 14.27520046589495
1 31351U 99025BRF 18211.52743253 +.00000308 +00000-0 +21165-3 0  9991
2 31351 098.8703 246.9802 0096375 043.9610 316.9173 14.04260695235696
