1 37013U 99025ECV 18208.73171508 +.00001919 +00000-0 +24071-3 0  9997
2 37013 098.4132 189.2064 0107775 283.8185 075.1051 14.79518193152718
1 37014U 99025ECW 18212.27678712  .00000740  00000-0  37318-3 0  9990
2 37014  99.0054 238.4305 0034765 193.3456 166.6802 14.19140754446240
1 37017U 99025ECZ 18210.99734500  .00000185  00000-0  62968-4 0  9991
2 37017  98.7225 127.9707 0354833 265.3578  90.6997 14.18781509531359
1 37018U 99025EDA 18212.76553933  .00000891  00000-0  44883-3 0  9997
2 37018  98.5148 200.0918 0351858 310.6347  46.4702 13.91198432519100
1 37019U 99025EDB 18213.02557712  .00000448  00000-0  18239-3 0  9991
2 37019  98.7454 291.4793 0200873 244.9227 113.0984 14.22184235481195
1 37020U 99025EDC 12092.76468176 +.00008233 +00000-0 +14885-2 0  9990
2 37020 097.7966 278.2827 0317096 292.7923 063.1028 14.38871371154388
1 37021U 99025EDD 18213.42571847  .00000327  00000-0  13639-3 0  9998
2 37021  98.6670 269.8771 0198524 197.0789 234.1217 14.22672255481112
1 37022U 99025EDE 18177.95921503 +.00000947 +00000-0 +57717-3 0  9997
2 37022 098.4717 232.1774 0151492 014.0481 108.0789 14.02732317521874
1 37024U 99025EDG 18211.92956360 +.00001914 +00000-0 +39883-3 0  9993
2 37024 099.3302 266.6870 0030515 312.6397 047.2228 14.61126194235846
1 37025U 99025EDH 14225.62686498 +.00001691 +00000-0 +92453-3 0  9998
2 37025 098.2409 010.1982 0058630 211.6795 148.1333 14.12310199364945
1 37026U 99025EDJ 18213.32170593  .00000476  00000-0  20975-3 0  9991
2 37026  98.7980 262.5487 0055280  28.3519 332.0650 14.27211698495450
1 37027U 99025EDK 12269.99706184 -.00225168 +00000-0 -95582-1 0  9994
2 37027 098.8325 286.9156 0124832 037.2816 323.8819 14.22836690193952
1 37028U 99025EDL 18212.60537535 +.00000411 +00000-0 +26428-3 0  9994
2 37028 099.2614 344.6382 0041431 066.2175 294.3329 14.08515673224856
1 37029U 99025EDM 11154.27664917 +.00003802 +00000-0 +16653-2 0  9996
2 37029 099.7201 322.6126 0040909 144.7798 214.5503 14.23942953177686
1 37030U 99025EDN 18211.90172364  .00001733  00000-0  73917-3 0  9997
2 37030  99.7102 250.6922 0033576  72.1845 287.8779 14.26321978506439
1 37031U 99025EDP 13276.59222959 +.00003598 +00000-0 +12519-2 0  9996
2 37031 099.6938 202.3361 0054442 202.5395 157.4716 14.35336407267127
1 37032U 99025EDQ 18213.26453043  .00002640  00000-0  25217-3 0  9994
2 37032  99.3751  19.9351 0089491 134.9360 225.9158 14.91467532566625
1 37033U 99025EDR 14010.74901544 +.00001926 +00000-0 +56596-3 0  9993
2 37033 099.6810 354.2668 0119936 182.1140 177.9553 14.41089992322574
1 37034U 99025EDS 10029.37010495 +.00001032 +00000-0 +36414-3 0  9990
2 37034 098.9503 074.3057 0108017 334.4475 031.7245 14.33842578122895
1 37035U 99025EDT 18213.28988739  .00000876  00000-0  50998-3 0  9997
2 37035 100.6371 236.7888 0066311 197.3489 162.5409 14.10994845557333
1 37036U 99025EDU 18212.37151621 +.00000276 +00000-0 +19865-3 0  9991
2 37036 098.9315 267.0300 0129364 003.0288 357.1632 14.00999727260429
1 37038U 99025EDW 18171.04328661  .00001486  00000-0  65297-3 0  9995
2 37038  99.0355 266.5387 0061562 190.7915 169.1946 14.24144179526504
1 37039U 99025EDX 12238.29438248 +.00007539 +00000-0 +11388-2 0  9990
2 37039 098.9700 034.6354 0121923 268.8898 087.6090 14.69676837225162
1 37040U 99025EDY 18213.12388025  .00000599  00000-0  29755-3 0  9997
2 37040  99.5649 176.6777 0082962 282.2518 138.1344 14.19651055493821
1 37041U 99025EDZ 18195.95074527  .00000433  00000-0  32047-3 0  9992
2 37041  98.9794  91.4121 0163467 240.1763 118.3062 13.94410498548068
1 37042U 99025EEA 18212.32897925 +.00000641 +00000-0 +22217-3 0  9998
2 37042 098.7398 252.9551 0105258 192.9685 166.8790 14.36052805339569
1 37043U 99025EEB 18213.04130609  .00002587  00000-0  63772-3 0  9990
2 37043  99.3270 140.2069 0090135 340.5645  19.2117 14.50774230519319
1 37044U 99025EEC 18207.11220452 -.00000003 +00000-0 +23932-4 0  9995
2 37044 098.9412 161.1645 0594723 266.7738 086.5232 13.48053358473792
1 37045U 99025EED 18204.26640283 +.00000957 +00000-0 +59633-3 0  9990
2 37045 098.3215 210.0786 0130282 254.2087 104.4683 14.02942052538457
1 37046U 99025EEE 18209.32897016 +.00000248 +00000-0 +14114-3 0  9999
2 37046 098.7992 245.2732 0057302 154.2587 206.1460 14.17582845259527
1 37047U 99025EEF 18213.55687323 -.00000688  00000-0 -57025-3 0  9996
2 37047  99.1536 345.0218 0279557  82.2869 280.9924 13.69096651554137
1 37048U 99025EEG 18212.96199341 +.00000113 +00000-0 +15903-3 0  9999
2 37048 098.9037 261.5086 0257004 325.9621 154.1427 13.62435409255052
1 37049U 99025EEH 18212.69403289  .00000497  00000-0  26267-3 0  9999
2 37049  99.2837  31.7990 0048927 305.2857  54.3745 14.18132410542084
1 37051U 99025EEK 18213.41493591  .00101527  00000-0  21724-2 0  9996
2 37051  98.9111 193.2655 0008644 151.6598 208.5117 15.44381013477478
1 37052U 99025EEL 18198.42133264  .00000113  00000-0  16498-3 0  9990
2 37052  98.7440 266.5597 0549043 334.0644  23.3876 13.21111334476253
1 37053U 99025EEM 18208.48738719 +.00000459 +00000-0 +18128-3 0  9990
2 37053 099.1470 098.2990 0058872 139.3823 345.1564 14.33138176494682
1 37054U 99025EEN 18213.37704121  .00000082  00000-0  60273-4 0  9996
2 37054  98.6681 261.0636 0103531 298.6364  60.4428 14.16359096502931
1 37055U 99025EEP 18212.43731549  .00000579  00000-0  16869-3 0  9999
2 37055  98.6182 296.1032 0106151  88.0211 273.3132 14.44778342511690
1 37056U 99025EEQ 18211.41067893  .00000111  00000-0  33778-4 0  9992
2 37056  98.9799  66.5183 0302151 234.2338 123.0411 14.39812445486360
1 37057U 99025EER 18212.28781236  .00000082  00000-0  70013-4 0  9993
2 37057  99.1921 242.3515 0291601 303.2001  54.1507 13.93190395471237
1 37058U 99025EES 18210.94676930  .00001819  00000-0  48020-3 0  9990
2 37058  96.6781 272.3413 0099778  99.8071 252.9549 14.46772870460606
1 37059U 99025EET 15249.98317232  .00010772  00000-0  11636-2 0  9991
2 37059  98.6068 326.5617 0132532 303.7366  55.1677 14.82262040353312
1 37060U 99025EEU 18213.22246166  .00000292  00000-0  23241-3 0  9993
2 37060  99.3278 211.2923 0082475 151.3812 209.1914 13.97622518544242
1 37061U 99025EEV 18211.21259794  .00000434  00000-0  26760-3 0  9999
2 37061  98.0350 197.6178 0906016   7.1442 354.1624 12.89782540693091
1 37062U 99025EEW 13239.81117959 +.00000694 +00000-0 +18360-3 0  9992
2 37062 098.6149 244.9623 0218378 003.9261 002.7389 14.39013980259774
1 37064U 99025EEY 18212.37975235  .00000809  00000-0  64312-3 0  9996
2 37064  98.9019  48.7591 0141162 317.0437  41.9767 13.89553528454772
1 37065U 99025EEZ 18189.65573240 -.00000223  00000-0 -17493-3 0  9991
2 37065 103.3171 130.1805 0317102 288.4044  68.2844 13.49103414517084
1 37067U 99025EFB 18212.91413340 +.00000740 +00000-0 +68799-3 0  9990
2 37067 099.3816 094.8078 0216573 008.7493 351.7338 13.75406260202505
1 37068U 99025EFC 18212.25505043  .00006858  00000-0  48058-3 0  9992
2 37068  98.6332  16.2639 0099499 113.8741 247.2945 15.01613755511058
1 37069U 99025EFD 18204.26046956 +.00000631 +00000-0 +82820-3 0  9996
2 37069 095.8428 215.0282 0453935 235.4414 120.3092 13.27283117518124
1 37070U 99025EFE 14360.12828883 +.00008172 +00000-0 +16173-2 0  9994
2 37070 098.7814 123.3516 0150446 319.3414 029.8394 14.55620330274379
1 37074U 99025EFJ 10249.68255970 +.00008707 +00000-0 +80018-3 0  9996
2 37074 099.2133 071.4264 0218646 194.0568 165.4267 14.78642535095059
1 37076U 99025EFL 18174.83415751  .00000739  00000-0  45484-3 0  9990
2 37076  98.2978 198.3405 0161171 266.6509  91.6211 14.02127951495425
1 37077U 99025EFM 18210.15588021 +.00000087 +00000-0 +45099-4 0  9997
2 37077 099.0337 102.6678 0103054 307.4939 051.6909 14.35836523463299
1 37079U 99025EFP 18213.32018938  .00000608  00000-0  29996-3 0  9992
2 37079  98.9306 261.8535 0023689  49.7650 310.5594 14.21105770491225
1 37080U 99025EFQ 18168.95447963 +.00000763 +00000-0 +47321-3 0  9990
2 37080 098.1593 078.8174 0174829 331.8728 027.3078 14.00466673494464
1 37081U 99025EFR 18213.13168540  .00000390  00000-0  29956-3 0  9993
2 37081  98.7415 174.3315 0380514  46.9352 316.2997 13.68595921488656
1 37084U 93036BFE 18184.57818344 +.00000125 +00000-0 +18991-4 0  9995
2 37084 074.0333 158.3349 0142157 233.1726 125.6343 14.79660053259181
1 37085U 93036BFF 18212.53534214 +.00000396 +00000-0 +62380-4 0  9996
2 37085 073.9807 172.8968 0093540 300.2634 058.9304 14.73555681272116
1 37086U 93036BFG 18211.81282344  .00000656  00000-0  13848-3 0  9994
2 37086  74.0044 356.4578 0056111  70.0305 290.6892 14.60506389435697
1 37087U 93036BFH 18212.43807245  .00001522  00000-0  33894-3 0  9993
2 37087  74.0207 226.2489 0208718 270.2859  87.4385 14.45294417457832
1 37088U 93036BFJ 18212.79276022  .00000684  00000-0  13721-3 0  9991
2 37088  74.0224 344.4315 0025445  69.8397 290.5504 14.63536696445392
1 37089U 93036BFK 18212.10092324 +.00000243 +00000-0 +96971-4 0  9998
2 37089 074.0449 358.7235 0208193 034.3584 327.0823 14.22487441276401
1 37092U 93036BFN 18212.77138161  .00001865  00000-0  30946-3 0  9995
2 37092  74.0214  17.6109 0016156  13.8074 346.3536 14.70873247468525
1 37093U 93036BFP 18206.73111500 +.00001912 +00000-0 +32167-3 0  9993
2 37093 074.0218 353.6949 0163290 199.6922 159.7896 14.61912703456772
1 37094U 93036BFQ 18212.60464902  .00000296  00000-0  12611-3 0  9990
2 37094  74.1159 309.9563 0098959 261.5599  97.4323 14.26840554463374
1 37095U 93036BFR 18213.27766466  .00000367  00000-0  24728-3 0  9996
2 37095  73.8495 189.6396 0221143  16.5705 344.2500 13.92795957474236
1 37097U 93036BFT 14006.09072096 -.00161143 +00000-0 -34702-1 0  9996
2 37097 074.0192 278.5435 0113048 056.5630 304.6281 14.55483772199219
1 37101U 93036BFX 18212.38628880  .00000372  00000-0  11132-3 0  9993
2 37101  74.0411 106.1245 0064340 144.9291 215.6130 14.45159971438376
1 37103U 93036BFZ 18209.27201183  .00001731  00000-0  16696-3 0  9992
2 37103  73.7824  82.5895 0058739 103.7189 257.0541 14.92553302465277
1 37105U 93036BGB 18212.96382473  .00000050  00000-0  34370-4 0  9999
2 37105  73.8908 316.9806 0393238  59.6117 304.3265 13.86460440463050
1 37108U 93036BGE 18212.59925794 +.00000387 +00000-0 +15956-3 0  9991
2 37108 074.0505 292.8733 0118300 307.7292 051.3179 14.26509035470315
1 37110U 93036BGG 18212.16962514  .00000934  00000-0  13958-3 0  9996
2 37110  73.7993 155.6589 0057145  76.0170 284.7347 14.75324402448197
1 37111U 93036BGH 18206.06032433 +.00006174 +00000-0 +37454-3 0  9996
2 37111 074.0102 099.5083 0048143 145.9316 214.4983 15.09765796452166
1 37114U 93036BGL 18212.86812876 +.00001069 +00000-0 +27791-3 0  9992
2 37114 073.8185 042.6595 0056607 126.4686 234.1709 14.50023178198340
1 37118U 93036BGQ 18209.43736938 +.00000489 +00000-0 +14773-3 0  9990
2 37118 074.0292 123.5632 0014025 146.3209 213.8843 14.45013820462778
1 37120U 93036BGS 18206.70843477 +.00001071 +00000-0 +34818-3 0  9997
2 37120 074.0184 218.2272 0055113 207.5878 152.2350 14.39154841446940
1 37123U 93036BGV 18212.12260681  .00001271  00000-0  24774-3 0  9995
2 37123  73.9943   0.3950 0011601  87.7345  34.7294 14.64093323445932
1 37124U 93036BGW 18212.27185973  .00001355  00000-0  37603-3 0  9990
2 37124  74.0127 192.4485 0089580 222.7477 136.6690 14.45206868460605
1 37125U 93036BGX 18211.94878482 +.00000943 +00000-0 +15979-3 0  9992
2 37125 074.0238 306.9621 0023908 062.0317 298.3270 14.70603784093083
1 37126U 93036BGY 18212.26312765  .00000096  00000-0  21486-4 0  9996
2 37126  73.9517 183.0934 0137008 328.9215  30.3898 14.66114181455075
1 37127U 93036BGZ 18211.51861761  .00001184  00000-0  34656-3 0  9990
2 37127  74.0104 168.0433 0040873 155.3282 204.9843 14.44597346460626
1 37131U 93036BHD 18212.25515117 +.00001527 +00000-0 +34916-3 0  9998
2 37131 074.0197 069.2735 0020427 079.8850 280.4617 14.56461800462532
1 37132U 93036BHE 18212.01127756 +.00000203 +00000-0 +51961-4 0  9991
2 37132 074.0124 346.1258 0058315 085.6507 275.1316 14.55798233231107
1 37133U 93036BHF 18210.13450497 -.00001012 +00000-0 -56547-3 0  9999
2 37133 074.0180 023.3172 0307011 071.2666 292.1512 13.88559830417607
1 37136U 97051XG  18196.93475189 +.00000235 +00000-0 +98039-4 0  9996
2 37136 086.1785 075.1284 0086261 345.7479 014.1275 14.20082545473438
1 37269U 93036BHH 18212.68895451 +.00000217 +00000-0 +11860-3 0  9997
2 37269 074.1725 105.4151 0126938 353.6610 006.2918 14.13559327275690
1 37270U 93036BHJ 18210.29973657 -.00000068 +00000-0 -46545-4 0  9994
2 37270 073.9401 330.0269 0449638 129.1736 235.0222 13.44589609407557
1 37271U 93036BHK 18213.55565319  .00002014  00000-0  27020-3 0  9996
2 37271  74.0430 287.1703 0017328 357.0837   3.0235 14.79986387436594
1 37273U 93036BHM 18213.15406706  .00001247  00000-0  34272-3 0  9992
2 37273  74.0065 135.7844 0033772 126.9218 233.5043 14.47733232433522
1 37275U 93036BHP 18213.28433267  .00001606  00000-0  77099-3 0  9993
2 37275  73.9356  73.5817 0170350 168.6083 191.8992 14.12374086450585
1 37277U 93036BHR 18213.47575272  .00001005  00000-0  28067-3 0  9993
2 37277  74.0457 137.0557 0033985 128.5231 231.8984 14.47190559438468
1 37278U 93036BHS 18213.31631052  .00000104  00000-0  53710-4 0  9999
2 37278  73.7905  80.8765 0341345 357.4539 120.8600 14.00888232417768
1 37280U 93036BHU 18212.15979602 +.00000377 +00000-0 +21367-3 0  9993
2 37280 074.0185 119.6183 0161936 144.7210 216.4776 14.06767300193821
1 37281U 93036BHV 13164.87651259 +.00008779 +00000-0 +24822-2 0  9991
2 37281 074.0504 344.7141 0022935 356.1473 002.7630 14.45580940166592
1 37282U 93036BHW 18208.05913816 +.00000749 +00000-0 +16175-3 0  9998
2 37282 073.8936 345.8136 0078018 318.0688 041.4517 14.58477697479525
1 37284U 93036BHY 18198.36038403  .00000727  00000-0  42768-3 0  9995
2 37284  74.0191 197.9204 0192495 242.4066 183.4439 14.00957012426298
1 37285U 93036BHZ 12322.50414886  .00003793  00000-0  12804-2 0  9991
2 37285  74.0350  22.6674 0026584 177.5664 182.5622 14.37086204179327
1 37286U 93036BJA 13109.02300440 +.00008391 +00000-0 +12011-2 0  9992
2 37286 074.0179 328.3264 0115690 161.3137 200.9770 14.72183664151822
1 37287U 93036BJB 18212.58736347  .00001996  00000-0  59866-4 0  9998
2 37287  74.0407 167.7491 0085548 199.2929 287.0609 15.31801446473219
1 37292U 93036BJG 18212.60548882  .00000867  00000-0  57084-3 0  9997
2 37292  74.1358 313.9584 0242492 274.8500  82.4982 13.90018648472146
1 37293U 93036BJH 18213.31280665  .00000363  00000-0  14349-3 0  9997
2 37293  73.9227 201.4030 0084953 322.2758  37.2452 14.30650529429388
1 37294U 93036BJJ 18213.15457174  .00000495  00000-0  10803-3 0  9998
2 37294  74.0687  36.6638 0041595  41.6396 318.7923 14.60024176453303
1 37295U 93036BJK 18213.07477655  .00000189  00000-0  51751-4 0  9994
2 37295  74.0118 353.2083 0054996 109.8373 250.8728 14.53218422433090
1 37296U 93036BJL 18209.10331215 +.00001198 +00000-0 +35001-3 0  9995
2 37296 073.8371 117.8205 0073047 202.3220 157.4753 14.43690460425026
1 37297U 93036BJM 18179.35462940 +.00001483 +00000-0 +30165-3 0  9992
2 37297 074.0260 059.5816 0020353 175.4026 184.7332 14.61904472455214
1 37299U 93036BJP 18213.41162155  .00002726  00000-0  31644-3 0  9999
2 37299  73.8556 230.1921 0043714 229.3062 130.4315 14.85290062468111
1 37303U 93036BJT 18212.35824396  .00003207  00000-0  32642-3 0  9993
2 37303  74.0028 221.6792 0028497 290.9179  68.8953 14.90908310455250
1 37305U 93036BJV 18213.29060523  .00000168  00000-0  77197-4 0  9991
2 37305  73.8703 193.6109 0054848 324.5294  35.2210 14.28122935465077
1 37306U 93036BJW 18212.92778045 +.00001165 +00000-0 +23789-3 0  9991
2 37306 074.0718 045.7427 0089272 045.4091 024.1784 14.59599654343562
1 37307U 93036BJX 18185.49706611  .00001847  00000-0  17750-3 0  9991
2 37307  74.0224 243.9672 0026317 334.9838  25.0068 14.93621824483670
1 37309U 93036BJZ 18212.51501943  .00012958  00000-0  45476-3 0  9999
2 37309  74.0132  34.8061 0029704  46.6039 313.7628 15.29018173483803
1 37312U 93036BKC 18212.49941862  .00000122  00000-0  48269-4 0  9992
2 37312  74.0341 143.4562 0020538 187.8571 172.2265 14.38798542474301
1 37314U 93036BKE 18213.38819061  .00001154  00000-0  12072-3 0  9996
2 37314  73.9330 109.6251 0075399 335.8090  23.9555 14.88985519460782
1 37315U 93036BKF 16249.93329128  .00000583  00000-0  18053-3 0  9995
2 37315  74.0251 335.6020 0016247 180.7077 179.4590 14.41113040445668
1 37316U 93036BKG 18211.99916847 +.00000537 +00000-0 +14604-3 0  9990
2 37316 074.0369 097.6525 0075247 132.5496 228.2049 14.48293128469301
1 37320U 93036BKL 18212.03274633 +.00000195 +00000-0 +47431-4 0  9996
2 37320 074.0559 334.3617 0066489 037.8481 322.7331 14.58311482267832
1 37322U 93036BKN 18210.35927358 +.00001423 +00000-0 +14708-3 0  9995
2 37322 074.0502 183.9132 0049171 214.6733 296.2486 14.90338140278021
1 37323U 93036BKP 18212.37220795  .00010920  00000-0  32506-3 0  9999
2 37323  73.9069 219.5504 0042652  22.2847 338.0197 15.33855032482790
1 37325U 93036BKR 18212.19791465  .00000969  00000-0  18327-3 0  9995
2 37325  74.1209  26.9386 0041446 349.4217  10.6075 14.65280251474714
1 37326U 93036BKS 18213.13250310  .00000134  00000-0  40091-4 0  9998
2 37326  74.0283  19.9500 0067424  97.3005 263.5826 14.51012712465807
1 37327U 93036BKT 18212.30808416 +.00000781 +00000-0 +20415-3 0  9998
2 37327 074.0243 079.5685 0025784 120.0031 240.3693 14.50871559268544
1 37329U 93036BKV 18212.38419964 +.00003455 +00000-0 +32475-3 0  9994
2 37329 074.0123 196.5683 0028463 263.2298 096.5647 14.94053108474777
1 37330U 93036BKW 18212.07803268 +.00000080 +00000-0 +25932-4 0  9998
2 37330 074.0209 351.4813 0063990 143.1006 217.4585 14.52725336472358
1 37331U 93036BKX 18212.83025843 +.00000191 +00000-0 +85452-4 0  9994
2 37331 074.0758 267.9556 0063552 241.9878 117.4832 14.28086667462961
1 37334U 93036BLA 18212.84695509 +.00008123 +00000-0 +32369-3 0  9991
2 37334 074.0138 005.6003 0028289 060.4955 299.9061 15.24977721356473
1 37335U 93036BLB 18212.19787961  .00001262  00000-0  35972-3 0  9994
2 37335  74.0080 165.6064 0045365 167.0172 193.2166 14.45686974418507
1 37336U 93036BLC 18212.63879126 -.00000017  00000-0  33626-5 0  9993
2 37336  74.0397 198.3370 0031066 215.0934 144.8171 14.31776242442985
1 37337U 93036BLD 18213.07676191  .00000590  00000-0  12450-3 0  9995
2 37337  74.0221 348.1541 0036986  65.1476  54.7064 14.61313537469557
1 37340U 93036BLG 18212.29575322 +.00000045 +00000-0 +25235-4 0  9997
2 37340 074.0255 173.1995 0019591 203.0284 156.9992 14.34295983454609
1 37341U 93036BLH 18212.32978216 +.00009495 +00000-0 +45158-3 0  9994
2 37341 073.9945 077.1516 0016946 187.7158 290.7103 15.19159219473545
1 37342U 93036BLJ 18213.37188523  .00000988  00000-0  18452-3 0  9990
2 37342  73.7395 217.3947 0039879 189.5293 170.5123 14.65985267467134
1 37343U 93036BLK 18208.39942082 +.00000527 +00000-0 +18480-3 0  9995
2 37343 074.0205 234.2955 0120869 148.7499 212.0913 14.33441320264867
1 37379U 01055G   18212.72352653 -.00002442  00000-0 -49160-2 0  9993
2 37379  66.1045 308.5941 0121058 150.2639   3.2999 13.29480358786147
1 37400U 99025EFS 18213.30845847  .00000073  00000-0  87155-4 0  9993
2 37400  98.8623 245.3370 0410312 306.3877  50.0064 13.60450218436379
1 37401U 99025EFT 18212.33704602  .00000184  00000-0  78214-4 0  9998
2 37401  98.7128 245.2703 0179152 221.6377 137.1049 14.28771851469859
1 37402U 99025EFU 18212.26925914  .00001551  00000-0  38892-3 0  9998
2 37402  99.3636 243.7777 0028615  48.8492 311.5163 14.52816339475073
1 37403U 99025EFV 18212.02068534  .00004202  00000-0  47671-3 0  9990
2 37403  98.9221 129.0768 0036349  23.3290 336.9562 14.86521429503258
1 37404U 99025EFW 18212.57549705 +.00000341 +00000-0 +16601-3 0  9994
2 37404 098.6505 251.7469 0050204 114.7805 041.6651 14.23752661443881
1 37405U 99025EFX 18212.99094447  .00000964  00000-0  22806-3 0  9994
2 37405  98.5973 282.7897 0086659 303.8773  55.4200 14.54320388495293
1 37406U 99025EFY 18199.96779116 +.00000115 +00000-0 +10108-3 0  9999
2 37406 098.4344 246.3657 0162696 288.4269 193.2307 13.96311528254371
1 37408U 99025EGA 18207.87236753 +.00002923 +00000-0 +74507-3 0  9998
2 37408 098.5535 174.3063 0067292 102.9406 287.1735 14.50014691430518
1 37409U 99025EGB 17316.22690948  .00001540  00000-0  87200-3 0  9996
2 37409  97.7846 118.7296 0124567  94.7494 266.7916 14.07372206513291
1 37410U 99025EGC 18201.34667402  .00000480  00000-0  39513-3 0  9990
2 37410  98.0989  39.8834 0139027  58.0685 303.3910 13.88676404535783
1 37411U 99025EGD 18176.05592118  .00000051  00000-0  48358-4 0  9993
2 37411  97.8048 252.2565 0278130  38.1988 323.8529 13.91545540487883
1 37412U 99025EGE 18213.52254140  .00001208  00000-0  49227-3 0  9998
2 37412  98.9529 316.4798 0018748 311.9175  48.0407 14.29298215462776
1 37413U 99025EGF 18212.02473694 +.00001639 +00000-0 +56487-3 0  9994
2 37413 098.6498 138.2133 0077993 327.8353 031.8087 14.35588001254633
1 37414U 99025EGG 18212.35371946  .00001264  00000-0  72401-3 0  9996
2 37414  98.0391  59.3633 0210882 185.9811 175.3572 14.00351111533372
1 37415U 99025EGH 18206.38978606 -.00000044 +00000-0 -67636-5 0  9992
2 37415 098.9003 185.4902 0287925 221.5672 136.3252 13.50313718545174
1 37416U 99025EGJ 18201.41454170 +.00001324 +00000-0 +52467-3 0  9991
2 37416 099.2346 055.8221 0045968 233.6954 125.9977 14.30168062219691
1 37417U 99025EGK 18212.28200694 -.00000005  00000-0  23852-4 0  9992
2 37417  98.9009 243.7801 0080436 250.9130 108.3314 14.04810219493821
1 37418U 99025EGL 18204.94210850 +.00001132 +00000-0 +30112-2 0  9998
2 37418 098.6170 250.8822 1082044 221.4610 129.9268 11.90314009384547
1 37419U 99025EGM 18011.00269686  .00002345  00000-0  12278-2 0  9993
2 37419  98.6158 288.0225 0494469  43.3141 320.5789 13.66546418358062
1 37420U 99025EGN 18200.89248448 +.00000392 +00000-0 +30407-3 0  9990
2 37420 098.9941 241.3372 0074149 183.6796 176.3830 13.97143338220010
1 37421U 99025EGP 18212.94117444 +.00000044 +00000-0 +93806-4 0  9998
2 37421 098.8987 100.0134 0413417 356.3771 003.4393 13.38588978249309
1 37422U 99025EGQ 18185.97721334  .00000649  00000-0  34261-3 0  9990
2 37422  98.9422 239.0677 0039196 308.2553  51.5097 14.17038089488718
1 37423U 99025EGR 18209.96287687 +.00000245 +00000-0 +18695-3 0  9990
2 37423 099.0328 277.5272 0053313 107.8092 252.8900 14.01971563258228
1 37424U 99025EGS 18209.95373621 +.00000168 +00000-0 +90620-4 0  9997
2 37424 097.2115 113.6780 0238933 327.6998 030.9731 14.08348532471828
1 37425U 99025EGT 18175.10250382  .00000457  00000-0  41399-3 0  9994
2 37425  97.1739 281.8016 0169445 312.1556 170.6946 13.80877202473530
1 37426U 99025EGU 16061.14323924 +.00003714 +00000-0 +98617-3 0  9998
2 37426 096.6369 033.5424 0078370 167.6581 203.8538 14.47218032071888
1 37427U 99025EGV 18212.53068897  .00000117  00000-0  17977-4 0  9992
2 37427  98.5882 118.4679 0263955 218.1392 140.0877 14.73404995573487
1 37428U 99025EGW 18212.66330169  .00000656  00000-0  35715-3 0  9998
2 37428  97.7306  15.2684 0079384 127.5130 233.3296 14.13276356564960
1 37429U 99025EGX 18210.34701714 -.00000058 +00000-0 -90898-5 0  9993
2 37429 098.8457 266.5250 0107729 038.5192 322.3603 14.05906276252129
1 37430U 99025EGY 18211.89780997 +.00000465 +00000-0 +26554-3 0  9992
2 37430 098.9796 249.8294 0023127 202.1358 157.8818 14.14538320235404
1 37432U 99025EHA 18210.92425441  .00000254  00000-0  74159-4 0  9998
2 37432  98.4553 256.0208 0222726 157.6804 203.4264 14.39006163565224
1 37433U 99025EHB 18181.18139999 +.00001501 +00000-0 +10710-2 0  9991
2 37433 098.1228 330.9237 0271789 239.4181 117.9909 13.82461284567116
1 37434U 99025EHC 18212.05155830 +.00000862 +00000-0 +22498-3 0  9991
2 37434 099.1360 156.7246 0061967 221.0835 138.5682 14.51295637207681
1 37435U 99025EHD 18205.35862498 +.00000383 +00000-0 +22727-3 0  9995
2 37435 098.8794 250.3226 0047269 158.3863 201.9318 14.12886988507631
1 37436U 99025EHE 18213.25305723  .00000450  00000-0  31778-3 0  9998
2 37436  99.2450 227.4866 0062761  43.4381 317.1704 14.02331578519589
1 37437U 99025EHF 18212.38441296  .00000157  00000-0  98416-4 0  9995
2 37437  98.7401 256.4408 0119439 204.6189 212.2913 14.13995928501266
1 37438U 99025EHG 18208.89442895 +.00000145 +00000-0 +10754-3 0  9998
2 37438 099.0233 237.8901 0029429 280.7953 078.9904 14.09996744528446
1 37439U 99025EHH 18212.84875323 +.00000404 +00000-0 +27505-3 0  9995
2 37439 099.2092 232.3520 0069700 052.0597 073.6909 14.04710424233858
1 37440U 99025EHJ 18212.07275604  .00001237  00000-0  50454-3 0  9992
2 37440  98.9807 318.4685 0064004 339.1310  20.7260 14.28190193574685
1 37441U 99025EHK 18206.27734164 -.00000051 +00000-0 -18624-4 0  9998
2 37441 099.1514 021.3102 0522805 328.5937 028.4910 13.09444379468273
1 37442U 99025EHL 18212.02132793 +.00001395 +00000-0 +33886-3 0  9995
2 37442 099.1401 157.1422 0041715 300.2473 059.4595 14.54203202199981
1 37443U 99025EHM 18212.33351822 +.00001045 +00000-0 +65239-3 0  9995
2 37443 098.4223 252.7202 0145029 259.3953 099.0851 14.01731787518687
1 37444U 99025EHN 18212.90919134 +.00000130 +00000-0 +44570-4 0  9995
2 37444 099.0979 096.0692 0293212 313.0867 044.6111 14.32935622265115
1 37445U 99025EHP 18212.90853820 +.00000104 +00000-0 +60104-4 0  9997
2 37445 099.2673 100.7648 0184049 027.8814 333.2078 14.20995434261751
1 37447U 99025EHR 18212.27558049  .00000288  00000-0  18434-3 0  9995
2 37447  99.1036 234.0250 0041903 276.5798 141.9978 14.11010561476895
1 37448U 99025EHS 18211.32084652  .00000433  00000-0  32690-3 0  9997
2 37448  99.5611 244.4479 0337740 318.6870  38.9170 13.75862498557187
1 37449U 99025EHT 18213.29786202  .00000688  00000-0  76017-4 0  9990
2 37449  98.8737 246.5938 0148761 233.7129 125.0266 14.84001801476817
1 37450U 99025EHU 18170.99537879 +.00000373 +00000-0 +29379-3 0  9994
2 37450 097.6946 089.2411 0331629 290.4064 066.1767 13.73624011485712
1 37452U 99025EHW 18213.39080496  .00001219  00000-0  32714-3 0  9993
2 37452  99.0199  81.2269 0047811 296.3494  63.2792 14.49520207519521
1 37453U 99025EHX 18189.62687820  .00001093  00000-0  10319-2 0  9992
2 37453  97.6567 331.0652 0412927 281.9036  73.6098 13.50493725528645
1 37454U 99025EHY 18212.43479420 +.00003019 +00000-0 +33454-3 0  9990
2 37454 098.9744 202.1647 0042648 228.9236 130.8290 14.87587713438788
1 37455U 99025EHZ 18212.29915512 +.00000743 +00000-0 +10659-3 0  9995
2 37455 099.4424 040.1513 0209035 131.3274 230.6124 14.66659680229239
1 37456U 99025EJA 18212.10033304 +.00000697 +00000-0 +12348-3 0  9991
2 37456 098.9354 180.1538 0114923 176.9872 183.2048 14.66932577213834
1 37457U 99025EJB 18212.13080543 +.00000356 +00000-0 +23903-3 0  9993
2 37457 099.1473 191.3329 0080233 043.2829 317.4605 14.05665205221301
1 37460U 99025EJE 18212.44013807 +.00000439 +00000-0 +20604-3 0  9997
2 37460 098.4724 087.7283 0077310 318.7227 040.8123 14.23379666440439
1 37461U 99025EJF 18212.77602081 +.00000236 +00000-0 +50057-3 0  9992
2 37461 099.8511 046.6024 0691354 061.8116 305.1038 12.71615030177695
1 37462U 99025EJG 18209.85353032 +.00001664 +00000-0 +12995-3 0  9992
2 37462 098.8875 224.4125 0165366 354.2625 005.6692 14.92792176521490
1 37463U 99025EJH 18212.26911106  .00000677  00000-0  16602-3 0  9996
2 37463  98.8267  22.5298 0118310 352.7076   7.2392 14.51951841517394
1 37464U 99025EJJ 18212.66531214  .00001025  00000-0  11061-2 0  9990
2 37464 102.7053 147.0008 0495253 158.0832 204.2289 13.33367898507830
1 37465U 99025EJK 18213.26524429  .00000785  00000-0  24074-3 0  9999
2 37465  99.3665 229.7551 0049583  22.9256 337.4130 14.44216375504794
1 37466U 99025EJL 18213.53435356  .00001092  00000-0  28384-3 0  9990
2 37466  99.1094 115.7520 0126493  57.4972 303.8369 14.47286036504204
1 37467U 99025EJM 18198.61150600  .00013099  00000-0  12069-2 0  9990
2 37467  99.4152 338.5552 0017491 199.6534 160.4009 14.94764244465896
1 37468U 99025EJN 17115.07303952 +.00000849 +00000-0 +56877-3 0  9994
2 37468 098.1470 065.1017 0071628 054.5360 302.6292 14.01911759386757
1 37469U 99025EJP 18212.12664051  .00001644  00000-0  24318-3 0  9999
2 37469  98.9506 175.2092 0063794 236.8869 122.6204 14.75501124440190
1 37470U 99025EJQ 18212.38667140  .00000630  00000-0  26855-3 0  9993
2 37470  98.7960 270.3236 0026993 204.4671 155.5231 14.28488489429674
1 37471U 99025EJR 18176.46238312  .00000960  00000-0  12892-3 0  9999
2 37471  98.7150  53.2017 0192857 242.9620 115.1786 14.70176583504537
