1 43421U 14080K   18213.40796022 -.00000048  00000-0  69489-4 0  9995
2 43421  63.4042 154.7860 0122368   2.3144 357.8423 13.43983409102472
1 43393U 10023C   18212.53821375  .00000847  00000-0  20039-2 0  9991
2 43393 100.3892  62.4815 0005684 148.7729 211.3728 13.26809713226963
1 43404U 12066G   18212.63908645 -.00000073 +00000-0 +18298-4 0  9998
2 43404 063.3584 250.3935 0108741 218.8210 140.4941 12.92717873221348
1 43505U 18025C   18213.12013956  .00001095  00000-0  56552-4 0  9997
2 43505  97.4805 332.3617 0019982  18.1439 342.0504 15.18270263 18262
1 43525U 10007X   18213.46475534  .00004745  00000-0  16094-1 0  9991
2 43525  66.1327 154.0854 5733891  42.4982 349.8581  4.19963433  2729
1 43366U 99040P   18169.06813867 -.00000009  00000-0 -84422-4 0  9993
2 43366  28.2252  93.6334 3941669 200.1033 138.6443  7.02701678 63039
1 43429U 16043D   18212.78998583 +.00000276 +00000-0 +76176-4 0  9993
2 43429 074.9728 023.9029 0241319 271.1366 086.2155 14.35088362107322
1 43407U 13014D   18211.45897045 -.00000125 +00000-0 +00000-0 0  9991
2 43407 014.3785 297.9599 4858277 018.4553 354.3495 01.91511882020219
1 43424U 15040C   18212.35520904  .00000174  00000-0  59251-3 0  9996
2 43424 100.3405 258.5061 0151616  10.8800 349.5530 13.09932135135369
1 43535U 18056G   18212.97161360 +.00633552 +97168-4 +23202-2 0  9997
2 43535 097.8544 284.4906 0323517 081.6545 282.1222 15.38527180003486
1 43369U 01056N   18207.05669247 +.00000673 +00000-0 +37358-3 0  9999
2 43369 099.2649 290.6672 0096748 181.5748 301.8835 14.12436550698930
1 43483U 18047H   18212.01929249 +.00103262 +00000-0 +27391-2 0  9990
2 43483 089.0526 230.2091 0010376 069.9691 290.2680 15.37868958010455
1 43410U 13052E   18213.10320408  .00000074  00000-0  95696-4 0  9996
2 43410  98.8320 168.0281 0247586 155.4223 205.8967 13.74159195235174
1 43427U 16033E   18212.54315729  .00001018  00000-0  10477-3 0  9995
2 43427  97.4822 242.4423 0214267 110.7901 251.6408 14.76790607106051
1 43544U 10007AD  18212.68411836  .00531417  70378-6  92705-2 0  9996
2 43544  65.5703 148.8254 5625420  39.9944   5.4270  4.72170354  2410
1 43374U 07029R   18209.59460477 +.00000608 +00000-0 +57317-3 0  9991
2 43374 071.0684 184.8152 0218065 108.2424 254.2543 13.74848509234611
1 43498U 98067NS  18212.86288380  .00022625  00000-0  32353-3 0  9991
2 43498  51.6407 155.6999 0002582  49.7150 310.4067 15.56126613  7239
1 43413U 13068B   18212.75966466 +.00000199 +00000-0 +71026-4 0  9995
2 43413 097.9716 144.7222 0131445 095.0054 266.6154 14.38675266237346
1 43378U 07052AE  18205.02626682 +.00001740 +00000-0 +25581-2 0  9992
2 43378 064.1731 223.4578 5740553 025.8040 354.1935 04.27314578056684
1 43417U 14016J   18181.26231813  .00162117  00000-0  79861-2 0  9997
2 43417  98.2131 207.6379 0025916 105.4479 254.9617 15.16929933 98810
1 43386U 09055M   18213.22304967  .00001846  00000-0  50058-3 0  9991
2 43386  98.4523 296.6801 0029515 219.8346 140.0681 14.48569686107380
1 43389U 09055Q   18186.30448708  .00182147  00000-0  72870-2 0  9993
2 43389  98.6127 313.1080 0038365 197.8959 162.0926 15.23619162 76758
1 43400U 12026M   18049.18518875 -.00000128  00000-0  00000+0 0  9998
2 43400  12.8400  17.6679 4101926 308.9841  21.0336  1.76667666  6901
1 43501U 87101F   18212.42265226 -.00000025  00000-0  17883-4 0  9992
2 43501  66.0847 130.9417 0026431  67.5921  42.6353 14.55366760345375
1 43420U 14080J   18209.45694990 +.00000223 +00000-0 +50217-3 0  9997
2 43420 063.4059 159.2950 0127261 005.4915 354.7472 13.45528114166858
1 43399U 12025S   18209.64821141 +.00001071 +00000-0 +12207-3 0  9999
2 43399 098.3185 230.8341 0010890 040.1275 320.0743 14.88390620061920
1 43403U 12052C   18213.21677150  .00000156  00000-0  61536-4 0  9995
2 43403  98.0168 129.3461 0224846 301.1029  56.8266 14.28741495302953
1 43504U 17084E   18213.47127791  .00001343  00000-0  66278-4 0  9993
2 43504  97.5699 292.2564 0020012  83.0605 277.2905 15.19522883 33068
1 43507U 18025E   18212.78635841 +.00003486 +00000-0 +10124-3 0  9993
2 43507 097.2352 330.9739 0052783 192.9799 167.0090 15.34774491018494
1 43423U 15030D   18210.59452891 +.00000906 +00000-0 +27572-4 0  9992
2 43423 097.4236 341.7401 0007830 149.6415 210.5284 15.36664960161935
1 43392U 09055T   18213.49489238  .00002129  00000-0  65513-3 0  9999
2 43392  98.5944 296.6566 0012161 222.9022 137.1220 14.42517250100831
1 43365U 99040N   18207.87404368 +.00010577 +00000-0 +18674-2 0  9999
2 43365 028.4197 057.1036 4084297 244.2574 068.4679 07.17751386042931
1 43406U 12073D   18212.70216597  .00000560  00000-0  70983-4 0  9993
2 43406  97.9576 121.7944 0104633 145.9342 214.8645 14.82025903252907
1 43528U 10007AA  18210.96439973 -.00000058  00000-0 -31098-3 0  9991
2 43528  64.8646 153.3513 5691577  43.9610 349.2743  4.17595653  2562
1 43426U 15078B   18212.63269289 +.00000795 +00000-0 +85335-4 0  9998
2 43426 097.3989 154.6539 0204870 291.9304 066.0243 14.77309501138693
1 43368U 00055UC  18212.77188114 +.00004337 +00000-0 +16175-2 0  9994
2 43368 099.1266 324.2582 0019391 339.1367 020.9022 14.32395502124680
1 43431U 17034G   18212.82751503 +.00000002 +00000-0 +29696-4 0  9993
2 43431 043.1037 022.6572 0225120 334.0756 024.8933 14.55416793057601
1 43409U 13052D   18212.27874933  .00000097  00000-0  11253-3 0  9999
2 43409  98.7539 154.2132 0241109 128.0667 234.2505 13.75586959235366
1 43381U 08020C   18213.24947544 -.00000017  00000-0  00000+0 0  9991
2 43381  56.7671 103.7472 0443967 183.7851 175.9222  1.67813874 53789
1 43543U 10007AC  18206.87330625 +.00004048 +00000-0 +10515-1 0  9997
2 43543 066.0052 156.1347 5758353 042.6078 349.7606 04.19679221002378
1 43371U 02003F   18196.46362733 -.00000469  00000-0 -47053-3 0  9995
2 43371  29.0392   2.8949 5634523 350.9572 359.0596  4.44628321 69417
1 43377U 07052AD  18209.06120326 +.00000794 +00000-0 +67460-3 0  9994
2 43377 064.3839 223.5450 5781003 017.8949 356.0911 04.25820223037511
1 43388U 09055P   18212.76504653  .00049732  00000-0  58022-2 0  9999
2 43388  98.6844 330.6437 0026975 144.8427 215.4571 14.84708034 71060
1 43490U 18048E   18213.46217540  .00000103  00000-0  23114-4 0  9994
2 43490  98.1766 289.0864 0036494  62.2894 298.2009 14.74967665  8602
1 43412U 13065C   18213.05445334  .00000034  00000-0  19661-3 0  9995
2 43412 100.4888 305.6566 0132736 334.7897  24.6777 13.17179312217489
1 43500U 87101E   18210.16294188 -.00000028 +00000-0 +16993-4 0  9993
2 43500 066.0875 131.9023 0025858 063.7290 002.8954 14.56158337248870
1 43503U 08061D   18212.09124475 +.00005354 +00000-0 +41784-3 0  9990
2 43503 097.7062 080.8590 0073890 304.1701 055.2531 14.99416366202083
1 43419U 14080H   18206.90025241 +.00000290 +00000-0 +60997-3 0  9999
2 43419 063.4052 165.1875 0126142 001.1227 359.0059 13.45633823162946
1 43391U 09055S   18213.22459121  .00005421  00000-0  14324-2 0  9998
2 43391  98.6924 308.9400 0014509 216.6705 143.3496 14.49229006 82085
1 43396U 12002D   17364.00270595  .00000130  00000-0  00000+0 0  9992
2 43396   2.1149  78.4476 0150960 215.1275 204.1092  1.00237133 20464
1 43416U 14015F   18213.48214988  .00000335  00000-0  18833-3 0  9995
2 43416  98.7730 233.2674 0010904 102.3178 257.9218 14.17058064219010
1 43402U 12052B   18212.98906937  .00000176  00000-0  69223-4 0  9998
2 43402  98.0727 131.1902 0244691 352.4329   7.3186 14.25177530301216
1 43506U 18025D   18213.56590628  .00002177  00000-0  75040-4 0  9997
2 43506  97.4663 335.0228 0043154 174.9953 185.1728 15.30262069 18402
1 43422U 15030C   18213.17604406  .00000847  00000-0  26295-4 0  9994
2 43422  97.4250 344.2106 0006307 144.6425 215.5239 15.36211971166956
1 43526U 10007Y   18212.45290599  .00002839  00000-0  12143-1 0  9999
2 43526  65.2951 153.3703 5731873  44.3653 349.3332  4.17520411  2308
1 43425U 15040D   18212.45600996 +.00000023 +00000-0 +15644-3 0  9999
2 43425 100.4183 287.0498 0141953 348.3875 011.3980 13.21869325140250
1 43405U 12073C   18212.51437002  .00002218  00000-0  11534-3 0  9995
2 43405  98.2156 232.5318 0068870 319.8434  39.7718 15.15297924257042
1 43367U 99040Q   18211.52948419 -.00000612  00000-0 -93895-3 0  9998
2 43367  28.2909   3.9325 3974676 345.1825   2.2728  7.04395076144299
1 43430U 17034F   18212.85460947 -.00000024  00000-0  25665-4 0  9991
2 43430  43.0143  31.7054 0243563 321.3075  37.0521 14.51671991 55085
1 43408U 13052C   18212.66610844  .00000084  00000-0  97791-4 0  9998
2 43408  98.7593 168.9753 0223683 106.4689 256.1171 13.79542546236032
1 43395U 11023J   18049.52743214 -.00000301 +00000-0 +00000-0 0  9996
2 43395 004.6148 062.4282 0147418 325.2667 034.0356 01.02865096022775
1 43428U 16043C   18212.87827875 +.00000222 +00000-0 +68538-4 0  9991
2 43428 074.9691 043.1222 0285053 298.7495 058.5289 14.25586228107817
1 43487U 18048D   18212.44992629 +.00000202 +00000-0 +37406-4 0  9994
2 43487 097.9095 286.1559 0036168 063.5928 296.8986 14.74847374008735
1 43411U 13052F   18211.50436781 -.00000016  00000-0  11680-4 0  9999
2 43411  98.6687 299.1981 0005438 153.0639 207.0824 14.26440329243934
1 43376U 07052AC  18052.38388107  .00000299  00000-0  19230-2 0  9998
2 43376  65.2868 324.7011 5771517   6.6687 358.5581  4.09354753 49002
1 43380U 07052AG  18047.17329153  .00003875  00000-0  68594-2 0  9990
2 43380  64.3565 285.8538 5738357  26.9564 353.9214  4.26292432 46425
1 43387U 09055N   18211.76055949  .00015431  00000-0  33411-2 0  9990
2 43387  98.6994 315.0425 0039037 150.2361 210.1069 14.57820428 96388
1 43536U 18056H   18213.15000592  .00967107  22941-5  28904-2 0  9996
2 43536  98.2786 285.9326 0310078  97.9813 265.6736 15.44386410  3503
1 43370U 01056P   18210.71548481 +.00000126 +00000-0 +22952-3 0  9991
2 43370 099.3653 179.2616 0138025 326.4414 032.8037 13.55224357231702
1 43375U 07029S   18211.14519942  .00000420  00000-0  29494-3 0  9995
2 43375  70.9057 131.5696 0125598 269.9941 156.5882 14.00330177552095
1 43499U 87101D   18211.20042010 -.00000008  00000-0  21544-4 0  9997
2 43499  66.0842 131.7944 0026010  68.0502 292.3365 14.55809241175301
1 43414U 14007D   18213.37077239 -.00000117  00000-0  00000+0 0  9990
2 43414  14.2596 317.9814 4710451 303.3625  20.1909  1.89406827 26253
1 43379U 07052AF  18211.48299490  .00001448  00000-0  14430-2 0  9999
2 43379  64.0685 210.5833 5749734  30.7815 352.9577  4.30063453 60251
1 43502U 90055E   18212.78558223 +.00010031 +00000-0 +11166-3 0  9990
2 43502 062.7752 336.0104 0044787 084.8337 275.7899 15.62236372263662
1 43418U 14080G   18210.46135548 -.00000065 +00000-0 +40063-4 0  9990
2 43418 063.4095 160.0552 0124294 002.3268 357.8310 13.44481714157761
1 43390U 09055R   18213.03515878  .00006637  00000-0  15833-2 0  9994
2 43390  98.5710 302.9897 0005947 261.9942  98.0579 14.54027787 85272
1 43394U 10023D   18011.43749006  .00001237  00000-0  28196-2 0  9994
2 43394 100.4267 220.9987 0040066 290.8949  68.7884 13.27952810207490
1 43401U 12026N   18211.34019182 -.00000135  00000-0  00000+0 0  9993
2 43401  12.3578   3.9856 4135585 332.1703 319.3807  1.75796693 38220
1 43502U 90055E   18211.95346400  .00009720  00000-0  10843-3 0  9994
2 43502  62.7754 339.1053 0044792  84.9547 275.6691 15.62217804844697
1 43418U 14080G   18209.27130472 -.00000073 +00000-0 +27846-4 0  9991
2 43418 063.4092 163.1128 0123340 002.3756 357.7830 13.44481610157619
1 43387U 09055N   18210.73101312 +.00014854 +00000-0 +32185-2 0  9997
2 43387 098.6998 313.9660 0039324 151.1588 209.1795 14.57789126096237
1 43505U 18025C   18212.79060826 +.00001074 +00000-0 +55528-4 0  9996
2 43505 097.4805 332.0359 0020018 019.2772 340.9215 15.18269469018213
1 43390U 09055R   18211.03951563 +.00006526 +00000-0 +15580-2 0  9993
2 43390 098.5712 300.9470 0005792 268.7531 091.3001 14.54001286084985
1 43401U 12026N   18208.57563420 -.00000151 +00000-0 +00000-0 0  9992
2 43401 012.3588 004.1732 4135702 331.7928 009.8066 01.75796703038176
1 43421U 14080K   18207.30669518 -.00000067 +00000-0 +37589-4 0  9993
2 43421 063.4038 170.4206 0121791 002.2241 357.9301 13.43983126101653
1 43424U 15040C   18211.36232853 +.00000127 +00000-0 +46318-3 0  9997
2 43424 100.3406 257.5457 0151652 013.1314 347.3677 13.09931891135236
1 43393U 10023C   18209.82360769 +.00000754 +00000-0 +17959-2 0  9998
2 43393 100.3893 059.7651 0004847 162.6942 197.4343 13.26804062226603
1 43404U 12066G   18211.55609940 -.00000079  00000-0 -35926-5 0  9999
2 43404  63.3585 252.9319 0108800 218.7742 140.5414 12.92717794259099
1 43525U 10007X   18211.79782202 -.00001958  00000-0 -70477-2 0  9999
2 43525  66.1197 154.6367 5729501  42.5753 349.8085  4.19923982  2655
1 43427U 16033E   18211.52680608 +.00001045 +00000-0 +10743-3 0  9999
2 43427 097.4821 241.4989 0214240 114.0825 248.2961 14.76788685105901
1 43366U 99040P   18166.08570931 -.00000052  00000-0 -17006-3 0  9995
2 43366  28.2180  98.2962 3941757 192.4974 153.9107  7.02702102 62828
1 43429U 16043D   18211.88372981 +.00000281 +00000-0 +77551-4 0  9995
2 43429 074.9727 025.4709 0241321 273.1378 084.2195 14.35087927107194
1 43407U 13014D   18210.41471443 -.00000134 +00000-0 +00000-0 0  9996
2 43407 014.3809 298.0686 4858243 018.2487 354.4021 01.91511922020190
1 43386U 09055M   18212.87767933 +.00001815 +00000-0 +49254-3 0  9999
2 43386 098.4523 296.3345 0029466 220.8623 139.0361 14.48568210107335
1 43535U 18056G   18212.77648346  .00631325  96302-4  23226-2 0  9990
2 43535  97.8550 284.2815 0324355  82.3473 281.4449 15.38279974  3454
1 43369U 01056N   18203.43199253 +.00000729 +00000-0 +40290-3 0  9993
2 43369 099.2647 286.9201 0096441 191.5783 231.2839 14.12431548221657
1 43483U 18047H   18211.82407730 +.00106380 +00000-0 +28241-2 0  9993
2 43483 089.0528 230.2341 0010525 070.2084 290.0305 15.37829968010429
1 43410U 13052E   18210.11787885 +.00000058 +00000-0 +81974-4 0  9996
2 43410 098.8318 165.2646 0247398 163.3667 197.5785 13.74158589234761
1 43544U 10007AD  18209.70649557  .00449747  63121-6  72665-2 0  9993
2 43544  65.5732 150.1055 5646873  39.9473   1.0708  4.68992593  2273
1 43374U 07029R   18202.39166537 +.00000514 +00000-0 +49082-3 0  9998
2 43374 071.0679 198.9215 0217622 118.7366 243.5792 13.74840759233626
1 43413U 13068B   18212.06417240  .00000196  00000-0  70163-4 0  9998
2 43413  97.9716 144.0756 0131443  97.0937 264.5220 14.38674946237245
1 43378U 07052AE  18205.02626682 +.00001740 +00000-0 +25581-2 0  9992
2 43378 064.1731 223.4578 5740553 025.8040 354.1935 04.27314578056066
1 43417U 14016J   18180.27276228  .00165254  00000-0  82083-2 0  9991
2 43417  98.2110 206.5708 0025930 106.6176 253.7905 15.16624534 98663
1 43504U 17084E   18212.68105310 +.00001258 +00000-0 +62300-4 0  9995
2 43504 097.5699 291.4642 0020018 085.6098 274.7423 15.19520427032941
1 43389U 09055Q   18185.58201321  .00186085  00000-0  75241-2 0  9990
2 43389  98.6032 312.2585 0035936 204.5209 155.4316 15.23326641 76642
1 43392U 09055T   18212.66253100 +.00002092 +00000-0 +64407-3 0  9994
2 43392 098.5946 295.8177 0011993 225.2186 134.8029 14.42513718100714
1 43498U 98067NS  18212.22068268  .00025301  00000-0  36122-3 0  9994
2 43498  51.6404 158.9105 0002644  46.6521 313.4690 15.56099727  7137
1 43501U 87101F   18207.47630963 -.00000045 +00000-0 +13182-4 0  9995
2 43501 066.0842 144.7562 0026223 071.6283 046.1968 14.55366238344651
1 43420U 14080J   18191.02544572 -.00000237  00000-0 -23513-3 0  9996
2 43420  63.4053 206.6452 0125777   5.1539 355.0749 13.45511566164374
1 43403U 12052C   18209.99533498 +.00000145 +00000-0 +58235-4 0  9991
2 43403 098.0171 126.3805 0225066 310.7523 047.4313 14.28740002302497
1 43423U 15030D   18209.16192609 +.00000937 +00000-0 +28459-4 0  9990
2 43423 097.4232 340.2945 0007671 154.3467 205.8159 15.36662165161710
1 43399U 12025S   18209.64821141 +.00001071 +00000-0 +12207-3 0  9999
2 43399 098.3185 230.8341 0010890 040.1275 320.0743 14.88390620061920
1 43365U 99040N   18201.89067078 +.00007905 +00000-0 +16112-2 0  9994
2 43365 028.4240 067.2285 4075591 227.7282 089.7448 07.17576707142592
1 43406U 12073D   18211.21678928 +.00000558 +00000-0 +70849-4 0  9996
2 43406 097.9577 120.3175 0104507 150.7440 209.9682 14.82023997252684
1 43507U 18025E   18212.13436773  .00003497  00000-0  10157-3 0  9993
2 43507  97.2353 330.3343 0052724 195.3341 164.6308 15.34769700 18396
1 43528U 10007AA  18209.76705585 -.00000001 +00000-0 +12783-3 0  9999
2 43528 064.8656 153.7692 5691278 044.0058 349.2528 04.17595734002539
1 43426U 15078B   18212.29403476  .00000815  00000-0  87286-4 0  9998
2 43426  97.3990 154.3427 0204911 293.0460  64.9261 14.77308952138641
1 43368U 00055UC  18212.56232396  .00004338  00000-0  16179-2 0  9998
2 43368  99.1258 324.0373 0019361 339.7055  20.3356 14.32393598124658
1 43431U 17034G   18211.52342164 -.00000012  00000-0  27409-4 0  9990
2 43431  43.1040  29.2314 0225286 326.6090  32.0701 14.55416146 57418
1 43409U 13052D   18210.02390923 +.00000074 +00000-0 +93112-4 0  9992
2 43409 098.7539 152.1395 0241010 134.0794 228.0476 13.75586385235050
1 43490U 18048E   18212.78378751 +.00000092 +00000-0 +21591-4 0  9994
2 43490 098.1766 288.4012 0036506 064.3929 296.1044 14.74967379008503
1 43412U 13065C   18212.06703267 +.00000025 +00000-0 +17432-3 0  9991
2 43412 100.4888 304.6756 0132749 337.0546 022.4672 13.17179176217354
1 43381U 08020C   18212.65359285 -.00000019  00000-0  00000+0 0  9996
2 43381  56.7665 103.7623 0443673 183.8088 175.9074  1.67814153 53772
1 43543U 10007AC  18199.96267203 +.00007876 +00000-0 +24442-1 0  9995
2 43543 065.9373 158.3633 5743653 043.0739 349.9291 04.19585551002082
1 43371U 02003F   18196.46362733 -.00000469 +00000-0 -47053-3 0  9995
2 43371 029.0392 002.8949 5634523 350.9572 359.0596 04.44628321069417
1 43377U 07052AD  18208.82636233 +.00000866 +00000-0 +73685-3 0  9992
2 43377 064.3838 223.6348 5780941 017.9012 356.0913 04.25819862037529
1 43416U 14015F   18212.91728297 +.00000328 +00000-0 +18487-3 0  9992
2 43416 098.7729 232.7100 0010900 103.6425 256.5964 14.17057575218930
1 43388U 09055P   18211.28231661  .00059564  00000-0  69551-2 0  9994
2 43388  98.6872 329.0270 0028681 142.2753 218.0477 14.84573258 70845
1 43402U 12052B   18212.21681129 +.00000183 +00000-0 +71333-4 0  9990
2 43402 098.0727 130.4785 0244753 354.7177 005.1429 14.25177187243693
1 43500U 87101E   18208.24139068 -.00000034 +00000-0 +15662-4 0  9993
2 43500 066.0867 137.2718 0025726 065.0000 009.7221 14.56158129248590
1 43503U 08061D   18211.09023279  .00005399  00000-0  42131-3 0  9995
2 43503  97.7029  79.8668 0074067 307.3838  52.0656 14.99405506201933
1 43419U 14080H   18206.90025241 +.00000290 +00000-0 +60997-3 0  9999
2 43419 063.4052 165.1875 0126142 001.1227 359.0059 13.45633823162980
1 43506U 18025D   18212.78121657 +.00002246 +00000-0 +77347-4 0  9991
2 43506 097.4663 334.2339 0043094 177.7421 182.4022 15.30258715018286
1 43422U 15030C   18212.58980709 +.00000836 +00000-0 +26005-4 0  9998
2 43422 097.4250 343.6193 0006257 146.3657 213.7985 15.36210868166867
1 43391U 09055S   18211.22235506 +.00004655 +00000-0 +12328-2 0  9995
2 43391 098.6933 306.8774 0012310 217.0526 142.9818 14.49206816081794
1 43396U 12002D   17364.00270595 +.00000130 +00000-0 +00000-0 0  9993
2 43396 002.1149 078.4476 0150960 215.1275 204.1092 01.00237133011767
1 43405U 12073C   18211.52385383 +.00002493 +00000-0 +12908-3 0  9990
2 43405 098.2155 231.4613 0068945 323.2637 036.3877 15.15293621256895
1 43536U 18056H   18212.95561167 +.00960761 +22911-5 +28829-2 0  9995
2 43536 098.2793 285.7107 0311573 098.6241 265.0544 15.44010216003475
1 43367U 99040Q   18159.05083883 -.00000272  00000-0 -44231-3 0  9994
2 43367  28.2838  86.6398 3978283 210.1628 119.4097  7.04463700140597
1 43430U 17034F   18210.85902763 -.00000021 +00000-0 +26098-4 0  9994
2 43430 043.0146 041.7222 0243749 309.9049 048.0576 14.51671479054795
1 43408U 13052C   18210.34522258 +.00000066 +00000-0 +83073-4 0  9990
2 43408 098.7591 166.8255 0223590 112.6875 249.8084 13.79542010235719
1 43370U 01056P   18210.12487705  .00000130  00000-0  23505-3 0  9997
2 43370  99.3661 178.7015 0138146 327.9394  31.3396 13.55224191231624
1 43526U 10007Y   18211.97387381  .00001084  00000-0  47067-2 0  9996
2 43526  65.2917 153.5328 5730724  44.3767 349.3219  4.17516619  2281
1 43425U 15040D   18212.15326549  .00000031  00000-0  17602-3 0  9990
2 43425 100.4183 286.7485 0141961 349.0865  10.7182 13.21869390140213
1 43395U 11023J   18049.52743214 -.00000301  00000-0  00000+0 0  9995
2 43395   4.6148  62.4282 0147418 325.2667  34.0356  1.02865096 22775
1 43428U 16043C   18212.52740070  .00000222  00000-0  68477-4 0  9996
2 43428  74.9691  43.7202 0285054 299.5180  57.7821 14.25586062107765
1 43411U 13052F   18210.03133479 -.00000017 +00000-0 +11132-4 0  9997
2 43411 098.6688 297.7398 0005361 156.8093 203.3330 14.26440237243727
1 43487U 18048D   18212.17854789  .00000189  00000-0  35493-4 0  9996
2 43487  97.9095 285.8908 0036177  64.4288 296.0653 14.74847153  8691
1 43375U 07029S   18206.21695927 +.00000473 +00000-0 +32808-3 0  9996
2 43375 070.9057 141.7209 0126117 277.1742 152.4947 14.00325800238877
1 43499U 87101D   18207.21590991 -.00000023 +00000-0 +18294-4 0  9994
2 43499 066.0839 142.9307 0025889 071.4475 288.9440 14.55808719174723
1 43414U 14007D   18207.56374875 -.00000115 +00000-0 +00000-0 0  9999
2 43414 014.2661 318.5190 4710223 302.3093 020.6314 01.89407123026148
1 43379U 07052AF  18207.99508774 +.00001724 +00000-0 +16402-2 0  9996
2 43379 064.0616 211.9429 5748822 030.8473 352.9596 04.30052277060106
1 43428U 16043C   18210.91336225 +.00000202 +00000-0 +62888-4 0  9998
2 43428 074.9690 046.4715 0285053 303.0426 054.3635 14.25585103107532
1 43375U 07029S   18204.51269883 +.00000477 +00000-0 +33074-3 0  9995
2 43375 070.9057 145.2315 0126293 279.6504 201.0535 14.00323973551165
1 43499U 87101D   18201.51393614 +.00000007 +00000-0 +24985-4 0  9999
2 43499 066.0834 158.8688 0025631 076.2076 284.1880 14.55807709173892
1 43414U 14007D   18206.50790735 -.00000122 +00000-0 +00000-0 0  9997
2 43414 014.2671 318.6173 4710172 302.1186 020.6989 01.89407152026123
1 43379U 07052AF  18202.18164148  .00003583  00000-0  36790-2 0  9992
2 43379  64.0661 214.2402 5747465  30.9537 352.9432  4.30023431 59856
1 43502U 90055E   18204.84807491 +.00011850 +00000-0 +13191-3 0  9992
2 43502 062.7741 005.5307 0044879 085.5730 275.0522 15.62063959843580
1 43418U 14080G   18208.37876557 -.00000075 +00000-0 +24367-4 0  9999
2 43418 063.4075 165.3962 0122943 002.2483 357.9070 13.44481489157481
1 43401U 12026N   18207.32598549 -.00000156 +00000-0 +00000-0 0  9999
2 43401 012.3594 004.2578 4135759 331.6213 298.9562 01.75796645038155
1 43505U 18025C   18211.80201333  .00001060  00000-0  54832-4 0  9999
2 43505  97.4804 331.0584 0020116  22.6048 337.6068 15.18267265 18068
1 43421U 14080K   18200.46137267 -.00000053 +00000-0 +60775-4 0  9992
2 43421 063.4029 187.9586 0121338 002.1818 357.9712 13.43982585100735
1 43390U 09055R   18210.48898710 +.00006235 +00000-0 +14892-2 0  9997
2 43390 098.5714 300.3832 0005721 271.1363 088.9177 14.53993738084905
1 43393U 10023C   18208.54170620 +.00000826 +00000-0 +19569-2 0  9990
2 43393 100.3894 058.4825 0004516 170.4138 189.7067 13.26802553226431
1 43404U 12066G   18210.62782468 -.00000079 +00000-0 -27874-5 0  9996
2 43404 063.3586 255.1075 0108843 218.7357 140.5802 12.92717796221084
1 43525U 10007X   18210.84524182 +.00000595 +00000-0 +22775-2 0  9997
2 43525 066.1124 154.9507 5726702 042.6244 349.7775 04.19927742002619
1 43424U 15040C   18210.90407577  .00000097  00000-0  38231-3 0  9994
2 43424 100.3406 257.1024 0151665  14.1696 346.3599 13.09931813135179
1 43366U 99040P   18163.10350748 -.00000105  00000-0 -27745-3 0  9997
2 43366  28.2119 102.9573 3941853 184.8906 169.7474  7.02702481 62617
1 43407U 13014D   18207.80407195 -.00000164 +00000-0 +00000-0 0  9991
2 43407 014.3869 298.3406 4858294 017.7358 354.5289 01.91511908020142
1 43535U 18056G   18212.25602677  .00619832  92331-4  23363-2 0  9999
2 43535  97.8606 283.7305 0325754  84.0885 279.9645 15.37612640  3375
1 43427U 16033E   18211.32353548  .00001070  00000-0  10993-3 0  9992
2 43427  97.4821 241.3100 0214249 114.7407 247.6267 14.76788382105879
1 43369U 01056N   18203.01964297  .00000737  00000-0  40668-3 0  9993
2 43369  99.2650 286.4935 0096391 192.7178 294.6023 14.12430889698366
1 43483U 18047H   18211.04316564  .00104114  00000-0  27795-2 0  9997
2 43483  89.0524 230.3343 0010821  71.9023 288.3410 15.37661884 10303
1 43410U 13052E   18209.31693707 +.00000059 +00000-0 +83224-4 0  9996
2 43410 098.8318 164.5232 0247353 165.4996 195.3421 13.74158469234651
1 43498U 98067NS  18211.89957787 +.00021517 +00000-0 +30859-3 0  9995
2 43498 051.6403 160.5157 0002672 044.6121 315.5085 15.56080417007088
1 43386U 09055M   18211.91064063 +.00001797 +00000-0 +48788-3 0  9997
2 43386 098.4524 295.3668 0029334 223.7826 136.1041 14.48564498107195
1 43544U 10007AD  18200.23390758 +.00418121 +29380-7 +81786-2 0  9994
2 43544 065.5825 154.2106 5696620 040.9472 353.2736 04.60443897001838
1 43374U 07029R   18201.66409268  .00000523  00000-0  49915-3 0  9993
2 43374  71.0679 200.3486 0217549 119.8160 242.4766 13.74840259233529
1 43413U 13068B   18210.60363680 +.00000200 +00000-0 +71227-4 0  9992
2 43413 097.9716 142.7180 0131360 101.4719 260.1255 14.38674330237031
1 43378U 07052AE  18203.15408875  .00002037  00000-0  31083-2 0  9990
2 43378  64.1736 224.1851 5740131  25.8337 354.1830  4.27307742 56603
1 43417U 14016J   18179.01903577  .00231671  00000-0  11537-1 0  9997
2 43417  98.2124 205.2063 0026289 108.0684 252.3413 15.16211067 98477
1 43389U 09055Q   18185.58201321 +.00186085 +00000-0 +75241-2 0  9990
2 43389 098.6032 312.2585 0035936 204.5209 155.4316 15.23326641076664
1 43399U 12025S   18209.11039220  .00002321  00000-0  25676-3 0  9993
2 43399  98.3180 230.2695 0010946  40.3078 319.8947 14.88392214 61840
1 43501U 87101F   18201.28348578 -.00000022 +00000-0 +18548-4 0  9992
2 43501 066.0839 162.0596 0025555 076.9290 358.5606 14.55365257247460
1 43504U 17084E   18211.69327048  .00001245  00000-0  61679-4 0  9993
2 43504  97.5701 290.4738 0020029  88.7445 271.6084 15.19517788 32790
1 43420U 14080J   18180.54617666 -.00000348  00000-0 -41510-3 0  9996
2 43420  63.4065 233.5660 0124969   5.4061 354.8281 13.45514273162961
1 43507U 18025E   18211.28677671 +.00003470 +00000-0 +10084-3 0  9992
2 43507 097.2354 329.5030 0052605 198.4232 161.5109 15.34764927018268
1 43392U 09055T   18211.69144035 +.00002032 +00000-0 +62607-3 0  9996
2 43392 098.5948 294.8390 0011771 228.0539 131.9647 14.42509575100573
1 43403U 12052C   18208.59471278 +.00000140 +00000-0 +56700-4 0  9993
2 43403 098.0172 125.0911 0225155 314.9446 043.3666 14.28739351302290
1 43423U 15030D   18207.14325407 +.00001224 +00000-0 +36468-4 0  9999
2 43423 097.4228 338.2575 0007466 160.9357 199.2168 15.36659018161409
1 43365U 99040N   18201.89067078  .00007905  00000-0  16112-2 0  9994
2 43365  28.4240  67.2285 4075591 227.7282  89.7448  7.17576707 42502
1 43406U 12073D   18210.54161711 +.00000556 +00000-0 +70574-4 0  9991
2 43406 097.9576 119.6463 0104466 152.9400 207.7314 14.82023103252584
1 43528U 10007AA  18207.85130701 +.00000026 +00000-0 +38578-3 0  9995
2 43528 064.8654 154.4340 5690675 044.0801 349.2226 04.17595548002438
1 43426U 15078B   18211.07486487  .00000755  00000-0  81237-4 0  9999
2 43426  97.3991 153.2233 0205086 297.0486  60.9926 14.77306316138467
1 43368U 00055UC  18210.53659280 +.00004643 +00000-0 +17308-2 0  9992
2 43368 099.1260 321.9050 0019617 346.7203 013.3460 14.32378229124366
1 43409U 13052D   18209.07832944 +.00000080 +00000-0 +98402-4 0  9993
2 43409 098.7538 151.2699 0240971 136.6031 225.4373 13.75586219234921
1 43381U 08020C   18212.05768770 -.00000020  00000-0  00000+0 0  9995
2 43381  56.7653 103.7786 0443249 183.8850 175.8167  1.67813355 53769
1 43543U 10007AC  18199.96267203  .00007876  00000-0  24442-1 0  9995
2 43543  65.9373 158.3633 5743653  43.0739 349.9291  4.19585551  2082
1 43429U 16043D   18211.18661005  .00000291  00000-0  80159-4 0  9995
2 43429  74.9726  26.6770 0241313 274.6753  82.6884 14.35087631107096
1 43431U 17034G   18210.83705803 -.00000016 +00000-0 +26572-4 0  9990
2 43431 043.1040 032.6916 0225362 322.6833 035.8522 14.55415883057318
