1 31352U 99025BRG 07147.17882266 +.00001467 +00000-0 +49795-3 0  9993
2 31352 099.2426 144.9216 0184978 359.9320 000.1805 14.29220088008281
1 31353U 99025BRH 18210.61369045 +.00000166 +00000-0 +72228-4 0  9994
2 31353 099.1120 006.1178 0246635 249.9167 107.5313 14.22979395587074
1 31354U 99025BRJ 10225.02374198 +.00001711 +00000-0 +49501-3 0  9997
2 31354 098.3743 171.9042 0261508 151.6462 288.6853 14.27684578180239
1 31355U 99025BRK 18211.48737563  .00000522  00000-0  12648-3 0  9991
2 31355  98.8694  95.1137 0100544 349.8104 134.6404 14.54756369597218
1 31356U 99025BRL 18211.36749021  .00000560  00000-0  23066-3 0  9999
2 31356  98.7587 266.0314 0058644 354.7348  62.2066 14.29957019587826
1 31357U 99025BRM 18211.27827810 -.00000044 +00000-0 +33589-6 0  9995
2 31357 098.9423 231.9442 0050954 089.9526 328.8212 14.18218801585382
1 31358U 99025BRN 18211.24673781 +.00001289 +00000-0 +43992-3 0  9996
2 31358 098.9092 323.7743 0159623 227.9074 130.8443 14.31355039586922
1 31359U 99025BRP 18211.93524002 +.00000848 +00000-0 +57217-3 0  9999
2 31359 099.2502 244.4935 0093739 219.2446 140.1897 14.01259543256726
1 31360U 99025BRQ 18211.22601669  .00000857  00000-0  64433-3 0  9996
2 31360  97.9984  10.9053 0127516 306.6564  52.2931 13.92893874572775
1 31361U 99025BRR 18211.33301781  .00000016  00000-0  29203-4 0  9995
2 31361  98.6420 261.3650 0044856 267.8276  91.7762 14.16436521585231
1 31362U 99025BRS 18211.90900109 +.00000015 +00000-0 +29885-4 0  9993
2 31362 098.7583 240.7548 0017624 251.6954 108.2303 14.15734284584754
1 31363U 99025BRT 15023.62135407 +.00004798 +00000-0 +29730-2 0  9991
2 31363 098.4778 163.1285 0153435 258.0174 100.2762 13.99941214397319
1 31364U 99025BRU 18212.07859175  .00000188  00000-0  16249-3 0  9990
2 31364  99.2987 255.3844 0114257 329.6051  59.6813 13.95821474572909
1 31365U 99025BRV 18211.34590369 +.00000466 +00000-0 +22933-3 0  9993
2 31365 098.8477 258.5945 0056067 131.4390 289.5419 14.21592378582382
1 31366U 99025BRW 18209.15220528 +.00000836 +00000-0 +33257-3 0  9999
2 31366 098.8662 279.7383 0005324 157.6605 232.4141 14.31393093584115
1 31367U 99025BRX 18211.30381874 +.00000122 +00000-0 +51213-4 0  9993
2 31367 098.7593 339.7380 0113596 101.3574 289.8757 14.39101894596817
1 31368U 99025BRY 18212.51019767  .00000007  00000-0  26184-4 0  9998
2 31368  98.9363 313.0879 0050819  31.4686  28.3404 14.16219680587899
1 31369U 99025BRZ 18210.34260595 +.00000035 +00000-0 +38108-4 0  9995
2 31369 098.6578 246.8511 0058025 136.3084 281.2699 14.16840404261681
1 31370U 99025BSA 18212.30783753  .00000201  00000-0  14663-3 0  9995
2 31370  98.9165 243.1180 0034293 314.1808  45.6543 14.06763142584401
1 31371U 99025BSB 18212.43523476 -.00000041  00000-0  15812-5 0  9996
2 31371  99.0388 277.2600 0071239 155.7373 270.6855 13.99482101581130
1 31372U 99025BSC 18211.45163817 +.00000474 +00000-0 +29041-3 0  9993
2 31372 099.4077 037.1799 0043750 057.7911 302.7488 14.10542910577827
1 31374U 99025BSE 18211.50585516  .00000732  00000-0  39923-3 0  9992
2 31374  99.6253 103.4228 0203722 231.5173 126.7564 14.05583578580484
1 31376U 99025BSG 18211.29654575 +.00000394 +00000-0 +14764-3 0  9992
2 31376 098.8486 340.1155 0072980 344.1613 015.7289 14.35938148593467
1 31377U 99025BSH 11170.99704821 +.00001565 +00000-0 +50097-3 0  9997
2 31377 098.9405 241.7958 0109989 281.0130 074.2981 14.37746898223572
1 31378U 99025BSJ 18211.81494335  .00000129  00000-0  16881-3 0  9996
2 31378 100.7837  68.8323 0177470  93.9105 268.2349 13.75819602574768
1 31379U 99025BSK 18210.99984279 +.00004055 +00000-0 +31443-3 0  9999
2 31379 099.4832 121.5905 0080323 071.1973 289.7937 14.99648093603824
1 31380U 99025BSL 18208.69947860 +.00001237 +00000-0 +20904-3 0  9999
2 31380 096.5420 016.0510 0097903 003.4055 356.7798 14.67526784596578
1 31381U 99025BSM 18206.46379575 -.00000001 +00000-0 +14433-4 0  9995
2 31381 098.6352 289.8209 0220813 064.4109 297.9714 14.29069746588232
1 31382U 99025BSN 18212.15987594  .00002726  00000-0  47466-3 0  9991
2 31382  96.9223 181.6597 0048315  87.2345 273.4391 14.67927962595806
1 31383U 99025BSP 18211.95928125 +.00000504 +00000-0 +35402-3 0  9993
2 31383 099.2826 216.6710 0115896 162.0470 229.2075 13.99742779576631
1 31384U 99025BSQ 18211.59816304  .00000567  00000-0  28825-3 0  9999
2 31384  98.4694  82.1189 0505122  94.7574 300.2929 13.68208096562541
1 31385U 99025BSR 18211.98656459  .00000032  00000-0  23463-4 0  9997
2 31385  98.9508 118.0826 0140837 102.9885 322.4564 14.41038775598214
1 31386U 99025BSS 18211.68118591 +.00000340 +00000-0 +33036-3 0  9993
2 31386 098.4741 117.4586 0224026 016.5975 344.2359 13.74810527567788
1 31387U 99025BST 18212.57210826  .00000144  00000-0  79803-4 0  9992
2 31387  99.1240 336.0453 0250808 144.9025 278.7739 14.10560644584800
1 31388U 99025BSU 18212.04639986 -.00000163  00000-0 -72282-4 0  9994
2 31388  98.8559 241.7063 0047205 208.5875 180.7248 14.06157223587321
1 31389U 99025BSV 18209.00789535 +.00000573 +00000-0 +32447-3 0  9994
2 31389 099.0878 256.6970 0057124 346.2616 130.7396 14.13443086581635
1 31391U 06029D   18211.47574598  .00000468  00000-0  23990-4 0  9991
2 31391  64.5005 234.7786 0036741 263.9900  95.7041 15.29909189653021
1 31392U 06029E   18211.48655182 +.00000445 +00000-0 +23697-4 0  9991
2 31392 064.5005 242.0675 0033368 261.4526 098.2821 15.29174300653360
1 31397U 88005S   18210.96783861 -.00000401 +00000-0 -32900-3 0  9998
2 31397 082.5403 081.2626 0004507 302.0267 122.1681 13.91564765588636
1 31398U 88005T   17210.21077753 +.00000228 +00000-0 +16634-3 0  9993
2 31398 082.5348 019.8679 0024008 146.9432 337.3665 13.91936589553021
1 31399U 88005U   18208.34713229 +.00001621 +00000-0 +11926-2 0  9997
2 31399 082.5139 058.1637 0014593 229.6289 253.9686 13.95023757260194
1 31400U 88005V   15157.09886360 +.00001629 +00000-0 +13646-2 0  9998
2 31400 082.4021 285.5991 0053001 055.2905 305.3233 13.87020563427839
1 31401U 88005W   18210.87857565 +.00000742 +00000-0 +51930-3 0  9997
2 31401 082.5329 065.9921 0015394 156.6627 203.5242 13.97183843257501
1 31402U 88005X   18212.41002411  .00000930  00000-0  70138-3 0  9992
2 31402  82.5425  79.8421 0002795 100.2885  17.6794 13.93259993598858
1 31403U 96017D   18212.01383097  .00005583  00000-0  58840-3 0  9998
2 31403  98.3360 231.9369 0016635 149.5752 240.9243 14.89674322169869
1 31409U 05024J   18211.91754936 +.00000274 +00000-0 +17417-4 0  9992
2 31409 097.5256 258.5621 0010798 241.0842 118.9308 15.16711260694377
1 31410U 99025BSW 18211.06445926 +.00000230 +00000-0 +93302-4 0  9999
2 31410 098.6603 305.3982 0130990 325.6823 158.0859 14.32547844591153
1 31411U 99025BSX 18211.87298705  .00000092  00000-0  56959-4 0  9993
2 31411  98.9606 219.9160 0108901 120.1725 359.1768 14.23235301587952
1 31412U 99025BSY 18212.45852992  .00000633  00000-0  46016-3 0  9996
2 31412  98.5712 298.7417 0090518 329.7548  29.8409 13.97816609573146
1 31413U 99025BSZ 15331.95041123 +.00000790 +00000-0 +34005-3 0  9996
2 31413 098.7417 032.9781 0073158 303.2519 059.0305 14.26056564446361
1 31414U 99025BTA 18211.30422125  .00000624  00000-0  18743-3 0  9998
2 31414  98.6939 239.6796 0073955  80.0092 280.9434 14.44688934592657
1 31415U 99025BTB 18211.31235884 +.00000306 +00000-0 +16759-3 0  9996
2 31415 099.6795 237.0755 0075395 071.2028 289.7305 14.18641209245707
1 31416U 99025BTC 18211.49487332  .00000060  00000-0  35255-4 0  9993
2 31416  99.0333  89.5578 0142949 226.8049 257.1130 14.35318073589125
1 31417U 99025BTD 18212.17434553  .00001189  00000-0  29932-3 0  9994
2 31417  99.0515 112.5822 0044557 281.2638  78.3550 14.52728126590171
1 31418U 99025BTE 18204.53640493 +.00000794 +00000-0 +41892-3 0  9998
2 31418 099.1461 318.7422 0060624 022.8175 337.5671 14.15962559577423
1 31419U 99025BTF 18207.46498751 +.00000502 +00000-0 +19637-3 0  9991
2 31419 098.7071 292.5647 0075470 305.0026 054.4089 14.32353479589368
1 31420U 99025BTG 18211.05114156 +.00000174 +00000-0 +69332-4 0  9990
2 31420 097.5068 054.5709 0151821 248.7490 268.5002 14.32288875263922
1 31421U 99025BTH 15268.93844154 +.00000043 +00000-0 +40662-4 0  9995
2 31421 098.9667 322.4350 0063074 179.0666 181.0639 14.20221517436491
1 31422U 99025BTJ 18210.94095205 -.00000066  00000-0 -12923-4 0  9998
2 31422  98.8990 242.1821 0035094 322.0735 157.7549 14.06683781580083
1 31423U 99025BTK 18211.87474746 +.00000019 +00000-0 +27945-4 0  9999
2 31423 098.5917 244.6955 0038503 093.3869 267.1714 14.21287986587181
1 31424U 99025BTL 18206.36743741 +.00000074 +00000-0 +66118-4 0  9998
2 31424 098.4766 357.7683 0096048 184.0905 175.9490 14.06314616579175
1 31425U 99025BTM 08050.70542971 +.00000357 +00000-0 +27412-3 0  9992
2 31425 098.7911 027.3891 0081487 148.5974 209.2450 13.97702990043992
1 31426U 99025BTN 18212.24041733  .00000041  00000-0  50341-4 0  9991
2 31426  98.5700 205.7344 0356804 303.9468 118.0966 13.78556247564599
1 31427U 99025BTP 18210.10761999 +.00000484 +00000-0 +21325-3 0  9998
2 31427 098.8119 257.8761 0053491 044.3316 343.7818 14.27232908583057
1 31428U 99025BTQ 18211.76927149 +.00000210 +00000-0 +95942-4 0  9997
2 31428 099.0987 034.9181 0077913 086.2842 341.1870 14.30265433589507
1 31429U 99025BTR 18210.33530301 +.00000307 +00000-0 +18562-3 0  9999
2 31429 098.9577 246.0439 0018667 176.9691 246.6913 14.13754792578285
1 31430U 99025BTS 18212.53163140  .00000249  00000-0  14818-3 0  9993
2 31430  98.9905 239.0108 0031095 180.9624 335.2755 14.16226310580227
1 31431U 99025BTT 18211.11616507 +.00000063 +00000-0 +72109-4 0  9999
2 31431 098.5224 262.5593 0149928 031.8354 329.1764 13.92623740569721
1 31432U 99025BTU 18212.23287036  .00005265  00000-0  13590-3 0  9992
2 31432  99.0260 134.8204 0076061 207.7806 151.9362 15.36842729611241
1 31433U 99025BTV 18211.62881583 +.00000328 +00000-0 +21490-3 0  9995
2 31433 098.3846 260.6962 0131295 166.3836 345.5468 14.03968743576243
1 31434U 99025BTW 18211.59521698 +.00001132 +00000-0 +30482-3 0  9995
2 31434 099.0339 089.8575 0050952 316.9330 074.2501 14.49430204587941
1 31435U 99025BTX 18212.08437918  .00000023  00000-0  18967-4 0  9995
2 31435  98.9816 163.6037 0159954 333.9093  25.4099 14.48656727594803
1 31436U 99025BTY 18210.70264575 +.00000884 +00000-0 +35300-3 0  9994
2 31436 098.8626 292.6403 0132636 289.0937 224.8955 14.26444860581438
1 31437U 99025BTZ 18212.44576774  .00000678  00000-0  33901-3 0  9991
2 31437  98.9692 203.0450 0020336 100.0185 260.3287 14.20058410584354
1 31439U 99025BUB 18212.34854230  .00000243  00000-0  21294-3 0  9998
2 31439  99.1413 255.9641 0143529 301.3556 117.2512 13.90605314574577
1 31440U 99025BUC 18212.07409470  .00000632  00000-0  32423-3 0  9990
2 31440  98.9004 259.2758 0047606 188.9723 171.0606 14.18441549584170
1 31441U 99025BUD 18211.97550255  .00000165  00000-0  10100-3 0  9996
2 31441  99.3189 270.7313 0274244  10.8329 349.8581 14.01862673580327
1 31442U 99025BUE 18212.06680796  .00000083  00000-0  48799-4 0  9997
2 31442  98.6466 297.4219 0085758   3.0610 357.1079 14.28480079589841
1 31443U 99025BUF 18211.47305741 +.00000259 +00000-0 +93286-4 0  9992
2 31443 099.2310 095.2605 0252614 335.6476 023.2932 14.27038058283992
1 31444U 99025BUG 18212.56344190  .00000763  00000-0  27423-3 0  9994
2 31444  98.9338 347.1779 0110653 122.8655 238.3236 14.33427058590076
1 31445U 99025BUH 18211.39326654  .00001320  00000-0  31031-3 0  9990
2 31445  98.9099  57.6140 0060677 172.0682 311.1281 14.55162696593096
1 31446U 99025BUJ 18212.07940484  .00001302  00000-0  56147-3 0  9995
2 31446  98.7361 160.7140 0077634 113.2280 247.7098 14.24587886584576
1 31447U 99025BUK 18212.32324031  .00000123  00000-0  59347-4 0  9994
2 31447  98.8670 160.1255 0239255 154.7422 206.5682 14.20972100586341
1 31448U 99025BUL 18210.33018225 +.00000216 +00000-0 +11870-3 0  9990
2 31448 098.7329 248.5734 0065668 098.8344 262.0275 14.20285771586077
1 31449U 99025BUM 18211.80034189 +.00000032 +00000-0 +27982-4 0  9999
2 31449 098.8544 217.5836 0149819 250.3730 108.1229 14.30739350591222
1 31450U 99025BUN 18211.58463539 +.00001931 +00000-0 +11269-3 0  9990
2 31450 098.5584 347.3572 0335848 086.6806 277.2757 14.76396928594066
1 31451U 99025BUP 18212.54847394  .00000053  00000-0  55101-4 0  9991
2 31451  99.0679 233.1599 0031437 247.3369 267.0105 14.10495413583289
1 31452U 99025BUQ 18211.31800998 +.00000120 +00000-0 +88935-4 0  9991
2 31452 098.7600 250.8293 0041381 244.1547 115.5355 14.11715580581912
1 31453U 99025BUR 13108.74280262 +.00000791 +00000-0 +18700-3 0  9991
2 31453 098.8000 213.4019 0106835 015.4093 345.0313 14.53808865318467
1 31455U 99025BUT 18211.37266286 +.00000147 +00000-0 +86553-4 0  9999
2 31455 098.7887 271.1576 0225236 139.5424 222.2740 14.08831679581756
1 31456U 99025BUU 18211.48709368  .00000218  00000-0  96780-4 0  9997
2 31456  98.6416 294.6727 0081182 354.7326   5.2994 14.30701595589963
1 31457U 99025BUV 18211.76290700 +.00000842 +00000-0 +72738-4 0  9994
2 31457 099.0140 321.4753 0147995 028.5473 332.3746 14.92807597605083
1 31458U 99025BUW 18211.28451183 +.00000627 +00000-0 +16335-3 0  9997
2 31458 099.2193 219.9044 0089329 154.9722 205.5840 14.51320770266789
1 31459U 99025BUX 18208.38572961 +.00000619 +00000-0 +26878-3 0  9997
2 31459 098.1371 260.9518 0125849 214.5804 144.7144 14.23116596583680
1 31462U 99025BVA 18211.53589000  .00000146  00000-0  10753-3 0  9994
2 31462  98.9697 240.2859 0032450 261.0759 258.1372 14.10174706580440
1 31463U 99025BVB 18211.79738015 +.00000085 +00000-0 +41836-4 0  9994
2 31463 099.1137 049.1804 0232598 315.9911 042.2955 14.29628019262079
1 31464U 99025BVC 18211.26004896 +.00000111 +00000-0 +88596-4 0  9994
2 31464 099.1091 227.0657 0044072 262.7701 155.2349 14.09937292567182
1 31465U 99025BVD 18211.11703580 +.00001090 +00000-0 +69319-3 0  9993
2 31465 098.6442 331.5175 0125145 278.9537 079.7481 14.02006384571320
1 31466U 99025BVE 18180.71739678  .00000007  00000-0  19279-4 0  9990
2 31466  99.2368 348.6698 0307539 102.3064 326.1397 14.16382076578634
1 31467U 99025BVF 18210.33666908 +.00000757 +00000-0 +61208-3 0  9998
2 31467 098.5830 242.3593 0171924 217.7365 141.1634 13.86458796568511
1 31468U 99025BVG 18211.99898336  .00000055  00000-0  28383-4 0  9993
2 31468  98.3955 268.6742 0186380  15.6595 345.0251 14.38198716591334
1 31471U 99025BVK 18211.32015166 +.00000091 +00000-0 +76385-4 0  9991
2 31471 097.9487 030.8419 0183965 130.1666 231.5774 13.97645432262386
1 31473U 99025BVM 18211.99965373  .00000466  00000-0  24855-3 0  9990
2 31473  98.8158 260.4486 0078236 219.3231 259.5337 14.16542691580653
1 31474U 99025BVN 18211.73995248 +.00000539 +00000-0 +37418-3 0  9997
2 31474 099.1454 188.7075 0079914 092.2273 268.8045 14.01659819571880
1 31475U 99025BVP 18211.55228516  .00000072  00000-0  38360-4 0  9995
2 31475  98.9067 333.7801 0244714   4.9879 355.3655 14.26224972585037
1 31476U 99025BVQ 18209.01320330 +.00000394 +00000-0 +24404-3 0  9991
2 31476 099.0986 230.0152 0059370 225.4041 163.7924 14.10274351576287
1 31477U 99025BVR 18210.86218448 +.00000282 +00000-0 +20408-3 0  9999
2 31477 098.9328 237.4223 0117773 322.1624 037.1305 14.01255126576770
1 31478U 99025BVS 18211.60475760  .00001877  00000-0  65121-3 0  9997
2 31478 102.5909 247.4699 0054986 169.5671 348.9331 14.36812715584511
1 31480U 99025BVU 18211.91079424  .00001353  00000-0  94983-3 0  9998
2 31480  98.3547   2.9645 0412919 274.7013 241.9699 13.65532441565640
1 31481U 99025BVV 18210.60662207 +.00002013 +00000-0 +35460-3 0  9990
2 31481 099.2381 262.8566 0055838 188.4456 171.5811 14.67925531593779
1 31482U 99025BVW 18211.61768713 +.00000259 +00000-0 +11797-3 0  9999
2 31482 098.5962 254.8681 0099710 296.5592 217.8005 14.27094954586701
1 31483U 99025BVX 18211.54476266 +.00000638 +00000-0 +48573-3 0  9994
2 31483 102.5091 226.0766 0153053 234.4203 285.1132 13.94298105570290
1 31484U 99025BVY 18211.56642126 +.00001852 +00000-0 +10933-2 0  9994
2 31484 101.8235 334.9978 0167092 169.7499 190.7133 14.02952171262056
1 31485U 99025BVZ 18211.86963335  .00000060  00000-0  14072-3 0  9995
2 31485 102.7222  88.8780 0512088 287.0887  67.4759 13.26050215548158
1 31486U 99025BWA 18210.26103759 +.00000984 +00000-0 +44845-3 0  9991
2 31486 102.2798 017.6781 0021959 002.6018 357.5258 14.25405715581863
1 31487U 99025BWB 18210.35848941 +.00000096 +00000-0 +13052-3 0  9991
2 31487 102.4212 162.0528 0129893 255.7812 258.4406 13.88699301569561
1 31488U 99025BWC 18211.33008779 +.00000969 +00000-0 +34780-3 0  9998
2 31488 102.6772 257.6749 0085985 063.8388 297.1594 14.35891287262243
1 31491U 99025BWE 18210.83509058 +.00000251 +00000-0 +18339-3 0  9998
2 31491 099.3250 346.4510 0062234 164.7102 195.5963 14.04517685573553
1 31492U 99025BWF 18211.65959034 +.00000596 +00000-0 +25773-3 0  9995
2 31492 098.8659 284.3807 0140607 344.7919 178.2161 14.22986819579527
1 31493U 99025BWG 18184.91357746  .00000098  00000-0  11808-3 0  9997
2 31493 100.1669 213.6502 0128761  81.6234 279.9494 13.87639704565865
1 31494U 99025BWH 18211.42430420 +.00000606 +00000-0 +24779-3 0  9992
2 31494 099.5882 276.6267 0033055 013.0734 347.1295 14.31222197224151
1 31495U 99025BWJ 18210.14356746 +.00000411 +00000-0 +23185-3 0  9993
2 31495 099.0509 323.3913 0031985 271.4250 088.3259 14.15797636579956
1 31496U 99025BWK 18211.48234014 +.00002350 +00000-0 +12825-3 0  9998
2 31496 099.1222 109.2323 0115358 100.5522 260.8722 15.10163056604384
1 31497U 99025BWL 18211.93590545 +.00000026 +00000-0 +21067-4 0  9990
2 31497 098.3945 244.7454 0177202 124.1840 355.4809 14.35813905589042
1 31498U 99025BWM 18210.63811063 +.00000631 +00000-0 +64098-3 0  9990
2 31498 098.5063 095.1025 0237802 144.4832 217.2412 13.68269618558342
1 31499U 99025BWN 18209.57093885 +.00001149 +00000-0 +81586-3 0  9992
2 31499 097.6753 116.7994 0329168 152.7615 209.1240 13.75984299562163
1 31500U 99025BWP 18210.52111758 +.00005860 +00000-0 +27965-3 0  9997
2 31500 098.8939 098.6157 0248224 017.6846 343.2822 14.96360824593124
1 31501U 99025BWQ 18208.91325425 +.00000388 +00000-0 +22469-3 0  9990
2 31501 098.9746 244.7217 0046295 124.5243 236.0313 14.14233240252583
1 31502U 99025BWR 18211.01564058 +.00000776 +00000-0 +52726-3 0  9993
2 31502 099.2546 238.2928 0082972 139.2050 221.5366 14.01550049227588
1 31503U 99025BWS 18211.35277164  .00000286  00000-0  18289-3 0  9992
2 31503 100.1324  44.8810 0056927 343.8583  16.0769 14.12239504579532
1 31504U 99025BWT 18211.53909904  .00001568  00000-0  44475-3 0  9997
2 31504 101.5085  90.8273 0154814  17.7693  97.8110 14.41018229584870
1 31505U 99025BWU 18211.94274207 +.00001007 +00000-0 +43574-3 0  9991
2 31505 101.9294 210.8174 0048782 309.3375 050.3475 14.27318420579225
1 31507U 99025BWW 18210.59477998 +.00000130 +00000-0 +48106-4 0  9998
2 31507 098.5177 245.7869 0132028 335.0494 176.9724 14.43544994591435
1 31508U 99025BWX 18212.11059792  .00000466  00000-0  20039-3 0  9993
2 31508  98.7818 263.0025 0056641  15.7321 344.5603 14.28530044583922
1 31509U 99025BWY 18210.48636294 +.00000448 +00000-0 +35917-3 0  9991
2 31509 098.8764 044.3101 0224643 325.8436 032.8437 13.84641928567020
1 31510U 99025BWZ 18211.89948125 +.00000077 +00000-0 +56976-4 0  9995
2 31510 098.7154 245.3575 0039459 199.6593 285.6163 14.19486564582610
1 31511U 99025BXA 18211.02172420  .00000474  00000-0  25511-3 0  9999
2 31511  98.9903 302.1097 0130511 324.6528  34.6043 14.13452531578294
1 31512U 99025BXB 18211.18539531 +.00000177 +00000-0 +68539-4 0  9995
2 31512 098.8152 339.6597 0163140 169.1207 313.5458 14.35071207268229
1 31513U 99025BXC 18211.91817197 +.00000425 +00000-0 +24691-3 0  9990
2 31513 098.9789 258.4853 0035637 253.3298 106.3961 14.13883384347009
1 31514U 99025BXD 18208.13795223 +.00000478 +00000-0 +30132-3 0  9991
2 31514 099.2482 337.6760 0063211 089.6752 271.1659 14.08308690312851
1 31515U 99025BXE 18211.02215108 +.00000404 +00000-0 +27932-3 0  9996
2 31515 099.0226 291.2841 0061964 105.1392 255.6640 14.03827670205316
1 31516U 99025BXF 18211.74286931 +.00000038 +00000-0 +33193-4 0  9998
2 31516 098.7836 301.6414 0159627 084.8825 067.0076 14.20556469582365
1 31518U 99025BXH 17315.68762109  .00001196  00000-0  71446-3 0  9991
2 31518  99.1743 281.2477 0097542 138.7924 221.9796 14.06800122536166
1 31519U 99025BXJ 18211.89249289 +.00000068 +00000-0 +52600-4 0  9999
2 31519 098.7137 244.8099 0057127 102.8938 257.8628 14.18774507265617
1 31520U 99025BXK 18212.40003632  .00000999  00000-0  39836-3 0  9997
2 31520  98.8816 271.3830 0001393  14.8946 345.2277 14.30881437583011
1 31521U 99025BXL 18211.41780528  .00001137  00000-0  38293-3 0  9995
2 31521  98.7082 279.2245 0077417 244.3480 114.9694 14.37393949585969
1 31522U 99025BXM 18210.64144091 -.00000237 +00000-0 -12975-3 0  9990
2 31522 099.0003 273.7627 0050910 127.0118 233.5721 14.00226002572773
1 31523U 99025BXN 18211.50315333 -.00000038 +00000-0 +41295-5 0  9993
2 31523 099.0835 221.0717 0038698 170.9673 345.1035 14.13631822579684
1 31524U 99025BXP 18204.13446851 -.00000062 +00000-0 -55235-5 0  9992
2 31524 099.2425 327.3460 0289663 007.9336 112.6469 14.03161264574132
1 31526U 99025BXR 15035.26226016 +.00016057 +00000-0 +53705-2 0  9992
2 31526 099.1926 203.0443 0110063 170.4020 316.2973 14.34070193409125
1 31527U 99025BXS 18210.62296470 -.00000059 +00000-0 -33774-4 0  9995
2 31527 098.9095 004.7626 0454566 013.5888 347.7010 13.21541566546010
1 31529U 99025BXU 18210.33514067 +.00000507 +00000-0 +26107-3 0  9997
2 31529 098.9466 247.9619 0051160 181.3891 238.2569 14.19093432265224
1 31530U 99025BXV 18170.25265464  .00001401  00000-0  39105-3 0  9995
2 31530  99.3731 176.0203 0101996 291.1599  67.8713 14.45146532585440
1 31531U 99025BXW 18211.39466208  .00000411  00000-0  13727-3 0  9998
2 31531  98.6921 281.6871 0283943 231.7706 125.7604 14.22790695584353
1 31532U 99025BXX 18211.14710590  .00000793  00000-0  34800-3 0  9996
2 31532  99.1821 326.7189 0139061  33.3062 327.6770 14.21525620581205
1 31533U 99025BXY 18211.13015673 +.00000077 +00000-0 +52597-4 0  9995
2 31533 098.9892 343.1723 0069065 167.5493 192.7411 14.23727330277795
1 31534U 99025BXZ 18210.06459186 +.00000765 +00000-0 +32891-3 0  9996
2 31534 098.9552 317.5258 0016455 324.9025 035.1070 14.27635896584355
1 31535U 99025BYA 18209.89115910 +.00000258 +00000-0 +13029-3 0  9999
2 31535 098.0515 242.8152 0096805 181.8614 178.2218 14.20947385584401
1 31536U 99025BYB 18210.90098581  .00000506  00000-0  11237-3 0  9993
2 31536  98.1508 239.8589 0427209 204.7322 153.2830 14.17202662579092
1 31537U 99025BYC 18210.62951480 +.00000240 +00000-0 +10825-3 0  9996
2 31537 099.1065 354.0287 0519180 028.8640 029.2418 13.76515618559538
1 31538U 99025BYD 18211.92284361 +.00000897 +00000-0 +32686-3 0  9995
2 31538 098.3926 088.7425 0061428 176.8517 183.3067 14.34366924280919
1 31539U 99025BYE 18211.93638067 +.00009139 +00000-0 +72276-3 0  9990
2 31539 099.0588 208.3810 0019925 016.7798 343.4076 15.00775517592065
1 31540U 99025BYF 18211.55554826 +.00000262 +00000-0 +66110-4 0  9999
2 31540 099.0052 135.4314 0236379 085.5860 277.2294 14.44760145592974
1 31541U 99025BYG 18211.52007605  .00000340  00000-0  97419-4 0  9998
2 31541  98.9436 126.2791 0114213  76.9188 284.4722 14.48252260594038
1 31542U 99025BYH 18211.56906479 +.00000375 +00000-0 +22932-3 0  9995
2 31542 098.9586 252.9257 0051824 306.6272 053.0139 14.11443647578769
1 31544U 99025BYK 18212.51098235  .00000249  00000-0  17127-3 0  9995
2 31544  99.0976 235.2194 0033170 279.7320  80.0103 14.08399040579392
1 31545U 99025BYL 11315.51651462 +.00002328 +00000-0 +81732-3 0  9993
2 31545 098.9864 036.0122 0100147 207.7392 151.7563 14.33224036238943
1 31546U 99025BYM 18211.78308243 -.00000031 +00000-0 +43994-5 0  9991
2 31546 098.2361 146.0813 0176120 205.6327 153.6029 13.97160278570816
1 31547U 99025BYN 18212.35061296  .00000203  00000-0  13883-3 0  9992
2 31547  99.0332 170.9630 0064500 281.1417  78.2506 14.09817435578867
1 31548U 99025BYP 18211.26911385  .00001110  00000-0  29979-3 0  9996
2 31548  99.3825 237.5350 0112700 132.9685 228.1021 14.46495422589378
1 31550U 99025BYR 18211.89595552 +.00000100 +00000-0 +45149-4 0  9998
2 31550 098.5238 260.0761 0217038 352.5974 007.2020 14.30152331269112
1 31551U 99025BYS 18211.95440080 +.00001599 +00000-0 +87539-3 0  9992
2 31551 098.8453 117.1933 0087422 000.7541 056.6601 14.11399831318229
1 31552U 99025BYT 18208.88723213 +.00000945 +00000-0 +50041-3 0  9995
2 31552 098.5585 013.2125 0143845 238.0810 120.6304 14.10835255577345
1 31553U 99025BYU 18211.87507133 +.00000480 +00000-0 +27764-3 0  9990
2 31553 098.9922 180.6629 0036406 194.3569 195.2264 14.13485244577561
1 31554U 99025BYV 18211.91885029 +.00000517 +00000-0 +26996-3 0  9996
2 31554 098.9684 262.7240 0062095 237.0569 122.4625 14.17997231265066
1 31555U 99025BYW 18211.21048114  .00000207  00000-0  94015-4 0  9990
2 31555  99.1610   7.5522 0207029  31.5513 329.7885 14.21843704582591
1 31557U 99025BYY 18211.95221959  .00000026  00000-0  21010-4 0  9997
2 31557  98.3979 259.1265 0186331  62.5821 299.4182 14.35071753589816
1 31558U 99025BYZ 18211.17838142  .00000088  00000-0  39222-4 0  9992
2 31558  98.8345 344.3225 0222299 263.6537 221.3828 14.34445028589689
1 31559U 99025BZA 18211.37557439 +.00000350 +00000-0 +12647-3 0  9995
2 31559 098.9209 008.4370 0084929 292.6631 097.1881 14.38123292587150
1 31560U 99025BZB 18211.84279459 -.00000031 +00000-0 +59252-5 0  9994
2 31560 098.9264 230.9469 0122586 140.5674 220.4504 14.20557204583956
1 31561U 99025BZC 18211.96613604 +.00000387 +00000-0 +28836-3 0  9997
2 31561 098.9669 267.1745 0065070 121.4368 002.1807 13.99731738574959
1 31562U 99025BZD 18210.24299822 +.00000251 +00000-0 +11234-3 0  9994
2 31562 099.2215 140.4514 0067454 163.5280 196.8114 14.30467179585175
1 31563U 99025BZE 18211.58509882 +.00000111 +00000-0 +37828-4 0  9996
2 31563 098.9029 142.1523 0142130 307.6441 051.1925 14.51319675594093
1 31564U 99025BZF 18212.15635904  .00009194  00000-0  90334-3 0  9996
2 31564  98.7509 337.8765 0001751   4.2086 355.9145 14.92415499591861
1 31565U 99025BZG 18211.84137181 +.00000851 +00000-0 +53245-3 0  9997
2 31565 100.7377 230.0916 0081944 011.6543 348.6491 14.06642957262890
1 31566U 99025BZH 18211.64688706  .00000574  00000-0  30776-3 0  9996
2 31566  98.9439 181.8209 0030609 156.4632 259.9068 14.16779268581766
1 31567U 99025BZJ 18211.51844781 +.00000607 +00000-0 +60593-3 0  9997
2 31567 102.3074 321.9981 0214617 160.7692 200.1703 13.74125945302937
1 31568U 99025BZK 18211.56610025 +.00000886 +00000-0 +73987-3 0  9995
2 31568 102.0926 338.1456 0159673 175.6880 184.5684 13.86746719571428
1 31569U 99025BZL 18212.01296476  .00000710  00000-0  65242-3 0  9998
2 31569 102.6093 140.4886 0204436 172.8946 251.4426 13.79081562565444
1 31570U 99025BZM 18211.33477624  .00000247  00000-0  19905-3 0  9990
2 31570 102.6083 265.4984 0191893 255.1581 102.8243 13.96644810571267
1 31581U 99057PC  18212.14876787  .00007047  00000-0  43424-3 0  9998
2 31581  98.2236 284.4185 0001434 335.7441  24.3719 15.10319533603524
1 31583U 99057PE  18211.07778842 +.00000689 +00000-0 +18000-3 0  9991
2 31583 098.4095 168.3617 0003213 074.9211 285.2339 14.52497078272158
1 31589U 99057PL  18212.17526940  .00002444  00000-0  37197-3 0  9998
2 31589  98.2697 190.7980 0014185 249.3355 110.6332 14.74852447600618
1 31591U 99057PN  18210.74953030 +.00001235 +00000-0 +23229-3 0  9994
2 31591 098.3478 202.8659 0006475 254.2050 105.8440 14.66429515597075
1 31594U 99057PR  18211.76705691  .00001009  00000-0  21294-3 0  9997
2 31594  98.3671 193.2440 0007081 347.9912  12.1118 14.61581344597723
1 31608U 99025BZN 18211.26567245  .00000290  00000-0  56028-4 0  9999
2 31608  98.5841 224.2901 0225690 143.4911 218.1916 14.56485678593135
1 31609U 99025BZP 18203.39664477  .00000774  00000-0  54508-3 0  9997
2 31609  99.1437 163.2868 0102261 220.6823 294.8085 13.98701651569088
1 31611U 99025BZR 18211.26716560  .00001382  00000-0  48583-3 0  9998
2 31611  98.9758 329.1284 0109655 263.0089 126.0495 14.33368366580488
1 31612U 99025BZS 18212.22746978  .00000457  00000-0  54596-4 0  9996
2 31612 100.3676 313.8528 0181313  92.2399 269.9577 14.80961514602304
1 31613U 99025BZT 18211.87620350 +.00000464 +00000-0 +47103-3 0  9995
2 31613 098.4516 008.5818 0365082 320.9182 036.6094 13.55528883552286
