1 25863U 99039D   18211.86544160 +.00000101 +00000-0 +40709-4 0  9997
2 25863 098.7171 228.6936 0156444 221.5353 263.3895 14.42090994999892
1 25864U 99039E   18212.50873782  .00000021  00000-0  20880-4 0  9994
2 25864  98.8252 215.3201 0173318  33.8005 115.9670 14.36739036996462
1 25865U 99039F   18211.92783222 +.00000079 +00000-0 +36120-4 0  9996
2 25865 097.7740 001.1498 0188194 148.6812 008.6508 14.32697832993470
1 25904U 94016D   18212.49814657  .00007344  58411-6  13504-3 0  9997
2 25904  34.5097 289.9044 2778601  61.4946 323.7214  9.90320016592566
1 25992U 99067B   18211.66540730 +.00000258 +00000-0 +10838-3 0  9990
2 25992 098.4303 280.7772 0005054 322.6891 190.1702 14.33722606970273
1 25993U 99067C   18211.62136354  .00000453  00000-0  17771-3 0  9990
2 25993  98.3277 252.9180 0003063 357.2647 156.3203 14.33839571969827
1 25999U 91068J   18211.74724024 +.00000105 +00000-0 +52412-3 0  9994
2 25999 082.6980 114.2271 0060522 106.3166 280.8359 12.61461613865505
1 26000U 91068K   18210.11115493 +.00000003 +00000-0 -48928-4 0  9998
2 26000 082.7189 256.3232 0041138 357.8396 030.5002 12.45021892845298
1 26002U 91068M   18212.46603006  .00000221  00000-0  83804-3 0  9994
2 26002  81.9675 223.8498 0142763 171.8400 344.2059 12.83971413877567
1 26003U 91068N   18211.84574427  .00001398  00000-0  73357-2 0  9997
2 26003  82.7107 171.3380 0187438  36.4782 351.0119 12.61394643860959
1 26004U 91068P   18211.98661083  .00000905  00000-0  44573-2 0  9999
2 26004  82.5773  46.5994 0091983 190.1728 323.6876 12.69603843865805
1 26005U 91068Q   18211.06650044  .00000040  00000-0  16718-3 0  9995
2 26005  82.6008  58.9748 0057758 174.9994 346.4596 12.61305150865342
1 26009U 91068U   18211.98918005  .00000196  00000-0  78600-3 0  9994
2 26009  82.4889 220.3977 0134121 105.7744 283.3652 12.79297872876406
1 26010U 91068V   18212.12432125  .00000041  00000-0  21587-3 0  9998
2 26010  82.7332 267.9971 0048980  10.0680  17.7921 12.44389025845968
1 26011U 91068W   18211.04551106 +.00000021 +00000-0 +63833-4 0  9999
2 26011 082.4259 318.2725 0055836 264.5100 217.8831 12.60790691864925
1 26013U 91068Y   18211.84936125 +.00000049 +00000-0 +23672-3 0  9993
2 26013 082.7153 172.4330 0025862 341.8626 046.5817 12.55212682861014
1 26015U 91068AA  18211.12004811  .00000024  00000-0  78193-4 0  9996
2 26015  82.4821 337.7128 0068604 196.5751 283.5188 12.62146682234518
1 26016U 91068AB  18212.31252532  .00000235  00000-0  80904-3 0  9990
2 26016  81.9091 160.0914 0241286  81.9522  68.0870 12.84615809251524
1 26018U 91068AD  18211.83612448 +.00000013 +00000-0 +20711-4 0  9999
2 26018 082.7120 247.1679 0019136 022.6125 101.3506 12.45338870223782
1 26019U 91068AE  18211.94705130 -.00000037 +00000-0 -32610-3 0  9991
2 26019 082.6509 278.3795 0277205 019.7924 096.3938 12.36452002218392
1 26020U 91068AF  18211.34989095 +.00000092 +00000-0 +42112-3 0  9998
2 26020 082.7332 162.3567 0114483 020.3142 133.6573 12.65648197231924
1 26021U 91068AG  18212.51338358  .00000175  00000-0  55189-3 0  9999
2 26021  81.7764  37.8393 0225941   8.0595  21.3501 12.91606768254716
1 26022U 91068AH  18212.10155390  .00000099  00000-0  49193-3 0  9991
2 26022  82.4622 333.7313 0082745 177.1559 304.3186 12.61572830235013
1 26023U 91068AJ  18212.26605140  .00000311  00000-0  19646-2 0  9998
2 26023  82.5790 132.1863 0009861 193.0560 324.4164 12.50656294227834
1 26024U 91068AK  18211.34284286  .00000239  00000-0  16323-2 0  9999
2 26024  82.7044 337.9050 0273080 104.8068 289.2421 12.33349196217969
1 26025U 91068AL  18211.79844330 -.00000102 +00000-0 -81867-3 0  9998
2 26025 082.7336 343.7271 0250828 061.1642 091.4196 12.34668951222470
1 26026U 91068AM  18211.37094385 +.00000152 +00000-0 +76913-3 0  9999
2 26026 082.5133 350.8395 0095628 190.2185 199.7004 12.63092398873527
1 26027U 91068AN  18211.70139347  .00000117  00000-0  84656-3 0  9999
2 26027  83.2858 304.3900 0119213 218.6482 298.6446 12.34042248859461
1 26028U 91068AP  18212.51570100  .00000040  00000-0  21009-3 0  9994
2 26028  82.6959 236.4563 0021454  28.3680 126.7792 12.45709055875722
1 26029U 91068AQ  18210.61867733 +.00000041 +00000-0 +18629-3 0  9990
2 26029 082.5714 081.0522 0040012 350.5484 036.9759 12.56244215881886
1 26030U 91068AU  18209.34811522 +.00000058 +00000-0 +24618-3 0  9998
2 26030 082.6754 066.8478 0083631 039.5850 082.6371 12.66474718683544
1 26037U 87079W   18211.16026673 +.00001849 +00000-0 +87472-3 0  9996
2 26037 064.5666 156.9711 5660191 196.4152 133.0112 04.50349846331684
1 26073U 00006C   18211.79364429 +.00000001 +00000-0 +39718-4 0  9994
2 26073 071.0774 096.1501 0193055 119.0647 350.5756 13.73993285927008
1 26074U 00006D   18211.42949341 -.00000000 +00000-0 +41940-4 0  9997
2 26074 070.9636 118.2109 0215695 334.8611 138.0334 13.69453155964708
1 26075U 00006E   18211.95898444 +.00000013 +00000-0 +49643-4 0  9994
2 26075 071.0642 053.5543 0188840 132.4026 298.8890 13.75626723928021
1 26076U 99040E   17074.46332275  .00001517  00000-0  19240-3 0  9997
2 26076  28.4404 131.4014 4523444 168.3218 207.3582  6.44511073299833
1 26077U 00006G   18211.96941269 -.00000018 +00000-0 +24008-4 0  9995
2 26077 070.9698 054.9756 0206710 253.7559 176.2676 13.72593714925969
1 26078U 99040F   18208.42727957 +.00000316 +00000-0 +42257-4 0  9991
2 26078 028.4212 160.3135 4508742 215.9404 103.1577 06.43818684305198
1 26079U 00004G   18211.87930354 +.00000068 +00000-0 +37608-4 0  9992
2 26079 100.2115 355.1867 0034124 099.7736 051.9586 14.43678248971790
1 26111U 87020DS  18206.23975240 +.00000004 +00000-0 +15439-3 0  9996
2 26111 073.6022 299.5086 0030939 044.9056 344.0775 12.42434813424680
1 26122U 99057J   18211.86703223 -.00000365 +00000-0 -27314-3 0  9993
2 26122 098.9225 270.2617 0539550 087.9236 334.0319 13.37469188894764
1 26123U 99057K   18211.90084632 +.00000113 +00000-0 +37932-4 0  9992
2 26123 098.5781 096.9077 0068638 114.3558 246.4823 14.53699616971264
1 26125U 99057M   18211.84376021  .00000255  00000-0  14219-3 0  9992
2 26125  99.0754 158.4973 0260245   0.5890  17.5494 14.03684276938292
1 26126U 99057N   18211.62031306 +.00000173 +00000-0 +67870-4 0  9994
2 26126 098.6123 175.5068 0106420 111.8459 304.8161 14.38016177961414
1 26127U 99057P   18211.86399778 +.00000289 +00000-0 +81839-4 0  9990
2 26127 098.1374 347.2428 0116395 030.0695 120.3265 14.48677630965106
1 26128U 99057Q   18211.68311424 +.00000167 +00000-0 +29539-4 0  9997
2 26128 098.6419 112.3730 0036525 250.2796 139.4998 14.80966584987678
1 26132U 99057U   18211.84978220  .00000486  00000-0  17557-3 0  9993
2 26132  98.8172 205.5838 0140508 182.5258 299.5115 14.32823658953923
1 26134U 99057W   18211.78309212 +.00000197 +00000-0 +17151-3 0  9996
2 26134 098.9844 180.4443 0436288 251.9014 228.7163 13.59818756909300
1 26140U 99057AC  18211.91982687 +.00000404 +00000-0 +11856-3 0  9998
2 26140 099.3633 165.3873 0200784 132.9874 266.3285 14.39011522957973
1 26142U 99057AE  18212.06332633 -.00000006  00000-0  19504-4 0  9995
2 26142  98.6757 247.6031 0308363  55.6260 339.0840 13.84036015925980
1 26143U 99057AF  18211.81044192 +.00000072 +00000-0 +92522-4 0  9991
2 26143 098.9608 056.9174 0483295 215.7976 209.5061 13.45234918900538
1 26147U 99067E   18212.21989649  .00000227  00000-0  80114-4 0  9992
2 26147  98.8104 117.3385 0005415 223.0405 294.6044 14.44121650973748
1 26150U 99057AL  18211.92149494 +.00000290 +00000-0 +21178-3 0  9992
2 26150 099.0125 004.1733 0360434 171.3358 343.9282 13.75813381919121
1 26152U 99057AN  18209.15197404 -.00000331  00000-0 -25484-3 0  9992
2 26152  99.2006  86.8573 0527748 253.2221 265.3646 13.35656548893289
1 26155U 99057AR  18211.91317671 +.00000967 +00000-0 +29211-3 0  9997
2 26155 098.6048 194.9891 0189008 122.6150 269.4553 14.34874992954384
1 26175U 99057BM  18211.55282653 +.00000053 +00000-0 +63701-4 0  9999
2 26175 098.7222 229.4670 0337869 284.5990 230.5129 13.76792202922684
1 26178U 99057BQ  18212.26762090  .00000817  00000-0  12674-3 0  9999
2 26178  98.4837 128.7411 0044416 144.0576   7.2351 14.75488291974484
1 26181U 99057BT  18212.14339140  .00000034  00000-0  17806-4 0  9990
2 26181  98.6417 267.1290 0014781 353.4267  32.0717 14.59703767977274
1 26184U 99057BW  18211.86713809  .00000060  00000-0  35065-4 0  9995
2 26184  98.6852 166.5257 0109791 146.5537 238.9869 14.34634067960649
1 26187U 99057BZ  18211.18536766  .00000105  00000-0  22413-4 0  9991
2 26187  98.6286  34.7975 0057677 158.4606 201.9049 14.78420138988033
1 26188U 99057CA  18212.16666422  .00003080  00000-0  21888-3 0  9993
2 26188  98.8177 144.7494 0024309  87.6043  20.0311 15.05409773981068
1 26191U 99057CD  18212.39021403  .00000151  00000-0  58492-4 0  9994
2 26191  98.6354 184.9695 0099161  15.1727 137.4001 14.41122480963053
1 26193U 99057CF  18211.87624550 +.00000389 +00000-0 +54928-4 0  9993
2 26193 098.5641 350.0677 0011485 270.7249 240.5208 14.83345852986034
1 26194U 99057CG  18212.51436397  .00000102  00000-0  30513-4 0  9993
2 26194  97.8569 216.9374 0052884  37.0811 114.1086 14.59496630975196
1 26196U 99057CJ  18210.62789338 -.00000041 +00000-0 +27661-6 0  9996
2 26196 098.8346 260.3073 0344448 341.9120 168.9088 13.75896199920786
1 26198U 99057CL  18211.73907005 +.00000133 +00000-0 +48910-4 0  9993
2 26198 098.5077 175.9823 0075878 166.1027 194.2277 14.45930358965900
1 26199U 99057CM  18211.18502638  .00000263  00000-0  74160-4 0  9996
2 26199  98.4967 195.6884 0085248 109.1150 310.8771 14.51766631966960
1 26200U 99057CN  18211.90233107 +.00000174 +00000-0 +44234-4 0  9991
2 26200 097.9375 190.2256 0056324 020.9136 339.4351 14.60752404975000
1 26202U 99057CQ  18211.76561571 +.00000092 +00000-0 +46415-4 0  9998
2 26202 098.6020 145.3266 0110957 191.2418 199.1383 14.33624350958934
1 26203U 99057CR  18211.94243326 +.00000036 +00000-0 +28591-4 0  9997
2 26203 098.3145 090.2092 0111954 243.1871 184.6349 14.30220806957275
1 26205U 99057CT  18211.32586006  .00000082  00000-0  12072-3 0  9993
2 26205  99.1702 171.6265 0651737 213.8957 141.8853 13.09398348875959
1 26207U 99057CV  18211.53373966  .00000382  00000-0  10354-3 0  9991
2 26207  98.6203 222.9612 0106779 307.3269 204.7885 14.50496647963885
1 26208U 99057CW  18212.15925595  .00000043  00000-0  22586-4 0  9997
2 26208  98.1694 166.3313 0075301 305.5885 181.5192 14.49741210969936
1 26209U 99057CX  18210.87849861 +.00000034 +00000-0 +17812-4 0  9992
2 26209 098.6663 231.9551 0030805 002.4022 119.8900 14.60401362976660
1 26211U 99057CZ  18211.55856514  .00000013  00000-0  44618-4 0  9995
2 26211  98.8892 234.0129 0547390 196.5994 325.3835 13.31317829890958
1 26218U 99057DG  18211.80798498 +.00000670 +00000-0 +14677-3 0  9996
2 26218 098.6878 161.1425 0078424 214.4858 145.1238 14.59468378969221
1 26231U 99057DV  18211.64510976 -.00000326  00000-0 -20941-4 0  9998
2 26231  98.7169 274.6465 0044847 304.5662 208.7997 14.97450309994469
1 26233U 99057DX  18211.43679859 +.00000994 +00000-0 +97731-4 0  9993
2 26233 098.5968 028.7574 0007930 166.1448 224.2090 14.94757656988395
1 26234U 99057DY  18211.79759440 +.00000037 +00000-0 +21254-4 0  9993
2 26234 098.7307 195.2914 0012551 031.9705 088.1395 14.51880847972360
1 26235U 99057DZ  18212.39464449  .00000435  00000-0  83053-4 0  9990
2 26235  98.5231 173.9219 0028781  95.7644  55.4544 14.68965085978385
1 26239U 99057ED  18212.21791417  .00003878  00000-0  28345-3 0  9999
2 26239  97.9737 311.7880 0027267  65.5465 317.1886 15.03966439981771
1 26241U 99057EF  18212.05538461  .00000012  00000-0  20010-4 0  9991
2 26241  98.6263 147.5869 0111672 200.5512 221.5323 14.32157436959494
1 26257U 99057ET  18211.87764095  .00000560  00000-0  57607-4 0  9991
2 26257  98.5330   1.5167 0012033 106.4477 253.8064 14.94815311988178
1 26259U 99057EV  18212.47049608  .00000316  00000-0  89619-4 0  9993
2 26259  98.5901 207.6642 0088659 228.5883 284.0645 14.50429026965188
1 26260U 99057EW  18211.94368493 +.00000393 +00000-0 +10798-3 0  9998
2 26260 098.5366 204.7164 0085217 229.7990 129.5724 14.50688804964890
1 26262U 99057EY  18212.22961985  .00000300  00000-0  80459-4 0  9997
2 26262  98.5392 207.0300 0066225  72.7195 350.7261 14.54230489967534
1 26265U 99057FB  18212.13183328  .00000096  00000-0  44424-4 0  9991
2 26265  98.6957 177.2306 0105639 107.6683  25.5261 14.37778678960765
1 26266U 99057FC  18211.77481843  .00000292  00000-0  84641-4 0  9997
2 26266  98.6172 204.9707 0100100 265.6568  93.3182 14.49402729964496
1 26268U 99057FE  18211.09277153 +.00000391 +00000-0 +58575-4 0  9998
2 26268 098.7281 071.6958 0008419 213.7289 146.3386 14.80945186982423
1 26270U 99057FG  18210.94908492 +.00000579 +00000-0 +11492-3 0  9995
2 26270 098.3262 212.0486 0066464 253.3374 106.0525 14.64837306970732
1 26272U 99057FJ  18211.94517448 +.00000353 +00000-0 +88164-4 0  9996
2 26272 098.5017 210.3736 0080276 049.6775 341.0229 14.55956105968155
1 26275U 99057FM  18211.70196453  .00000594  00000-0  11171-3 0  9992
2 26275  98.2150 207.1764 0067989 177.0603 239.0926 14.66948925971911
1 26280U 99057FS  18211.84436042 +.00000008 +00000-0 +17629-4 0  9999
2 26280 098.6454 165.1388 0088918 060.5162 328.0872 14.36163761961130
1 26283U 99057FV  18211.40086522 +.00000250 +00000-0 +80610-4 0  9997
2 26283 098.5770 187.9094 0088673 244.4359 271.9770 14.45805317964291
1 26284U 99057FW  18211.80154270  .00000776  00000-0  11511-3 0  9994
2 26284  98.0988 214.7499 0047697 274.3716  85.2045 14.77306429976015
1 26286U 99057FY  18212.43498725  .00000220  00000-0  65680-4 0  9993
2 26286  98.4761 187.9572 0075687  72.9082  78.6780 14.50922249968862
1 26300U 99057GL  18211.89450191  .00000300  00000-0  83390-4 0  9991
2 26300  98.4696 192.0613 0081438 104.3834 288.9133 14.51682589967144
1 26306U 99057GP  18211.82421774 +.00000034 +00000-0 +25841-4 0  9996
2 26306 098.6403 162.2825 0100310 070.7569 320.8628 14.35908905960002
1 26310U 99057GT  18211.90649112  .00000100  00000-0  43461-4 0  9990
2 26310  98.6568 187.4658 0099083  14.2004  13.5307 14.41309363962005
1 26313U 99057GW  18211.39955451 +.00000213 +00000-0 +69628-4 0  9990
2 26313 098.5546 187.8427 0085554 224.7117 290.3973 14.46612217964929
1 26321U 99057HE  18212.45586323  .00000963  00000-0  14101-3 0  9992
2 26321  98.0756 218.4972 0052233   4.5800 355.5877 14.77107725974973
1 26323U 99057HG  18211.63512495 +.00000219 +00000-0 +69803-4 0  9996
2 26323 098.5451 187.5647 0079580 170.6492 253.9397 14.47661454965938
1 26329U 99057HN  18211.73657753 +.00000353 +00000-0 +90109-4 0  9992
2 26329 098.5186 209.6039 0084659 113.1385 298.0359 14.54621350966653
1 26333U 99057HS  18211.94448267 +.00000541 +00000-0 +10818-3 0  9995
2 26333 098.2745 204.4703 0061884 195.6274 164.3020 14.64825721971345
1 26336U 99057HV  18211.86713374 +.00000316 +00000-0 +85399-4 0  9990
2 26336 098.3866 188.5617 0074707 089.4371 271.5384 14.52926607966064
1 26339U 99057HY  18211.43409071 +.00000580 +00000-0 +11281-3 0  9993
2 26339 098.2274 204.1877 0061906 183.6318 176.4445 14.65735949970727
1 26347U 99057JG  18211.87629963 +.00000185 +00000-0 +61949-4 0  9992
2 26347 098.5449 186.6474 0062880 147.8179 243.2001 14.47395143964293
1 26350U 99057JK  18210.51489425 +.00002805 +00000-0 +11215-3 0  9994
2 26350 098.6170 231.9748 0011265 050.6226 309.6005 15.26129965995078
1 26351U 99057JL  18211.91110824 +.00000150 +00000-0 +53194-4 0  9998
2 26351 098.3630 164.9419 0063453 112.4656 248.3272 14.46188686967853
1 26416U 99057JM  18211.74948256  .00000856  00000-0  13485-3 0  9990
2 26416  98.1198 217.9546 0052446  47.4960   7.3229 14.74197172970723
1 26423U 99057JU  18210.53755178 +.00001429 +00000-0 +15324-3 0  9994
2 26423 097.8431 244.8264 0048705 240.7004 118.9341 14.89403318975720
1 26430U 99057KB  18211.20870931  .00003358  00000-0  25388-3 0  9996
2 26430  98.2243 304.1507 0040800 241.4970 118.2142 15.02474693974824
1 26432U 99057KD  18211.49573639  .00000505  00000-0  14919-3 0  9993
2 26432  98.7272 224.5214 0131196 321.3240  37.8610 14.43331762953275
1 26436U 99057KH  18212.53754168  .00000706  00000-0  80401-3 0  9993
2 26436  99.4667 241.8959 0716084   5.3321 355.4916 12.95440739864467
1 26441U 99057KN  18212.41885678  .00000521  00000-0  10584-3 0  9997
2 26441  98.2959 204.0693 0059876 211.6699 148.0896 14.64378038966319
1 26442U 99057KP  18211.82829587 +.00000173 +00000-0 +55443-4 0  9996
2 26442 098.2559 170.3700 0066411 031.5830 359.2599 14.49689955963026
1 26443U 99057KQ  18211.86831875 +.00000060 +00000-0 +33020-4 0  9996
2 26443 098.6557 175.6240 0099210 024.9093 004.1269 14.38901820959252
1 26444U 99057KR  18211.53512955  .00000108  00000-0  33576-4 0  9995
2 26444  98.5003 144.8609 0079502 316.3286 100.7246 14.58215342968829
1 26446U 99057KT  18212.40867709  .00000152  00000-0  59310-4 0  9997
2 26446  98.6894 188.5279 0107949  86.9445 274.4088 14.39900447956222
1 26448U 99057KV  18212.54624695  .00000752  00000-0  13940-3 0  9993
2 26448  98.3778 240.4244 0075968 336.5717  23.2031 14.66615659968659
1 26449U 99057KW  18212.42760372  .00000125  00000-0  49194-4 0  9999
2 26449  98.6132 184.6946 0085797 267.4602 245.2572 14.43655074962730
1 26454U 99057KZ  18211.92728101 +.00000277 +00000-0 +74406-4 0  9995
2 26454 098.4074 190.6471 0075514 021.8371 005.5811 14.54271429951720
1 26498U 82055BP  18211.35148355 +.00000435 +00000-0 +37235-3 0  9991
2 26498 065.8183 110.9255 0027147 186.7573 285.6507 13.96940320259447
1 26503U 81021E   18210.89494275 -.00000045 +00000-0 +36422-4 0  9999
2 26503 064.9599 296.7525 0034208 131.6347 343.7952 13.90980517932693
1 26504U 81021F   18210.60191064 -.00000029 +00000-0 +48480-4 0  9998
2 26504 064.9631 289.1644 0032384 116.3107 311.2422 13.91296556940118
1 26505U 81021G   18198.78518998 -.00000029  00000-0  48407-4 0  9991
2 26505  64.9671 327.5324 0031993 112.9033 247.5413 13.91342677938170
1 26506U 81021H   18208.67900674 -.00000043 +00000-0 +37315-4 0  9990
2 26506 064.9591 294.9059 0034693 133.3478 227.0486 13.91253649939932
1 26508U 81021K   18210.91481573 -.00000047  00000-0  34845-4 0  9993
2 26508  64.9673 301.4705 0031259 103.8039  14.2567 13.91073231939086
1 26509U 81021L   18210.61947383 -.00000040 +00000-0 +39902-4 0  9999
2 26509 064.9660 304.4274 0032511 110.2284 250.2280 13.91021522933762
1 26510U 81021M   18210.94161155 -.00000055  00000-0  28421-4 0  9992
2 26510  64.9660 316.3365 0033742 113.5747   0.4228 13.90816870932273
1 26511U 81021N   18210.95643812 -.00000043  00000-0  37791-4 0  9996
2 26511  64.9618 318.2049 0033761 132.3410 343.1898 13.90597194939861
1 26512U 81021P   18211.88084553 -.00000048 +00000-0 +33999-4 0  9992
2 26512 064.9668 291.2432 0031268 105.2933 012.1960 13.91242932253020
1 26513U 84069E   18207.51115920 -.00000021 +00000-0 +54378-4 0  9991
2 26513 065.0519 233.0626 0061728 272.5666 162.5829 13.90358471935039
1 26514U 84069F   18210.63664482 -.00000043 +00000-0 +37623-4 0  9999
2 26514 065.0476 232.8803 0059265 279.3445 080.0921 13.90151940935689
1 26516U 84069H   18181.84443729 -.00000017 +00000-0 +57280-4 0  9992
2 26516 065.0482 263.8481 0059764 284.2873 075.1559 13.91146635268146
1 26517U 84069J   18211.44198008 -.00000054  00000-0  28688-4 0  9991
2 26517  65.0484 225.0164 0061346 277.5269 153.9503 13.90113957955350
1 26518U 84069K   06361.87958250  .00000025  00000-0  91265-4 0  9993
2 26518  65.0477  89.0263 0058474 287.3212  71.4430 13.90096027367332
1 26519U 84069L   18208.48854461 -.00000028 +00000-0 +49668-4 0  9997
2 26519 065.0486 250.3710 0059408 281.0852 145.0435 13.89752301246816
1 26520U 84069M   18211.47077928 -.00000048  00000-0  33627-4 0  9997
2 26520  65.0463 232.4390 0060582 283.3107 146.9898 13.89933097933416
1 26521U 84069N   18202.49508166  .00017879  00000-0  13940-1 0  9995
2 26521  65.0455 227.6080 0059457 266.6781 167.3660 13.91511186933206
1 26522U 84069P   18209.40516411 -.00000022  00000-0  53737-4 0  9990
2 26522  65.0510 213.0195 0060384 270.2677 160.3943 13.90809049933485
1 26523U 84069Q   18211.55968845 -.00000059 +00000-0 +24381-4 0  9995
2 26523 065.0459 190.8503 0060971 277.3654 082.0483 13.91051255251164
1 26601U 87020DT  18211.23687781 +.00000007 +00000-0 +17818-3 0  9992
2 26601 073.6039 306.3198 0028058 047.0650 345.4026 12.41254554922853
1 26633U 83070G   02018.59257852 +.00001148 +00000-0 +10000-3 0  9990
2 26633 066.5019 219.6367 6996189 146.8748 288.4987 02.00493453008889
1 26634U 84069R   18204.40162477 +.00000006 +00000-0 +75061-4 0  9993
2 26634 065.0488 203.5647 0061856 272.6894 086.7091 13.91196404246512
1 26645U 84069S   16222.77104568  .00000115  00000-0  90516-4 0  9993
2 26645  65.0409 276.9799 0055880 191.5192 168.4629 13.90900814227420
1 26646U 84069T   18210.66381081 -.00000042 +00000-0 +37895-4 0  9999
2 26646 065.0444 218.4340 0060157 283.2109 191.6810 13.90365208260264
1 26647U 84069U   16289.98498069  .00000050  00000-0  40083-4 0  9995
2 26647  65.0462 130.8568 0039335 166.0107 194.2113 13.90196424795163
1 26650U 99057LG  18211.28104611 +.00000283 +00000-0 +45560-4 0  9992
2 26650 098.5332 325.8239 0010630 338.9503 050.7993 14.79652055970445
1 26654U 99057LL  18211.74734737 +.00000441 +00000-0 +14551-3 0  9996
2 26654 098.7690 195.0988 0136038 052.6084 308.7397 14.38071354934874
1 26658U 99057LQ  18211.84924899 +.00000149 +00000-0 +52569-4 0  9998
2 26658 098.4764 176.6251 0076303 173.9276 216.7610 14.46489583944393
1 26661U 99057LT  18211.47117858 +.00000420 +00000-0 +92804-4 0  9998
2 26661 098.3728 210.4884 0068931 310.4593 203.0979 14.61303238958248
1 26740U 94029AEH 18210.35187678 +.00000624 +00000-0 +53856-4 0  9993
2 26740 081.8672 068.0023 0115723 141.7737 343.0539 14.90398587063393
1 26754U 99057MB  18211.74440445 +.00000369 +00000-0 +61029-4 0  9999
2 26754 098.5306 193.4942 0061023 206.6531 153.1536 14.75775629926727
1 26755U 99057MC  18211.84921819 +.00000423 +00000-0 +76849-4 0  9997
2 26755 098.3085 340.1804 0065324 140.2699 010.8380 14.70228860921539
1 26756U 99057MD  18211.11390369 +.00000019 +00000-0 +20722-4 0  9998
2 26756 098.5982 164.4987 0084413 350.9947 064.7356 14.38243673909892
1 26785U 84035C   18210.61317525 -.00000272 +00000-0 -57151-4 0  9996
2 26785 030.4199 315.2729 6811227 024.1957 356.4418 02.78183599168727
1 26788U 86010E   17177.34502167 -.00000128 +00000-0 +30414-3 0  9994
2 26788 031.0566 052.8095 6835833 255.8400 347.6255 02.62428132162453
1 26791U 92019D   18212.20221465  .00011361  00000-0  19845-3 0  9994
2 26791  34.6459 144.7228 3778105 112.9331 290.9128  7.95262944466899
1 26792U 92009D   17320.62297654  .00004589  00000-0  23527-3 0  9998
2 26792  34.4522  94.7786 4650117 350.2589   3.1311  6.29866004389500
1 26849U 85118AC  04252.43146745 -.00000043 +00000-0 +10000-3 0  9991
2 26849 064.8049 158.1903 4448771 355.3866 012.6127 05.59611025000003
1 26851U 92058E   17045.93349537  .00012073  00000-0  45541-3 0  9991
2 26851  34.7309 151.4973 4210590 298.2082   3.8015  7.09692883404672
1 26911U 81021Q   18210.90097546 -.00000042 +00000-0 +38518-4 0  9999
2 26911 064.9640 305.4977 0033517 117.5931 351.8890 13.90780322880499
1 26921U 85093C   18205.21288875 -.00000047 +00000-0 +00000-0 0  9994
2 26921 063.6288 281.7219 5637364 016.4796 003.5772 03.89997620367825
1 26967U 93017E   18207.89022769 +.00006064 +00000-0 +14432-3 0  9994
2 26967 034.9615 056.2231 4280129 213.0522 111.0000 07.00325197416806
1 26968U 93016AJ  18211.93849740 +.00000253 +00000-0 +11386-3 0  9999
2 26968 070.9998 029.0515 0008548 055.0509 101.1288 14.31483975316406
1 26980U 92093JK  18211.90773128 +.00000648 +00000-0 +19514-3 0  9999
2 26980 071.1117 260.6419 0092761 075.1855 342.1932 14.43889074317316
1 26982U 87020DU  18211.68033924 +.00000020 +00000-0 +27286-3 0  9992
2 26982 073.6023 295.2925 0029893 039.3617 115.2380 12.42226382835529
1 27007U 01056G   18211.43215419 +.00000220 +00000-0 +27776-3 0  9996
2 27007 099.2119 015.5606 0011953 312.6274 047.3867 13.74453175832745
1 27037U 89006S   18210.96527916 -.00000187  00000-0 -18768-3 0  9990
2 27037   8.0076 111.2081 7172728  50.9929 353.2807  2.27432642139928
1 27044U 89006Z   18212.40588135  .00000290  00000-0  31410-2 0  9990
2 27044   7.9822  75.1581 7125938 121.3498 313.3939  2.32586011141158
1 27045U 89006AA  17251.64474266 -.00000132  00000-0 -24703-2 0  9992
2 27045   8.8244   1.0894 7118488 279.9311  35.3900  2.25339414131072
1 27052U 90065V   18211.95292028 -.00000230 +00000-0 +17417-3 0  9995
2 27052 017.7326 115.0259 6940529 079.1811 346.0241 02.66038973190610
1 27097U 01049AR  18211.84499334  .00004872  00000-0  13241-3 0  9991
2 27097  97.5043 347.1546 0035346 180.3526 179.7700 15.37429063905668
1 27115U 01049BK  18211.82983459  .00015086  00000-0  16258-3 0  9996
2 27115  97.6682 275.1151 0009632 237.3704 192.4782 15.63743225912805
1 27119U 01049BP  18211.96451738 +.00000390 +00000-0 +27204-4 0  9991
2 27119 097.8243 207.3907 0032041 283.5295 076.2365 15.11182789904866
1 27121U 01049BR  18212.34539001  .00001162  00000-0  64841-4 0  9993
2 27121  97.2923 264.3925 0041314 308.5394  51.2138 15.14801981897511
1 27123U 01049BT  18212.54437705  .00000052  00000-0  17721-4 0  9997
2 27123  97.3402  65.1334 0043429 310.5181  49.2243 14.63898407884773
1 27128U 01049BY  18211.82354341  .00001885  00000-0  11511-3 0  9991
2 27128  97.5811 336.6321 0055893 240.7938 118.7694 15.10280325899043
1 27129U 01049BZ  18211.92765883 +.00000823 +00000-0 +91678-4 0  9994
2 27129 097.9343 203.1985 0040277 143.1431 247.6173 14.89282017892004
1 27132U 01049CC  18212.50348541  .00000735  00000-0  51889-4 0  9993
2 27132  97.7385 189.4556 0045964 229.9971 225.8871 15.07407844915492
1 27133U 01049CD  18211.23682745  .00000034  00000-0  15020-4 0  9999
2 27133  97.7473 295.1630 0046785  53.8965 306.6556 14.63369823884878
1 27142U 01049CN  18212.20920526  .00000148  00000-0  70172-4 0  9994
2 27142  97.3719 359.1926 0288437  30.2486 331.4992 14.10080716853234
1 27146U 01049CS  18211.91460613 +.00000164 +00000-0 +30472-4 0  9998
2 27146 098.1760 186.5563 0049957 228.4706 153.0314 14.77339809890061
1 27147U 01049CT  18211.88077722 +.00001445 +00000-0 +10182-3 0  9998
2 27147 097.5362 243.9948 0016802 308.6758 178.7180 15.06471342913321
1 27150U 01049CW  18212.52847962  .00001063  00000-0  58911-4 0  9994
2 27150  97.9006 237.5165 0033882 105.0117 255.4869 15.15712579946456
1 27152U 01049CY  18212.40591870  .00000165  00000-0  27216-4 0  9993
2 27152  98.1298 192.2298 0037828  68.7271 291.7975 14.82802280892754
1 27153U 01049CZ  18212.42197516  .00000523  00000-0  54825-4 0  9999
2 27153  97.9824 194.5709 0040472  55.6516 304.8522 14.93438771898869
1 27160U 01049DG  18212.51990431 -.00000023  00000-0  50318-5 0  9994
2 27160  98.1580 156.5052 0047197 318.8194 100.0719 14.67651482888832
1 27216U 01049FL  18211.79420434 +.00001346 +00000-0 +10662-3 0  9990
2 27216 098.1462 151.0037 0033218 245.6532 144.3174 15.02066084898888
1 27218U 01049FN  18211.25017828 +.00000807 +00000-0 +10167-3 0  9993
2 27218 099.0468 011.7783 0247194 206.8866 151.9348 14.66449613872684
1 27226U 01049FW  18212.17823586  .00000333  00000-0  37852-4 0  9995
2 27226  97.9112 191.9047 0026801 160.6126 199.6118 14.92687855896553
1 27255U 01049HB  18211.88539847 +.00000388 +00000-0 +46442-4 0  9993
2 27255 097.8418 186.7616 0042017 250.1331 141.6805 14.89229571895841
1 27267U 01049HP  18211.92144433 +.00000393 +00000-0 +47216-4 0  9990
2 27267 098.0479 199.4747 0044236 321.6546 038.1527 14.89233841894628
1 25863U 99039D   18211.01422163  .00000099  00000-0  40246-4 0  9994
2 25863  98.7170 227.8237 0156411 224.0907 164.2449 14.42090722999762
1 25864U 99039E   18211.87551194 +.00000018 +00000-0 +19948-4 0  9992
2 25864 098.8252 214.6707 0173350 035.6618 080.7658 14.36738906996269
1 25865U 99039F   18211.22312767  .00000073  00000-0  34289-4 0  9999
2 25865  97.7739   0.5169 0188152 150.7995 333.9976 14.32697629993484
1 25904U 94016D   18211.48912541  .00006538  56000-6  12071-3 0  9990
2 25904  34.5101 292.6499 2778611  57.5079 326.4349  9.90305241592462
1 25992U 99067B   18210.68810586 +.00000258 +00000-0 +10833-3 0  9995
2 25992 098.4304 279.8248 0005097 326.5173 185.0002 14.33722012970114
1 25993U 99067C   18210.76660748 +.00000469 +00000-0 +18360-3 0  9995
2 25993 098.3278 252.0948 0003142 000.4387 063.5952 14.33838831969713
