1 27305U 01049KB  18212.82114573 +.00000069 +00000-0 +19560-4 0  9996
2 27305 098.1809 169.0639 0043166 285.0026 104.8783 14.71617518889626
1 27353U 01049MA  18212.96019515 +.00000878 +00000-0 +56951-4 0  9997
2 27353 097.6619 211.1057 0024173 179.4985 180.6273 15.10533479898737
1 27384U 99057MJ  18213.05871969  .00001291  00000-0  15441-3 0  9995
2 27384  98.1460 249.7580 0047334 354.3230   5.7441 14.85265622957351
1 27385U 99057MK  18212.91923879 +.00002005 +00000-0 +18999-3 0  9993
2 27385 097.9862 247.0339 0046128 168.7306 191.4957 14.93994836941677
1 27469U 00047C   18212.55191449 -.00000088  00000-0  34598-5 0  9992
2 27469  67.9958 246.7946 0070775 264.8218 253.1555 14.88804948871724
1 27482U 90081CU  18212.50420913 +.00000153 +00000-0 +11202-3 0  9997
2 27482 098.7055 228.8676 0010145 167.9353 350.3819 14.09499648899608
1 27489U 97005G   18213.38665505  .00003086  00000-0  22405-3 0  9997
2 27489  31.4951 337.4075 4911805 329.6083  22.9225  5.82758734336208
1 27491U 98043L   18213.43772569 -.00000008  00000-0  26475-4 0  9992
2 27491  98.9076  20.3668 0207447  51.1865 310.7611 13.79324793  9577
1 27492U 99057MM  18212.88940649  .00000378  00000-0  10430-3 0  9995
2 27492  98.4547 191.1778 0089954 188.3453 171.6250 14.50315682905993
1 27493U 99057MN  18212.15804580  .00000095  00000-0  40087-4 0  9997
2 27493  98.5535 176.1103 0080088 207.7077 218.8562 14.44117732935323
1 27530U 01049MV  18212.33727360 +.00002300 +00000-0 +66364-4 0  9990
2 27530 097.6155 345.6758 0026968 249.9136 109.9204 15.36488688896055
1 27533U 02036D   13247.66985865 +.00000055 +00000-0 +31562-3 0  9991
2 27533 082.4864 023.1677 0021605 023.6469 350.4011 12.44781683497877
1 27536U 99057MP  18212.38766403 +.00000267 +00000-0 +79990-4 0  9997
2 27536 098.3014 179.3406 0034227 294.0433 228.1853 14.50016023866194
1 27538U 01049MW  18213.45438117  .00000178  00000-0  14789-4 0  9996
2 27538  97.6681 189.0345 0043642 157.0657 203.2534 15.10126489895327
1 27569U 81021R   18204.64934417 -.00000049 +00000-0 +32742-4 0  9990
2 27569 064.9613 305.5600 0034029 128.2073 232.2063 13.91245003815897
1 27570U 81021S   18212.58317337 -.00000036 +00000-0 +42708-4 0  9999
2 27570 064.9623 283.9384 0033096 121.1921 307.4488 13.91275420247728
1 27571U 81021T   18207.88264435 -.00000051 +00000-0 +31329-4 0  9991
2 27571 064.9644 308.8926 0033469 117.7007 242.7458 13.91047379814460
1 27572U 84069W   16091.16427692  .00000062  00000-0  12091-3 0  9998
2 27572  65.0495 289.1527 0059213 218.5312 140.6916 13.90246866700043
1 27573U 84069X   18212.55942337 -.00000050 +00000-0 +31428-4 0  9991
2 27573 065.0432 182.9221 0060058 282.7806 191.1567 13.91089034258635
1 27580U 01049MY  18212.81239346  .00000026  00000-0  12039-4 0  9993
2 27580  98.0675 163.2491 0047861 143.3215 217.1284 14.72983757862497
1 27582U 01049NA  18212.95528072 +.00000214 +00000-0 +36385-4 0  9996
2 27582 098.2718 110.1546 0053863 344.8113 015.1478 14.78757619865592
1 27583U 01049NB  18211.98368071  .00001443  00000-0  81710-4 0  9997
2 27583  97.6105 219.5775 0013104 273.3279 116.7796 15.14606844874198
1 27585U 01049ND  18212.26602172 +.00000087 +00000-0 +20453-4 0  9994
2 27585 098.0585 146.6604 0062754 162.3120 198.0293 14.74738921876896
1 27586U 01049NE  18212.98212077  .00000765  00000-0  38849-4 0  9996
2 27586  97.2710 220.4383 0045976 357.9928   2.1115 15.18976747883679
1 27596U 86019VN  18213.39081845  .00000128  00000-0  50212-4 0  9991
2 27596  98.2175 252.7172 0047243  99.2618  27.5025 14.42833223198476
1 27628U 87068CK  18213.01050593  .00000074  00000-0  45597-4 0  9997
2 27628  82.5173 318.5084 0024760 304.6152  55.2677 13.92624750957004
1 27629U 87068CL  18213.13207795  .00001135  00000-0  27678-3 0  9997
2 27629  82.2684 150.9966 0020406 302.9000  57.0233 14.51915889904251
1 27638U 84069Y   18212.57597082 -.00000047  00000-0  33893-4 0  9992
2 27638  65.0468 197.3487 0061445 276.4737  82.9333 13.90875715810050
1 27639U 87068CM  18211.61328883 +.00000052 +00000-0 +40749-4 0  9993
2 27639 082.5098 161.6204 0069324 106.5688 014.7427 13.71354583246567
1 27653U 01049NQ  18212.86993451 +.00000115 +00000-0 +22833-4 0  9995
2 27653 098.0778 175.3549 0065058 062.8702 320.8828 14.78283040863338
1 27655U 01049NS  18211.94716476 +.00000243 +00000-0 +72846-4 0  9996
2 27655 097.2778 111.4568 0177562 357.2602 002.7601 14.41066166844878
1 27657U 01049NU  18212.26009323  .00000487  00000-0  43601-4 0  9997
2 27657  97.9488 217.2747 0038274 241.6594 181.3425 15.00250166873243
1 27676U 99057MQ  18213.34093021  .00000147  00000-0  62129-4 0  9991
2 27676  98.6957 178.0320 0107723 133.3086 227.7144 14.36254339813480
1 27677U 99057MR  18213.37368056  .00000037  00000-0  23161-4 0  9999
2 27677  98.5504 169.3732 0078449 104.0186  46.7485 14.44893653854261
1 27678U 99057MS  18213.12796480 -.00000004  00000-0  14319-4 0  9999
2 27678  98.6655 157.9755 0109026 177.8392 251.4441 14.32377370845190
1 27679U 94029AEJ 18212.12672824  .00000241  00000-0  55513-4 0  9991
2 27679  81.9833 139.0476 0334503 138.6907 224.0106 14.21861368860635
1 27687U 99057MT  18213.08125335 -.00000002  00000-0  14417-4 0  9996
2 27687  98.6087 161.7164 0090143  12.6532 347.6887 14.36738801840187
1 27688U 99057MU  18212.88967351  .00000089  00000-0  38834-4 0  9999
2 27688  98.5933 186.6322 0091393 285.8729 103.2666 14.43864416849921
1 27689U 01056H   18212.39573097 +.00000004 +00000-0 +96962-4 0  9991
2 27689 099.9267 270.5117 0207798 239.5918 183.3304 13.25712503804732
1 27690U 01056J   18212.37484662 -.00000040  00000-0  95034-5 0  9991
2 27690 100.3653 356.1196 0183379 124.9228 264.7467 13.30740116807731
1 27733U 81053MN  18213.38294423  .00000537  00000-0  31111-3 0  9994
2 27733  83.1195 233.1546 0022861 281.9617  77.8994 14.06996789962299
1 27734U 81053MP  18212.56734412 +.00000983 +00000-0 +72095-3 0  9992
2 27734 083.1200 063.2333 0106723 034.1537 326.6434 13.92172470154870
1 27735U 81053MQ  18212.86435066  .00000467  00000-0  43995-3 0  9993
2 27735  83.0514 171.4892 0103782  57.6545 332.2761 13.76905753228116
1 27736U 81120H   18211.97233894 -.00000002 +00000-0 -11219-3 0  9996
2 27736 082.9607 078.8273 0053522 235.3921 190.3914 12.14991189210045
1 27737U 81120J   18212.85268039 +.00000113 +00000-0 +11634-2 0  9995
2 27737 082.9582 170.3894 0026158 288.6651 099.8450 12.08062379222102
1 27738U 81120K   18211.56324959  .00000049  00000-0  40228-3 0  9997
2 27738  82.9584  65.8642 0055476 201.5028 188.8099 12.15606259878925
1 27739U 84069Z   18212.41096331 -.00000056  00000-0  27216-4 0  9990
2 27739  65.0492 212.1689 0060839 274.1320 157.4476 13.90636978824910
1 27741U 85090C   18213.50980563  .00000837  00000-0  23664-4 0  9997
2 27741  97.1955 284.7196 0023526  75.4180 284.9673 15.38884455895630
1 27742U 87020DV  18213.09174067  .00006745  00000-0  29337-2 0  9996
2 27742  74.1873 101.8066 0103094 236.2060 122.9237 14.21412716952531
1 27743U 91009CY  18213.01681928  .00000028  00000-0  39098-3 0  9994
2 27743  74.0619 228.8655 0136818  45.6437 343.8259 12.19990836904649
1 27744U 91009CZ  18212.51430913 -.00000026  00000-0 -11678-3 0  9999
2 27744  74.0503 242.6308 0174874  76.6692  73.1166 12.18532891115356
1 27746U 91009DB  18210.48139743 +.00000230 +00000-0 +24147-2 0  9991
2 27746 074.1026 038.3557 0175364 170.8410 217.5503 12.14166434214110
1 27747U 91009DC  18210.38349191 +.00000090 +00000-0 +10146-2 0  9999
2 27747 073.9619 196.9110 0086820 234.0476 281.9246 12.19123761910556
1 27748U 91009DD  18212.54601546 +.00000039 +00000-0 +48613-3 0  9999
2 27748 074.0488 234.1806 0175061 069.5110 099.0104 12.19276600942830
1 27749U 92093JL  18212.56788372  .00000233  00000-0  13584-3 0  9994
2 27749  71.1054 171.9623 0115982 291.7068 188.5754 14.15058186886017
1 27750U 92093JM  18206.98772778 +.00000701 +00000-0 +32949-3 0  9994
2 27750 071.1597 081.0161 0099239 119.8773 241.2260 14.20760773866833
1 27751U 92093JN  18211.06054768 +.00001060 +00000-0 +27579-3 0  9994
2 27751 071.1661 351.0358 0039675 221.3999 138.4136 14.51477243240129
1 27752U 93014G   18212.83241990  .00000061  00000-0  26453-4 0  9991
2 27752  75.7600 259.6123 0184500 179.1448 306.0176 14.26165042853178
1 27760U 94077M   18212.55195944 +.00000297 +00000-0 +88097-4 0  9999
2 27760 070.9991 051.2289 0058903 248.9049 141.9165 14.50655403971374
1 27762U 99057MV  18212.79274486 +.00000084 +00000-0 +55918-4 0  9999
2 27762 098.4275 046.6349 0183170 080.8682 344.4148 14.13490145856015
1 27763U 00015B   18212.43850123  .00001450  00000-0  37698-3 0  9997
2 27763  64.6444  10.5849 4789198 350.9520   2.7830  5.93813398337026
1 27764U 00025D   18207.56171104 +.00099934 +55150-6 +31870-3 0  9994
2 27764 038.7691 031.8965 2137278 299.6511 077.0432 11.38874499423003
1 27765U 00040D   18212.60305638  .03926491  54405-5  10734-3 0  9991
2 27765  38.7655 309.1575 0105045 287.6192  71.3174 16.27350306485815
1 27768U 02054D   18213.37344793  .00000204  00000-0  49380-4 0  9990
2 27768  98.2407   1.6549 0034096 228.0661 131.7633 14.62838780833627
1 27769U 02054E   18211.86364019 +.00000196 +00000-0 +44960-4 0  9995
2 27769 098.1788 000.5559 0036711 167.1955 193.0189 14.65625897834739
1 27772U 99031F   18210.11850303  .00000454  00000-0  13513-2 0  9998
2 27772  52.0188 113.0162 0121420 352.6564 148.8954 13.21159506761530
1 27797U 81053MR  18212.99422547  .00000218  00000-0  28996-3 0  9993
2 27797  83.1450 297.0940 0192810 296.7425 183.9495 13.49751711853297
1 27798U 81071M   16049.23628946  .00000656  00000-0  00000+0 0  9996
2 27798  69.7363 281.7684 5500691  88.5935  34.8885  1.98167187111231
1 27803U 82055BQ  18212.80419632  .00000183  00000-0  18870-3 0  9996
2 27803  65.8199 332.5888 0019293 106.8738  55.8971 13.98025170389364
1 27804U 91068AR  18213.12223997  .00000326  00000-0  15049-2 0  9997
2 27804  82.6191  83.9138 0212634 324.4881 194.7806 12.67812106746501
1 27805U 92047L   18211.27741223 +.00002337 +00000-0 +89450-3 0  9999
2 27805 065.1493 224.9890 4716983 322.2464 012.5655 06.00891176343818
1 27806U 99057MW  18212.06237851 -.00000010  00000-0  12893-4 0  9998
2 27806  98.6658 152.8001 0109526 228.1850 130.9939 14.30840210871679
1 27908U 84069AA  18209.58085420 -.00000049 +00000-0 +32079-4 0  9994
2 27908 065.0416 197.7721 0060637 287.0099 072.4326 13.90882829783104
1 27909U 84069AB  18211.34218843 -.00000047  00000-0  33912-4 0  9994
2 27909  65.0473 180.2805 0060339 275.6520 159.6595 13.91293536781374
1 27910U 84069AC  18198.53194653 -.00000025  00000-0  51225-4 0  9996
2 27910  65.0545 242.2470 0061747 271.0100 161.1368 13.90864126790915
1 27911U 84069AD  18210.43900491 -.00000048 +00000-0 +33189-4 0  9990
2 27911 065.0484 222.4584 0062366 279.6572 079.7450 13.90482958794851
1 27912U 84069AE  07081.08070326 -.00000018 +00000-0 +57371-4 0  9997
2 27912 065.0436 239.4535 0062160 263.0398 095.5684 13.89757448214228
1 27913U 84069AF  18204.43349240 -.00000014 +00000-0 +59565-4 0  9993
2 27913 065.0444 225.3665 0061897 284.2199 075.1995 13.90731607789223
1 27958U 87079AX  18212.40270076  .00002219  00000-0  29584-2 0  9996
2 27958  65.0064 227.6826 5394279 152.0155 252.4538  4.80192670243707
1 27978U 88085Y   16061.45531078 +.00000032 +00000-0 +00000-0 0  9994
2 27978 059.5261 236.2488 4277145 000.1834 012.4317 04.20750558039312
1 27998U 88085AU  18212.34717907  .00006126  00000-0  67225-2 0  9995
2 27998  64.9876  44.6404 2776167  22.6026 347.6355  9.19690067319028
1 28042U 92093JP  18212.59817187 -.00000222  00000-0 -98035-4 0  9996
2 28042  70.8778 266.0007 0067894  68.7975  82.9392 14.09252129107019
1 28055U 03048B   18212.90909644 +.00000428 +00000-0 +21393-3 0  9995
2 28055 098.6096 203.2847 0000532 289.8639 099.7429 14.21809764764639
1 28056U 03048C   18212.93772037 +.00000252 +00000-0 +13518-3 0  9998
2 28056 098.6100 203.3443 0001125 290.4767 069.6290 14.21284740764754
1 28067U 99057MX  18212.80736376 -.00000068 +00000-0 -43683-5 0  9992
2 28067 098.5463 195.5051 0090956 249.6204 109.5201 14.47713927825684
1 28068U 99057MY  18212.17206504 +.00000152 +00000-0 +56142-4 0  9993
2 28068 098.5902 185.5959 0089695 286.7381 072.3981 14.44021439268067
1 28069U 99057MZ  18213.38389048  .00000180  00000-0  61211-4 0  9997
2 28069  98.5447 183.8428 0078624 173.9043 186.3124 14.46297485838084
1 28070U 99057NA  18212.85785629  .00000199  00000-0  62289-4 0  9991
2 28070  98.4614 181.9702 0071902  84.1997 276.7388 14.49501891838031
1 28071U 99057NB  18213.03122866 -.00000020  00000-0  81689-5 0  9991
2 28071  98.5208 133.7995 0109335 124.2677 301.3021 14.33159047835462
1 28072U 99057NC  18212.86387998 +.00000090 +00000-0 +40912-4 0  9990
2 28072 098.6409 182.8342 0097939 357.2691 033.9581 14.40889210804531
1 28073U 99057ND  18213.37295200  .00000037  00000-0  25102-4 0  9997
2 28073  98.5828 174.3815 0083631 232.2107 280.7250 14.41699337817949
1 28074U 99057NE  18212.66732817 -.00000002 +00000-0 +14903-4 0  9999
2 28074 098.6641 158.0965 0104998 168.5244 315.0869 14.32618749811469
1 28075U 99057NF  18211.37051425  .00000117  00000-0  51215-4 0  9999
2 28075  98.6890 178.9562 0105981 102.3869 258.9203 14.37572856798950
1 28080U 03048D   18212.88298819 +.00000463 +00000-0 +22024-3 0  9996
2 28080 098.5246 232.0143 0002963 266.5330 214.7878 14.23941892763134
1 28193U 04009D   18212.17110939  .00030900  18521-7  19967-3 0  9992
2 28193  38.8312 166.6726 3022175 236.6616  90.7983  9.49778265356405
1 28211U 81021U   18210.62702812 -.00000007 +00000-0 +65919-4 0  9998
2 28211 064.9625 290.0929 0031452 110.8002 320.9805 13.91536230781765
1 28225U 04012F   18213.52935423  .00086950  00000-0  78759-3 0  9991
2 28225  97.4442  47.0943 0004988 105.0296 255.1517 15.67770413773958
1 28232U 04012J   18213.38632824  .00031350  00000-0  68066-3 0  9996
2 28232  97.9374 197.8552 0021468 264.0268  95.8532 15.44072517766809
1 28264U 03010D   16243.49348674 -.00000214  00000-0  00000+0 0  9994
2 28264  39.0360  33.8105 4923895 102.2584 315.1580  5.88254445231416
1 28270U 81016L   18206.05456543 -.00000309 +00000-0 +00000-0 0  9997
2 28270 066.6564 229.7315 6081356 045.3053 350.5752 02.02482840128190
1 28271U 84069AG  18170.05227030 -.00000018 +00000-0 +56430-4 0  9995
2 28271 065.0541 319.0186 0061603 280.0503 191.2825 13.90814158245644
1 28273U 84069AJ  18208.33720478 -.00000047 +00000-0 +33934-4 0  9990
2 28273 065.0473 196.4371 0062425 277.1409 082.2560 13.91131262732025
1 28274U 84069AK  18213.34207953 -.00000003  00000-0  68623-4 0  9991
2 28274  65.0498 192.7793 0062145 272.2272  87.1678 13.90995720777493
1 28275U 88019F   18212.61583601 -.00000041  00000-0  43409-4 0  9994
2 28275  65.0447 285.4682 0031148 135.7050 296.9613 13.81662717733578
1 28277U 91068AS  18212.93110039 +.00000521 +00000-0 +16222-2 0  9993
2 28277 082.6236 198.3057 0069709 061.0471 331.9164 13.02079413217151
1 28278U 91068AT  18212.69831465  .00001897  00000-0  74583-2 0  9991
2 28278  82.2784 102.9404 0043806 240.3143 148.1722 12.87416827722370
1 28283U 93014L   18211.73911580 +.00002749 +00000-0 +29889-3 0  9998
2 28283 075.7410 233.2764 0066466 341.6077 018.2709 14.86753937271765
1 28284U 93014M   18212.02083188  .00000993  00000-0  18910-3 0  9998
2 28284  75.7479 334.3765 0101094 135.9322 224.9969 14.61570626759691
1 28288U 93014R   18213.07236351  .00005024  00000-0  30739-3 0  9993
2 28288  75.7260 105.9239 0047846 182.6254 177.4704 15.09400866763367
1 28290U 93014T   18211.38193402  .00002655  00000-0  33864-3 0  9996
2 28290  75.7427 236.2494 0065902 350.6221   9.3728 14.80260808760926
1 28291U 93014U   18213.12513546  .00004777  00000-0  31162-3 0  9992
2 28291  75.7279 144.2511 0048089 229.4166 130.2845 15.07070199775469
1 28292U 93014V   18212.40717137 +.00000173 +00000-0 +57269-4 0  9998
2 28292 075.7607 111.8522 0149867 328.3283 030.8924 14.36134258270025
1 28300U 91082M   18212.92083399 +.00000425 +00000-0 +19410-3 0  9999
2 28300 098.7769 232.4887 0011978 070.1332 047.6965 14.26677079740767
1 28302U 91082P   18212.84712961 +.00000241 +00000-0 +13781-3 0  9997
2 28302 098.8723 224.5178 0029880 254.6447 105.1426 14.18510409737933
1 28303U 91082Q   18212.90830639 -.00000003  00000-0  17035-4 0  9992
2 28303  98.6660 203.1938 0029913 143.3886 246.5850 14.25147556742548
1 28304U 91082R   18213.49229179 -.00000028  00000-0  85978-5 0  9998
2 28304  98.9282 220.8290 0012080 211.1320 302.7309 14.16262875737981
1 28307U 91082U   18212.48429425  .00000049  00000-0  53319-4 0  9990
2 28307  99.0856 220.7462 0039483  29.5656 125.1864 14.09748674734395
1 28308U 91082V   18212.88515257 +.00000155 +00000-0 +87868-4 0  9998
2 28308 098.7923 228.0095 0015496 103.7069 016.4858 14.23479787739337
1 28309U 91082W   18212.81753738 -.00000015  00000-0  13216-4 0  9992
2 28309  98.7635 209.7493 0013902 273.4119 208.2091 14.21715501740637
1 28310U 91082X   18212.90300274 +.00000724 +00000-0 +25992-3 0  9996
2 28310 098.6789 246.1812 0008322 325.0664 159.0948 14.36879040742515
1 28312U 91082Z   18212.50096137  .00000164  00000-0  96611-4 0  9999
2 28312  98.8614 224.3425 0012271 136.8777 223.3363 14.20750995738190
1 28313U 91082AA  18211.46530096  .00002475  00000-0  56213-3 0  9991
2 28313  98.7483 292.7444 0022226 202.4321 157.5906 14.56825344743995
1 28315U 91082AC  18213.12364441  .00000751  00000-0  49963-3 0  9996
2 28315  98.7302 356.9475 0137646  31.3061  22.6988 13.99610680725439
1 28317U 91082AE  18211.97299150 +.00000152 +00000-0 +94830-4 0  9992
2 28317 098.7789 204.4931 0126246 220.2679 157.9015 14.14539006735773
1 28318U 91082AF  18213.08256962  .00001212  00000-0  44565-3 0  9998
2 28318  98.7795 256.0962 0057112 160.6377 229.2781 14.33597037738310
1 28319U 91082AG  18211.88418079 +.00000979 +00000-0 +39058-3 0  9994
2 28319 098.8027 190.4142 0062905 129.4562 231.2209 14.29746215737277
1 28321U 91082AJ  18212.03447373  .00000744  00000-0  27454-3 0  9991
2 28321  98.6813 243.2944 0008228 338.3459  52.1837 14.35459666741205
1 28322U 91082AK  18212.82245590 +.00000026 +00000-0 +46982-4 0  9997
2 28322 098.6984 334.8959 0114166 296.8047 219.2646 13.95918912725797
1 28323U 91082AL  18211.97659171 +.00003431 +00000-0 +71236-3 0  9999
2 28323 098.5184 216.0229 0055071 052.9366 307.6850 14.59870963202102
1 28325U 91082AN  18211.44731691 +.00001016 +00000-0 +48313-3 0  9998
2 28325 098.6254 074.5023 0083624 355.6818 124.8375 14.19764306730401
1 28326U 91082AP  18213.30497187  .00000569  00000-0  28829-3 0  9997
2 28326  98.9591 238.5563 0067559  59.0871 301.6923 14.18852061733089
1 28327U 91082AQ  18211.89247895 +.00000590 +00000-0 +26490-3 0  9995
2 28327 098.8698 230.2592 0031151 134.9166 345.1344 14.25977938264489
1 28328U 91082AR  18213.41099245  .00002945  00000-0  84672-3 0  9992
2 28328  98.9350 282.4150 0068060 243.1098 116.3124 14.44304566736582
1 28329U 91082AS  18213.44656166  .00000685  00000-0  36700-3 0  9995
2 28329  99.0325 209.9736 0090624 161.9620 198.4803 14.14367170731150
1 28330U 91082AT  18211.73471633 +.00000817 +00000-0 +41670-3 0  9990
2 28330 098.9691 187.4010 0095286 109.8513 251.2961 14.16168654731029
1 28331U 91082AU  18212.30351453  .00000708  00000-0  21493-3 0  9992
2 28331  98.3008 227.4957 0042148 191.2599 168.7653 14.44590627746003
1 28332U 91082AV  18210.37912134 +.00010488 +00000-0 +10407-2 0  9995
2 28332 098.7562 004.6704 0021960 169.0515 191.1184 14.91802285743990
1 28333U 91082AW  18211.89245462 +.00000758 +00000-0 +27712-3 0  9994
2 28333 098.6759 243.0672 0009625 334.1300 151.5536 14.35854940740072
1 28334U 91082AX  18212.84853349 +.00000728 +00000-0 +34058-3 0  9998
2 28334 098.8920 182.3211 0080489 308.7955 050.6052 14.21768519733377
1 28335U 91082AY  18211.31067828  .00000493  00000-0  21731-3 0  9992
2 28335  98.8084 235.3461 0014070  91.5957 268.6836 14.27880073737907
1 28338U 91082BB  18213.32954385  .00000830  00000-0  29541-3 0  9993
2 28338  98.6726 246.8084 0010217 307.9886  52.0377 14.36946050739739
1 28340U 91082BD  18211.65236912 +.00002145 +00000-0 +50423-3 0  9993
2 28340 098.7584 282.3812 0019333 231.1761 128.7709 14.55398963740194
1 28342U 91082BF  18213.36886114  .00000827  00000-0  42288-3 0  9995
2 28342  98.9606 178.6555 0089500  81.2526 279.8772 14.16294756729872
1 28343U 91082BG  18211.46847718 +.00000666 +00000-0 +35707-3 0  9991
2 28343 099.0368 220.9126 0083709 164.0485 196.3354 14.14773106726880
1 28344U 91082BH  18213.03946194  .00000719  00000-0  27577-3 0  9990
2 28344  98.7064 241.2041 0007725 349.9773  39.7038 14.33587986738332
1 28345U 91082BJ  18212.58479293 +.00001706 +00000-0 +96457-3 0  9991
2 28345 098.6374 341.8248 0126475 306.3319 052.6228 14.07500151720784
1 28346U 91082BK  18211.33729463  .00000780  00000-0  28505-3 0  9991
2 28346  98.6733 242.7743 0011517 346.2756  79.1119 14.35779521737906
1 28348U 91082BM  18210.69812244 +.00002365 +00000-0 +48515-3 0  9995
2 28348 098.6486 295.3246 0014502 110.8644 249.4110 14.61646160742149
1 28349U 91082BN  18212.77724802  .00000771  00000-0  37406-3 0  9995
2 28349  98.9092 196.7902 0080871  66.6435  54.7202 14.19577381729636
1 28354U 04021C   18212.82105715 -.00000045 +00000-0 -32888-5 0  9997
2 28354 070.9578 353.1878 0221414 063.0787 299.2745 13.68280390705639
1 28355U 04021D   18213.41805831 -.00000066  00000-0 -23929-4 0  9998
2 28355  70.9692  11.2465 0228057  36.7403 354.3939 13.67541111705484
1 28356U 04021E   18213.22631115 -.00000040  00000-0  26434-5 0  9996
2 28356  71.0634  40.3303 0221998 328.3461 140.5478 13.68738348706078
1 28357U 04021F   18212.80726976 +.00000016 +00000-0 +55257-4 0  9996
2 28357 071.0764 337.9346 0202237 247.2263 268.2459 13.72837866707965
1 28388U 81043E   18212.72713474 +.00001080 +00000-0 +44394-3 0  9990
2 28388 081.2648 316.7244 0045453 186.6477 173.4106 14.25824708235695
1 28389U 81043F   18211.72203462 +.00000655 +00000-0 +26090-3 0  9991
2 28389 081.2645 316.2029 0053255 197.2955 162.6413 14.26829907718174
1 28429U 01049NP  18212.88089166  .00001669  00000-0  87007-4 0  9997
2 28429  97.4157 238.2816 0013192 214.7603 145.2770 15.17270845806920
1 28430U 01049NW  18212.93627604 -.00000123 +00000-0 -42971-5 0  9998
2 28430 097.6255 198.5199 0036324 165.8367 194.3886 15.03692824823719
1 28432U 01049NY  18212.14577412  .00000317  00000-0  61309-4 0  9992
2 28432  97.7397 280.2874 0074607 275.4759  83.7940 14.68056862806008
1 28436U 01056K   18213.40810403 -.00000031  00000-0  17607-4 0  9990
2 28436  99.4240 359.8077 0191720 251.1944 121.6229 13.28640546806587
1 28437U 01056L   18212.81833563 -.00000002 +00000-0 +77640-4 0  9998
2 28437 099.4504 338.1625 0200668 305.8572 223.5462 13.27299605805514
1 28438U 02024E   18211.76844834 +.00000414 +00000-0 +17436-3 0  9993
2 28438 098.4758 200.8616 0023393 026.5377 333.6999 14.30641179841237
1 28481U 04046C   18213.22362613  .00000351  00000-0  11735-3 0  9996
2 28481  98.1593 314.4107 0129240 230.1709 159.1245 14.38673524716149
1 28482U 04046D   18212.95549029 +.00000254 +00000-0 +95329-4 0  9998
2 28482 098.7835 200.6190 0134247 112.7851 274.1145 14.35225280714637
1 28483U 04046E   18212.92179567 +.00000240 +00000-0 +75918-4 0  9999
2 28483 098.0584 016.3447 0113338 104.4952 048.0411 14.44567808719057
1 28484U 04046F   18212.89825678 +.00000044 +00000-0 +26975-4 0  9998
2 28484 098.6342 243.3625 0106503 328.5547 106.6548 14.41826242717575
1 28488U 04046G   07229.28095273 +.00006150 +00000-0 +10047-2 0  9996
2 28488 098.1779 246.7669 0026016 320.1533 049.2311 14.71014898146717
1 28563U 88098L   18211.05550579  .00000234  00000-0  13863-1 0  9997
2 28563   4.2956 317.7981 7210978 291.9433  22.1433  2.06969816115710
1 28567U 89006AJ  18212.19314290  .00000011  00000-0  49286-3 0  9998
2 28567   7.9755  48.7384 7127899 177.0605 192.3544  2.33429886131891
1 28568U 89006AK  15260.44768753  .00000014  00000-0  10000-3 0  9999
2 28568  11.7365   0.1124 6212483 317.8807   8.4652  2.24021894 90356
1 28569U 89006AL  18210.44625053 -.00000156  00000-0 -37728-3 0  9998
2 28569   7.7510 155.3003 7145602 324.9027 289.5859  2.29169228120551
1 28590U 92047Z   12117.78022953 -.00000059  00000-0  00000+0 0  9998
2 28590  65.6571  29.7701 5086295  10.5462   5.7322  4.38077028124853
1 28597U 81043G   18178.03268661  .00001242  00000-0  44114-3 0  9990
2 28597  81.2628 294.6913 0048601 131.7593 223.1539 14.33243954782361
1 28598U 82116E   18212.62910417  .00001788  00000-0  44463-3 0  9992
2 28598  81.2349 172.6362 0030246 296.8605  62.9497 14.51163641721895
1 28599U 81043H   18212.84421498 +.00001360 +00000-0 +36907-3 0  9991
2 28599 081.2483 163.7240 0021323 307.8735 052.0527 14.47052993226676
1 28600U 81043J   18210.13515341 +.00001028 +00000-0 +25072-3 0  9997
2 28600 081.2393 144.5348 0005000 092.6754 267.5012 14.52085273824005
1 28601U 81043K   18213.43793411  .00000240  00000-0  76722-4 0  9994
2 28601  81.2622 260.2478 0041647  48.0449 312.4273 14.36206900746808
1 28602U 81043L   18209.87941371  .00000936  00000-0  32816-3 0  9995
2 28602  81.2570 269.5600 0052470  64.8779 295.7836 14.33618346737477
1 28603U 85013C   18211.30068460 +.00000196 +00000-0 +12651-3 0  9990
2 28603 082.5223 059.9882 0019584 308.2883 051.6523 13.98443304257941
1 28672U 88074H   18199.24591816  .00000313  00000-0  43413-3 0  9991
2 28672  89.9734  14.3977 0095137 131.1149 353.4568 13.54021659705409
1 28673U 88074J   18177.77654029  .00001039  00000-0  10741-2 0  9995
2 28673  89.9148 355.7984 0070826  67.8954 354.1144 13.74149198676301
1 27305U 01049KB  18212.36944370  .00000074  00000-0  20322-4 0  9995
2 27305  98.1809 168.6098 0043156 286.4851 231.7940 14.71617447889806
1 27353U 01049MA  18212.96019515  .00000878  00000-0  56951-4 0  9997
2 27353  97.6619 211.1057 0024173 179.4985 180.6273 15.10533479898704
1 27384U 99057MJ  18212.31766459 +.00001335 +00000-0 +15935-3 0  9997
2 27384 098.1461 248.9999 0047386 356.7548 003.3352 14.85263894957244
1 27385U 99057MK  18211.24482953  .00002104  00000-0  19917-3 0  9992
2 27385  97.9860 245.3311 0046063 174.1887 185.9877 14.93988525942206
1 27469U 00047C   18211.54418674 -.00000080 +00000-0 +42983-5 0  9991
2 27469 067.9959 249.5374 0070781 265.8443 252.1130 14.88804888871034
1 27482U 90081CU  18211.85854345  .00000159  00000-0  11534-3 0  9998
2 27482  98.7055 228.2433 0010080 169.6926 314.2170 14.09499472902740
1 27489U 97005G   18212.35471748 +.00002848 +00000-0 +20874-3 0  9990
2 27489 031.4954 338.6540 4911810 327.6817 018.0066 05.82753447336160
1 27491U 98043L   18212.92996421 -.00000010 +00000-0 +24912-4 0  9997
2 27491 098.9076 019.8889 0207467 052.5417 309.4409 13.79324776009453
1 27492U 99057MM  18211.78554197 +.00000374 +00000-0 +10313-3 0  9998
2 27492 098.4546 190.0693 0089886 191.7145 168.1959 14.50314727905341
1 27493U 99057MN  18210.37344545 +.00000083 +00000-0 +36911-4 0  9997
2 27493 098.5532 174.3152 0079973 213.1220 300.9919 14.44117177935069
1 27530U 01049MV  18211.81626907  .00002004  00000-0  58149-4 0  9990
2 27530  97.6156 345.1366 0026934 251.9044 107.9266 15.36485574896103
1 27536U 99057MP  18211.87921838  .00000255  00000-0  77001-4 0  9993
2 27536  98.3012 178.8395 0034265 295.6638  94.0052 14.50015633866129
1 27538U 01049MW  18212.92428814 +.00000192 +00000-0 +15661-4 0  9996
2 27538 097.6680 188.5039 0043589 158.8614 201.4429 15.10125968895102
1 27569U 81021R   18199.68943060 -.00000035 +00000-0 +43701-4 0  9993
2 27569 064.9618 318.5802 0034325 130.3138 230.0934 13.91244518251870
1 27570U 81021S   18210.86719015 -.00000039 +00000-0 +40541-4 0  9993
2 27570 064.9624 288.4422 0033236 121.9649 352.5815 13.91275220837675
1 27571U 81021T   18207.88264435 -.00000051 +00000-0 +31329-4 0  9991
2 27571 064.9644 308.8926 0033469 117.7007 242.7458 13.91047379259834
1 27572U 84069W   16033.47233403  .00000065  00000-0  12301-3 0  9990
2 27572  65.0495  79.8007 0059221 238.4980 120.9844 13.90230374692027
1 27573U 84069X   18211.32843812 -.00000051  00000-0  30387-4 0  9997
2 27573  65.0437 186.1468 0060097 283.0253 146.6594 13.91088945817021
1 27580U 01049MY  18211.31791878 +.00000021 +00000-0 +11356-4 0  9996
2 27580 098.0675 161.7643 0047762 148.0181 212.3941 14.72983560856923
1 27582U 01049NA  18212.95528072  .00000214  00000-0  36385-4 0  9996
2 27582  98.2718 110.1546 0053863 344.8113  15.1478 14.78757619865581
