1 42409U 00055TD  18212.43223238  .00000689  00000-0  32029-3 0  9992
2 42409  98.7866 293.0547 0051993 144.6615 215.8027 14.23124079122541
1 42797U 17036AJ  18212.15683321  .00101467  00000-0  12765-2 0  9991
2 42797  97.4046 279.9726 0006987 210.8051 149.2796 15.59294104 60802
1 42394U 00055SN  18211.05668390 +.00000818 +00000-0 +37969-3 0  9996
2 42394 098.8950 302.3235 0054882 214.5549 145.2056 14.22691548123469
1 42456U 84072S   18210.61944379 -.00000006 +00000-0 -17475-4 0  9993
2 42456 082.5338 174.7358 0032790 235.2506 124.5567 13.86215085187804
1 43313U 85047CE  18208.34257038 +.00000024 +00000-0 +30885-3 0  9992
2 43313 073.6241 081.5624 0026590 234.7448 245.5651 12.40901828449975
1 42466U 10057BF  18209.71139776 -.00000235 +00000-0 -57584-4 0  9991
2 42466 020.7401 038.7614 7203474 117.2715 331.0798 02.18736179024481
1 43351U 95021J   18212.52651476  .00001821  00000-0  52527-3 0  9999
2 43351  98.7535 233.1019 0007144 133.5273 226.6512 14.45893386157114
1 43354U 96051P   18211.83358551 -.00000000 +00000-0 +23672-4 0  9996
2 43354 071.1891 158.9104 0097167 236.0995 123.0858 14.12845629241747
1 42378U 00055RW  18211.07786878  .00000556  00000-0  28785-3 0  9997
2 42378  98.8534 292.7255 0027783 200.4828 159.5235 14.18798913123902
1 42428U 00055TY  18211.46291697  .00000277  00000-0  15639-3 0  9990
2 42428  98.8810 295.9818 0028230 212.7645 147.1779 14.18040281 81914
1 42359U 00055RB  18212.04047419  .00000615  00000-0  32221-3 0  9991
2 42359  98.9078 297.6376 0023388 219.2681 140.6798 14.17925838120274
1 42677U 16029C   18212.16606189  .00000082  00000-0  42013-4 0  9999
2 42677  97.9336 194.4638 0257789 308.3726  49.4545 14.21141905102267
1 43329U 88006N   18212.42960652  .00001416  00000-0  48438-3 0  9993
2 43329  99.0975 198.8704 0047780 122.4596 238.1222 14.37322022292733
1 42362U 00055RE  18212.33123823  .00000865  00000-0  73702-3 0  9997
2 42362  98.8983 243.8250 0130828 154.6895 206.0748 13.85938053126852
1 43335U 89028C   18210.18205902 +.00000358 +00000-0 +33134-3 0  9997
2 43335 082.9408 119.6230 0046632 054.4445 306.1047 13.79357496235511
1 42412U 00055TG  18211.98566609  .00001074  00000-0  55721-3 0  9990
2 42412  98.8151 281.7981 0017386 261.4369  98.4836 14.16841455121897
1 43190U 09066H   18211.51032474  .00207958  00000-0  54118-2 0  9999
2 43190  97.3020 233.2126 0020482  46.8661 306.5828 15.37872082 11272
1 42977U 10041S   18208.46493416 +.00022751 +00000-0 +21286-1 0  9998
2 42977 064.9645 051.5535 5659479 069.8634 340.7852 04.43990061014358
1 42415U 00055TK  18211.21969143 +.00000646 +00000-0 +34052-3 0  9997
2 42415 098.9358 298.5526 0035242 162.4187 197.8215 14.17189886124342
1 43316U 85094AA  18210.89477834  .00000202  00000-0  97274-3 0  9991
2 43316  82.6046 261.6820 0022297 149.2596 210.9810 12.69382271710772
1 42486U 89006CN  18035.30991920 -.00000176  00000-0  00000+0 0  9991
2 42486  10.4246 357.8391 6892573 282.1300 268.6480  2.19550075104637
1 42381U 00055RZ  18211.75903741  .00001973  00000-0  82531-3 0  9999
2 42381  99.0098 318.0461 0051625 182.2131 177.8827 14.26564667124504
1 43304U 83044GR  18212.46066299  .00005191  00000-0  33954-3 0  9992
2 43304  64.9977  87.0181 0100122 247.6626 111.3860 15.04810391 57758
1 43096U 17084C   18212.46563166  .00001632  00000-0  65903-4 0  9992
2 43096  97.4644 290.4119 0015929 232.2192 127.7604 15.26149955 33056
1 43307U 83044GU  18212.00559304  .00010475  00000-0  55723-3 0  9998
2 43307  64.9904  74.7755 0087594 247.5858 111.5971 15.12376366 47543
1 43103U 18002E   18211.16596240  .00001318  00000-0  99308-4 0  9994
2 43103  97.6981 287.4416 0036991 228.7366 131.0672 15.03733895 30352
1 42431U 00055UB  18211.51458995 +.00001124 +00000-0 +57756-3 0  9994
2 42431 098.9830 300.6949 0046548 148.3249 212.0740 14.16845783099788
1 42447U 83044GH  18212.09520835  .00010970  00000-0  59575-3 0  9997
2 42447  64.9916  76.1644 0092158 243.4243 115.7415 15.11282280 84087
1 42365U 00055RH  18212.47040813  .00000802  00000-0  37872-3 0  9991
2 42365  98.8984 302.9168 0057587 215.9207 143.8093 14.21766942127320
1 43344U 94057G   18210.84573304 +.00000646 +00000-0 +34660-3 0  9997
2 43344 099.0621 230.1917 0013619 176.1173 184.0108 14.16633976091161
1 42368U 00055RL  18211.42567534  .00000456  00000-0  27775-3 0  9998
2 42368  98.8840 284.3233 0011605  10.3265 349.8142 14.11076643119754
1 42397U 00055SR  18212.39850569  .00000689  00000-0  38580-3 0  9994
2 42397  98.8293 281.4481 0049899 311.3119  48.3764 14.13362579124721
1 43214U 99025EYN 18210.61058698 +.00000356 +00000-0 +21922-3 0  9997
2 43214 098.9287 267.6460 0063060 331.3334 028.4376 14.10970096023276
1 42980U 10041V   18211.22388809 -.00000458  00000-0 -34607-2 0  9993
2 42980  65.4177  67.4793 5659887  65.8383 342.2810  4.18910293 13744
1 43319U 86073H   18210.04795920  .00806449  00000-0  17636-1 0  9997
2 43319  98.7366 250.7267 0063373 154.4441 205.9957 15.39619416103045
1 42670U 15069C   18212.23108499  .00000298  00000-0  23027-4 0  9997
2 42670  97.8292 223.8923 0094153 329.3222  30.2519 15.06310859 97994
1 43357U 98008H   18211.33340895 +.00000186 +00000-0 +17275-2 0  9994
2 43357 051.9619 197.0835 0049189 224.0463 135.6476 12.56488681116010
1 42384U 00055SC  18211.98708216  .00000465  00000-0  26993-3 0  9992
2 42384  98.8345 283.4791 0016270 294.8009  65.1471 14.13579473123691
1 43310U 84072V   18210.62375238 +.00000120 +00000-0 +91605-4 0  9998
2 43310 082.5407 175.8334 0007124 302.5615 057.4858 13.86082905184075
1 43148U 18006C   18211.78320682 +.00001424 +00000-0 +56479-4 0  9990
2 43148 097.3221 329.4838 0017539 308.2517 051.7143 15.26885993030273
1 42452U 84072N   18180.31163210  .00000878  00000-0  74172-3 0  9990
2 42452  82.5496 197.9346 0021235   5.9201 181.1941 13.86626268126992
1 43347U 94074AK  18212.09336449  .00001318  00000-0  15918-3 0  9997
2 43347  98.0862 263.6041 0004301 165.2721 194.8620 14.85502770112733
1 42371U 00055RP  18211.09078968 +.00001023 +00000-0 +46462-3 0  9998
2 42371 099.0581 319.0694 0053057 166.2987 193.9644 14.23373693130171
1 42400U 00055SU  18211.96176961  .00000370  00000-0  23018-3 0  9995
2 42400  98.8240 278.5371 0023456 341.9922  18.0416 14.10820458119538
1 42418U 00055TN  18212.02976596  .00000430  00000-0  25132-3 0  9990
2 42418  98.8423 284.4583 0014953 147.0430 213.1678 14.13586148123522
1 43036U 17077C   18211.17137491  .00001139  00000-0  53270-4 0  9999
2 43036  97.5615 290.0421 0012619   3.9733 356.1600 15.21808691 36240
1 42403U 00055SX  18211.84899465 +.00001901 +00000-0 +35538-3 0  9997
2 42403 098.8808 353.4103 0153355 029.5179 331.4568 14.58953439125188
1 43322U 87020FK  18211.70821414  .00000090  00000-0  78419-3 0  9992
2 43322  73.6024 304.5484 0029973  43.0118 317.3261 12.41537011 89413
1 42673U 15069F   18212.18201234  .00000003  00000-0  66993-5 0  9999
2 42673  97.9347 200.4729 0005257  77.3061 282.8741 14.84859861144386
1 43361U 99040J   18029.99838601  .00002594  00000-0  13554-2 0  9993
2 43361  28.2555 303.4396 3964940 219.1775 104.1888  7.23803212 61882
1 42387U 00055SF  18211.98670512  .00000661  00000-0  35964-3 0  9998
2 42387  98.8756 290.6034 0019393 256.2848 103.6167 14.15601095126288
1 43106U 17008DK  18212.17093416  .00057654  00000-0  11636-2 0  9991
2 43106  97.4601 282.9159 0004651  15.0749 345.0638 15.46317890 31851
1 42408U 00055TC  18211.41889397  .00000334  00000-0  22144-3 0  9996
2 42408  98.8845 279.4336 0021728  64.0760 296.2645 14.08070585121274
1 43151U 85119C   18210.23015915 +.00000529 +00000-0 +44786-3 0  9994
2 43151 082.5387 029.5580 0015230 305.1936 054.7798 13.85892832027374
1 42455U 84072R   18211.20205134 +.00000205 +00000-0 +16292-3 0  9991
2 42455 082.5273 172.8253 0003778 211.5000 148.5936 13.86756118160044
1 43350U 94074AN  18212.36930777  .00002894  00000-0  32477-3 0  9994
2 43350  98.0705 263.6446 0003725 182.6164 177.5033 14.87593516 82399
1 42374U 00055RS  18211.45335024 +.00000631 +00000-0 +36904-3 0  9994
2 42374 098.9016 284.4294 0017185 094.9771 265.3362 14.11943701118533
1 43263U 18031E   18210.67100337 +.00000138 +00000-0 +31610-4 0  9997
2 43263 097.9847 283.8265 0046265 229.0282 130.6917 14.69135337017698
1 42421U 00055TR  18210.90531871 +.00000519 +00000-0 +41197-3 0  9999
2 42421 098.8639 252.9909 0100114 143.2125 217.5961 13.93251329088059
1 43300U 81043X   18212.19397595  .00000661  00000-0  34662-3 0  9995
2 43300  81.2667  13.1706 0037743 359.2844   0.8267 14.12864948147168
1 43069U 17082E   18211.87545055 +.00000499 +00000-0 +17866-3 0  9995
2 43069 098.5036 283.4661 0031424 185.5187 174.5659 14.37916982031588
1 42406U 00055TA  18211.45847449 +.00000172 +00000-0 +11340-3 0  9996
2 42406 098.8430 286.9683 0017003 270.3390 089.5835 14.14167393121604
1 42424U 00055TU  18212.52070173  .00001333  00000-0  66819-3 0  9998
2 42424  99.0070 305.9040 0031457 162.4628 197.7641 14.18149778119032
1 43360U 99040H   18123.60495047 -.00003307  00000-0 -17672-1 0  9997
2 43360  27.9939 100.7167 3743070 196.9116 146.2069  7.12479668147051
1 43325U 87060AS  18211.30968837 -.00000029 +00000-0 +26530-4 0  9997
2 43325 065.0109 161.5441 0019751 276.7695 083.1142 14.32075624186049
1 42676U 16029B   18211.81665900 +.00000123 +00000-0 +54544-4 0  9993
2 42676 098.0599 208.2624 0257890 325.3411 033.1193 14.22130547102160
1 43364U 99040M   18146.15406378 -.00000692  00000-0 -21850-2 0  9993
2 43364  28.1881 100.5614 3880765 188.2622 162.8760  7.04368845937568
1 42390U 00055SJ  18212.43610571  .00000393  00000-0  22127-3 0  9991
2 42390  98.8163 286.6426 0018574 183.8438 176.2596 14.15971137125956
1 42680U 16049E   18211.96955150  .00000167  00000-0  64285-4 0  9996
2 42680  98.3725 214.2013 0018490 173.0700 187.0749 14.41699504100784
1 42393U 00055SM  18210.62637586 +.00000606 +00000-0 +41695-3 0  9996
2 42393 098.9829 277.8453 0057111 080.6118 280.1498 14.02428111123566
1 43312U 84106AE  18210.70635610 +.00000177 +00000-0 +11618-3 0  9997
2 43312 071.0268 317.4798 0021009 306.0439 053.8737 14.14839313126778
1 42465U 10042AG  18207.08310124 +.00000131 +00000-0 +27409-2 0  9994
2 42465 023.2941 156.6584 7473455 095.8315 345.0093 01.87031053017779
1 43353U 95058N   18211.42825441  .00000972  00000-0  44358-3 0  9993
2 43353  71.0139 217.6078 0022173   5.6662 354.4712 14.23946308242972
1 42377U 00055RV  18212.24174867  .00001911  00000-0  88950-3 0  9991
2 42377  99.1037 312.8859 0034959 141.2002 219.1693 14.21466028 88898
1 43095U 17084B   18211.17101825  .00001291  00000-0  55256-4 0  9999
2 43095  97.4401 287.9271 0009546 221.3930 138.6585 15.24593966 32829
1 42427U 00055TX  18212.03123479  .00000880  00000-0  33716-3 0  9991
2 42427  98.8535 311.5818 0082120 131.1191 229.7118 14.31253382102450
1 42358U 00055RA  18212.41219745  .00000795  00000-0  46055-3 0  9993
2 42358  98.9157 285.8504 0054353 327.5555  32.2278 14.11048179 91692
1 43328U 87060AV  18211.86473962 -.00000043 +00000-0 +21251-4 0  9992
2 43328 065.0100 161.6517 0019336 278.4671 081.4222 14.31753618216386
1 42361U 00055RD  18210.95361902  .00001026  00000-0  61612-3 0  9991
2 42361  98.8876 271.6537 0091053 140.1795 220.6103 14.07057016128556
1 43332U 88033N   18135.15266667 +.00000231 +00000-0 +42460-3 0  9999
2 43332 090.3448 282.3964 0180932 206.1417 153.1036 13.31903198683029
1 42364U 00055RG  18212.00038577  .00000725  00000-0  40793-3 0  9993
2 42364  98.8809 285.6909 0061791 306.7474  52.8033 14.12651266120038
1 42411U 00055TF  18212.19296176  .00001169  00000-0  52642-3 0  9996
2 42411  98.8621 299.3546 0045793 157.4523 202.8681 14.23655123125266
1 42976U 10041R   18158.79474086  .00019349  00000-0  19437+0 0  9991
2 42976  65.5281  81.2021 5593669  68.9707 340.6188  4.24894627 11728
1 42396U 00055SQ  18211.46317265 +.00000632 +00000-0 +30285-3 0  9993
2 42396 098.8018 292.4535 0044208 162.5439 197.7270 14.22056343125481
1 42414U 00055TJ  18209.72859216  .00003718  00000-0  15805-2 0  9995
2 42414  99.0697 310.1497 0001689 150.3762 209.7513 14.25893920120429
1 43315U 85094Z   18211.49065010 +.00000107 +00000-0 +49666-3 0  9992
2 43315 082.5633 217.0064 0038326 075.8056 079.2226 12.68171086216847
1 42380U 00055RY  18212.07270152  .00001300  00000-0  57458-3 0  9991
2 42380  98.8584 299.7434 0050169 155.4243 204.9342 14.24341222124459
1 43303U 83044GQ  18212.26012320  .00008349  00000-0  51116-3 0  9993
2 43303  64.9986  83.2977 0097040 247.9869 111.0922 15.06894215 67525
1 43306U 83044GT  18211.11234275  .00008266  00000-0  45572-3 0  9991
2 43306  65.0002  79.6767 0089142 249.9227 109.2286 15.11208462 54931
1 42430U 00055UA  18211.43587135 +.00001134 +00000-0 +61827-3 0  9998
2 42430 098.9069 286.9961 0004558 117.1013 243.0625 14.14194427099583
1 43213U 99025EYM 18210.96446093 +.00000435 +00000-0 +26231-3 0  9990
2 43213 098.9292 268.0048 0062932 330.1746 029.5844 14.10978344023028
1 42979U 10041U   18210.41252031 +.00000036 +00000-0 +47501-3 0  9996
2 42979 065.1752 063.1914 5631813 067.1624 341.6080 04.25532185013872
1 42399U 00055ST  18212.39428019  .00000367  00000-0  22523-3 0  9990
2 42399  98.8593 284.2356 0011764 333.9645  26.0934 14.11843785121519
1 42417U 00055TM  18211.40317963 +.00000574 +00000-0 +34852-3 0  9995
2 42417 098.8680 279.8495 0031305 002.0977 358.0319 14.10006136123030
1 42485U 89006CM  18212.21699127 -.00000116  00000-0  00000+0 0  9995
2 42485   8.4245 115.1384 6706379  66.5068 135.6465  2.17767155116492
1 43318U 85094AC  18203.12922855 +.00000203 +00000-0 +85307-3 0  9994
2 43318 082.5784 142.1413 0025616 034.3461 327.3866 12.79256596696482
1 43356U 98008G   18211.73062369 +.00000217 +00000-0 +15372-2 0  9995
2 43356 051.9096 099.5470 0036930 136.2144 224.1665 12.74157563117836
1 42383U 00055SB  18211.44512896  .00000689  00000-0  39464-3 0  9994
2 42383  98.8894 282.1238 0058117 130.2946 230.3325 14.11902002123285
1 43102U 18002D   18212.02282280  .00000616  00000-0  43052-4 0  9990
2 43102  97.4520 283.4371 0017267 155.7572 204.4473 15.08751490 30582
1 43309U 84072U   18211.86989771 +.00000923 +00000-0 +76234-3 0  9997
2 43309 082.5277 170.1032 0017556 251.4208 108.5047 13.87983090162981
1 43105U 18002G   18211.65615070  .00001116  00000-0  52146-4 0  9998
2 43105  97.6881 293.0022 0047254 331.1881  28.6745 15.21111978 30774
1 42446U 83044GG  18211.64253423  .00007363  00000-0  41099-3 0  9996
2 42446  64.9935  75.2015 0084302 245.8570 113.3722 15.11233716 89192
1 43147U 18006B   18211.77457109  .00001408  00000-0  63912-4 0  9995
2 43147  97.2492 326.2729 0014253 124.5022 235.7563 15.22311169 30180
1 42451U 83044GM  18212.04980174  .00084470  00000-0  16051-2 0  9990
2 42451  64.9789  24.1956 0045535 244.8029 114.8387 15.46637882108426
1 43343U 90010C   18212.45189746  .00005484  00000-0  38224-3 0  9998
2 43343  82.4850 210.6584 0009258  24.0559 336.1098 15.05204727 84051
1 42367U 00055RK  18212.43889139  .00000450  00000-0  28866-3 0  9993
2 42367  98.9358 282.9559 0026872  46.2181 314.1205 14.08170938119348
1 42370U 00055RN  18212.34609565  .00001187  00000-0  83764-3 0  9996
2 42370  98.9172 259.5681 0115032 159.5167 201.0664 13.96719790127827
1 43240U 18021D   18211.90484777 +.00007307 +00000-0 +27537-3 0  9998
2 43240 097.2234 327.9428 0011121 195.6137 164.4762 15.27308168019321
1 43035U 17077B   18211.43555749  .00001395  00000-0  56824-4 0  9999
2 43035  97.3448 285.0641 0014950 272.4559  87.4968 15.26069962 36390
1 42402U 00055SW  18211.04789277  .00000632  00000-0  30752-3 0  9990
2 42402  98.9354 304.8117 0041078 187.4896 172.5672 14.21392428125373
1 42420U 00055TQ  18211.49401140 +.00001572 +00000-0 +78339-3 0  9996
2 42420 099.0320 307.4520 0029837 275.9724 083.8051 14.18215523123680
1 42669U 91050T   18212.49132482  .00000735  00000-0  25186-3 0  9999
2 42669  98.4737 158.8281 0030714 165.4693 194.7384 14.38834782 72990
1 43321U 86094D   18208.10661063 +.00000019 +00000-0 +65456-4 0  9992
2 43321 082.6084 330.8554 0004141 211.7921 267.3973 12.41991778633215
1 43359U 99025EYQ 18211.42819653 +.00000692 +00000-0 +43740-3 0  9998
2 43359 099.1902 214.2850 0094484 354.4717 005.5399 14.05373516098012
1 42386U 00055SE  18212.04281274  .00000463  00000-0  25458-3 0  9995
2 42386  98.8290 287.5745 0025670 162.0810 198.1275 14.16314555126363
1 42407U 00055TB  18211.20127567 +.00000865 +00000-0 +49909-3 0  9993
2 42407 098.9942 293.7943 0019581 005.4847 354.6535 14.11683629119608
1 43150U 18006E   18211.80165925  .00002661  00000-0  77602-4 0  9998
2 43150  97.4674 335.6724 0047084 327.4124  32.4215 15.35218341 30405
1 42454U 84072Q   18204.23942315 +.00000509 +00000-0 +40868-3 0  9997
2 42454 082.5126 174.1740 0029503 200.5256 159.4724 13.88723865161212
1 43346U 94057J   18212.05106711  .00022733  00000-0  58021-2 0  9995
2 43346  99.1603 247.3993 0029137 167.4225 192.7700 14.50248023 91977
1 43349U 94074AM  18211.59339781  .00002444  00000-0  28582-3 0  9997
2 43349  98.0959 262.4576 0002905 142.9189 217.2227 14.86046874 82705
1 43270U 18031J   18210.43777088 +.00000021 +00000-0 +10449-4 0  9990
2 43270 098.0303 285.6150 0004420 222.8515 137.2350 14.76132657027746
1 43038U 17077E   18211.90758687 +.00002102 +00000-0 +71529-4 0  9996
2 43038 097.3170 286.2817 0040316 160.8974 199.3790 15.30789120036520
1 42405U 00055SZ  18211.21490172 +.00000787 +00000-0 +37753-3 0  9994
2 42405 098.9863 309.6609 0038864 199.6707 160.2972 14.21542766122157
1 42423U 00055TT  18211.66266161 +.00000783 +00000-0 +46162-3 0  9992
2 42423 098.9541 286.6471 0025578 017.3433 342.8606 14.10728380118154
1 42672U 15069E   18212.12295584  .00000313  00000-0  65852-4 0  9999
2 42672  98.0070 167.3003 0163038  64.4621 297.3335 14.58190825136703
1 43324U 87060AR  18211.39386207 -.00000057 +00000-0 +16109-4 0  9992
2 43324 065.0070 164.8990 0020106 282.3927 077.4907 14.31427080212644
1 42357U 00055QZ  18211.46592380  .00000677  00000-0  37798-3 0  9998
2 42357  98.8633 284.2056 0016120 140.9890 219.2449 14.14182672126835
1 42675U 16012T   18209.64045377 +.00002803 +00000-0 +17462-3 0  9996
2 42675 031.0134 023.1929 0006834 164.4472 195.6377 15.07447403082253
1 42389U 00055SH  18211.75507068 +.00007850 +00000-0 +29269-2 0  9997
2 42389 099.1172 322.8785 0043387 152.8911 207.4549 14.31706016225104
1 42679U 16049D   18212.27292294 -.00000017  00000-0  75571-5 0  9998
2 42679  98.4084 222.5769 0008103  87.4580 272.7539 14.45196462103988
1 42392U 00055SL  18211.05239777 +.00001044 +00000-0 +52178-3 0  9998
2 42392 098.9521 300.8799 0024162 199.7516 160.2726 14.18889740123005
1 42410U 00055TE  18211.02979692 +.00000596 +00000-0 +29101-3 0  9994
2 42410 098.8158 292.4437 0046065 219.6961 140.0841 14.21297331125322
1 43311U 84072W   18208.20279684 +.00000615 +00000-0 +51474-3 0  9996
2 43311 082.5367 176.7582 0031148 253.6795 106.0940 13.86617490145156
1 42457U 84072T   18209.23270976 +.00000078 +00000-0 +55033-4 0  9994
2 42457 082.5336 176.1781 0014923 294.2786 065.6816 13.86003836080816
1 42373U 00055RR  18212.15538152  .00001242  00000-0  44005-3 0  9998
2 42373  98.9973 329.7349 0091719 130.4856 230.4367 14.34063030131269
1 43352U 95058M   18211.94783922 +.00003159 +00000-0 +11505-2 0  9993
2 43352 071.0115 190.2094 0008088 334.9083 025.1655 14.33877301197720
1 42376U 00055RU  18211.30830386  .00001094  00000-0  91925-3 0  9999
2 42376  98.8445 237.3008 0128824 161.4951 199.0955 13.86276294126811
1 43302U 81043Z   18210.14164975 +.00000820 +00000-0 +43578-3 0  9997
2 43302 081.2625 015.9132 0042664 001.7264 358.4047 14.12212563123106
1 42426U 00055TW  18212.39789505  .00000339  00000-0  21479-3 0  9999
2 42426  98.7695 272.4282 0016977 104.4841 255.8214 14.10321263101320
1 43363U 99040L   18212.40929887  .00001166  00000-0  89622-3 0  9996
2 43363  28.3369 248.6408 3472973 157.3729 222.7107  8.02870039156665
1 43327U 87060AU  18212.46500048 -.00000001  00000-0  36804-4 0  9998
2 43327  65.0109 157.9277 0019973 275.5519  84.3287 14.32120002103194
1 43331U 88033M   18073.82790719  .00000223  00000-0  40589-3 0  9994
2 43331  90.3552 279.4409 0174488   1.4131  56.0541 13.32723285675563
1 42973U 10041N   18209.60336951 +.00000722 +00000-0 +98347-2 0  9998
2 42973 064.9987 064.2752 5576069 070.4533 339.9141 04.23194608013872
1 42395U 00055SP  18210.02247044 +.00000980 +00000-0 +49570-3 0  9993
2 42395 098.9231 295.2620 0033562 155.3629 204.9158 14.18200615124782
1 42413U 00055TH  18211.09487929 +.00000581 +00000-0 +29485-3 0  9990
2 42413 098.8715 295.7140 0031409 191.8920 168.1518 14.19614708124827
1 43314U 85094Y   18210.08388115 +.00000166 +00000-0 +71156-3 0  9993
2 43314 082.5590 129.7817 0030303 091.6339 330.1127 12.76726979218049
1 42468U 10057BH  18202.05215082  .00000088  00000-0  13591-2 0  9990
2 42468  20.7305 346.7673 7168315 211.8057  71.5417  2.25901560 29279
1 42379U 00055RX  18211.47357684 +.00000930 +00000-0 +45621-3 0  9995
2 42379 098.9038 298.2471 0055018 243.5627 115.9897 14.19503226123857
1 43086U 83044GP  18212.05467305  .00006137  00000-0  46083-3 0  9995
2 43086  64.9985  96.5454 0111148 244.6474 114.3102 14.98651751 32761
1 43305U 83044GS  18212.07193656  .00006429  00000-0  47380-3 0  9991
2 43305  65.0010  96.1347 0114313 245.5039 113.4125 14.99020482 33912
1 42429U 00055TZ  18211.95190254  .00000896  00000-0  56171-3 0  9995
2 42429  98.8837 274.7192 0038210  87.6806 272.8736 14.06725609 99145
1 42360U 00055RC  18212.01839829  .00001577  00000-0  72244-3 0  9991
2 42360  98.8862 297.6027 0086707 249.8330 109.3503 14.20867319129967
1 42678U 16049C   18212.22427801 -.00000011  00000-0  93011-5 0  9999
2 42678  98.4082 222.6209 0010027  85.4427 274.7910 14.45294270 98086
1 43330U 88033L   18211.51582942  .00000030  00000-0  39913-4 0  9996
2 43330  90.3579 285.2260 0195605  99.4533 262.8774 13.29417277276747
1 42363U 00055RF  18211.39771317 +.00000065 +00000-0 +74899-4 0  9991
2 42363 098.8857 261.1694 0081565 137.4862 223.2656 13.96957871124975
1 43336U 89050C   18209.48290815 +.00000129 +00000-0 +11311-3 0  9990
2 43336 082.9534 229.9792 0045502 125.2615 235.2813 13.77661989152740
1 43206U 98067NN  18212.19582623  .00828930  33015-3  16188-2 0  9996
2 43206  51.6275 141.3287 0005522 203.8179 156.2576 15.99610179 27181
1 42978U 10041T   18209.60363732 -.00000073 +00000-0 -25363-3 0  9990
2 42978 065.6654 057.1719 5459707 061.3088 342.7213 04.50660426014726
1 42416U 00055TL  18212.45385072  .00000702  00000-0  39158-3 0  9993
2 42416  98.8957 289.6075 0021161 302.5420  57.3708 14.14070619119935
1 43317U 85094AB  18210.10522619 +.00000162 +00000-0 +71460-3 0  9992
2 43317 082.5573 138.9949 0009670 218.1053 141.9362 12.74828624218062
1 42487U 89006CP  18204.18170910 -.00000187 +00000-0 +00000-0 0  9997
2 42487 007.8423 181.0601 6967365 285.9819 040.1485 02.21810278096965
1 43355U 97029D   18204.09184735 +.00000005 +00000-0 +00000-0 0  9994
2 43355 014.3761 021.2705 0134040 327.1996 032.0044 01.00249373013668
1 43097U 17084D   18212.18575989  .00002604  00000-0  71856-4 0  9992
2 43097  97.3377 289.8376 0050823 256.5015 103.0564 15.36757241 33237
1 43308U 83044GV  18211.65579132 +.00011349 +00000-0 +61796-3 0  9998
2 43308 064.9924 079.1901 0088071 251.4456 107.7086 15.11472719073649
1 42445U 83044GF  18211.93020755 +.00033507 +00000-0 +11836-2 0  9991
2 42445 064.9672 049.9444 0064705 243.9419 115.5043 15.27053169102600
1 43117U 88053E   18181.87345422  .00000022  00000-0  16150-4 0  9995
2 43117  74.0469 248.7602 0020797  40.0593 320.2308 14.36878713 25534
1 42366U 00055RJ  18212.10641901  .00001008  00000-0  38385-3 0  9996
2 42366  98.8513 311.4958 0077552 139.2100 221.4923 14.31468245128338
1 43345U 94057H   18211.55955537 +.00018707 +00000-0 +52986-2 0  9996
2 43345 099.1826 246.1024 0037467 134.5497 225.8762 14.45152366091981
1 42369U 00055RM  18210.63764624 +.00000646 +00000-0 +35510-3 0  9997
2 42369 098.8581 286.7003 0009148 272.1822 087.8304 14.15244281126424
1 42398U 00055SS  18212.40440606  .00000041  00000-0  51732-4 0  9991
2 42398  98.8186 269.3659 0037381  87.9297 272.6151 14.04807578124007
1 43237U 18025B   18211.55994593 +.00001095 +00000-0 +49102-4 0  9992
2 43237 097.2418 327.6440 0014960 300.7645 059.2118 15.23186580020527
1 42981U 10041W   18212.53078257  .00000028  00000-0  41137-3 0  9990
2 42981  65.7823  57.7654 5467498  59.4553   6.7698  4.48809726 14420
1 42419U 00055TP  18211.64424997 +.00000827 +00000-0 +47153-3 0  9998
2 42419 098.8875 282.7222 0028001 344.1237 015.9054 14.12290224123217
1 43320U 86094C   18169.83449400 +.00000026 +00000-0 +12015-3 0  9996
2 43320 082.6052 354.0086 0004975 325.7401 097.1949 12.42004512626240
1 42671U 15069D   18212.08454489  .00000249  00000-0  58393-4 0  9994
2 42671  97.9382 154.3394 0163757  67.8487 294.0000 14.54571078136342
1 43358U 99025EYP 18211.28415358 -.00000286  00000-0 -33731-3 0  9995
2 43358  98.6918 329.7732 0385140 115.5257 248.6218 13.34105402177780
1 42382U 00055SA  18212.15714690  .00000301  00000-0  20856-3 0  9994
2 42382  98.9639 283.6790 0049302  43.8332 316.6732 14.05945467122773
1 43104U 18002F   18212.45629837  .00001442  00000-0  60279-4 0  9990
2 43104  97.4309 287.8817 0051956 341.2715  18.6609 15.24092261 30955
1 42448U 83044GJ  18212.47249468  .00091585  00000-0  17039-2 0  9999
2 42448  64.9582  23.6681 0050575 250.8717 108.6945 15.46939610113345
1 43149U 18006D   18211.29357266  .00002086  00000-0  74395-4 0  9997
2 43149  97.3871 331.4973 0022078   9.9718 350.1956 15.29826271 30208
1 42453U 84072P   18210.64103624 +.00000525 +00000-0 +43625-3 0  9992
2 42453 082.5336 173.1991 0012849 274.6526 085.3168 13.86961231177213
1 43348U 94074AL  18211.37062851 +.00002449 +00000-0 +30987-3 0  9990
2 43348 098.0698 257.6659 0001622 104.7985 255.3408 14.82765268062047
1 42372U 00055RQ  18211.45972902 +.00000488 +00000-0 +28205-3 0  9999
2 42372 098.9075 290.8156 0012441 293.6272 066.3594 14.13658474118996
1 42401U 00055SV  18212.03781429  .00000861  00000-0  37719-3 0  9994
2 42401  98.8933 306.7734 0070316 196.2354 163.6572 14.25036126125783
1 43266U 18031H   18211.89904337 +.00000175 +00000-0 +28134-4 0  9995
2 43266 098.0692 288.9975 0038240 039.8996 320.5016 14.83109083017974
1 42404U 00055SY  18210.20498972 +.00000717 +00000-0 +11898-3 0  9992
2 42404 098.8688 355.8368 0203788 005.8534 354.4977 14.61179255128645
1 42422U 00055TS  18211.43569903  .00000478  00000-0  27488-3 0  9997
2 42422  98.8788 288.2978 0014830 270.7800  89.1673 14.13994758118531
1 43323U 87027G   18208.07483950 +.00001520 +00000-0 +66008-3 0  9995
2 43323 070.9997 356.3466 0011825 345.6888 014.3903 14.25733412144865
1 42674U 16012S   18211.72006487 +.00003199 +00000-0 +19243-3 0  9994
2 42674 031.0061 359.9574 0006915 188.6142 171.4377 15.08859898118774
1 43362U 99040K   18183.00566834  .00002347  00000-0  17801-2 0  9998
2 43362  28.2926 101.3318 4022653 184.0067 171.4808  7.07984049 61569
1 42385U 00055SD  18212.13865141  .00000511  00000-0  28511-3 0  9992
2 42385  98.8110 283.5488 0009793 219.6511 140.3947 14.15250795118874
1 42388U 00055SG  18211.41846604 +.00000469 +00000-0 +27219-3 0  9994
2 42388 098.7479 273.7747 0018072 296.2584 063.6731 14.13455720126010
1 42391U 00055SK  18211.72476877 +.00001304 +00000-0 +63664-3 0  9996
2 42391 099.0196 309.4901 0026818 193.7372 166.3076 14.19668603125852
1 42375U 00055RT  18211.03932511  .00000341  00000-0  20763-3 0  9997
2 42375  98.8524 283.4467 0008100 121.0007 239.1961 14.12713861118378
1 43037U 17077D   18212.18008593  .00003787  00000-0  10105-3 0  9992
2 43037  97.5376 295.7984 0053187 184.2762 175.8036 15.37356781 36706
1 43301U 81043Y   18210.14759440 +.00000595 +00000-0 +31528-3 0  9994
2 43301 081.2660 016.4813 0047848 008.4079 351.7883 14.11970014106794
1 43085U 83044GN  18211.68021730 +.00006199 +00000-0 +46926-3 0  9994
2 43085 065.0008 097.9253 0112016 245.1406 113.8033 14.98267154032763
1 42425U 00055TV  18212.37253605  .00000249  00000-0  17695-3 0  9998
2 42425  98.8698 276.3295 0030195  72.6351 287.8115 14.06124438101167
1 42356U 00055QY  18212.04196196  .00000826  00000-0  42691-3 0  9991
2 42356  98.8956 295.0313 0039919 273.6087  86.0523 14.17398889126869
1 43326U 87060AT  18211.26147082 -.00000050 +00000-0 +18810-4 0  9990
2 43326 065.0102 164.9487 0019881 279.5534 080.3304 14.31543343044901
