1 28675U 88074L   18211.23111319  .00000293  00000-0  43269-3 0  9990
2 28675  89.9739  13.9577 0089520 177.7786 306.8980 13.50265651677620
1 28676U 88074M   18208.74052466 +.00000257 +00000-0 +40184-3 0  9993
2 28676 089.9511 011.6837 0087799 252.9373 169.5179 13.46752933751555
1 28679U 92047AC  06087.58224374 -.00000019 +00000-0 +00000-0 0  9991
2 28679 061.8870 071.7479 2457636 142.3780 237.4219 08.01411551042759
1 28739U 05024C   18212.74790824  .00002047  00000-0  13330-3 0  9991
2 28739  97.6056 316.7430 0091338 135.8610 224.9953 15.05676095701002
1 28740U 05024D   18212.82316707 +.00000635 +00000-0 +66338-4 0  9994
2 28740 097.8219 341.4419 0130918 064.1290 297.3357 14.87168868696744
1 28742U 05024F   18213.23981336  .00001208  00000-0  10801-3 0  9998
2 28742  97.7230   8.4592 0111500 295.0017  63.9656 14.93240195698245
1 28785U 05024G   18212.24457310  .00002946  00000-0  20862-3 0  9993
2 28785  97.7818   5.0793 0097185 228.3247 130.9630 15.01887555699487
1 28850U 01049PC  18211.87146478  .00003339  00000-0  13477-3 0  9998
2 28850  97.6313 232.9142 0013171 197.6424 162.4358 15.25456145766616
1 28851U 01049PD  18213.21205657  .00000205  00000-0  25340-4 0  9996
2 28851  97.9408 200.9956 0038589 271.2438  88.4360 14.92950602756717
1 28852U 01049PE  18212.10860133  .00000028  00000-0  12348-4 0  9997
2 28852  98.0890 162.4856 0045628 143.4414 280.0490 14.72883004813720
1 28853U 01049PF  18210.73742164 +.00000131 +00000-0 +22758-4 0  9999
2 28853 097.9976 178.1837 0035796 328.6309 154.3217 14.83307696777596
1 28855U 01049PH  18212.75596393 +.00000626 +00000-0 +66364-4 0  9996
2 28855 097.7433 195.4308 0001262 092.4445 267.6918 14.92543552869723
1 28856U 01049PJ  09318.18304321 +.00000267 +00000-0 +53812-4 0  9994
2 28856 097.7379 302.1955 0043603 282.1076 084.3433 14.68270261276861
1 28859U 01049PM  18211.82384769  .00001151  00000-0  72903-4 0  9999
2 28859  97.7132 216.3575 0017182 283.2932  76.6381 15.10939229823588
1 28897U 05043H   18213.10260549  .00000083  00000-0  24506-4 0  9990
2 28897  97.9114   3.2691 0014659 283.5995 131.1302 14.64017123672841
1 28950U 93014AB  18212.87954951 +.00003676 +00000-0 +46401-3 0  9993
2 28950 075.7404 273.2863 0064728 061.5070 058.0271 14.80642249273331
1 28955U 93014AG  18211.87676764 +.00001553 +00000-0 +20625-3 0  9992
2 28955 075.7421 276.9427 0077926 053.3890 307.4429 14.78175894261667
1 28956U 93014AH  18204.88244179 +.00001540 +00000-0 +22929-3 0  9992
2 28956 075.7417 285.4449 0083381 066.2898 294.7004 14.73065725238471
1 28958U 93014AK  18212.76040222 +.00003072 +00000-0 +34247-3 0  9991
2 28958 075.7389 230.8939 0068705 337.2270 022.5874 14.85605962173901
1 28975U 87001C   18210.34179491 +.00000624 +00000-0 +45170-3 0  9999
2 28975 082.4596 219.7720 0022874 242.6715 177.1743 13.95078782260531
1 28984U 90011C   17348.90893964  .00019041  00000-0  18052-1 0  9995
2 28984  30.3236 338.3107 6295415 292.8202 299.1769  3.52766028153306
1 28985U 92047AN  17204.77302165 -.00000011 +00000-0 +00000-0 0  9992
2 28985 064.0875 130.0837 3771459 322.9356 016.1756 06.52731338268406
1 28988U 88005C   18211.94854035 +.00000770 +00000-0 +58646-3 0  9993
2 28988 082.5321 079.9557 0016751 157.0094 203.1824 13.92451111212087
1 28989U 88005D   18212.89721458 +.00000808 +00000-0 +55904-3 0  9997
2 28989 082.5313 055.3202 0028060 104.6455 320.0420 13.97784816257401
1 28990U 88005E   18209.90060394 +.00000564 +00000-0 +41543-3 0  9995
2 28990 082.5178 062.2272 0008296 149.5512 272.3865 13.94002333646630
1 28991U 88005F   18212.55881678 +.00000165 +00000-0 +10972-3 0  9996
2 28991 082.5324 055.2891 0006831 100.1166 290.7215 13.95852419663242
1 28992U 88005G   18211.97165689 -.00000057  00000-0 -58006-4 0  9992
2 28992  82.5364  87.1226 0004276 306.9927 115.4788 13.90853190658025
1 28993U 88005H   18211.36469323 +.00000504 +00000-0 +38931-3 0  9997
2 28993 082.5262 077.4608 0005302 333.1140 026.9748 13.91091694189282
1 28994U 88005J   18212.93546561 +.00001199 +00000-0 +92072-3 0  9999
2 28994 082.5454 083.9495 0003086 242.1198 176.6068 13.92459087258742
1 28995U 88005K   18211.32422632  .00000941  00000-0  68295-3 0  9998
2 28995  82.5325  66.7152 0000954   5.4388 118.1543 13.95482355645499
1 29020U 81021V   15093.74908743 +.00005621 +00000-0 +44621-2 0  9998
2 29020 064.9572 227.1611 0033958 154.6236 272.7687 13.91755118516623
1 29021U 84069AL  16171.36102603 +.00046936 +00000-0 +37040-1 0  9991
2 29021 065.0470 078.8185 0047131 210.7837 149.0462 13.90735695561229
1 29029U 93014AW  18212.42444223  .00002551  00000-0  29896-3 0  9998
2 29029  75.7405 250.5978 0066447  12.7621 347.5228 14.83731485665118
1 29030U 93014AX  18211.54528781  .00001246  00000-0  18492-3 0  9994
2 29030  75.7428 289.4592 0072475  71.1312 289.7711 14.73884333655799
1 29032U 93014AZ  17280.00072034 +.00011875 +00000-0 +12980-2 0  9991
2 29032 075.7460 030.1155 0072258 003.5677 005.6543 14.85947045687319
1 29033U 94029AEQ 18212.76476851 +.00000243 +00000-0 +52205-4 0  9996
2 29033 081.9802 141.5722 0277396 170.0907 190.5915 14.33376916814306
1 29037U 99040G   18194.20643941 +.00000295 +00000-0 +40247-4 0  9992
2 29037 028.4530 177.1591 4505556 184.2627 170.0502 06.44881908294105
1 29039U 99057NJ  18212.87587756 +.00000260 +00000-0 +68329-4 0  9990
2 29039 098.3020 183.0816 0062587 282.5484 106.5802 14.56140194827267
1 29040U 99057NK  18213.35595882  .00000092  00000-0  39840-4 0  9994
2 29040  98.5387 172.9007 0079321 214.4248 145.1789 14.43263986805891
1 29042U 04035J   18212.84314254 -.00000079 +00000-0 -16850-5 0  9997
2 29042 097.7491 231.2055 0008702 021.8129 338.3462 14.97988885279873
1 29043U 04035K   18211.85682621 +.00000131 +00000-0 +16170-4 0  9995
2 29043 097.7624 232.1389 0009310 056.5033 303.7078 14.97754234687777
1 29066U 88005L   18167.12515975 -.00000504  00000-0 -38565-3 0  9993
2 29066  82.5535 100.8004 0005738 277.5406  82.5108 13.95061529622375
1 29067U 88005M   18210.90779786  .00000672  00000-0  48257-3 0  9994
2 29067  82.5324  62.3601 0026553 121.1802 239.1973 13.95495678633670
1 29068U 91082BP  18212.21222076  .00003625  00000-0  89776-3 0  9997
2 29068  98.9108 310.1921 0057026 156.5904 203.7904 14.51637243654498
1 29069U 91082BQ  18212.87063448 +.00000746 +00000-0 +36771-3 0  9994
2 29069 098.9413 184.4257 0090643 035.4782 355.0424 14.18429678706875
1 29070U 91082BR  18210.53478568 +.00000787 +00000-0 +30637-3 0  9990
2 29070 098.7520 240.7460 0014660 044.7894 315.4470 14.32588890723999
1 29071U 91082BS  18213.39637884  .00000878  00000-0  45727-3 0  9993
2 29071  98.9705 187.9643 0096562 143.9646 216.8087 14.14794667724170
1 29072U 91082BT  18212.21456186  .00004307  00000-0  10022-2 0  9998
2 29072  98.9381 307.1853 0066326 193.9275 166.0092 14.54106190720684
1 29073U 91082BU  18212.55665159 +.00000887 +00000-0 +31496-3 0  9996
2 29073 098.6568 246.1375 0012947 327.5709 032.4680 14.36867495266212
1 29074U 91082BV  18206.28839139 +.00000602 +00000-0 +25226-3 0  9990
2 29074 098.7822 233.2030 0013074 076.2722 283.9914 14.29645522710817
1 29075U 91082BW  18212.89314751 +.00014706 +00000-0 +89031-3 0  9997
2 29075 098.5949 012.4912 0015678 139.2347 221.0055 15.10637738690555
1 29077U 91082BY  18213.40316285  .00000863  00000-0  49890-3 0  9999
2 29077  98.6490  12.6905 0106511 190.8111 169.0769 14.08658614723611
1 29078U 91082BZ  18211.50275761  .00000426  00000-0  19817-3 0  9993
2 29078  98.8780 231.7671 0022678 147.2197 213.0394 14.25748601714508
1 29081U 91082CA  18210.10240624 +.00005706 +00000-0 +72310-3 0  9995
2 29081 098.5967 263.0194 0029785 306.9985 052.8500 14.81885695736070
1 29082U 91082CB  18212.69833890  .00001970  00000-0  40940-3 0  9998
2 29082  98.6473 296.0270 0015775 108.0643 252.2277 14.61235659721103
1 29083U 91082CC  18213.07219814  .00001138  00000-0  36727-3 0  9990
2 29083  98.6644 254.9600 0010334 257.8941 102.1089 14.41115955718793
1 29084U 91082CD  18212.89541472  .00010699  00000-0  78982-3 0  9999
2 29084  98.6112   3.6613 0003905 203.5012 308.7148 15.03469384737013
1 29085U 91082CE  06107.27500905 +.00000096 +00000-0 +70654-4 0  9997
2 29085 098.7123 126.2034 0013541 053.3411 306.8654 14.16071559089733
1 29086U 91082CF  18212.42258369  .00001535  00000-0  40983-3 0  9999
2 29086  98.6497 273.1140 0012216 174.6448 250.6439 14.49796196692523
1 29087U 91082CG  18212.34139725 +.00000885 +00000-0 +30105-3 0  9997
2 29087 098.7155 249.5440 0007764 290.3653 069.6699 14.39090376735814
1 29088U 91082CH  18211.93944048 +.00000812 +00000-0 +29165-3 0  9998
2 29088 098.6761 246.0400 0010068 321.0656 038.9804 14.36536549266721
1 29089U 91082CJ  18212.58855639 +.00005688 +00000-0 +71745-3 0  9995
2 29089 098.6243 337.3655 0005072 342.2657 081.6387 14.82386163743219
1 29090U 91082CK  18211.24058135  .00000940  00000-0  33239-3 0  9997
2 29090  98.7578 221.2859 0018377   7.7491  53.2351 14.36928825735674
1 29094U 92093JQ  18212.88141802 +.00000898 +00000-0 +39574-3 0  9999
2 29094 071.2913 169.0168 0143092 304.6591 054.1116 14.20620874819276
1 29096U 93016AK  18211.28370079  .00002551  00000-0  35747-3 0  9996
2 29096  70.9191  66.7057 0055572 127.6006 233.0213 14.77536537762199
1 29097U 93016AL  18212.11882127 -.00000006 +00000-0 +27176-4 0  9994
2 29097 071.0038 252.2840 0125790 153.9909 241.8020 13.93704897873164
1 29098U 93016AM  18179.35879955  .00000307  00000-0  18941-3 0  9990
2 29098  70.8989 169.6190 0089175 252.3010 173.3529 14.11290942832484
1 29100U 93016AP  18212.86708374  .00000219  00000-0  15441-3 0  9998
2 29100  70.7345  18.1335 0078138 313.4671  45.9964 14.07590216826821
1 29101U 93016AQ  18211.00040880  .00000908  00000-0  33194-3 0  9995
2 29101  70.9292  89.8855 0124058   8.3571 351.9585 14.31498994803549
1 29102U 93016AR  18211.38144439 +.00001239 +00000-0 +46290-3 0  9991
2 29102 070.9332 210.1730 0106287 129.7503 231.3052 14.30728257266734
1 29104U 01049PN  18212.80177456  .00001868  00000-0  87749-4 0  9994
2 29104  97.5131 223.4158 0019919  70.1923 290.1457 15.20710999758090
1 29105U 04021G   18212.89573943 -.00000021 +00000-0 +18462-4 0  9995
2 29105 070.9236 291.6997 0214988 056.0961 306.0385 13.79068643255484
1 29106U 05049E   18199.86824756  .00000084  00000-0  00000+0 0  9991
2 29106   8.5329  51.0849 0009522 166.2241  52.5299  1.01168882 45662
1 29126U 85108Q   18212.91251568 +.00006284 +00000-0 +17499-3 0  9996
2 29126 082.5657 041.9547 0005747 117.3982 242.7847 15.36577626667976
1 29136U 85100C   18205.88248906 +.00000225 +00000-0 +51671-3 0  9998
2 29136 082.5466 258.0578 0041536 299.9269 184.4529 13.21511839685471
1 29137U 85100D   18087.99638983  .00000266  00000-0  59934-3 0  9992
2 29137  82.5422 335.5170 0011216 196.7902 228.4135 13.23494762649001
1 29140U 88074N   06175.66853416 +.00001515 +00000-0 +17158-2 0  9997
2 29140 089.8427 039.6394 0054304 038.1446 320.9096 13.69325368028366
1 29202U 81031L   04045.04675875 +.00000626 +00000-0 +10000-3 0  9991
2 29202 066.4106 271.2050 6764830 156.5359 260.6630 02.00371146007661
1 29203U 81037E   18208.00695612 -.00000058  00000-0  26820-4 0  9999
2 29203  64.7619 348.7993 0029676 333.6429  26.3355 13.91423330721041
1 29204U 82099F   18185.94949602 -.00000039  00000-0  43694-4 0  9994
2 29204  64.8146  15.7115 0055780 184.1446 175.9160 13.87454868680626
1 29207U 87080K   18206.58296299 -.00000652 +00000-0 -60949-3 0  9996
2 29207 090.2916 322.9433 0134633 143.8470 217.1892 13.78785732649989
1 29208U 87080L   18185.17455872  .00001693  00000-0  13874-2 0  9990
2 29208  90.2771 326.7308 0084768 248.4699 110.7422 13.87529369709087
1 29209U 87080M   18182.17408174  .00002205  00000-0  95040-3 0  9997
2 29209  90.2737 340.1973 0094104 311.4591  47.8546 14.22021398670000
1 29210U 87080N   06161.34809881 +.00000314 +00000-0 +32798-3 0  9992
2 29210 090.2499 197.6767 0144449 127.7651 233.6566 13.68755266158382
1 29211U 87080P   18209.21281731 +.00000614 +00000-0 +46156-3 0  9999
2 29211 090.3314 010.8160 0094395 087.9786 273.2195 13.91340529696533
1 29212U 88033H   18206.98340372 +.00000696 +00000-0 +98761-3 0  9996
2 29212 090.3456 277.1405 0143916 248.5269 235.1706 13.51827893687980
1 29213U 99057NL  18212.37112436  .00045128  00000-0  53130-3 0  9993
2 29213  98.6637 262.8432 0009485 185.8773 174.2371 15.61235124749397
1 29215U 02024F   18212.55628565  .00000041  00000-0  84879-4 0  9998
2 29215  98.8168 114.0765 0246493 217.8877 266.2418 13.62173488795871
1 29216U 02024G   18212.89176162  .00000059  00000-0  94365-4 0  9997
2 29216  98.8025 192.1262 0230662 116.2157 278.2838 13.67299052798836
1 29217U 05024H   18212.20596367  .00001047  00000-0  86512-4 0  9992
2 29217  97.6093 299.2260 0107133 281.9532  76.9696 14.96877754696835
1 29282U 81120L   18212.01196694  .00000117  00000-0  12756-2 0  9997
2 29282  82.9555 231.3045 0018289 202.7995 184.9940 12.03862659694252
1 29283U 81120M   18213.33572088  .00000051  00000-0  46705-3 0  9998
2 29283  82.9600 175.9999 0029745 304.1440  55.6800 12.07761218636816
1 29284U 81120N   18212.57510542 -.00000039  00000-0 -58096-3 0  9995
2 29284  82.9584 252.9730 0032497 282.7254 232.3020 12.02406180609973
1 29285U 81120P   18213.41403045  .00000002  00000-0 -71937-4 0  9998
2 29285  82.9563  95.2075 0048394 333.7542 149.3569 12.13306703617809
1 29286U 81120Q   18211.97553519  .00000063  00000-0  61627-3 0  9990
2 29286  82.9717 210.4985 0000666  24.2620   7.4810 12.05897203609592
1 29287U 81120R   17023.77876023  .00006144  00000-0  70592-1 0  9992
2 29287  82.9709 168.5952 0032330 247.1426 295.9078 12.05935188566412
1 29288U 81120S   18210.94483706 -.00000010  00000-0 -22044-3 0  9992
2 29288  82.9619 197.9872 0009639 310.5077  49.5142 12.06697859633931
1 29289U 81120T   18213.34228191  .00000016  00000-0  63151-4 0  9994
2 29289  82.9579  66.6810 0055432 196.3749 286.4365 12.15572783584245
1 29290U 81120U   18212.55481778  .00000074  00000-0  70468-3 0  9992
2 29290  82.9625 142.2845 0027661  98.2090  23.7575 12.10369811714960
1 29295U 81053MS  18209.47474863 +.00000166 +00000-0 +16458-3 0  9997
2 29295 082.9608 102.0274 0115596 336.3960 142.1392 13.70293387297019
1 29299U 88005N   18212.36430595 +.00000490 +00000-0 +35436-3 0  9998
2 29299 082.5346 068.0740 0036111 163.6374 196.5967 13.94423096281687
1 29300U 88005P   18212.93574282 +.00000220 +00000-0 +15831-3 0  9994
2 29300 082.5363 076.6925 0022830 306.7342 115.8732 13.92893504617395
1 29301U 88005Q   18210.91990832  .00000253  00000-0  18508-3 0  9994
2 29301  82.5351  72.9773 0010141 230.5113 187.1101 13.92339401613697
1 29302U 88005R   18212.87022994  .00000423  00000-0  28859-3 0  9996
2 29302  82.5412  45.9883 0019092 312.0594  47.8949 13.97750179623362
1 29308U 89039P   18212.45557406  .00015831  00000-0  10329-1 0  9995
2 29308  64.7913 247.4902 4469674 167.2257 209.6478  6.35285503229963
1 29311U 89039S   14114.93262932 +.00000867 +00000-0 +10000-3 0  9997
2 29311 062.2782 329.1103 3842690 083.7114 317.7739 07.66855456143119
1 29318U 89039Z   18212.90600989 +.00006193 +00000-0 +61207-2 0  9994
2 29318 065.2693 207.1039 2988782 066.3177 322.1443 08.84111568273690
1 29323U 89039AE  12108.45959865 +.00027648 +00000-0 +93042-2 0  9998
2 29323 064.7109 159.7745 5441717 336.1991 024.2400 04.85637874092518
1 29325U 89039AG  18209.67717201 -.00000132 +00000-0 -14713-3 0  9998
2 29325 064.9880 344.4924 5579069 227.2683 070.0013 04.49419789194920
1 29328U 89039AK  18200.21880234 -.00000007 +00000-0 -29452-3 0  9996
2 29328 065.0956 158.9609 5587681 226.1173 317.9863 04.28193880187092
1 29331U 89039AN  06296.87729248 -.00001424 +00000-0 -20435-1 0  9995
2 29331 065.4754 242.0285 5458138 065.4406 340.3634 04.38084311003764
1 29339U 89039AW  11037.91159705 -.00000008 +00000-0 +10000-3 0  9997
2 29339 065.0601 054.6768 5656925 011.7879 149.9763 04.35659235071923
1 29344U 89039BB  06308.90812811 +.00012417 +00000-0 +36735-1 0  9998
2 29344 065.7091 238.6096 5632700 061.9407 348.9811 04.35923808005265
1 29347U 89039BE  18064.90655702  .00000013  00000-0  00000+0 0  9990
2 29347  62.5133 246.3415 4629841  22.3873 352.5936  4.59733489193380
1 29355U 87020DW  18209.61813927 +.00000134 +00000-0 +10731-2 0  9990
2 29355 073.6281 293.6430 0030118 346.1119 082.3939 12.44356363230880
1 29356U 87020DX  18212.66340373  .00000158  00000-0  12276-2 0  9992
2 29356  73.6570 315.4438 0035580 290.8360 138.0328 12.45007862727738
1 29357U 87020DY  18211.94231691 +.00000034 +00000-0 +19280-3 0  9991
2 29357 073.7926 296.3174 0220933 009.3695 104.9240 12.85237375232432
1 29358U 87020DZ  18196.72289082  .00003577  00000-0  70199-2 0  9997
2 29358  73.8750 216.5379 0032050 274.0654  85.6781 13.35913203667284
1 29359U 87020EA  18213.27102101 -.00000031  00000-0 -10410-3 0  9999
2 29359  73.6182 319.7594 0029184  34.1630 355.5852 12.41088576611997
1 29360U 87020EB  18212.72366524 +.00000095 +00000-0 +83793-3 0  9993
2 29360 073.7082 120.5865 0064243 030.5228 358.4364 12.39147651788819
1 29361U 87020EC  15070.54369151 -.00000003 +00000-0 +10000-3 0  9993
2 29361 073.6312 145.3373 0024604 341.2529 023.9319 12.43525808432759
1 29362U 88033J   18211.98453232  .00000172  00000-0  30410-3 0  9994
2 29362  90.3528 287.2180 0220156  81.3382 281.0068 13.29821734661569
1 29363U 00075F   18211.37238160 +.00005310 +00000-0 +14689-2 0  9997
2 29363 095.3699 270.6178 0320222 135.7311 226.9974 14.20712439184396
1 29414U 89039BS  16297.01662508  .00000187  00000-0  10245-2 0  9992
2 29414  65.1464 267.3344 5438970 252.4335  43.3937  4.53907555164279
1 29416U 89039BU  18208.82850522 -.00000000 +00000-0 -11991-4 0  9999
2 29416 064.3837 149.5501 5096164 305.9208 016.7877 05.22031286078176
1 29419U 03037D   13247.60541910 +.00000052 +00000-0 +29559-3 0  9991
2 29419 082.4735 014.9152 0024624 188.2064 188.7298 12.45651385453156
1 29421U 03037F   13281.19500608 +.00000012 +00000-0 +15703-4 0  9998
2 29421 082.4746 353.9503 0025727 117.3876 242.5210 12.45640837453542
1 29422U 04023D   18213.36384554  .00042583  51858-6  27881-3 0  9995
2 29422  38.8583 271.8604 3618012  60.3615 330.8701  8.32188616284308
1 29441U 89039CQ  18212.42227997  .00000768  00000-0  63048-2 0  9999
2 29441  63.1066 187.2467 3724856  41.4636 341.5831  7.03425312274744
1 29443U 89039CS  17316.64604203 -.00000046  00000-0  00000+0 0  9994
2 29443  62.2686  47.1530 4365193 147.0567 249.9447  4.95899873199803
1 29444U 81021W   18212.87129571 -.00000050  00000-0  32690-4 0  9999
2 29444  64.9639  26.8163 0036454 132.0218 228.3958 13.88980702691400
1 29447U 86010F   18211.84684833 -.00000041  00000-0  85134-3 0  9998
2 29447  31.1159  32.3923 7163312  87.6983 345.3527  2.30854228112168
1 29448U 86010G   18212.47273777  .00000292  00000-0  12846-2 0  9996
2 29448  30.7016 323.4236 7122274 221.1689  54.5389  2.38119519131012
1 29458U 89039DC  16180.28408305  .00001940  00000-0  55708+0 0  9991
2 29458  65.3462 149.8347 4598285 149.9268 246.0564  4.64335011160339
1 29459U 89039DD  18190.71452142  .00001934  00000-0  12398-2 0  9995
2 29459  68.1417  62.7718 3818813   5.7226 357.6685  7.46332014292848
1 29463U 89039DH  18131.96643372 -.00000008  00000-0  00000+0 0  9995
2 29463  67.5299 141.8201 3223771   1.7319 359.1992  7.03687965283593
1 29489U 89039DZ  17022.16748451  .00031389  00000-0  95712+0 0  9996
2 29489  61.9443  85.8399 5316939 332.0764  14.7205  4.41609324165659
1 29509U 06046E   18212.80877631 -.00000144 +00000-0 -76159-5 0  9999
2 29509 097.9822 219.7590 0046160 100.5819 260.0604 14.93562081638091
1 29519U 04029D   18213.42958847  .00006645  00000-0  10721-2 0  9997
2 29519  88.0797 196.7789 3655615 235.5828 328.3599  7.96125589203925
1 29524U 06050C   18213.53337767  .00000297  00000-0  16004-3 0  9991
2 29524  98.7812 237.9734 0004874 218.4437 295.8521 14.20067667606896
1 29525U 06050D   18212.88163103 +.00000261 +00000-0 +14129-3 0  9997
2 29525 098.7656 238.3791 0003440 213.7642 222.8117 14.20802041606945
1 29532U 90065Z   18210.43627558 -.00000514 +00000-0 +14011-3 0  9994
2 29532 018.0773 001.6224 7031571 342.7393 001.9938 02.55994254058007
1 29533U 90065AA  18212.77356785  .00000129  00000-0  12316-3 0  9992
2 29533  17.7292  99.7289 7078820 164.7738  25.3310  2.50027699172705
1 29534U 05038D   18212.30504854 +.00000498 +00000-0 +95565-4 0  9997
2 29534 039.4261 255.5609 5854115 324.0937 008.0623 04.26973551184700
1 29536U 06015C   18211.46745146  .00000194  00000-0  48802-4 0  9997
2 29536  97.8560 290.1702 0164683  76.9530 284.9993 14.53111181643497
1 29537U 06015D   18213.53438698  .00000281  00000-0  68572-4 0  9992
2 29537  97.9704 326.2333 0171999 129.7136 231.9365 14.51067795642995
1 29538U 06015E   18212.87789431  .00000321  00000-0  67055-4 0  9993
2 29538  97.8628 358.6819 0144594 299.5400  59.1450 14.60183677645467
1 29539U 06015F   18212.16521098 +.00000371 +00000-0 +75849-4 0  9994
2 29539 097.8728 336.4923 0135254 268.3653 214.5435 14.61038932646674
1 29600U 06050BS  18212.92396045 +.00000558 +00000-0 +27278-3 0  9997
2 29600 098.7597 240.3201 0006302 239.4941 240.5305 14.21996394605243
1 29676U 05049F   18200.04349691 -.00000225 +00000-0 +00000-0 0  9995
2 29676 008.4413 050.6093 0034866 338.9675 185.9332 01.02231434044473
1 29733U 99025X   18213.45893613  .00001075  00000-0  19480-2 0  9990
2 29733  99.2358 295.1695 0582455 255.2546 165.7603 12.91526210543534
1 29734U 99025Y   18212.96249108 +.00000234 +00000-0 +46487-3 0  9994
2 29734 099.1273 210.8898 0638783 006.0195 023.8970 12.83538931539650
1 29735U 99025Z   18212.93654230 +.00000233 +00000-0 +49201-3 0  9994
2 29735 099.3536 202.7467 0724593 325.4470 030.1481 12.67547488532656
1 29736U 99025AA  18212.29978646 +.00000348 +00000-0 +86738-3 0  9997
2 29736 099.4408 152.3411 0732453 182.6060 336.2074 12.54023585527797
1 29737U 99025AB  18212.55797806  .00000281  00000-0  65615-3 0  9991
2 29737  99.5648 230.9322 0727360 160.7565 352.3688 12.59468383529445
1 29740U 99025AE  18212.58426609  .00000740  00000-0  19826-2 0  9990
2 29740  99.0506  85.8629 1006755 131.7759 237.3884 12.02769309505473
1 29741U 99025AF  18212.64634613 -.00000586  00000-0 -15038-2 0  9995
2 29741  99.1933 104.3867 1037239 269.1261 106.2335 11.95630718502671
1 29746U 99025AL  18212.85591081  .00009276  00000-0  13653-1 0  9997
2 29746  99.5452   6.4150 1049012 239.0198 110.3712 12.23705160492208
1 29748U 99025AN  18212.59418784  .00015835  00000-0  80818-1 0  9993
2 29748 100.4269  86.3817 1090760  80.5236 291.7174 11.52594643473492
1 29750U 99025AQ  18213.04358605 -.00000096  00000-0 -29767-4 0  9996
2 29750  99.0686 237.7679 0035491 296.7398  93.8217 14.07525804592091
1 29751U 99025AR  18212.76400378 +.00000009 +00000-0 +23846-4 0  9994
2 29751 098.8590 237.7134 0091489 004.0092 055.3074 14.21702781598221
1 29753U 99025AT  18213.00605410  .00001362  00000-0  34215-3 0  9992
2 29753  98.9200  42.7599 0059718 212.2945 147.4587 14.52019437604515
1 29754U 99025AU  18212.69259366 +.00000235 +00000-0 +15458-3 0  9998
2 29754 098.9338 295.2480 0037646 303.8463 211.9287 14.11070999593437
1 29756U 99025AW  18213.14365055  .00000881  00000-0  27249-3 0  9992
2 29756  99.2470 175.3962 0052103  54.1243 306.4766 14.43275543603329
1 29758U 99025AY  18212.66886904  .00000757  00000-0  39876-3 0  9992
2 29758  98.9353 270.7510 0033593 141.9647  21.1918 14.16732954594324
1 29760U 99025BA  18213.01310039  .00000296  00000-0  18918-3 0  9998
2 29760  98.9412 241.6753 0133606 178.0561 182.1154 14.06530396592559
1 29762U 99025BC  18213.35786264  .00000081  00000-0  48886-4 0  9994
2 29762  98.6232 249.3086 0212477 210.4982 216.4749 14.19106304597697
1 29763U 99025BD  18213.56079204  .00000214  00000-0  14537-3 0  9990
2 29763  98.8059 252.4630 0130351 199.9188 324.7695 14.05975569592416
1 29765U 99025BF  18213.03196838 -.00000207  00000-0 -10543-3 0  9994
2 29765  99.1202 239.1289 0061984 355.1355  33.1565 14.01547859590666
1 29766U 99025BG  18213.21507965  .00000172  00000-0  15747-3 0  9992
2 29766  98.7119 306.7785 0161687 130.8737 260.5727 13.88843960584041
1 29767U 99025BH  18213.35204392  .00000344  00000-0  18169-3 0  9998
2 29767  98.2218  88.3125 0386413  16.3016  33.7805 13.86936302582059
1 29769U 99025BK  18212.43876198  .00000459  00000-0  31226-3 0  9993
2 29769  99.1776 195.9446 0103702  36.6790 324.1416 14.02549380588969
1 29770U 99025BL  18212.65907425  .00000583  00000-0  36317-3 0  9991
2 29770  99.0209 265.6151 0070553 303.4777 220.0177 14.07733393591344
1 29771U 99025BM  18212.27720643  .00002237  00000-0  96078-3 0  9993
2 29771  99.5579  86.5597 0081332 193.2707 166.6329 14.24113159590905
1 29772U 99025BN  18212.75559900  .00000331  00000-0  24842-3 0  9996
2 29772  98.4026 243.9220 0146922 268.3324 155.2327 13.95701562586869
1 29773U 99025BP  18212.75500755  .00000126  00000-0  74715-4 0  9998
2 29773  98.7889 308.8658 0052315 140.5690  10.9085 14.22912517599020
1 29774U 99025BQ  18212.90820633  .00000024  00000-0  33177-4 0  9990
2 29774  99.2110  31.3396 0050806 239.2138 258.4829 14.20824068598549
1 29775U 99025BR  18212.58103529 +.00002011 +00000-0 +22810-3 0  9992
2 29775 099.0388 255.9778 0062462 175.8957 184.2780 14.86382312613596
1 29776U 99025BS  18213.55240437 -.00000123  00000-0 -46826-4 0  9999
2 29776  99.0812 237.4516 0023011 244.0188 268.0948 14.06473225592641
1 29777U 99025BT  18212.44390091 -.00000056  00000-0 -68407-5 0  9994
2 29777  99.4248 191.1686 0092939 245.4242 267.2501 13.91235230586154
1 29779U 99025BV  18213.54494944 -.00000019  00000-0  14231-4 0  9993
2 29779  98.9243 242.1676 0064193 235.0867 124.4261 14.11302547594526
1 29780U 99025BW  18213.34521327  .00000563  00000-0  35669-3 0  9999
2 29780  99.3117 354.0265 0046020  74.2889 286.3348 14.07748345591285
1 29781U 99025BX  18213.34122750  .00000202  00000-0  16054-3 0  9994
2 29781  99.0208 247.8566 0077721 106.1660 318.4895 14.00687462589535
1 28675U 88074L   18207.23011753 +.00000296 +00000-0 +43733-3 0  9995
2 28675 089.9733 013.9690 0089039 189.3062 298.2933 13.50263303677085
1 28676U 88074M   18206.73400642 +.00000269 +00000-0 +42154-3 0  9995
2 28676 089.9554 011.7063 0088050 258.7831 161.2190 13.46752049751288
1 28739U 05024C   18211.75104243 +.00002117 +00000-0 +13778-3 0  9999
2 28739 097.6059 315.7599 0091244 139.2187 221.5917 15.05671871700866
1 28740U 05024D   18211.81392578  .00000658  00000-0  68484-4 0  9991
2 28740  97.8220 340.4475 0130983  67.4107 294.0906 14.87167367696806
1 28742U 05024F   18212.23466872 +.00001091 +00000-0 +98143-4 0  9996
2 28742 097.7229 007.4720 0111528 298.4011 060.6003 14.93237917697692
1 28785U 05024G   18211.37844717 +.00002780 +00000-0 +19717-3 0  9990
2 28785 097.7811 004.2107 0097178 231.2733 127.9774 15.01881969699360
1 28850U 01049PC  18209.83797518 +.00002616 +00000-0 +10630-3 0  9993
2 28850 097.6313 230.8398 0012965 205.1843 154.8764 15.25443098281662
1 28851U 01049PD  18212.20671634  .00000269  00000-0  31473-4 0  9990
2 28851  97.9406 199.9810 0038610 274.7223  84.9587 14.92949875756561
1 28852U 01049PE  18211.08846329 +.00000022 +00000-0 +11429-4 0  9997
2 28852 098.0892 161.4705 0045499 146.6690 270.9192 14.72882851274559
1 28853U 01049PF  18208.16147314 +.00000194 +00000-0 +30273-4 0  9999
2 28853 097.9976 175.6052 0036133 337.0277 078.9796 14.83306636777216
1 28855U 01049PH  18211.75034511  .00000508  00000-0  54820-4 0  9997
2 28855  97.7433 194.4418 0001243  90.9499 269.1863 14.92542380869572
1 28859U 01049PM  18210.23443112 +.00001035 +00000-0 +65928-4 0  9991
2 28859 097.7134 214.7551 0017288 289.5718 070.3644 15.10935136823344
1 28897U 05043H   18212.91597473 +.00000081 +00000-0 +24148-4 0  9997
2 28897 097.9114 003.0899 0014660 284.2378 227.4519 14.64017082672555
1 28950U 93014AB  18211.86631223  .00003656  00000-0  46150-3 0  9994
2 28950  75.7406 275.0753 0064826  64.1098  57.1007 14.80634781727208
1 28955U 93014AG  18211.53835599  .00001571  00000-0  20867-3 0  9996
2 28955  75.7421 277.5378 0077897  54.2317 306.6077 14.78174797749695
1 28956U 93014AH  18203.93160174 +.00001541 +00000-0 +22934-3 0  9996
2 28956 075.7418 287.1041 0083441 068.6470 292.3591 14.73062757238330
1 28958U 93014AK  18211.41351973  .00002924  00000-0  32618-3 0  9995
2 28958  75.7389 233.2912 0068677 340.6334  19.2246 14.85597921713851
