1 37473U 99025EJT 18207.72607304 +.00001264 +00000-0 +16897-3 0  9993
2 37473 099.1966 128.3271 0343160 057.4462 305.9385 14.48229793460670
1 37474U 99025EJU 18208.08678185 +.00000345 +00000-0 +96864-4 0  9991
2 37474 099.1340 147.1552 0217942 243.0942 114.7825 14.40500464441417
1 37475U 99025EJV 18211.00701600 +.00000312 +00000-0 +15102-3 0  9996
2 37475 098.9137 299.1179 0113552 014.8479 345.5987 14.22186700263219
1 37476U 99025EJW 18212.52218611 +.00000436 +00000-0 +12840-2 0  9992
2 37476 098.9610 335.2949 1093817 011.9419 350.5470 11.84724133355170
1 37477U 99025EJX 18212.94017131 +.00000194 +00000-0 +12783-3 0  9991
2 37477 098.8085 253.5908 0031753 244.0093 115.7807 14.12751909438677
1 37478U 99025EJY 18212.92440308 +.00000325 +00000-0 +61580-3 0  9991
2 37478 099.6436 102.9565 0570388 340.8091 017.2288 12.95180084216625
1 37479U 99025EJZ 18212.40195371 +.00000325 +00000-0 +20496-3 0  9993
2 37479 098.8994 279.3655 0032936 295.8537 063.9239 14.10872471254185
1 37480U 99025EKA 11171.25394616 +.00003041 +00000-0 +38735-3 0  9991
2 37480 099.1016 343.8358 0231405 047.5732 313.9141 14.65385500131034
1 37483U 93036BLL 18212.37091750  .00000088  00000-0  35341-4 0  9998
2 37483  73.9758 101.2280 0098600 206.4228 153.1881 14.39686382453253
1 37484U 93036BLM 18212.55081312  .00000242  00000-0  10107-3 0  9996
2 37484  73.8284 154.6465 0047921 330.7716 150.6561 14.31084186462395
1 37486U 93036BLP 18212.88656598 +.00000729 +00000-0 +42170-3 0  9993
2 37486 073.7096 172.0236 0287280 072.3598 320.7341 13.91860376257787
1 37487U 93036BLQ 18212.30168635 +.00000624 +00000-0 +22309-3 0  9997
2 37487 073.9370 194.8766 0055108 256.9773 102.5223 14.35379993423815
1 37488U 93036BLR 18212.83532503 +.00000967 +00000-0 +13987-3 0  9997
2 37488 073.9944 269.4685 0079273 120.6069 240.2954 14.75582660496403
1 37491U 93036BLU 18212.28284989  .00000330  00000-0  28015-3 0  9994
2 37491  73.9078  69.3811 0332290 208.0865 150.1977 13.68572076436363
1 37492U 93036BLV 18211.76368116 +.00000932 +00000-0 +14475-3 0  9995
2 37492 074.0057 244.1980 0043784 009.0458 351.1493 14.74048209476125
1 37494U 93036BLX 18210.39352051 +.00000323 +00000-0 +93279-4 0  9990
2 37494 073.9993 098.8554 0107480 351.2096 008.7175 14.45536708460814
1 37495U 93036BLY 18212.59676854  .00000914  00000-0  11769-3 0  9994
2 37495  74.0001 173.5242 0071616 263.7603  95.5412 14.81036120467058
1 37496U 93036BLZ 18213.26598829  .00000423  00000-0  10511-3 0  9994
2 37496  73.9667  63.8920 0144287 342.6003  17.0238 14.49082360464441
1 37498U 93036BMB 18211.54363919  .00000306  00000-0  10421-3 0  9995
2 37498  74.0430 150.2146 0017923 163.4202 196.7543 14.40464249468629
1 37499U 93036BMC 18213.34423457  .00000033  00000-0  21828-4 0  9991
2 37499  74.0371 195.1235 0029562 209.6509 150.2967 14.32242455466140
1 37500U 93036BMD 18212.20996868  .00000312  00000-0  15610-4 0  9991
2 37500  73.9586 171.2229 0185585 304.7156  53.6673 15.09922441488037
1 37501U 93036BME 18208.59306200 +.00000945 +00000-0 +12364-3 0  9998
2 37501 074.0030 184.4171 0062823 292.8079 066.6469 14.80717750463916
1 37502U 93036BMF 18212.32311167 +.00002461 +00000-0 +46190-3 0  9992
2 37502 074.2124 176.8178 0037762 322.7551 037.0999 14.64810359229952
1 37503U 93036BMG 18213.08558972  .00007855  00000-0  50180-3 0  9990
2 37503  74.0033 196.9251 0012687 263.2372  96.7376 15.08730594452897
1 37504U 93036BMH 14071.89934830 +.00006078 +00000-0 +12961-2 0  9999
2 37504 074.0897 150.3070 0078521 257.4247 116.1487 14.57194902213563
1 37506U 93036BMK 18212.38095730 +.00000619 +00000-0 +14955-3 0  9994
2 37506 074.0534 108.1197 0032924 100.9150 259.5721 14.54909649266601
1 37508U 93036BMM 18212.44463105 +.00000613 +00000-0 +12280-3 0  9991
2 37508 073.7698 254.3174 0104616 180.0101 180.1081 14.60893061267765
1 37510U 93036BMP 18212.61749835  .00000533  00000-0  10056-3 0  9990
2 37510  74.0167 306.2146 0040005  24.8642 335.4443 14.66617591475277
1 37515U 93036BMU 18212.42857337  .00000832  00000-0  26630-3 0  9998
2 37515  74.1590 254.4833 0092781 165.7843 194.5957 14.38642930466915
1 37518U 93036BMX 18212.93733587 +.00000523 +00000-0 +13812-3 0  9992
2 37518 074.0051 057.9996 0034832 132.6967 227.7136 14.51065787266211
1 37521U 93036BNA 18212.54760594  .00001399  00000-0  14295-3 0  9999
2 37521  74.0489 158.6370 0055277 195.5266 288.5749 14.90584004476951
1 37527U 93036BNG 18212.62426609  .00000840  00000-0  15303-3 0  9991
2 37527  74.0070 317.1808 0034384  39.8659 320.5026 14.67389439475945
1 37528U 93036BNH 18212.37455635  .00000156  00000-0  53762-4 0  9997
2 37528  74.0399  96.7910 0023076 191.2965 168.7677 14.43464208470450
1 37529U 93036BNJ 18212.57841018  .00000745  00000-0  17724-3 0  9995
2 37529  74.0252  61.3187 0053284  97.7678 262.9539 14.54782882471300
1 37530U 93036BNK 18213.33494306  .00000051  00000-0  28928-4 0  9995
2 37530  74.0350 203.8560 0028707 203.5111 222.1363 14.31604987467087
1 37531U 93036BNL 18213.33023511  .00000587  00000-0  21072-3 0  9998
2 37531  74.0227 215.5704 0060230 228.2441 131.3555 14.35107255466542
1 37532U 93036BNM 18213.49734090  .00000079  00000-0  34307-4 0  9999
2 37532  74.0525 139.1893 0016793 195.9506 283.1243 14.38682742462000
1 37533U 93036BNN 18213.28162585  .00000365  00000-0  22566-3 0  9992
2 37533  74.0668 190.8757 0182515 171.0247 189.4228 14.00717310456019
1 37535U 93036BNQ 18212.64050345  .00000214  00000-0  67434-4 0  9990
2 37535  74.0272  80.9334 0035037 157.9441 233.3223 14.45756311463494
1 37537U 93036BNS 18213.22798060  .00000058  00000-0  29537-4 0  9998
2 37537  74.0129 165.8518 0054650 226.1892 133.4735 14.34472096464329
1 37538U 93036BNT 18212.87106346 +.00000520 +00000-0 +11924-3 0  9993
2 37538 074.0228 009.6275 0045067 079.6316 280.9923 14.57561657437525
1 37539U 93036BNU 11262.19479143 +.00000786 +00000-0 +29032-3 0  9998
2 37539 074.0515 081.9073 0021619 352.5149 007.5676 14.33973190078115
1 37542U 93036BNX 13063.73158620 +.00002455 +00000-0 +93317-3 0  9999
2 37542 074.0360 212.7736 0049454 336.6417 023.4889 14.30835846180552
1 37543U 93036BNY 18213.01754563  .00001893  00000-0  12221-3 0  9991
2 37543  73.9660 335.8024 0074895  81.4409 279.5259 15.06810854468149
1 37544U 93036BNZ 18213.50107788  .00001706  00000-0  24772-3 0  9994
2 37544  73.9758 262.9696 0029983 109.1851 251.2572 14.76562510471968
1 37546U 93036BPB 18212.76842824 +.00000486 +00000-0 +14868-3 0  9999
2 37546 074.0344 128.5741 0016031 120.4546 239.8197 14.44316915268317
1 37547U 93036BPC 18213.07647510  .00000508  00000-0  11155-3 0  9991
2 37547  74.0391 357.8971 0027929  94.2029 266.2330 14.59996551466346
1 37548U 97051XH  18211.98690675  .00000610  00000-0  20633-3 0  9996
2 37548  86.3579 109.9327 0033379  42.3304 318.0458 14.34956086472018
1 37549U 97051XJ  18212.69482024 +.00002162 +00000-0 +48450-3 0  9994
2 37549 086.3828 113.7567 0041979 289.0737 070.5927 14.55680372473129
1 37550U 97051XK  18213.44062659  .00000430  00000-0  11946-3 0  9994
2 37550  86.3848 100.8212 0003825  91.6872 268.4767 14.44217382473576
1 37555U 97051XQ  18213.07079374  .00003485  00000-0  75832-3 0  9997
2 37555  86.4597 139.4448 0035376 353.2457   6.8269 14.57367071460666
1 37557U 97051XS  18212.14249607 +.00002273 +00000-0 +81925-3 0  9998
2 37557 086.3814 166.0765 0134837 025.0158 335.7487 14.28323285308092
1 37558U 97051XT  18210.50042003  .00001665  00000-0  42437-3 0  9997
2 37558  86.4047 118.9966 0085161  13.4811 353.1393 14.47852102442762
1 37560U 97051XV  18212.16100789  .00001857  00000-0  57763-3 0  9991
2 37560  86.3895 150.6918 0092747 228.5770 198.6115 14.38060327443749
1 37562U 97051XX  18212.47581312  .00000391  00000-0  11999-3 0  9995
2 37562  86.3815 110.3756 0032396  14.0734 109.7530 14.38869294475118
1 37565U 97051YA  18212.96524399 +.00000241 +00000-0 +67232-4 0  9990
2 37565 086.3514 087.1467 0015097 008.1084 057.2176 14.42018171269948
1 37566U 97051YB  18212.41106731  .00021641  00000-0  13512-2 0  9994
2 37566  86.4355  98.0261 0003635  43.3066 316.8457 15.09374853454119
1 37567U 10038C   18213.52092972  .00000451  00000-0  85945-4 0  9996
2 37567  97.9597 114.8962 0148985  92.7543  32.2509 14.61798811419700
1 37568U 10038D   18212.81092428 +.00000329 +00000-0 +81989-4 0  9992
2 37568 097.8275 056.0393 0183317 256.3205 101.7521 14.48423182417142
1 37569U 10038E   18212.83920899 +.00000361 +00000-0 +76650-4 0  9992
2 37569 097.7922 070.8555 0162750 139.2567 222.0939 14.56614558417691
1 37570U 10038F   18213.29006898  .00000373  00000-0  89627-4 0  9990
2 37570  97.7772  42.5995 0180673 227.8758 130.6962 14.49420943419473
1 37571U 08026C   18212.55404102 +.00000048 +00000-0 +72952-4 0  9995
2 37571 098.8078 062.8473 0249388 036.5741 352.5822 13.74591498306956
1 37572U 08026D   18213.46526775  .00000051  00000-0  75698-4 0  9992
2 37572  98.7140  33.7170 0244718 352.7267  35.2303 13.75383063500127
1 37573U 08026E   18212.43331288 +.00000089 +00000-0 +10445-3 0  9991
2 37573 098.7067 054.5999 0224622 288.3953 189.6569 13.79575668494908
1 37574U 08026F   18212.76907458 +.00000038 +00000-0 +65230-4 0  9993
2 37574 098.7631 041.9531 0254707 042.7861 319.2810 13.73135098294579
1 37578U 99025EKB 18208.15442206 +.00001175 +00000-0 +40669-3 0  9990
2 37578 098.7508 278.3451 0069731 290.4709 068.9000 14.36267887500297
1 37579U 99025EKC 18212.69081105 +.00000450 +00000-0 +26575-3 0  9997
2 37579 099.3346 025.5284 0037656 011.4993 348.7030 14.12967350214333
1 37580U 99025EKD 18212.89642455 -.00000177 +00000-0 -76095-4 0  9993
2 37580 099.1330 232.8302 0129112 164.9448 316.6012 14.05127134773354
1 37581U 99025EKE 18212.20890477 +.00000128 +00000-0 +74043-4 0  9993
2 37581 098.8657 203.6570 0111593 249.6472 171.6024 14.22013565833987
1 37582U 99057SX  18207.80481273 +.00001741 +00000-0 +27903-3 0  9993
2 37582 098.3137 207.6533 0006348 243.6351 116.4205 14.73050319497944
1 37585U 91082CR  18213.39240179  .00001549  00000-0  44474-3 0  9993
2 37585  98.7489 266.3424 0003958 257.8305 102.2442 14.46345581469046
1 37586U 04025L   18212.53606892 +.00000354 +00000-0 +18542-3 0  9998
2 37586 098.2210 123.7651 0324333 255.1985 101.3043 13.96150456404102
1 37588U 99025EKG 18204.55079780 +.00000358 +00000-0 +25391-3 0  9991
2 37588 098.1559 125.4235 0098233 199.4016 160.4581 14.00808430536060
1 37589U 99025EKH 18180.96835962 -.00000278 +00000-0 -17711-3 0  9992
2 37589 099.1011 090.0198 0155043 126.5809 234.9731 13.89010759446524
1 37590U 99025EKJ 18208.67181969 +.00000880 +00000-0 +26464-3 0  9996
2 37590 099.0013 018.7566 0145154 295.1460 063.4729 14.39623636552857
1 37591U 99025EKK 18212.39543206 +.00001529 +00000-0 +87524-3 0  9992
2 37591 098.4269 268.4085 0146421 201.2344 221.8234 14.05600894283846
1 37592U 99025EKL 11268.98902868 +.00003321 +00000-0 +10807-2 0  9996
2 37592 098.9040 338.7609 0104341 002.3315 358.4180 14.36408548142044
1 37593U 99025EKM 18205.57015257 +.00000309 +00000-0 +13759-3 0  9990
2 37593 098.9537 319.7420 0181102 331.4282 092.3127 14.21857871476726
1 37594U 99025EKN 18211.27986686 +.00000137 +00000-0 +10250-3 0  9990
2 37594 099.0459 236.1989 0087020 293.6559 065.5495 14.08892655398316
1 37595U 99025EKP 12023.75198549  .00016574  00000-0  98225-2 0  9991
2 37595  99.1257  35.0350 0065385  64.4828 296.3626 14.06552113431874
1 37596U 99025EKQ 18213.34676125  .00000531  00000-0  27793-3 0  9994
2 37596  98.9926 252.9281 0032306 148.7750 269.9879 14.18398682507181
1 37597U 99025EKR 18212.97771993  .00000625  00000-0  17332-3 0  9994
2 37597  98.3016 289.7929 0262468  14.3335 346.5114 14.31668246506919
1 37598U 99025EKS 18213.36070667  .00000429  00000-0  22552-3 0  9991
2 37598  98.9573 246.7778 0013891  94.0095 324.7053 14.19372809494651
1 37599U 99025EKT 12133.57341238 +.00007287 +00000-0 +14449-2 0  9999
2 37599 099.0124 264.9467 0175577 263.7164 091.1506 14.53212244177802
1 37600U 99025EKU 18208.70028803 +.00000167 +00000-0 +15763-3 0  9997
2 37600 098.9365 180.4201 0436298 257.9072 097.2876 13.57320423517471
1 37609U 90081CV  18213.28904260  .00000055  00000-0  57731-4 0  9996
2 37609  98.7280 229.4089 0066238 274.8375 148.5750 14.07040578747932
1 37610U 90081CW  18212.12187308 -.00000057 +00000-0 -14218-4 0  9993
2 37610 098.9803 188.9445 0152146 281.9713 076.4418 13.76165523311492
1 37611U 90081CX  11280.04472320 +.00008691 +00000-0 +37610-2 0  9993
2 37611 098.9571 005.1348 0035156 194.1668 174.2013 14.24218774442485
1 37612U 90081CY  18212.32567424 +.00000330 +00000-0 +11693-3 0  9993
2 37612 098.5493 240.8637 0035556 220.9170 195.6777 14.40555019268398
1 37613U 90081CZ  18212.49624464 -.00000215 +00000-0 -12151-3 0  9994
2 37613 098.9153 093.8028 0184382 074.2190 287.9217 13.90875632731074
1 37614U 90081DA  18213.26923705  .00000081  00000-0  75346-4 0  9996
2 37614  98.7829 223.6605 0075630  21.5786  38.0150 14.04503205712900
1 37615U 90081DB  18210.26927950 +.00000389 +00000-0 +17968-3 0  9996
2 37615 098.5618 232.5831 0015503 097.7436 262.5505 14.26322907213440
1 37616U 90081DC  18212.91871764 +.00000019 +00000-0 +47710-4 0  9991
2 37616 099.0181 267.9213 0101657 205.1948 154.4233 13.90747885316589
1 37617U 90081DD  18212.27506170  .00000281  00000-0  20600-3 0  9996
2 37617  98.7795 229.0230 0009297  23.8583  33.8252 14.03662599788433
1 37619U 90081DF  18211.82042720 -.00000143  00000-0 -61465-4 0  9998
2 37619  98.7305 234.4233 0011942 158.9269 201.2394 14.06144105802713
1 37620U 90081DG  18204.29062678 +.00000436 +00000-0 +20036-3 0  9998
2 37620 098.5082 231.9509 0006005 148.6805 271.6603 14.26058695685026
1 37622U 90081DJ  18212.87288372  .00000278  00000-0  10771-3 0  9993
2 37622  98.5975 242.6992 0037546 325.2580 158.5155 14.37156102917747
1 37623U 90081DK  18212.26363164  .00000052  00000-0  47989-4 0  9992
2 37623  98.6577 234.4984 0023600 125.7683 234.5691 14.16030443820839
1 37624U 90081DL  18209.28237535 +.00000186 +00000-0 +13680-3 0  9991
2 37624 098.7473 228.2353 0012280 177.1315 243.5191 14.07015937806326
1 37625U 90081DM  18212.88565356 +.00000409 +00000-0 +15585-3 0  9991
2 37625 098.3942 241.4124 0004091 094.2902 265.8752 14.35829142819538
1 37626U 90081DN  18213.11568378 -.00000016  00000-0  24063-4 0  9993
2 37626  98.9705 324.2383 0165815  68.7333  52.5888 13.70475354747929
1 37632U 82102C   18209.93266536 +.00000107 +00000-0 +90020-4 0  9997
2 37632 082.9638 193.5465 0033074 060.1402 300.3036 13.78526174561373
1 37682U 99025EKX 18212.68051553  .00000034  00000-0  75524-4 0  9992
2 37682  98.6169 118.5155 0243775 277.8638  79.4902 13.63880397411120
1 37683U 99025EKY 18195.63348647 -.00000193  00000-0 -14489-3 0  9991
2 37683  97.9912 332.5418 0629704  98.3464 330.0022 13.21139544516526
1 37684U 99025EKZ 13083.90042290 +.00001773 +00000-0 +15603-2 0  9999
2 37684 098.1683 128.1084 0254295 129.7896 232.7223 13.72646808272331
1 37685U 99025ELA 18213.33476944  .00000846  00000-0  51964-3 0  9995
2 37685  98.0138  34.1864 0214632 212.3236 270.9945 13.97117464433563
1 37686U 99025ELB 18212.60870579 +.00000068 +00000-0 +13769-3 0  9994
2 37686 099.0949 136.1698 0400371 213.2386 275.0277 13.33317898247465
1 37687U 99025ELC 18212.37782472 -.00000600  00000-0 -44626-3 0  9993
2 37687  98.2160 254.4853 0411854   4.0990  48.7142 13.58434792465181
1 37688U 99025ELD 18212.55507113 +.00000966 +00000-0 +48998-3 0  9990
2 37688 099.0498 254.6268 0049297 277.3199 082.2373 14.17852331502125
1 37689U 99025ELE 18212.65023296 +.00000669 +00000-0 +33961-3 0  9991
2 37689 098.8664 167.3483 0029518 105.1715 255.2728 14.19153503194437
1 37690U 99025ELF 18212.32583600 +.00000417 +00000-0 +26887-3 0  9997
2 37690 098.9822 252.1678 0043323 337.9700 081.8341 14.08105909258197
1 37691U 99025ELG 16103.38862251  .00001294  00000-0  83699-3 0  9991
2 37691  98.9357 171.3818 0041059 268.9962  90.7084 14.02387929358031
1 37692U 99025ELH 18213.45553419  .00001079  00000-0  42354-3 0  9991
2 37692  98.9101 292.7657 0004100 270.4597 147.6540 14.31508350452833
1 37693U 99025ELJ 18212.60758866 +.00000309 +00000-0 +21676-3 0  9990
2 37693 098.9081 261.8812 0073870 072.9137 080.0166 14.04170037243464
1 37694U 99025ELK 18212.67481663 +.00000412 +00000-0 +27476-3 0  9995
2 37694 098.2248 144.8492 0178108 186.1766 296.4624 13.98350587139618
1 37695U 99025ELL 18212.42451656  .00000280  00000-0  20284-3 0  9991
2 37695  98.2326 283.5949 0493303 184.5937 241.5348 13.56191091527064
1 37696U 99025ELM 14033.00200173 +.00003561 +00000-0 +13144-2 0  9990
2 37696 099.6773 319.1109 0043891 251.5824 118.7452 14.32681301228953
1 37697U 99025ELN 18183.77310649 +.00005276 +00000-0 +72032-3 0  9992
2 37697 096.5843 019.3352 0040332 069.3421 279.6609 14.78355698505745
1 37698U 99025ELP 18208.17199969  .00000580  00000-0  55238-3 0  9997
2 37698  97.9943 176.7479 0360818 151.6250 211.4367 13.57925194511077
1 37699U 99025ELQ 18212.31100993 +.00000392 +00000-0 +31200-3 0  9992
2 37699 097.9835 019.9063 0123521 291.9845 188.8383 13.92562502192508
1 37700U 99025ELR 11197.30896769 +.00000229 +00000-0 +15364-3 0  9994
2 37700 099.0488 213.9414 0030867 282.6088 077.5297 14.10480862128911
1 37701U 99025ELS 18206.53708425 +.00001198 +00000-0 +88718-3 0  9998
2 37701 097.6620 104.9318 0315695 162.1250 324.2944 13.75439871388175
1 37702U 99025ELT 15111.26525699 +.00001378 +00000-0 +65167-3 0  9994
2 37702 098.8885 128.1113 0048112 295.7409 062.2457 14.20776337324854
1 37703U 99025ELU 18212.24755965  .00000700  00000-0  31768-3 0  9997
2 37703  99.1448  14.3409 0054051 180.1595 307.6647 14.24486886493844
1 37704U 99025ELV 18212.93586194 +.00000288 +00000-0 +32233-3 0  9999
2 37704 098.3384 014.8277 0255547 142.8111 011.7108 13.64180960256237
1 37705U 99025ELW 18213.07064923  .00000936  00000-0  12748-3 0  9996
2 37705  99.5040 154.8365 0104019 287.6006  71.3859 14.78439266517597
1 37706U 99025ELX 18212.38453800  .00000417  00000-0  25639-3 0  9993
2 37706  99.0051 253.5970 0049403 319.8426 108.0465 14.10580635522076
1 37707U 99025ELY 18212.62122955  .00000161  00000-0  56639-4 0  9996
2 37707 100.2065 348.0164 0171113 188.5140 238.5362 14.44234797471373
1 37708U 99025ELZ 18211.17059408  .00000378  00000-0  89184-4 0  9999
2 37708  98.2915 349.0516 0344176 312.7789  44.4911 14.29950690535024
1 37710U 99025EMB 18178.53402986  .00000438  00000-0  54122-3 0  9997
2 37710  99.2177 289.0742 0268868 303.0663 114.4308 13.56413830504886
1 37712U 99025EMD 18181.50759528  .00000115  00000-0  59278-4 0  9997
2 37712  98.6732 274.5758 0088714  66.3842 357.9252 14.29845179514960
1 37713U 99025EME 17296.80349549 +.00000730 +00000-0 +62460-3 0  9994
2 37713 098.0676 140.6610 0135402 150.2263 210.6688 13.85385360457257
1 37714U 99025EMF 18210.64042470 +.00000660 +00000-0 +37158-3 0  9995
2 37714 098.9713 275.6525 0063336 205.5433 154.2605 14.12896592193470
1 37715U 99025EMG 18212.34966705  .00000076  00000-0  89611-4 0  9994
2 37715  99.1715 243.9182 0116787 252.7518 174.1173 13.91922705451605
1 37716U 99025EMH 18212.32595084 +.00000319 +00000-0 +17924-3 0  9998
2 37716 098.9029 251.1653 0035918 030.9348 026.9856 14.17219376223609
1 37717U 99025EMJ 18213.18807035  .00000395  00000-0  11257-3 0  9993
2 37717  98.7703 355.8103 0125852  26.2321  95.9684 14.46662599502601
1 37719U 99025EML 18211.36619392  .00000321  00000-0  12919-3 0  9995
2 37719  99.4871 271.5021 0061953 156.3909 266.2143 14.34547162466717
1 37722U 99025EMP 15349.93456858  .00003718  00000-0  60635-3 0  9998
2 37722  98.3105  33.9246 0167915  25.5965 335.4079 14.61976061300619
1 37723U 99025EMQ 14355.03762966 +.00014247 +00000-0 +59639-2 0  9996
2 37723 099.0687 077.8430 0158535 202.7029 284.1920 14.19570543308940
1 37724U 99025EMR 11306.62176740 +.00009552 +00000-0 +23297-2 0  9998
2 37724 099.2120 082.9056 0194041 296.8344 064.1473 14.42097830099453
1 37725U 99025EMS 11240.50573707 +.00002706 +00000-0 +50641-3 0  9995
2 37725 098.8278 341.8877 0198872 241.9763 117.2487 14.53870077140257
1 37732U 11030C   18212.90934236 +.00000236 +00000-0 +99889-4 0  9995
2 37732 097.9936 091.9559 0166690 094.3590 329.8158 14.25826945367337
1 37733U 11030D   18211.95048021 +.00000225 +00000-0 +93459-4 0  9993
2 37733 098.2703 211.8266 0155017 137.6364 254.0223 14.28534760367597
1 37734U 11030E   18212.91748056 +.00000418 +00000-0 +97195-4 0  9991
2 37734 097.9291 184.6153 0089803 121.9869 264.3121 14.57302194374509
1 37735U 11030F   18212.79147675 +.00000545 +00000-0 +11820-3 0  9999
2 37735 098.4251 337.0616 0086369 201.7109 326.1023 14.60114132375009
1 37767U 11039C   18212.72005601  .00000227  00000-0  91773-4 0  9991
2 37767  97.9372 128.5222 0154755 108.1691 283.5499 14.29266503364881
1 37768U 11039D   18212.60590447  .00000287  00000-0  11416-3 0  9997
2 37768  98.2369 255.6705 0151468 189.2962 323.2629 14.29477177364977
1 37769U 11039E   18212.98534894  .00000468  00000-0  98005-4 0  9994
2 37769  98.5230  47.8019 0081013 259.9812 267.5032 14.62867170372615
1 37770U 11039F   18212.96066318 +.00000442 +00000-0 +10181-3 0  9995
2 37770 097.7612 208.7580 0094952 180.1772 208.7719 14.57058521371208
1 37850U 93036BPE 18207.63842427 +.00000921 +00000-0 +28572-3 0  9997
2 37850 074.0116 194.1919 0046900 184.4833 175.5910 14.41908756353473
1 37863U 82001E   18212.10372635  .00000002  00000-0  93429-5 0  9993
2 37863  74.0470  13.5768 0024043 306.5994  53.2948 14.38727977787705
1 37865U 82102D   18202.81971272  .00000039  00000-0  24976-4 0  9996
2 37865  82.9664 230.1865 0034348 201.6387 286.9757 13.75650779709550
1 37884U 87079BP  18210.49205177 +.00000102 +00000-0 +11478-3 0  9995
2 37884 065.2639 244.4881 5122765 066.7866 338.2890 05.14262592188399
1 37885U 90105AF  18212.00657936  .00003014  00000-0  33073-3 0  9993
2 37885  98.3546 233.5082 0036075 161.1547 199.1012 14.88063190448905
1 37894U 99025EMT 18212.51184249  .00001651  00000-0  39887-3 0  9995
2 37894  99.0154  49.0477 0106827  61.8665 299.3273 14.51223534418860
1 37895U 99025EMU 18212.91279867 +.00000068 +00000-0 +12507-3 0  9992
2 37895 099.2066 255.8280 0332863 094.9875 268.9339 13.45867918185199
1 37896U 99025EMV 18212.22136163  .00004729  00000-0  18038-3 0  9991
2 37896  98.5762 125.8880 0139055 145.1761 215.8668 15.18676103464831
1 37897U 99025EMW 14224.27620123 +.00001729 +00000-0 +87439-3 0  9998
2 37897 098.8992 244.6642 0019329 285.3010 084.7434 14.17394333328047
1 37898U 99025EMX 18166.83377004  .00000186  00000-0  14673-3 0  9993
2 37898  98.3165 172.4698 0126572  99.8014 261.7471 13.98024446509698
1 37899U 99025EMY 18211.03210603  .00000674  00000-0  69249-3 0  9999
2 37899  98.8078 235.2818 0224162 287.1793  70.4927 13.69121310426739
1 37900U 99025EMZ 18210.47493736  .00000395  00000-0  31007-3 0  9990
2 37900 102.3238  96.8378 0249584 223.2199 135.1432 13.87167362450249
1 37901U 99025ENA 18205.05329504  .00002969  00000-0  44569-3 0  9996
2 37901  97.9231 298.6976 0130447 145.7941 215.1755 14.69649827459448
1 37902U 99025ENB 18210.71786728 +.00000355 +00000-0 +48305-3 0  9990
2 37902 098.6851 025.7323 0343330 334.3471 024.0971 13.43236267415283
1 37903U 99025ENC 18209.27033088 +.00000912 +00000-0 +53319-3 0  9994
2 37903 098.1794 016.4833 0335050 312.9252 044.4234 13.85900937535433
1 37904U 99025END 18212.34581891  .00000808  00000-0  27748-3 0  9998
2 37904  98.2504  48.8616 0081719  99.7772 261.2655 14.36684923425434
1 37905U 99025ENE 18212.31575136  .00000126  00000-0  13414-3 0  9999
2 37905  99.3853 244.7573 0137929  98.4859 263.1956 13.87186143394188
1 37906U 99025ENF 18198.13182009  .00000069  00000-0  10459-3 0  9998
2 37906  99.5389 158.7427 0165396 259.2391 163.9590 13.77654708463920
1 37907U 99025ENG 18199.90153034  .00000692  00000-0  45697-3 0  9995
2 37907  99.1502 248.4517 0079988 182.3805 177.6991 14.03591701451947
1 37908U 99025ENH 18212.85634110 +.00000138 +00000-0 +70769-4 0  9999
2 37908 099.1360 077.7633 0083741 038.5393 322.1726 14.29030554255732
1 37909U 99025ENJ 18208.51181900 +.00000646 +00000-0 +61043-3 0  9990
2 37909 098.9403 309.5829 0207505 196.5517 162.8791 13.75436118446379
1 37910U 99025ENK 11342.39379115 +.00001655 +00000-0 +80677-3 0  9992
2 37910 099.0321 038.8017 0052026 234.5672 125.0257 14.18838118153810
1 37911U 99025ENL 18211.53103924  .00000381  00000-0  33480-3 0  9999
2 37911  99.4471 238.6240 0159215 135.1066 226.3094 13.86089503393236
1 37912U 99025ENM 18212.26421451 +.00000634 +00000-0 +48199-3 0  9993
2 37912 099.1238 140.0562 0113454 249.0920 267.1063 13.94550048396482
1 37913U 99025ENN 18212.89966693 +.00001298 +00000-0 +29268-3 0  9998
2 37913 098.9033 010.6287 0141554 008.1477 352.1968 14.52291785406859
1 37914U 99025ENP 18213.03463896  .00000411  00000-0  27097-3 0  9997
2 37914  98.9876 145.7232 0077580 317.0932  42.4200 14.05976297502828
1 37915U 99025ENQ 18211.90575797 +.00000487 +00000-0 +39673-3 0  9992
2 37915 098.3144 099.6700 0220104 150.5247 210.8533 13.83000503494776
1 37917U 99025ENS 18185.03400221  .00000143  00000-0  11294-3 0  9995
2 37917  99.0045 268.1241 0052539 112.4801 248.1941 14.05791415506019
1 37918U 99025ENT 18211.26240610  .00000175  00000-0  90415-4 0  9993
2 37918  99.1266  24.8309 0063060 147.2434 213.2679 14.26415540655670
1 37919U 99025ENU 18193.41592039  .00000139  00000-0  83954-4 0  9995
2 37919  99.1780   2.4635 0051509 209.5251 150.3013 14.21775542439398
1 37920U 99025ENV 18212.93970087 +.00000567 +00000-0 +34428-3 0  9995
2 37920 099.0181 253.0605 0064610 284.1173 198.3841 14.09413560261203
1 37921U 99025ENW 18213.24222438  .00000018  00000-0  47267-4 0  9998
2 37921  99.3384 229.6422 0083971 216.6729 142.8665 13.93798834451982
1 37922U 99025ENX 18202.33985387  .00000602  00000-0  36460-3 0  9997
2 37922  99.1282 232.5052 0072094  63.0297 297.8211 14.09087302490955
1 37924U 99025ENZ 18211.30743271 +.00000498 +00000-0 +26703-3 0  9992
2 37924 098.9417 251.7840 0053219 215.5420 144.2205 14.16942471261737
1 37925U 99025EPA 18213.08982480  .00000367  00000-0  10824-3 0  9999
2 37925  99.0931 167.2292 0095513 170.3688 189.9362 14.47577770429309
1 37926U 99025EPB 18212.66434453 +.00000452 +00000-0 +27063-3 0  9993
2 37926 098.9304 268.5790 0061561 323.6431 205.8769 14.11197086362174
1 37927U 99025EPC 18212.36363201 +.00000755 +00000-0 +34229-3 0  9991
2 37927 098.8662 264.2343 0011168 264.8767 095.1137 14.24935801265332
1 37928U 99025EPD 18212.52456493 +.00000196 +00000-0 +92176-4 0  9991
2 37928 098.8424 330.0187 0081083 318.2934 041.2083 14.29179942426927
1 37929U 99025EPE 18213.16582094  .00000651  00000-0  10471-3 0  9993
2 37929  98.9799 184.0343 0168975 299.5401  58.9045 14.66901582425242
1 37956U 93036BPF 18211.72615396 +.00000678 +00000-0 +12865-3 0  9999
2 37956 074.0468 326.8836 0047141 030.8445 329.5477 14.65609408404949
1 37957U 93036BPG 18212.00811768  .00002505  00000-0  34183-3 0  9991
2 37957  74.0215 347.5465 0013447 345.3709  14.7076 14.79160433406649
1 37958U 93036BPH 18211.74318005  .00006268  00000-0  43951-3 0  9991
2 37958  74.0065 236.0430 0009876 286.6817  73.3288 15.05362784373827
1 37959U 93036BPJ 18212.05370105 +.00000268 +00000-0 +80502-4 0  9994
2 37959 074.0131 071.4195 0071073 145.3794 005.1902 14.46075416412102
1 37960U 93036BPK 18210.89619712 +.00000247 +00000-0 +13342-3 0  9990
2 37960 074.0600 182.5195 0269940 119.6243 243.2074 14.00091328396627
1 37961U 93036BPL 18212.41550075 +.00000273 +00000-0 +87837-4 0  9997
2 37961 074.0480 121.3838 0054161 155.9174 204.4534 14.43058246411450
1 37962U 93036BPM 18189.66557811  .00002134  00000-0  23038-3 0  9993
2 37962  74.0696 310.0692 0070963 301.1164  58.3067 14.87245772479582
1 37963U 93036BPN 12117.50944718 +.00001395 +00000-0 +82235-3 0  9990
2 37963 074.0682 148.6214 0159873 322.0744 036.9446 14.02667412105436
1 37966U 93036BPR 18212.81450858  .00000626  00000-0  15319-3 0  9991
2 37966  73.9996  15.9806 0024262 163.9205 196.2733 14.54502974461594
1 37967U 93036BPS 18212.65649740 +.00000206 +00000-0 +86602-4 0  9992
2 37967 074.0230 331.6181 0193066 025.1483 335.8911 14.22310343263566
1 37968U 93036BPT 18212.55668912  .00000253  00000-0  39867-4 0  9997
2 37968  74.0101 174.1033 0133651 252.3736 106.2804 14.72877195467441
1 37969U 93036BPU 18212.30862685  .00000854  00000-0  41739-3 0  9991
2 37969  73.9882  82.4840 0169257 163.7854 196.8799 14.12238184432724
