1 36090U 09061C   18212.97196851 +.00000379 +00000-0 +85828-4 0  9998
2 36090 098.1177 272.1892 0082110 140.8558 343.3573 14.59667311462246
1 36091U 09061D   18212.84886737  .00000454  00000-0  95826-4 0  9997
2 36091  98.0990 170.9375 0074413  42.5735 347.0699 14.62368150462784
1 36092U 09061E   18213.37533780  .00000236  00000-0  99508-4 0  9993
2 36092  98.4796 187.8083 0149116 196.7310 330.4592 14.28453457453471
1 36093U 09061F   18213.44650879  .00000245  00000-0  97754-4 0  9992
2 36093  98.0739  75.0641 0150256  98.2819 263.5434 14.30016981453808
1 36100U 09057F   18213.08311287  .00000719  00000-0  36075-3 0  9997
2 36100  98.6947 258.6416 0011916 147.0478 213.1443 14.19603912450964
1 36132U 87011K   18212.04698134 -.00000034 +00000-0 +24042-4 0  9995
2 36132 065.0120 010.7124 0021237 278.7327 081.1354 14.33779327266515
1 36136U 99025DRH 15288.56023627  .00003279  00000-0  97012-3 0  9992
2 36136  98.9861  62.0845 0059846 110.4589 250.3525 14.42432117351535
1 36137U 99025DRJ 13356.75518735  .00018457  00000-0  53591-2 0  9994
2 36137  98.9376  91.9417 0074479 191.4159 323.2091 14.42748185256047
1 36138U 99025DRK 18211.94963943  .00001159  00000-0  44677-3 0  9993
2 36138  99.1671  33.8345 0050254 156.8151 203.5313 14.31662454487917
1 36139U 99025DRL 18176.71483337  .00001404  00000-0  83559-3 0  9998
2 36139  97.9417 346.0930 0146248 223.8882 135.0595 14.03553350474196
1 36140U 99025DRM 18213.45869391  .00001328  00000-0  19865-3 0  9995
2 36140  98.4161 297.2965 0185317 186.5136 233.8281 14.65600606497898
1 36141U 99025DRN 18212.91692932 +.00000937 +00000-0 +59473-3 0  9995
2 36141 098.5038 261.7973 0143592 297.9248 060.7442 14.01193843262096
1 36142U 99025DRP 18212.39163351 +.00000436 +00000-0 +42759-3 0  9999
2 36142 098.3985 074.6920 0235522 043.7476 318.2074 13.71712149251872
1 36143U 99025DRQ 11048.59191816 +.00007902 +00000-0 +14513-2 0  9990
2 36143 098.3747 350.8563 0356794 341.8646 208.5238 14.32171721167396
1 36144U 99025DRR 11137.82219721 +.00002562 +00000-0 +18509-2 0  9998
2 36144 098.4101 002.7417 0142059 027.5362 333.2025 13.92717076110418
1 36145U 99025DRS 10129.93478077 +.00002245 +00000-0 +81840-3 0  9999
2 36145 098.9861 176.8643 0091005 066.2910 294.7788 14.31828427091337
1 36146U 99025DRT 11190.40338611 +.00003399 +00000-0 +78684-3 0  9993
2 36146 097.8622 054.7248 0245824 123.0051 248.6603 14.38775231172193
1 36147U 99025DRU 18213.47311158  .00000633  00000-0  67349-3 0  9995
2 36147  98.5371 299.3944 0464232 268.9200  85.8730 13.38602130458739
1 36148U 99025DRV 18212.67342191 +.00000304 +00000-0 +29737-3 0  9992
2 36148 098.4229 004.6524 0340782 342.2503 016.6971 13.62562547534331
1 36149U 99025DRW 18212.15428648  .00000585  00000-0  30814-3 0  9997
2 36149  99.6203 195.8447 0033099  69.0794 291.3916 14.18119003523583
1 36150U 99025DRX 14266.19014319 +.00001193 +00000-0 +98765-3 0  9999
2 36150 098.1781 253.4688 0272558 076.6532 286.5023 13.74565438347933
1 36152U 99025DRZ 18212.33178154  .00000358  00000-0  23223-3 0  9999
2 36152  98.9649 252.5058 0060407 253.9896 105.4614 14.08181638564028
1 36153U 99025DSA 18212.62702299  .00000442  00000-0  20064-3 0  9999
2 36153  98.7634 268.4535 0047467  49.2005 103.9891 14.26225897486799
1 36154U 99025DSB 18213.07677264  .00001006  00000-0  72253-3 0  9997
2 36154  97.7172 145.9915 0322406 139.4135 280.8458 13.76413304487018
1 36155U 99025DSC 18186.26499771 +.00000565 +00000-0 +30670-3 0  9999
2 36155 099.0405 203.8812 0025837 252.4496 107.3854 14.16376692256051
1 36156U 99025DSD 18212.40920319  .00000576  00000-0  24714-3 0  9997
2 36156  98.7971 272.2226 0051385  43.1624  13.9650 14.27974217505131
1 36159U 99025DSG 18212.45987432 +.00001325 +00000-0 +12117-3 0  9991
2 36159 099.5085 085.0119 0266207 043.0025 319.1651 14.74178722290924
1 36160U 99025DSH 18212.29381069 -.00000011  00000-0  14033-4 0  9991
2 36160  98.1688 249.1704 0138667 353.5829   6.3564 14.10701052541556
1 36161U 99025DSJ 11303.31866844 +.00003804 +00000-0 +91825-3 0  9993
2 36161 097.7173 129.3058 0232038 136.6413 225.3639 14.38552753207308
1 36162U 99025DSK 18212.91589890 +.00001004 +00000-0 +69319-3 0  9992
2 36162 097.6423 113.9900 0328297 098.9782 264.8679 13.77657485332944
1 36163U 99025DSL 18212.66803203 +.00001326 +00000-0 +68876-3 0  9996
2 36163 099.0762 288.8367 0079060 245.4290 113.8629 14.14952669508644
1 36165U 99025DSN 11012.67006549 +.00001336 +00000-0 +93657-3 0  9994
2 36165 098.0085 183.4237 0204325 328.0288 030.8547 13.90233081161115
1 36166U 99025DSP 18170.63358916  .00000462  00000-0  44547-3 0  9994
2 36166  97.5707 324.9572 0367407 152.9693 209.1120 13.56761292519971
1 36167U 99025DSQ 18213.12798082  .00000381  00000-0  14304-3 0  9997
2 36167  98.8429 345.5747 0084243 280.0038  79.1648 14.35654931500799
1 36169U 99025DSS 18212.44256076  .00002325  00000-0  26919-3 0  9990
2 36169  98.0003  31.8473 0108605  20.6900 339.8659 14.82332088564557
1 36170U 99025DST 18212.22002569  .00000508  00000-0  40377-3 0  9999
2 36170  97.9972  11.7724 0134021 337.6513  21.8844 13.90919581522320
1 36172U 99025DSV 18208.72881894 +.00000535 +00000-0 +44651-3 0  9996
2 36172 098.1510 025.0738 0221548 157.9423 203.1451 13.81063222527900
1 36173U 99025DSW 18176.54647537  .00000140  00000-0  74375-4 0  9994
2 36173  98.2726 284.7331 0153778 268.8538  89.5019 14.21243919548099
1 36177U 99025DTA 18204.94638196 +.00000330 +00000-0 +20715-3 0  9994
2 36177 098.8811 263.3399 0041881 327.5473 032.3124 14.10824279499688
1 36180U 99025DTD 18208.19524255  .00000159  00000-0  84075-4 0  9998
2 36180  98.3960   0.6938 0231853 232.8503 126.2754 14.13297299541314
1 36181U 99025DTE 18213.06261841  .00001387  00000-0  33736-3 0  9991
2 36181  98.9360  68.2509 0054445 198.6092 161.3112 14.53715848505576
1 36182U 99025DTF 18212.62064245 +.00000555 +00000-0 +28164-3 0  9997
2 36182 099.1346 357.6012 0025918 221.9315 137.9876 14.20151423496571
1 36184U 99025DTH 18213.55445863  .00000315  00000-0  23324-3 0  9998
2 36184  98.6454 324.9510 0140083 313.7844  45.1799 13.97580250527942
1 36186U 99025DTK 18210.00985248 +.00000983 +00000-0 +48044-3 0  9990
2 36186 099.0240 280.4970 0057442 267.3278 215.7356 14.19553038229581
1 36188U 99025DTM 18212.10405129 +.00000527 +00000-0 +21987-3 0  9991
2 36188 098.7528 264.6488 0078213 000.7872 359.3418 14.28772246494238
1 36189U 99025DTN 12036.06851140 +.00002808 +00000-0 +88705-3 0  9998
2 36189 098.9616 121.3044 0096676 332.4048 025.8088 14.38444906200063
1 36190U 99025DTP 18213.40312681  .00000373  00000-0  18455-3 0  9993
2 36190  98.8271 269.0409 0047784 118.9530 299.5911 14.22598423494714
1 36191U 99025DTQ 13288.07624279 +.00009348 +00000-0 +25727-2 0  9993
2 36191 098.9631 032.7587 0078303 005.0034 014.3805 14.45339165248739
1 36192U 99025DTR 18212.61749096 +.00001564 +00000-0 +31682-3 0  9991
2 36192 098.7437 345.0072 0149308 171.7576 188.6125 14.56042314577809
1 36194U 99025DTT 18153.02991968 +.00007218 +00000-0 +10145-2 0  9991
2 36194 099.0324 089.9399 0028089 312.9967 046.8886 14.77469740548469
1 36196U 99025DTV 18212.43145561 +.00000561 +00000-0 +31988-3 0  9997
2 36196 099.0328 292.8611 0039685 295.9317 063.7767 14.13558352265167
1 36197U 99025DTW 18210.35625320 +.00000433 +00000-0 +25276-3 0  9994
2 36197 098.9159 269.1343 0062202 313.2909 046.3084 14.12791599234974
1 36198U 99025DTX 18213.13538745  .00000338  00000-0  26066-3 0  9990
2 36198  98.6810 342.3542 0104241  65.1327 296.0632 13.96700431518208
1 36199U 99025DTY 18212.02051591 +.00000053 +00000-0 +37940-4 0  9995
2 36199 098.6093 285.2929 0097025 055.0053 306.0188 14.26298975265836
1 36200U 99025DTZ 18213.39040286  .00000904  00000-0  48058-3 0  9994
2 36200  99.4194  57.9735 0068050 100.0296 260.8563 14.15095114515598
1 36203U 99025DUC 18212.84987119 +.00000266 +00000-0 +71419-4 0  9990
2 36203 099.1567 219.6788 0126688 025.0090 335.7169 14.52906177242049
1 36204U 99025DUD 18212.90370613 +.00000458 +00000-0 +22881-3 0  9994
2 36204 099.2969 105.3064 0022030 285.3243 074.5498 14.22087121560864
1 36205U 99025DUE 11295.45276802 +.00001375 +00000-0 +74992-3 0  9993
2 36205 099.4200 034.7726 0093380 264.4067 094.5786 14.11790677211403
1 36206U 99025DUF 18213.01599779  .00000102  00000-0  73465-4 0  9996
2 36206  98.7696 279.0367 0033626 195.3365 164.6793 14.15931502550861
1 36207U 99025DUG 18212.89356848 +.00000692 +00000-0 +55291-3 0  9990
2 36207 098.5875 253.3041 0166478 189.4869 170.3133 13.87711557225289
1 36209U 99025DUJ 13099.82431060 +.00002928 +00000-0 +20441-2 0  9995
2 36209 098.9594 043.4199 0085947 352.7301 031.1569 13.97556870232980
1 36211U 99025DUL 18212.38246496  .00000085  00000-0  42292-4 0  9990
2 36211  98.6722 257.6408 0293272 112.2370 251.0188 14.17880527561732
1 36214U 99025DUP 18209.04141054 +.00000711 +00000-0 +34150-3 0  9995
2 36214 099.0488 302.6588 0063270 152.3145 208.1423 14.21107873261112
1 36216U 99025DUR 18212.30237007  .00000061  00000-0  52981-4 0  9995
2 36216  98.8942 241.4867 0047213 158.8998 201.4137 14.15705222546188
1 36217U 99025DUS 12115.81362206 -.00146116 +00000-0 -35315-1 0  9991
2 36217 099.0939 243.0267 0145269 137.5089 224.4337 14.47705461181288
1 36218U 99025DUT 18211.29093351 +.00000333 +00000-0 +98168-4 0  9995
2 36218 099.0473 157.1176 0107841 110.9110 250.3664 14.47436131200479
1 36219U 99025DUU 11314.51712922 +.00011233 +00000-0 +32465-2 0  9997
2 36219 099.0425 054.6491 0138383 256.1791 102.4738 14.39267131171335
1 36222U 99025DUX 18213.36629830  .00000353  00000-0  16615-3 0  9995
2 36222  98.7465 264.9638 0059955  50.6893 309.9580 14.25129396570006
1 36223U 99025DUY 18213.34770432  .00000817  00000-0  44806-3 0  9997
2 36223  98.3653 250.9318 0132667 130.6206 230.6594 14.09842378551076
1 36224U 99025DUZ 18213.22451843 -.00000022  00000-0  12239-4 0  9992
2 36224  99.1006 225.0071 0116887  25.3677 335.3170 14.11609246477185
1 36225U 99025DVA 18212.89463875 +.00000394 +00000-0 +95607-4 0  9994
2 36225 098.8430 094.5909 0112064 318.5388 040.7345 14.55512291273750
1 36226U 99025DVB 18203.34091452  .00000148  00000-0  12293-3 0  9999
2 36226  98.6370 338.3018 0108173  36.5570 324.2917 13.99547664507369
1 36228U 99025DVD 18212.13433359  .00000800  00000-0  23388-3 0  9996
2 36228  99.2973 184.8663 0132268 139.3094 221.8066 14.42222592509731
1 36229U 99025DVE 18213.35234062  .00000456  00000-0  36524-3 0  9995
2 36229 100.9153 252.5406 0125849 210.1660 209.2286 13.93998776547177
1 36230U 99025DVF 18212.39250945  .00000934  00000-0  97976-3 0  9997
2 36230  99.6572 262.7502 0229911 238.9697 118.8690 13.66824078536817
1 36231U 99025DVG 18212.30310990 -.00000049 +00000-0 -39209-5 0  9992
2 36231 098.7172 253.3658 0062750 071.8604 288.9387 14.10803960475844
1 36232U 99025DVH 18212.94252451 +.00000004 +00000-0 +24127-4 0  9991
2 36232 098.7731 250.4465 0122956 107.7492 253.7141 14.09773868238025
1 36234U 99025DVK 18211.11578419 -.00000010  00000-0  37397-4 0  9997
2 36234  98.9803 165.5300 0318677 335.8520  22.2647 13.44089306517616
1 36236U 99025DVM 18166.20283483  .00000033  00000-0  63674-4 0  9993
2 36236  98.8543 318.8704 0153438 139.7449 221.5186 13.80254150494967
1 36237U 99025DVN 18212.45300501 +.00001802 +00000-0 +35108-3 0  9999
2 36237 098.9258 098.4930 0059633 118.2830 242.4404 14.63340553201328
1 36238U 99025DVP 18212.38151856 -.00000052 +00000-0 -54017-5 0  9999
2 36238 098.6973 258.6663 0021928 038.8104 321.4638 14.11687874490409
1 36240U 99025DVR 11019.03930629 +.00002692 +00000-0 +74312-3 0  9993
2 36240 099.3841 106.8314 0365396 101.4675 257.3222 14.14911744114690
1 36241U 99025DVS 18211.21971174 +.00001242 +00000-0 +77145-4 0  9993
2 36241 098.3242 002.4798 0183101 331.3035 027.8204 14.99157394510302
1 36242U 99025DVT 18162.08746819  .00000231  00000-0  16806-3 0  9993
2 36242  98.1552 106.7398 0068814 263.5705  95.7625 14.03544422548301
1 36243U 99025DVU 18212.82289678  .00000591  00000-0  67387-4 0  9997
2 36243  99.2253  64.1427 0146277 347.5919  12.1703 14.83992010579416
1 36244U 99025DVV 18212.16802789  .00000276  00000-0  17806-3 0  9999
2 36244  98.9872 285.0167 0059232 355.4860   4.5769 14.10395728540128
1 36246U 99025DVX 11280.44747633 +.00000673 +00000-0 +39647-3 0  9994
2 36246 099.0174 275.0128 0133011 273.8003 076.1936 14.07157088274512
1 36247U 99025DVY 18210.42885929 +.00000027 +00000-0 +24284-4 0  9999
2 36247 098.5793 278.5820 0203177 061.1700 300.9712 14.27330351506598
1 36248U 99025DVZ 18209.92022518 +.00000566 +00000-0 +45102-3 0  9999
2 36248 098.1441 024.0498 0216608 135.2198 226.6672 13.83911428487269
1 36250U 99025DWB 13085.57901125 +.00013307 +00000-0 +37280-2 0  9994
2 36250 099.1267 213.7682 0084089 190.6674 168.9664 14.44115645212777
1 36254U 99025DWF 18212.36356599 +.00000597 +00000-0 +14526-3 0  9997
2 36254 099.5834 059.1639 0122247 237.8459 121.0826 14.53159178213953
1 36255U 99025DWG 18212.24612476 +.00000211 +00000-0 +10435-3 0  9992
2 36255 099.5039 222.9341 0073143 305.0671 115.8655 14.27478580255448
1 36257U 99025DWJ 18212.26806253  .00001101  00000-0  41563-3 0  9999
2 36257  99.1221  30.6990 0023078 263.1002  96.7555 14.33415431494609
1 36258U 99025DWK 18212.44413454 +.00000121 +00000-0 +27850-4 0  9992
2 36258 099.0494 286.2697 0207760 107.0703 255.3368 14.62350395514067
1 36259U 99025DWL 18212.35797748  .00000434  00000-0  20482-3 0  9994
2 36259  98.8621 258.1482 0002224 248.0502 169.8808 14.25006970498838
1 36260U 99025DWM 18212.86294102 -.00000032 +00000-0 +63945-5 0  9996
2 36260 098.8394 241.1497 0016434 010.4130 349.7380 14.13803193497743
1 36261U 99025DWN 18143.79676173  .00000052  00000-0  12894-3 0  9990
2 36261 101.3983 357.8701 0361632 333.5932  24.7152 13.43073551473620
1 36262U 99025DWP 18212.56147993 +.00000055 +00000-0 +42122-4 0  9997
2 36262 098.9301 337.2241 0064137 106.2169 254.6079 14.24742030511523
1 36263U 99025DWQ 18212.07829968 +.00000561 +00000-0 +26329-3 0  9995
2 36263 098.9517 323.2340 0051408 145.7771 214.6737 14.23498863495341
1 36265U 99025DWS 11139.42886204 +.00007978 +00000-0 +11728-2 0  9998
2 36265 099.4825 014.4538 0201480 238.6911 118.0926 14.62900854125353
1 36266U 99025DWT 18212.55956650 +.00000757 +00000-0 +47654-3 0  9991
2 36266 098.9124 132.6502 0071067 320.4389 039.1605 14.06135161230341
1 36267U 99025DWU 18212.75268480 +.00000290 +00000-0 +20619-3 0  9995
2 36267 098.5527 302.1166 0153680 221.7385 297.1025 13.99189341488264
1 36269U 99025DWW 18212.93837609 +.00000089 +00000-0 +49803-4 0  9995
2 36269 099.2267 021.0240 0259776 022.2699 338.9517 14.18163572495189
1 36270U 99025DWX 18212.91325033 +.00000748 +00000-0 +40634-3 0  9992
2 36270 099.0524 261.8557 0073453 217.5401 142.0630 14.14126459539746
1 36271U 99025DWY 18213.02340715  .00000686  00000-0  33717-3 0  9995
2 36271  99.1027 235.8702 0105500  39.4768 321.4032 14.18234235531573
1 36272U 99025DWZ 18212.11251782 +.00000216 +00000-0 +12187-3 0  9997
2 36272 099.0865 334.2548 0176102 283.4138 074.7458 14.13089776255704
1 36273U 99025DXA 18199.17304944  .00000042  00000-0  47491-4 0  9991
2 36273  99.6382 186.5389 0099139 295.7350  63.3612 14.13592666539834
1 36274U 99025DXB 18212.20906343 +.00001211 +00000-0 +79612-3 0  9991
2 36274 099.1880 203.9536 0077091 168.3765 254.0306 14.02439137251032
1 36278U 99025DXF 18199.22969912  .00000061  00000-0  56363-4 0  9993
2 36278  99.2427 354.0837 0063214 338.0268  21.8195 14.13719957554420
1 36279U 99025DXG 18213.36903326  .00000007  00000-0  26197-4 0  9995
2 36279  98.6959 267.8457 0062664 200.1324 159.7376 14.13494146512610
1 36280U 99025DXH 18212.34971271  .00000400  00000-0  28027-3 0  9998
2 36280  99.0121 258.4994 0067751  29.2960  28.1862 14.02974978486385
1 36281U 99025DXJ 18212.41579128 -.00000326 +00000-0 -33974-3 0  9998
2 36281 099.2592 277.9758 0327335 077.1267 286.6218 13.47596394481698
1 36283U 99025DXL 18212.84150921 +.00000290 +00000-0 +62178-4 0  9990
2 36283 099.4456 077.8441 0144007 004.2745 355.9645 14.62030307271070
1 36289U 08053K   18213.19370174 -.00000334  00000-0 -25304-4 0  9991
2 36289  97.7025 193.1746 0012744 270.6313  89.3448 14.94897156517879
1 36290U 08053L   18212.75548789  .00000101  00000-0  13422-4 0  9991
2 36290  97.6292 196.5244 0019928 234.0986 125.8388 14.98288271511438
1 36291U 08056G   18213.29029386 -.00000049  00000-0 -42749-5 0  9990
2 36291  98.4070  26.8875 0175175 288.8419  69.3823 14.02873312496048
1 36292U 08056H   18213.38983134  .00000246  00000-0  17230-3 0  9993
2 36292  98.5760  72.5715 0164651   7.6724 352.6904 14.00361385496778
1 36293U 01049QN  11360.11946871 +.00006660 +00000-0 +10944-2 0  9993
2 36293 097.8436 224.6670 0115746 126.8097 224.4155 14.66525754253419
1 36294U 00033E   11155.37890151 -.00010230 +00000-0 -19214-2 0  9994
2 36294 098.2991 206.5319 0016321 128.4357 231.6048 14.64487700179454
1 36304U 99057SV  18212.79340243 +.00000533 +00000-0 +12151-3 0  9996
2 36304 098.7874 219.4381 0060127 246.0197 113.4698 14.59364958237338
1 36317U 99057SW  12262.82654397 +.00008310 +00000-0 +23171-2 0  9995
2 36317 098.2292 239.0088 0008866 057.8207 300.5862 14.46498096205182
1 36318U 82025C   18212.06237211  .00001016  00000-0  59863-3 0  9996
2 36318  82.5316 119.1392 0011939 318.5994  41.4273 14.07098175683332
1 36319U 82025D   18212.29309874 -.00000018 +00000-0 -18622-4 0  9999
2 36319 082.5375 071.5735 0023912 218.1305 141.8179 14.12025545786987
1 36320U 82025E   18212.57292300  .00000802  00000-0  41003-3 0  9994
2 36320  82.5086  63.7130 0010028 199.1918 160.8883 14.14507026787796
1 36321U 82025F   18208.11422641 -.00000002 +00000-0 -10272-4 0  9992
2 36321 082.5348 095.6532 0022375 342.7903 017.2510 14.09592351745465
1 36322U 82025G   18212.30215533 +.00001293 +00000-0 +68332-3 0  9999
2 36322 082.5311 075.1668 0025019 261.5685 098.2656 14.13044266252120
1 36323U 82025H   18132.81578517  .00000034  00000-0  10606-4 0  9995
2 36323  82.5335 173.2281 0011309 156.7106 203.4582 14.08121027480663
1 36324U 82025J   18202.10356678 +.00000163 +00000-0 +93565-4 0  9996
2 36324 082.5250 128.2153 0009070 110.9753 249.2390 14.03767324589981
1 36325U 82025K   18213.01651362  .00000421  00000-0  24446-3 0  9995
2 36325  82.5330 104.3755 0023938  57.4598 302.8882 14.06504329708482
1 36326U 82025L   18212.45943241  .00000454  00000-0  27084-3 0  9990
2 36326  82.5290 132.0592 0025127  66.7529 293.6284 14.05201500698119
1 36327U 82025M   18199.14600684  .00001080  00000-0  67674-3 0  9997
2 36327  82.5186 138.6744 0007643  99.7610 260.4425 14.03778398730607
1 36328U 82025N   18212.70666395 +.00000335 +00000-0 +19595-3 0  9998
2 36328 082.5241 114.3650 0022648 046.4878 313.8171 14.05531157262843
1 36329U 82025P   18212.27059545 +.00000637 +00000-0 +32239-3 0  9999
2 36329 082.5075 056.4497 0013920 213.2862 146.7441 14.14712099215896
1 36330U 82025Q   18210.35259031 +.00000894 +00000-0 +49080-3 0  9997
2 36330 082.5411 091.0941 0007820 240.4673 119.5723 14.10831233820076
1 36331U 82025R   18213.34896616  .00000802  00000-0  44389-3 0  9992
2 36331  82.5345  83.8842 0007580 107.4543 252.7461 14.10225238750223
1 36332U 82025S   18205.66359119 +.00000871 +00000-0 +55343-3 0  9999
2 36332 082.5317 173.8073 0003555 264.7076 218.4039 14.02796440717812
1 36333U 82025T   18212.36105627 +.00001012 +00000-0 +50374-3 0  9995
2 36333 082.5241 079.0753 0011117 279.2490 080.7430 14.16141267192543
1 36334U 82025U   18206.38026211  .00000802  00000-0  44191-3 0  9998
2 36334  82.5149  88.4558 0020716 319.2000  40.7623 14.10433899784811
1 36335U 82025V   18199.98971668  .00000128  00000-0  61650-4 0  9992
2 36335  82.5130  83.2826 0020379 270.1292  89.7548 14.11879298702363
1 36336U 82025W   18062.80572842  .00002008  00000-0  12477-2 0  9994
2 36336  82.5351 243.4843 0005815  57.2645 302.9086 14.04587835702140
1 36337U 82025X   18204.22147245 +.00000517 +00000-0 +31347-3 0  9995
2 36337 082.5320 129.4167 0019727 043.1589 317.1124 14.04550442218751
1 36338U 82025Y   18212.31668117  .00000811  00000-0  43206-3 0  9995
2 36338  82.5271  77.5848 0016887 273.4325  86.4919 14.12269837771662
1 36339U 82025Z   18212.95343635  .00001517  00000-0  50415-3 0  9995
2 36339  82.5153 293.2017 0006387 176.6943 183.4290 14.37217990699581
1 36340U 82025AA  18210.19007741 +.00000668 +00000-0 +30149-3 0  9994
2 36340 082.5289 016.8135 0027951 080.5370 279.8968 14.20665105252157
1 36341U 82025AB  18212.99093863  .00000627  00000-0  35097-3 0  9997
2 36341  82.5311  94.4862 0015312  71.8284 288.4555 14.09294636784958
1 36342U 82025AC  18213.06679962  .00000659  00000-0  40406-3 0  9992
2 36342  82.5388 124.5134 0029238  19.1378 341.0885 14.04271571708700
1 36343U 82025AD  18212.38498675 +.00000759 +00000-0 +43682-3 0  9997
2 36343 082.5140 090.2275 0014489 010.9129 349.2356 14.08032757250561
1 36344U 82025AE  18212.64315794  .00000972  00000-0  39242-3 0  9991
2 36344  82.5245 342.5748 0023579 249.8313 110.0335 14.26964304693782
1 36345U 82025AF  18212.99842703 -.00000191  00000-0 -11921-3 0  9994
2 36345  82.5312  91.7102 0021073 335.6075  24.4100 14.08961314675080
1 36346U 82025AG  17252.58833362 +.00001926 +00000-0 +10305-2 0  9993
2 36346 082.5298 354.7481 0012375 121.8908 238.3474 14.12671108198940
1 36347U 82025AH  18210.25633436 +.00000791 +00000-0 +53136-3 0  9992
2 36347 082.5376 191.2892 0007239 337.7314 022.3539 13.99603057597139
1 36348U 82025AJ  18213.22713961  .00001198  00000-0  63101-3 0  9990
2 36348  82.4841  48.9864 0004768 212.8788 147.2093 14.13300155825951
1 36349U 82025AK  18213.26276105  .00001074  00000-0  55093-3 0  9993
2 36349  82.5182  59.2867 0014884 157.5559 202.6272 14.14563730801859
1 36350U 82025AL  18210.91908796  .00000048  00000-0  17411-4 0  9995
2 36350  82.5291  75.0671 0012998 266.6328  93.3361 14.12677549810903
1 36351U 82025AM  18213.41501463  .00001169  00000-0  68001-3 0  9999
2 36351  82.5502 111.8506 0013124  49.1325 311.0983 14.07848890578856
1 36352U 82025AN  18184.84043343  .00001121  00000-0  44763-3 0  9999
2 36352  82.5292  23.7983 0015918  67.9896 292.2977 14.27707405676699
1 36353U 82025AP  18202.76867695  .00000404  00000-0  24310-3 0  9995
2 36353  82.5374 128.9358 0011828  17.7985 342.3599 14.04567098823499
1 36354U 82025AQ  18212.37058022 +.00000871 +00000-0 +49374-3 0  9995
2 36354 082.5137 089.4591 0019682 279.9469 079.9483 14.08967382773204
1 36355U 82025AR  18211.32001476  .00001336  00000-0  71953-3 0  9996
2 36355  82.5227  76.9072 0020935 291.7454  68.1493 14.12087958803841
1 36356U 82025AS  18212.33982972  .00000980  00000-0  54220-3 0  9990
2 36356  82.5240  79.8245 0013477 184.3594 179.0491 14.10444780533811
1 36357U 82025AT  18204.11364258 +.00000503 +00000-0 +30244-3 0  9990
2 36357 082.5369 133.7256 0016811 064.1738 296.1165 14.05078928256470
1 36366U 93036AYT 18212.91973056 +.00000651 +00000-0 +31838-3 0  9997
2 36366 074.0721 043.3860 0113485 016.7447 343.7392 14.16540125480701
1 36367U 93036AYU 18212.89117700 -.00000031 +00000-0 -69582-5 0  9994
2 36367 074.0963 048.1315 0287891 040.9253 321.3092 13.78281347203937
1 36368U 93036AYV 18212.83074681 +.00001309 +00000-0 +63522-3 0  9992
2 36368 074.1600 159.5117 0149568 040.0582 321.1475 14.13593561222374
1 36369U 93036AYW 18213.34788992  .00000428  00000-0  12618-3 0  9998
2 36369  74.0424 101.7755 0027336 143.3703 216.9332 14.46420330469370
1 36371U 93036AYY 18212.17637909 +.00000521 +00000-0 +17077-3 0  9990
2 36371 074.0253 159.5462 0021830 138.8485 221.4322 14.40770190325016
1 36372U 93036AYZ 18212.25212771  .00001104  00000-0  33566-3 0  9995
2 36372  74.0129 183.8021 0046209 172.6444 187.5401 14.42664922466257
1 36375U 93036AZC 18212.83866646  .00000886  00000-0  18734-3 0  9994
2 36375  74.0476  25.2612 0016711  78.0001 282.3037 14.60749633484435
1 36378U 93036AZF 18213.14691239  .00000298  00000-0  36684-4 0  9998
2 36378  74.0596 136.6178 0086072 178.2722 181.8774 14.85540290475329
1 36379U 93036AZG 18212.32662333  .00000081  00000-0  39167-4 0  9990
2 36379  74.0123 193.1123 0050269 240.0609 185.6022 14.32273773485932
1 36380U 93036AZH 18213.30661876  .00015939  00000-0  60701-3 0  9997
2 36380  73.9709  89.5643 0011429 181.6380 178.4785 15.26659099480189
1 36381U 93036AZJ 18213.28730263  .00001022  00000-0  32489-3 0  9992
2 36381  74.0237 203.5938 0052725 188.9089 171.1136 14.40397582461677
1 36383U 93036AZL 13296.83179861  .00008729  00000-0  24920-2 0  9993
2 36383  73.8221 100.1751 0170930 139.0065 226.7337 14.37040104210981
1 36384U 93036AZM 18212.67185348  .00000810  00000-0  21204-3 0  9992
2 36384  74.0303  96.4759 0017756 106.6915 253.6196 14.50879749479104
1 36385U 93036AZN 18212.26218443 +.00000470 +00000-0 +12051-3 0  9993
2 36385 073.9872 164.0831 0225271 248.0243 109.6838 14.39441416461753
1 36387U 93036AZQ 18212.35399398  .00001003  00000-0  32486-3 0  9991
2 36387  73.9997 210.0680 0061274 222.9371 200.8237 14.39258329459945
1 36388U 93036AZR 13077.20668407 -.00000040 +00000-0 +00000-0 0  9995
2 36388 073.9593 030.2761 0101647 288.4450 070.6169 14.73089513187652
1 36390U 97051VU  18213.29186001  .00000225  00000-0  52150-4 0  9991
2 36390  86.3008  53.8488 0045075 241.3876 118.2790 14.49880486492012
1 36419U 93036AZS 18212.35701926  .00000917  00000-0  33423-3 0  9996
2 36419  73.8476 223.3861 0107302 321.3294  38.0205 14.31442174471957
1 36420U 93036AZT 18212.58636753 +.00000031 +00000-0 +19980-4 0  9998
2 36420 074.0378 170.2303 0019444 201.6760 277.6050 14.34791947464242
1 36422U 93036AZV 18212.43248234  .00000661  00000-0  90194-4 0  9992
2 36422  74.0081 221.5934 0115719  44.9276 316.1190 14.76411277488574
1 36423U 93036AZW 18186.22005293 +.00001415 +00000-0 +53362-3 0  9999
2 36423 073.8187 143.0509 0305638 271.8883 090.7683 14.09730659457708
1 36424U 93036AZX 18212.91074298 +.00000669 +00000-0 +26957-3 0  9997
2 36424 074.1824 034.6411 0101726 234.6949 124.4656 14.27089688453294
1 36430U 93036BAD 18212.53276177  .00000081  00000-0  44804-4 0  9992
2 36430  74.0074 286.0410 0103731 337.7665  21.8997 14.23092189459950
1 36432U 93036BAF 18213.03240900  .00003162  00000-0  18732-3 0  9998
2 36432  73.7128 328.2190 0039321  41.6051 318.8119 15.11289816470855
1 36434U 93036BAH 13228.56050817 +.00003568 +00000-0 +13066-2 0  9999
2 36434 074.0702 267.4289 0034551 358.8433 322.1003 14.32889054205161
1 36435U 93036BAJ 18200.67521186  .00001029  00000-0  35202-3 0  9996
2 36435  73.8273 202.5248 0097805 312.9115  46.3856 14.34995061458086
1 36437U 93036BAL 18212.29566474  .00000414  00000-0  12568-3 0  9995
2 36437  73.9529  81.5835 0030214 193.6871 166.3471 14.45049715468685
1 36439U 93036BAN 18212.02391634 -.00000223 +00000-0 -20160-3 0  9999
2 36439 073.9732 340.0246 0451432 113.7188 251.1947 13.41565711224679
1 36441U 93036BAQ 18212.14096497  .00000147  00000-0  19625-4 0  9992
2 36441  73.8439  17.9593 0170924 318.5610  40.2703 14.81318910471256
1 36442U 93036BAR 18212.17536227  .00000963  00000-0  28320-3 0  9993
2 36442  73.9903 128.1062 0038860 174.6804 185.4775 14.44661575467992
1 36447U 93036BAW 18212.80922257  .00001413  00000-0  11508-3 0  9991
2 36447  73.9323  19.0352 0082664 217.5827 141.9565 14.98063132475421
1 36448U 93036BAX 18213.36780290  .00000817  00000-0  26151-3 0  9990
2 36448  74.0874 214.4694 0043584 115.0208 245.5483 14.40572539451515
1 36450U 93036BAZ 13089.48240103 +.00003607 +00000-0 +11742-2 0  9995
2 36450 074.0398 140.7396 0032971 235.7057 124.0885 14.38788761183892
1 36451U 93036BBA 18213.31776712  .00000400  00000-0  20108-3 0  9997
2 36451  73.9416  68.5263 0211432  99.5305  25.3387 14.08477507463649
1 36453U 93036BBC 18207.26234780 +.00000279 +00000-0 +97706-4 0  9993
2 36453 073.9313 140.3624 0087981 271.0285 241.8196 14.37879675456123
1 36454U 93036BBD 18207.63439533 +.00001750 +00000-0 +26229-3 0  9994
2 36454 074.0063 313.8291 0012424 121.9767 238.2616 14.75417228460725
1 36456U 93036BBF 14183.06912349 +.00003814 +00000-0 +14473-2 0  9993
2 36456 074.0436 075.9736 0061913 063.4710 297.2768 14.30331568268964
1 36457U 93036BBG 13063.87464931 +.00002647 +00000-0 +70111-3 0  9993
2 36457 074.0490 138.3420 0046066 343.0822 016.8798 14.48644601180181
1 36459U 93036BBJ 18212.99616709  .00000538  00000-0  28883-3 0  9997
2 36459  74.0195  89.3354 0141469 103.3725 258.3230 14.10181892477302
