1 38824U 99025EVQ 18213.37868498  .00000454  00000-0  35524-3 0  9993
2 38824  99.3126 269.1541 0120926   5.1187 355.1179 13.94136417356405
1 38478U 93036BTN 18213.53942161  .00001568  00000-0  16615-3 0  9999
2 38478  74.0123 164.4294 0045325 246.3824 113.2595 14.89388855425643
1 38635U 08011CJ  16060.28620741 +.00003757 +00000-0 +14457+0 0  9990
2 38635 048.7782 222.0968 6366002 182.1778 073.2633 03.07351425054822
1 38564U 06006DE  17027.17904237 -.00000038  00000-0  00000+0 0  9999
2 38564  51.6905  83.3323 5045808  13.0806 356.3999  5.31536711107581
1 38578U 08011Z   18210.02081315 -.00002134 +00000-0 -10393+0 0  9990
2 38578 047.5859 270.5393 6392525 145.7953 280.2220 03.00832189078731
1 38536U 83109D   18212.55040292  .00000504  00000-0  11532-3 0  9991
2 38536  81.1538 298.2725 0052424  33.4548 326.9939 14.53456167503957
1 38727U 99025ETU 18212.79767897 +.00000612 +00000-0 +46861-3 0  9993
2 38727 098.7036 328.6622 0120924 128.7984 032.2351 13.93443566342737
1 38540U 88005AT  18183.08887849 -.00000341  00000-0 -19279-3 0  9995
2 38540  82.5443 310.2093 0022030  85.6163 274.7530 14.12635323736646
1 38494U 99025ESD 18208.54084053 +.00000484 +00000-0 +25263-3 0  9998
2 38494 098.4200 056.0481 0491123 128.1424 236.5055 13.69736495391764
1 38673U 86010H   18208.60618536 +.00001760 +00000-0 +42210-2 0  9991
2 38673 030.7762 003.7360 6741635 200.1120 056.4748 02.87799093124578
1 38607U 08011BE  18212.54503185  .00000404  00000-0  10811-1 0  9999
2 38607  49.7599 312.1505 6433254  20.6087  12.5392  3.05911122 83867
1 38827U 99025EVT 18209.40324909 +.00000373 +00000-0 +14246-3 0  9997
2 38827 098.6917 269.2696 0247916 259.4703 097.8459 14.21367696394158
1 38798U 99025EUN 18212.13560486  .00000463  00000-0  71486-3 0  9999
2 38798  98.8150 339.4534 0417093 242.1306 113.6982 13.25769910409827
1 38481U 93036BTR 18212.56633433  .00000004  00000-0  18217-4 0  9999
2 38481  73.9360 286.5894 0254215  45.9572 316.2186 13.85611702446192
1 38583U 08011AE  18212.30397651  .00000128  00000-0  50866-3 0  9994
2 38583  49.1711 196.6965 6522375 139.3914 294.4288  3.12685258 83451
1 38783U 99025ETX 18212.35653992 +.00000525 +00000-0 +12840-3 0  9990
2 38783 098.6619 268.4282 0308843 263.9745 092.6169 14.32248467412342
1 38543U 88005AW  18171.77920674  .00001240  00000-0  60172-3 0  9990
2 38543  82.5357 326.2609 0015682 163.3857 196.7839 14.17617085698734
1 38497U 99025ESG 18212.28523952 +.00001432 +00000-0 +40639-3 0  9991
2 38497 098.7140 229.0434 0074704 163.7733 196.5875 14.45424353228051
1 38678U 09014D   18212.23966494  .00154806  32946-6  28113-3 0  9995
2 38678  40.0904 176.8097 3037569 208.3208 131.2637  9.54272791179551
1 38791U 99025EUF 14249.56237221 +.00001857 +00000-0 +93251-3 0  9995
2 38791 099.2129 005.8109 0023924 308.9751 050.9292 14.17697075184139
1 38615U 08011BN  18210.92642823 +.00000079 +00000-0 +55166-3 0  9993
2 38615 049.0861 201.8400 6517075 139.6822 293.8416 03.11680060067731
1 38794U 99025EUJ 18210.20323388  .00000515  00000-0  51439-3 0  9993
2 38794  99.0529   4.0104 0217337 252.5593 106.6558 13.72525367390622
1 38907U 12044AQ  12335.42514951 +.00533393 +23217-4 +12536-1 0  9996
2 38907 049.9193 357.0839 2379252 216.9692 142.3996 10.68608655004579
1 38960U 12044CT  18212.16088541  .00007097  35244-5  17077-3 0  9995
2 38960  50.1340 119.4724 1926039 230.1530 111.3612 11.64442185231695
1 38831U 99025EVX 17123.79508164 +.00000448 +00000-0 +31362-3 0  9996
2 38831 099.2328 119.6423 0059276 193.9694 291.5662 14.02916298440577
1 38802U 99025EUS 17106.39671985  .00000208  00000-0  11022-3 0  9998
2 38802  98.5701 167.6672 0046104  32.0447 328.4115 14.13138297412980
1 39028U 12072C   18213.54019752  .00492431  12743-3  49780-3 0  9996
2 39028  97.1482 288.3371 0010332 241.9914 118.0326 16.10891846316731
1 38655U 88005AY  18212.26594045 +.00000703 +00000-0 +44734-3 0  9992
2 38655 082.5375 039.7093 0024442 057.9647 066.7415 14.02324349256918
1 38807U 99025EUX 18213.41047671  .00000769  00000-0  76863-3 0  9991
2 38807  98.4671  77.2682 0235375 142.6683 219.1085 13.68871071388850
1 38786U 99025EUA 18211.56683952 +.00002019 +00000-0 +18962-2 0  9994
2 38786 099.5939 126.9582 0286735 033.1715 328.7050 13.65869685187831
1 38790U 99025EUE 18213.37532893  .00000484  00000-0  27857-3 0  9995
2 38790  98.9718 267.9996 0083493 206.9465 152.7358 14.12275950423273
1 38500U 99025ESK 18212.06223685  .00000477  00000-0  49795-3 0  9992
2 38500  98.6472 159.8028 0224137 224.2442 134.0595 13.69332286389556
1 38716U 99025ETH 18173.27615707  .00000337  00000-0  38927-3 0  9990
2 38716  98.4192 345.8586 0274801  15.1294 345.7866 13.59896320434919
1 38504U 99025ESP 18210.74705070 +.00001033 +00000-0 +62420-3 0  9991
2 38504 098.0165 036.9846 0214924 219.5900 138.9402 13.97575990470963
1 38720U 99025ETM 18213.00141105  .00001309  00000-0  62606-3 0  9998
2 38720  99.1512 281.8238 0053528 300.6066  58.9836 14.20236681421543
1 38879U 12044L   12341.40151353 +.00033086 +17130-5 +10000-2 0  9999
2 38879 050.3167 350.8929 2505652 218.4632 120.8347 10.39923934004783
1 38508U 99025EST 18148.01608699  .00001134  00000-0  24485-3 0  9995
2 38508  98.7042 226.6628 0183271  83.9377 278.2666 14.50525464473947
1 38513U 99025ESY 18210.22952560 +.00000581 +00000-0 +99762-4 0  9999
2 38513 097.5891 008.5851 0421266 232.8888 123.3105 14.27456177249271
1 39052U 99057SZ  18213.38700817  .00000010  00000-0  86270-5 0  9997
2 39052  98.7228 270.2007 0064809 306.8582  52.6701 14.88149342316111
1 38658U 09072F   18212.07788374 -.00000315  00000-0 -80473-3 0  9992
2 38658 100.3773 167.1427 0137101  16.0486  42.8690 13.04901541402608
1 38810U 99025EVA 18212.55253652  .00000447  00000-0  31453-3 0  9996
2 38810  99.3316 321.4930 0134056 235.5062 182.6980 13.99335083395967
1 38817U 99025EVH 18207.34564453 +.00000429 +00000-0 +53956-3 0  9990
2 38817 098.5842 031.0972 0308661 172.0397 188.5805 13.50335570293821
1 38840U 83022M   18212.83358976 +.00000675 +00000-0 +22555-3 0  9991
2 38840 098.4491 218.8458 0011137 310.0548 172.8650 14.40524160359069
1 38330U 88005AR  18178.02082314  .00000653  00000-0  47606-3 0  9993
2 38330  82.5153  84.0119 0027972 257.0675 103.4524 13.94670454525144
1 38845U 88019G   18184.18068305 -.00000058  00000-0  27634-4 0  9997
2 38845  65.0429  28.3019 0035097 151.2163 209.0050 13.80277831332354
1 38470U 97051ZX  18210.74037219 +.00002029 +00000-0 +65354-3 0  9998
2 38470 086.4959 191.0187 0101608 216.0478 264.3418 14.35912437484010
1 38628U 08011CB  16071.39190343 +.00001856 +00000-0 +52750-2 0  9995
2 38628 048.7897 173.5329 6533135 223.5434 141.3492 03.13123694049066
1 38558U 06006CY  18083.43983241  .00064751  00000-0  53955-2 0  9997
2 38558  51.1225 144.5557 2544568 154.0408 221.4063 10.17593570238980
1 38516U 99025ETB 18200.87141092  .00000017  00000-0  21459-4 0  9994
2 38516  98.4554 231.4456 0113004 227.2414 131.9221 14.32013799461757
1 38723U 99025ETQ 18212.76621904  .00000705  00000-0  28999-3 0  9999
2 38723  99.4782 197.3086 0041406 252.1480 107.5181 14.30152799385847
1 38485U 93036BTV 18212.03610840 +.00000406 +00000-0 +90713-4 0  9999
2 38485 074.0220 340.4651 0045985 071.7998 288.8165 14.59464537780236
1 38490U 99025ERZ 14365.45229711 +.00002334 +00000-0 +14579-2 0  9999
2 38490 099.1383 076.7163 0055085 076.5300 284.1023 14.04976023221970
1 38661U 12029C   18213.08230694 -.00000009  00000-0  81484-4 0  9994
2 38661 100.2571 311.3906 0125417 114.3019 247.1253 13.19174899294139
1 38813U 99025EVD 18208.35665371 +.00000131 +00000-0 +93279-4 0  9992
2 38813 099.3449 056.1696 0006809 132.3294 227.8455 14.14793732100985
1 38598U 08011AV  16267.21248920 -.00000543  00000-0 -28023-2 0  9994
2 38598  48.9446 129.3579 6524337 255.5219 339.2934  3.08920699 62899
1 38820U 99025EVL 18212.30570899  .00000889  00000-0  68537-3 0  9998
2 38820  98.2342  25.4835 0284457 275.1218 207.1000 13.77873225300158
1 38477U 97051AAE 18212.81078689  .00002169  00000-0  21234-2 0  9994
2 38477  86.4261 351.2855 0472362 261.0893  93.6513 13.38483525405176
1 38634U 08011CH  15326.41706536 -.00000886 +00000-0 -34459-1 0  9993
2 38634 048.9656 302.0202 6434937 106.8842 010.5485 02.96690025050005
1 38563U 06006DD  18084.45978830 +.00001312 +00000-0 +16357-2 0  9993
2 38563 051.7213 167.0190 5052192 215.4940 097.1349 05.33866842188420
1 38576U 08011X   18211.08085027 -.00000055 +00000-0 +11077-3 0  9992
2 38576 049.1556 170.2462 6440410 166.0414 227.8299 03.21827316056692
1 38519U 99025ETE 18213.06531805  .00000260  00000-0  27430-3 0  9991
2 38519  99.4128 149.1177 0189365 286.8155  71.2301 13.76552581476349
1 38726U 99025ETT 18204.66957798 +.00000802 +00000-0 +35515-3 0  9995
2 38726 099.2031 015.3316 0090479 102.3967 258.7354 14.23941980378887
1 38489U 99025ERY 18208.70775849 +.00000672 +00000-0 +57564-3 0  9998
2 38489 098.1958 021.0657 0237974 240.2216 117.5080 13.77657919386367
1 38539U 88005AS  15067.08656377 +.00002397 +00000-0 +19310-2 0  9997
2 38539 082.5377 355.0630 0024372 105.9698 254.4153 13.89916159407197
1 38493U 99025ESC 18171.52988373 -.00000019  00000-0  12536-4 0  9997
2 38493  99.1437 282.3662 0437461 114.6489 250.0863 13.59625290452129
1 38664U 12029F   18212.39746696  .00000094  00000-0  36042-3 0  9996
2 38664 100.0862 270.4465 0138231 153.9424 206.8730 13.12001801294907
1 38605U 08011BC  16082.79245447 -.00006854  00000-0 -22518+0 0  9993
2 38605  49.1320 223.5179 6384388 171.1367 356.3974  3.07032609 56860
1 38823U 99025EVP 18213.27738268  .00000334  00000-0  25432-3 0  9996
2 38823  99.2978 227.6504 0117008 198.3296 161.3632 13.97555057502647
1 38826U 99025EVS 18212.21919250  .00000528  00000-0  25428-3 0  9994
2 38826  99.8926   1.5991 0055162 129.7503 230.8550 14.23009196384062
1 38797U 99025EUM 18200.55332372 -.00000133  00000-0 -95343-4 0  9997
2 38797  99.5899 117.2886 0250009 251.1494  99.3846 13.59789607366177
1 38480U 93036BTQ 18212.34532790 +.00002445 +00000-0 +16286-3 0  9992
2 38480 073.8502 340.2575 0057909 246.9308 112.5769 15.06434851473921
1 38581U 08011AC  18213.40060699 -.00000115  00000-0 -51448-4 0  9999
2 38581  49.4551 351.9456 6010699 314.6345   9.7971  3.83595107 95878
1 38538U 83109F   18212.52949199 +.00001874 +00000-0 +42165-3 0  9991
2 38538 081.1424 299.2984 0069502 054.7575 306.0098 14.54599379598034
1 38729U 99025ETW 18150.14211210  .00000165  00000-0  13838-3 0  9999
2 38729  99.1788 116.2221 0097175 320.8458  38.5702 13.99697917446502
1 38542U 88005AV  17361.43803726  .00003514  00000-0  27483-2 0  9993
2 38542  82.5333 249.7383 0016932  83.7676 276.5925 13.91794553301571
1 38496U 99025ESF 18199.35830343 -.00000049  00000-0 -32491-5 0  9991
2 38496  98.9728 234.1284 0084080  21.5773 338.8903 14.03612314430325
1 38677U 08012D   18212.85551660  .00014498  00000-0  28421-3 0  9998
2 38677  40.0618  24.5251 4994622 171.9945 352.1522  5.76008630179195
1 38614U 08011BM  16259.11426498 -.00000070  00000-0  00000+0 0  9997
2 38614  49.2620 234.0715 6222327 157.8053 249.7101  3.02923393 58193
1 38959U 12044CS  12344.36753397 +.00574484 +25319-4 +14382-1 0  9997
2 38959 050.0801 347.6370 2643477 223.0607 011.5103 10.14004847004928
1 38829U 99025EVV 18212.86962833 +.00000221 +00000-0 +16436-3 0  9992
2 38829 099.0101 246.8754 0042780 011.4917 348.7217 14.04725737263184
1 38801U 99025EUR 18212.62730418  .00000409  00000-0  11983-3 0  9998
2 38801  98.4194 349.5812 0387384 214.5700 211.3992 14.13417730437496
1 38989U 12044DS  12343.36749356 +.00460866 +17806-4 +11798-1 0  9997
2 38989 050.0222 336.8270 2352548 231.3525 164.4036 10.73045609005104
1 38644U 08011CT  15054.89036693  .00006627  00000-0  91808-2 0  9993
2 38644  49.3360 281.6706 6429062 113.1157 357.7154  3.31983178 45914
1 38806U 99025EUW 15132.23433412 +.00002204 +00000-0 +15398-2 0  9990
2 38806 098.5611 298.2737 0140796 359.9035 001.2428 13.94834523234004
1 38785U 99025ETZ 18182.73905525 +.00000958 +00000-0 +59495-3 0  9999
2 38785 098.0081 359.9686 0219504 330.5270 028.3664 13.95858487439346
1 38546U 91032F   18212.05769663 +.00000148 +00000-0 +69420-4 0  9995
2 38546 098.4711 248.0981 0011162 203.9835 188.5528 14.33216267346354
1 38789U 99025EUD 18212.57210855  .00000059  00000-0  30281-4 0  9999
2 38789  98.8047 330.8156 0245284  27.0000  28.8992 14.32434037413426
1 38499U 99025ESJ 18212.52577632 +.00000355 +00000-0 +37966-3 0  9996
2 38499 098.3886 050.6837 0245921 133.9058 228.2684 13.66621632387318
1 38715U 99025ETG 18213.08829362  .00000892  00000-0  53312-3 0  9998
2 38715  98.2076 170.9785 0161927 110.1043 251.7632 14.02930056551895
1 38793U 99025EUH 18212.38093927  .00000946  00000-0  28226-3 0  9992
2 38793  98.7081 268.1826 0114549 141.0934 278.1889 14.41674991346578
1 38507U 99025ESS 14134.84428656 +.00001786 +00000-0 +89061-3 0  9993
2 38507 098.9360 157.4031 0038756 208.8781 151.0249 14.17821652275445
1 38957U 12044CQ  18212.68963929 +.00017056 +47053-5 +31448-3 0  9995
2 38957 050.0122 328.4406 1781888 021.0691 345.5014 11.97682310234684
1 38512U 99025ESX 18212.99191048  .00000211  00000-0  23856-3 0  9990
2 38512  98.3548  45.3175 0242198 100.0108 262.8462 13.67083272809566
1 38971U 12044DE  18210.07822542 +.00013682 +47248-5 +26045-3 0  9991
2 38971 050.0850 102.7555 1620014 186.8654 170.7244 12.32061887239686
1 38642U 08011CR  18212.11949095 +.00000023 +00000-0 +15528-3 0  9994
2 38642 048.6944 256.3206 6461113 111.7616 358.3352 03.08229382061574
1 38804U 99025EUU 18209.11890862 +.00000118 +00000-0 +12149-3 0  9993
2 38804 097.5354 322.5963 0401282 099.5042 265.1680 13.56011829458544
1 39046U 88006M   18213.06529010  .00000387  00000-0  21773-3 0  9993
2 39046  98.7246  66.6804 0082594 314.6491 203.2909 14.14420454288862
1 38657U 09072E   18213.13277962  .00000066  00000-0  25589-3 0  9993
2 38657 100.3392 303.5265 0133441 227.9863 250.1383 13.22298968412476
1 38809U 99025EUZ 18213.31336531 -.00000053  00000-0 -38877-5 0  9991
2 38809  98.8251 257.7768 0240575  90.3784 272.4956 14.12039220380650
1 38816U 99025EVG 18209.90232629 +.00000697 +00000-0 +25527-3 0  9990
2 38816 098.8609 245.0258 0109240 007.3347 352.9404 14.32915465404436
1 38839U 83022L   18212.06793658  .00005854  00000-0  65015-3 0  9996
2 38839  98.4529 306.7475 0005475  58.2111 301.9636 14.87619132319521
1 38503U 99025ESN 18212.33267557 +.00000513 +00000-0 +11361-3 0  9990
2 38503 099.5165 048.1802 0117168 145.5406 215.3457 14.58480179242752
1 38718U 99025ETK 18105.21758463  .00000571  00000-0  52375-3 0  9991
2 38718  98.6052 112.7611 0211204 303.6383  54.4778 13.77163551503422
1 38842U 05017F   18212.06715542  .00000273  00000-0  39279-4 0  9998
2 38842  97.9716 158.0397 0063490 128.8893 291.2759 14.82975958426713
1 38469U 97051ZW  18210.10149100 +.00001792 +00000-0 +77806-3 0  9990
2 38469 086.2842 149.2666 0183810 147.7064 213.5535 14.14985126476558
1 38623U 08011BW  15051.94803497 +.00000258 +00000-0 +20355-1 0  9999
2 38623 049.1140 027.4995 6323170 032.9139 353.9319 03.05494782037924
1 38506U 99025ESR 17292.01851216  .00001602  00000-0  94392-3 0  9991
2 38506  99.0010 210.3583 0191674 336.9119  22.3517 14.00627506354761
1 38557U 06006CX  18210.00414050 +.00000205 +00000-0 +25704-3 0  9994
2 38557 051.7533 251.9599 4912386 036.6369 348.6658 05.54859172174626
1 38515U 99025ETA 16037.29875325 +.00000582 +00000-0 +36115-3 0  9999
2 38515 099.0314 067.0767 0040408 310.8249 048.6865 14.08778441329113
1 38722U 99025ETP 18212.85809975  .00000723  00000-0  27415-3 0  9996
2 38722  99.3854  75.3490 0247936 244.8042 112.7238 14.19151477450671
1 38484U 93036BTU 13323.50457305 +.00002451 +00000-0 +66926-3 0  9993
2 38484 074.0479 024.1673 0020148 190.5642 152.7147 14.47719719208125
1 38660U 09072H   18213.03664861 -.00000020  00000-0  78824-4 0  9996
2 38660 100.5841 152.4696 0155119 193.2631 229.0492 12.92316748398544
1 38812U 99025EVC 18211.94193152 +.00000412 +00000-0 +47474-3 0  9990
2 38812 098.4254 016.2954 0275950 284.6979 233.4549 13.59224720095500
1 38595U 08011AS  15302.05614124  .00000000  00000-0  00000+0 0  9993
2 38595  49.7924 253.5313 6493810 120.9284 318.2576  3.08428684 52930
1 38819U 99025EVK 18208.34612448 +.00000090 +00000-0 +66720-4 0  9999
2 38819 098.7429 244.6840 0085269 008.7058 047.1825 14.14851851253292
1 38474U 97051AAB 18211.93423930  .00000186  00000-0  51622-4 0  9999
2 38474  86.3454  87.9569 0030068 357.8642   2.2424 14.40764119475607
1 38632U 08011CF  18209.35626106 -.00000160 +00000-0 -26508-3 0  9994
2 38632 049.1058 189.0198 6490356 152.0678 359.9473 03.15461200055753
1 38562U 06006DC  18017.66606241 +.00001262 +00000-0 +15679-2 0  9995
2 38562 051.8411 138.2763 4929373 214.3768 100.8163 05.53200294151987
1 38483U 93036BTT 18212.34419752 +.00000280 +00000-0 +13651-3 0  9995
2 38483 074.2656 086.7145 0130226 270.8072 087.8154 14.18114455252500
1 38574U 08011V   18213.42723965 -.00000056  00000-0  00000+0 0  9991
2 38574  49.1974  23.1832 6307198 355.1133   0.7854  3.01760759 76226
1 38518U 99025ETD 18212.96333724  .00000743  00000-0  26096-3 0  9991
2 38518  99.1807 116.9850 0033246 131.9185 228.4843 14.37871834445805
1 38725U 99025ETS 18213.38892981  .00000481  00000-0  25678-3 0  9997
2 38725  98.9195 279.3541 0049056  99.6822 260.9898 14.17322684385397
1 38487U 93036BTX 18212.78329881  .00000323  00000-0  63792-4 0  9990
2 38487  74.0028 258.9601 0077231   5.9737 354.2333 14.64983992403932
1 38492U 99025ESB 18181.03500382  .00000487  00000-0  44894-3 0  9992
2 38492  98.6139 109.4894 0286499 276.5163  80.3447 13.70030388380513
1 38663U 12029E   18212.38826551 +.00000291 +00000-0 +93696-3 0  9990
2 38663 100.1595 271.2305 0138697 193.7220 166.0101 13.08246077233558
1 38604U 08011BB  18212.45719441 +.00000352 +00000-0 +18560-2 0  9992
2 38604 049.0377 235.3816 6520879 109.6398 328.0990 03.09022329062575
1 38822U 99025EVN 18172.85697008  .00000829  00000-0  61627-3 0  9994
2 38822  98.1394  43.3719 0128082  79.6580 281.8993 13.93504087496348
1 38825U 99025EVR 18211.22258368 +.00000065 +00000-0 +87283-4 0  9993
2 38825 098.9736 354.0957 0228066 117.8373 003.7636 13.76645655223175
1 38796U 99025EUL 15071.13344642 +.00013818 +00000-0 +32955-2 0  9996
2 38796 098.9131 206.6190 0067903 266.2018 093.1102 14.52426093236003
1 38479U 93036BTP 18212.81730708  .00000456  00000-0  21281-3 0  9992
2 38479  74.0145   0.1100 0118333  13.2013  55.7162 14.19556074446175
1 38580U 08011AB  18212.20729191 -.00002155  00000-0 -59656-1 0  9996
2 38580  48.5005   5.2315 6517306  30.3405 354.9194  2.93305023 78251
1 38537U 83109E   18210.00481079 +.00000826 +00000-0 +20289-3 0  9998
2 38537 081.1524 315.9188 0068148 094.5690 266.3291 14.50068274591285
1 38728U 99025ETV 18212.92458541 +.00000300 +00000-0 +90678-4 0  9992
2 38728 099.2704 250.3661 0109978 174.8705 310.7325 14.47332650265492
1 38587U 08011AJ  13196.53044440  .00000266  00000-0  19257-2 0  9995
2 38587  48.7936 201.0213 6480353 237.7816 336.8672  3.08120861 25531
1 38541U 88005AU  18212.31646108  .00000750  00000-0  54169-3 0  9995
2 38541  82.5281  65.6360 0005612 117.0774 243.0965 13.95510470503604
1 38495U 99025ESE 18213.17979200  .00000912  00000-0  10216-2 0  9998
2 38495  99.2314 337.1741 0274209 229.5364 128.1578 13.58656199387384
1 38674U 06042D   17079.11633425  .00014492  00000-0  23176-3 0  9991
2 38674  39.8992 298.2758 4630707 328.7048  10.5631  6.40021775143916
1 38613U 08011BL  18211.26412788 -.00000172  00000-0  52722-4 0  9995
2 38613  48.8086 136.4491 6440249 217.3735 340.7418  3.30378066 77458
1 38828U 99025EVU 18212.15856444  .00001397  00000-0  25195-3 0  9990
2 38828  99.5366 183.4116 0301239 201.0393 157.8183 14.43213162385083
1 38799U 99025EUP 18213.42322476  .00000079  00000-0  38529-4 0  9993
2 38799  98.6295 286.6203 0211413  61.4237 300.8043 14.30367805409670
1 38584U 08011AF  18212.61645904 -.00000400  00000-0 -41275-2 0  9994
2 38584  48.6891 247.6806 6502697 121.3724 312.0758  3.06350825 79109
1 38784U 99025ETY 18212.88880912  .00001616  00000-0  32338-3 0  9999
2 38784  99.4217 352.6755 0077314 214.6114 302.7417 14.61695281365380
1 38544U 88005AX  18032.81385533  .00000349  00000-0  26039-3 0  9994
2 38544  82.5331 216.6636 0016005  57.5890 302.6820 13.92132288539731
1 38788U 99025EUC 13272.64096877 +.00005550 +00000-0 +15853-2 0  9990
2 38788 097.9457 057.9692 0206911 195.4651 169.0590 14.33690671159943
1 38498U 99025ESH 18207.59560644 +.00000290 +00000-0 +57184-3 0  9993
2 38498 099.7534 128.2904 0575067 043.0158 321.4447 12.92352516413928
1 38714U 99025ETF 18213.05217370  .00001618  00000-0  39099-3 0  9997
2 38714  97.9108 153.8603 0222219  81.6885 280.9435 14.40376203406257
1 38792U 99025EUG 18210.46419477 +.00001020 +00000-0 +13247-3 0  9991
2 38792 099.6198 208.0769 0104067 316.7533 042.5537 14.80173187416974
1 38617U 08011BQ  18212.05832905 -.00000029 +00000-0 +72211-4 0  9990
2 38617 049.1898 165.5752 6390668 163.1997 236.0791 03.23528335081811
1 38795U 99025EUK 18212.38732598 -.00000350  00000-0 -37940-3 0  9992
2 38795  98.7275 268.2123 0527298  23.3008 339.1099 13.20227087429220
1 38948U 12044CH  18213.01649639  .00013156  51786-5  27283-3 0  9999
2 38948  50.0688 203.0807 1746757 108.5819 271.2121 12.04018645238123
1 38511U 99025ESW 15046.07335810 +.00016321 +00000-0 +62979-2 0  9994
2 38511 096.6526 353.9971 0138108 065.6989 295.8406 14.25105358377033
1 38961U 12044CU  18213.01363959  .00013793  51768-5  27742-3 0  9999
2 38961  50.0908 193.1875 1744818 111.5889 267.9425 12.04779633238438
1 38638U 08011CM  15340.81164422  .00001692  00000-0  54234-2 0  9997
2 38638  48.6651 196.9694 6498491 206.7713  95.0822  3.16835269 52625
1 38803U 99025EUT 18209.27438378 +.00000762 +00000-0 +49035-3 0  9998
2 38803 099.0233 152.1106 0084826 023.8547 336.6516 14.04433403222500
1 39029U 12072D   18212.78641731 +.00006804 +00000-0 +11664-3 0  9995
2 39029 097.1353 240.5237 0023045 046.1829 314.1324 15.51227187314498
1 38656U 88005AZ  18213.27051011  .00001052  00000-0  78012-3 0  9990
2 38656  82.5097  58.1513 0014573 208.1351 151.9029 13.94298456488327
1 38808U 99025EUY 18212.95154824  .00000760  00000-0  25389-3 0  9997
2 38808  98.8201 273.4304 0164104 337.3499  22.0500 14.33269701500329
1 38815U 99025EVF 15250.35375413 +.00005697 +00000-0 +12659-2 0  9996
2 38815 099.7063 295.5489 0037512 304.9683 051.8222 14.57074174330314
1 38787U 99025EUB 18210.73776944 +.00000355 +00000-0 +36659-3 0  9992
2 38787 098.3295 034.4232 0244899 085.7467 334.7350 13.68686651426661
1 38832U 99025EVY 18213.14366028  .00000301  00000-0  24028-3 0  9997
2 38832  99.2386 178.5652 0097642 193.7316 166.1187 13.96660927358000
1 38502U 99025ESM 18213.56377494  .00000303  00000-0  19672-3 0  9997
2 38502  99.1475 325.2204 0042494  17.7704  40.9199 14.09821125565575
1 38717U 99025ETJ 18212.35275619 +.00000121 +00000-0 +99834-4 0  9994
2 38717 099.0287 159.9630 0070847 327.5878 184.4973 14.05467920205115
1 38505U 99025ESQ 18213.14630520  .00000785  00000-0  49977-3 0  9991
2 38505  98.3363 191.3667 0176910 289.1366  69.0723 13.98953850472031
1 38547U 91032G   18213.30870335 -.00000003  00000-0  15882-4 0  9998
2 38547  98.4971 240.7744 0005019 170.4581 189.6697 14.28903790731343
1 38510U 99025ESV 18174.94285124  .00000265  00000-0  17350-3 0  9990
2 38510  98.8693 231.9760 0103944 316.1637  43.1317 14.07998920502283
1 38514U 99025ESZ 18189.32321232 +.00000726 +00000-0 +48936-3 0  9999
2 38514 098.0695 218.7875 0419174 275.7521 079.5995 13.67729700532942
1 38721U 99025ETN 18212.38653426  .00000567  00000-0  30185-3 0  9995
2 38721  98.9511 278.5377 0081082 146.8774 213.7514 14.15705189459979
1 38659U 09072G   18212.78136899 -.00000452 +00000-0 -12097-2 0  9998
2 38659 100.3316 197.4239 0136220 040.3169 080.4146 13.05131572407405
1 38811U 99025EVB 18208.32996139 +.00000949 +00000-0 +49738-3 0  9993
2 38811 099.0623 241.4439 0050479 297.7355 061.8703 14.16144057259062
1 38818U 99025EVJ 18212.45793003  .00000156  00000-0  69211-4 0  9993
2 38818  98.5566 291.9970 0096581 183.5766 234.7174 14.33077406312572
1 38841U 83022N   18212.87001363  .00001736  00000-0  40109-3 0  9995
2 38841  98.3757 246.4864 0012485 176.4557 306.6355 14.56427529361399
1 38468U 97051ZV  18212.51573324 +.00000710 +00000-0 +24577-3 0  9991
2 38468 086.3582 131.9194 0071085 214.4766 145.1808 14.32950401431860
1 38471U 97051ZY  18213.20095469  .00005144  00000-0  53646-3 0  9996
2 38471  86.2768  27.6584 0017858  61.1548 299.1468 14.89450556439123
1 38630U 08011CD  15271.17731201 -.00001412  00000-0 -75793-2 0  9991
2 38630  49.2813 256.5100 6504270 137.2706 348.5675  3.11052931 42366
1 38637U 08011CL  16276.86353254 -.00000006  00000-0  11785-2 0  9996
2 38637  48.9743 164.2496 6394995 221.7358  66.0179  3.06794811 61419
1 38559U 06006CZ  18210.37807227 +.00000035 +00000-0 +10966-3 0  9993
2 38559 052.0398 203.7380 5065002 123.8639 005.1200 05.21548757086840
1 38482U 93036BTS 13087.55680736 +.00009411 +00000-0 +28891-2 0  9990
2 38482 073.9565 150.0975 0058347 243.5274 185.1444 14.40741735181646
1 38570U 08011R   14069.56236261 -.00000111  00000-0 -17831-2 0  9991
2 38570  48.6746 128.8135 6539415 301.5956  10.7349  3.01431193 27154
1 38517U 99025ETC 18211.65776000  .00000710  00000-0  19003-3 0  9997
2 38517  98.6282 281.3603 0120542  52.4237 308.7830 14.47270048448777
1 38724U 99025ETR 18211.76310975  .00001205  00000-0  92378-3 0  9990
2 38724  98.7443 313.9542 0159249 320.5496  38.4155 13.89336608354282
1 38486U 93036BTW 18212.31890225  .00000695  00000-0  24285-3 0  9998
2 38486  73.9588 199.3007 0052864 227.6868 194.6255 14.36364095368048
1 38491U 99025ESA 18204.86227485 +.00000313 +00000-0 +22131-3 0  9996
2 38491 099.1523 236.6849 0233705 208.5735 150.2451 13.92730932414820
1 38662U 12029D   18213.52418959 -.00000037  00000-0  14476-4 0  9994
2 38662 100.3305 321.1878 0131980 122.0907 239.3099 13.19022524294157
1 38814U 99025EVE 18175.51048774  .00002781  00000-0  11666-2 0  9997
2 38814  98.3592 280.7544 0114985 124.9145 243.0275 14.23141078450166
1 38603U 08011BA  16248.91477581 -.00000005  00000-0  00000+0 0  9998
2 38603  49.6932 117.5168 6464272 234.9531  46.6404  3.15038411 63078
1 38821U 99025EVM 18178.34931892  .00000703  00000-0  55967-3 0  9996
2 38821  98.5209 221.5011 0125198 192.5970 229.7404 13.90544948298451
1 38471U 97051ZY  18212.19320014 +.00005169 +00000-0 +53919-3 0  9990
2 38471 086.2767 028.1342 0017926 064.1108 296.1964 14.89441406438975
1 38630U 08011CD  15271.17731201 -.00001412  00000-0 -75793-2 0  9991
2 38630  49.2813 256.5100 6504270 137.2706 348.5675  3.11052931 42366
1 38559U 06006CZ  18209.42087668 +.00000038 +00000-0 +12456-3 0  9995
2 38559 052.0394 204.4088 5065187 123.3782 007.9114 05.21548528158319
1 38482U 93036BTS 13087.55680736 +.00009411 +00000-0 +28891-2 0  9990
2 38482 073.9565 150.0975 0058347 243.5274 185.1444 14.40741735181646
1 38517U 99025ETC 18209.65283936 +.00000701 +00000-0 +18767-3 0  9991
2 38517 098.6284 279.3163 0120662 058.4561 302.8349 14.47266924448482
1 38724U 99025ETR 18209.74668130 +.00001140 +00000-0 +87606-3 0  9990
2 38724 098.7445 312.0595 0159204 326.2304 032.8793 13.89331581354005
1 38486U 93036BTW 18211.34466644 +.00000677 +00000-0 +23668-3 0  9998
2 38486 073.9587 201.0985 0052894 229.6819 196.9612 14.36362594365595
1 38491U 99025ESA 18204.86227485 +.00000313 +00000-0 +22131-3 0  9996
2 38491 099.1523 236.6849 0233705 208.5735 150.2451 13.92730932288650
1 38662U 12029D   18212.08302101 -.00000023  00000-0  47911-4 0  9990
2 38662 100.3305 319.7729 0131989 125.3789 235.9740 13.19022469293969
1 38814U 99025EVE 18175.51048774 +.00002781 +00000-0 +11666-2 0  9997
2 38814 098.3592 280.7544 0114985 124.9145 243.0275 14.23141078050162
1 38603U 08011BA  16248.91445041 -.00000365  00000-0 -16304-2 0  9991
2 38603  49.7260 117.4622 6477465 235.1445  46.2974  3.15037741 63075
1 38821U 99025EVM 18136.98646015  .00000464  00000-0  38220-3 0  9997
2 38821  98.5213 183.5316 0121295 308.1545 171.4105 13.90489058292701
1 38478U 93036BTN 18212.53186955 +.00001588 +00000-0 +16818-3 0  9996
2 38478 074.0123 166.4465 0045414 248.6235 111.0097 14.89385835299293
1 38635U 08011CJ  16060.28620741  .00003757  00000-0  14457+0 0  9990
2 38635  48.7782 222.0968 6366002 182.1778  73.2633  3.07351425 54833
