1 33539U 88081P   18044.22503675 -.00000179  00000-0 -10483-1 0  9991
2 33539   7.3175  88.3382 7117784 161.5662 250.7713  2.19355675 98119
1 33546U 88109V   18212.63260733 -.00000165 +00000-0 -23947-2 0  9992
2 33546 006.6760 203.2002 7111765 158.4243 272.0526 02.23314503111844
1 33549U 89006AR  18209.62236814 -.00000619 +00000-0 -27582-1 0  9992
2 33549 007.3849 306.9573 7054039 037.7917 003.3755 02.25179817104877
1 33550U 89006AS  13322.64391754  .00000261  00000-0  56049-1 0  9993
2 33550   9.3738 329.7427 6984762   6.4640 359.2596  2.22017252 62116
1 33555U 89006AX  16144.01914604 +.00014523 +00000-0 +61360+0 0  9995
2 33555 008.0691 235.8616 7091178 181.7176 334.2519 02.24436161082794
1 33559U 89006BB  16148.65143925  .00000000  00000-0  00000+0 0  9992
2 33559   8.0752 241.6205 7061690 172.2694 210.9540  2.24211245 83385
1 33567U 89006BK  18184.37341109 -.00000055  00000-0  10000-3 0  9992
2 33567   8.1722 257.9338 7089525 124.7073 351.5356  2.26615646113396
1 33571U 89006BP  15096.69309809 -.00000136 +00000-0 +00000-0 0  9998
2 33571 011.4774 224.7962 6965329 182.3356 354.0938 02.22072931014572
1 33572U 89006BQ  16177.54251838 -.00000035 +00000-0 +00000-0 0  9990
2 33572 007.6902 317.4301 7001497 028.1768 003.7151 02.23242781024357
1 33573U 89006BR  17097.88190017 -.00001522 +00000-0 -98513-1 0  9991
2 33573 011.2516 216.7738 7042339 174.5057 157.9073 02.23571142102697
1 33575U 89006BT  15230.54451341 -.00000142  00000-0  00000+0 0  9991
2 33575   9.4474   3.7338 7067567 283.3342  14.1359  2.24013919 77996
1 33582U 89006CA  18211.16881076  .00000104  00000-0  00000+0 0  9998
2 33582   8.2020  51.8851 5962852 223.4540  70.1421  2.03219414 86285
1 33589U 91003S   18211.35611488 -.00000104  00000-0 -78968-3 0  9998
2 33589   7.1450 133.9664 6788498 328.1583   4.7337  2.63762074116389
1 33590U 91003T   18213.06255905  .00000447  00000-0  83793-2 0  9997
2 33590   7.7555 349.3362 6787352 241.7928  32.8029  2.66871769145378
1 33599U 99025DCG 18212.78098468 +.00000558 +00000-0 +75925-4 0  9998
2 33599 096.6079 039.3436 0309897 111.0377 252.4262 14.53245571265892
1 33600U 99025DCH 18212.79747651 +.00001413 +00000-0 +15136-3 0  9995
2 33600 096.2711 217.8170 0277165 110.7027 252.4125 14.65403153199363
1 33601U 99025DCJ 18211.94790351 +.00000125 +00000-0 +10007-3 0  9998
2 33601 098.2805 208.0680 0174669 184.6062 205.1301 13.98168151529912
1 33603U 99025DCL 18211.87102786 +.00000025 +00000-0 +11279-4 0  9993
2 33603 098.8709 233.2195 0246959 222.8978 135.2730 14.70890805592263
1 33604U 99025DCM 11211.95132915 +.00009429 +00000-0 +89398-3 0  9996
2 33604 099.0468 034.3812 0174254 272.5949 085.5413 14.83026305170732
1 33605U 99025DCN 18212.10886618 -.00000144  00000-0 -63444-4 0  9990
2 33605  98.9183 262.2522 0060308  63.9487 326.4244 14.03587238544809
1 33612U 99025DCV 18212.05659250  .00000262  00000-0  21378-3 0  9990
2 33612  98.6637 314.3100 0123503  39.1463 321.8555 13.94149850558717
1 33613U 99025DCW 18213.34793045  .00000639  00000-0  35221-3 0  9995
2 33613  98.9133 264.3570 0037653 251.4961 108.2118 14.14840981529502
1 33614U 99025DCX 18180.26713303  .00007464  00000-0  69580-3 0  9997
2 33614  96.5373   8.0455 0057906  83.3948 277.3862 14.93167471564201
1 33617U 99025DDA 18212.77213838  .00002959  00000-0  96340-4 0  9999
2 33617  98.0330 333.4277 0148545 236.8118 121.8799 15.22802093561326
1 33618U 99025DDB 18212.74653883 +.00000232 +00000-0 +63842-4 0  9998
2 33618 098.6866 194.5506 0211306 006.0935 354.2751 14.44641029578183
1 33619U 99025DDC 18213.34925988  .00000111  00000-0  93427-4 0  9992
2 33619  99.0443 262.6654 0059929  46.9030  13.4619 14.06035903512890
1 33621U 99025DDE 18213.28560634  .00000150  00000-0  67385-4 0  9998
2 33621  98.1568 246.6676 0309708 175.4191 184.9938 14.11861622549086
1 33622U 99025DDF 18213.34452097  .00000645  00000-0  34809-3 0  9992
2 33622  99.0108 263.5088 0038994 223.9416 135.8654 14.15976697568564
1 33623U 99025DDG 18212.65635382  .00000804  00000-0  50526-3 0  9997
2 33623  98.1870 159.9705 0083023 141.0793 219.6393 14.05154009544521
1 33624U 99025DDH 18212.36312677  .00001496  00000-0  21522-3 0  9997
2 33624  98.1895 262.6256 0382876 268.4622  87.2687 14.38533658539419
1 33625U 99025DDJ 18211.47104543  .00000302  00000-0  73913-4 0  9997
2 33625  98.8370 225.0524 0300586 277.2216  79.4894 14.37090627556629
1 33628U 99025DDM 18213.06530596  .00001377  00000-0  16086-3 0  9998
2 33628  98.2667 310.6437 0165548 171.3883 189.0230 14.77595873559802
1 33629U 99025DDN 18212.09294253  .00005100  00000-0  42706-3 0  9994
2 33629  98.5933 329.9841 0106950 214.2628 145.1659 14.94579853546140
1 33630U 99025DDP 18202.32488259  .00000118  00000-0  77595-4 0  9991
2 33630  98.4031  43.1188 0141518 271.1986  87.2978 14.13186330529738
1 33632U 99025DDR 18212.15699824 +.00001109 +00000-0 +29998-3 0  9991
2 33632 099.0450 101.8961 0052825 296.4197 063.1579 14.49198068539538
1 33633U 99025DDS 18212.56668390 +.00000403 +00000-0 +27608-3 0  9993
2 33633 099.2024 245.1939 0101741 091.3999 060.5198 14.02960254528561
1 33636U 99025DDV 18212.30561608  .00000137  00000-0  77862-4 0  9994
2 33636  98.7215 248.5312 0075100  26.7948  34.1785 14.23179754532550
1 33637U 99025DDW 18212.92982069 +.00000329 +00000-0 +15843-3 0  9994
2 33637 098.7577 261.0546 0101595 085.2069 276.0701 14.22509301264802
1 33638U 99025DDX 18212.34210474  .00000277  00000-0  31058-3 0  9993
2 33638  98.4296  50.8196 0279164 199.6078 159.4161 13.62426730548841
1 33639U 99025DDY 18212.39326409 +.00000611 +00000-0 +30196-3 0  9999
2 33639 098.8635 265.4339 0068609 169.5898 190.6716 14.19814554222549
1 33640U 99025DDZ 18212.92716220 +.00000193 +00000-0 +76626-4 0  9998
2 33640 098.9526 021.0575 0102530 203.9543 155.6854 14.37470971536285
1 33641U 99025DEA 09198.89632304 +.00001626 +00000-0 +52887-3 0  9992
2 33641 099.0148 242.1468 0112466 178.2805 182.5577 14.36727616106609
1 33642U 99025DEB 18179.22483052 +.00063222 +00000-0 +97098-3 0  9996
2 33642 099.2722 335.2718 0031243 329.0194 030.9210 15.53492594239221
1 33643U 99025DEC 18213.21514364  .00000349  00000-0  50094-4 0  9993
2 33643  99.1032 347.8531 0157324  18.6386 342.0493 14.76551858571705
1 33644U 99025DED 15109.67483947 +.00001876 +00000-0 +18075-3 0  9995
2 33644 099.5576 184.5556 0044093 330.5429 029.3301 14.93951255397352
1 33645U 99025DEE 18212.74607610  .00001203  00000-0  28551-3 0  9991
2 33645  99.5535 134.6644 0356003 240.8849 115.6254 14.24174610535635
1 33646U 99025DEF 18213.40265340 -.00000007  00000-0  23046-4 0  9993
2 33646  98.5897 281.0290 0124791  78.2802 342.0028 13.92127852551799
1 33647U 99025DEG 18209.24513872 +.00000613 +00000-0 +50816-3 0  9993
2 33647 098.2064 016.5222 0276291 262.3565 094.6133 13.75833388530607
1 33648U 99025DEH 18213.31401517 -.00000016  00000-0  15553-4 0  9997
2 33648  98.8641 241.2404 0068969 239.9055 119.5266 14.10608021549876
1 33649U 99025DEJ 18179.34630469  .00036429  00000-0  11609-2 0  9994
2 33649  98.9254 226.0127 0018259  87.1173 273.2154 15.32298623574445
1 33650U 99025DEK 18212.91003129 +.00000393 +00000-0 +36691-3 0  9994
2 33650 099.0789 094.3590 0163778 117.0539 244.7435 13.81617140315920
1 33651U 99025DEL 18212.25333490 +.00000017 +00000-0 +28403-4 0  9995
2 33651 098.9857 227.6826 0119151 208.1478 151.3223 14.18584766260989
1 33655U 99025DEQ 18212.82018759  .00000410  00000-0  10553-3 0  9993
2 33655  98.8548  63.8694 0109567 354.1528   5.8379 14.52532555575453
1 33656U 99025DER 18211.95663521 +.00000133 +00000-0 +82047-4 0  9990
2 33656 098.6958 246.2584 0093908 248.1292 235.3682 14.18431844245174
1 33658U 99025DET 18212.37093257  .00000384  00000-0  48805-3 0  9993
2 33658  99.5357  67.8153 0311615 120.2567 242.9801 13.50577846525380
1 33660U 99025DEV 18212.02191181  .00000049  00000-0  68945-4 0  9999
2 33660  98.6437 290.6238 0113830  89.9004  31.3260 13.89116819541577
1 33661U 99025DEW 18212.49620921  .00000262  00000-0  29253-3 0  9995
2 33661  98.3779  47.9897 0246806 130.0861 261.5839 13.65892153518194
1 33663U 99025DEY 18212.11007008  .00000862  00000-0  48155-3 0  9999
2 33663  98.9269 158.1139 0168051 137.8942 281.7061 14.06441040556004
1 33664U 99025DEZ 17091.67378529  .00000036  00000-0  21288-4 0  9996
2 33664  98.7993 347.9620 0166182 289.0704  69.3133 14.00663130462320
1 33665U 99025DFA 18211.74247464  .00000193  00000-0  72130-4 0  9999
2 33665  98.7331  33.3591 0514686 300.4618  54.6657 13.88363473552261
1 33666U 99025DFB 18177.83185566  .00001341  00000-0  26813-3 0  9997
2 33666  98.8850  41.7027 0081351  83.8280 337.1925 14.61669479564516
1 33668U 99025DFD 18212.98088882  .00000442  00000-0  62351-4 0  9997
2 33668  99.0187 275.5729 0183407  44.6674 316.9140 14.72651745562293
1 33671U 99025DFG 11341.43004073 +.00005503 +00000-0 +10762-2 0  9997
2 33671 099.5270 226.0968 0148785 106.2655 110.6625 14.56499551213865
1 33673U 99025DFJ 18209.88137000 -.00000053 +00000-0 -51863-5 0  9992
2 33673 099.3351 178.5478 0111221 286.8944 103.3189 13.91529765525008
1 33674U 99025DFK 18212.62126260  .00000354  00000-0  38627-3 0  9998
2 33674  98.6192 142.7233 0226103 207.2533 151.6602 13.67969728515895
1 33675U 99025DFL 18212.56997592 +.00000655 +00000-0 +21827-3 0  9994
2 33675 099.1486 130.4330 0053062 042.3844 318.1422 14.40426004290993
1 33676U 99025DFM 18212.88408830 -.00000016  00000-0  11696-4 0  9998
2 33676  99.0560  81.5327 0212074   3.8243  50.5427 14.32605252554588
1 33677U 99025DFN 11269.42251406 +.00003034 +00000-0 +98037-3 0  9994
2 33677 098.8860 337.2006 0103259 351.6297 008.4373 14.36884197199400
1 33678U 99025DFP 18212.85884998  .00000066  00000-0  32196-4 0  9992
2 33678  99.0514  90.6943 0235965 235.3391 122.5351 14.35819353573369
1 33679U 99025DFQ 18212.07373008 +.00000547 +00000-0 +89121-4 0  9996
2 33679 099.3926 255.4361 0328634 117.6372 245.8585 14.45864898548974
1 33680U 99025DFR 18213.29789446  .00001711  00000-0  28999-3 0  9999
2 33680  99.4473  11.3693 0070322 240.5392 240.0018 14.69366264590725
1 33681U 99025DFS 18213.49510084  .00000461  00000-0  34767-3 0  9993
2 33681  99.3189 223.1887 0103263 202.9298 314.9701 13.97002573527219
1 33682U 99025DFT 18211.08700354  .00000348  00000-0  21645-3 0  9993
2 33682  99.4314  70.2140 0037831  59.3623 301.1268 14.11680339540936
1 33683U 99025DFU 18212.09263659  .00001066  00000-0  34084-3 0  9997
2 33683  98.3180  83.9531 0074327  67.6032 293.3010 14.40010637541262
1 33684U 99025DFV 18212.47382729  .00000253  00000-0  40922-4 0  9996
2 33684  99.1407  46.8350 0432185  52.7913 311.1904 14.33591119545518
1 33686U 99025DFX 18212.91217824 +.00001375 +00000-0 +25419-3 0  9999
2 33686 098.8685 102.5648 0064285 359.7244 000.3911 14.65973498295261
1 33687U 99025DFY 18212.24318005  .00000549  00000-0  69073-4 0  9996
2 33687  99.0469 227.8841 0254641 129.2603 233.1494 14.66804411575674
1 33688U 99025DFZ 18212.45088115 +.00000663 +00000-0 +32934-3 0  9998
2 33688 099.3755 091.1468 0079266 014.9829 345.3667 14.19264476531298
1 33689U 99025DGA 18213.39060451  .00000199  00000-0  96110-4 0  9997
2 33689  99.5508 267.6890 0057071 315.9011 100.2406 14.29926481538213
1 33690U 99025DGB 18211.62669474  .00000457  00000-0  20572-3 0  9998
2 33690  98.7539 273.2552 0050419  56.0649 304.5309 14.26414837553006
1 33691U 99025DGC 18212.77576395 +.00000329 +00000-0 +23099-3 0  9990
2 33691 099.0101 143.0431 0089758 031.2984 329.3483 14.03225151526081
1 33692U 99025DGD 18212.55165687  .00002647  00000-0  50649-3 0  9991
2 33692  99.1200 130.5262 0020877 243.5182 238.7452 14.64715352541339
1 33693U 99025DGE 18212.48508163 +.00000234 +00000-0 +27940-3 0  9992
2 33693 099.3694 100.8011 0240957 135.2276 351.2209 13.64790659514675
1 33697U 99025DGJ 17191.02877159  .00000240  00000-0  18576-3 0  9997
2 33697  99.1355 264.9792 0082940 163.8626 196.5207 14.00665109500249
1 33698U 99025DGK 18212.53467311  .00000086  00000-0  34850-4 0  9996
2 33698  99.6016 111.9901 0152168 223.7098 135.1961 14.49120673568785
1 33699U 99025DGL 18213.13438951  .00004028  00000-0  96087-3 0  9991
2 33699  98.5025 176.1960 0066243  57.4407 358.3341 14.52939163559705
1 33700U 99025DGM 18209.46815785 +.00001087 +00000-0 +14061-3 0  9993
2 33700 099.1050 299.2779 0104997 256.6474 102.3011 14.79830078162259
1 33701U 99025DGN 18212.20406696  .00000156  00000-0  13990-3 0  9993
2 33701  98.6746 304.8213 0153180  83.8222 307.4849 13.91643847531213
1 33704U 99025DGR 11263.94608017 +.00003596 +00000-0 +36927-3 0  9993
2 33704 099.0095 081.7428 0172973 118.4356 191.4705 14.80683163195741
1 33706U 99025DGT 18211.77963091  .00001169  00000-0  28945-3 0  9997
2 33706  98.9751  51.9000 0124461 169.0765 191.3175 14.49523330555036
1 33707U 99025DGU 18213.28177550  .00000985  00000-0  16947-3 0  9997
2 33707  99.0833 242.5772 0108158 244.3012 114.6990 14.67687498585471
1 33708U 99025DGV 18212.58444282  .00001767  00000-0  25619-3 0  9994
2 33708  99.4753  74.7328 0067017  86.0952 274.7911 14.76216107580584
1 33709U 99025DGW 18213.37496827  .00005883  00000-0  41301-3 0  9994
2 33709  99.0386 278.5537 0046457 177.4637 182.6829 15.04773502550838
1 33710U 99025DGX 18211.98996497 +.00000177 +00000-0 +13905-3 0  9999
2 33710 099.0555 291.0337 0058610 103.8738 256.8957 14.03387229298385
1 33711U 99025DGY 18212.92069323 +.00000082 +00000-0 +88581-4 0  9992
2 33711 099.2944 194.4122 0106129 183.8601 204.6473 13.96283103543401
1 33713U 99025DHA 18212.87831525 +.00000602 +00000-0 +95869-4 0  9994
2 33713 099.0757 255.8683 0171244 271.0425 087.1162 14.67539296556770
1 33714U 99025DHB 18212.88619122 +.00001043 +00000-0 +34877-3 0  9994
2 33714 099.9187 099.3698 0057882 331.1186 028.6797 14.39138869254338
1 33716U 99025DHD 18212.67826202 +.00000011 +00000-0 +21779-4 0  9994
2 33716 099.0300 018.3129 0094981 277.2626 081.7766 14.30708582266647
1 33718U 99025DHF 18212.87880713 +.00000306 +00000-0 +24224-3 0  9999
2 33718 099.6977 101.3577 0114793 032.7458 328.0751 13.96701142315323
1 33719U 99025DHG 18212.34175097 +.00000292 +00000-0 +17392-3 0  9996
2 33719 099.0134 233.7929 0034544 191.7859 237.4327 14.14829062538906
1 33720U 99025DHH 18208.42076597 +.00000233 +00000-0 +96279-4 0  9994
2 33720 098.4913 264.1678 0091331 191.6235 225.4249 14.33026669563933
1 33721U 99025DHJ 18212.54452607 +.00000399 +00000-0 +77922-4 0  9990
2 33721 098.7791 126.2020 0133483 142.8603 218.1925 14.63627471581124
1 33722U 99025DHK 18211.31577099  .00000060  00000-0  46880-4 0  9992
2 33722  98.8155 252.2727 0172548  49.3305 312.2721 14.14157086540647
1 33723U 99025DHL 18213.23987448  .00000840  00000-0  58262-3 0  9991
2 33723  99.2961 221.0304 0114958 184.1349 236.2368 13.98674661538148
1 33724U 99025DHM 18212.95325442 +.00000133 +00000-0 +90635-4 0  9996
2 33724 098.8388 244.8054 0028546 333.5180 145.8162 14.15304618558660
1 33726U 99025DHP 18212.88053449 -.00000030 +00000-0 +47410-5 0  9996
2 33726 098.5289 077.4660 0203364 156.4298 262.5443 14.09691064539875
1 33727U 99025DHQ 18212.88370110  .00002147  00000-0  45325-3 0  9995
2 33727  99.7536  93.6085 0033292 104.0634 256.4265 14.60390200566205
1 33728U 99025DHR 18212.69440964 +.00000108 +00000-0 +22131-4 0  9996
2 33728 098.9679 290.1373 0207108 355.5516 157.3496 14.70576076586069
1 33730U 99025DHT 18212.37982812 +.00000443 +00000-0 +16621-3 0  9995
2 33730 099.0888 067.8897 0065522 051.3099 309.3921 14.35623028568811
1 33731U 99025DHU 18212.87115015  .00000337  00000-0  30266-3 0  9997
2 33731  99.3302 169.8935 0142385  65.9526 321.6380 13.86517519531392
1 33733U 99025DHW 18213.49414461  .00000828  00000-0  51436-3 0  9992
2 33733  99.1810 207.2488 0109589 152.3247   1.1454 14.04968700524887
1 33734U 99025DHX 18213.15228439  .00000418  00000-0  21183-3 0  9995
2 33734  98.9398 284.6868 0128615 103.6873 257.8659 14.17016803524982
1 33735U 99025DHY 18212.94058510 +.00000839 +00000-0 +35786-3 0  9994
2 33735 098.9819 270.8688 0034754 095.6600 264.8544 14.27558337260977
1 33736U 99025DHZ 18212.90887058 +.00001183 +00000-0 +37281-3 0  9993
2 33736 099.6907 010.8922 0042156 283.4133 076.2355 14.42091114287303
1 33737U 99025DJA 18212.53444111 +.00000406 +00000-0 +30279-3 0  9999
2 33737 098.3741 235.7771 0137083 264.2931 250.8995 13.95553980511427
1 33738U 99025DJB 18212.96111402 -.00000046 +00000-0 -66767-6 0  9997
2 33738 099.3644 211.4964 0196639 146.0460 245.1014 13.94636955516913
1 33739U 99025DJC 18212.16162960  .00001328  00000-0  29358-3 0  9999
2 33739  98.9682 103.3001 0058184 176.6366 183.5234 14.58117939533991
1 33740U 99025DJD 18211.91372026 -.00000020 +00000-0 +13777-4 0  9997
2 33740 098.9453 239.0189 0001350 173.6962 186.4226 14.11072562521749
1 33741U 99025DJE 18212.13863991  .00000057  00000-0  66310-4 0  9999
2 33741  98.5567 272.7440 0148239  48.8860 312.4991 13.93762972501517
1 33745U 99025DJJ 18212.66342240  .00000439  00000-0  27392-3 0  9990
2 33745  99.0236 166.6877 0062048 281.1602  78.2597 14.09243896511960
1 33747U 99025DJL 18211.59650535 -.00000049  00000-0 -26877-5 0  9990
2 33747  99.1996 245.7758 0112503 135.4947  16.0560 14.01430165523094
1 33748U 99025DJM 18211.31482495  .00000409  00000-0  20829-3 0  9996
2 33748  98.8450 250.7064 0043613 125.5615 234.9639 14.20747896530728
1 33758U 93036F   18212.86957895 +.00000325 +00000-0 +11515-3 0  9994
2 33758 074.0338 161.6136 0021958 169.8633 210.7852 14.38329519495275
1 33759U 93036G   18212.94255198  .00001016  00000-0  27296-3 0  9992
2 33759  74.0204  98.5436 0025033 135.4436 331.1832 14.49200146497787
1 33761U 93036J   18212.27380882 +.00000169 +00000-0 +66477-4 0  9993
2 33761 074.0383 168.1694 0025918 192.8066 241.4809 14.36306478495489
1 33762U 93036K   18213.39754271 -.00000007  00000-0  69093-5 0  9995
2 33762  74.0408 184.3234 0015700 191.2796 327.7123 14.32947073495158
1 33763U 93036L   18212.66309832 +.00001274 +00000-0 +27949-3 0  9992
2 33763 073.9362 043.9588 0018933 077.3333 039.4817 14.58601307498492
1 33770U 93036T   18212.96577873 +.00000970 +00000-0 +22478-3 0  9999
2 33770 074.0323 057.6424 0039544 092.8322 336.9268 14.55989418498428
1 33779U 93036U   18212.86082567 +.00000971 +00000-0 +30804-3 0  9991
2 33779 074.0478 161.8885 0030517 160.5549 230.7462 14.41093911495874
1 33782U 93036X   18212.88846340  .00000118  00000-0  50536-4 0  9992
2 33782  74.0348 180.1340 0023020 188.4908 200.2546 14.34788241495147
1 33785U 93036AA  18213.41635514  .00000620  00000-0  19967-3 0  9994
2 33785  73.8828 101.7994 0031194 241.4513 231.8625 14.41193402495861
1 33793U 93036AJ  18213.41689726  .00000222  00000-0  11187-3 0  9991
2 33793  73.9873 315.0941 0087354 349.4387 122.0795 14.20214596489665
1 33795U 93036AL  18212.88504896 +.00000250 +00000-0 +50649-4 0  9995
2 33795 074.0460 276.3620 0078586 340.6959 135.3930 14.65047494504047
1 33796U 93036AM  18213.21099720  .00005667  00000-0  11617-2 0  9996
2 33796  74.0228 150.2072 0051145 113.0313 247.6258 14.60114146496278
1 33798U 93036AP  18212.83528660  .00000043  00000-0  20432-4 0  9995
2 33798  74.0301  92.4447 0094938 153.3343 335.1903 14.42032066498016
1 33799U 93036AQ  18213.43847316  .00000146  00000-0  48649-4 0  9999
2 33799  74.0417 113.7959 0045012 141.7378 334.2210 14.45306615497587
1 33804U 93036AV  18212.42839235  .00001232  00000-0  16838-3 0  9996
2 33804  74.0196 216.3570 0056080 291.4140  68.1058 14.78746829505768
1 33805U 93036AW  18212.81441837 +.00000074 +00000-0 +24670-4 0  9994
2 33805 074.0339 356.2978 0066167 137.0558 223.5797 14.52304107501246
1 33806U 93036AX  18212.81583740 +.00000515 +00000-0 +94958-4 0  9991
2 33806 074.0860 333.6657 0059088 335.0346 187.0943 14.67165963502775
1 33812U 93036BD  18212.95953585  .00002905  00000-0  16712-3 0  9997
2 33812  74.0138 144.0795 0119763 157.9127 202.7289 15.07056381507920
1 33813U 93036BE  18213.00158612  .00000415  00000-0  65750-4 0  9994
2 33813  74.0463 212.5273 0097203 263.4817 126.8501 14.72854210506219
1 33815U 93036BG  18213.14180896  .00000841  00000-0  28613-3 0  9999
2 33815  73.9863 204.2039 0057395 195.1583 293.9091 14.37167646493889
1 33816U 93036BH  18212.76078895  .00000007  00000-0  21672-4 0  9995
2 33816  73.8991 326.7138 0275295 125.6533 237.0561 13.78149004475798
1 33817U 93036BJ  18213.23979998  .00000406  00000-0  74061-4 0  9996
2 33817  74.0701 278.2520 0058888 343.7263  16.2014 14.68382561504450
1 33818U 93036BK  18212.78484822 +.00000192 +00000-0 +43453-4 0  9996
2 33818 074.1032 332.1093 0075084 341.5686 170.5851 14.61585144503004
1 33819U 93036BL  18213.37877844  .00000275  00000-0  12432-3 0  9997
2 33819  74.1839 348.6845 0098008 238.6516 141.6790 14.24072768491386
1 33821U 93036BN  18213.20451198  .00000348  00000-0  43631-4 0  9999
2 33821  74.0535 119.9844 0127627 160.6312 352.2311 14.80963859509311
1 33822U 93036BP  18213.38443229  .00000357  00000-0  22018-3 0  9990
2 33822  74.0784 192.7206 0181269 172.5319 339.5539 14.01015445482963
1 33823U 93036BQ  18212.31245194 +.00000171 +00000-0 +12259-3 0  9994
2 33823 073.8136 155.2133 0220827 023.2428 130.4388 13.93381417480774
1 33824U 93036BR  18213.22524890  .00000498  00000-0  93365-4 0  9999
2 33824  74.0230 309.1916 0090646   2.1524  17.5554 14.65128319502796
1 33825U 93036BS  18213.56543964  .00000344  00000-0  94987-4 0  9991
2 33825  73.9944  71.6005 0119109 321.5356  62.6463 14.46801733498379
1 33826U 93036BT  18212.63604436 +.00000251 +00000-0 +10194-3 0  9995
2 33826 074.0655 289.0987 0122172 292.0072 139.3547 14.28759527491861
1 33828U 93036BV  18212.85477959  .00000171  00000-0  65349-4 0  9993
2 33828  74.0493 160.9028 0032828 185.1963 205.7590 14.37543965496054
1 33832U 93036BZ  18212.90762748  .00000338  00000-0  11571-3 0  9999
2 33832  74.0607 171.9889 0037636 166.9828 225.6618 14.39590397495843
1 33834U 93036CB  18212.59057918 +.00000481 +00000-0 +83262-4 0  9998
2 33834 074.0733 263.8098 0065243 315.6258 195.4458 14.70013913504726
1 33835U 93036CC  18212.70331135  .00000295  00000-0  88542-4 0  9997
2 33835  74.0637 102.2928 0076892 125.6351 256.6098 14.45415952498142
1 33836U 93036CD  18213.38371105  .00000329  00000-0  83661-4 0  9999
2 33836  74.0073   2.5835 0036006 151.4090 237.7158 14.54406703500826
1 33837U 93036CE  18212.95597998  .00000094  00000-0  33847-4 0  9992
2 33837  74.0132  52.6819 0037121 206.6676 153.2574 14.45970775499201
1 33838U 93036CF  18212.66809301 +.00000175 +00000-0 +61140-4 0  9992
2 33838 074.0397 110.1454 0030211 177.5876 200.1394 14.41893043497377
1 33839U 93036CG  18213.21363475  .00000076  00000-0  22112-4 0  9998
2 33839  74.0436 297.9547 0093230  16.2617   7.0692 14.58274174503336
1 33841U 93036CJ  18212.89206524 +.00000057 +00000-0 +29128-4 0  9998
2 33841 074.0383 173.8283 0022271 198.1129 192.8214 14.34751339495008
1 33842U 93036CK  18212.83396466  .00000106  00000-0  43117-4 0  9997
2 33842  74.0358 145.3941 0051022 193.2452 197.6284 14.37881893496370
1 33844U 93036CM  18213.55385404  .00000122  00000-0  58232-4 0  9991
2 33844  74.0672 253.8276 0053838 230.3885 286.9420 14.28564391493155
1 33845U 93036CN  18212.93056538 +.00003189 +00000-0 +43982-3 0  9997
2 33845 074.0449 031.8251 0039698 027.4897 332.8366 14.78087219500064
1 33848U 93036CR  18213.07704944  .00000329  00000-0  13381-3 0  9990
2 33848  74.0350 242.3948 0056364 236.4608 153.6928 14.30623305493111
1 33849U 97051S   18212.89086342 +.00002406 +00000-0 +63136-3 0  9997
2 33849 086.1037 022.4590 0068666 149.3144 211.2103 14.47406796492726
1 33853U 97051W   18213.06358380  .00000262  00000-0  15363-3 0  9993
2 33853  86.0026  76.1291 0242584 123.3520  28.7046 13.90246567479069
1 33854U 97051X   18212.93747941 +.00000850 +00000-0 +15358-3 0  9991
2 33854 086.2294 008.0461 0008788 179.1671 341.6359 14.65208842501049
1 33855U 97051Y   18212.27177759 +.00004110 +00000-0 +84346-3 0  9999
2 33855 086.3205 144.2408 0019604 009.4716 350.6860 14.60363752316498
1 33858U 97051AB  18213.33590149  .00006482  00000-0  55531-3 0  9990
2 33858  86.1311 308.7270 0011501 280.1619 115.6843 14.97344543504226
1 33859U 97051AC  18212.66608045 -.00001007  00000-0 -31904-3 0  9999
2 33859  86.3433 100.2907 0050474   2.3787 357.7642 14.40431422494605
1 33860U 97051AD  18212.88291851 +.00000337 +00000-0 +91531-4 0  9994
2 33860 086.3930 102.3674 0014531 332.6724 159.5257 14.44557582497363
1 33864U 97051AH  18212.52736465 +.00000596 +00000-0 +14892-3 0  9995
2 33864 086.2759 053.2322 0006193 079.0610 310.3307 14.49934517497736
1 33865U 97051AJ  18212.92287333 +.00001449 +00000-0 +26499-3 0  9999
2 33865 086.3463 071.3092 0038559 174.7712 249.7174 14.64693931499448
1 33866U 97051AK  18212.97528187  .00000429  00000-0  20087-3 0  9994
2 33866  86.3019 134.7287 0129014  43.5347  47.7387 14.13536771487171
1 33869U 97051AN  18213.20767510  .00000949  00000-0  28360-3 0  9998
2 33869  86.3657 126.4388 0069052  98.6613 262.2416 14.40534513492641
1 33870U 97051AP  18212.71808282 +.00000289 +00000-0 +93963-4 0  9996
2 33870 086.3808 115.3327 0025169 017.2536 012.2776 14.35087058494682
1 33876U 97051AV  18212.89402719  .00001131  00000-0  13736-3 0  9992
2 33876  86.2028 355.2436 0010412  82.4687  84.3350 14.82528981501823
1 33878U 97051AX  18212.89191947 +.00003100 +00000-0 +89428-3 0  9991
2 33878 086.3070 111.8168 0105843 127.8831 233.2000 14.41101257491833
1 33879U 97051AY  18213.30741392  .00000943  00000-0  14499-3 0  9992
2 33879  86.3610  62.0721 0029970  81.2436 279.2173 14.72060232501504
1 33881U 97051BA  18212.80582227 +.00000767 +00000-0 +30801-3 0  9998
2 33881 086.3951 151.1610 0087923 276.6891 111.6855 14.24935013489785
1 33884U 97051BD  18212.66535863  .00000463  00000-0  12306-3 0  9992
2 33884  86.3814  95.8716 0015695  56.1391 333.7290 14.46410111497713
1 33887U 97051BG  18212.90930734 +.00000074 +00000-0 +19058-4 0  9998
2 33887 086.3028 079.1294 0007998 041.9663 016.7875 14.34977646495601
1 33888U 97051BH  18212.88247636 +.00000827 +00000-0 +24915-3 0  9991
2 33888 086.3263 098.2047 0049130 027.9655 332.4168 14.40699156493986
1 33889U 93036CS  18212.81416641 +.00003850 +00000-0 +24914-3 0  9996
2 33889 074.1034 150.9596 0033937 109.7589 250.7267 15.08077455508386
1 33890U 93036CT  18212.88067438  .00000440  00000-0  10695-3 0  9994
2 33890  74.0187  18.1004 0048229  94.1988 266.4689 14.55200567500304
1 33892U 93036CV  18212.61510800 +.00000293 +00000-0 +14903-3 0  9995
2 33892 073.8069 290.4179 0123496 076.8985 352.7457 14.16387443488026
1 33893U 93036CW  18212.85241942 +.00001581 +00000-0 +27474-3 0  9998
2 33893 074.0249 115.1437 0161926 139.5315 265.3568 14.60778810496666
1 33894U 93036CX  18212.59843386 +.00001265 +00000-0 +13920-2 0  9999
2 33894 073.7695 156.4274 0598453 095.2075 271.7555 13.14333677452974
1 33896U 93036CZ  18212.72913138 +.00000482 +00000-0 +25440-3 0  9990
2 33896 073.7740 320.3565 0138353 222.6091 289.5326 14.11953519487067
1 33899U 93036DC  18213.46624437  .00000305  00000-0  89896-4 0  9996
2 33899  74.0576  90.0660 0077015 118.8109 304.5627 14.46146967498570
1 33900U 93036DD  18212.96417422 +.00000152 +00000-0 +46415-4 0  9997
2 33900 074.0213 031.0886 0055363 123.0275 030.4229 14.49396342499919
1 33901U 93036DE  18212.62002720 +.00000577 +00000-0 +12459-3 0  9993
2 33901 073.7906 285.3013 0117283 191.3528 168.4988 14.56784632500457
1 33539U 88081P   18038.31469816 -.00001554 +00000-0 -80088-1 0  9998
2 33539 007.2899 090.5351 7118043 157.4242 263.4893 02.19345863038773
1 33546U 88109V   18211.36977520 -.00000188  00000-0 -23045-2 0  9994
2 33546   6.6749 203.6558 7111692 157.5293 336.8289  2.23314659111808
1 33549U 89006AR  18208.26079597 -.00000215 +00000-0 -26619-2 0  9997
2 33549 007.3845 307.3561 7053613 036.8951 339.6356 02.25182551104848
1 33555U 89006AX  16144.01914604  .00014523  00000-0  61360+0 0  9995
2 33555   8.0691 235.8616 7091178 181.7176 334.2519  2.24436161 82783
1 33559U 89006BB  16124.02942384 -.00000323 +00000-0 -59097-2 0  9996
2 33559 008.1858 249.4600 7079709 156.3180 136.2703 02.24211780082835
1 33567U 89006BK  18095.69015056 -.00001347  00000-0 -27724-1 0  9992
2 33567   8.2279 290.7354 7112401  60.4100   0.3222  2.26633629111383
1 33571U 89006BP  15096.69309809 -.00000136  00000-0  00000+0 0  9997
2 33571  11.4774 224.7962 6965329 182.3356 354.0938  2.22072931 82342
