1 30545U 99025AKK 18211.99972649 -.00000010  00000-0  33071-4 0  9990
2 30545  98.9910  34.6977 0476921  33.4703 119.2738 13.19134560554682
1 30546U 99025AKL 18211.83143906  .00000457  00000-0  93642-4 0  9994
2 30546  98.8916 160.9699 0144833 192.0397 196.9805 14.60006463610314
1 30547U 99025AKM 18211.76492962  .00000119  00000-0  56356-4 0  9992
2 30547  98.6942 319.1757 0100686 217.4265 299.7509 14.33738737601183
1 30548U 99025AKN 18211.77404027 +.00000512 +00000-0 +30340-3 0  9990
2 30548 099.7218 195.9096 0081561 235.8864 249.9390 14.11089715589256
1 30549U 99025AKP 18211.36087157 +.00000472 +00000-0 +29349-3 0  9999
2 30549 098.4441 180.2661 0330198 127.1692 033.9262 13.84945694579299
1 30550U 99025AKQ 18211.24557240 +.00000397 +00000-0 +33711-3 0  9997
2 30550 099.1334 119.0222 0155447 053.1996 102.3264 13.87684516579435
1 30552U 99025AKS 18210.39010625 +.00000878 +00000-0 +42778-3 0  9992
2 30552 098.8975 269.9091 0023456 160.9288 258.2140 14.20614380592134
1 30553U 99025AKT 18212.08584913  .00000655  00000-0  25240-3 0  9995
2 30553  99.1516  78.7817 0038710 159.1954 201.0814 14.33530002597378
1 30554U 99025AKU 18211.72955780  .00001243  00000-0  38498-3 0  9993
2 30554  98.8192 310.1318 0033527 270.7961 252.7077 14.42734704598586
1 30555U 99025AKV 18211.10966133 +.00000360 +00000-0 +22841-3 0  9994
2 30555 098.9828 252.5159 0047899 343.9715 033.7409 14.09705514589130
1 30556U 99025AKW 18211.62375392 +.00000093 +00000-0 +92862-4 0  9997
2 30556 098.9675 264.9740 0065105 145.3778 007.4470 13.98616775586047
1 30557U 99025AKX 18211.86351065 +.00000611 +00000-0 +42846-3 0  9997
2 30557 099.1076 263.8022 0074959 150.0573 266.1142 14.00843447585355
1 30558U 99025AKY 18211.47273473  .00000421  00000-0  68644-3 0  9994
2 30558  99.4565 198.3768 0443386 237.8567 280.1714 13.20089687551883
1 30560U 99025ALA 18211.90772170  .00000036  00000-0  39262-4 0  9990
2 30560  98.7704 242.5131 0119951 351.9468 129.2041 14.14032849593081
1 30561U 99025ALB 18211.02243315  .00000207  00000-0  14336-3 0  9992
2 30561  98.9066 241.4260 0062826 158.3163 221.7179 14.08520110590606
1 30562U 99025ALC 18212.43632878  .00000333  00000-0  20896-3 0  9993
2 30562  98.9611 267.3272 0068559 347.5212 140.8402 14.10122331589962
1 30563U 99025ALD 18211.89255595 +.00001452 +00000-0 +27009-3 0  9996
2 30563 099.0897 194.5247 0064787 090.9398 299.9400 14.65609956605985
1 30564U 99025ALE 18211.92070866 +.00000159 +00000-0 +11063-3 0  9993
2 30564 099.0004 254.2965 0227118 046.1658 074.6206 13.99615567585933
1 30565U 99025ALF 18211.53884316  .00000432  00000-0  31343-3 0  9991
2 30565  98.4591 244.4332 0162493 348.4901 176.4427 13.95127822582841
1 30566U 99025ALG 18211.84797080 +.00000350 +00000-0 +25456-3 0  9994
2 30566 099.1769 173.9275 0076666 059.9412 330.3925 14.01490090585942
1 30567U 99025ALH 18212.04625785  .00000012  00000-0  32002-4 0  9991
2 30567  98.8656 244.1276 0112043 206.4799 182.6278 14.06250286589267
1 30568U 99025ALJ 18211.70002890 +.00000791 +00000-0 +39044-3 0  9996
2 30568 098.9363 285.5859 0027774 073.1589 077.9302 14.20176592592375
1 30569U 99025ALK 18212.37850296  .00000750  00000-0  31338-3 0  9995
2 30569  98.8148 263.3723 0026908 134.6575 225.6805 14.28963736595562
1 30570U 99025ALL 18210.73658319 +.00000191 +00000-0 +13246-3 0  9994
2 30570 099.0152 238.4616 0035827 268.0036 155.6300 14.10384936590062
1 30571U 99025ALM 18211.48790564 -.00000087 +00000-0 -24175-4 0  9997
2 30571 099.0351 237.9749 0020142 252.8824 213.2216 14.08609641589688
1 30572U 99025ALN 18211.89094141  .00000085  00000-0  77916-4 0  9998
2 30572  99.0806 235.1579 0023980 273.9831 207.7305 14.06910613589274
1 30573U 99025ALP 18210.36289163 +.00000837 +00000-0 +56813-3 0  9997
2 30573 099.1511 168.9292 0105294 158.0388 004.4594 14.00320366583970
1 30574U 99025ALQ 18212.10149259  .00000541  00000-0  58430-3 0  9992
2 30574  99.3270  77.7029 0243778 151.8935 209.5620 13.65333578570017
1 30575U 99025ALR 18212.19258595  .00000282  00000-0  12740-3 0  9992
2 30575  99.1789 103.5789 0063606 107.2017  50.2106 14.29129936597042
1 30576U 99025ALS 18211.83908198 +.00000792 +00000-0 +25498-3 0  9994
2 30576 099.0990 067.2118 0104767 147.4170 341.6079 14.39253581600785
1 30577U 99025ALT 18211.33044250  .00000019  00000-0  38452-4 0  9997
2 30577  99.0642 238.8037 0029523 285.0422 140.2350 14.07252011588963
1 30578U 99025ALU 18211.86585191  .00000980  00000-0  48090-3 0  9995
2 30578  99.0206 275.6466 0051898 251.1018 168.7731 14.19463775590583
1 30579U 99025ALV 18212.04471491 -.00000171  00000-0 -80335-4 0  9997
2 30579  99.1070 240.4591 0055112  36.2427 352.6945 14.02841293587395
1 30593U 99025ALY 18211.77494075  .00001013  00000-0  38178-3 0  9996
2 30593 102.3984 151.8052 0012599 151.7392 239.1311 14.35198400598495
1 30594U 99025ALZ 18211.52176103 -.00000007  00000-0  16989-4 0  9999
2 30594  98.9874 324.6044 0198459  10.2422 350.2705 14.15317270595088
1 30596U 99025AMB 18212.56822795  .00000025  00000-0  21808-4 0  9996
2 30596  98.5672 245.3793 0263768 324.7153 188.6150 14.29073239601244
1 30597U 99025AMC 18208.27341276 +.00001192 +00000-0 +43331-3 0  9990
2 30597 098.9388 328.5080 0129280 235.8770 123.0093 14.30699078597142
1 30599U 99025AME 18212.53581845  .00000176  00000-0  74399-4 0  9994
2 30599  98.8657 251.1664 0331446 107.3593 256.4111 14.11050885591801
1 30600U 99025AMF 18212.50935289  .00000473  00000-0  26397-3 0  9993
2 30600  98.3655  53.9312 0451640  49.4390 314.5176 13.72980560572832
1 30602U 99025AMH 18211.79252953  .00000766  00000-0  35655-3 0  9997
2 30602  99.0424 314.5980 0035221 101.6631  61.8874 14.23257407593402
1 30603U 99025AMJ 18209.74296606 +.00000056 +00000-0 +83802-4 0  9993
2 30603 098.4692 127.0725 0196404 315.5874 070.2410 13.76587041578234
1 30604U 99025AMK 18211.70757184  .00000172  00000-0  82477-4 0  9992
2 30604  98.7170 288.4422 0219039 248.6102 265.7686 14.19563643596893
1 30606U 99025AMM 18212.10146514  .00000136  00000-0  38271-4 0  9991
2 30606  98.3765 264.8021 0258571  77.3170 307.7280 14.42594346603706
1 30607U 99025AMN 18212.01477792  .00000890  00000-0  35408-3 0  9992
2 30607  98.9151 277.5296 0047298  71.7750 288.8571 14.30635972592652
1 30609U 99025AMQ 18210.96887937 +.00000265 +00000-0 +20709-3 0  9996
2 30609 098.5439 271.8068 0147342 032.8608 328.1611 13.94863734580674
1 30611U 99025AMS 18211.91826062 +.00000977 +00000-0 +48172-4 0  9992
2 30611 098.6390 194.7356 0177159 227.4432 131.1726 15.08553643619341
1 30612U 99025AMT 18212.33225734  .00000454  00000-0  10440-3 0  9995
2 30612  99.1336 224.9112 0116036 346.0697 144.7155 14.57233312608730
1 30613U 99025AMU 18211.11183212 +.00000763 +00000-0 +17745-3 0  9993
2 30613 098.5170 275.1345 0223147 191.9095 167.6769 14.43883673602080
1 30616U 99025AMX 18211.68927804  .00000300  00000-0  44997-3 0  9997
2 30616  98.6502 293.6014 0400693 133.0000 230.5449 13.30585568558809
1 30619U 99025ANA 18210.91520785  .00000124  00000-0  45851-4 0  9997
2 30619  98.6133 243.6104 0231163 180.1922 179.9213 14.35330770602801
1 30621U 99025ANC 18210.72141271 +.00000624 +00000-0 +48946-3 0  9990
2 30621 098.6851 289.8160 0168189 179.2281 334.5297 13.88959004580944
1 30622U 99025AND 18211.76166833 +.00001334 +00000-0 +87375-3 0  9995
2 30622 101.0112 311.6165 0109623 212.8147 300.5037 14.01646355308767
1 30623U 99025ANE 18211.38049001 +.00000128 +00000-0 +23500-3 0  9991
2 30623 098.8410 012.7132 0408701 252.4123 136.6135 13.27228073554836
1 30624U 99025ANF 18209.91124113 +.00000911 +00000-0 +45101-3 0  9997
2 30624 098.8970 193.6914 0035127 182.8523 177.2458 14.19478646590185
1 30625U 99025ANG 18211.21474111 +.00000946 +00000-0 +57546-3 0  9994
2 30625 098.9201 129.6254 0085563 026.9246 333.6325 14.06786378586152
1 30627U 99025ANJ 18212.49384250  .00001515  00000-0  21423-3 0  9999
2 30627  98.9138 159.1304 0057046 258.2948 101.1855 14.77830087608090
1 30628U 99025ANK 18212.41027378  .00000539  00000-0  21068-3 0  9997
2 30628  99.3801 191.4581 0034517 194.0118 166.0109 14.33870007597775
1 30629U 99025ANL 18211.11381385  .00000652  00000-0  29580-3 0  9998
2 30629  99.2726  80.3819 0010595  61.9212  95.5708 14.25658254593695
1 30630U 99025ANM 18211.21832052  .00000145  00000-0  10056-3 0  9998
2 30630  98.9519 309.0483 0030332 138.6406 251.7885 14.13302898591146
1 30631U 99025ANN 18211.82128420  .00001069  00000-0  46113-3 0  9992
2 30631  99.0395 332.0492 0052090 178.0295 333.8115 14.26008171593305
1 30632U 99025ANP 18211.81757670  .00000152  00000-0  88325-4 0  9991
2 30632  98.9027 261.2577 0030181 134.0433 287.0553 14.22433564592899
1 30633U 99025ANQ 18211.03778531  .00000607  00000-0  42971-3 0  9996
2 30633  98.4170 250.8377 0139358 255.0590 132.7941 13.96704922583920
1 30634U 99025ANR 18212.28071840  .00000626  00000-0  47311-3 0  9998
2 30634  99.1654 146.3833 0148175 254.2337 262.2054 13.92884911581519
1 30636U 99025ANT 18211.86161852 +.00001710 +00000-0 +13447-3 0  9994
2 30636 098.7360 182.9544 0062136 263.4406 095.9739 15.01081425613817
1 30637U 99025ANU 18212.30831870  .00000786  00000-0  15052-3 0  9995
2 30637  98.9127 146.3459 0087986 305.5629 221.4102 14.64748120606963
1 30639U 99025ANW 18211.78756706 +.00000366 +00000-0 +23003-3 0  9991
2 30639 099.0920 251.7360 0090312 333.4775 026.1787 14.08839166586616
1 30640U 99025ANX 18211.71289175 +.00000423 +00000-0 +28769-3 0  9995
2 30640 099.2302 211.4981 0093828 025.5329 030.3758 14.03506645585976
1 30641U 99025ANY 18212.51256362  .00000178  00000-0  39232-4 0  9992
2 30641  99.0112 222.2330 0177475 139.1565  11.6214 14.61853802611251
1 30642U 99025ANZ 18211.36547872  .00001258  00000-0  24401-3 0  9995
2 30642  99.0181 156.3684 0061179  95.9179  62.3409 14.64137449605134
1 30645U 99025APC 18211.98432102  .00003747  00000-0  35364-3 0  9990
2 30645  98.9791 216.8428 0038631 191.9383 196.8180 14.93964245609644
1 30646U 99025APD 18211.90648664 +.00000014 +00000-0 +35489-4 0  9998
2 30646 098.9301 274.2767 0050923 036.5686 323.8941 14.05014004587716
1 30647U 99025APE 18212.34891373  .00000575  00000-0  25055-3 0  9994
2 30647  99.0187 348.9553 0049917 104.1632 285.0541 14.27339194594770
1 30648U 99025APF 18211.88265479 +.00000427 +00000-0 +20133-3 0  9993
2 30648 098.7934 268.8189 0050357 089.4501 325.3022 14.24306331593935
1 30649U 99025APG 18211.91436848 +.00000495 +00000-0 +28267-3 0  9999
2 30649 098.9373 277.4959 0061754 300.1440 108.6340 14.13346594589263
1 30650U 99025APH 18211.83804372 +.00000398 +00000-0 +27876-3 0  9990
2 30650 099.1409 169.6642 0085106 089.7813 300.8209 14.02471290584759
1 30652U 99025APJ 18211.71658890  .00000130  00000-0  10490-3 0  9999
2 30652  99.1108 231.8862 0007447 239.9115 182.6086 14.07026950588307
1 30654U 99025APL 18211.99531204  .00000305  00000-0  20407-3 0  9993
2 30654  99.3157   2.0985 0038108  42.6797 317.7321 14.08528477587496
1 30655U 99025APM 18211.31237955 +.00001077 +00000-0 +46553-3 0  9993
2 30655 098.7667 156.7265 0022971 354.4087 160.0427 14.26358205590693
1 30656U 99025APN 18212.48654249  .00000762  00000-0  39819-3 0  9999
2 30656  98.9776 292.9178 0051057 258.4945 101.0493 14.16865111588756
1 30657U 99025APP 18210.54213940 +.00000499 +00000-0 +26752-3 0  9993
2 30657 099.0001 242.2146 0023657 172.9458 350.6575 14.17564567589359
1 30658U 99025APQ 18209.24830525 +.00000383 +00000-0 +36853-3 0  9998
2 30658 098.4810 127.6564 0204090 346.6681 166.9268 13.76625106576131
1 30659U 99025APR 18212.13380851  .00000468  00000-0  57073-4 0  9995
2 30659  99.0209 317.4461 0153633 327.1339 152.1627 14.81718545615122
1 30660U 99025APS 18212.56823330  .00000222  00000-0  40821-4 0  9999
2 30660  98.4156 238.5162 0194933 213.7354 299.5464 14.64884350612473
1 30661U 99025APT 18211.83110894 +.00000006 +00000-0 +23336-4 0  9995
2 30661 099.4376 170.0939 0148718 065.9346 295.7307 14.19250161597045
1 30662U 99025APU 18210.41086229 +.00000446 +00000-0 +27756-3 0  9990
2 30662 099.0636 181.5516 0039747 297.9316 214.5603 14.09811896586115
1 30663U 99025APV 18211.32267785 +.00000649 +00000-0 +58078-3 0  9996
2 30663 099.2786 052.5504 0709768 052.4130 313.9303 13.07785569537462
1 30664U 99025APW 18211.79057045  .00001605  00000-0  29540-3 0  9999
2 30664  98.9934 147.3375 0051638  73.7658 286.9215 14.66389320602702
1 30665U 99025APX 18212.31191729  .00000211  00000-0  16819-3 0  9994
2 30665  99.0409 140.6010 0089511  82.1548  71.7931 13.99581266582673
1 30666U 99025APY 18211.59338716 -.00000226  00000-0 -12166-3 0  9992
2 30666  98.9333 248.0901 0061649  76.2400  74.6530 14.00314188584245
1 30667U 99025APZ 18212.19559683  .00002719  00000-0  14526-3 0  9997
2 30667  98.8911 343.4216 0095664  42.1692 318.6842 15.12361702617438
1 30668U 99025AQA 18211.72959990  .00000862  00000-0  58971-3 0  9990
2 30668  99.2442 212.9196 0092885 126.7281 288.5259 14.00397856583013
1 30669U 99025AQB 18212.18162741  .00000070  00000-0  78885-4 0  9990
2 30669  98.6427 294.2012 0143201  79.8939 311.3884 13.91763246579436
1 30670U 99025AQC 18212.49495140 -.00000003  00000-0  21763-4 0  9998
2 30670  99.0466 227.2926 0039821 155.8486   5.1016 14.14804292591050
1 30671U 99025AQD 18211.99697306  .00000295  00000-0  26689-3 0  9994
2 30671  99.4544 224.1756 0139607  66.5687 323.6152 13.87524967578212
1 30672U 99025AQE 18211.81979828  .00001872  00000-0  23197-3 0  9991
2 30672  99.0589 252.6961 0061212 219.5048 140.1692 14.82924177607788
1 30673U 99025AQF 18211.72578137 -.00000198 +00000-0 -98361-4 0  9998
2 30673 099.2471 226.7965 0053463 031.2749 030.6387 14.02168965587950
1 30674U 99025AQG 18211.75490782  .00001134  00000-0  54495-3 0  9999
2 30674  99.0048 241.4192 0062563 244.9919 114.4751 14.19925439588433
1 30675U 99025AQH 18211.82208097  .00000530  00000-0  30227-3 0  9990
2 30675  98.9268 271.1616 0061539 295.8486 128.3626 14.13151397588010
1 30676U 99025AQJ 18211.40917636 -.00000041 +00000-0 -31520-5 0  9999
2 30676 098.2976 006.5555 0508080 063.2693 301.9523 13.64395559571388
1 30677U 99025AQK 18211.31627225  .00000583  00000-0  26523-3 0  9996
2 30677  98.3114 345.4099 0079147 223.8808 167.1640 14.23608174596184
1 30678U 99025AQL 18211.73282613  .00001079  00000-0  74150-3 0  9991
2 30678  99.0288 136.3556 0100360 171.1836 219.4060 13.99204050580792
1 30679U 99025AQM 18210.50968932 +.00000142 +00000-0 +17374-3 0  9996
2 30679 099.6282 219.5567 0175482 289.4802 224.7628 13.76311157574493
1 30680U 99025AQN 18211.34031555 -.00001628  00000-0 -20101-2 0  9996
2 30680  99.5537 343.7205 0354182   2.3936 357.8790 13.40285667561268
1 30683U 99025AQR 18212.32056007  .00000193  00000-0  17517-3 0  9999
2 30683  99.2657 156.7356 0158527 297.1011 218.1223 13.89971530580976
1 30684U 99025AQS 18212.02321997  .00000485  00000-0  56530-3 0  9992
2 30684  99.7391 241.2688 0240159 294.9092  92.0620 13.62404264570393
1 30686U 99025AQU 18211.78993369 +.00000290 +00000-0 +70293-4 0  9991
2 30686 098.9900 153.5035 0203419 345.2543 036.5433 14.50061045604467
1 30687U 99025AQV 18211.13113470  .00042569  00000-0  10322-2 0  9998
2 30687  98.9688 268.2909 0010443  60.5982 299.6301 15.40890048611841
1 30688U 99025AQW 18211.62476236  .00000474  00000-0  25961-3 0  9990
2 30688  98.8818 261.8242 0021103 144.8027   7.2906 14.16563604590843
1 30689U 99025AQX 18212.56798098  .00000242  00000-0  15675-3 0  9992
2 30689  98.8059 252.3438 0116345 161.5486 354.7717 14.08137605590255
1 30690U 99025AQY 18211.23789184  .00000163  00000-0  15222-3 0  9993
2 30690  99.1117 130.7333 0113928 230.4284 290.4949 13.92677700581895
1 30691U 99025AQZ 18208.32322448 +.00000193 +00000-0 +19708-3 0  9992
2 30691 098.8509 337.1389 0146903 336.3897 051.4806 13.83227734578482
1 30693U 99025ARB 18212.04275984  .00000121  00000-0  92024-4 0  9994
2 30693  98.7722 250.9053 0029513 259.8183  99.9659 14.10405159589827
1 30694U 99025ARC 18211.49614603  .00000301  00000-0  59788-4 0  9998
2 30694  99.0829 229.6154 0197542 285.3732  72.5717 14.59719148607166
1 30695U 99025ARD 18211.92122878 +.00023386 +00000-0 +65556-3 0  9992
2 30695 098.9205 284.1772 0018550 300.4252 059.5154 15.36453387612760
1 30696U 99025ARE 18211.93419074 +.00000338 +00000-0 +13326-3 0  9991
2 30696 098.6806 250.7835 0106440 202.5580 280.3790 14.32457923596807
1 30697U 99025ARF 18209.55537983 +.00000635 +00000-0 +41971-3 0  9994
2 30697 099.0892 246.8845 0100397 143.5981 013.2701 14.02853874584038
1 30699U 99025ARH 18211.93994544 +.00000572 +00000-0 +27283-3 0  9991
2 30699 099.3137 106.1420 0005564 054.2615 305.9078 14.23604834591606
1 30700U 99025ARJ 18212.28288613  .00000021  00000-0  29090-4 0  9994
2 30700  98.8594 237.5030 0088933   9.6249 350.6607 14.21652798593599
1 30701U 99025ARK 18212.01512052 -.00000039  00000-0  36175-5 0  9996
2 30701  99.0556 226.6202 0034857 172.7355 215.2681 14.13788412590901
1 30702U 99025ARL 18210.65577821 -.00000255 +00000-0 -14453-3 0  9994
2 30702 099.0327 269.3240 0078224 197.3252 321.6821 13.98097303584869
1 30703U 99025ARM 18211.78304892 +.00000175 +00000-0 +11870-3 0  9995
2 30703 098.9425 143.0037 0136893 301.8017 084.3036 14.08051666585762
1 30704U 99025ARN 18212.03293023  .00000043  00000-0  57510-4 0  9994
2 30704  99.0152 241.8921 0074775   9.3939  19.8448 14.00111483584589
1 30705U 99025ARP 18212.01471361  .00000065  00000-0  12347-3 0  9998
2 30705 102.2036 265.4319 0219043 110.8690   8.0406 13.70655019570888
1 30706U 99025ARQ 18211.82332803 +.00000505 +00000-0 +26815-3 0  9998
2 30706 099.0792 341.0456 0030223 230.6860 129.1634 14.17996068594119
1 30707U 99025ARR 18211.56035509 +.00000498 +00000-0 +29690-3 0  9998
2 30707 099.4306 075.8684 0036218 049.5360 343.3854 14.11996838586981
1 30708U 99025ARS 18211.56056586 -.00000031  00000-0  78822-5 0  9994
2 30708  98.9518 238.6274 0007442 260.2423 253.7629 14.10825148588636
1 30709U 99025ART 18212.27102966  .00000738  00000-0  52298-3 0  9998
2 30709  99.0796 147.3644 0099882 165.7630 356.2487 13.98538850582802
1 30710U 99025ARU 18212.18434122  .00000818  00000-0  67726-3 0  9993
2 30710 102.7545 200.4294 0262353 206.4615 218.9864 13.78785933576980
1 30714U 99025ARY 18212.01246822  .00000665  00000-0  48123-3 0  9997
2 30714  99.0640 281.6886 0072925 167.1142 315.9640 13.98808725583826
1 30715U 99025ARZ 18212.04018716  .00000039  00000-0  52904-4 0  9998
2 30715  99.1835 238.7629 0079675 101.4729 259.5397 14.02490434583588
1 30716U 99025ASA 18212.18089986  .00000397  00000-0  18263-3 0  9997
2 30716  98.8446 287.9180 0056965  99.5567 288.7520 14.25888139592158
1 30717U 99025ASB 18211.90903286  .00000678  00000-0  41581-3 0  9996
2 30717  99.1414 205.0091 0053048 265.2654  94.2455 14.08652744585463
1 30718U 99025ASC 18211.58929465  .00000572  00000-0  33760-3 0  9991
2 30718  99.0672 241.6528 0067084 221.1396 292.4244 14.10901100587612
1 30719U 99025ASD 18212.08817020  .00000585  00000-0  29239-3 0  9991
2 30719  98.9326 262.3820 0018506  91.1704 269.1592 14.20665087590630
1 30720U 99025ASE 18211.73620201 +.00000175 +00000-0 +10106-3 0  9995
2 30720 098.8641 308.5483 0036517 155.0647 005.8918 14.20832070591969
1 30721U 99025ASF 18210.40775514 +.00000487 +00000-0 +20991-3 0  9996
2 30721 098.8040 264.4581 0058508 040.6506 087.9856 14.28134541592014
1 30722U 99025ASG 18211.27408456 +.00003439 +00000-0 +98512-3 0  9995
2 30722 098.3120 161.0127 0322299 049.3887 313.4856 14.19344298579403
1 30723U 99025ASH 18211.52933476  .00000579  00000-0  29556-3 0  9993
2 30723  98.9853 217.3875 0019051 111.5042  44.2793 14.19618936590395
1 30724U 99025ASJ 18211.34818361 +.00000098 +00000-0 +52699-4 0  9990
2 30724 099.2719 168.5190 0102347 122.6520 031.9919 14.31170227599003
1 30725U 99025ASK 18211.50346014  .00000286  00000-0  19789-3 0  9991
2 30725  99.1909 219.6556 0102078 346.6124 167.1853 14.04786877584600
1 30726U 99025ASL 18212.32049816  .00000421  00000-0  30290-3 0  9994
2 30726  99.1162 155.7855 0088374  96.4685  56.3994 14.00513369583163
1 30728U 99025ASN 18212.06464739 -.00000014  00000-0  13132-4 0  9998
2 30728  98.7454 239.2459 0099270 335.2941  24.3499 14.22561727594261
1 30730U 99025ASQ 18211.55494803  .00000432  00000-0  23404-3 0  9994
2 30730  98.8788 251.2140 0089508 216.2567 313.1427 14.15678199588516
1 30731U 99025ASR 18212.45921375  .00000655  00000-0  32841-3 0  9996
2 30731  98.9631 204.5414 0021779  98.0676  53.8754 14.20004863590200
1 30732U 99025ASS 18211.93309122 -.00000254 +00000-0 -12994-3 0  9993
2 30732 099.1016 244.4028 0132714 121.8333 358.2979 14.01182046584733
1 30733U 99025AST 18212.41171732  .00001464  00000-0  26327-3 0  9999
2 30733  99.0539 191.8624 0068643  19.2092 341.1673 14.66972480604433
1 30734U 99025ASU 18211.10423505 +.00005456 +00000-0 +39866-3 0  9990
2 30734 098.9712 266.7433 0062141 115.5684 245.1978 15.02622251609399
1 30735U 99025ASV 18210.09170344 +.00000501 +00000-0 +29769-3 0  9995
2 30735 098.9541 266.6967 0070965 344.0246 045.3042 14.10827449586690
1 30736U 99025ASW 18211.76636928 +.00000379 +00000-0 +46780-3 0  9991
2 30736 098.8191 136.5622 0296466 171.4584 221.4335 13.53559749563673
1 30737U 99025ASX 18212.39645061  .00000071  00000-0  58701-4 0  9996
2 30737  98.6855 258.1620 0023827 309.4476 117.1092 14.15281136589849
1 30738U 99025ASY 18212.15416426  .00001159  00000-0  52043-3 0  9992
2 30738  99.3807  95.1631 0063003 358.5884   1.5105 14.23548738589534
1 30739U 99025ASZ 18212.05767626 -.00000012  00000-0  16021-4 0  9998
2 30739  98.7626 246.3134 0106830  65.6464 326.8864 14.11589802588922
1 30740U 99025ATA 18211.61751804  .00000497  00000-0  23271-3 0  9992
2 30740  98.8081 267.9954 0050448  97.9242 262.7667 14.24052160592137
1 30741U 99025ATB 18212.02088681  .00000031  00000-0  41380-4 0  9991
2 30741  98.9122 239.3632 0006162 191.8431 198.1664 14.11855614589315
1 30742U 99025ATC 18211.64290403 +.00000099 +00000-0 +93423-4 0  9995
2 30742 099.0730 260.2367 0083540 157.3922 356.2093 14.00690584582810
1 30744U 99025ATE 18211.97811260  .00000757  00000-0  30764-3 0  9992
2 30744  98.8282 254.6885 0019332  28.5670  61.0266 14.30488578593568
1 30745U 99025ATF 18211.19617020 +.00000794 +00000-0 +30614-3 0  9990
2 30745 099.2448 111.7515 0027875 153.5042 359.8080 14.33130898592781
1 30746U 99025ATG 18212.22726458  .00000280  00000-0  14697-3 0  9995
2 30746  98.8629 311.1311 0049768 137.2548 253.2887 14.21414894591782
1 30749U 99025ATK 18212.04046843 -.00000223  00000-0 -12147-3 0  9998
2 30749  99.1988 234.8793 0058258  89.4035 271.3803 13.99043544583857
1 30750U 99025ATL 18211.98335847  .00000439  00000-0  25861-3 0  9991
2 30750  99.0749 214.9478 0048811 185.2379 203.5334 14.12711793586710
1 30751U 99025ATM 18211.82638122 +.00000010 +00000-0 +32988-4 0  9991
2 30751 099.0508 257.7158 0064271 082.1995 338.8686 14.04702747584025
1 30752U 99025ATN 18211.68157859  .00000695  00000-0  26492-3 0  9990
2 30752  98.8805 289.3295 0027070   4.9197 151.6781 14.33968102593284
1 30753U 99025ATP 18211.36846613  .00000267  00000-0  18955-3 0  9999
2 30753  99.0338 247.4510 0060210 345.3771  14.5652 14.05246996584853
1 30755U 99025ATR 18211.92850785 +.00000097 +00000-0 +41987-4 0  9991
2 30755 098.4329 257.9998 0173756 073.9433 049.8311 14.35748905597579
1 30756U 99025ATS 18211.95837959 +.00000501 +00000-0 +31861-3 0  9992
2 30756 099.1539 215.5591 0081811 303.6010 085.4712 14.06910584584663
1 30758U 99025ATU 18212.08200413  .00000158  00000-0  11910-3 0  9999
2 30758  99.0116 294.6937 0044156  11.0878 107.4157 14.07738420585904
1 30759U 99025ATV 18212.17131572  .00000286  00000-0  14078-3 0  9999
2 30759  99.2749  94.8409 0017866  18.6291 132.6484 14.25811661591441
1 30760U 99025ATW 18212.49156108 -.00000018  00000-0  16625-4 0  9993
2 30760  98.9533 241.8103 0053011 301.4945  58.1048 14.03389436584970
1 30761U 99025ATX 18211.66324040  .00000264  00000-0  12406-3 0  9998
2 30761  99.0614   3.7566 0096270 181.3731 178.7198 14.26103528593328
1 30762U 99025ATY 18211.96903074 -.00000225 +00000-0 -11419-3 0  9994
2 30762 099.0207 254.4982 0206300 147.3162 332.9913 13.94814055580885
1 30763U 99025ATZ 18212.44246424  .00001083  00000-0  53627-3 0  9996
2 30763  98.8825 187.2861 0036237 169.9549 343.5110 14.19073122587274
1 30764U 99025AUA 18212.51568656  .00000368  00000-0  45594-4 0  9999
2 30764  98.8242 218.3082 0188355 162.0482 349.5363 14.78403145613394
1 30765U 99025AUB 18212.05453403  .00000133  00000-0  10263-3 0  9996
2 30765  99.0593 242.6076 0072983 228.0077 160.0092 14.08029667591578
1 30766U 99025AUC 18211.41243236 -.00000159  00000-0 -70595-4 0  9992
2 30766  98.8922 265.1907 0089983  81.2114 336.2331 14.04135644589191
1 30768U 99025AUE 18211.39450081 +.00000456 +00000-0 +21239-3 0  9997
2 30768 098.7894 264.5965 0039844 076.6907 052.9994 14.24955848593770
1 30770U 99025AUG 18211.53176564  .00000062  00000-0  57165-4 0  9998
2 30770  98.8672 241.7654 0014454  36.9476 129.7544 14.12871292589147
1 30771U 99025AUH 18211.75967830 +.00000708 +00000-0 +37687-3 0  9990
2 30771 098.8069 136.6906 0032717 128.2229 232.1899 14.16306503587820
1 30783U 99057NS  18212.13532140  .00000115  00000-0  55511-4 0  9992
2 30783  98.1904  79.5910 0048758 233.7164 290.0408 14.33574088597101
1 30789U 99057NY  18212.31410591  .00000328  00000-0  11152-3 0  9991
2 30789  98.4931 162.9085 0008132 120.9511  37.1027 14.42797087600158
1 30791U 99057PA  18211.82932351  .00000343  00000-0  10840-3 0  9992
2 30791  98.4839 172.1340 0006528 100.5529 290.8911 14.46129180601119
1 30792U 99057PB  18211.30100392 -.00000002  00000-0  14418-4 0  9997
2 30792  98.5303 150.5984 0006142 212.2152 301.3581 14.35499777598415
1 30800U 99025AUJ 18211.75579088  .00001824  00000-0  35904-3 0  9997
2 30800  99.0099 132.0899 0045718 170.2639 217.9201 14.63339886599538
1 30802U 99025AUL 18211.76703251  .00000517  00000-0  28466-3 0  9994
2 30802  99.0111 240.1922 0024371 187.0173 233.8254 14.15966436590534
1 30803U 99025AUM 18212.10254692  .00000673  00000-0  45970-3 0  9996
2 30803  99.1541 168.0123 0117933  68.0205 352.0044 13.99929326582568
1 30804U 99025AUN 18211.91258368 +.00000076 +00000-0 +29954-4 0  9991
2 30804 098.8962 093.6185 0209082 345.9837 074.6709 14.45629664605215
1 30805U 99025AUP 18212.12639944  .00000495  00000-0  36643-3 0  9996
2 30805  99.0608 278.7544 0070086 166.2294 224.3874 13.98775067583478
1 30806U 99025AUQ 18211.58266296 +.00000274 +00000-0 +29581-3 0  9990
2 30806 099.0971 349.5273 0274143 318.0432 101.0165 13.66358829568957
1 30809U 99025AUT 18207.11456949 +.00000542 +00000-0 +30778-3 0  9991
2 30809 098.9346 269.0643 0060221 312.8657 046.7466 14.13297957588837
1 30810U 99025AUU 18210.38424415 -.00002251 +00000-0 -18077-2 0  9997
2 30810 098.7099 185.9429 0231093 195.8164 163.5687 13.78001983571409
1 30811U 99025AUV 18212.26622360  .00000398  00000-0  48677-3 0  9994
2 30811  98.8189 137.5184 0295628 165.0361 195.9764 13.53792793564646
1 30813U 99025AUX 18212.06754091  .00001802  00000-0  27618-3 0  9994
2 30813  98.9044 142.3467 0056974 312.2783  47.3600 14.74084429604109
1 30814U 99025AUY 18211.69982002  .00000612  00000-0  27001-3 0  9992
2 30814  99.1208  14.1131 0052479 150.0022 343.5426 14.26423397592087
1 30815U 99025AUZ 18210.67522162 +.00000811 +00000-0 +35337-3 0  9999
2 30815 099.3100 110.9942 0003364 011.4910 018.5570 14.27063599591208
1 30816U 99025AVA 18212.03380199  .00000549  00000-0  36146-3 0  9991
2 30816  99.1039 247.3481 0062923  40.5351 338.9306 14.05168952585124
1 30817U 99025AVB 18212.10951726 -.00000277  00000-0 -16128-3 0  9998
2 30817  98.9648 263.0712 0067442 145.5468 215.0095 13.98242529583397
1 30820U 99025AVE 18211.97059403 +.00000450 +00000-0 +29942-3 0  9996
2 30820 098.5824 017.7607 0060955 260.5815 256.9413 14.05146102585036
1 30821U 99025AVF 18210.74829727 +.00000149 +00000-0 +61054-4 0  9991
2 30821 099.0621 137.5290 0098852 234.0685 155.8169 14.39595330599774
1 30822U 99025AVG 18211.88231689 +.00000154 +00000-0 +11359-3 0  9990
2 30822 099.0363 238.6024 0075399 306.0348 179.5183 14.08476230587851
1 30823U 99025AVH 18211.65091368 -.00000121  00000-0 -50541-4 0  9997
2 30823  98.7557  92.5166 0141122  39.9719 349.1873 13.99503818583847
1 30826U 99025AVL 18211.07330241 +.00000250 +00000-0 +47612-4 0  9998
2 30826 098.8210 155.3311 0197533 056.4048 003.4664 14.62147538608157
