1 41216U 00055DV  18212.92440460 +.00000285 +00000-0 +25675-3 0  9990
2 41216 098.8556 248.3541 0111965 150.5031 210.2508 13.88825450133977
1 41253U 00055FD  18212.12949086  .00000989  00000-0  42263-3 0  9994
2 41253  98.9797 316.7975 0067121 200.3018 159.5490 14.26131891133674
1 41412U 00055KR  18213.10070549  .00000394  00000-0  25576-3 0  9997
2 41412  98.7676 267.8525 0027795  27.9913 332.2744 14.08039523125708
1 41282U 00055GJ  18212.33598728  .00000261  00000-0  20917-3 0  9997
2 41282  98.8732 261.3717 0072752  97.7504 263.1928 13.97864201132781
1 41348U 00055HR  18212.41817164  .00000691  00000-0  38593-3 0  9993
2 41348  98.8471 282.2371 0042459 126.4600 234.0497 14.13653829129314
1 41497U 00055LV  18212.39084393  .00000337  00000-0  23059-3 0  9993
2 41497  98.8398 275.4676 0038107  24.7623 335.5364 14.05945312123090
1 41229U 00055EJ  18213.42116318  .00000125  00000-0  10858-3 0  9992
2 41229  98.8850 268.3878 0078453  42.0349 318.6800 14.01296462134839
1 41232U 00055EM  18210.44678266 +.00000188 +00000-0 +14837-3 0  9990
2 41232 098.9550 275.0067 0053480 073.6931 287.0107 14.02496525134412
1 41425U 00055LE  18212.07310834  .00000889  00000-0  38907-3 0  9991
2 41425  98.9202 309.9100 0057624 177.7471 182.3978 14.25459500128710
1 41295U 00055GX  18212.39368328  .00000458  00000-0  29581-3 0  9992
2 41295  98.8399 275.6561 0029206  86.7509 273.7001 14.07640042133875
1 41298U 00055HA  18213.40088441  .00000504  00000-0  30195-3 0  9998
2 41298  98.8766 284.7796 0058453 317.3273  42.3366 14.10743900133598
1 41367U 00055JL  18213.48920261  .00000942  00000-0  45275-3 0  9999
2 41367  98.9354 305.3073 0054807 230.5301 129.1020 14.20527903128841
1 41256U 00055FG  18212.51028898 +.00001039 +00000-0 +52493-3 0  9992
2 41256 099.0718 314.1208 0025671 188.9759 171.0960 14.18353617133214
1 41415U 00055KU  18212.39934702 +.00000471 +00000-0 +26891-3 0  9997
2 41415 098.8558 287.6167 0008656 183.5567 176.5545 14.14482623125395
1 41285U 00055GM  18212.40556018 +.00000509 +00000-0 +30042-3 0  9999
2 41285 098.8605 283.8239 0059041 312.1251 047.4911 14.11433868134202
1 41351U 00055HU  18213.41359849  .00000263  00000-0  17289-3 0  9993
2 41351  98.7928 275.5730 0013981 103.4276 256.8454 14.10164609131587
1 41343U 00055HL  18212.98180398  .00000487  00000-0  27163-3 0  9996
2 41343  98.7625 279.6182 0027381 269.8406  89.9630 14.15320702129793
1 41500U 00055LY  18212.22005143  .00000907  00000-0  43194-3 0  9991
2 41500  98.9557 307.6092 0046270 223.7516 135.9991 14.21387635124203
1 41266U 00055FS  18212.44086367  .00000437  00000-0  26138-3 0  9998
2 41266  98.8450 283.4852 0002792 354.3695   5.7445 14.12334565134335
1 41399U 00055KC  18212.40815616  .00000199  00000-0  15123-3 0  9995
2 41399  98.8889 274.9877 0047397  48.1890 312.3311 14.04144056128837
1 41269U 00055FV  18212.40722472 +.00000696 +00000-0 +44163-3 0  9996
2 41269 098.9768 285.9617 0033000 092.8365 267.6581 14.06936005134128
1 41428U 00055LH  18213.04234592  .00000551  00000-0  30494-3 0  9997
2 41428  98.8772 291.8509 0021531 154.0823 206.1433 14.15311374125558
1 41402U 00055KF  18212.42543096 -.00000003  00000-0  24214-4 0  9999
2 41402  98.8568 273.8275 0037854 103.2310 257.3085 14.05431548126978
1 41272U 00055FY  18212.38013543 +.00000371 +00000-0 +24347-3 0  9991
2 41272 098.8943 280.7788 0031810 021.5678 338.6824 14.07911455133852
1 41431U 00055LL  18213.15181710  .00001972  00000-0  78154-3 0  9999
2 41431  98.9666 318.7810 0062169 165.9823 194.3101 14.28988807130890
1 41405U 00055KJ  18212.53374976  .00000774  00000-0  44655-3 0  9997
2 41405  98.9054 286.4339 0015048 352.1268   7.9665 14.11994121126084
1 41301U 00055HD  18212.38759516  .00000551  00000-0  35070-3 0  9996
2 41301  98.8185 272.2942 0027960  88.9608 271.4764 14.07605926133290
1 41219U 00055DY  18212.41817819  .00000389  00000-0  23270-3 0  9997
2 41219  98.8096 280.6755 0010487 134.2467 225.9568 14.12874553136354
1 41304U 00055HG  18213.47509700  .00000460  00000-0  29394-3 0  9999
2 41304  99.0434 296.6631 0052002 143.3666 217.1076 14.07863258133436
1 41222U 00055EB  18212.31190825 -.00000031 +00000-0 +73373-5 0  9997
2 41222 098.8215 259.5997 0062160 111.5897 249.1906 13.99529303134776
1 41370U 00055JP  18213.06104477  .00000970  00000-0  35495-3 0  9994
2 41370  98.8816 317.8031 0091820 140.4155 220.3780 14.32916009139325
1 41418U 00055KX  18213.51449186  .00000833  00000-0  39545-3 0  9994
2 41418  98.9550 309.5452 0041791 185.1667 174.9084 14.21839040126059
1 41354U 00055HX  18213.39003340  .00000378  00000-0  23946-3 0  9999
2 41354  98.8609 282.4871 0022602 354.2825   5.8084 14.09861466129239
1 41346U 00055HP  18213.28749994  .00000118  00000-0  13296-3 0  9999
2 41346  98.8034 234.9293 0166625 144.8769 216.3506 13.81234692127450
1 41503U 00055MB  18212.45004045 +.00000737 +00000-0 +35953-3 0  9994
2 41503 098.8060 291.5279 0038352 205.3630 154.5665 14.20763133124460
1 41235U 00055EQ  18213.46922457  .00002401  00000-0  12083-2 0  9992
2 41235  99.0302 299.1756 0013724 273.1299  86.8304 14.17363909135897
1 41357U 00055JA  18212.33914566  .00000154  00000-0  14227-3 0  9990
2 41357  98.9115 261.8019 0088662 112.7659 248.2900 13.94302021127799
1 41243U 00055ET  18212.66292888 +.00000432 +00000-0 +25812-3 0  9997
2 41243 098.8670 285.4763 0002872 022.9566 337.1733 14.12375793132586
1 41246U 00055EW  18213.11923297  .00001145  00000-0  46591-3 0  9995
2 41246  98.9468 316.6255 0070279 135.8428 224.8392 14.28195767133914
1 41275U 00055GB  18212.37668214  .00000300  00000-0  19225-3 0  9995
2 41275  98.8302 278.6416 0025501 105.7708 254.6278 14.10473463134135
1 41439U 16012H   18213.50556940  .00001790  00000-0  11724-3 0  9995
2 41439  31.0078   4.4335 0011536 172.0492 188.0329 15.04878597128873
1 41408U 00055KM  18212.40729311 +.00000525 +00000-0 +29325-3 0  9994
2 41408 098.8525 288.5923 0013916 240.2486 119.7303 14.15157148126672
1 41447U 16012R   18213.51078060  .00003409  00000-0  21414-3 0  9993
2 41447  31.0019 357.3006 0007622 217.1473 142.8637 15.07345395128950
1 41373U 00055JS  18212.46326404  .00000651  00000-0  33221-3 0  9997
2 41373  98.8727 296.2442 0029724 208.3760 151.5798 14.18958914130909
1 41259U 00055FK  18212.50782457  .00001457  00000-0  49968-3 0  9999
2 41259  98.8392 313.7358 0103081  93.7565 267.5413 14.34745341136879
1 41376U 00055JV  18213.45698482  .00000501  00000-0  28150-3 0  9997
2 41376  98.8575 289.8698 0020740 267.6168  92.2630 14.14948875131181
1 41288U 00055GQ  18212.45225285  .00000287  00000-0  20089-3 0  9999
2 41288  98.9571 282.0460 0041807 108.7050 251.8662 14.05814418133594
1 41421U 00055LA  18212.51641815  .00001004  00000-0  46322-3 0  9992
2 41421  98.9032 303.8843 0054930 208.4811 151.3362 14.22533314126221
1 41291U 00055GT  18212.07779831 +.00000870 +00000-0 +38827-3 0  9999
2 41291 098.9395 310.6071 0053959 178.3902 181.7459 14.24605473138239
1 41363U 00055JG  18213.09207954  .00000843  00000-0  41750-3 0  9993
2 41363  98.8954 298.8179 0029854 176.4546 183.6847 14.19764359128622
1 41249U 00055EZ  18212.11867452 +.00000819 +00000-0 +37246-3 0  9991
2 41249 098.9020 305.7258 0050616 168.8186 191.4129 14.23862460133422
1 41411U 00055KQ  18212.18811231 +.00000470 +00000-0 +25582-3 0  9996
2 41411 098.8627 292.2390 0020876 191.2312 168.8400 14.16993682127435
1 41307U 00055HK  18212.18775538  .00000931  00000-0  50401-3 0  9999
2 41307  98.9321 293.9181 0021426 301.3646  58.5431 14.14928131133692
1 41493U 00055LR  18212.02426871 +.00000653 +00000-0 +32556-3 0  9993
2 41493 098.8611 296.1240 0037319 206.1417 153.7876 14.20061419122228
1 41225U 00055EE  18213.49632555  .00001281  00000-0  63284-3 0  9996
2 41225  98.9239 299.9551 0042561 243.2918 116.3897 14.18765161136626
1 41347U 00055HQ  18213.13307068  .00000563  00000-0  33261-3 0  9994
2 41347  98.8428 281.8298 0023156 325.9547  34.0138 14.11722156129416
1 41320U 12026G   18212.72530091 -.00000128  00000-0  00000+0 0  9993
2 41320  12.6799   4.0873 4159456 334.1044   9.8063  1.76040748 16696
1 41228U 00055EH  18212.39809921  .00000572  00000-0  33905-3 0  9999
2 41228  98.8796 285.1404 0020711 334.8694  25.1467 14.11483104135357
1 41262U 00055FN  18213.37497408  .00000216  00000-0  17458-3 0  9999
2 41262  98.8727 262.2423 0067463 109.3763 251.4710 13.99124649135180
1 41294U 00055GW  18211.99135313  .00000946  00000-0  47798-3 0  9994
2 41294  98.8599 290.8149 0026565 164.9087 195.2886 14.18435723135042
1 41506U 00055ME  18212.03310412  .00000966  00000-0  40948-3 0  9993
2 41506  98.8004 297.8552 0061312 141.2707 219.2892 14.26717448131990
1 41360U 00055JD  18213.04927212  .00000511  00000-0  29702-3 0  9996
2 41360  98.9212 292.8899 0027768 314.7522  45.1390 14.12987419129301
1 41512U 00055ML  18212.44933321  .00000657  00000-0  31117-3 0  9990
2 41512  98.8841 302.5651 0046279 165.3406 194.9125 14.22523165122634
1 41366U 00055JK  18212.04958192  .00000910  00000-0  59291-3 0  9991
2 41366  98.9833 281.4843 0048638 114.3776 246.2478 14.04348948127211
1 41278U 00055GE  18213.03380144  .00001275  00000-0  56875-3 0  9999
2 41278  98.8590 300.0167 0045173 158.3936 201.9161 14.24009337135333
1 41252U 00055FC  18212.41416456 +.00000028 +00000-0 +46713-4 0  9994
2 41252 098.9374 272.2017 0069989 109.3953 251.4794 14.00337791135329
1 41281U 00055GH  18212.37187486  .00000797  00000-0  51582-3 0  9991
2 41281  98.8993 275.6351 0040999  82.3748 278.2073 14.05247190133432
1 41496U 00055LU  18212.44497330  .00000617  00000-0  32972-3 0  9992
2 41496  98.8361 289.3788 0021575 223.7481 136.1984 14.16789687124133
1 41324U 12026L   18212.49104853 -.00000123  00000-0  00000+0 0  9999
2 41324  12.6446   1.3956 4139481 341.3293   7.0079  1.79763649 16617
1 41379U 00055JY  18213.07796394  .00000590  00000-0  29853-3 0  9998
2 41379  98.8370 294.2853 0035307 163.1238 197.1121 14.19599965132035
1 41265U 00055FR  18213.09903664  .00000702  00000-0  45088-3 0  9997
2 41265  98.7736 265.5399 0037213  86.4492 274.0931 14.06062366133982
1 41424U 00055LD  18213.47798499  .00000355  00000-0  20139-3 0  9998
2 41424  98.9103 296.9065 0032649 152.8941 207.3945 14.16070541125757
1 41427U 00055LG  18212.45750411 +.00000462 +00000-0 +30467-3 0  9994
2 41427 098.9648 282.8477 0039467 056.5691 303.9242 14.06280105124448
1 41212U 00055DR  18212.98899587  .00000590  00000-0  32805-3 0  9992
2 41212  98.9190 295.3128 0020230 280.4631  79.4263 14.14862937136487
1 41509U 00055MH  18212.45655975  .00000510  00000-0  29423-3 0  9998
2 41509  98.8802 288.8113 0019433 299.0203  60.9022 14.13460979121728
1 41215U 00055DU  18213.03014018  .00000547  00000-0  27740-3 0  9994
2 41215  98.8261 293.4603 0032954 170.6272 189.5525 14.19882799136939
1 41300U 00055HC  18212.94564571 +.00000329 +00000-0 +23518-3 0  9999
2 41300 098.8857 274.5446 0048119 056.8876 303.6896 14.03489541132729
1 41255U 00055FF  18212.69157853 +.00000587 +00000-0 +27480-3 0  9999
2 41255 098.7768 293.3765 0049932 163.3206 196.9629 14.23391938137496
1 41284U 00055GL  18213.30703556  .00000384  00000-0  31560-3 0  9996
2 41284  98.8382 251.8589 0097620 139.2867 221.5643 13.92750763132414
1 41350U 00055HT  18212.21014366  .00000771  00000-0  40149-3 0  9996
2 41350  98.9847 304.3006 0029784 169.9786 190.1989 14.17434186129651
1 41499U 00055LX  18212.44880823 +.00000688 +00000-0 +37503-3 0  9991
2 41499 098.8038 281.9121 0041397 290.1360 069.5362 14.15059229123683
1 41231U 00055EL  18213.02578752  .00000773  00000-0  32819-3 0  9995
2 41231  98.8918 310.5905 0065664 164.8187 195.4983 14.27112306136984
1 41353U 00055HW  18212.43873155 +.00000380 +00000-0 +23971-3 0  9992
2 41353 098.8786 283.1426 0026712 350.3549 009.7105 14.09988302129094
1 41345U 00055HN  18212.72085271 +.00001754 +00000-0 +62747-3 0  9999
2 41345 098.8536 313.3622 0079879 131.3125 229.4970 14.33560865131575
1 41398U 00055KB  18213.18363380  .00000591  00000-0  31910-3 0  9994
2 41398  98.8644 292.4618 0020544 231.6417 128.2912 14.16416600125234
1 41268U 00055FU  18212.05563621  .00000480  00000-0  31703-3 0  9992
2 41268  98.9775 286.4135 0034615 109.1937 251.2982 14.06138458133877
1 41401U 00055KE  18212.61739252  .00000355  00000-0  23308-3 0  9991
2 41401  98.8153 273.5406 0025525  90.3499 270.0595 14.08112939128924
1 41297U 00055GZ  18212.39913714  .00000513  00000-0  38039-3 0  9999
2 41297  98.9876 273.8702 0074653 138.1596 222.5307 13.98268399132307
1 41430U 00055LK  18213.19414448  .00000802  00000-0  38386-3 0  9993
2 41430  98.9190 304.9847 0050193 216.9989 142.7723 14.21332393131087
1 41433U 00055LN  18212.04469615  .00001390  00000-0  66202-3 0  9996
2 41433  99.0012 309.1749 0035821 171.7427 188.4346 14.20686612129955
1 41218U 00055DX  18213.43128850  .00000704  00000-0  38879-3 0  9991
2 41218  98.8700 288.2520 0057152 288.5856  70.9115 14.13885335136429
1 41303U 00055HF  18212.81077418 +.00001418 +00000-0 +46123-3 0  9994
2 41303 098.9995 335.3485 0106310 143.7345 217.1107 14.37281429135752
1 41369U 00055JN  18213.15002757  .00000900  00000-0  49078-3 0  9995
2 41369  98.8439 283.1431 0029428 124.1752 236.2217 14.14444467130528
1 41414U 00055KT  18213.49099929  .00001052  00000-0  46097-3 0  9997
2 41414  98.9672 313.1279 0071797 207.7378 151.9963 14.24554331127240
1 41234U 00055EP  18213.11197231  .00001206  00000-0  39818-3 0  9995
2 41234  98.8523 319.9470 0104546 107.1748 254.0915 14.36884103138110
1 41237U 00055ES  18213.09775015  .00000772  00000-0  35162-3 0  9992
2 41237  98.9415 310.7087 0056392 150.0914 210.3506 14.23819005138299
1 41271U 00055FX  18213.48048455  .00001201  00000-0  46729-3 0  9993
2 41271  98.7962 304.3108 0072381 134.5956 226.1163 14.30216001137540
1 41404U 00055KH  18213.22250592  .00000944  00000-0  45457-3 0  9990
2 41404  98.9652 308.5396 0041867 228.5165 131.2414 14.20775779126906
1 41274U 00055GA  18212.06304468  .00001194  00000-0  50611-3 0  9994
2 41274  98.8128 298.8789 0067826 198.7585 161.1094 14.26061719135568
1 41445U 16012P   18212.66743127  .00003295  00000-0  19359-3 0  9997
2 41445  31.0052 350.1222 0009472 214.2457 145.7571 15.09711009128939
1 41221U 00055EA  18213.23109493  .00000420  00000-0  19223-3 0  9992
2 41221  98.8987 309.2835 0058637 182.6219 177.4661 14.25849578137218
1 41306U 00055HJ  18212.51274405  .00001124  00000-0  43279-3 0  9992
2 41306  98.8925 314.5165 0082317 160.3324 200.1064 14.30518091135422
1 41224U 00055ED  18212.41639688  .00000825  00000-0  51104-3 0  9991
2 41224  98.9482 282.7920 0034667  26.5514 333.7421 14.07739001135367
1 41372U 00055JR  18213.52448973  .00000850  00000-0  33296-3 0  9993
2 41372  98.9699 323.3825 0082358 167.2601 193.0688 14.30301065132075
1 41258U 00055FJ  18213.10285505  .00001017  00000-0  44206-3 0  9999
2 41258  98.9506 313.7287 0063723 198.6488 161.2355 14.25332348133820
1 41417U 00055KW  18212.38980893  .00000468  00000-0  27317-3 0  9990
2 41417  98.8723 287.3531 0021812 300.2113  59.6900 14.13155334125286
1 41375U 00055JU  18210.09819013 +.00000994 +00000-0 +51225-3 0  9993
2 41375 098.9486 296.4536 0029525 157.3323 202.9163 14.17292813130216
1 41287U 00055GP  18213.40046888  .00000519  00000-0  35063-3 0  9990
2 41287  98.9008 275.0041 0042616  83.0689 277.5323 14.04376651133496
1 41261U 00055FM  18212.60051680 +.00000400 +00000-0 +27590-3 0  9994
2 41261 098.8325 269.9995 0043550 101.5544 259.0518 14.04326632134365
1 41290U 00055GS  18212.70423915  .00001009  00000-0  50333-3 0  9998
2 41290  98.9883 306.8502 0029828 206.4500 153.5154 14.18987622134799
1 41502U 00055MA  18212.01416090  .00000269  00000-0  17674-3 0  9992
2 41502  98.8480 280.0215 0011206  58.0387 302.1872 14.10142779124488
1 41356U 00055HZ  18213.39196113  .00000540  00000-0  34870-3 0  9991
2 41356  98.8833 278.7076 0045144   9.0470 351.1502 14.06608380131519
1 41505U 00055MD  18212.46816511  .00000502  00000-0  27305-3 0  9998
2 41505  98.8712 291.5709 0048833 129.4772 231.0737 14.16131760128445
1 41362U 00055JF  18213.09373966  .00000695  00000-0  31947-3 0  9991
2 41362  98.8872 305.1780 0052745 150.1725 210.2477 14.23713369130644
1 41407U 00055KL  18213.07950670  .00004598  00000-0  17101-2 0  9993
2 41407  99.0415 321.4457 0013331 160.9270 199.2414 14.32549200127592
1 41277U 00055GD  18212.69929529 +.00000837 +00000-0 +40082-3 0  9991
2 41277 098.9040 302.6976 0049579 214.2329 145.5648 14.21173653135244
1 41492U 00055LQ  18212.86677839  .00000649  00000-0  57020-3 0  9994
2 41492  98.8238 237.2434 0131852 162.0791 198.5079 13.84915068122134
1 41319U 12026F   18210.90206611 -.00000137  00000-0  00000+0 0  9997
2 41319  12.7395   4.9889 4135989 333.5046  10.0940  1.76694707 16736
1 41227U 00055EG  18213.45758126  .00000952  00000-0  46259-3 0  9994
2 41227  99.0162 312.9554 0040745 171.1189 189.0716 14.20308763136334
1 41420U 00055KZ  18213.23377166  .00001386  00000-0  58360-3 0  9994
2 41420  98.9323 312.3236 0057409 154.9703 205.4279 14.26521455130144
1 41423U 00055LC  18212.42292143 +.00000429 +00000-0 +23859-3 0  9990
2 41423 098.8209 286.5739 0015739 201.4048 158.6470 14.16286167128527
1 41211U 00055DQ  18212.01610076 +.00000186 +00000-0 +13398-3 0  9996
2 41211 098.8766 280.3335 0027865 006.3489 353.8028 14.08360231136059
1 41359U 00055JC  18213.03350365  .00000727  00000-0  35156-3 0  9991
2 41359  98.8776 300.5873 0039300 179.2097 180.9149 14.21307246128682
1 41245U 00055EV  18213.13681775  .00000197  00000-0  13695-3 0  9993
2 41245  98.8361 280.1537 0016964  20.1926 339.9912 14.09610541132255
1 41248U 00055EY  18212.38274369  .00000295  00000-0  24810-3 0  9999
2 41248  98.9285 257.4433 0096487 138.9076 221.9404 13.93246375130726
1 41410U 00055KP  18212.02965376  .00000483  00000-0  31433-3 0  9994
2 41410  98.8657 276.8029 0027263  84.0630 276.3645 14.06958435125950
1 41495U 00055LT  18212.93486612 +.00000463 +00000-0 +31899-3 0  9992
2 41495 098.8331 269.2687 0044623 082.5996 278.0239 14.03677350122928
1 41349U 00055HS  18212.72358665  .00000773  00000-0  36658-3 0  9995
2 41349  98.8941 303.1531 0044775 201.6362 158.2924 14.22037183132003
1 41323U 12026K   18212.46287820 -.00000125  00000-0  00000+0 0  9993
2 41323  12.4917 359.6811 4159153 340.8035   7.1722  1.77769387 16712
1 41378U 00055JX  18213.10212583  .00000393  00000-0  26240-3 0  9992
2 41378  98.8167 272.0280 0045772  15.8476 344.4112 14.06270782130821
1 41264U 00055FQ  18213.13529959  .00000426  00000-0  25477-3 0  9995
2 41264  98.8231 281.9933 0003571  97.7872 262.3706 14.12343482134423
1 41293U 00055GV  18213.14726641  .00000293  00000-0  20293-3 0  9998
2 41293  98.9302 280.0584 0035748  91.6996 268.8268 14.06318744133720
1 41508U 00055MG  18213.44721401  .00000481  00000-0  26708-3 0  9995
2 41508  98.8835 293.7081 0031519 264.4757  95.2821 14.15647474118106
1 41214U 00055DT  18213.45836203  .00000511  00000-0  26126-3 0  9995
2 41214  98.8224 293.2278 0037100 163.3775 196.8626 14.19608698136968
1 41511U 00055MK  18212.99193616  .00000455  00000-0  28817-3 0  9993
2 41511  98.8788 281.9531 0027263  11.7550 348.4250 14.08744986121607
1 41217U 00055DW  18210.93382078 +.00000214 +00000-0 +15923-3 0  9997
2 41217 098.8601 271.0161 0049872 112.1892 248.4578 14.04546994133945
1 41365U 00055JJ  18213.03520318  .00000766  00000-0  37405-3 0  9997
2 41365  98.8741 298.9814 0046450 215.7055 144.1012 14.20476046128359
1 41251U 00055FB  18213.03338390  .00000390  00000-0  25607-3 0  9992
2 41251  99.0020 289.5899 0061880  24.8655 335.5473 14.06899481134703
1 41280U 00055GG  18213.39953668  .00000028  00000-0  43236-4 0  9991
2 41280  98.7810 265.8521 0034870  74.6081 285.8936 14.05181476133844
1 41254U 00055FE  18213.13246337  .00001756  00000-0  82147-3 0  9994
2 41254  99.0791 318.5527 0038090 243.4916 116.2352 14.21258551133172
1 41413U 00055KS  18212.02285209  .00000439  00000-0  26771-3 0  9997
2 41413  98.8395 279.7051 0025993 108.8682 251.5311 14.10942698126651
1 41283U 00055GK  18212.37828089 -.00000066 +00000-0 -16877-4 0  9994
2 41283 098.8250 258.1828 0070735 101.1128 259.7999 13.97333271133671
1 41230U 00055EK  18213.51213688  .00000833  00000-0  39179-3 0  9995
2 41230  98.9324 308.0016 0043828 192.7709 167.2362 14.22248831136591
1 41344U 00055HM  18212.72548450  .00000777  00000-0  38758-3 0  9990
2 41344  99.0137 311.1266 0034992 182.9497 177.1477 14.19618086129936
1 41233U 00055EN  18213.12626141  .00000284  00000-0  19453-3 0  9990
2 41233  98.8538 276.5738 0044660  18.8801 341.4012 14.06922460135356
1 41397U 00055KA  18212.18131873  .00000699  00000-0  33885-3 0  9994
2 41397  98.8640 298.3622 0046331 207.0728 152.8031 14.21150761124461
1 41426U 00055LF  18212.99966045  .00000879  00000-0  50661-3 0  9994
2 41426  98.9485 290.3903 0025228 119.6198 240.7490 14.11607903126874
1 41296U 00055GY  18213.44477104  .00000156  00000-0  11865-3 0  9994
2 41296  98.9053 282.7994 0029654  36.1467 324.1699 14.07239229133181
1 41429U 00055LJ  18211.98029063 +.00000483 +00000-0 +28263-3 0  9999
2 41429 098.8705 286.7129 0019036 303.3652 056.5698 14.12987283125210
1 41299U 00055HB  18213.13497359  .00000373  00000-0  24161-3 0  9991
2 41299  98.8773 281.0435 0051516 345.2441  14.7222 14.08092090133247
1 41302U 00055HE  18212.04234369  .00000449  00000-0  28702-3 0  9994
2 41302  98.8832 280.3693 0027245 109.6509 250.7604 14.08295958133104
1 41220U 00055DZ  18212.63655303 +.00000287 +00000-0 +19021-3 0  9997
2 41220 098.8539 279.6524 0018950 096.3906 263.9422 14.09115878135757
1 41368U 00055JM  18213.18941443  .00000744  00000-0  40606-3 0  9995
2 41368  98.9729 300.7506 0033827 295.7371  64.0311 14.14974784129787
1 41371U 00055JQ  18213.01750541 -.00004728  00000-0 -22053-2 0  9991
2 41371  98.9974 302.0410 0022805 133.6125 226.6947 14.19814261137646
1 41416U 00055KV  18211.98888944  .00000448  00000-0  24586-3 0  9991
2 41416  98.8494 289.3847 0039388 131.3416 229.1157 14.16346493125502
1 41286U 00055GN  18212.69165732  .00003235  00000-0  14375-2 0  9999
2 41286  98.9944 304.8436 0067208 250.2069 109.1853 14.22489271135085
1 41498U 00055LW  18213.08067981  .00000537  00000-0  29656-3 0  9996
2 41498  98.9219 297.6250 0014452 233.3355 126.6491 14.15733013123875
1 41352U 00055HV  18213.46770762  .00000595  00000-0  28272-3 0  9992
2 41352  98.8794 303.1463 0052443 144.2930 216.1773 14.22550365131592
1 41267U 00055FT  18213.00786264  .00000882  00000-0  38738-3 0  9998
2 41267  98.7879 296.8304 0062536 181.9147 178.1802 14.25071204136929
1 41400U 00055KD  18213.00067829  .00000542  00000-0  29929-3 0  9991
2 41400  98.8442 288.8085 0021235 260.0058  99.8719 14.15560347123824
1 41403U 00055KG  18212.69829309 +.00000752 +00000-0 +37757-3 0  9998
2 41403 098.8751 296.9580 0030736 206.1283 153.8343 14.19336608128348
1 41273U 00055FZ  18212.07169056 +.00000880 +00000-0 +36304-3 0  9990
2 41273 098.8780 309.4972 0068475 162.9787 197.3713 14.28109313135982
1 41432U 00055LM  18212.12579291  .00001672  00000-0  51098-3 0  9996
2 41432  98.8769 323.4061 0110007  80.8847 280.4767 14.39808781128820
1 41406U 00055KK  18212.70072701 +.00000741 +00000-0 +34541-3 0  9995
2 41406 098.8849 303.4196 0047686 167.6971 192.5383 14.22925344126968
1 41444U 16012N   18212.77751107 +.00002999 +00000-0 +18353-3 0  9998
2 41444 031.0040 358.0107 0009641 202.7566 157.2644 15.08139306128881
1 41257U 00055FH  18212.44433410  .00000986  00000-0  54508-3 0  9994
2 41257  98.9622 294.5699 0028055 326.1141  33.8238 14.13556664133037
1 41501U 00055LZ  18213.00164746  .00000823  00000-0  35017-3 0  9996
2 41501  98.7191 291.1043 0060218 145.9545 214.5521 14.26912352125113
1 41355U 00055HY  18212.43905411  .00000914  00000-0  49864-3 0  9997
2 41355  98.8770 286.3065 0010756 141.0500 219.1450 14.14592253130449
1 41504U 00055MC  18212.41434077 +.00000436 +00000-0 +28278-3 0  9991
2 41504 098.8989 280.6050 0033998 015.9697 344.2536 14.07645840125012
1 41236U 00055ER  18213.21582128  .00000867  00000-0  41922-3 0  9992
2 41236  99.0164 313.2940 0048117 158.3947 201.9274 14.20627928136755
1 41270U 00055FW  18213.00563801  .00000683  00000-0  43633-3 0  9991
2 41270  99.0099 290.3809 0035913 112.2331 248.2653 14.06621118134050
1 41244U 00055EU  18212.50450381 +.00000544 +00000-0 +30943-3 0  9990
2 41244 098.9667 298.3735 0012979 287.6634 072.3121 14.14107063132664
1 41247U 00055EX  18212.51761545 +.00001960 +00000-0 +84781-3 0  9993
2 41247 098.9091 304.3132 0073807 220.8101 138.7536 14.24082743133972
1 41276U 00055GC  18212.44126083 +.00000232 +00000-0 +15522-3 0  9997
2 41276 098.8432 280.4057 0016083 085.9111 274.3898 14.10319182134206
1 41305U 00055HH  18213.36147716  .00000509  00000-0  35346-3 0  9991
2 41305  98.7836 262.5264 0043253  98.3246 262.2829 14.02785622132848
1 41491U 00055LP  18213.36358795  .00000958  00000-0  71943-3 0  9999
2 41491  98.9104 258.7540 0114282 151.6565 209.0878 13.93762816122904
1 41223U 00055EC  18213.40285387  .00000056  00000-0  61197-4 0  9993
2 41223  98.8197 271.1006 0037856  93.3773 267.1726 14.04727740135268
1 41318U 12026E   18207.88033615 -.00000152 +00000-0 +00000-0 0  9999
2 41318 012.7333 005.0984 4143434 333.0955 010.2176 01.76518378016308
1 41374U 00055JT  18212.98167168  .00000450  00000-0  29686-3 0  9992
2 41374  98.8956 280.1114 0037479  28.9209 331.4026 14.06482535129844
1 41260U 00055FL  18212.98518701  .00000496  00000-0  31340-3 0  9999
2 41260  98.9317 287.0054 0025717  22.1628 338.0647 14.08531607135994
1 41419U 00055KY  18213.43422001  .00000601  00000-0  35874-3 0  9997
2 41419  98.8977 284.2358 0022756  94.2720 266.1052 14.10920489125410
1 41289U 00055GR  18212.96888970  .00000308  00000-0  21735-3 0  9995
2 41289  98.8466 272.3796 0041027 102.7750 257.8007 14.04771378133557
1 41358U 00055JB  18213.39964101  .00000411  00000-0  24372-3 0  9996
2 41358  98.8228 283.4384 0017753 295.7684  64.1656 14.13029057128669
1 41507U 00055MF  18212.47145188 +.00000739 +00000-0 +37992-3 0  9991
2 41507 098.8934 296.2088 0022829 186.8474 173.2392 14.18275956122185
1 41510U 00055MJ  18211.98608665  .00000410  00000-0  24653-3 0  9990
2 41510  98.8901 287.4402 0027809 317.7192  42.1835 14.12246957121706
1 41364U 00055JH  18212.44327743  .00000550  00000-0  32127-3 0  9994
2 41364  98.8046 278.5706 0019106 121.1927 239.1121 14.12355253128023
1 41250U 00055FA  18212.02070375  .00001113  00000-0  66005-3 0  9996
2 41250  99.0608 295.8548 0054396 143.2969 217.1945 14.08947439134925
1 41409U 00055KN  18212.46481208  .00000649  00000-0  34472-3 0  9997
2 41409  98.7900 283.6458 0037293 264.4541  95.2379 14.16670205126443
1 41279U 00055GF  18213.39195795  .00000297  00000-0  20953-3 0  9996
2 41279  98.9420 283.1284 0038119 100.6424 259.9040 14.05194850133636
1 41494U 00055LS  18212.69001479 +.00000692 +00000-0 +33578-3 0  9998
2 41494 098.8860 300.9192 0038668 177.7556 182.3801 14.21299475122525
1 41226U 00055EF  18213.40830595  .00000388  00000-0  26013-3 0  9998
2 41226  98.8871 279.7213 0035792 107.8358 252.6720 14.06309876135431
1 41322U 12026J   18211.50563461 -.00000131  00000-0  00000+0 0  9991
2 41322  12.5422   1.3011 4132243 338.0338   8.3074  1.77209231 16633
1 41377U 00055JW  18212.45150518  .00000523  00000-0  30262-3 0  9991
2 41377  98.9023 290.5917 0024614 311.2524  48.6527 14.13137423131649
1 41263U 00055FP  18213.35437803  .00000573  00000-0  44548-3 0  9997
2 41263  98.9362 261.9785 0088770 126.9320 234.0014 13.94565232132747
1 41422U 00055LB  18212.98541924  .00000513  00000-0  30973-3 0  9993
2 41422  98.8837 285.7326 0019682 116.6384 243.6805 14.10948501127085
1 41396U 00055JZ  18213.55555615  .00001351  00000-0  38174-3 0  9991
2 41396  98.8509 328.9845 0123730  66.8269 294.5899 14.43013367132358
1 41292U 00055GU  18213.04950383  .00000794  00000-0  36119-3 0  9998
2 41292  98.9108 307.7081 0053181 155.6008 204.7705 14.23899053135620
1 41210U 00055DP  18211.97430549  .00000454  00000-0  28836-3 0  9995
2 41210  98.8788 280.9901 0025297  24.6694 335.5680 14.08631054136421
1 41213U 00055DS  18213.21691492  .00001098  00000-0  57853-3 0  9999
2 41213  98.9838 301.6508 0030504 291.1431  68.6483 14.15891847136568
1 41361U 00055JE  18212.40345798  .00000342  00000-0  23525-3 0  9998
2 41361  98.8692 274.7662 0040376 111.0597 249.4896 14.05518580126937
