1 33905U 93036DJ  18213.47083182  .00000197  00000-0  89573-4 0  9992
2 33905  73.8876 207.7621 0066325 278.9456 246.6983 14.27330519492513
1 33906U 93036DK  18213.49976286  .00000552  00000-0  20921-3 0  9997
2 33906  74.0379 240.2683 0055598 217.6234 295.4161 14.32666279493342
1 33907U 93036DL  18213.45369421  .00000890  00000-0  46393-3 0  9997
2 33907  74.0574 119.4497 0157331 114.3475   2.7958 14.09697911485264
1 33908U 93036DM  18212.96591511 +.00000444 +00000-0 +27691-3 0  9995
2 33908 073.8447 209.6048 0265390 357.2117 002.7513 13.91714451479293
1 33909U 93036DN  18212.90155907 +.00005927 +00000-0 +62538-3 0  9995
2 33909 074.0548 089.7611 0031067 018.6632 341.5680 14.89154652498585
1 33911U 93036DQ  18212.83690795 +.00000493 +00000-0 +15261-3 0  9993
2 33911 074.1033 158.3307 0023550 115.2084 274.1042 14.43601030496326
1 33912U 93036DR  18212.81079096 +.00000142 +00000-0 +53600-4 0  9998
2 33912 074.0401 144.8872 0015105 167.4973 223.4876 14.39911271496367
1 33913U 93036DS  18213.23824083  .00000199  00000-0  70560-4 0  9996
2 33913  74.0371 132.9306 0055098 178.1989 334.6379 14.39973171496859
1 33915U 93036DU  18213.08133299  .00000185  00000-0  78197-4 0  9992
2 33915  74.0441 247.3543 0118421 275.5996 112.6011 14.28694475493009
1 33917U 93036DW  18212.93007504 +.00000424 +00000-0 +37245-3 0  9990
2 33917 074.1031 183.3500 0352410 192.0430 167.2099 13.63310708470169
1 33918U 93036DX  18213.24137860  .00000689  00000-0  10918-3 0  9996
2 33918  74.0612 291.9840 0058219 311.5033  78.5500 14.73282002503833
1 33919U 93036DY  18212.97640764  .00000741  00000-0  17552-3 0  9998
2 33919  74.0515  50.6498 0033418  85.2537 275.2441 14.55492453499740
1 33920U 93036DZ  18212.20492463 +.00000402 +00000-0 +14763-3 0  9992
2 33920 074.0689 226.8233 0055243 203.8015 156.0582 14.35043137493573
1 33921U 93036EA  18212.39780386  .00003332  00000-0  41864-3 0  9994
2 33921  73.9845 290.4320 0007189   0.5958 359.5227 14.82538212502835
1 33922U 93036EB  18213.49007657  .00000150  00000-0  53127-4 0  9991
2 33922  74.0509 109.0405 0026150 171.5975 243.4587 14.42507467497816
1 33928U 93036EH  18212.23825708  .00000068  00000-0  28194-4 0  9997
2 33928  73.9259  52.1769 0065518 213.3627 146.3393 14.42830917497997
1 33929U 93036EJ  18212.89885510 +.00001018 +00000-0 +21271-3 0  9991
2 33929 074.0314 042.2265 0002418 279.4003 148.5781 14.61180513499767
1 33930U 93036EK  18212.76558437 +.00001204 +00000-0 +34836-3 0  9992
2 33930 074.0300 147.5326 0028168 105.7859 330.3683 14.45358555496204
1 33931U 93036EL  18213.46196505  .00000823  00000-0  14250-3 0  9999
2 33931  74.0246  71.5303 0234688 111.9175 250.7116 14.53486097498447
1 33932U 93036EM  18212.95709702 +.00000146 +00000-0 +62551-4 0  9998
2 33932 074.0346 202.7228 0041846 216.9887 142.8377 14.32751541494184
1 33933U 93036EN  18212.58047701 +.00000141 +00000-0 +63807-4 0  9992
2 33933 074.0899 258.9840 0078294 237.5040 121.8526 14.29009928493091
1 33935U 93036EQ  18212.31963111 +.00000448 +00000-0 +95993-4 0  9998
2 33935 074.0095 339.5236 0044453 065.3269 295.2516 14.61199327501179
1 33936U 93036ER  18213.01577237  .00000208  00000-0  63770-4 0  9999
2 33936  74.0216  59.9345 0035030 152.2458 208.0580 14.47480823499027
1 33938U 93036ET  18212.77347189 +.00000233 +00000-0 +83479-4 0  9990
2 33938 074.0492 145.1321 0019105 179.5492 201.4231 14.39201663496348
1 33939U 93036EU  18212.91799910 +.00000655 +00000-0 +19678-3 0  9997
2 33939 074.0265 133.7549 0022251 143.6047 334.2835 14.44485309496337
1 33940U 93036EV  18213.23668899  .00000381  00000-0  12218-3 0  9995
2 33940  74.0471 125.6625 0017640 153.9965   8.2409 14.42727363497098
1 33941U 93036EW  18213.46767629  .00011883  00000-0  41739-3 0  9991
2 33941  73.9749 353.9076 0027731  72.8658 287.5577 15.29064206512475
1 33944U 93036EZ  18213.41460868  .00000090  00000-0  39687-4 0  9992
2 33944  74.0404 193.2639 0122041 231.5522 283.9773 14.33073511494696
1 33945U 93036FA  18213.03645084  .00000018  00000-0  16238-4 0  9993
2 33945  74.0290 186.0030 0024033 206.6673 153.3244 14.32806957494787
1 33948U 93036FD  18212.94004604 +.00000038 +00000-0 +23392-4 0  9993
2 33948 074.0352 187.4483 0024916 202.9536 157.0505 14.33148197494577
1 33950U 97051BK  18212.60420290 +.00001614 +00000-0 +32440-3 0  9997
2 33950 086.3829 089.9570 0016943 127.7413 232.5336 14.60939809498659
1 33952U 97051BM  18213.05417435  .00001016  00000-0  22614-3 0  9994
2 33952  86.3515  77.6272 0012242 216.8522 143.1846 14.55951975498874
1 33953U 97051BN  18213.21730328  .00000402  00000-0  12463-3 0  9991
2 33953  86.3943 115.4000 0023416 354.6380 169.0722 14.38576532495610
1 33954U 97051BP  18213.47848039  .00000952  00000-0  20234-3 0  9994
2 33954  86.3796  98.2843 0017370 112.6637 304.3767 14.57958553497735
1 33955U 97051BQ  18213.40369559  .00003186  00000-0  56139-3 0  9998
2 33955  86.3558  92.8491 0036270 203.0625 156.8962 14.66820190497656
1 33956U 97051BR  18212.97167887 +.00004574 +00000-0 +68819-3 0  9990
2 33956 086.4108 102.6628 0040368 340.7954 077.6885 14.73707969249642
1 33959U 97051BU  18212.70580575 +.00000422 +00000-0 +14282-3 0  9990
2 33959 086.3665 128.4761 0061990 151.9687 208.4870 14.33367801491308
1 33960U 97051BV  18213.53146071  .00000773  00000-0  20817-3 0  9993
2 33960  86.2722  52.2722 0007293 163.3269 226.2449 14.46742255497741
1 33961U 97051BW  18213.34689993  .00001704  00000-0  31609-3 0  9994
2 33961  86.2710  41.5427 0020430 173.4988 186.6494 14.64560498499388
1 33962U 97051BX  18212.79736183  .00001874  00000-0  37013-3 0  9990
2 33962  86.3524  74.7100 0016993 201.2834 158.7672 14.61845039499256
1 33965U 97051CA  18212.63604813 +.00001251 +00000-0 +31153-3 0  9998
2 33965 086.3692 090.8520 0006702 215.4515 144.6245 14.50963873497635
1 33966U 97051CB  18212.64600775 +.00000294 +00000-0 +85946-4 0  9999
2 33966 086.3961 107.2454 0010129 103.8416 270.9413 14.40608313496365
1 33971U 93036FE  18212.86472022  .00000090  00000-0  40173-4 0  9997
2 33971  74.0265 162.6901 0020406 199.1022 191.9906 14.35688737494958
1 33972U 93036FF  18213.13091615  .00000417  00000-0  18718-3 0  9996
2 33972  73.9996   3.6793 0155851  66.1962  48.1313 14.19021388488065
1 33973U 93036FG  18213.56691199  .00000032  00000-0  17382-4 0  9997
2 33973  74.0079  71.9405 0047844 175.8083 205.2332 14.43080237497873
1 33975U 93036FJ  18212.87798935 +.00000082 +00000-0 +66209-4 0  9995
2 33975 073.8033 112.8140 0197448 343.0212 016.4370 13.96719463482316
1 33980U 93036FP  18212.80970699 +.00000199 +00000-0 +62463-4 0  9990
2 33980 074.0259 071.5697 0036046 154.2651 306.5245 14.46458949498066
1 33981U 93036FQ  18213.03352131  .00000706  00000-0  86241-4 0  9996
2 33981  73.8336  68.8589 0072917 338.6150  21.1983 14.83766523508183
1 33982U 93036FR  18212.94769020 +.00000109 +00000-0 +33131-4 0  9992
2 33982 074.0735 030.2142 0088162 057.8110 092.8601 14.51210943500654
1 33983U 93036FS  18212.71788257 +.00000147 +00000-0 +52145-4 0  9999
2 33983 074.0536 112.3074 0024611 171.0307 219.8649 14.42654768497673
1 33984U 93036FT  18212.94235348 +.00000274 +00000-0 +77709-4 0  9997
2 33984 074.0150 038.2339 0030706 169.0129 341.7226 14.49901916499627
1 33986U 93036FV  18213.15047038  .00000222  00000-0  88068-4 0  9993
2 33986  74.0392 203.0032 0049761 218.1007 266.2166 14.33704293494532
1 33989U 93036FY  18213.24902276  .00000469  00000-0  94999-4 0  9993
2 33989  74.0233 312.0847 0039350  70.3941 290.1468 14.63723931502626
1 33992U 93036GB  18213.48062934  .00000246  00000-0  67435-4 0  9999
2 33992  74.0283  30.3405 0070479  97.2825 293.6207 14.50924365500145
1 33993U 93036GC  18212.78452948 +.00000646 +00000-0 +13222-3 0  9998
2 33993 074.0215 351.9437 0030965 068.4646 291.9817 14.62662163501108
1 33994U 93036GD  18212.08296503 +.00000028 +00000-0 +17324-4 0  9997
2 33994 074.0445 121.8306 0024163 206.4522 216.1154 14.39620355496740
1 33995U 93036GE  18212.67271604 +.00000144 +00000-0 +70681-4 0  9992
2 33995 074.0677 304.1552 0071758 267.5123 091.7808 14.24988321491173
1 33996U 93036GF  18212.95577496 +.00002076 +00000-0 +46694-3 0  9994
2 33996 074.1064 196.1427 0065234 096.7959 264.0634 14.55779391495193
1 33999U 93036GJ  18213.06397155  .00000362  00000-0  91793-4 0  9999
2 33999  73.9388 354.4382 0074201 135.7222 224.9910 14.53007755500131
1 34000U 93036GK  18212.72662317 +.00000656 +00000-0 +15316-3 0  9992
2 34000 074.0428 048.3798 0026275 087.0640 039.6036 14.56586211499659
1 34001U 93036GL  18212.90941418 +.00000061 +00000-0 +30717-4 0  9998
2 34001 074.0392 174.2244 0021597 199.6411 174.8857 14.34550963495428
1 34003U 93036GN  18212.78372363  .00000823  00000-0  63269-3 0  9996
2 34003  74.0801  82.3230 0306505  98.4180 265.1805 13.74531171473823
1 34004U 93036GP  18212.89121461 +.00000332 +00000-0 +12895-3 0  9994
2 34004 074.0383 222.1731 0041639 181.4906 248.8738 14.33229703493727
1 34005U 93036GQ  18212.80184220 +.00000029 +00000-0 +18185-4 0  9990
2 34005 074.0466 134.2980 0021481 203.7083 186.9429 14.38454156496736
1 34006U 93036GR  18213.32722073  .00000667  00000-0  20746-3 0  9996
2 34006  74.0704 165.7581 0026420 126.1150  25.7032 14.42692304496159
1 34007U 93036GS  18212.95289521  .00000205  00000-0  58536-4 0  9998
2 34007  74.0238  35.2371 0059162 113.8103 246.9275 14.50329812499834
1 34008U 93036GT  18213.18447620  .00000008  00000-0  12785-4 0  9998
2 34008  74.0329 198.5719 0023121 129.2906 332.1086 14.31610151494542
1 34009U 93036GU  18213.12314869  .00000015  00000-0  15436-4 0  9995
2 34009  74.0358 203.1204 0029125 209.6315 242.8993 14.31389457494427
1 34010U 93036GV  18212.51745252 +.00000526 +00000-0 +13559-3 0  9993
2 34010 074.0237 050.2101 0028807 123.8103 263.4447 14.52323753499259
1 34011U 93036GW  18213.15346608  .00000261  00000-0  10685-3 0  9990
2 34011  74.0182 219.6439 0046895 227.2054 132.5149 14.31489904493656
1 34012U 93036GX  18212.86453671  .00002455  00000-0  54221-3 0  9998
2 34012  74.0272 162.9056 0052292 135.4383 225.1004 14.57014632495702
1 34013U 93036GY  18212.51080561  .00001363  00000-0  22169-3 0  9998
2 34013  74.0216 335.8161 0034461  18.7726 341.4707 14.71737227501787
1 34014U 93036GZ  18212.85132502 +.00000228 +00000-0 +60279-4 0  9993
2 34014 074.0250 005.6635 0052202 096.0670 055.5206 14.53765110500793
1 34015U 93036HA  18213.22071941  .00000736  00000-0  23259-3 0  9995
2 34015  74.0320 144.4213 0031980 177.3291 253.7163 14.41697536496362
1 34017U 93036HC  18212.57291705  .00005346  00000-0  51510-3 0  9999
2 34017  74.0046 355.8161 0018138 334.9422  25.0879 14.93070400501033
1 34018U 93036HD  18212.75154912 +.00000029 +00000-0 +38224-4 0  9999
2 34018 073.8804 317.0322 0271689 126.5290 034.0564 13.78203055475613
1 34019U 93036HE  18213.10057021  .00000187  00000-0  89416-4 0  9997
2 34019  73.9587 264.1651 0070466 313.7489  65.3449 14.24830354491370
1 34020U 93036HF  18213.45963883  .00000867  00000-0  14926-3 0  9997
2 34020  74.0384 309.2213 0037026   7.8239 352.3501 14.69772375502944
1 34021U 93036HG  18212.38649569 +.00000151 +00000-0 +52688-4 0  9995
2 34021 074.0412 100.4901 0022930 190.7241 290.4937 14.43082157497600
1 34022U 93036HH  18213.21173818  .00000074  00000-0  34376-4 0  9996
2 34022  74.0551 169.2684 0023954 190.3333 232.0097 14.35766556495791
1 34023U 93036HJ  18212.85088537 +.00000107 +00000-0 +45900-4 0  9991
2 34023 074.0279 163.1169 0020493 195.7024 185.8679 14.35866804495597
1 34024U 93036HK  18213.16558903  .00000038  00000-0  23317-4 0  9997
2 34024  74.0458 192.9133 0022536 192.1064 268.9259 14.32934548494889
1 34026U 93036HM  18212.67551608  .00000201  00000-0  19474-3 0  9999
2 34026  73.7676 102.7913 0363105  20.9417   7.3249 13.59831611469267
1 34028U 93036HP  18212.77344862 -.00000033 +00000-0 -15317-4 0  9992
2 34028 073.8840 143.0894 0552510 009.9038 015.1664 13.18534840455223
1 34029U 93036HQ  18213.10995167  .00001037  00000-0  10183-3 0  9999
2 34029  73.9459  69.6272 0078776 203.1830 156.5793 14.91462105509611
1 34030U 93036HR  18212.76854421  .00001703  00000-0  51098-4 0  9990
2 34030  73.9523 126.0154 0089905 222.1193 169.2320 15.31636844519257
1 34031U 93036HS  18213.21875708  .00000351  00000-0  11405-3 0  9998
2 34031  74.0196 124.4067 0032202 173.1907 341.2289 14.42112690496818
1 34032U 93036HT  18212.82471101 +.00000731 +00000-0 +21224-3 0  9996
2 34032 074.0341 152.3780 0053801 165.3346 225.4683 14.45284322495872
1 34033U 93036HU  18212.91487889 +.00000911 +00000-0 +27950-3 0  9999
2 34033 074.0069 176.6571 0062046 111.9783 266.0337 14.41998840494745
1 34035U 93036HW  18212.87220549 +.00000321 +00000-0 +12581-3 0  9993
2 34035 074.0714 248.7972 0060748 219.8982 195.0797 14.32418506493089
1 34036U 93036HX  18212.90269836  .00000766  00000-0  24130-3 0  9996
2 34036  74.0454 172.5304 0047833 174.4074 185.7626 14.41407844495477
1 34037U 93036HY  18212.57965632 +.00000172 +00000-0 +77981-4 0  9991
2 34037 074.0526 257.4896 0061336 250.1320 109.3212 14.28166116492511
1 34038U 93036HZ  18212.06379774  .00000994  00000-0  25205-3 0  9995
2 34038  74.0642 119.4903 0032593  98.8318 261.6536 14.51847574497464
1 34040U 93036JB  18212.83947031 +.00000359 +00000-0 +32657-3 0  9994
2 34040 073.9599 155.5601 0359581 281.6225 105.7135 13.61490832469227
1 34042U 93036JD  18213.08925482  .00003031  00000-0  14721-3 0  9992
2 34042  73.8846 259.3140 0052658 112.4361 248.2424 15.17767004513765
1 34046U 93036JH  18212.51916848  .00000498  00000-0  19193-3 0  9991
2 34046  74.0415 255.5728 0103487 276.8652 152.1690 14.30060468492666
1 34050U 93036JM  18212.88400642  .00000156  00000-0  11649-3 0  9995
2 34050  74.0917 276.3793 0229757 267.7187 211.0357 13.90839069480008
1 34051U 93036JN  18212.46909682  .00000790  00000-0  12642-3 0  9996
2 34051  73.9865 226.7209 0055740 357.2988   2.7874 14.72647619504918
1 34053U 93036JQ  18212.75461248 +.00000030 +00000-0 +46680-4 0  9998
2 34053 073.8440 244.0896 0428379 120.3286 244.0915 13.46322212464455
1 34054U 93036JR  18212.96269806 +.00000542 +00000-0 +12807-3 0  9999
2 34054 074.0380 029.3485 0032877 087.0437 067.1549 14.56302609500077
1 34055U 93036JS  18212.89555819 +.00000247 +00000-0 +54880-4 0  9994
2 34055 074.1114 053.8971 0088349 018.4128 043.5445 14.60172493500160
1 34056U 93036JT  18212.76120118  .00000915  00000-0  50301-3 0  9996
2 34056  74.0677 131.0723 0151294 109.1922 282.2858 14.07329542484765
1 34057U 93036JU  18212.54241090 +.00000891 +00000-0 +21606-3 0  9995
2 34057 074.0199 062.3933 0031061 109.9888 270.8197 14.54149503498776
1 34059U 93036JW  18212.80676497  .00000304  00000-0  10419-3 0  9998
2 34059  74.0442 144.0393 0023157 168.1579 222.7708 14.40221593496326
1 34061U 93036JY  18212.57360247 +.00000089 +00000-0 +39630-4 0  9995
2 34061 074.0410 169.8671 0022433 193.5031 290.2472 14.35701627495253
1 34062U 93036JZ  18212.69904714 +.00000458 +00000-0 +13088-3 0  9990
2 34062 074.0416 153.4695 0141640 185.3112 245.5709 14.42362063495875
1 34064U 93036KB  18212.90245885 +.00000147 +00000-0 +60384-4 0  9990
2 34064 074.0341 179.9339 0025303 188.6843 201.9193 14.35207856494889
1 34065U 93036KC  18212.85015442 +.00000037 +00000-0 +21895-4 0  9991
2 34065 074.0365 160.6333 0017605 202.2102 236.3429 14.35706025495702
1 34066U 93036KD  18213.44936610  .00000764  00000-0  16212-3 0  9990
2 34066  73.9969 234.6764 0262427 309.8867 116.7550 14.41866067492148
1 34069U 93036KG  18212.58866392  .00000699  00000-0  12486-3 0  9992
2 34069  74.0157 293.0442 0039740  25.5385 334.7736 14.68490444502894
1 34070U 93036KH  18212.92981612 +.00000449 +00000-0 +14190-3 0  9992
2 34070 074.0130 137.4419 0040704 176.3544 301.4575 14.42597008496098
1 34076U 97051CK  18212.97889675  .00001895  00000-0  22390-3 0  9997
2 34076  86.3328  29.9041 0036058  33.6565 128.0578 14.83625654503842
1 34077U 97051CL  18213.19082285  .00000074  00000-0  17271-4 0  9996
2 34077  86.3961 117.2398 0018380 320.2107 192.0954 14.39410341494717
1 34079U 97051CN  18212.63381833 +.00000235 +00000-0 +57106-4 0  9997
2 34079 086.3902 096.5261 0012895 048.2737 339.9503 14.48582322498224
1 34081U 97051CQ  18213.18059438  .00008899  00000-0  52727-3 0  9991
2 34081  86.3113   4.9392 0016417 337.5951  81.1653 15.11143782506614
1 34082U 97051CR  18213.10902959  .00002521  00000-0  61990-3 0  9997
2 34082  86.3671 147.3930 0130412 267.2223  91.4048 14.46886102490450
1 34086U 97051CV  18212.97891806  .00000781  00000-0  22759-3 0  9999
2 34086  86.3865 116.8950 0024788 347.5047 143.1122 14.42781373495088
1 34090U 97051CZ  18213.33181559  .00002917  00000-0  32268-3 0  9991
2 34090  86.4151  66.8475 0020324  73.5339 286.8117 14.86872063504322
1 34091U 97051DA  18213.25681581  .00000639  00000-0  23377-3 0  9993
2 34091  86.3721 132.8406 0059012 174.0690 338.9388 14.30429627491581
1 34093U 97051DC  18213.15986713  .00005044  00000-0  37844-3 0  9998
2 34093  86.2939 356.4490 0014889 234.2701 179.7446 15.02346146507088
1 34095U 97051DE  18212.95750024 +.00002151 +00000-0 +47213-3 0  9998
2 34095 086.3825 102.5370 0048939 257.2521 102.3215 14.56429369496552
1 34097U 97051DG  18212.62480488  .00001360  00000-0  60620-3 0  9996
2 34097  86.2038  85.5884 0098699 330.3007  29.2598 14.19588936488994
1 34098U 97051DH  18212.80700446 +.00002264 +00000-0 +32004-3 0  9995
2 34098 086.1353 324.9990 0021908 100.2908 064.0371 14.76532129501667
1 34099U 97051DJ  18212.86527392  .00001654  00000-0  34337-3 0  9992
2 34099  86.3649  85.3011 0013456 142.4434 348.3509 14.59541208498497
1 34101U 97051DL  18213.23883503  .00002007  00000-0  63910-3 0  9999
2 34101  86.3794 149.8592 0108804 261.1137  97.7730 14.36080602489877
1 34102U 97051DM  18213.16443382  .00001142  00000-0  44640-3 0  9997
2 34102  86.3787 162.9930 0120497 356.6610  65.3947 14.24887905487811
1 34103U 97051DN  18213.06904247  .00001585  00000-0  36093-3 0  9993
2 34103  86.3475  84.2422 0032951  98.0721   1.2536 14.54945771497571
1 34104U 97051DP  18212.84369565 +.00001687 +00000-0 +28138-3 0  9991
2 34104 086.3420 055.6578 0022505 255.6581 162.9976 14.69228497501074
1 34105U 97051DQ  18212.75972117  .00005246  00000-0  50047-3 0  9994
2 34105  86.3456  52.0446 0006538 236.7488 123.3114 14.93130009502415
1 34106U 97051DR  18212.11628390  .00000999  00000-0  24686-3 0  9996
2 34106  86.3613  83.7721 0019208  36.3478 115.5883 14.51011584498217
1 34107U 97051DS  18212.64651054 +.00000697 +00000-0 +16293-3 0  9998
2 34107 086.3840 090.7567 0013662 006.5439 022.7897 14.53243403498325
1 34114U 93036KK  18213.39231035  .00000542  00000-0  21707-3 0  9996
2 34114  74.0694 290.9855 0073992 250.4236 234.4802 14.29190981491972
1 34115U 93036KL  18212.36021309  .00000185  00000-0  48684-4 0  9991
2 34115  74.0187 351.7640 0044026 122.1446 238.4001 14.55548392501274
1 34116U 93036KM  18213.49172719  .00000237  00000-0  82719-4 0  9994
2 34116  74.0466 140.3291 0015944 165.1749 317.3490 14.40534497496793
1 34117U 93036KN  18212.81154610 +.00000227 +00000-0 +92971-4 0  9990
2 34117 074.0406 224.3453 0066708 240.6886 118.7588 14.31498030495585
1 34118U 93036KP  18212.90599344  .00000431  00000-0  10103-3 0  9991
2 34118  73.9687  18.7709 0124174 118.8021  30.8704 14.53094090498706
1 34119U 93036KQ  18213.50671676  .00001160  00000-0  31660-3 0  9999
2 34119  74.0454 144.6772 0032562 116.8840   4.3030 14.48135447495662
1 34120U 93036KR  18213.40642788  .00000081  00000-0  66543-4 0  9992
2 34120  73.9928 182.4886 0188588 236.3375 285.4380 13.96196756484283
1 34122U 93036KT  18212.70469215 +.00000306 +00000-0 +91111-4 0  9997
2 34122 074.0449 121.5710 0114352 334.6239 044.0014 14.43837661497124
1 34123U 93036KU  18212.67306339 +.00000829 +00000-0 +21113-3 0  9995
2 34123 074.0280 095.1812 0017974 092.4203 298.7721 14.52111560497934
1 34124U 93036KV  18213.02753065  .00001124  00000-0  25914-3 0  9990
2 34124  74.0268  70.9926 0021915  83.8839 276.4821 14.56379103498676
1 34126U 93036KX  18212.57205236  .00000360  00000-0  65285-4 0  9990
2 34126  74.0033 248.0787 0059602  23.6465 137.5841 14.69077152504458
1 34127U 93036KY  18212.73125696 +.00000457 +00000-0 +23324-3 0  9994
2 34127 074.1914 119.4193 0139026 340.5247 048.3424 14.13453999486235
1 34128U 93036KZ  18212.96849586 +.00000642 +00000-0 +16193-3 0  9993
2 34128 074.0147 046.7907 0073709 109.8387 039.9832 14.51588376498731
1 34129U 93036LA  18212.97822295  .00000325  00000-0  86642-4 0  9998
2 34129  74.0465  48.4118 0049859  96.7351 263.9487 14.51696859499330
1 34130U 93036LB  18212.81270567  .00000692  00000-0  14169-3 0  9993
2 34130  74.0325 350.9594 0025809  69.0837 291.3089 14.62580876501427
1 34131U 93036LC  18212.95993146 +.00001076 +00000-0 +22635-3 0  9998
2 34131 074.1200 079.5850 0006788 004.6112 058.4599 14.60775627499406
1 34136U 93036LH  18212.50487209  .00000170  00000-0  34196-4 0  9992
2 34136  74.0218 223.8362 0110658 308.4338 205.7533 14.66536023504995
1 34139U 93036LL  18213.40317471  .00000544  00000-0  19060-3 0  9995
2 34139  74.0365 199.5407 0063239 215.5343 295.6350 14.36344963493917
1 34141U 93036LN  18212.98487065  .00000479  00000-0  19700-3 0  9995
2 34141  74.0181 274.2457 0074055 278.4015 144.7443 14.28257417491401
1 34142U 93036LP  18212.97638472  .00000446  00000-0  82908-4 0  9990
2 34142  73.9934 270.4041 0048283  31.6430  29.7881 14.67584699503261
1 34143U 97051DW  18213.12556757  .00001276  00000-0  25602-3 0  9994
2 34143  86.3909  92.0789 0005523 135.2898  17.9614 14.60962486498553
1 34145U 97051DY  18213.00778216  .00000444  00000-0  16637-3 0  9993
2 34145  86.2165  68.8124 0063131 177.8442 182.3035 14.28313539491424
1 34146U 97051DZ  18212.81975878  .00000220  00000-0  68360-4 0  9998
2 34146  86.2871  78.0813 0039661  51.2335  75.4388 14.35967759494102
1 34147U 97051EA  18212.72413962 +.00004056 +00000-0 +53514-3 0  9995
2 34147 086.4349 123.9742 0056590 215.1304 144.6180 14.78695092497694
1 34148U 97051EB  18212.89029997 +.00003658 +00000-0 +25733-3 0  9994
2 34148 086.3863 063.8231 0012453 064.2179 296.0339 15.04704600503145
1 34150U 97051ED  18213.12988692  .00002861  00000-0  60584-3 0  9998
2 34150  86.4841 153.5795 0093568 339.7040  80.7398 14.56192322495927
1 34155U 97051EJ  18212.25494339 +.00002137 +00000-0 +42026-3 0  9993
2 34155 086.4670 134.2386 0051832 176.8013 336.5258 14.61305419497100
1 34159U 97051EN  18212.91793688 +.00000206 +00000-0 +67811-4 0  9994
2 34159 086.3534 106.7355 0033389 063.2214 297.2390 14.32747972493895
1 34160U 97051EP  18213.27267912  .00001595  00000-0  34545-3 0  9991
2 34160  86.4088 113.7848 0037179 299.6713  60.0795 14.57188980496441
1 34174U 87011E   14051.86165142 -.00028900 +00000-0 -11720-1 0  9993
2 34174 065.0017 243.6981 0014115 261.6732 202.4099 14.27570415284468
1 34175U 87011F   15032.26975495 -.00000083 +00000-0 +63358-5 0  9997
2 34175 064.9902 356.1144 0023163 307.9690 051.9302 14.33086415329060
1 34176U 87011G   18212.09442394 -.00000007 +00000-0 +33644-4 0  9999
2 34176 065.0158 010.7331 0019703 279.3275 197.8472 14.33854293265506
1 34177U 87011H   14149.12619162 +.00001209 +00000-0 +47948-3 0  9993
2 34177 065.0055 332.5521 0015337 233.9900 122.5452 14.32730676297100
1 34185U 92072R   18191.20529765 -.00000617  00000-0 -24253-2 0  9991
2 34185   7.9544 342.6543 7067063 313.7299   6.0689  2.41410495110902
1 34189U 92072V   18064.49344774  .00001912  00000-0  76887-1 0  9996
2 34189   5.3526 352.5780 6510270 131.9856  23.9822  2.90669687133479
1 34191U 92072X   18213.05261416 -.00000071  00000-0 -76284-3 0  9998
2 34191   7.7792 281.8367 6513045 253.0040  39.8451  2.91987734137680
1 34195U 92072AB  18212.70972382 -.00000078  00000-0  18799-3 0  9997
2 34195   5.6501  44.6735 6574425  66.2969  78.6387  2.94658015131274
1 34196U 92072AC  18189.66575546 -.00000078 +00000-0 -57972-2 0  9993
2 34196 007.6488 081.7831 6455887 306.8769 256.6476 02.90582454124167
1 34201U 97070L   13223.53985288 +.01963372 +00000-0 +24252+0 0  9997
2 34201 046.4116 302.8662 4128994 242.4135 070.0282 07.13308270015522
1 34204U 99057RF  18212.38609665  .00010929  00000-0  59496-3 0  9997
2 34204  98.2122 266.3958 0001597  63.8004 296.3390 15.14635964545326
1 34205U 99057RG  10131.35741025 +.00008397 +00000-0 +19700-2 0  9993
2 34205 098.4941 175.7095 0009459 071.8579 289.9205 14.54707145129105
1 34207U 99057RJ  18212.56917202 +.00002367 +00000-0 +31059-3 0  9991
2 34207 098.3008 250.1184 0014381 209.1879 150.8530 14.81239714557076
1 34208U 99057RK  18213.28751669  .00002854  00000-0  30982-3 0  9990
2 34208  98.2813 245.3874 0008475 126.5205 233.6792 14.88976813560006
1 34209U 99057RL  18213.19266591  .00001797  00000-0  30166-3 0  9995
2 34209  98.3251 212.9748 0004864 215.2131 144.8753 14.70969872565166
1 34211U 99057RN  18213.21468355  .00000347  00000-0  80273-4 0  9998
2 34211  98.4493 212.2264 0075324 285.2620  74.0261 14.60003446812510
1 34213U 99057RQ  18212.87747865 +.00001821 +00000-0 +26676-3 0  9991
2 34213 098.2881 228.7464 0011204 112.1427 009.0612 14.76857656560442
1 34214U 99057RR  18212.40729138 +.00009246 +00000-0 +55654-3 0  9991
2 34214 098.2118 282.1157 0001704 101.6592 258.4827 15.11073244572803
1 34215U 99057RS  18212.90440155  .00001070  00000-0  23179-3 0  9990
2 34215  98.3728 190.2705 0006303 350.7508   9.3574 14.60252672557109
1 34216U 99057RT  14043.15707469 +.00004570 +00000-0 +45308-3 0  9996
2 34216 098.1287 171.2447 0004596 219.1376 264.7215 14.92312977342733
1 34217U 99057RU  18209.94317406 +.00004551 +00000-0 +41795-3 0  9995
2 34217 098.2088 203.3342 0014686 132.9757 227.2697 14.95295050573820
1 34220U 01049PQ  15357.22596365  .00003417  00000-0  13459-3 0  9994
2 34220  98.1773 348.9789 0008434  86.5561 273.6640 15.26385840629193
1 34221U 01049PR  18211.35695654 -.00000437  00000-0 -26182-4 0  9991
2 34221  98.5445 178.3415 0074502 320.2537  39.3239 15.01144608882870
1 34223U 02024H   18212.88946408 +.00000277 +00000-0 +19591-3 0  9997
2 34223 099.1826 195.8760 0133086 024.2018 336.5322 14.01919632808078
1 34224U 06006AP  18211.22301841  .00000313  00000-0  85032-3 0  9999
2 34224  52.1117 160.6441 5027056 140.8714 269.2838  5.26848695197026
1 34226U 06006AR  18049.49311893  .00002163  00000-0  19082-2 0  9993
2 34226  51.6700 110.1122 5027033 256.1729  45.1464  5.41300501191923
1 34227U 06006AS  18208.02959260 +.00000096 +00000-0 +54805-3 0  9992
2 34227 052.0115 070.5453 4915845 233.4243 333.1896 05.38472954200591
1 34228U 06006AT  11337.07599237 +.00086168 +00000-0 +30133-1 0  9998
2 34228 051.8664 211.9560 4577633 170.6514 354.1589 06.25036147076185
1 34229U 06006AU  18009.32360739  .00006549  00000-0  28097-2 0  9995
2 34229  51.4167 112.1454 4505833 210.6617 112.9037  6.34739125204789
1 34230U 06006AV  18106.15916284  .00000185  00000-0  20302-3 0  9990
2 34230  51.4138 119.3291 5051028 235.3600  66.3577  5.32398254193820
1 34231U 06006AW  17161.55389459 +.00001986 +00000-0 +94502-2 0  9995
2 34231 052.2249 251.6724 5061846 192.5310 150.8561 05.12434176167415
1 34232U 06006AX  10188.84941953 +.00027218 +00000-0 +13005-1 0  9997
2 34232 051.6387 013.0302 5062914 165.2742 218.0214 05.42263510042517
1 34233U 06006AY  18087.46882538  .00000741  00000-0  11975-2 0  9992
2 34233  52.1877 137.1998 4867383 157.4242 234.6232  5.58371902194061
1 34234U 06006AZ  18212.31973784  .00001394  00000-0  77148-3 0  9991
2 34234  51.5486 185.5862 4830702 117.0704 299.8050  5.78220280206449
1 34235U 06006BA  18044.61826835  .00000515  00000-0  77905-3 0  9997
2 34235  51.6925 152.2920 5030396 221.8249  86.3350  5.36125851189922
1 34236U 06006BB  17247.12820478  .00000422  00000-0  34620-3 0  9999
2 34236  51.6575 160.2766 5004110 217.4451  94.2305  5.48815189183400
1 34237U 06006BC  14231.07464448 +.00002331 +00000-0 +35286-2 0  9994
2 34237 051.7761 025.4036 4999229 231.5630 072.0905 05.39101773120194
1 34238U 06006BD  18111.61863099  .00000795  00000-0  14402-2 0  9990
2 34238  51.6927 222.5978 5083257 182.7204 173.3308  5.24195058188596
1 33905U 93036DJ  18212.95293189 +.00000189 +00000-0 +86365-4 0  9991
2 33905 073.8876 208.7080 0066323 279.9744 105.5489 14.27330333492385
1 33906U 93036DK  18212.92519678 +.00000544 +00000-0 +20633-3 0  9993
2 33906 074.0380 241.3173 0055607 218.7881 212.0589 14.32665557493179
