1 36461U 93036BBL 18212.52181207  .00006128  00000-0  23306-3 0  9995
2 36461  73.9340 279.2172 0044927  61.9999 298.5735 15.26038062473249
1 36463U 93036BBN 11261.76257337 +.00006891 +00000-0 +19098-2 0  9997
2 36463 074.0422 055.8246 0026538 049.8201 313.1857 14.46548218108337
1 36467U 93036BBS 18212.54828881  .00000410  00000-0  17089-3 0  9998
2 36467  73.8633 287.3842 0133436  29.2882  30.7502 14.24730262457894
1 36470U 93036BBV 18211.21282335  .00000465  00000-0  12829-3 0  9990
2 36470  73.8687  37.2653 0067891  51.5629 309.1596 14.48461763463332
1 36476U 93036BCB 18210.63002465 +.00000878 +00000-0 +21175-3 0  9997
2 36476 074.0319 082.3021 0020710 094.4624 265.8905 14.54602240479381
1 36479U 93036BCE 18211.30302972  .00002507  00000-0  18132-3 0  9991
2 36479  74.0274  80.1806 0050077 132.0949 228.4515 15.03646570481945
1 36482U 97051VY  18185.46237553  .00000568  00000-0  13348-3 0  9994
2 36482  86.3463  82.2422 0022893  11.7175 348.4559 14.52547800471175
1 36483U 97051VZ  18212.46057961  .00000266  00000-0  83394-4 0  9993
2 36483  86.3837 110.9342 0009521 348.7380  11.3602 14.36902578471742
1 36485U 97051WB  18212.17747336  .00001117  00000-0  41618-3 0  9993
2 36485  86.4505 183.3615 0117956 332.0340  27.4544 14.27426788450461
1 36486U 97051WC  18211.90724576 +.00000934 +00000-0 +18181-3 0  9990
2 36486 086.3511 069.8183 0018930 168.1471 192.0189 14.61900265269132
1 36487U 97051WD  18208.69686759 +.00001488 +00000-0 +72615-3 0  9990
2 36487 086.3783 190.8525 0165827 234.4502 124.1126 14.10592715312338
1 36488U 97051WE  18211.60810308 +.00019493 +00000-0 +92347-3 0  9994
2 36488 086.4329 081.6289 0005435 230.2020 129.8745 15.19202429239121
1 36489U 97051WF  17251.26372416  .00020841  00000-0  26781-2 0  9990
2 36489  86.4165 234.3832 0013266  87.4959 272.7781 14.81010893440958
1 36490U 97051WG  18212.42024737  .00000564  00000-0  15329-3 0  9995
2 36490  86.3769  95.9953 0003867  62.6694 297.4901 14.45840141474155
1 36492U 97051WJ  18211.98377565  .00001289  00000-0  28666-3 0  9990
2 36492  86.4247 110.7750 0014953 104.9344 255.3520 14.56182824483238
1 36493U 97051WK  18212.40729943  .00000451  00000-0  12713-3 0  9996
2 36493  86.3636  93.9284 0015996 333.5443  26.4939 14.43547698481455
1 36495U 97051WM  18210.59978222 +.00005548 +00000-0 +53782-3 0  9995
2 36495 086.3906 082.4610 0012898 010.6680 349.4819 14.92454616459638
1 36497U 97051WP  18211.23833626  .00000494  00000-0  15711-3 0  9992
2 36497  86.1619  29.0676 0073231   1.2819 123.0893 14.36393277473161
1 36526U 93036BCL 11363.76566903 +.00008279 +00000-0 +11660-2 0  9991
2 36526 073.9721 149.0762 0149228 135.0059 226.5290 14.69981048121203
1 36528U 93036BCN 18200.75711691  .00000133  00000-0  69145-4 0  9999
2 36528  74.0199 336.9005 0095979 301.0965  58.0788 14.21635676456759
1 36529U 93036BCP 18212.17350990  .00001646  00000-0  80683-3 0  9999
2 36529  74.0512 151.2269 0175163 148.2954 274.9582 14.10871842453317
1 36530U 93036BCQ 18211.75532037 +.00000868 +00000-0 +17295-3 0  9992
2 36530 074.0189 340.5242 0030390 070.3499 290.0943 14.63315375437408
1 36531U 93036BCR 18211.76407418  .00000886  00000-0  55752-3 0  9998
2 36531  74.1134 341.3972 0249574 312.6421  45.3906 13.91565919444355
1 36532U 93036BCS 18212.36963229  .00000678  00000-0  10633-3 0  9991
2 36532  73.9927 213.3040 0064356   4.5586  58.9852 14.73525460468498
1 36533U 93036BCT 18211.09401065  .00000145  00000-0  50719-4 0  9995
2 36533  74.0148  94.8278 0054237 173.2646 186.9253 14.42892657457709
1 36539U 93036BCZ 18211.02502966 +.00000219 +00000-0 +67733-4 0  9992
2 36539 074.0269 073.2383 0034510 157.4181 202.8506 14.46717478449236
1 36540U 93036BDA 18210.27541314 +.00000310 +00000-0 +10610-3 0  9993
2 36540 074.0349 156.0601 0022579 169.1275 191.0373 14.40234978473181
1 36541U 93036BDB 18206.17784406 +.00002850 +00000-0 +58517-3 0  9998
2 36541 074.0070 119.1221 0037479 114.1075 246.4018 14.60696572256795
1 36543U 93036BDD 18211.80046981 +.00001260 +00000-0 +27835-3 0  9998
2 36543 073.8340 021.6318 0056744 083.3691 277.3926 14.57446024259723
1 36548U 93036BDJ 18211.84877848 +.00004619 +00000-0 +39067-3 0  9992
2 36548 074.0087 240.7992 0017008 299.8438 060.1056 14.98252897483486
1 36550U 93036BDL 18210.72040456 +.00000057 +00000-0 +37207-4 0  9995
2 36550 074.0491 342.5685 0087337 322.6263 036.8825 14.20087379463838
1 36551U 93036BDM 18211.77524901  .00000275  00000-0  56450-4 0  9997
2 36551  73.8993 247.1374 0097693  65.7985 295.3354 14.62953829468449
1 36553U 93036BDP 18211.45317425 +.00000776 +00000-0 +11845-3 0  9999
2 36553 074.0447 240.8711 0054616 321.2783 104.0689 14.74779221280115
1 36554U 93036BDQ 18211.29815187 +.00002172 +00000-0 +22509-3 0  9991
2 36554 074.0013 203.5346 0040968 270.5423 089.1064 14.90125467267072
1 36555U 93036BDR 11257.62509394 +.00010551 +00000-0 +15616-2 0  9992
2 36555 073.9938 353.3529 0118304 033.5144 327.3525 14.70535684110004
1 36557U 93036BDT 18211.52780257  .00000686  00000-0  21875-3 0  9992
2 36557  73.9866 149.6785 0044279 206.5712 153.3174 14.41098264459210
1 36558U 93036BDU 18211.77336796 +.00000227 +00000-0 +76921-4 0  9999
2 36558 074.0482 129.3308 0017622 167.7906 192.3681 14.42139425463732
1 36559U 93036BDV 18212.27332667  .00001033  00000-0  78877-3 0  9996
2 36559  74.1326 160.9136 0331490 133.9843 228.9127 13.71612942442793
1 36563U 97051WS  18211.87840989 +.00002594 +00000-0 +40005-3 0  9993
2 36563 086.3546 072.0884 0039281 167.6661 192.5528 14.72489386474315
1 36566U 97051WV  18210.25668236 +.00001712 +00000-0 +76858-3 0  9996
2 36566 086.4314 208.5420 0167805 209.7519 149.4046 14.14730741463233
1 36571U 06002AA  18211.50601518  .00000169  00000-0  38964-4 0  9999
2 36571  97.8119 233.3460 0001678  89.0097 271.1300 14.65977208440703
1 36614U 93036BEC 18211.50927314 +.00000413 +00000-0 +13772-3 0  9996
2 36614 074.0309 152.9973 0024781 166.5503 193.6318 14.40468511267212
1 36615U 93036BED 18211.45589019  .00001801  00000-0  57943-3 0  9997
2 36615  74.0653  15.2523 0117512 350.8991   9.0030 14.36187222442949
1 36617U 93036BEF 18212.08522278  .00003641  00000-0  40114-3 0  9999
2 36617  73.9789 358.8007 0086103 263.1737  95.9640 14.85258679480736
1 36622U 93036BEL 18211.89529130 +.00000202 +00000-0 +45477-4 0  9995
2 36622 074.0235 285.2481 0088074 013.5560 346.7941 14.60969415273426
1 36623U 93036BEM 11311.31644133 +.00010961 +00000-0 +15744-2 0  9993
2 36623 074.0846 308.9182 0267711 022.7814 339.1756 14.54892532111178
1 36625U 93036BEP 18211.33642538 +.00000592 +00000-0 +10667-3 0  9999
2 36625 073.8814 214.9687 0060958 073.0248 347.5489 14.67863584285214
1 36626U 93036BEQ 18212.02001122  .00000226  00000-0  18595-4 0  9998
2 36626  74.0424 330.0984 0153617   3.2094 357.0037 14.97886181471699
1 36630U 93036BEU 18210.59592460 +.00000666 +00000-0 +22287-3 0  9993
2 36630 073.9825 182.4483 0047094 217.1006 142.6891 14.38756317484647
1 36632U 93036BEW 18210.64893538 +.00000249 +00000-0 +99641-4 0  9997
2 36632 074.0047 203.4843 0041535 228.6437 131.1139 14.33039652447738
1 36642U 97051XC  18211.97837999  .00001888  00000-0  35631-3 0  9993
2 36642  86.3708  86.4976 0023686  90.1414 270.2512 14.63780900474911
1 36643U 97051XD  10229.33771472 +.00005735 +00000-0 +15597-2 0  9991
2 36643 086.3250 242.2623 0023758 197.9984 162.0380 14.47207537044694
1 36644U 99025DXN 18209.31388448 -.00000064 +00000-0 -32939-4 0  9999
2 36644 098.4314 340.6046 0296864 011.5105 349.2633 13.53579793250701
1 36645U 99025DXP 18212.31876562  .00000753  00000-0  90816-3 0  9993
2 36645  98.5130 340.7941 0323424 170.5633 190.1783 13.49147794432752
1 36647U 99025DXR 17220.04542758 -.00000053 +00000-0 -27253-4 0  9991
2 36647 096.1386 312.7196 0273673 033.0798 328.7149 13.73959539490122
1 36648U 99025DXS 11263.88324349 +.00005544 +00000-0 +14785-2 0  9991
2 36648 097.9426 134.2899 0220922 295.3669 063.2645 14.35301929132996
1 36649U 99025DXT 14317.54613657 +.00031146 +00000-0 +75943-2 0  9991
2 36649 098.9327 074.5826 0061745 216.6757 143.0203 14.51416476346338
1 36651U 99025DXV 11252.06907938 +.00006104 +00000-0 +15801-2 0  9997
2 36651 098.3765 188.7091 0253905 054.3960 308.4175 14.32652091178193
1 36652U 99025DXW 18211.89278137 +.00000379 +00000-0 +24489-3 0  9994
2 36652 099.1064 241.4805 0063443 018.9844 341.3670 14.08081864263343
1 36654U 99025DXY 18211.75975918  .00002711  00000-0  27559-3 0  9995
2 36654  99.5263  46.8774 0146395 331.2204  28.0985 14.84344823478630
1 36655U 99025DXZ 14028.58846166 +.00015414 +00000-0 +35447-2 0  9999
2 36655 098.9569 163.4608 0069273 359.1429 000.9635 14.54031267291975
1 36656U 99025DYA 18212.36489732  .00000118  00000-0  15496-3 0  9995
2 36656  97.4196 261.8773 0349105 123.9835 239.4998 13.49466740530333
1 36657U 99025DYB 18211.85053082 +.00000188 +00000-0 +57744-4 0  9994
2 36657 099.4134 355.3368 0134633 164.3991 196.1411 14.49895093271493
1 36658U 99025DYC 18212.36600033  .00000421  00000-0  18897-3 0  9991
2 36658  98.8390 262.4982 0088283  71.8688 289.2081 14.25526949514004
1 36659U 99025DYD 18182.45524626 +.00000097 +00000-0 +12230-3 0  9995
2 36659 099.8391 034.0681 0142498 020.6149 340.0675 13.83367273227674
1 36660U 99025DYE 18211.89432456 +.00000065 +00000-0 +61949-4 0  9994
2 36660 098.8434 260.8858 0049148 313.0212 046.6846 14.09142343254291
1 36661U 99025DYF 18211.30183251 +.00000548 +00000-0 +28166-3 0  9996
2 36661 098.9868 245.3784 0023951 131.4776 289.6708 14.19369261261803
1 36663U 99025DYH 17005.65441086  .00000286  00000-0  11947-3 0  9997
2 36663  98.1831 309.1640 0229561 149.6750 211.8420 14.12903356379906
1 36664U 99025DYJ 18211.87582881 +.00000010 +00000-0 +24397-4 0  9990
2 36664 098.9195 236.3597 0173865 250.7442 107.4852 14.16849225256245
1 36665U 99025DYK 18199.48903677 +.00000805 +00000-0 +43576-3 0  9994
2 36665 098.4639 293.6724 0158829 134.0259 227.4126 14.08759997218573
1 36667U 99025DYM 18212.04977552  .00000150  00000-0  12233-3 0  9996
2 36667  97.7767 298.8039 0132978  87.6908 273.9476 13.96715031541206
1 36668U 99025DYN 18211.35480410 +.00000307 +00000-0 +19702-3 0  9994
2 36668 098.8569 260.7939 0053751 311.6037 048.0534 14.09800665194371
1 36670U 99025DYQ 18212.31167761  .00000517  00000-0  22558-3 0  9991
2 36670  98.8264 259.2412 0044363  37.5998 322.8270 14.27681228498867
1 36672U 99025DYS 18211.23801879  .00002498  00000-0  26007-3 0  9991
2 36672  98.9831 208.9756 0038428 226.5246 133.2771 14.90448280506750
1 36673U 99025DYT 12013.56564580 +.00010249 +00000-0 +23792-2 0  9997
2 36673 099.0484 134.4810 0148719 028.7103 338.0295 14.48586205163556
1 36675U 99025DYV 18212.32345906  .00000550  00000-0  28060-3 0  9997
2 36675  99.2681  32.9176 0037928 274.5001  85.1841 14.19752891495765
1 36676U 99025DYW 18211.61696918  .00000144  00000-0  61135-4 0  9991
2 36676  98.8170 346.7506 0106733 168.8693 248.9464 14.36685477503258
1 36677U 99025DYX 18210.34755010 +.00000424 +00000-0 +27077-3 0  9997
2 36677 098.9668 263.5155 0062438 288.1060 133.0582 14.08100423526921
1 36678U 99025DYY 18212.39312109  .00000037  00000-0  25647-4 0  9995
2 36678  98.4234 263.2442 0162835 109.8092 252.0730 14.33272721464262
1 36679U 99025DYZ 18204.93623222 +.00000239 +00000-0 +18254-3 0  9997
2 36679 098.9976 236.6090 0093286 041.4969 319.3231 14.00718994525195
1 36680U 99025DZA 18211.36298788  .00000035  00000-0  34366-4 0  9996
2 36680  98.7393 263.0343 0202383  49.2231   9.0533 14.13242215459434
1 36681U 99025DZB 18211.90226551 +.00000244 +00000-0 +17550-3 0  9993
2 36681 098.8932 256.9961 0046326 006.5241 353.6521 14.05398771349109
1 36682U 99025DZC 18211.02247540 +.00000307 +00000-0 +35585-3 0  9996
2 36682 098.4438 057.5924 0247324 212.4937 146.0777 13.63220043246508
1 36684U 99025DZE 18211.43661751  .00000571  00000-0  19560-3 0  9995
2 36684  99.4876 287.3529 0066918 123.5947 237.1649 14.39327142481662
1 36685U 99025DZF 18211.05028082  .00000410  00000-0  76981-4 0  9991
2 36685  98.8259 148.3420 0135623 128.9049 232.4338 14.65106581568186
1 36686U 99025DZG 18205.02561262 +.00000280 +00000-0 +72036-4 0  9996
2 36686 098.9552 143.5031 0154875 335.2031 024.1774 14.52164787265343
1 36687U 99025DZH 18210.73545320 +.00000211 +00000-0 +15715-3 0  9992
2 36687 098.5172 034.9414 0092701 268.6044 090.4503 14.02743429249538
1 36688U 99025DZJ 11235.40675602 +.00000598 +00000-0 +27257-3 0  9996
2 36688 099.0387 303.8870 0073858 226.0148 133.4943 14.24110055205144
1 36689U 99025DZK 18199.75585223  .00000573  00000-0  53570-3 0  9990
2 36689  98.4530  32.5606 0345126 267.3340  88.8262 13.61707896512382
1 36691U 99025DZM 18176.09707161 +.00000885 +00000-0 +65697-3 0  9991
2 36691 098.7171 289.5219 0154614 236.1793 123.5426 13.92133850571560
1 36692U 99025DZN 18211.22863551  .00000055  00000-0  81613-4 0  9999
2 36692 100.0732 223.5721 0117849 265.8507  92.9173 13.90765963536011
1 36693U 99025DZP 18166.57692113  .00002227  00000-0  34527-3 0  9995
2 36693  97.6042  91.6191 0162670 118.2058 243.5682 14.65514722569682
1 36694U 99025DZQ 18209.10872160 +.00000149 +00000-0 +97106-4 0  9999
2 36694 098.9844 161.9880 0115642 018.9756 341.5672 14.13268520255338
1 36695U 99025DZR 18210.96608132  .00000014  00000-0  15526-4 0  9999
2 36695  98.3471 262.2834 0274569 340.8063  18.2936 14.37826590509106
1 36696U 99025DZS 18211.02524252  .00000470  00000-0  25923-3 0  9995
2 36696  98.8594 148.6586 0029862 136.0972 224.2582 14.16108566509139
1 36697U 99025DZT 18211.24074166 +.00000478 +00000-0 +56882-4 0  9991
2 36697 098.8219 207.9179 0169014 177.9188 239.8792 14.80549800269430
1 36698U 99025DZU 13088.51975970 +.00005504 +00000-0 +17587-2 0  9994
2 36698 099.0147 196.4645 0067524 271.5929 087.7537 14.38782329204930
1 36699U 99025DZV 18211.30118526 +.00000029 +00000-0 +31444-4 0  9998
2 36699 098.6724 242.0314 0098655 025.8610 334.7451 14.21208015350607
1 36700U 99025DZW 18211.79736844  .00000351  00000-0  33274-3 0  9993
2 36700  99.8719  62.7413 0157827   4.7738 355.4877 13.82963277520737
1 36701U 99025DZX 18211.34059681  .00000642  00000-0  73609-3 0  9991
2 36701 102.7479  27.1829 0284502 167.9807 192.8298 13.59386206552988
1 36702U 99025DZY 18211.00860733  .00000665  00000-0  30298-3 0  9995
2 36702  98.3628 292.0006 0111376  48.1485 312.9135 14.21418286539349
1 36703U 99025DZZ 18212.18963699  .00000068  00000-0  62834-4 0  9990
2 36703  97.8477 344.9090 0131716 158.4742 202.2037 14.01015784535596
1 36706U 99025EAC 18212.17351389  .00006159  00000-0  10830-2 0  9993
2 36706  98.7827 185.7146 0022191 245.4073 114.4817 14.67870765546267
1 36707U 99025EAD 18211.32685988  .00000237  00000-0  15675-3 0  9999
2 36707  99.0201 242.9175 0054035 178.8362 181.2943 14.10258366476593
1 36710U 99025EAG 18207.39280783 +.00000487 +00000-0 +19278-3 0  9999
2 36710 098.6366 262.0476 0086776 282.8302 076.3196 14.31314247262566
1 36711U 99025EAH 18212.12118176  .00000909  00000-0  47688-3 0  9998
2 36711 100.8151 326.6230 0153684 219.8907 139.0882 14.11705861504892
1 36712U 99025EAJ 18211.40869745 +.00001268 +00000-0 +29841-3 0  9994
2 36712 098.9432 075.4783 0054661 184.0973 175.9782 14.55396858201381
1 36713U 99025EAK 18211.11129982 +.00000619 +00000-0 +83308-4 0  9993
2 36713 098.3886 323.5861 0226034 092.2964 270.4138 14.66929297568886
1 36714U 99025EAL 18211.35676055 +.00000450 +00000-0 +25134-3 0  9993
2 36714 098.8800 268.9586 0034037 230.8015 129.0135 14.15559789509139
1 36715U 99025EAM 14063.88304835 +.00003532 +00000-0 +78678-3 0  9992
2 36715 098.4915 102.4330 0195372 096.9632 270.2058 14.46367213279329
1 36716U 99025EAN 18205.59257321 -.00000010 +00000-0 +27420-4 0  9999
2 36716 099.1930 125.8957 0150466 281.7546 076.6765 13.86805325535212
1 36717U 99025EAP 11308.54978809 +.00010977 +00000-0 +29447-2 0  9994
2 36717 099.0977 054.7597 0166143 296.5016 067.1912 14.40436579155431
1 36719U 99025EAR 18208.38322848 +.00000366 +00000-0 +18707-3 0  9999
2 36719 098.4521 067.1921 0107712 046.1272 314.8740 14.18083157492115
1 36724U 99025EAW 18211.37679691  .00000591  00000-0  35471-3 0  9996
2 36724  99.4921  59.0010 0132492 114.2386   8.9508 14.06749691503734
1 36726U 99025EAY 18211.98853628  .00003539  00000-0  22212-3 0  9993
2 36726  98.9710 283.5695 0061338 299.2718  60.2384 15.08616112516328
1 36727U 99025EAZ 11100.04037224 -.00032535 +00000-0 -97688-2 0  9995
2 36727 099.0264 192.8032 0124855 084.8300 279.3135 14.38422909133302
1 36729U 99025EBB 18211.91750279 +.00000073 +00000-0 +67733-4 0  9995
2 36729 098.7908 254.0283 0046730 312.5916 047.1316 14.07992391493543
1 36730U 99025EBC 18209.57621907 +.00000996 +00000-0 +32006-3 0  9999
2 36730 099.6480 338.6569 0034523 286.4966 130.7881 14.41712925340062
1 36731U 99025EBD 18211.39149266 +.00000646 +00000-0 +25257-3 0  9998
2 36731 099.1529 070.5996 0052883 073.6918 287.0071 14.32419465270264
1 36732U 99025EBE 18212.07652149  .00000703  00000-0  79176-4 0  9998
2 36732  98.9495 307.4663 0145642 268.8860  89.5661 14.83552374515161
1 36733U 99025EBF 18211.76907150  .00000363  00000-0  28955-3 0  9999
2 36733  99.1879 144.8661 0154609 271.3548  86.9905 13.92234334450170
1 36734U 99025EBG 18212.13884061  .00000406  00000-0  25046-3 0  9993
2 36734  99.0176 175.4095 0041935 267.8156  91.8212 14.10725256446599
1 36735U 99025EBH 18211.44606659 +.00000554 +00000-0 +19962-3 0  9996
2 36735 099.1290 087.4035 0098385 151.5309 333.9380 14.35297378557465
1 36736U 99025EBJ 18211.32951154 +.00000605 +00000-0 +35335-3 0  9996
2 36736 098.9952 255.0479 0071573 227.8309 131.6769 14.11014952505400
1 36738U 99025EBL 18204.46522309 +.00001133 +00000-0 +42015-3 0  9991
2 36738 100.7910 093.3240 0035632 263.9527 095.7590 14.34652876537760
1 36739U 99025EBM 11305.18945240 -.00001324 +00000-0 -32064-3 0  9996
2 36739 098.9861 059.9652 0129364 198.2392 145.0771 14.46035147163882
1 36741U 99025EBP 18209.09167479 +.00001073 +00000-0 +59438-3 0  9992
2 36741 098.4588 296.8294 0120595 135.3053 225.7915 14.09543805503230
1 36742U 99025EBQ 11327.14622580 +.00007744 +00000-0 +50120-2 0  9991
2 36742 098.8200 276.5513 0087519 310.3674 048.9873 14.01138102162272
1 36743U 99025EBR 18211.92221565 +.00000450 +00000-0 +24485-3 0  9998
2 36743 098.8667 250.0672 0057634 193.0727 166.8956 14.16364689225384
1 36857U 82025AU  18064.73216966  .00000957  00000-0  55297-3 0  9997
2 36857  82.5284 214.4582 0034083  17.8500 342.3861 14.07836686688542
1 36858U 82025AV  18212.02210898  .00000688  00000-0  40752-3 0  9994
2 36858  82.5239 105.3653 0029180   4.4942 355.6486 14.06218829637438
1 36859U 82025AW  18210.98187154 +.00000521 +00000-0 +29894-3 0  9996
2 36859 082.5211 099.9980 0027312 354.7598 005.3285 14.07544462696687
1 36860U 82025AX  18198.55250235 +.00000997 +00000-0 +61343-3 0  9999
2 36860 082.5273 134.4944 0018050 237.0803 124.2065 14.04652988027789
1 36861U 82025AY  18211.94206442 +.00000621 +00000-0 +34866-3 0  9994
2 36861 082.5098 084.8707 0016085 281.9067 078.0303 14.09150724258824
1 36862U 82025AZ  18022.99188056  .00000421  00000-0  24554-3 0  9991
2 36862  82.5558 276.9948 0017267 266.2728  93.6470 14.06367035597444
1 36863U 82025BA  18211.02012545 +.00000357 +00000-0 +20487-3 0  9994
2 36863 082.5251 108.6949 0007550 331.8952 028.1812 14.07008904716207
1 36864U 82025BB  18086.13648402 +.00001012 +00000-0 +63002-3 0  9993
2 36864 082.5497 235.6546 0018899 057.9857 302.3025 14.03983554717586
1 36865U 82025BC  18210.35027488 +.00000775 +00000-0 +42433-3 0  9992
2 36865 082.5357 083.1987 0024378 187.1060 172.9773 14.10669945731690
1 36866U 82025BD  18204.22461887 +.00000884 +00000-0 +58583-3 0  9991
2 36866 082.5325 184.8727 0014475 265.7089 094.2426 14.00429921733542
1 36867U 82025BE  16087.24869910 +.00001260 +00000-0 +71195-3 0  9993
2 36867 082.4461 076.2107 0004576 293.0848 066.9843 14.09567174081218
1 36875U 81043N   18211.24227772  .00000969  00000-0  27950-3 0  9991
2 36875  81.2621 181.5955 0017636 200.1735 159.8759 14.43968592757628
1 36878U 81043R   18212.05793031 -.00000137  00000-0 -66702-4 0  9998
2 36878  81.2567 343.0640 0040933 282.4827 197.3306 14.22220951459358
1 36879U 81043S   18211.04347201 +.00000322 +00000-0 +13223-3 0  9994
2 36879 081.2568 338.5964 0042782 262.6431 096.9885 14.24481912242649
1 36880U 93041H   18204.76044770  .00002116  00000-0  40203-3 0  9994
2 36880  89.5460 201.1618 0058274 181.9324 178.5694 14.62778558426579
1 36881U 05011C   18212.26809564  .00000933  00000-0  30879-3 0  9992
2 36881  99.0236 323.7871 0001980 144.1369 215.9951 14.40442524457675
1 36882U 89001V   18211.87312982  .00001324  00000-0  46415-2 0  9990
2 36882  64.9948   1.5885 2443604 123.9157 261.8586  9.42187796278317
1 36884U 89039EG  14039.05565103 +.00080351 +00000-0 +40423+0 0  9999
2 36884 064.0227 015.4321 5502148 003.5212 359.0982 04.47753952102966
1 36932U 87011L   13276.37571584 +.00000275 +00000-0 +13788-3 0  9993
2 36932 065.0107 275.6843 0021780 255.0806 105.2836 14.32581578215785
1 36933U 87011M   15200.49217724 +.00000414 +00000-0 +18616-3 0  9999
2 36933 065.0068 240.2274 0022532 331.4685 025.8942 14.33218183311331
1 36934U 87011N   15145.07798875 -.00000084  00000-0  63348-5 0  9991
2 36934  64.9859  38.0645 0017163 328.5618  97.2874 14.31029680301460
1 36935U 87011P   18211.05512123 -.00000009  00000-0  32657-4 0  9992
2 36935  65.0099   8.3428 0019877 283.0607  76.8260 14.34044813486818
1 36936U 87011Q   18212.05097752 -.00000008  00000-0  33024-4 0  9998
2 36936  65.0018   2.4636 0020897 280.6861  79.1872 14.34059783482177
1 36937U 87011R   18211.82803037 -.00000013 +00000-0 +31283-4 0  9995
2 36937 065.0147 007.0732 0019458 279.7130 080.1758 14.34098753257881
1 36938U 87011S   12308.15599913 +.00000163 +00000-0 +97831-4 0  9994
2 36938 065.0110 134.9824 0021184 356.7197 003.4619 14.31841052189672
1 36939U 87011T   18209.83109134 +.00000006 +00000-0 +37915-4 0  9991
2 36939 065.0176 011.7405 0022176 278.5324 081.3249 14.34260579489799
1 36940U 87011U   18212.08319089 -.00000019  00000-0  29394-4 0  9993
2 36940  65.0146  19.5637 0022885 279.5719  80.2780 14.33299633467614
1 36941U 87011V   17066.22160508  .00000336  00000-0  11932-3 0  9995
2 36941  65.0254   0.5074 0018088 164.3801 195.7773 14.34210651407558
1 36942U 87011W   18211.79423794 -.00000014 +00000-0 +30851-4 0  9996
2 36942 065.0081 000.2634 0022405 281.7288 078.1284 14.34380689199230
1 36943U 87011X   18212.10593146 -.00000008  00000-0  33816-4 0  9999
2 36943  65.0104  19.8166 0020263 287.2591  72.6277 14.33149801436593
1 36944U 87011Y   18211.09931244 -.00000005  00000-0  34625-4 0  9998
2 36944  65.0114  22.3963 0018069 274.2513  85.6508 14.33192221442132
1 36945U 87011Z   15149.05901850 +.00001428 +00000-0 +54358-3 0  9995
2 36945 065.0275 021.7831 0015810 260.2765 099.9410 14.34179390326373
1 36946U 87011AA  18208.90271603 -.00000001 +00000-0 +36009-4 0  9996
2 36946 065.0162 025.1637 0019299 280.6990 079.1922 14.33569227465184
1 36947U 87011AB  18211.03952562 -.00000006  00000-0  33678-4 0  9999
2 36947  65.0106   6.7084 0022076 275.7587  84.0982 14.34181530467325
1 36948U 87011AC  15156.23536462  .00000274  00000-0  13689-3 0  9999
2 36948  65.0043   9.9612 0016523 278.2852  81.6359 14.32818128297062
1 36949U 87011AD  16145.47753520  .00000288  00000-0  10374-3 0  9994
2 36949  65.0203  95.4224 0018319 257.3061 102.5868 14.33385810348596
1 36950U 87011AE  10279.14439346 +.00000083 +00000-0 +69553-4 0  9996
2 36950 065.0062 102.9980 0019734 249.9385 109.9530 14.30742457053841
1 36951U 87011AF  16136.38961746 +.00000217 +00000-0 +11491-3 0  9991
2 36951 064.9952 119.0963 0020734 232.9739 127.0624 14.33348672085366
1 36952U 87011AG  11108.08334237 +.00000289 +00000-0 +14707-3 0  9994
2 36952 065.0070 279.8243 0017011 248.2653 111.6933 14.31073575071783
1 36953U 87011AH  14347.04356504 +.00030319 +00000-0 +11022-1 0  9992
2 36953 065.0145 138.0911 0012497 286.7520 073.2194 14.33042560250466
1 36954U 87011AJ  14083.59399414 +.00001081 +00000-0 +43755-3 0  9991
2 36954 065.0156 160.4901 0018233 259.7518 099.9125 14.32091240211428
1 36958U 06006CQ  17158.45654172  .00000804  00000-0  48688-3 0  9998
2 36958  51.7761 208.0351 4823537 167.4002 211.2693  5.78167325894707
1 36959U 06006CR  18211.88155299 +.00020483 +00000-0 +36527-2 0  9996
2 36959 051.8401 350.6740 4054244 120.3701 346.1048 07.23111383118921
1 36963U 06006CV  18212.16976491  .00000395  00000-0  18625-3 0  9998
2 36963  51.5491 264.4743 4986761  62.5120 339.2199  5.55083574197983
1 36964U 06006CW  18182.02668931 +.00000365 +00000-0 +43183-3 0  9991
2 36964 052.1036 052.2187 4999580 237.5006 064.3827 05.44317249197139
1 36971U 07003AH  18211.08513007 -.00000142  00000-0 -10997-2 0  9990
2 36971  26.3089 357.1156 7604210 217.3812  51.9219  1.75719345 61868
1 36986U 99025EBS 18211.41646637  .00000674  00000-0  46030-3 0  9990
2 36986  99.2347 201.1821 0107831 129.6073 231.4671 14.00490296439556
1 36987U 99025EBT 18210.20005618 +.00000017 +00000-0 +90378-4 0  9991
2 36987 100.8649 204.6433 0324440 292.4637 064.2435 13.43532838436619
1 36988U 99025EBU 10300.04390631 +.00004318 +00000-0 +12240-2 0  9996
2 36988 098.4006 244.7484 0258959 291.1722 066.1963 14.28201880114346
1 36989U 99025EBV 18212.29895641  .00000471  00000-0  38840-3 0  9996
2 36989  98.2015  34.0643 0265250 200.6045 158.4252 13.78042958473344
1 36990U 99025EBW 18206.46595189 +.00000175 +00000-0 +21687-3 0  9996
2 36990 096.5941 290.9452 0300977 184.7945 175.0303 13.54279291463575
1 36991U 99025EBX 18208.43874346 -.00000147 +00000-0 -10724-3 0  9992
2 36991 098.1361 276.8527 0284393 075.5411 287.7111 13.65434497536329
1 36994U 99025ECA 18210.55544866 -.00000031 +00000-0 +67025-5 0  9991
2 36994 098.7157 323.1207 0117510 130.1568 230.9954 13.89848568437115
1 36995U 99025ECB 18204.96780914 +.00000247 +00000-0 +17903-3 0  9992
2 36995 098.3519 268.2614 0040332 050.1241 310.3464 14.04211969256767
1 36996U 99025ECC 18210.22190080 +.00000133 +00000-0 +79853-4 0  9995
2 36996 098.2094 213.5782 0282771 096.1507 325.1976 14.01085089479997
1 36997U 99025ECD 18212.27999635  .00000850  00000-0  18156-3 0  9990
2 36997  98.6430 244.1698 0140906  67.6430 293.9630 14.55661761541662
1 36999U 99025ECF 17274.90749565  .00001255  00000-0  10116-2 0  9991
2 36999  99.2536 163.5282 0195419 326.2982  32.0381 13.83874933466462
1 37001U 99025ECH 18211.34692309 +.00000480 +00000-0 +29327-3 0  9993
2 37001 098.9833 257.4556 0032917 291.3392 129.0926 14.10599175195600
1 37003U 99025ECK 18208.41199252 +.00000154 +00000-0 +14905-3 0  9992
2 37003 099.1327 271.0233 0099189 331.7388 084.7371 13.92127220452957
1 37004U 99025ECL 13087.63653912 +.00010789 +00000-0 +19502-2 0  9997
2 37004 097.7253 239.0487 0171938 340.4575 019.1680 14.57362109282824
1 37005U 99025ECM 12244.48222671 +.00002402 +00000-0 +73941-3 0  9990
2 37005 098.9250 336.4889 0107972 062.7475 286.3404 14.39165373228739
1 37006U 99025ECN 18211.18108792  .00000136  00000-0  43282-4 0  9993
2 37006  99.3447 190.8507 0305005 177.1034 183.2007 14.33748272458896
1 37007U 99025ECP 18212.20075260  .00000677  00000-0  28120-3 0  9994
2 37007  99.0936 355.5894 0092007  13.8715 346.4960 14.27662005460181
1 37008U 99025ECQ 18211.70406838 -.00000163  00000-0 -77013-4 0  9996
2 37008  99.1049 293.1420 0073788 142.2823 218.3547 14.01184415455012
1 37009U 99025ECR 16094.61266372  .00006053  00000-0  27556-2 0  9998
2 37009 102.3517 240.1277 0112444 146.8164 216.3439 14.18963920447285
1 37011U 99025ECT 18212.01967724  .00001400  00000-0  33616-3 0  9994
2 37011  98.9318  54.2548 0061332 205.9020 153.9101 14.54055903443279
1 37012U 99025ECU 18208.87003631 +.00000635 +00000-0 +48653-3 0  9998
2 37012 098.5597 237.5671 0218131 194.8078 164.6624 13.85923929215291
1 36461U 93036BBL 18211.86623632 +.00005277 +00000-0 +20110-3 0  9998
2 36461 073.9341 280.6130 0044939 063.6524 296.9280 15.26028255473145
1 36467U 93036BBS 18211.56557962 +.00000404 +00000-0 +16854-3 0  9990
2 36467 073.8633 289.1746 0133480 031.3149 030.3616 14.24729455264087
1 36470U 93036BBV 18210.17682890 +.00000456 +00000-0 +12579-3 0  9996
2 36470 073.8686 039.2259 0067886 053.7375 307.0030 14.48460616268161
1 36476U 93036BCB 18206.36593398 +.00000980 +00000-0 +23571-3 0  9998
2 36476 074.0320 090.3703 0020406 103.7221 256.6215 14.54594906321396
