1 30043U 99025NU  18212.92150621 +.00000192 +00000-0 +82686-4 0  9991
2 30043 098.4147 023.3221 0321331 303.0801 053.9895 14.11332446593067
1 30044U 99025NV  18213.41135310  .00000300  00000-0  14215-3 0  9998
2 30044  98.1680 267.7586 0124495 234.8514 124.0950 14.22093221596331
1 30045U 99025NW  18212.87045094  .00000453  00000-0  30046-3 0  9996
2 30045  99.0976 169.1164 0123058  51.7562 332.5220 14.02874273588339
1 30047U 99025NY  18212.78659931  .00000131  00000-0  13759-3 0  9994
2 30047  99.8717 154.6259 0130590 240.5732 148.3217 13.90006795585071
1 30048U 99025NZ  18212.96413374 +.00000059 +00000-0 +86796-4 0  9995
2 30048 098.6822 265.7517 0188840 292.6645 190.0945 13.78328651580452
1 30050U 99025PB  18213.31704869  .00000312  00000-0  28657-3 0  9993
2 30050  96.8252 158.5091 0181831 102.2149  51.1068 13.79850131580701
1 30053U 99025PE  18213.45061812  .00000441  00000-0  27197-3 0  9996
2 30053  98.5910 210.3893 0387920  94.6483  70.4666 13.77814659578318
1 30054U 99025PF  18212.04646875  .00000078  00000-0  10905-3 0  9994
2 30054  99.6966 236.5496 0285253 102.9906 289.5373 13.67198977575615
1 30056U 99025PH  18212.89924447 +.00000554 +00000-0 +52154-3 0  9994
2 30056 098.3579 003.9216 0330066 179.1566 181.0206 13.62865509572345
1 30057U 99025PJ  18213.13343965  .00000314  00000-0  40724-3 0  9997
2 30057  98.8821 159.9588 0301730 210.3199 220.1798 13.51396826568605
1 30058U 99025PK  18213.10559851  .00000141  00000-0  23167-3 0  9998
2 30058  99.8663 253.7937 0321477 312.1550  62.8038 13.45327196566607
1 30059U 99025PL  18212.71154970 -.00000017  00000-0  28250-4 0  9990
2 30059  98.8975 124.3867 0329009 273.0172 115.4333 13.44261935566433
1 30060U 99025PM  18212.57378185  .00000763  00000-0  10607-2 0  9994
2 30060  99.3145 255.4059 0361324 246.4031 284.4826 13.37205260562298
1 30061U 99025PN  18213.41292843  .00000957  00000-0  13011-2 0  9992
2 30061 101.8761 187.6922 0387674 165.5525 348.6207 13.35475605561084
1 30063U 99025PQ  18212.64543326 -.00000006 +00000-0 +19272-4 0  9996
2 30063 098.6815 270.6481 0031697 305.3389 209.7954 14.14817328596067
1 30064U 99025PR  18213.06365299  .00000022  00000-0  35128-4 0  9990
2 30064  98.9083 240.8971 0066842 201.9522 177.1347 14.12650011595167
1 30065U 99025PS  18213.12084407  .00000005  00000-0  36361-4 0  9998
2 30065  98.7764 331.0144 0132727 159.2725 201.3886 13.86060403584035
1 30066U 99025PT  18213.02639253 -.00000057  00000-0 -69306-5 0  9998
2 30066  98.7048 242.4113 0121548  87.8364 303.4297 14.17448420597203
1 30068U 99025PV  18212.89646768 -.00000065 +00000-0 -11181-4 0  9999
2 30068 098.7864 242.8746 0195121 068.4627 293.7218 14.10276839594030
1 30069U 99025PW  18213.06368757 -.00000086  00000-0 -27411-4 0  9995
2 30069  98.8624 251.5775 0050322  26.8152   2.8344 14.03173968591092
1 30070U 99025PX  18212.29633241 +.00000233 +00000-0 +11767-3 0  9992
2 30070 098.3092 137.5860 0395919 319.4519 204.2197 13.90817405583336
1 30071U 99025PY  18212.84378502  .00000374  00000-0  17605-3 0  9993
2 30071  98.8253 262.7919 0061756  79.8913 339.9934 14.24798935597504
1 30072U 99025PZ  18212.64224524 +.00000283 +00000-0 +18304-3 0  9992
2 30072 099.1080 272.3377 0084355 331.6819 027.9778 14.09325544590830
1 30073U 99025QA  18212.96359455 +.00000732 +00000-0 +47277-3 0  9990
2 30073 099.4595 033.3737 0063145 167.5657 349.1143 14.05378257590346
1 30074U 99025QB  18212.91682048 +.00000179 +00000-0 +13944-3 0  9992
2 30074 099.2262 199.1586 0111379 042.4341 318.5369 14.01998245588712
1 30075U 99025QC  18213.37601598 -.00000000  00000-0  35063-4 0  9996
2 30075  99.3663 176.7802 0090959 209.6011 303.9839 13.91672842586473
1 30076U 99025QD  18213.07738549  .00000027  00000-0  66849-4 0  9995
2 30076  99.3239 248.7315 0178216 339.2592  46.3276 13.74748476579258
1 30077U 99025QE  18212.99858420  .00000115  00000-0  96335-4 0  9998
2 30077  99.0325 238.0989 0020541 248.3525 140.7667 14.06751859592910
1 30079U 99025QG  18212.94619762 +.00000404 +00000-0 +30312-3 0  9992
2 30079 099.3164 214.2037 0082759 120.6318 272.7265 13.98858054589019
1 30080U 99025QH  18213.08401861 -.00000185  00000-0 -75910-4 0  9991
2 30080  98.7710 254.9783 0137447 127.8440 263.0790 14.08801016593491
1 30081U 99025QJ  18212.91640226 -.00000009 +00000-0 +24944-4 0  9998
2 30081 099.0557 243.5647 0078071 183.8425 298.2613 13.96130106587904
1 30082U 99025QK  18212.90824821 +.00000465 +00000-0 +73717-4 0  9990
2 30082 098.8808 192.7317 0165060 018.2161 011.1539 14.69337718615273
1 30085U 99025QN  18213.40146822  .00003170  00000-0  30756-3 0  9998
2 30085  98.4539  15.2834 0104459 231.9111 127.2648 14.89465293616149
1 30086U 99025QP  18212.70099991 +.00000348 +00000-0 +25640-3 0  9995
2 30086 099.1761 226.6389 0063504 033.6257 030.7256 14.01287420589860
1 30087U 99025QQ  18212.57536646  .00000063  00000-0  31696-4 0  9997
2 30087  98.7240 242.9010 0244431 152.1334 359.0281 14.30615949601945
1 30088U 99025QR  18212.96114792 +.00000066 +00000-0 +35285-4 0  9996
2 30088 098.4716 259.6577 0216329 314.9558 167.0581 14.29974980601766
1 30089U 99025QS  18213.35241284  .00000063  00000-0  43463-4 0  9992
2 30089  98.9956 356.4604 0078057  76.1370 314.5210 14.27210434600928
1 30090U 99025QT  18212.83317228 +.00000079 +00000-0 +54994-4 0  9996
2 30090 099.3609 164.2997 0061740 213.6859 175.8253 14.23934372599383
1 30092U 99025QV  18212.77375531 +.00000165 +00000-0 +75953-4 0  9996
2 30092 098.6920 312.7059 0092432 235.5081 277.0258 14.31374782601986
1 30093U 99025QW  18213.57680824  .00000206  00000-0  89552-4 0  9996
2 30093  98.7909 329.3184 0081466 327.1948  97.0276 14.32694254602175
1 30094U 99025QX  18213.50459700  .00001778  00000-0  34526-3 0  9992
2 30094  98.9984 131.5096 0049185 135.9131 224.6006 14.63869814607272
1 30095U 99025QY  18212.35714362  .00000529  00000-0  11103-3 0  9992
2 30095  99.2667 184.1975 0287937  84.3070 279.0870 14.41702250603133
1 30096U 99025QZ  18212.71612085  .00000082  00000-0  50396-4 0  9994
2 30096  99.1453 110.7743 0084954  68.2024 292.8168 14.27963898601231
1 30097U 99025RA  18213.51268056  .00004110  00000-0  51481-3 0  9990
2 30097  99.3058 298.2481 0070109 218.1682 141.4551 14.81224655608816
1 30098U 99025RB  18213.23457680  .00004434  00000-0  50599-3 0  9991
2 30098  99.3223 310.1796 0066404 201.3360 158.5080 14.85180830609002
1 30099U 99025RC  18213.21446833  .00000070  00000-0  49708-4 0  9991
2 30099  98.7168 297.2533 0065625 138.0703 251.3777 14.22686584599246
1 30101U 99025RE  18213.23527013  .00001415  00000-0  42256-3 0  9991
2 30101  99.1537 122.9097 0040328  73.9325  77.1260 14.44226327602340
1 30102U 99025RF  18213.47718963  .00000009  00000-0  22755-4 0  9995
2 30102  98.6854 283.1159 0146930 236.0297 192.6351 14.19239675597891
1 30103U 99025RG  18213.54094774  .00000124  00000-0  80353-4 0  9997
2 30103  99.2711  52.7304 0067881 210.7211 169.0897 14.19433691597634
1 30104U 99025RH  18212.69274632 +.00000240 +00000-0 +13047-3 0  9990
2 30104 098.6143 115.1144 0081600 005.1070 023.7697 14.19299668596724
1 30105U 99025RJ  18213.07773146  .00000109  00000-0  62890-4 0  9993
2 30105  98.6697 250.1670 0208438 278.3798  79.3797 14.16968526596422
1 30106U 99025RK  18212.75984009  .00001078  00000-0  40590-3 0  9998
2 30106  98.9042 319.9268 0124881 243.1048 272.7774 14.29417133598157
1 30107U 99025RL  18212.92480185 -.00000023 +00000-0 +11748-4 0  9998
2 30107 099.1061 209.3037 0128234 320.5791 038.6102 14.13485878595402
1 30108U 99025RM  18213.54890619  .00000021  00000-0  27580-4 0  9993
2 30108  98.7157 247.4556 0205123 168.6893 348.6921 14.13947680595733
1 30109U 99025RN  18212.66752440 +.00000025 +00000-0 +31087-4 0  9996
2 30109 098.7376 271.4928 0176540 030.9239 119.1173 14.13586259595036
1 30110U 99025RP  18212.77360668 +.00000028 +00000-0 +72244-4 0  9990
2 30110 098.8327 193.0523 0272361 084.3661 278.8468 13.55054155570601
1 30111U 99025RQ  18212.79316616 +.00001863 +00000-0 +52861-3 0  9997
2 30111 101.6044 155.0823 0108124 015.6982 006.8271 14.44062639599865
1 30112U 99025RR  18213.00873516  .00000119  00000-0  69256-4 0  9990
2 30112  99.3344  44.0606 0221280 137.1860 224.6783 14.14553291595008
1 30113U 99025RS  18212.21226160  .00000672  00000-0  33202-3 0  9995
2 30113  98.9556 309.7364 0058466 208.3076 181.6871 14.19991980595540
1 30114U 99025RT  18212.89770067 +.00000140 +00000-0 +10440-3 0  9999
2 30114 098.9236 241.0154 0083517 143.5690 339.1699 14.07929576592777
1 30115U 99025RU  18213.09592814  .00000269  00000-0  16850-3 0  9998
2 30115  98.8779 261.1192 0076451 162.0508 228.3871 14.11194325593242
1 30116U 99025RV  18212.63876145 +.00000400 +00000-0 +23376-3 0  9998
2 30116 099.4054 085.7296 0027906 358.9548 021.1522 14.14420308593543
1 30117U 99025RW  18212.59255130 -.00000153  00000-0 -59583-4 0  9996
2 30117  98.8663 243.3734 0167344 208.8983 312.1039 14.05242223591901
1 30118U 99025RX  18212.96006059 +.00000228 +00000-0 +16593-3 0  9996
2 30118 098.9928 240.3928 0085559 019.7999 095.7805 14.04180963591616
1 30119U 99025RY  18213.20775102  .00000336  00000-0  19119-3 0  9994
2 30119  97.9746 107.6572 0152089 202.0855 311.7922 14.09645905591949
1 30120U 99025RZ  18213.03651104  .00000363  00000-0  21569-3 0  9994
2 30120  99.0466 244.4575 0077306 305.9602  84.1928 14.12441783592914
1 30121U 99025SA  18213.12899459  .00000536  00000-0  30897-3 0  9998
2 30121 102.1753 270.0493 0047762 149.6964 238.2868 14.15405647593223
1 30122U 99025SB  18212.59199632 +.00000457 +00000-0 +19173-3 0  9991
2 30122 095.9202 257.1569 0173094 081.2961 074.7778 14.20334757593028
1 30123U 99025SC  18212.34988844  .00000271  00000-0  12054-3 0  9991
2 30123  96.9274 354.1324 0268961 224.2862 133.6514 14.10901481592028
1 30124U 99025SD  18212.88920295  .00000138  00000-0  10054-3 0  9997
2 30124  99.1300 180.0900 0159712  39.7810 347.4142 14.05462114590619
1 30125U 99025SE  18210.35352081 +.00000426 +00000-0 +13762-3 0  9999
2 30125 098.5364 002.7446 0404809 088.2934 290.3580 14.05671245589677
1 30127U 99025SG  18212.01957807 +.00000665 +00000-0 +36294-3 0  9993
2 30127 098.2055 224.4556 0123503 002.9362 357.2509 14.11243362590808
1 30128U 99025SH  18212.74213736 +.00000580 +00000-0 +29125-3 0  9991
2 30128 096.9900 013.4416 0170116 318.0117 173.7100 14.11934089591122
1 30129U 99025SJ  18213.13548341  .00000140  00000-0  10403-3 0  9990
2 30129  98.0335  90.3543 0198176 170.3347 342.7781 13.98107687588717
1 30131U 99025SL  18212.52955396 +.00000943 +00000-0 +60898-3 0  9991
2 30131 099.1928 239.4459 0100906 104.1079 059.4805 14.02948058588218
1 30132U 99025SM  18213.46266250  .00000115  00000-0  12099-3 0  9991
2 30132  99.6707  38.5147 0109067  64.7163 326.0745 13.92214840586445
1 30133U 99025SN  18213.48569038  .00000305  00000-0  23657-3 0  9997
2 30133  98.3105 215.9949 0088820 277.5540 235.8878 13.97506809587440
1 30134U 99025SP  18211.89962100 +.00000140 +00000-0 +10583-3 0  9999
2 30134 098.9667 242.7695 0019198 232.4021 250.9682 14.09485436592951
1 30135U 99025SQ  18213.04386670  .00000687  00000-0  23247-3 0  9998
2 30135  98.9210 341.5486 0139497 143.4716 278.2872 14.34814878600227
1 30136U 99025SR  18212.99474628  .00000142  00000-0  13156-3 0  9997
2 30136  98.5468 280.0551 0131660 328.9206 154.4221 13.92452845586330
1 30137U 99025SS  18212.90514385 +.00001986 +00000-0 +23874-3 0  9999
2 30137 099.0867 276.6206 0060193 222.0772 226.7472 14.84133495613030
1 30138U 99025ST  18211.73773959  .00000325  00000-0  20090-3 0  9997
2 30138  99.0088 241.7243 0021256 220.1271 203.7290 14.12279020593519
1 30139U 99025SU  18213.54133380  .00000497  00000-0  36214-3 0  9992
2 30139  98.3883 240.2694 0141299 271.9254 254.4112 13.95713203586765
1 30140U 99025SV  18212.55610459 +.00000507 +00000-0 +31578-3 0  9991
2 30140 099.0226 249.8382 0045301 000.7899 159.9599 14.08987391591563
1 30141U 99025SW  18212.31363311  .00000612  00000-0  27923-3 0  9994
2 30141  99.0253 342.5584 0022102 299.1853  91.2820 14.25316841597462
1 30142U 99025SX  18213.51526805  .00000186  00000-0  15218-3 0  9997
2 30142  99.2753 228.0390 0114702 157.0367 203.5982 13.98690225587368
1 30143U 99025SY  18212.21247618  .00000270  00000-0  22092-3 0  9998
2 30143  98.9279 105.8371 0106731 175.3632 338.3446 13.95177535586429
1 30144U 99025SZ  18213.04861146  .00000030  00000-0  56700-4 0  9997
2 30144  99.1364 248.5123 0131201  33.2037 356.1512 13.88718021584826
1 30145U 99025TA  18212.59014403 +.00000403 +00000-0 +31634-3 0  9995
2 30145 099.3243 241.7226 0109311 320.7087 205.9153 13.95316666585325
1 30146U 99025TB  18212.88680944  .00000061  00000-0  76732-4 0  9996
2 30146  98.0356   0.4486 0184195   7.9825 143.8316 13.82996401582080
1 30147U 99025TC  18213.03839362  .00001292  00000-0  70711-3 0  9992
2 30147  98.8987  68.4711 0145169 110.3035  55.2764 14.08390010587232
1 30148U 99025TD  18212.74539796  .00000137  00000-0  14960-3 0  9999
2 30148  99.3823 307.0720 0141577 156.6741 357.0845 13.84377300582650
1 30149U 99025TE  18212.71547595  .00001682  00000-0  24997-3 0  9990
2 30149  99.0589 219.1448 0062032 284.2147 127.6098 14.75383361611427
1 30150U 99025TF  18211.50640131  .00000055  00000-0  80014-4 0  9994
2 30150  98.9798  85.9754 0153909  42.2468  74.5748 13.83207076582267
1 30151U 99025TG  18212.96005968 +.00000263 +00000-0 +26536-3 0  9998
2 30151 099.2997 258.8860 0167612 254.9309 227.6887 13.80299691580864
1 30152U 99025TH  18213.10596314  .00000762  00000-0  63972-3 0  9995
2 30152  99.1243 100.3934 0184685 144.0593 217.3148 13.83500218580784
1 30153U 99025TJ  18212.15732525  .00000136  00000-0  17231-3 0  9998
2 30153 100.4363 272.4595 0210843 327.0603  50.7389 13.73820965577896
1 30154U 99025TK  18212.30983793  .00000219  00000-0  22560-3 0  9994
2 30154  98.4835 138.2177 0196175 309.1796 209.0974 13.77250425578765
1 30155U 99025TL  18212.70947862 +.00000424 +00000-0 +48238-3 0  9994
2 30155 099.8479 220.8262 0265327 353.7672 006.0191 13.62020429571348
1 30156U 99025TM  18212.20969690  .00000656  00000-0  64585-3 0  9993
2 30156  98.9704 314.9855 0209042 219.0632 148.3754 13.73000203576985
1 30157U 99025TN  18212.08747419  .00000362  00000-0  17887-3 0  9990
2 30157  98.8783 254.8298 0051416 115.1277 275.3622 14.22867838596679
1 30160U 99025TR  18212.91347404 +.00000106 +00000-0 +18143-3 0  9998
2 30160 098.8805 092.4402 0354994 048.5288 015.9954 13.39397060563637
1 30161U 99025TS  18212.51503620 +.00000388 +00000-0 +54623-3 0  9994
2 30161 100.5364 047.4723 0345063 228.7122 146.0399 13.42265410563941
1 30162U 99025TT  18212.91921814 +.00000500 +00000-0 +66532-3 0  9996
2 30162 099.4910 358.3419 0339765 202.2533 315.3789 13.43733577564407
1 30163U 99025TU  18212.27807050 -.00000310 +00000-0 -37366-3 0  9995
2 30163 098.7047 328.8593 0392507 122.4044 270.4005 13.32403010560490
1 30164U 99025TV  18213.10129856  .00001899  00000-0  12979-2 0  9993
2 30164  99.5337  21.3775 0409251  68.8449 295.5919 13.67039522565977
1 30167U 99025TY  18212.65332848 +.00000111 +00000-0 +44796-4 0  9992
2 30167 098.9716 107.8016 0159599 213.6970 176.2342 14.40820087605525
1 30168U 99025TZ  18212.54228754  .00000357  00000-0  14523-3 0  9997
2 30168  97.3971 284.8126 0147980  73.3599 288.3773 14.26151756597975
1 30169U 99025UA  18212.96917602  .00000937  00000-0  26837-3 0  9996
2 30169  98.4507 329.5947 0335984 247.0615 201.8589 14.19292127593187
1 30170U 99025UB  18213.10853019  .00000097  00000-0  97613-4 0  9994
2 30170  98.9719 255.4392 0073349 160.6720 227.1872 13.97425257588267
1 30171U 99025UC  18213.50935181  .00000004  00000-0  27833-4 0  9995
2 30171  98.4199 261.0821 0188381 214.6360 144.2416 13.95006199587594
1 30172U 99025UD  18213.29465918  .00000172  00000-0  14284-3 0  9999
2 30172  99.0550 142.9410 0085701  76.1914  78.8907 13.99771077587968
1 30173U 99025UE  18213.56466866  .00001005  00000-0  67729-3 0  9991
2 30173  99.1662 252.2386 0097051 194.3227 322.5201 14.00657009588184
1 30174U 99025UF  18212.83711153  .00000383  00000-0  17566-3 0  9995
2 30174  98.8424 270.0364 0054745  83.3867 337.7620 14.26243190597364
1 30175U 99025UG  18213.46851940  .00000104  00000-0  12770-3 0  9998
2 30175  99.5711 202.9766 0150030 113.2412  37.1097 13.81743460581812
1 30177U 99025UJ  18212.61044476 +.00000155 +00000-0 +13457-3 0  9993
2 30177 098.6098 083.4100 0476355 330.7422 053.0130 13.55496957569508
1 30178U 99025UK  18212.72104619  .00000641  00000-0  80941-3 0  9994
2 30178 102.2653 130.2418 0306425  80.9181 312.0681 13.51096736567747
1 30180U 99025UM  18212.51924840  .00001771  00000-0  24123-3 0  9995
2 30180  99.0430 228.4185 0068086 223.3398 136.2443 14.78733197612504
1 30181U 99025UN  18212.93035323 +.00000519 +00000-0 +29005-3 0  9994
2 30181 099.0187 242.9505 0051806 124.4983 286.2526 14.14588955593634
1 30182U 99025UP  18213.50033729 -.00000109  00000-0 -45430-4 0  9995
2 30182  99.3617 219.6747 0076122 147.1036   4.8812 13.95425277587915
1 30183U 99025UQ  18212.52161461  .00000249  00000-0  17183-3 0  9998
2 30183  99.0796 237.4012 0026626 262.5030 262.3707 14.08271500592322
1 30190U 99025UX  18213.45257535  .00000570  00000-0  10209-3 0  9996
2 30190  99.0035 214.6200 0130598 156.3357 204.3925 14.66084072613296
1 30191U 99025UY  18213.12015156  .00000262  00000-0  65923-4 0  9994
2 30191  98.8033  83.5843 0140107 243.1075 271.7681 14.54929916610215
1 30193U 99025VA  18212.84146258  .00000249  00000-0  91399-4 0  9993
2 30193  98.8303 351.4275 0125528 193.3880 323.4731 14.37484861604437
1 30194U 99025VB  18212.13382208  .00000726  00000-0  28791-3 0  9998
2 30194 101.2573 326.3082 0057909  84.0690  39.5226 14.32457271598756
1 30196U 99025VD  18213.12853222 -.00000005  00000-0  16191-4 0  9992
2 30196  98.6932 302.6452 0086418 333.5104 142.8313 14.25033605600496
1 30197U 99025VE  18212.90409005  .00000117  00000-0  64552-4 0  9991
2 30197  99.0345   5.0575 0067241 107.4532  43.9968 14.27955817600347
1 30198U 99025VF  18212.82522088  .00000406  00000-0  16039-3 0  9997
2 30198  98.2340  47.9901 0145177 297.6794 129.1501 14.28468638599651
1 30199U 99025VG  18213.40678387  .00000299  00000-0  13496-3 0  9991
2 30199  98.6496 257.5476 0091511 315.9956 171.0150 14.27134075599672
1 30200U 99025VH  18212.73926303 +.00000053 +00000-0 +41599-4 0  9997
2 30200 098.8752 318.7791 0150263 234.4757 124.2328 14.20069577597735
1 30201U 99025VJ  18210.75014332 +.00000097 +00000-0 +70794-4 0  9995
2 30201 099.3679 140.4371 0031295 342.1270 017.8801 14.18409179596177
1 30202U 99025VK  18212.11936108  .00000441  00000-0  19934-3 0  9993
2 30202  98.8008 261.3645 0061399  50.7840 309.8768 14.26058237597708
1 30205U 99025VN  18213.54248855  .00000023  00000-0  53268-4 0  9994
2 30205  98.8240  68.0768 0121455 281.9269 106.4271 13.86200624583574
1 30206U 99025VP  18213.05112041  .00000114  00000-0  43546-4 0  9997
2 30206  98.3974 247.7499 0159894 275.3686  82.9280 14.41740588606360
1 30207U 99025VQ  18213.17650671  .00000011  00000-0  38561-4 0  9994
2 30207  98.4962 194.2821 0262401 222.9885 197.1119 13.77688981580213
1 30208U 99025VR  18211.09740292 +.00000112 +00000-0 +74599-4 0  9996
2 30208 098.7374 244.5764 0036607 126.7768 247.5165 14.18653402596233
1 30209U 99025VS  18212.90411448 +.00000261 +00000-0 +17552-3 0  9996
2 30209 098.8580 246.0387 0039781 298.5969 137.6488 14.08875406592859
1 30210U 99025VT  18212.86109480 +.00000052 +00000-0 +61322-4 0  9996
2 30210 099.1730 174.8572 0060899 016.1194 013.4093 14.03208650589758
1 30212U 99025VV  18212.80604835  .00000052  00000-0  71141-4 0  9996
2 30212  99.3423 329.8403 0097847 309.7907  49.4668 13.94710155587114
1 30213U 99025VW  18212.73817508  .00000794  00000-0  54918-3 0  9997
2 30213  99.2752 217.3330 0076380 120.6635 294.4295 14.00729250587938
1 30214U 99025VX  18212.35370578  .00000326  00000-0  18873-3 0  9998
2 30214  98.9218 258.0770 0027239 204.7415 289.0035 14.15666640593906
1 30216U 99025VZ  18213.49485204  .00000981  00000-0  18393-3 0  9993
2 30216  99.0871 214.2435 0083544 340.8913 170.2397 14.65330484610296
1 30217U 99025WA  18213.13950715  .00000023  00000-0  27089-4 0  9999
2 30217  98.5961 268.0393 0146317  22.6977 338.0584 14.21480626598354
1 30218U 99025WB  18209.50811666 +.00000629 +00000-0 +37560-3 0  9993
2 30218 099.1383 224.4243 0088023 305.5651 209.8973 14.09103448590259
1 30221U 99025WE  18212.70307269  .00000064  00000-0  31413-4 0  9997
2 30221  98.9536 114.3769 0156112  95.4323 266.4695 14.41166063606207
1 30222U 99025WF  18212.91919279 -.00000045 +00000-0 +45520-6 0  9997
2 30222 099.1683 232.9084 0036896 312.3255 165.6025 14.03314645590929
1 30224U 99025WH  18212.86155941  .00000034  00000-0  64160-4 0  9997
2 30224  99.3733 166.1860 0113990 323.6760  54.8585 13.87756326584140
1 30225U 99025WJ  18212.56083671  .00000020  00000-0  32724-4 0  9991
2 30225  98.9735 237.2467 0101788 178.9514 334.9234 14.13565333595210
1 30227U 99025WL  18212.92015104 +.00001249 +00000-0 +46818-3 0  9991
2 30227 099.0902 018.1553 0002986 148.7735 013.7037 14.33641066598375
1 30228U 99025WM  18213.50671637  .00002887  00000-0  33083-3 0  9995
2 30228  98.9783 201.4042 0042917 233.5243 126.2011 14.86262622611997
1 30229U 99025WN  18213.54436332  .00000445  00000-0  16925-3 0  9995
2 30229  99.0964  72.4645 0060830  59.1627 321.9061 14.35070779601787
1 30230U 99025WP  18212.99657638  .00001438  00000-0  38733-3 0  9993
2 30230  99.0117  28.1799 0116059 121.9795  31.2889 14.45750600600907
1 30231U 99025WQ  18212.87116122 +.00000191 +00000-0 +13156-3 0  9996
2 30231 099.1184 237.6936 0135710 014.9627 109.1560 14.06567484591513
1 30232U 99025WR  18212.75587216 +.00000285 +00000-0 +78288-4 0  9992
2 30232 098.5042 313.4524 0174473 249.7511 265.3795 14.46591067607314
1 30233U 99025WS  18213.13542252  .00001030  00000-0  28725-3 0  9996
2 30233  99.0373  96.0940 0055169 306.5109  53.1007 14.47823628603934
1 30234U 99025WT  18212.73976897  .00000103  00000-0  76419-4 0  9992
2 30234  98.8763 242.9339 0068806 192.8885 230.6145 14.13762188594231
1 30235U 99025WU  18213.03136003  .00000247  00000-0  16039-3 0  9994
2 30235  99.0304 242.4286 0159027 223.3509 165.9388 14.05534158590815
1 30237U 99025WW  18212.56159128 +.00000537 +00000-0 +28148-3 0  9992
2 30237 098.9684 249.9675 0021418 155.6004 359.2746 14.18461447593979
1 30238U 99025WX  11082.90817173 +.00000303 +00000-0 +13939-3 0  9993
2 30238 098.9310 129.1198 0083886 257.6413 099.7479 14.26790092217117
1 30239U 99025WY  18206.37494406 -.00002485 +00000-0 -88507-2 0  9997
2 30239 099.7399 184.9632 1461002 251.1396 092.5988 11.09699131243616
1 30241U 99025XA  18212.19533792  .00000193  00000-0  12937-3 0  9996
2 30241  99.0079 305.2625 0151358  41.0586 339.0334 14.06486968590647
1 30242U 99025XB  18213.54796667  .00000173  00000-0  11819-3 0  9995
2 30242  98.9734 243.4368 0012979 132.0690  31.1092 14.12473717594193
1 30243U 99025XC  18213.04176476  .00000016  00000-0  34129-4 0  9997
2 30243  98.9374 242.6876 0013832 170.4342 209.7741 14.09863289593510
1 30244U 99025XD  18212.83671289  .00000134  00000-0  99345-4 0  9998
2 30244  99.1654 344.1701 0008952 287.4066 229.3122 14.11709564593664
1 30245U 99025XE  18213.54748911  .00000271  00000-0  28762-3 0  9991
2 30245  98.9805 330.9733 0205546 197.0735 162.3429 13.73574506577307
1 30246U 99025XF  18212.69199786 -.00000033  00000-0  28740-5 0  9992
2 30246  98.6797 354.1834 0373312   9.5117 104.3180 13.35647251562145
1 30247U 99025XG  18213.04194604  .00000306  00000-0  11051-3 0  9994
2 30247  98.2209 239.5970 0337185 346.0260  40.3865 14.13052706590066
1 30248U 99025XH  18213.09239632  .00000954  00000-0  52079-3 0  9995
2 30248  99.1071 269.0145 0058290 285.3795  93.9922 14.13724112591540
1 30249U 99025XJ  18212.96923080  .00000853  00000-0  43938-3 0  9990
2 30249  98.9721 281.6925 0050971 256.6059 182.4213 14.17302944593647
1 30250U 99025XK  18213.13277399 -.00000192  00000-0 -10145-3 0  9999
2 30250  98.9588 266.6658 0066657 132.8514 253.7429 13.98917462588656
1 30251U 99025XL  18213.12480793  .00000135  00000-0  78394-4 0  9999
2 30251  98.8477 318.2637 0056745 163.1096 268.2069 14.23182790598270
1 30252U 99025XM  18212.95049950 +.00000205 +00000-0 +14920-3 0  9998
2 30252 098.9993 243.6145 0068815 236.9041 241.6902 14.06087618591223
1 30253U 99025XN  18213.36442579  .00000489  00000-0  54465-3 0  9991
2 30253  98.7222 166.0933 0240511 295.5630 220.6430 13.64178355572718
1 30256U 99025XR  18212.65848472 +.00008646 +00000-0 +49294-3 0  9994
2 30256 098.9992 284.6845 0042202 114.4543 047.1877 15.12338143614278
1 30257U 99025XS  18212.54567216  .00000134  00000-0  10166-3 0  9997
2 30257  98.8943 240.7481 0060527 132.7690  22.9602 14.08451606593355
1 30259U 99025XU  18213.24174407  .00000040  00000-0  18879-4 0  9999
2 30259  98.5749 320.0257 0273781  70.2983 322.0393 14.42204218606405
1 30261U 99025XW  18213.06448479  .00000553  00000-0  52937-4 0  9997
2 30261  98.7932 243.4062 0194492  69.8541 292.3477 14.85145709620775
1 30262U 99025XX  18212.96952538 +.00001662 +00000-0 +25008-3 0  9992
2 30262 099.0568 218.2060 0063450 283.9743 075.4413 14.74814023611494
1 30263U 99025XY  18213.36416875  .00000454  00000-0  34698-3 0  9990
2 30263  98.7511  48.3197 0162836 213.1669 271.5448 13.92237082585290
1 30264U 99025XZ  18213.07272248  .00000421  00000-0  29896-3 0  9991
2 30264  99.1647 243.8385 0116556 177.7978 213.2257 13.99922199588597
1 30265U 99025YA  18212.94937890 +.00000471 +00000-0 +20737-3 0  9998
2 30265 098.8021 262.0843 0051080 033.1436 089.4899 14.27433203598249
1 30266U 99025YB  18212.93680095 +.00000552 +00000-0 +36339-3 0  9995
2 30266 099.1906 211.8228 0096369 359.8257 029.6326 14.03953381589466
1 30267U 99025YC  18213.29975361  .00000434  00000-0  26063-3 0  9991
2 30267  99.0455 243.1807 0068347 314.2004  45.3564 14.11105708592662
1 30272U 99025YH  18212.79785770 -.00000060  00000-0 -96530-5 0  9999
2 30272  99.0866 255.6610 0058721  73.2190 287.5409 14.04674573590127
1 30273U 99025YJ  18213.03940340  .00000141  00000-0  12622-3 0  9990
2 30273  99.1041 244.5877 0070578 136.1754 254.4260 13.98718896588949
1 30274U 99025YK  18212.52468841  .00000705  00000-0  32224-3 0  9991
2 30274  99.3051 109.9019 0006577  23.4782 100.9247 14.25005278597249
1 30275U 99025YL  18212.83200573 +.00000462 +00000-0 +22315-3 0  9992
2 30275 098.8256 263.9317 0056691 120.4041 300.1166 14.22530386596750
1 30276U 99025YM  18213.00000743  .00000446  00000-0  25387-3 0  9994
2 30276  99.0473 222.5204 0028777 195.1651 164.8662 14.14818528594045
1 30277U 99025YN  18212.76585376  .00000239  00000-0  16488-3 0  9999
2 30277  99.2111 232.6055 0139643 116.3928 299.9784 14.03904495589743
1 30279U 99025YQ  18212.96797852 +.00000105 +00000-0 +60341-4 0  9997
2 30279 099.2538 012.6411 0240446 119.7593 040.1197 14.15007857595008
1 30280U 99025YR  18213.09961522  .00000392  00000-0  30640-3 0  9997
2 30280  98.9862 270.7213 0079985 202.5766 188.9583 13.96498246588505
1 30282U 99025YT  18212.70122774 -.00000035  00000-0  33995-5 0  9997
2 30282  98.8004 281.4609 0217540 105.9778  44.4262 14.10377964594116
1 30283U 99025YU  18213.54819451  .00000166  00000-0  12143-3 0  9990
2 30283  98.9398 246.6346 0190275 324.1702 201.7179 14.00543652590335
1 30284U 99025YV  18212.37386209  .00000564  00000-0  31527-3 0  9990
2 30284  98.9115 261.5652 0044597 251.8899 241.2986 14.14383991593800
1 30286U 99025YX  18212.87637635 +.00000026 +00000-0 +37738-4 0  9993
2 30286 098.8856 240.1591 0064145 212.7465 224.9384 14.11849974594822
1 30287U 99025YY  18212.29711265  .00000075  00000-0  81199-4 0  9996
2 30287  98.6962 136.0830 0438520 252.4225 265.1686 13.60579679572075
1 30288U 99025YZ  18212.89047517 +.00000353 +00000-0 +20582-3 0  9992
2 30288 099.4040 089.2515 0029727 357.0822 065.7193 14.15251629593782
1 30289U 99025ZA  18212.82757685  .00000560  00000-0  35058-3 0  9994
2 30289  99.0358 267.0437 0049115  19.1591  46.1846 14.08189933590945
1 30290U 99025ZB  18212.77053699 +.00000813 +00000-0 +41065-3 0  9990
2 30290 102.6435 147.9629 0059155 003.1554 026.4415 14.20201356593832
1 30291U 99025ZC  18212.80653823  .00000563  00000-0  24651-3 0  9994
2 30291  97.2499 166.4513 0183321 245.8058 130.4972 14.18074051593580
