1 16266U 85094K   18211.68262472 +.00000104 +00000-0 +49886-3 0  9990
2 16266 082.6032 289.8968 0009904 124.0274 035.5926 12.65709737513226
1 16267U 85094L   18210.38977437 +.00001015 +00000-0 +30259-2 0  9996
2 16267 082.5906 346.3404 0071530 127.6755 263.1041 13.05874170167015
1 16268U 85094M   18212.36087602  .00000117  00000-0  63878-3 0  9999
2 16268  82.7130 182.7994 0082880 114.6411  39.8369 12.55572222495560
1 16269U 85094N   18212.08935395  .00000002  00000-0 -46779-4 0  9996
2 16269  82.6251 336.1071 0011866 164.3099 318.9236 12.62153006510784
1 16271U 85094Q   18211.75393560  .00000029  00000-0  10159-3 0  9994
2 16271  82.6098 306.1465 0006087 178.8001 336.8262 12.62971430512398
1 16272U 85094R   18212.42877706  .00000095  00000-0  40061-3 0  9997
2 16272  82.6172 204.1729 0044218 131.9700  21.1005 12.73873957522089
1 16376U 82055Q   18211.66841242 +.00000098 +00000-0 +14135-3 0  9993
2 16376 065.8285 088.6615 0011812 064.2926 327.9484 13.92604560658838
1 16377U 82055R   18212.14324065  .00000188  00000-0  18539-3 0  9999
2 16377  65.8244 245.3053 0030311  61.3736  42.0371 13.99914229663833
1 16378U 82055S   18212.05444071 -.00000048  00000-0  31865-4 0  9994
2 16378  65.8330  77.0195 0030573 173.2035 338.9258 13.80860425650950
1 16380U 82055U   18211.80006057 -.00000072 +00000-0 +80372-5 0  9992
2 16380 065.8363 151.5615 0041977 058.6521 327.0825 13.63844585631947
1 16382U 82055W   18211.44357935  .00000562  00000-0  28194-3 0  9993
2 16382  65.7449 199.3360 0042485 290.2510 148.4036 14.24025276678886
1 16384U 82055Y   18211.32081532 -.00000030  00000-0  56271-4 0  9998
2 16384  65.8339 304.4502 0038514   4.5846  78.5565 13.69384082636740
1 16385U 82055Z   18211.98057302  .00000103  00000-0  16697-3 0  9996
2 16385  65.8288 194.8024 0038402 275.2034 118.1326 13.83510553648048
1 16389U 85097C   18212.01458899 -.00000042  00000-0  13654-5 0  9995
2 16389  71.0017  71.6644 0189644 323.5177  35.3124 13.76064413645270
1 16390U 85097D   18212.32358677 -.00000024  00000-0  16949-4 0  9993
2 16390  70.9717 186.1226 0207131 162.2408 198.6076 13.72044263640273
1 16391U 85097E   18211.56600550 -.00000059 +00000-0 -13938-4 0  9993
2 16391 070.9962 050.4562 0191528 345.1560 044.8819 13.76542387645619
1 16392U 85097F   18211.68809086 -.00000056 +00000-0 -12967-4 0  9990
2 16392 070.9692 100.9024 0199052 073.4478 316.5197 13.74350539642599
1 16867U 86052E   18211.86351222  .00000313  00000-0  51815-4 0  9992
2 16867  74.0223 163.3297 0014295  71.6162 288.6565 14.74711189702162
1 17025U 81053KF  18211.43393785 +.00000230 +00000-0 +20880-3 0  9993
2 17025 082.8268 097.3681 0073408 203.7564 278.8718 13.78415089667280
1 17026U 81053KG  17314.62292282  .00000333  00000-0  27636-3 0  9998
2 17026  83.1342   7.6592 0075107 307.8044 205.8506 13.84752658632189
1 17103U 82055AE  18211.74012566 +.00000021 +00000-0 +10483-3 0  9998
2 17103 065.8296 065.7662 0029041 333.7382 153.6202 13.75782894642293
1 17104U 82055AF  18211.07590459 -.00000021  00000-0  61848-4 0  9990
2 17104  65.8343  66.4638 0044494 284.1017 155.3878 13.74753803642533
1 17105U 82055AG  18211.77189216 -.00000002 +00000-0 +83762-4 0  9991
2 17105 065.8319 123.5010 0026512 006.3728 026.2518 13.73911510640838
1 17106U 82055AH  18211.88238524 -.00000010 +00000-0 +64767-4 0  9994
2 17106 065.8312 006.2364 0019515 179.2357 339.0970 13.84243043821709
1 17107U 82055AJ  18212.48651885  .00000171  00000-0  17284-3 0  9999
2 17107  65.8212 243.8562 0015925  67.9801   3.0237 14.00555493663832
1 17108U 82055AK  18211.76295233 +.00000191 +00000-0 +26325-3 0  9999
2 17108 065.8326 276.1546 0028232 287.1247 175.3356 13.79605675645495
1 17118U 86019N   18211.95004840 +.00000146 +00000-0 +80884-4 0  9998
2 17118 098.7419 249.6296 0142990 050.3851 068.1372 14.19647392625504
1 17128U 86019X   18211.83833126 +.00001067 +00000-0 +15392-3 0  9997
2 17128 098.3550 346.2256 0051155 153.6342 206.7487 14.77646368655237
1 17155U 86019AJ  18211.87457615 +.00001677 +00000-0 +18533-3 0  9993
2 17155 099.0305 350.8106 0033199 093.2923 057.4707 14.88730058665273
1 17164U 85066G   18211.43578479  .00000041  00000-0  58079-4 0  9992
2 17164  89.3621  34.4199 0202800 349.3448  93.1758 13.32604228603112
1 17168U 85094S   18212.17605084  .00001740  00000-0  55790-2 0  9994
2 17168  82.5830 356.1377 0018983 321.7778  99.3575 13.02032741537014
1 17203U 86019BF  18211.62051529  .00000014  00000-0  34090-4 0  9995
2 17203  98.9715 276.3663 0131845 315.6261 216.7789 14.05370347621691
1 17212U 86019BQ  18211.77280023 +.00001886 +00000-0 +17884-3 0  9993
2 17212 098.5197 148.4591 0018307 056.6312 333.8941 14.94845733671146
1 17219U 86019BR  18211.77801021 +.00000252 +00000-0 +82194-4 0  9990
2 17219 098.6734 043.9927 0040481 212.9570 211.5520 14.46623616657559
1 17233U 86019CF  18211.91917642 +.00000574 +00000-0 +84774-4 0  9992
2 17233 098.4502 074.3169 0016181 051.4446 063.5506 14.79315085677173
1 17268U 86101C   18212.49716821  .00000121  00000-0  77154-4 0  9994
2 17268  82.6132  41.7396 0027838 185.0525 194.8222 13.95587405605165
1 17269U 86101D   18211.84723812 +.00000143 +00000-0 +10641-3 0  9992
2 17269 082.6380 169.5381 0014561 240.7702 149.7440 13.88486039597208
1 17270U 86101E   18211.83219045 +.00000119 +00000-0 +83345-4 0  9996
2 17270 082.4322 244.6504 0003690 061.0092 062.2262 13.90888916600314
1 17271U 86101F   18212.12230299  .00000102  00000-0  59245-4 0  9998
2 17271  82.4078  92.1607 0028240 124.9643  27.0055 13.99389618609370
1 17272U 86101G   18211.56072386  .00000266  00000-0  15452-3 0  9999
2 17272  82.4936 145.4407 0013022  18.8927 341.2726 14.05377950613119
1 17273U 86101H   18211.38325774  .00000170  00000-0  92429-4 0  9996
2 17273  82.5370 183.4580 0009095 317.5465 194.6931 14.06961986614486
1 17274U 86101J   18211.91335874 +.00000157 +00000-0 +11109-3 0  9998
2 17274 082.5284 016.8901 0032761 148.7798 003.9932 13.91617661598593
1 17316U 86019CY  18212.23096188  .00000508  00000-0  74137-4 0  9992
2 17316  98.0531 312.1450 0007482 100.4479 282.0083 14.80047467681074
1 17423U 86019FJ  18210.68097101 -.00000121 +00000-0 -47094-4 0  9999
2 17423 099.0288 271.8804 0176868 111.7403 039.2157 13.99331419612311
1 17429U 86019FQ  18211.87406218 +.00000396 +00000-0 +11631-3 0  9999
2 17429 099.0909 185.8063 0066640 009.3232 350.9179 14.48597349652857
1 17478U 86019HR  18211.12393286 +.00000071 +00000-0 +45653-4 0  9993
2 17478 098.5390 276.9326 0038893 263.5168 126.0575 14.28034939645813
1 17543U 86019HX  18212.44772299 -.00000003  00000-0  20730-4 0  9992
2 17543  98.7969 277.5715 0121677  31.5536  88.7685 14.10540532626361
1 17614U 81053KH  18211.90060029 +.00000481 +00000-0 +31579-3 0  9996
2 17614 082.7904 190.3908 0053176 138.7323 250.4513 13.99366408684546
1 17615U 81053KJ  18212.49418066  .00000446  00000-0  26656-3 0  9991
2 17615  82.8614 229.8204 0044237 199.4293 315.4832 14.04608170688138
1 17616U 81053KK  18212.47136840  .00000220  00000-0  23804-3 0  9999
2 17616  83.0399 271.0142 0123065 169.9736 252.6346 13.65672826649362
1 17617U 81053KL  18211.60980628 +.00000421 +00000-0 +46313-3 0  9998
2 17617 082.8593 081.3724 0185806 109.0328 281.8932 13.62612429649812
1 17618U 81053KM  18211.86031174 -.00000172  00000-0 -12447-3 0  9996
2 17618  82.8487 249.8734 0051839 327.7232  94.9569 14.00783299690360
1 17619U 81053KN  18211.87460524 +.00000690 +00000-0 +32416-3 0  9994
2 17619 082.9498 171.0882 0020475 191.8897 197.7801 14.18649784705562
1 17620U 81053KP  18212.13619339  .00000733  00000-0  33946-3 0  9993
2 17620  83.1812 187.9603 0030419  40.4946 319.8490 14.19334111703898
1 17621U 81053KQ  18211.87784581 +.00000895 +00000-0 +42610-3 0  9993
2 17621 082.7922 062.3858 0044561 335.4857 024.4203 14.17891257697806
1 17623U 81053KS  18212.24774608  .00000277  00000-0  20639-3 0  9997
2 17623  82.8061 308.4156 0060227 125.7053 264.2678 13.90542663678952
1 17624U 81053KT  18212.20371558  .00000374  00000-0  14940-3 0  9997
2 17624  82.8523 291.6368 0013517 357.0119  24.2423 14.26101389712369
1 17625U 81053KU  18212.50604965  .00000343  00000-0  24501-3 0  9992
2 17625  82.7897 230.9071 0042601 274.3976 238.4255 13.94308726367072
1 17626U 81053KV  18211.66334038  .00000302  00000-0  35702-3 0  9990
2 17626  82.8687 101.4786 0144102 182.3391 207.0920 13.60558288647844
1 17627U 81053KW  18211.78344616 +.00000293 +00000-0 +20794-3 0  9991
2 17627 082.9287 049.6471 0049447 103.6174 257.0506 13.93847911684023
1 17629U 81053KY  18211.47464007  .00000369  00000-0  41336-3 0  9995
2 17629  82.9896 291.9670 0167941 171.6123 320.8599 13.62566974646340
1 17631U 81053LA  18211.65704491 +.00000509 +00000-0 +59392-3 0  9999
2 17631 082.9314 166.0619 0134249 056.2565 007.4844 13.62925972649213
1 17632U 81053LB  18211.62984730 +.00000549 +00000-0 +68243-3 0  9992
2 17632 083.0862 083.7952 0147583 167.5313 222.0790 13.58530800644498
1 17633U 81053LC  18212.10056106  .00001173  00000-0  11300-2 0  9999
2 17633  83.0711  77.8190 0184435 198.1627 315.4567 13.72026451645369
1 17635U 81053LE  18210.20239973 +.00000599 +00000-0 +34066-3 0  9991
2 17635 082.8277 169.7530 0052390 165.5200 194.7491 14.07689824691658
1 17637U 81053LG  18210.91606664  .00000419  00000-0  50585-3 0  9991
2 17637  83.0694  55.6174 0137737 207.9708 219.0240 13.60461776644592
1 17638U 81053LH  18211.81532792 +.00000436 +00000-0 +47849-3 0  9990
2 17638 082.9920 226.1591 0121597 269.3026 209.6147 13.67234260650998
1 17639U 81053LJ  18212.19192396  .00000184  00000-0  21669-3 0  9997
2 17639  83.0017  16.2086 0161042  81.6903  42.4052 13.57242583640413
1 17640U 81053LK  18211.78191963  .00000641  00000-0  30587-3 0  9999
2 17640  82.9164 140.3736 0023805 223.2680 136.6631 14.17751083401902
1 17641U 81053LL  18212.42065278  .00000592  00000-0  33711-3 0  9998
2 17641  82.7566  77.2065 0058523 270.1402 146.9389 14.07499377705734
1 17642U 81053LM  18211.70080983 +.00000511 +00000-0 +21182-3 0  9999
2 17642 082.8715 311.6983 0038546 248.6984 111.0083 14.24455443725500
1 17702U 86019LU  18211.87619680 +.00000083 +00000-0 +33970-4 0  9996
2 17702 098.3930 265.5010 0004708 291.7681 068.3011 14.48384963661757
1 17754U 85079C   18212.22788400  .00000138  00000-0  47364-4 0  9998
2 17754  74.0401  44.3008 0016096 112.0118  10.7203 14.44885984723995
1 17755U 82116D   18211.48572333 -.00000028 +00000-0 -20577-4 0  9998
2 17755 081.2571 324.6648 0068127 281.3473 196.3180 14.14248951837988
1 17792U 81053LN  18211.80545061 +.00000358 +00000-0 +21834-3 0  9992
2 17792 082.9555 335.5345 0014560 005.2688 148.5972 14.03444944692072
1 17793U 81053LP  18212.43249159  .00000121  00000-0  18414-3 0  9990
2 17793  83.1473 252.2057 0279861  72.7587 351.3077 13.28818071614643
1 17794U 82055AL  18211.03305196  .00000578  00000-0  51028-3 0  9997
2 17794  65.8215  70.4530 0054108 316.8149 191.9917 13.92234286650802
1 17795U 82055AM  18212.16407339 -.00000096  00000-0 -25095-4 0  9998
2 17795  65.8342 348.5631 0062760 125.3140 294.0947 13.59726626627126
1 17796U 82055AN  18212.35117479 -.00000052  00000-0  21786-4 0  9997
2 17796  65.8240 340.3615 0047335 316.4840  72.9830 14.03750432327333
1 17797U 82055AP  18211.94709557 +.00000124 +00000-0 +17582-3 0  9993
2 17797 065.8292 010.0504 0019390 242.7473 199.8830 13.87142922652242
1 17798U 82055AQ  18211.89763028 -.00000071  00000-0  86109-5 0  9996
2 17798  65.8365  28.4628 0067426 128.6945 303.3036 13.59093187626072
1 17799U 82055AR  18211.83260971 +.00000090 +00000-0 +13478-3 0  9997
2 17799 065.8393 095.5082 0016102 048.6566 074.3643 13.92512665658728
1 17800U 82055AS  18212.45099755 -.00000059  00000-0  23639-4 0  9996
2 17800  65.8330 223.7442 0026353  28.9909 130.2075 13.70271678638358
1 17801U 82055AT  18211.77872038 -.00000070 +00000-0 +98945-5 0  9990
2 17801 065.8335 081.8277 0037595 300.7153 059.0230 14.18574758675962
1 17802U 82055AU  18212.51896039 -.00000098  00000-0 -17059-4 0  9998
2 17802  65.8325  50.3422 0048933 281.5971 104.4416 13.75737473642352
1 17803U 82055AV  18210.43360899 -.00000017 +00000-0 +62431-4 0  9992
2 17803 065.8304 203.2830 0049770 223.7794 289.5158 13.79456672646527
1 17804U 82055AW  18211.98404821  .00000254  00000-0  24811-3 0  9999
2 17804  65.8185 195.2967 0028705 244.0141 152.3119 13.95696570655247
1 17805U 82055AX  18211.84230594  .00000273  00000-0  25846-3 0  9999
2 17805  65.8220 146.3256 0026417 264.2161 128.9557 13.96408783656356
1 17806U 82055AY  18212.54335360 -.00000051  00000-0  29221-4 0  9992
2 17806  65.8344  52.0819 0053824 162.7330 230.5584 13.80457383649506
1 17807U 82055AZ  18211.61350178  .00000090  00000-0  16600-3 0  9992
2 17807  65.8323  74.5318 0064166 302.6263  88.3471 13.78618153642348
1 17815U 86019ME  18212.14330484  .00000111  00000-0  50350-4 0  9997
2 17815  98.3592 271.2939 0029143 155.4437 232.1526 14.37984435648794
1 17842U 86030C   18211.38176000 +.00000131 +00000-0 +47460-4 0  9997
2 17842 074.0233 194.9611 0017609 305.8132 205.0364 14.42713591650502
1 17843U 86030D   18211.94262525 +.00000122 +00000-0 +44308-4 0  9996
2 17843 074.0325 195.3193 0016059 274.2454 115.5282 14.43057401689260
1 17844U 86101K   18210.61979347 +.00000253 +00000-0 +14550-3 0  9996
2 17844 082.5064 158.3755 0016948 335.8540 143.1675 14.05672994613331
1 18131U 87054C   18211.66998139  .00000080  00000-0  68398-4 0  9998
2 18131  82.9187 289.7173 0031690  46.6162 105.6873 13.74163687557959
1 18231U 86019RN  18208.77453251 -.00000537 +00000-0 -59076-2 0  9998
2 18231 098.8288 118.2166 4677073 275.0799 304.0339 05.53323730598575
1 18257U 87006C   18212.05609760  .00000210  00000-0  52426-4 0  9997
2 18257  74.0367  70.3249 0006142 197.8496 162.2454 14.57743405734923
1 18274U 86052F   18212.13996168  .00000179  00000-0  45620-4 0  9998
2 18274  74.0472 213.7512 0029412 137.3752 342.6439 14.57496061688168
1 18275U 81053LQ  18211.23841682 -.00000180 +00000-0 -22566-3 0  9992
2 18275 082.9284 129.5061 0135248 300.5799 213.3501 13.64794641663339
1 18276U 87054D   18211.94002582 +.00000083 +00000-0 +69927-4 0  9999
2 18276 082.9296 273.6377 0012917 332.0774 146.8587 13.76361384559429
1 18278U 82055BA  18211.89943556  .00000158  00000-0  20509-3 0  9991
2 18278  65.8322   5.5719 0041185 199.9258 239.1327 13.86893581652566
1 18279U 82055BB  18211.10116755  .00000853  00000-0  74492-3 0  9991
2 18279  65.7992 244.3867 0052491 356.4533  37.0906 13.90467291646475
1 18282U 85094T   18210.08696937 +.00000292 +00000-0 +13192-2 0  9998
2 18282 082.6252 246.9345 0022012 118.9034 269.2946 12.75169603518668
1 18290U 86019RY  18211.45935078  .00000034  00000-0  21497-4 0  9992
2 18290  97.9369 282.9660 0092720 252.2356 106.8701 14.43696078751883
1 18365U 87080E   18211.10626336 +.00000097 +00000-0 +12944-3 0  9995
2 18365 090.3204 336.9406 0112438 115.5280 008.8994 13.51266064518562
1 18410U 87041C   18211.90945670 -.00000034 +00000-0 +80374-5 0  9992
2 18410 070.9879 007.1780 0203256 173.0370 345.0562 13.73377415563671
1 18411U 87041D   18212.01636753  .00000001  00000-0  39371-4 0  9998
2 18411  71.0346 330.2354 0189513   6.3497 107.0009 13.75701673566592
1 18412U 87041E   18211.70264218 -.00000080 +00000-0 -33946-4 0  9998
2 18412 071.0288 315.0441 0193338 030.4776 330.7395 13.76147890566571
1 18413U 82055BC  18211.91032926 +.00000144 +00000-0 +25685-3 0  9990
2 18413 065.8234 183.2444 0068170 105.6917 283.1798 13.68208431630861
1 18414U 82055BD  18211.46411760  .00000001  00000-0  78997-4 0  9995
2 18414  65.8299 210.6606 0026500 253.3244 275.0660 13.80342626647688
1 18415U 82055BE  18211.84839626 +.00000094 +00000-0 +19477-3 0  9992
2 18415 065.8291 091.1436 0061993 068.2145 055.6152 13.70089153632451
1 18416U 87027C   18211.88738934 -.00000055  00000-0 -93930-5 0  9998
2 18416  71.0339 164.4179 0189413 259.7324 129.9347 13.76848144575733
1 18417U 87027D   18211.92945163 -.00000020 +00000-0 +20631-4 0  9996
2 18417 070.9961 233.4985 0201040 045.5041 024.5217 13.73938721572116
1 18426U 86088C   18212.08536443  .00000164  00000-0  16206-3 0  9997
2 18426  89.1464 155.7541 0070396 156.1201 303.4790 13.72714645586245
1 18476U 87041F   18212.52314215  .00000010  00000-0  48863-4 0  9997
2 18476  70.9898  44.2328 0207300 167.5342 223.4332 13.72498644562978
1 18477U 82055BF  18212.15153997  .00000133  00000-0  10968-3 0  9995
2 18477  65.8265  33.3748 0013232  86.2806  30.7996 14.17489575667958
1 18502U 82051D   18211.30261439 +.00000169 +00000-0 +49557-4 0  9993
2 18502 074.0625 158.1686 0001113 244.9178 267.7431 14.51031193753135
1 18505U 81053LS  18212.43774238  .00000410  00000-0  31107-3 0  9998
2 18505  83.2885  12.5288 0080361  29.3342   0.1665 13.89990897672772
1 18509U 82051E   18211.87794274  .00000161  00000-0  46805-4 0  9995
2 18509  74.0052  48.1329 0008365  44.1665  17.5207 14.51972181659436
1 18510U 82051F   18211.95189088 +.00000154 +00000-0 +46233-4 0  9994
2 18510 073.9918 058.9642 0013165 105.8299 322.8003 14.50844653670931
1 18519U 84019D   18212.00117465  .00000185  00000-0  45983-4 0  9991
2 18519  74.0451  53.2748 0010298  92.4351 267.7993 14.58675797640800
1 18525U 86088D   18211.68610951  .00000108  00000-0  86771-4 0  9992
2 18525  89.9701 359.2626 0003106 281.4872 205.6938 13.85039358599968
1 18526U 87049C   18211.28549678  .00000169  00000-0  46675-4 0  9990
2 18526  74.0383 263.9715 0003574 205.7274 272.2623 14.54177002640328
1 18527U 87027E   18212.31324011 -.00000028  00000-0  13213-4 0  9991
2 18527  70.9944 184.7621 0194041  43.2611 318.3544 13.75119223573763
1 18530U 87080F   18211.77751462 +.00000052 +00000-0 +60328-4 0  9992
2 18530 090.4021 063.2685 0088511 105.2749 023.9607 13.55241679525402
1 18545U 86100C   18212.02744744  .00000341  00000-0  21008-3 0  9996
2 18545  82.9256 222.7545 0015273  22.0488   7.0356 14.02817813601278
1 18550U 87027F   18211.65181295 -.00000011 +00000-0 +28619-4 0  9996
2 18550 071.0255 094.6096 0185126 251.0817 107.0140 13.78532110577218
1 18552U 86086C   18211.88111376  .00000447  00000-0  23586-3 0  9999
2 18552  82.9225 259.7631 0028915 262.2190 222.5238 14.11685019615946
1 18560U 82055BH  18211.27675742 -.00000035  00000-0  51276-4 0  9997
2 18560  65.8331 306.1155 0042983 355.4419  36.7240 13.69186897544368
1 18561U 87080G   18211.65059926 +.00000083 +00000-0 +10915-3 0  9999
2 18561 090.3303 006.5161 0116118 133.3275 348.9682 13.51155261518422
1 18562U 87080H   18211.62741890 +.00000170 +00000-0 +27117-3 0  9994
2 18562 090.0177 165.1445 0182911 047.4764 000.4889 13.38917939505213
1 18565U 85094U   18211.77959141  .00001698  00000-0  30314-2 0  9994
2 18565  82.4521 141.9245 0114457 138.7395 251.1934 13.38913077520669
1 18592U 81053LU  18211.77982819  .00000552  00000-0  27134-3 0  9998
2 18592  82.9435 216.8436 0012127 175.2920 304.6206 14.16039831203470
1 18601U 81053LW  18209.85106788 +.00000526 +00000-0 +30690-3 0  9990
2 18601 082.7970 171.3752 0057574 015.5438 011.1938 14.05970886574952
1 18608U 85077K   18211.83255437 +.00000181 +00000-0 +48866-4 0  9996
2 18608 074.0473 147.3703 0011294 176.0224 205.7678 14.54862708659802
1 18637U 81053LX  18211.85708266 +.00000247 +00000-0 +13233-3 0  9995
2 18637 082.9689 010.3228 0064717 068.7466 292.0604 14.08114814690647
1 18639U 81053LZ  18212.00199340  .00000363  00000-0  41403-3 0  9991
2 18639  83.0628  39.8279 0151848 146.0446   7.5658 13.62488989645808
1 18640U 81053MA  18211.38396142 +.00000373 +00000-0 +33552-3 0  9999
2 18640 083.2109 358.6062 0091848 151.7215 239.4101 13.79541280664079
1 18680U 86101L   18212.01150201  .00000141  00000-0  77984-4 0  9998
2 18680  82.5420 213.2169 0012104 327.4289  60.8169 14.05145529612907
1 18681U 87049D   18211.96940927 +.00000129 +00000-0 +46924-4 0  9992
2 18681 074.0303 196.5508 0016335 041.7356 350.1028 14.42481611629942
1 18697U 87098C   18211.86799689 +.00000143 +00000-0 +41783-4 0  9993
2 18697 074.0001 008.0062 0007300 244.5146 270.7054 14.52824029614291
1 18698U 87098D   18211.78935441 +.00000128 +00000-0 +45035-4 0  9990
2 18698 073.9863 215.5189 0013491 084.9417 333.9535 14.44257132606592
1 18728U 87020F   18211.82639459 -.00000274  00000-0 -20224-2 0  9999
2 18728  73.6187 137.9525 0065537 201.4160 188.2949 12.35602775380529
1 18733U 87020L   18211.94008274 +.00003432 +00000-0 +47725-2 0  9995
2 18733 073.4426 179.6349 0044809 324.3869 067.9219 13.57756383454037
1 18742U 87020V   18211.84789620  .00000100  00000-0  71167-3 0  9992
2 18742  73.5128 260.1620 0053802  42.4286  71.4602 12.56690910400374
1 18746U 87020Z   18211.11006569 -.00000207  00000-0 -86600-3 0  9998
2 18746  73.4911  91.7093 0047119 351.6192 160.0791 12.76073892406639
1 18747U 87020AA  18211.87877497 -.00000018 +00000-0 -89953-5 0  9994
2 18747 073.6257 036.8605 0040891 089.0729 336.9196 12.38745897384189
1 18752U 87020AD  18211.65923889 +.00000334 +00000-0 +20140-2 0  9992
2 18752 073.9199 098.2149 0060815 008.1111 021.1328 12.59841049406884
1 18755U 87020AG  18211.76566185  .00000038  00000-0  40490-3 0  9991
2 18755  73.6402 332.4166 0035598   6.8514  64.5223 12.42096469387776
1 18756U 87020AH  18211.68485222 +.00000017 +00000-0 +24386-3 0  9998
2 18756 073.6327 297.5814 0030336 333.5355 181.4781 12.43523728388450
1 18757U 87020AJ  18211.88784060 +.00000080 +00000-0 +26850-3 0  9991
2 18757 073.7280 012.5031 0108837 057.8547 092.3980 13.12862979419498
1 18758U 87020AK  18211.58919924  .00000007  00000-0  18501-3 0  9991
2 18758  73.6255  70.4665 0053728 132.0953 243.6227 12.37842527382173
1 18764U 85042G   18211.89812428 -.00000035 +00000-0 +17109-4 0  9991
2 18764 066.5904 221.8431 0101782 235.5702 196.5248 14.44902726587848
1 18766U 85042J   18211.77314441  .00000379  00000-0  18330-3 0  9998
2 18766  66.5699  75.4527 0048208  73.4687  47.1292 14.28505656577699
1 18767U 85042K   18211.89313736 +.00000177 +00000-0 +16720-3 0  9995
2 18767 066.5873 230.6360 0147975 357.9168 002.1276 13.97044084547978
1 18800U 87020AL  18211.89387442 -.00000047 +00000-0 -22973-3 0  9991
2 18800 073.5927 013.0707 0051741 146.6467 008.1031 12.38793715384297
1 18801U 87020AM  18211.93232383 +.00000022 +00000-0 +20133-3 0  9997
2 18801 073.1296 030.5562 0128805 214.2550 301.8970 12.74551700420750
1 18802U 87020AN  18211.62401368 -.00000052 +00000-0 -29495-3 0  9990
2 18802 073.5897 281.3916 0103829 066.3762 087.1423 12.30153403372989
1 18803U 87020AP  18211.37520062  .00000017  00000-0  28024-3 0  9992
2 18803  73.4494  83.8369 0084400 161.5629 310.3905 12.31810512376007
1 18804U 87020AQ  18212.24597856  .00000003  00000-0  15039-3 0  9992
2 18804  73.6052 300.7855 0027038  40.0594 349.5923 12.41458596386924
1 18805U 87020AR  18211.38585491 -.00000025 +00000-0 -60176-4 0  9998
2 18805 073.7099 352.6714 0020283 226.3017 164.0631 12.43173430387099
1 18806U 87020AS  18211.53843888 +.00000095 +00000-0 +88685-3 0  9992
2 18806 073.4815 057.6829 0089447 063.4924 327.6710 12.34750238377378
1 18807U 87020AT  18211.95266407 +.00005170 +00000-0 +65467-2 0  9996
2 18807 073.7602 201.8877 0265355 299.4122 087.5946 13.50139161103709
1 18819U 85042L   18212.04358635  .00001508  00000-0  21648-3 0  9992
2 18819  66.5599  78.7323 0022023 191.5419 319.2262 14.79467743602508
1 18902U 81053MB  18209.20752052 +.00000573 +00000-0 +23262-3 0  9993
2 18902 082.9515 129.5690 0007245 138.3099 221.8639 14.26060871295838
1 18910U 87020AU  18211.50809644 +.00000083 +00000-0 +68014-3 0  9998
2 18910 073.6749 240.0751 0013996 185.1261 344.5704 12.47707518391640
1 18969U 87020AW  18211.26151000 -.00000060 +00000-0 -30854-3 0  9999
2 18969 073.6216 312.7929 0039645 002.3270 026.1920 12.42946495386524
1 19005U 87020BA  18211.87692520 +.00000041 +00000-0 +41244-3 0  9997
2 19005 073.8705 161.3274 0033655 049.1451 340.3897 12.42882903387839
1 19006U 87020BB  18211.34115902  .00001117  00000-0  16178-2 0  9996
2 19006  73.4470 284.7267 0032067 344.4728 129.9820 13.56377557449602
1 19008U 84088G   18211.99729897  .00000533  00000-0  28652-3 0  9996
2 19008  28.7367  94.3463 1824800 130.5972 246.8208 11.14188337247620
1 19025U 81053MC  18211.28135723 +.00000544 +00000-0 +28600-3 0  9990
2 19025 082.7143 322.9680 0031071 095.9746 293.6398 14.12163390695332
1 19026U 81053MD  18212.49094657  .00000387  00000-0  39129-3 0  9998
2 19026  83.1680  43.3137 0119688 238.2658 148.6442 13.71911270656462
1 19027U 81053ME  18209.67860524 +.00000722 +00000-0 +47724-3 0  9992
2 19027 083.0142 290.5364 0073889 347.0831 178.4421 13.99092256677439
1 19047U 81053MF  18211.63552619 +.00000445 +00000-0 +24910-3 0  9990
2 19047 082.7856 080.5449 0033106 119.9166 268.6280 14.08366255698033
1 19048U 88029C   18212.47910616  .00000241  00000-0  55622-4 0  9998
2 19048  74.0226 214.4671 0014621 264.7247 251.4669 14.60628401602470
1 19077U 88033D   18212.10994667  .00000372  00000-0  57854-3 0  9996
2 19077  90.3229 260.0078 0159701 263.6559 123.0897 13.44690923477305
1 19078U 88033E   18211.68631667 +.00000053 +00000-0 +76988-4 0  9993
2 19078 090.5211 196.7206 0160519 175.3344 248.0247 13.40144741478156
1 19102U 82051G   18211.29635682 +.00000188 +00000-0 +51691-4 0  9996
2 19102 074.0470 063.5481 0010732 019.2826 098.1874 14.53526217596008
1 19111U 85094W   18210.45438838 +.00000113 +00000-0 +51913-3 0  9991
2 19111 082.6064 259.8194 0022178 162.2347 257.5895 12.68954239407915
1 19125U 88039C   18211.57941475 -.00000054 +00000-0 -10192-4 0  9999
2 19125 071.0302 273.6747 0177962 117.3582 244.5760 13.78949776519271
1 19126U 88039D   18211.82861875 -.00000074 +00000-0 -28681-4 0  9997
2 19126 071.0333 337.1963 0183639 124.4230 033.2950 13.77183605517484
1 19127U 88039E   18212.17119512 -.00000033  00000-0  95211-5 0  9999
2 19127  70.9891 113.4832 0209623 340.2137  91.2147 13.72036633512073
1 19128U 88039F   18211.89321476 -.00000008 +00000-0 +33141-4 0  9997
2 19128 070.9833 097.6406 0205261 005.0973 119.0834 13.72206574512163
1 19140U 88033F   18211.96744595 +.00000392 +00000-0 +47059-3 0  9991
2 19140 090.3366 280.6903 0238782 314.1928 171.7932 13.54525846481488
1 19141U 87020BD  18211.93933453 +.00002748 +00000-0 +41377-2 0  9990
2 19141 073.9300 039.6843 0027558 024.9302 130.3287 13.53077557427820
1 19181U 88033G   18212.26795448  .00000119  00000-0  22151-3 0  9996
2 19181  89.8957 316.8132 0253107 112.5391 280.8059 13.21168868457453
1 19260U 88053C   18212.14288458  .00000134  00000-0  40973-4 0  9991
2 19260  74.0622  13.8591 0007474 197.7445 285.4646 14.50837540583869
1 19261U 88053D   18212.44876014  .00000145  00000-0  44287-4 0  9990
2 19261  74.0548  17.9626 0011379 229.7840 160.6439 14.50339928583439
1 19440U 87020CA  18211.61840660 -.00000020 +00000-0 -80636-5 0  9991
2 19440 073.7506 183.0968 0163232 016.4610 101.4204 12.75664077411416
1 19451U 88016K   18211.73187542 +.00000154 +00000-0 +14628-2 0  9996
2 19451 074.0056 108.9209 0131837 205.0103 188.4595 12.26807975348739
1 19453U 82055BL  18211.52000414 +.00000310 +00000-0 +15903-3 0  9996
2 19453 065.8067 229.2789 0062286 196.8707 325.4905 14.27862313559944
1 19473U 82055BM  18211.99446826  .00000176  00000-0  21382-3 0  9998
2 19473  65.8270  35.0350 0036487 241.1581 199.9878 13.88883489565861
1 19478U 81070L   18212.49741719  .00000098  00000-0  25880-3 0  9994
2 19478  90.1337  34.8497 6095841 314.0226  16.7727  3.68308610325948
1 19515U 88074D   18211.86029514 +.00000093 +00000-0 +12831-3 0  9996
2 19515 089.9455 359.4837 0094545 143.7757 010.6911 13.48898777469653
1 19516U 88074E   18211.92252507 +.00000114 +00000-0 +16022-3 0  9994
2 19516 089.9784 022.6330 0090334 115.3911 042.4581 13.49243038470287
1 19559U 88074F   18211.96505552 +.00000043 +00000-0 +54433-4 0  9996
2 19559 089.4155 213.2728 0094134 262.0048 125.4286 13.44765999467362
1 19562U 87020CD  18210.63494275 +.00002000 +00000-0 +36108-2 0  9994
2 19562 074.4080 200.8093 0056297 177.6667 300.8974 13.41145475841806
1 19577U 88074G   18212.09383859  .00000013  00000-0  10315-4 0  9993
2 19577  90.5238 343.2328 0088399 297.8012 123.4001 13.44350965466961
1 19599U 84088H   18210.73882040 +.00000024 +00000-0 -18747-4 0  9993
2 19599 028.7213 359.3478 1923590 333.5914 017.7907 10.93119825922164
1 19640U 87020CE  18212.03646919 -.00000017  00000-0 -17106-4 0  9998
2 19640  73.5452 229.2984 0162438 101.9025 288.0376 12.16674259288674
