1 31484U 99025BVY 18205.29066917 +.00001555 +00000-0 +92543-3 0  9993
2 31484 101.8232 326.8677 0166904 185.2682 174.6722 14.02930872261178
1 31485U 99025BVZ 18205.45690124 +.00000223 +00000-0 +32198-3 0  9996
2 31485 102.7240 081.0085 0512583 300.6396 054.5128 13.26049012545739
1 31486U 99025BWA 18205.41790588 +.00001126 +00000-0 +50857-3 0  9993
2 31486 102.2794 010.9227 0022153 015.6359 344.5486 14.25395808581432
1 31487U 99025BWB 18205.08103219 +.00000192 +00000-0 +20447-3 0  9990
2 31487 102.4211 155.0435 0130423 268.5043 154.5895 13.88697300569754
1 31488U 99025BWC 18204.98943796 +.00001041 +00000-0 +37161-3 0  9996
2 31488 102.6772 248.3890 0086583 079.7800 281.3120 14.35877605261334
1 31491U 99025BWE 18205.34975045 +.00000346 +00000-0 +24182-3 0  9999
2 31491 099.3248 340.8193 0061878 179.3412 180.7846 14.04514624572784
1 31492U 99025BWF 18205.16451361 +.00000534 +00000-0 +23242-3 0  9995
2 31492 098.8659 277.8395 0141156 003.6549 025.4996 14.22978558578840
1 31493U 99025BWG 18184.91357746  .00000098  00000-0  11808-3 0  9997
2 31493 100.1669 213.6502 0128761  81.6234 279.9494 13.87639704565865
1 31494U 99025BWH 18205.41212800 +.00000689 +00000-0 +27878-3 0  9998
2 31494 099.5888 269.9965 0033627 030.3994 329.9127 14.31214694584167
1 31495U 99025BWJ 18204.48989609 +.00000459 +00000-0 +25585-3 0  9991
2 31495 099.0506 317.6501 0031689 288.3319 071.4408 14.15792849250952
1 31496U 99025BWK 18204.52514343 +.00003583 +00000-0 +19293-3 0  9996
2 31496 099.1242 100.9543 0115198 123.0375 238.1979 15.10132279603335
1 31497U 99025BWL 18201.33276713 +.00000044 +00000-0 +26439-4 0  9999
2 31497 098.3952 234.4118 0176900 155.6187 268.8465 14.35812389587521
1 31498U 99025BWM 18204.20298471 +.00000639 +00000-0 +64987-3 0  9993
2 31498 098.5068 089.4221 0237056 161.6754 199.3119 13.68261600558084
1 31499U 99025BWN 18205.57141896 +.00001122 +00000-0 +79934-3 0  9999
2 31499 097.6754 113.5665 0328499 163.8382 197.3558 13.75975865250820
1 31500U 99025BWP 18204.90413548 +.00008994 +00000-0 +42619-3 0  9998
2 31500 098.8943 092.2338 0248668 035.8077 325.9530 14.96284609357183
1 31501U 99025BWQ 18203.96077651 +.00000369 +00000-0 +21454-3 0  9997
2 31501 098.9744 239.7417 0049657 144.9182 215.5278 14.14229730578065
1 31502U 99025BWR 18205.51867133 +.00000726 +00000-0 +49506-3 0  9998
2 31502 099.2542 232.7177 0082706 153.8441 206.6937 14.01541782226817
1 31503U 99025BWS 18204.76399613 +.00000333 +00000-0 +20784-3 0  9999
2 31503 100.1340 037.4437 0057589 001.4926 358.6403 14.12234516578601
1 31504U 99025BWT 18205.15885163 +.00001892 +00000-0 +53217-3 0  9992
2 31504 101.5096 082.2598 0154833 034.8785 119.5725 14.40997431583952
1 31505U 99025BWU 18205.42373190 +.00001119 +00000-0 +48120-3 0  9994
2 31505 101.9294 201.9504 0049340 326.4769 033.3280 14.27304392578295
1 31507U 99025BWW 18204.33818497 +.00000160 +00000-0 +55884-4 0  9990
2 31507 098.5180 239.5249 0132446 353.9727 062.8779 14.43542925590168
1 31508U 99025BWX 18203.35540453 +.00000553 +00000-0 +23423-3 0  9995
2 31508 098.7830 254.1915 0057541 041.3174 319.2339 14.28521196581691
1 31509U 99025BWY 18205.50051707 +.00000442 +00000-0 +35433-3 0  9995
2 31509 098.8755 039.5901 0224873 339.3501 019.8676 13.84636699566334
1 31510U 99025BWZ 18205.33179578 +.00000096 +00000-0 +65751-4 0  9997
2 31510 098.7179 238.8943 0038669 219.5907 202.7284 14.19484909581687
1 31511U 99025BXA 18205.50031492 +.00000375 +00000-0 +20651-3 0  9998
2 31511 098.9893 296.5616 0130582 340.5656 019.0563 14.13447117577514
1 31512U 99025BXB 18205.18927292 +.00000201 +00000-0 +76065-4 0  9994
2 31512 098.8140 333.5363 0162763 186.7242 296.1221 14.35068388267368
1 31513U 99025BXC 18204.91226852 +.00000460 +00000-0 +26532-3 0  9999
2 31513 098.9793 251.4481 0035091 274.3245 085.3918 14.13876981346016
1 31514U 99025BXD 18204.15936301 +.00000470 +00000-0 +29615-3 0  9999
2 31514 099.2476 333.5994 0063591 100.4151 260.4193 14.08304722312298
1 31515U 99025BXE 18204.46500743 +.00000082 +00000-0 +78399-4 0  9994
2 31515 099.0236 284.7746 0062286 122.3907 238.3307 14.03824747204396
1 31516U 99025BXF 18205.45672719 +.00000059 +00000-0 +41766-4 0  9990
2 31516 098.7840 295.3941 0159807 102.8259 319.8171 14.20555708581757
1 31518U 99025BXH 17315.68762109  .00001196  00000-0  71446-3 0  9991
2 31518  99.1743 281.2477 0097542 138.7924 221.9796 14.06800122536166
1 31519U 99025BXJ 18205.33383006 +.00000100 +00000-0 +67881-4 0  9991
2 31519 098.7137 238.3628 0057088 121.3166 239.3615 14.18773047264683
1 31520U 99025BXK 18204.98778029 +.00001040 +00000-0 +41405-3 0  9993
2 31520 098.8818 263.8107 0002384 042.1464 317.9900 14.30866179581952
1 31521U 99025BXL 18204.38711765 +.00001138 +00000-0 +38354-3 0  9999
2 31521 098.7081 272.1040 0076696 265.5750 093.6671 14.37376141584957
1 31522U 99025BXM 18205.13929542 -.00000161 +00000-0 -78854-4 0  9995
2 31522 099.0018 268.3474 0050632 141.7316 218.7459 14.00228534573218
1 31523U 99025BXN 18205.25608976 -.00000025 +00000-0 +11117-4 0  9991
2 31523 099.0829 214.7256 0038384 188.3712 233.5395 14.13631674579227
1 31524U 99025BXP 18204.13446851 -.00000062 +00000-0 -55235-5 0  9992
2 31524 099.2425 327.3460 0289663 007.9336 112.6469 14.03161264574132
1 31526U 99025BXR 15035.26226016 +.00016057 +00000-0 +53705-2 0  9992
2 31526 099.1926 203.0443 0110063 170.4020 316.2973 14.34070193409125
1 31527U 99025BXS 18205.39934225 -.00000061 +00000-0 -37568-4 0  9998
2 31527 098.9089 000.2980 0454800 026.2933 336.0523 13.21541743545320
1 31529U 99025BXU 18204.91879895 +.00000583 +00000-0 +29689-3 0  9999
2 31529 098.9467 242.4941 0050670 196.7044 287.8077 14.19087389264450
1 31530U 99025BXV 18170.25265464  .00001401  00000-0  39105-3 0  9995
2 31530  99.3731 176.0203 0101996 291.1599  67.8713 14.45146532585440
1 31531U 99025BXW 18205.41699941 +.00000452 +00000-0 +14966-3 0  9997
2 31531 098.6917 275.7784 0283615 249.1452 107.9144 14.22785427254769
1 31532U 99025BXX 18205.16433553 +.00000854 +00000-0 +37235-3 0  9995
2 31532 099.1820 320.4960 0140143 050.4753 310.8713 14.21515972580357
1 31533U 99025BXY 18205.57818283 +.00000078 +00000-0 +53137-4 0  9996
2 31533 098.9883 337.5000 0068693 183.4427 176.6287 14.23725928277007
1 31534U 99025BXZ 18205.08852772 +.00000766 +00000-0 +32968-3 0  9996
2 31534 098.9545 312.4280 0016609 342.1613 017.8982 14.27627845267310
1 31535U 99025BYA 18199.89195422  .00000272  00000-0  13677-3 0  9998
2 31535  98.0521 233.6948 0096014 211.3513 148.1920 14.20941257582987
1 31536U 99025BYB 18205.53499851 +.00000642 +00000-0 +14017-3 0  9991
2 31536 098.1511 234.9176 0426800 220.4476 136.4242 14.17197740577868
1 31537U 99025BYC 18205.18995461 +.00000323 +00000-0 +13862-3 0  9994
2 31537 099.1060 348.7971 0519358 043.3413 073.7691 13.76512553558788
1 31538U 99025BYD 18205.43533400 +.00001042 +00000-0 +37772-3 0  9999
2 31538 098.3932 082.4414 0060940 196.6706 163.2477 14.34355424279983
1 31539U 99025BYE 18205.46894622 +.00011534 +00000-0 +91263-3 0  9991
2 31539 099.0570 200.8512 0020506 035.4749 324.7830 15.00662634591090
1 31540U 99025BYF 18204.56073911 +.00000316 +00000-0 +77151-4 0  9990
2 31540 099.0050 128.0146 0236200 106.3339 256.3964 14.44756064591964
1 31541U 99025BYG 18204.54213515 +.00000428 +00000-0 +11900-3 0  9998
2 31541 098.9445 118.8953 0113950 097.5616 263.8536 14.48247137592328
1 31542U 99025BYH 18205.33086685 +.00000434 +00000-0 +26122-3 0  9992
2 31542 098.9589 246.6988 0052041 324.8962 034.8783 14.11438250578747
1 31544U 99025BYK 18205.26472529 +.00000334 +00000-0 +22047-3 0  9993
2 31544 099.0977 227.9115 0033236 300.9749 058.8156 14.08395034578376
1 31545U 99025BYL 11315.51651462 +.00002328 +00000-0 +81732-3 0  9993
2 31545 098.9864 036.0122 0100147 207.7392 151.7563 14.33224036238943
1 31546U 99025BYM 18205.26612052 +.00000226 +00000-0 +16600-3 0  9990
2 31546 098.2365 140.2341 0175803 224.2238 134.4764 13.97159674569906
1 31547U 99025BYN 18205.11163972 +.00000348 +00000-0 +21975-3 0  9993
2 31547 099.0324 163.6964 0065228 301.8423 057.6408 14.09812972258893
1 31548U 99025BYP 18204.28265807 +.00001410 +00000-0 +37732-3 0  9990
2 31548 099.3829 229.8037 0112146 153.1539 207.5514 14.46479586207957
1 31550U 99025BYR 18204.34016483 +.00000094 +00000-0 +43082-4 0  9997
2 31550 098.5247 252.6676 0217576 014.8714 345.8734 14.30149979268038
1 31551U 99025BYS 18205.00681778 +.00001811 +00000-0 +98879-3 0  9998
2 31551 098.8446 110.3444 0087754 020.0191 036.3885 14.11377742317244
1 31552U 99025BYT 18205.41212795 +.00000958 +00000-0 +50748-3 0  9997
2 31552 098.5580 009.9003 0143501 248.0569 110.5298 14.10829290576103
1 31553U 99025BYU 18203.47074694 +.00000477 +00000-0 +27583-3 0  9993
2 31553 098.9918 172.2146 0035918 219.5574 268.1099 14.13476556576370
1 31554U 99025BYV 18205.35660886 +.00000580 +00000-0 +30001-3 0  9991
2 31554 098.9684 256.0949 0061255 256.4089 103.0258 14.17990254579622
1 31555U 99025BYW 18201.28839189 +.00000241 +00000-0 +10597-3 0  9996
2 31555 099.1605 357.2456 0207652 059.8375 302.3196 14.21838146580164
1 31557U 99025BYY 18205.32856227 +.00000042 +00000-0 +25538-4 0  9990
2 31557 098.3985 252.6774 0186533 082.2072 280.0246 14.35070738223585
1 31558U 99025BYZ 18205.17990948 +.00000078 +00000-0 +36728-4 0  9995
2 31558 098.8335 338.1852 0222260 281.3946 205.1814 14.34443280587179
1 31559U 99025BZA 18205.39206262 +.00000362 +00000-0 +13022-3 0  9996
2 31559 098.9202 002.2249 0084937 310.6873 078.7590 14.38118749588387
1 31560U 99025BZB 18205.29231933 -.00000003 +00000-0 +17936-4 0  9992
2 31560 098.9266 224.3314 0122268 159.2476 201.3726 14.20556941583443
1 31561U 99025BZC 18205.37698008 +.00000327 +00000-0 +24847-3 0  9998
2 31561 098.9660 260.7180 0065027 139.3928 279.5240 13.99726266574034
1 31562U 99025BZD 18205.27675987 +.00000263 +00000-0 +11686-3 0  9995
2 31562 099.2216 135.1883 0067107 177.9649 182.1817 14.30464393586072
1 31563U 99025BZE 18205.24245225 +.00000208 +00000-0 +59056-4 0  9994
2 31563 098.9030 135.4357 0142429 326.8786 032.3549 14.51318005593178
1 31564U 99025BZF 18205.11626583 +.00009384 +00000-0 +92459-3 0  9998
2 31564 098.7526 330.0609 0000433 063.2367 296.8893 14.92296958590819
1 31565U 99025BZG 18205.22647498 +.00000650 +00000-0 +41490-3 0  9995
2 31565 100.7380 222.2523 0082371 029.0147 331.5557 14.06632834261963
1 31566U 99025BZH 18204.65478310 +.00000634 +00000-0 +33818-3 0  9994
2 31566 098.9436 174.7919 0029796 177.0142 236.7964 14.16770642580227
1 31567U 99025BZJ 18205.25682852 +.00000655 +00000-0 +64976-3 0  9992
2 31567 102.3068 313.9537 0214551 175.2935 185.0287 13.74117719302079
1 31568U 99025BZK 18205.14498390 +.00001137 +00000-0 +93580-3 0  9992
2 31568 102.0925 329.8660 0159216 190.6307 169.1458 13.86734320572014
1 31569U 99025BZL 18205.28469795 +.00000613 +00000-0 +57187-3 0  9996
2 31569 102.6095 131.5612 0204205 188.6920 327.5810 13.79072221563559
1 31570U 99025BZM 18204.95931486 +.00000143 +00000-0 +13526-3 0  9999
2 31570 102.6089 256.7880 0191109 270.5869 087.3386 13.96641767570375
1 31581U 99057PC  18204.66202881 +.00007326 +00000-0 +45240-3 0  9992
2 31581 098.2251 276.3835 0002132 024.2912 335.8416 15.10223459602391
1 31583U 99057PE  18205.08457462 +.00000780 +00000-0 +20238-3 0  9995
2 31583 098.4092 162.3562 0003012 081.7394 278.4143 14.52488553271281
1 31589U 99057PL  18205.18724413 +.00003035 +00000-0 +46038-3 0  9997
2 31589 098.2693 183.6615 0014612 276.0742 083.8801 14.74819148297976
1 31591U 99057PN  18205.22259805 +.00001545 +00000-0 +28837-3 0  9994
2 31591 098.3475 197.2436 0006677 278.2242 081.8204 14.66415422596268
1 31594U 99057PR  18205.19491615 +.00001215 +00000-0 +25449-3 0  9990
2 31594 098.3669 186.5951 0007856 006.3971 353.7328 14.61567669312460
1 31608U 99025BZN 18205.28874045 +.00000415 +00000-0 +76189-4 0  9992
2 31608 098.5837 218.1313 0225343 161.7817 199.1621 14.56481996592265
1 31609U 99025BZP 18203.39664477  .00000774  00000-0  54508-3 0  9997
2 31609  99.1437 163.2868 0102261 220.6823 294.8085 13.98701651569088
1 31611U 99025BZR 18201.79837792 +.00001438 +00000-0 +50551-3 0  9996
2 31611 098.9750 319.3121 0108775 291.1726 225.8684 14.33341454282333
1 31612U 99025BZS 18205.06586437 +.00000729 +00000-0 +81058-4 0  9997
2 31612 100.3675 304.6079 0181339 113.6848 248.3502 14.80953249598700
1 31613U 99025BZT 18205.23337930 +.00000357 +00000-0 +36980-3 0  9999
2 31613 098.4512 002.8725 0365344 338.3648 020.2390 13.55522269551769
1 31614U 99025BZU 18205.22984045 +.00000813 +00000-0 +35689-3 0  9996
2 31614 098.9796 305.6112 0065052 014.5857 015.0659 14.25320569576406
1 31615U 99025BZV 18205.10718918 +.00000798 +00000-0 +43171-3 0  9995
2 31615 099.1222 171.2876 0244490 321.8108 036.5952 14.01380390272348
1 31616U 99025BZW 18204.99223996 +.00001492 +00000-0 +45943-3 0  9990
2 31616 096.5895 278.1038 0107489 163.1148 197.3668 14.39137774584062
1 31617U 99025BZX 18185.24521414  .00000999  00000-0  28815-3 0  9993
2 31617  96.7065 359.3507 0137148 108.1489 253.4694 14.40699069585021
1 31618U 99025BZY 18204.06016210 +.00000066 +00000-0 +50295-4 0  9992
2 31618 099.4011 139.2764 0165854 350.1326 009.6602 14.16998251578803
1 31619U 99025BZZ 18205.12900937 +.00001120 +00000-0 +46543-3 0  9991
2 31619 099.1100 263.9974 0266696 138.8422 255.0220 14.11002369250533
1 31620U 99025CAA 18205.25193508 +.00000713 +00000-0 +38831-3 0  9993
2 31620 099.0396 213.4516 0027862 205.0240 154.9584 14.15334737275244
1 31622U 99025CAC 18205.54727897 +.00000634 +00000-0 +33415-3 0  9996
2 31622 098.9716 241.4701 0021362 186.3706 332.2645 14.17547690574117
1 31623U 99025CAD 18182.36117209  .00000075  00000-0  87833-4 0  9994
2 31623  97.6433 149.8963 0199892  13.0663 347.5567 13.80344642563147
1 31624U 99025CAE 18205.40025209 +.00000935 +00000-0 +30552-3 0  9994
2 31624 099.6790 004.1240 0055184 255.4623 133.8664 14.40530240583740
1 31625U 99025CAF 18205.53570896 +.00000025 +00000-0 +18476-4 0  9998
2 31625 098.8043 106.7498 0157490 257.1894 227.8282 14.51252087592347
1 31626U 99025CAG 18204.53292357 +.00001165 +00000-0 +47949-3 0  9993
2 31626 101.3046 312.8940 0031106 195.6778 164.3434 14.29578455252246
1 31627U 99025CAH 18204.93180149 +.00000372 +00000-0 +18187-3 0  9994
2 31627 098.7761 248.1019 0063184 101.0878 259.7414 14.22732675262989
1 31628U 99025CAJ 18205.17315798 +.00000111 +00000-0 +16306-3 0  9994
2 31628 102.2733 319.6624 0187870 092.2294 270.0368 13.75044861561164
1 31629U 99025CAK 18205.52917580 +.00001010 +00000-0 +75710-3 0  9994
2 31629 102.1529 062.7399 0131898 164.4127 196.1142 13.94155236566970
1 31630U 99025CAL 18203.33141327 +.00000402 +00000-0 +52085-4 0  9996
2 31630 097.8845 042.4156 0320168 312.1096 045.3285 14.56854923589804
1 31631U 99025CAM 18205.12183532 +.00000839 +00000-0 +48422-3 0  9993
2 31631 099.3078 298.0696 0190521 020.2421 340.6169 14.03172395568712
1 31632U 99025CAN 18205.37442394 +.00001766 +00000-0 +40353-3 0  9990
2 31632 099.0192 058.5386 0135656 255.1253 229.8443 14.51700399256690
1 31633U 99025CAP 18205.41163858 -.00000132 +00000-0 -57840-4 0  9999
2 31633 098.9863 261.4914 0068566 133.5857 227.1028 14.01162651573780
1 31634U 99025CAQ 18200.12164452  .00000024  00000-0  52719-4 0  9992
2 31634  99.3300 160.6121 0092274 247.1073 112.0325 13.92509655570010
1 31635U 99025CAR 18183.19934610  .00000784  00000-0  30656-3 0  9999
2 31635  99.4457 171.9917 0050269 278.1349  81.4131 14.32125761580945
1 31636U 99025CAS 18205.27381815 +.00001694 +00000-0 +83813-4 0  9992
2 31636 098.8898 016.5127 0162323 245.8663 112.5514 15.08981810607074
1 31637U 99025CAT 18205.61280257 +.00000883 +00000-0 +38305-3 0  9993
2 31637 099.1041 342.1299 0061332 082.7021 278.1123 14.25886003208653
1 31639U 99025CAV 18202.50282587  .00000024  00000-0  53707-4 0  9999
2 31639  98.7814 306.7067 0161635 285.5380 134.1604 13.84225394566976
1 31640U 99025CAW 18205.08605106 +.00001841 +00000-0 +12842-3 0  9995
2 31640 099.2349 067.8448 0182423 336.0839 023.1979 14.94720498601489
1 31642U 99025CAY 18205.19560933 +.00000135 +00000-0 +65929-4 0  9997
2 31642 098.6362 290.6187 0126540 273.3558 085.3155 14.28818846584505
1 31643U 99025CAZ 18176.92767661  .00000712  00000-0  50888-3 0  9991
2 31643  98.3356 192.3551 0104296  55.8400  60.2480 13.97483374567314
1 31644U 99025CBA 18204.10222486 +.00000290 +00000-0 +73063-4 0  9997
2 31644 098.6082 318.5605 0212372 096.6221 028.3362 14.46102279318826
1 31646U 99025CBC 18177.31733986  .00000168  00000-0  11961-3 0  9995
2 31646  98.9724 208.1723 0035383  11.4047 348.7917 14.10031227573176
1 31647U 99025CBD 18203.48845125  .00001102  00000-0  57881-3 0  9993
2 31647  98.0652 102.5526 0180123  61.7862 300.1368 14.07828973572698
1 31648U 99025CBE 18205.20936061 +.00000044 +00000-0 +87439-4 0  9993
2 31648 102.8149 001.4697 0070820 035.3669 325.2146 13.94970080569076
1 31649U 99025CBF 18203.99034048 +.00000611 +00000-0 +65637-3 0  9997
2 31649 098.1920 268.4678 0283178 197.1917 161.9484 13.60631878555842
1 31650U 99025CBG 18204.39192307 +.00001968 +00000-0 +53194-3 0  9998
2 31650 095.2166 259.3751 0237266 342.0882 017.2050 14.32942607251215
1 31652U 99025CBJ 18205.06795440 +.00002502 +00000-0 +69694-3 0  9999
2 31652 095.9367 320.5273 0127065 216.4512 142.7984 14.42184925582215
1 31653U 99025CBK 18170.56598013 +.00001301 +00000-0 +42076-3 0  9994
2 31653 096.6658 282.2079 0108763 331.5115 028.0158 14.36891281577718
1 31654U 99025CBL 16335.87924782 -.07214280  00000-0  00000+0 0  9993
2 31654  97.5658 298.9789 0078558  65.0753 295.9170 15.48867629478437
1 31655U 99025CBM 18205.01062708 +.00000324 +00000-0 +41580-3 0  9995
2 31655 099.2928 278.6564 0338615 125.9999 358.0447 13.47617092232434
1 31656U 99025CBN 18205.46102399 +.00000702 +00000-0 +34071-3 0  9993
2 31656 099.2255 021.0427 0032495 250.8488 137.4142 14.21567828579589
1 31657U 99025CBP 18205.54828838 -.00000066 +00000-0 +16384-5 0  9999
2 31657 102.2379 338.1810 0176032 016.5726 344.1071 13.80816429254933
1 31658U 99025CBQ 18204.89914510 +.00001206 +00000-0 +92161-3 0  9991
2 31658 098.1626 001.4444 0264636 223.2327 134.7787 13.79863915324505
1 31659U 99025CBR 18205.21521825 +.00000627 +00000-0 +11052-3 0  9998
2 31659 099.0594 202.1329 0179716 245.0509 113.1925 14.62034501589647
1 31660U 99025CBS 18204.94191195 +.00000139 +00000-0 +79814-4 0  9991
2 31660 098.6931 244.4746 0114492 095.5004 265.9244 14.20174501283346
1 31661U 99025CBT 18205.58782597 +.00000328 +00000-0 +20004-3 0  9991
2 31661 099.0436 237.4048 0068262 327.4157 185.1567 14.11920478575389
1 31662U 99025CBU 10221.73015106 -.00000041 +00000-0 +15524-5 0  9990
2 31662 098.9687 199.0028 0048105 056.7627 302.2132 14.03367415171755
1 31663U 99025CBV 18205.19457052 +.00000131 +00000-0 +26668-4 0  9990
2 31663 098.9133 205.1703 0220818 333.5196 025.4855 14.65816072596732
1 31664U 99025CBW 18205.55472011 -.00000062 +00000-0 -10389-4 0  9991
2 31664 098.8567 239.3399 0129352 208.5787 150.8249 14.06931435580358
1 31665U 99025CBX 18202.78029337  .00000129  00000-0  14570-3 0  9990
2 31665  98.4795 132.4104 0202198 319.2378  94.2054 13.77323657561274
1 31666U 99025CBY 18205.39268328 +.00000675 +00000-0 +25558-3 0  9990
2 31666 098.6964 274.5294 0058933 311.9470 047.6699 14.33542973583516
1 31667U 99025CBZ 18205.15706570 +.00000056 +00000-0 +47024-4 0  9997
2 31667 098.9103 316.1875 0052593 240.7939 118.7971 14.20414455581013
1 31668U 99025CCA 18177.04176528 +.00002260 +00000-0 +56324-3 0  9999
2 31668 096.5449 267.9685 0098669 115.7825 245.3595 14.49371198581096
1 31670U 99025CCC 18205.29308002 +.00000596 +00000-0 +64576-3 0  9993
2 31670 098.4216 029.7047 0266304 254.0441 103.1217 13.62270560554796
1 31671U 99025CCD 11106.28784769 +.00000788 +00000-0 +53306-3 0  9996
2 31671 099.1906 122.5605 0101331 133.2425 228.3225 14.00829917204746
1 31672U 99025CCE 18202.03833191  .00000570  00000-0  23714-3 0  9997
2 31672  98.8357 293.6871 0156681 302.6726  55.9421 14.23992665583212
1 31673U 99025CCF 18205.36158997 +.00000040 +00000-0 +34035-4 0  9992
2 31673 099.3414 170.6142 0131368 228.9695 130.0069 14.27947473586709
1 31674U 99025CCG 18205.09683384 +.00000852 +00000-0 +43369-3 0  9996
2 31674 098.8708 156.4707 0037068 174.0392 186.1231 14.18135982261433
1 31675U 99025CCH 18204.98391769 +.00000992 +00000-0 +54604-3 0  9996
2 31675 098.4430 286.1000 0135781 162.4132 198.1809 14.09113691572727
1 31676U 99025CCJ 18200.00235767  .00000000  00000-0  39560-4 0  9996
2 31676  98.6008 272.4043 0417850 117.0767 247.3632 13.31394684542226
1 31677U 99025CCK 07169.86885332 +.00000222 +00000-0 +14573-3 0  9994
2 31677 099.0638 160.9698 0027495 163.5132 196.6940 14.11920022006012
1 31678U 99025CCL 18205.20388325 +.00000513 +00000-0 +12421-3 0  9999
2 31678 098.9801 199.8504 0348298 022.9879 338.6468 14.26865990581911
1 31679U 99025CCM 18204.75571627 +.00001107 +00000-0 +33349-3 0  9990
2 31679 098.9758 028.8184 0073950 234.2786 125.1508 14.43198783199707
1 31680U 99025CCN 18205.24811115 +.00000346 +00000-0 +50985-4 0  9996
2 31680 099.8664 002.9031 0178950 330.9659 028.1681 14.74531911601595
1 31682U 99025CCQ 18205.37047769 +.00002639 +00000-0 +60337-3 0  9996
2 31682 098.7259 261.6032 0037719 147.3977 212.9559 14.56174549584294
1 31683U 99025CCR 18205.21766352 +.00000910 +00000-0 +28400-3 0  9991
2 31683 098.7593 217.1269 0074182 152.5845 207.9288 14.41763717268333
1 31684U 99025CCS 18199.38191720  .00000490  00000-0  30211-3 0  9999
2 31684  99.0324 262.6041 0059317  34.1640 326.3324 14.09379091572207
1 31685U 99025CCT 18205.54877139 -.00000029 +00000-0 +94859-5 0  9990
2 31685 099.0414 229.4951 0015644 261.4125 253.4749 14.08851952570903
1 31686U 99025CCU 18205.00456196 +.00000543 +00000-0 +73297-4 0  9990
2 31686 098.4675 273.5862 0393175 074.4680 044.5047 14.41521727587384
1 31687U 99025CCV 17278.30914198  .00000903  00000-0  43183-3 0  9994
2 31687  98.9352 308.3899 0006006 190.3166 169.7888 14.21681365540295
1 31688U 99025CCW 18205.23556812 +.00000196 +00000-0 +15722-3 0  9995
2 31688 099.2886 215.7251 0072390 030.4355 330.0982 14.01308106574762
1 31690U 99025CCY 18204.07509084 +.00001788 +00000-0 +53585-3 0  9995
2 31690 098.8217 307.4045 0029167 057.3393 303.0604 14.43848453586395
1 31691U 99025CCZ 18202.91050538 +.00000540 +00000-0 +33142-3 0  9994
2 31691 099.0331 251.8079 0073442 320.0064 039.5709 14.08708844259625
1 31692U 99025CDA 18205.09039694 +.00000147 +00000-0 +13660-3 0  9993
2 31692 099.1599 156.8508 0117747 315.6027 043.5740 13.94305346575838
1 31695U 99025CDD 18205.39693512 +.00000619 +00000-0 +13301-3 0  9990
2 31695 098.5559 259.3647 0267051 189.3819 170.2327 14.42548101268775
1 31696U 99025CDE 18201.40062293  .00000157  00000-0  15291-3 0  9992
2 31696  97.8030 253.5079 0153586 315.9833  42.9181 13.85475744571247
1 31709U 99025CDG 18205.40998044 +.00001275 +00000-0 +71220-3 0  9999
2 31709 098.0343 065.6451 0189196 128.9676 232.8521 14.03574363256315
1 31710U 99025CDH 18205.23208706 +.00003940 +00000-0 +22709-3 0  9990
2 31710 098.9947 002.7530 0097416 109.3192 251.8597 15.09194363602780
1 31711U 99025CDJ 18204.92233887 +.00003632 +00000-0 +31915-3 0  9991
2 31711 099.0379 249.5614 0059724 237.8057 246.5357 14.96024484594666
1 31714U 99025CDM 18205.23550762 +.00001373 +00000-0 +63466-3 0  9999
2 31714 099.0408 301.2469 0057538 254.0222 134.0364 14.21779111574212
1 31715U 99025CDN 18205.59981012 +.00000398 +00000-0 +12158-3 0  9993
2 31715 099.2454 145.9649 0243489 062.9837 299.5977 14.32288636229661
1 31716U 99025CDP 18198.96778159  .00000179  00000-0  15272-3 0  9999
2 31716  98.5406 258.4905 0148600  62.8726  60.9082 13.93007600564532
1 31717U 99025CDQ 18204.31458028 +.00000418 +00000-0 +28822-3 0  9998
2 31717 096.9177 243.3419 0206015 329.5491 029.3840 13.93051011569069
1 31718U 99025CDR 18065.03339915  .00008746  00000-0  64948-3 0  9997
2 31718  96.6491 354.1703 0050549  76.5762 284.1093 15.02179894572407
1 31719U 99025CDS 18204.46436724 +.00001122 +00000-0 +93730-3 0  9998
2 31719 097.5556 082.3900 0213124 092.4687 270.0886 13.79830373214115
1 31720U 99025CDT 18205.21799882 +.00000336 +00000-0 +86051-4 0  9996
2 31720 099.1091 197.3547 0135716 014.3713 346.1281 14.52542929589350
1 31721U 99025CDU 18201.01356660  .00000002  00000-0  37673-4 0  9990
2 31721  99.5117 131.6996 0328174 329.9531  85.9923 13.70148410556405
1 31722U 99025CDV 18205.59199167 +.00001596 +00000-0 +49063-3 0  9999
2 31722 101.9614 348.9764 0021787 198.8013 223.6778 14.43709090580178
1 31723U 99025CDW 18205.46595134 +.00001187 +00000-0 +84145-3 0  9996
2 31723 097.8338 295.1468 0140013 280.0955 078.4440 13.94712093564954
1 31724U 99025CDX 18205.50342593 +.00000985 +00000-0 +42002-3 0  9992
2 31724 097.9011 089.3111 0215432 328.8960 029.9607 14.15369123577245
1 31725U 99025CDY 18155.12964060 -.00000447  00000-0 -70558-3 0  9996
2 31725  99.1966 123.4026 0715440 338.6962  18.5678 12.72346180514690
1 31726U 99025CDZ 18205.31222490 +.00000088 +00000-0 +64193-4 0  9996
2 31726 099.0187 249.1522 0257324 007.7307 053.7624 14.03171209574671
1 31727U 99025CEA 18205.38574397 +.00000517 +00000-0 +28449-3 0  9990
2 31727 098.9442 264.4992 0048829 168.1972 250.7997 14.15431702333511
1 31729U 99025CEC 18205.44865749 +.00001094 +00000-0 +70036-3 0  9993
2 31729 099.2516 294.4550 0086349 218.6879 140.8081 14.03825064256576
1 31731U 99025CEE 18204.79759142 +.00000555 +00000-0 +28831-3 0  9999
2 31731 099.3243 057.7819 0012588 236.5053 123.4919 14.19130662574763
1 31732U 99025CEF 18204.97559049 +.00000071 +00000-0 +65610-4 0  9994
2 31732 098.8728 280.3664 0040771 332.7559 027.1473 14.09465347262919
1 31733U 99025CEG 18205.51994385 +.00001205 +00000-0 +15506-3 0  9990
2 31733 099.0771 314.7847 0121324 102.8800 258.5993 14.78436483593475
1 31734U 99025CEH 18204.28130107 +.00000112 +00000-0 +63400-4 0  9991
2 31734 098.6051 238.9145 0110198 344.7544 015.0323 14.24339270579899
1 31735U 99025CEJ 18205.44895936 +.00000306 +00000-0 +12917-3 0  9990
2 31735 098.6411 287.6128 0070082 348.6345 011.3252 14.31190937579894
1 31736U 99025CEK 18205.27404569 +.00000019 +00000-0 +33898-4 0  9993
2 31736 098.8533 233.5586 0012136 008.3980 351.7393 14.12754856259528
1 31737U 99025CEL 18205.42953969 +.00000304 +00000-0 +67395-4 0  9990
2 31737 098.2470 276.4473 0186452 148.2292 269.9945 14.53992332588916
1 31738U 99025CEM 18205.35965019 +.00000102 +00000-0 +10380-3 0  9999
2 31738 099.5897 237.7982 0334381 351.0738 008.4558 13.74911378560238
1 31739U 99025CEN 18205.21516908 +.00000009 +00000-0 +25230-4 0  9991
2 31739 099.0358 207.1092 0128493 224.0957 134.9916 14.18054487572320
1 31740U 99025CEP 18205.39380197 +.00000372 +00000-0 +17735-3 0  9994
2 31740 099.8263 357.7709 0032141 139.9490 248.9028 14.26092818578462
1 31741U 99025CEQ 18205.21101539 +.00000378 +00000-0 +16536-3 0  9991
2 31741 099.1434 353.2841 0204045 221.5530 136.9982 14.19511256576367
1 31742U 99025CER 18205.56708292 +.00000240 +00000-0 +10582-3 0  9992
2 31742 098.7807 315.5427 0086311 306.1853 053.1368 14.30336645580071
1 31743U 99025CES 18205.21017539 +.00000345 +00000-0 +19875-3 0  9992
2 31743 099.2027 350.0861 0041480 329.1478 153.5125 14.15686815573511
1 31744U 99025CET 18205.26761928 +.00000837 +00000-0 +37522-3 0  9991
2 31744 099.4457 232.4499 0408862 184.1255 175.6495 13.88858519570641
1 31745U 99025CEU 18204.03359005 +.00000543 +00000-0 +20789-3 0  9996
2 31745 096.7613 138.4891 0477527 013.3472 347.9822 13.84758660564592
1 31746U 99025CEV 18205.13194892 +.00000640 +00000-0 +25304-3 0  9996
2 31746 098.6917 269.9486 0044343 350.0823 040.0103 14.31873297582071
1 31750U 99025CEZ 18204.14681469 +.00000605 +00000-0 +16601-3 0  9993
2 31750 098.7618 341.5634 0110183 079.6300 281.7289 14.47360482586715
1 31751U 99025CFA 18205.52187516 +.00001407 +00000-0 +46910-3 0  9998
2 31751 098.8674 301.4015 0063136 164.2899 196.0266 14.38060914583128
1 31752U 99025CFB 18197.22325890 -.00000110  00000-0 -36287-4 0  9994
2 31752  98.9258 345.0988 0404733  62.4336 301.7323 13.79290639561834
1 31753U 99025CFC 18205.53652663 +.00000081 +00000-0 +56951-4 0  9995
2 31753 098.9576 230.7738 0164552 327.0006 187.6243 14.15701438578191
1 31754U 99025CFD 18204.29024914 +.00000353 +00000-0 +15592-3 0  9997
2 31754 099.1077 020.5000 0062015 151.3074 209.1541 14.28812262583528
1 31755U 99025CFE 18205.33010625 +.00000056 +00000-0 +51152-4 0  9991
2 31755 098.8836 237.8057 0196787 045.6194 011.5627 14.05078737257541
1 31756U 99025CFF 18204.50663744 +.00000753 +00000-0 +35294-3 0  9998
2 31756 099.3494 106.7979 0063175 327.8125 031.9201 14.22434586579524
1 31757U 99025CFG 18205.25579196 -.00000228 +00000-0 -92766-4 0  9996
2 31757 099.0680 233.3751 0227204 072.6672 289.9210 14.04177930579455
1 31758U 99025CFH 18205.46932571 +.00000614 +00000-0 +17295-3 0  9990
2 31758 098.1448 069.7149 0479229 320.1452 036.5417 13.98283748564853
1 31759U 99025CFJ 18204.95450260 +.00001893 +00000-0 +50180-3 0  9994
2 31759 098.5830 201.9263 0004444 105.6185 284.3462 14.49900730583917
1 31760U 99025CFK 18205.53158424 +.00000184 +00000-0 +10129-3 0  9999
2 31760 099.2516 108.2727 0058288 340.7552 019.1423 14.23262895579042
1 31761U 99025CFL 18204.23782078 +.00000546 +00000-0 +17131-3 0  9996
2 31761 098.6411 217.4734 0578816 066.9738 299.1373 13.76463732207859
1 31763U 99025CFN 18204.54245550 +.00000252 +00000-0 +18453-3 0  9993
2 31763 098.5214 317.0142 0576517 164.1055 262.0663 13.42829543547273
1 31764U 99025CFP 12296.47618688 +.00001733 +00000-0 +12488-2 0  9993
2 31764 098.1533 024.1924 0256818 055.6463 309.3154 13.83258966274811
1 31765U 99025CFQ 18205.43295925 +.00002254 +00000-0 +13024-2 0  9997
2 31765 098.9781 019.2660 0276038 153.3893 239.5057 13.92542372560468
1 31766U 99025CFR 18204.34097134 -.00000100 +00000-0 -34210-4 0  9991
2 31766 098.9536 232.6964 0073882 278.6184 080.6617 14.04050494577098
1 31767U 99025CFS 18205.55133271 -.00000162 +00000-0 -74007-4 0  9995
2 31767 099.1394 228.4232 0042055 019.2965 134.3706 14.03602699569635
1 31768U 99025CFT 18205.56304696 +.00000690 +00000-0 +24717-3 0  9994
2 31768 099.0920 060.7845 0056249 087.0275 303.4630 14.36509408580238
1 31769U 99025CFU 18205.52893293 +.00000926 +00000-0 +54786-3 0  9998
2 31769 098.5087 308.2113 0104207 290.4175 068.5828 14.07356972259811
1 31770U 99025CFV 18205.48423876 +.00004153 +00000-0 +84284-3 0  9993
2 31770 097.7032 085.7456 0140525 331.8875 150.4776 14.55585428211488
1 31771U 99025CFW 18205.16162428 +.00001281 +00000-0 +45304-3 0  9991
2 31771 102.8036 327.9625 0028354 121.2419 239.1535 14.37559997263746
1 31772U 99025CFX 18200.19636805  .00000449  00000-0  29473-3 0  9999
2 31772  98.4760 276.4172 0153046 202.5558 156.8833 14.01045520568387
1 31773U 99025CFY 18204.24350276 +.00000638 +00000-0 +22590-3 0  9998
2 31773 099.0031 017.2238 0071045 296.4901 062.9010 14.36839367262060
1 31774U 99025CFZ 18197.34613018  .00000410  00000-0  25955-3 0  9993
2 31774  98.9501 237.5471 0070531 311.7892  47.7264 14.08452005570991
1 31775U 99025CGA 11226.67471454 -.00000167 +00000-0 -82847-4 0  9997
2 31775 099.0335 196.6010 0053942 207.4914 152.3213 13.99704455215661
1 31776U 99025CGB 18205.16206399 +.00000451 +00000-0 +29188-3 0  9992
2 31776 099.1148 182.1160 0063725 329.6082 086.3066 14.07077731568409
1 31777U 99025CGC 15055.29453299 +.00003519 +00000-0 +72569-3 0  9999
2 31777 099.0151 219.8281 0050484 353.8557 010.9187 14.60387688404779
1 31778U 99025CGD 09048.84830456 -.00000053 +00000-0 -45392-5 0  9998
2 31778 099.2891 060.5851 0046215 216.8807 142.7455 14.00453805088320
1 31779U 99025CGE 18205.24771950 +.00000097 +00000-0 +40424-4 0  9997
2 31779 099.3747 220.0554 0232927 110.3888 252.2479 14.35101484583435
1 31780U 99025CGF 18205.24989785 +.00000125 +00000-0 +34421-4 0  9998
2 31780 099.2907 354.3382 0176973 303.1831 055.2499 14.58323028592384
1 31781U 99025CGG 18205.47172427 +.00000161 +00000-0 +14062-3 0  9999
2 31781 099.4676 280.9304 0268646 329.9000 028.6945 13.84580975565969
1 31782U 99025CGH 18205.22124458 +.00000092 +00000-0 +50927-4 0  9998
2 31782 098.6910 302.2193 0086849 348.8840 040.4799 14.30086426581771
1 31783U 99025CGJ 18205.41326771 +.00000262 +00000-0 +17933-3 0  9990
2 31783 098.9049 270.5386 0109950 082.5680 339.0431 14.05036214571458
1 31784U 99025CGK 18205.46013480 +.00001239 +00000-0 +44833-3 0  9990
2 31784 099.0273 299.9458 0028201 017.3156 342.8983 14.35183541577402
1 31785U 99025CGL 18205.38648483 +.00014842 +00000-0 +79738-3 0  9995
2 31785 096.5329 073.9445 0023553 136.5404 223.7693 15.14732732308102
1 31786U 99025CGM 18183.35591052  .00001333  00000-0  92030-3 0  9998
2 31786  97.6981 231.1923 0112549 240.6058 118.3835 13.97533233563197
1 31787U 99025CGN 18204.97998107 +.00001150 +00000-0 +29660-3 0  9999
2 31787 098.5999 279.7686 0113226 090.2833 271.1334 14.48233035264626
1 31788U 99025CGP 18205.47333431 +.00000343 +00000-0 +42532-3 0  9995
2 31788 102.5642 052.5661 0501059 158.4760 321.0276 13.30735757547306
1 31794U 07029C   18205.56462073 +.00000011 +00000-0 +49977-4 0  9993
2 31794 071.0412 160.1139 0204638 085.9616 026.4335 13.71029712553896
1 31795U 07029D   18205.36923806 -.00000062 +00000-0 -19292-4 0  9993
2 31795 070.9461 163.8807 0223666 176.4350 348.5329 13.67871136552658
1 31796U 07029E   18205.41085799 +.00000006 +00000-0 +46756-4 0  9991
2 31796 071.0408 198.3965 0214520 134.4232 014.6969 13.68179811552789
1 31799U 07029F   18205.44744807 -.00000011 +00000-0 +33242-4 0  9992
2 31799 070.9403 188.4361 0228836 221.9545 305.1725 13.65748384551454
1 31802U 99025CGQ 18205.25854006 +.00000847 +00000-0 +88172-4 0  9994
2 31802 098.3206 228.9070 0180028 003.8977 356.3588 14.81744372273219
1 31804U 99025CGS 18204.76976849 +.00000514 +00000-0 +34334-3 0  9992
2 31804 098.2964 206.4309 0156432 224.1915 134.6669 13.99174819258232
1 31805U 99025CGT 18205.45363367 +.00000344 +00000-0 +13004-3 0  9997
2 31805 098.4009 075.4212 0557422 002.8806 357.5341 13.74788519250984
1 31806U 99025CGU 18183.87817829  .00000616  00000-0  51184-3 0  9999
2 31806  97.6912  50.5955 0367684  65.0858 298.8032 13.63976203554094
1 31807U 99025CGV 18205.54439363 +.00000166 +00000-0 +64009-4 0  9993
2 31807 099.0448 121.4985 0125025 219.8243 139.3718 14.39765486263993
1 31808U 99025CGW 18204.91892122 +.00001264 +00000-0 +76675-3 0  9991
2 31808 099.2260 254.7809 0089757 192.4985 167.3956 14.06274550568548
1 31809U 99025CGX 18201.21259575  .00001723  00000-0  38567-3 0  9999
2 31809  98.8359 358.3519 0028420 179.2341 180.8905 14.57847917585712
1 31810U 99025CGY 18205.35045008 +.00000247 +00000-0 +77644-4 0  9994
2 31810 098.5513 246.8873 0246677 293.7781 063.7714 14.33888938583350
1 31812U 99025CHA 18181.44744223 -.00000093  00000-0 -32528-4 0  9997
2 31812  99.0127 256.4384 0069096 214.8113 144.8521 14.00339434565582
1 31813U 99025CHB 18205.52662595 +.00000134 +00000-0 +52834-4 0  9991
2 31813 099.4231 312.4926 0154054 309.2226 049.5368 14.41060467583325
1 31814U 99025CHC 18204.27181420 +.00000111 +00000-0 +16571-3 0  9998
2 31814 099.8307 212.9160 0232674 250.9901 106.5903 13.64065822249754
1 31815U 99025CHD 18204.93578242 +.00000080 +00000-0 +68535-4 0  9997
2 31815 098.7942 233.2202 0060269 103.1717 257.6188 14.09776186575098
1 31816U 99025CHE 18205.51115800 +.00000375 +00000-0 +33108-3 0  9994
2 31816 098.8221 045.0660 0129673 306.4176 081.5674 13.87419019562251
1 31817U 99025CHF 18205.27740355 +.00000480 +00000-0 +15739-3 0  9994
2 31817 098.9660 030.7342 0089888 230.8352 128.4825 14.41056604323912
1 31819U 99025CHH 18204.89263885 +.00000116 +00000-0 +64606-4 0  9995
2 31819 098.5816 240.2973 0091964 318.7275 040.6978 14.25782355582034
1 31820U 99025CHJ 18204.53331202 +.00000595 +00000-0 +10278-3 0  9993
2 31820 098.9177 114.3461 0262199 356.8870 003.0681 14.52890492588354
1 31821U 99025CHK 18205.17777092 +.00000376 +00000-0 +19954-3 0  9993
2 31821 098.1908 350.0390 0418097 052.3370 311.4952 13.81242628560442
1 31823U 99025CHM 18205.18742221 +.00000915 +00000-0 +31921-3 0  9999
2 31823 099.5187 293.1328 0061537 174.1136 186.0784 14.37029479577796
1 31825U 99025CHP 18205.33075295 +.00000173 +00000-0 +94626-4 0  9996
2 31825 098.7629 240.3434 0178173 178.0583 241.2642 14.15825490573961
1 31826U 99025CHQ 18204.91401683 +.00000108 +00000-0 +72532-4 0  9994
2 31826 098.7349 240.6602 0131365 014.5894 107.1485 14.14729145576183
1 31827U 99025CHR 18204.21942079 +.00000606 +00000-0 +48645-3 0  9997
2 31827 097.6490 208.1343 0129462 265.4004 093.2362 13.89852471239708
1 31828U 99025CHS 18205.37285032 +.00001780 +00000-0 +54480-3 0  9993
2 31828 099.2948 053.1211 0181440 344.5178 015.0498 14.34201054196757
1 31829U 99025CHT 18205.50481689 +.00000036 +00000-0 +62110-4 0  9998
2 31829 099.0533 102.6925 0172014 282.2267 202.2414 13.86223973567448
1 31830U 99025CHU 18205.48868052 +.00000601 +00000-0 +59597-3 0  9992
2 31830 099.0358 027.8939 0201566 262.6880 121.8618 13.73622452556188
1 31831U 99025CHV 18201.52209363 +.00000975 +00000-0 +68754-3 0  9997
2 31831 097.8904 316.3828 0138481 299.6595 059.0840 13.95473499257156
1 31832U 99025CHW 18199.40111411 +.00000404 +00000-0 +31636-3 0  9993
2 31832 097.8165 265.1295 0152907 347.4609 012.2768 13.91276063563954
1 31833U 99025CHX 18205.26428041 +.00000264 +00000-0 +34703-3 0  9998
2 31833 098.2064 214.4753 0334658 104.3169 259.5366 13.46554447547755
1 31834U 99025CHY 18205.30235926 -.00000369 +00000-0 -19866-3 0  9993
2 31834 098.3470 249.5551 0174063 127.4310 234.2839 13.99910750259294
1 31835U 99025CHZ 13135.67582413 +.00005094 +00000-0 +33563-2 0  9994
2 31835 098.3320 296.5729 0181051 214.5570 206.7154 13.94489834304811
1 31836U 99025CJA 18202.03358924 +.00000560 +00000-0 +41652-3 0  9995
2 31836 098.6560 295.2287 0137810 094.7692 266.9223 13.94307375236383
1 31837U 99025CJB 18205.33472736 +.00000409 +00000-0 +93054-4 0  9996
2 31837 098.4136 251.1045 0145820 157.6224 203.1423 14.55120220589560
1 31838U 99025CJC 18205.31415691 +.00000226 +00000-0 +14059-3 0  9996
2 31838 098.9871 234.0657 0041516 226.8382 195.6776 14.14444991577867
1 31839U 99025CJD 18165.42261516  .00001031  00000-0  41996-3 0  9994
2 31839  98.3045  35.3564 0392215 327.7425  30.0284 13.95010665555034
1 31840U 99025CJE 18180.30184847  .00000102  00000-0  10881-3 0  9998
2 31840  99.1102 211.4920 0093737 312.9308  46.4015 13.92974766572305
1 31841U 99025CJF 18205.25535050 +.00000518 +00000-0 +28587-3 0  9990
2 31841 098.4353 200.7486 0353092 237.2199 189.9520 13.88131862564610
1 31842U 99025CJG 18205.36775993 +.00003620 +00000-0 +13942-3 0  9991
2 31842 098.1665 270.2387 0189304 095.7355 266.5490 15.12017226597317
1 31843U 99025CJH 18205.38341858 +.00000374 +00000-0 +30039-3 0  9992
2 31843 099.2368 053.8809 0722543 003.5436 357.0427 13.12748786543068
1 31844U 99025CJJ 18205.21782571 +.00000220 +00000-0 +14366-3 0  9991
2 31844 100.2669 115.0597 0116243 093.0001 268.4474 14.11088305572105
1 31847U 99025CJM 18203.91163074 +.00000390 +00000-0 +28011-3 0  9990
2 31847 099.2191 236.4670 0100191 168.4456 191.9041 14.00598964573534
1 31848U 99025CJN 18205.13661889 +.00000820 +00000-0 +12544-3 0  9996
2 31848 096.7151 174.1347 0141243 072.8243 288.8374 14.69159427592489
1 31849U 99025CJP 18203.50010127  .00011776  00000-0  63259-3 0  9990
2 31849  97.8461  89.5365 0070169 140.3409 220.2983 15.12928552594927
1 31850U 99025CJQ 18205.56438443 +.00000522 +00000-0 +96303-4 0  9999
2 31850 098.4443 127.5068 0297147 171.6058 189.0267 14.45210791264366
1 31851U 99025CJR 18198.32266746  .00000558  00000-0  56708-3 0  9993
2 31851  98.7925 222.9183 0220858 292.9420  64.8560 13.70711382554860
1 31852U 99025CJS 18205.33431627 +.00003088 +00000-0 +55737-3 0  9998
2 31852 098.7816 039.1918 0456611 147.1600 215.8851 14.16657952563306
1 31853U 99025CJT 12296.77196088 +.00000808 +00000-0 +56122-3 0  9996
2 31853 099.0148 272.9740 0042449 141.6565 225.0087 14.01298154287315
1 31854U 99025CJU 18204.30825135 +.00000512 +00000-0 +36673-3 0  9994
2 31854 099.0041 239.1375 0085293 082.0595 279.0239 13.99855088574343
1 31855U 99025CJV 18204.85160785 +.00005375 +00000-0 +34023-3 0  9997
2 31855 096.6638 169.0340 0216575 053.3274 308.7639 14.91876631597075
1 31856U 99025CJW 18203.05743549 +.00003036 +00000-0 +32662-3 0  9993
2 31856 098.9010 158.6463 0039810 241.3928 118.3278 14.88865810591100
1 31857U 99025CJX 18205.52173197 +.00000665 +00000-0 +72099-3 0  9997
2 31857 096.1990 113.1716 0330906 157.2714 204.3476 13.53291934549989
1 31858U 99025CJY 17230.91756474  .00000093  00000-0  11308-3 0  9994
2 31858  97.6319 119.2854 0366565 251.2096 104.8956 13.57280047505154
1 31861U 99025CKB 18204.86926017 +.00001033 +00000-0 +13104-2 0  9996
2 31861 102.3404 226.2239 0532148 219.6247 270.0881 13.19352150541247
1 31868U 99057PT  11262.73508588 -.00065057 +00000-0 -22587-1 0  9992
2 31868 098.2350 238.9791 0014568 299.6621 044.4427 14.35966287227943
1 31870U 99057PV  18204.30004030 +.00005123 +00000-0 +45135-3 0  9996
2 31870 098.2280 241.3213 0006165 129.4970 230.6796 14.96926933592131
1 31871U 99057PW  18205.35092671 +.00004140 +00000-0 +39746-3 0  9990
2 31871 098.2365 241.3274 0008262 099.7229 260.4923 14.93646735594400
1 31872U 99057PX  18205.24553976 +.00002794 +00000-0 +38884-3 0  9994
2 31872 098.2860 212.8078 0004832 179.5087 180.6128 14.78651453592127
1 31873U 99057PY  18205.17156458 +.00001158 +00000-0 +26680-3 0  9995
2 31873 098.3919 179.7900 0005399 010.8233 047.5884 14.57228508199691
1 31874U 99057PZ  12003.72173391 +.00008468 +00000-0 +25715-2 0  9990
2 31874 098.2060 347.1572 0011746 066.1886 295.0777 14.42335266241339
1 31876U 99057QB  18205.16272409 +.00001488 +00000-0 +31181-3 0  9990
2 31876 098.3581 172.8440 0012814 004.3028 355.8281 14.61167367595182
1 31877U 99025CKC 18205.44840627 +.00000359 +00000-0 +57250-4 0  9992
2 31877 099.0185 280.5942 0183906 071.5629 290.5468 14.68692959592376
1 31878U 99025CKD 18205.42605977 +.00000212 +00000-0 +54286-4 0  9992
2 31878 099.4821 056.3900 0141213 108.4457 253.2147 14.56842558587615
1 31879U 99025CKE 18205.36024106 +.00000108 +00000-0 +45099-4 0  9991
2 31879 099.7400 053.4394 0226976 239.2329 118.6329 14.36259150244308
1 31880U 99025CKF 18205.02391390 +.00000167 +00000-0 +17857-3 0  9993
2 31880 099.9634 147.3099 0137097 006.9807 353.3215 13.84969856255858
1 31881U 99025CKG 18205.36025203 +.00003778 +00000-0 +32492-3 0  9991
2 31881 099.0409 246.1145 0056516 251.0670 108.4417 14.96962562203674
1 31882U 99025CKH 18205.55169243 +.00000254 +00000-0 +17584-3 0  9997
2 31882 098.8850 125.0407 0037817 255.1057 104.5923 14.07385673206402
1 31883U 99025CKJ 18205.18191031 +.00000202 +00000-0 +54432-4 0  9994
2 31883 099.1014 207.5048 0153305 323.7159 035.3714 14.53736607586781
1 31886U 99025CKM 18204.82051496 +.00000587 +00000-0 +31257-3 0  9992
2 31886 099.1829 330.0468 0058025 029.6177 330.8261 14.16593308193165
1 31887U 99025CKN 18205.17235906 +.00000620 +00000-0 +24116-3 0  9996
2 31887 099.5357 277.4563 0034383 235.8735 152.7638 14.33649886578593
1 31888U 99025CKP 18205.24077814 +.00000676 +00000-0 +36908-3 0  9990
2 31888 099.1912 345.3602 0026394 310.1555 168.6782 14.15505121575390
1 31890U 99025CKR 18204.89347564 -.00000068 +00000-0 -12624-4 0  9992
2 31890 098.9671 231.8901 0072359 296.5566 062.8199 14.09072648573193
1 31891U 99025CKS 18205.00605685 +.00000225 +00000-0 +28757-3 0  9994
2 31891 099.6641 234.1506 0227737 257.6336 099.9232 13.63749048556173
1 31892U 99025CKT 18205.05886347 +.00000126 +00000-0 +52772-4 0  9991
2 31892 099.2317 146.9005 0226922 188.1648 171.5815 14.30960397262437
1 31893U 99025CKU 18205.31890369 +.00000115 +00000-0 +32507-4 0  9992
2 31893 099.0948 243.7016 0195353 230.4371 189.6179 14.55986596590872
1 31895U 99025CKW 18199.56218663 -.00000001  00000-0  37740-4 0  9993
2 31895  99.1406 331.1668 0247004  92.1163 270.8285 13.65396423553146
1 31897U 99025CKY 15287.29917184 +.00000532 +00000-0 +26114-3 0  9994
2 31897 098.8324 314.7133 0088884 110.1889 244.1416 14.19824757433011
1 31898U 99025CKZ 18205.50774580 +.00000236 +00000-0 +64677-4 0  9991
2 31898 098.5735 309.7641 0205988 120.0017 242.1790 14.44479565266010
1 31899U 99025CLA 18205.26730053 +.00000148 +00000-0 +19188-3 0  9990
2 31899 102.0943 229.0460 0216466 069.4535 292.9686 13.73710063304269
1 31901U 99025CLC 18205.06434494 -.00000167 +00000-0 -91434-4 0  9990
2 31901 098.6708 316.8930 0134728 092.1902 269.4694 13.92873220258295
1 31902U 99025CLD 18205.61362899 +.00000038 +00000-0 +31813-4 0  9991
2 31902 098.6033 251.9258 0188845 068.4876 081.2604 14.19987282264768
1 31903U 99025CLE 18205.35667808 +.00000264 +00000-0 +76520-4 0  9996
2 31903 099.2637 253.2575 0160899 147.7929 213.3212 14.46652714585850
1 31904U 99025CLF 18201.28684043 +.00000978 +00000-0 +71386-3 0  9991
2 31904 098.9000 016.4533 0183457 358.7139 001.3526 13.90682583205471
1 31905U 99025CLG 18205.34697686 +.00000229 +00000-0 +97574-4 0  9997
2 31905 099.2042 034.6215 0219752 296.2618 061.6126 14.23561306581677
1 31906U 99025CLH 18204.48620775 +.00000541 +00000-0 +34188-3 0  9995
2 31906 098.5925 040.7426 0062468 251.8237 169.1108 14.07218405570411
1 31910U 99025CLM 18205.49872427 +.00000351 +00000-0 +98742-4 0  9991
2 31910 097.7544 112.5338 0283016 069.0892 294.0340 14.30016218579031
1 31911U 99025CLN 18204.43051939 +.00000523 +00000-0 +61798-3 0  9993
2 31911 098.7543 279.2255 0544935 306.4639 048.7424 13.21908074537252
1 31912U 99025CLP 18204.48898316 +.00000048 +00000-0 +93090-4 0  9990
2 31912 098.8494 307.4303 0550802 346.7994 011.9194 13.20709070535267
1 31913U 99025CLQ 18205.02888109 +.00000195 +00000-0 +22238-3 0  9999
2 31913 099.3592 145.1051 0239594 209.4282 149.3195 13.69997233187710
1 31914U 99025CLR 18205.14772184 +.00000004 +00000-0 +14111-4 0  9999
2 31914 099.0475 187.2508 0192478 272.9972 084.9211 14.51275091293008
1 31915U 99025CLS 18205.36475368 +.00000181 +00000-0 +12240-3 0  9994
2 31915 098.8862 253.4098 0110023 003.6206 356.5736 14.09156729571223
1 31916U 99025CLT 18204.48132202 +.00000483 +00000-0 +22314-3 0  9992
2 31916 099.3503 088.1122 0174514 188.6349 171.1812 14.18175917574038
1 31917U 99025CLU 18205.33287302 +.00000097 +00000-0 +44838-4 0  9997
2 31917 098.5141 249.1766 0211382 015.2398 043.0151 14.29489750578150
1 31919U 99025CLW 18205.61570876 +.00000031 +00000-0 +25100-4 0  9990
2 31919 099.0603 137.9455 0111210 238.0780 248.1857 14.39434662582237
1 31920U 99025CLX 18204.97983894 +.00000750 +00000-0 +77543-4 0  9994
2 31920 098.8288 215.6271 0174712 163.3845 197.3192 14.83294949599330
1 31921U 99025CLY 18205.23872774 +.00000525 +00000-0 +55556-3 0  9998
2 31921 099.4277 118.6375 0217233 082.0241 068.1942 13.69042080553299
1 31922U 99025CLZ 18205.27233286 -.00000553 +00000-0 -44697-3 0  9999
2 31922 098.9071 322.3385 0175337 086.3824 305.3493 13.79177374557627
1 31923U 99025CMA 18204.26001258 -.00000378 +00000-0 -40350-3 0  9997
2 31923 098.4342 309.6503 0316756 099.9854 263.7183 13.49384720271830
1 31924U 99025CMB 18204.12607626 +.00000461 +00000-0 +53994-3 0  9993
2 31924 098.4134 344.4509 0288124 345.2268 066.1551 13.56360686548065
1 31926U 99025CMD 18204.05242824 +.00000466 +00000-0 +28135-3 0  9996
2 31926 099.0851 230.3954 0048143 353.7651 034.2062 14.11068672570152
1 31929U 99025CME 18205.48670667 -.00000001 +00000-0 +16714-4 0  9994
2 31929 098.6877 296.8408 0081972 038.5241 322.1752 14.28281971320828
1 31930U 99025CMF 12019.70469688 +.00003716 +00000-0 +20486-2 0  9991
2 31930 098.2607 189.2774 0312987 057.1291 305.7249 13.89997780235059
1 31931U 99025CMG 18204.23128868 +.00000089 +00000-0 +12452-3 0  9999
2 31931 097.7991 006.7832 0434707 059.0897 305.2227 13.38993879545803
1 31934U 99025CMK 18205.50039840 +.00000601 +00000-0 +17534-3 0  9990
2 31934 098.9570 037.3311 0104313 152.0102 208.6752 14.45010543215703
1 31935U 99025CML 18205.27129313 +.00000869 +00000-0 +44892-3 0  9993
2 31935 099.7331 224.3246 0070111 174.3549 185.8428 14.16829435226864
1 31937U 99025CMN 18202.04633339 +.00000442 +00000-0 +85858-4 0  9990
2 31937 099.2543 293.3226 0231888 181.3583 178.7009 14.53679069266571
1 31938U 99025CMP 18203.11238710  .00000149  00000-0  25210-4 0  9994
2 31938  98.9128 264.8763 0210761 292.5717  65.3309 14.73556865593833
1 31942U 99025CMT 18205.51062112 +.00003279 +00000-0 +17882-2 0  9997
2 31942 098.9235 036.4588 0151403 300.9645 057.6721 14.07155202558858
1 31944U 99025CMV 18205.50893900 +.00000061 +00000-0 +58592-4 0  9996
2 31944 099.0454 299.4646 0163167 328.6535 087.2633 14.05291964249656
1 31945U 99025CMW 18204.81856390 +.00000566 +00000-0 +35216-3 0  9999
2 31945 099.1460 220.8758 0070749 320.8879 038.7187 14.08014274572020
1 31946U 99025CMX 18197.32742741  .00000501  00000-0  31742-3 0  9990
2 31946  99.0183 235.8774 0097192  90.3572 270.8733 14.06182677567982
1 31947U 99025CMY 18205.39058491 +.00001043 +00000-0 +36607-3 0  9997
2 31947 098.7688 274.4564 0071843 304.1010 055.3371 14.35735024354488
1 31948U 99025CMZ 18203.14415616 +.00000526 +00000-0 +30442-3 0  9991
2 31948 099.4155 069.9214 0032693 048.8995 110.2960 14.13365021567651
1 31949U 99025CNA 18205.38695288 -.00000035 +00000-0 +38312-5 0  9997
2 31949 098.7172 260.1446 0132169 029.7156 331.1442 14.13754613573577
1 31952U 99025CND 18205.56581408 +.00000128 +00000-0 +46399-4 0  9994
2 31952 098.9363 119.3301 0131390 076.6966 284.8838 14.45441875581777
1 31953U 99025CNE 18205.14979476 +.00001658 +00000-0 +76884-3 0  9995
2 31953 099.3599 342.1726 0172303 267.9782 090.1650 14.14722581237210
1 31954U 99025CNF 18204.93196361 +.00000283 +00000-0 +22001-3 0  9991
2 31954 098.1521 109.9862 0090490 246.3557 112.8090 13.97553898573889
1 31955U 99025CNG 18204.69493146 +.00000576 +00000-0 +21432-3 0  9998
2 31955 099.2942 166.3082 0065707 173.3075 313.2238 14.35073734576622
1 31956U 99025CNH 17200.63133255 +.00000748 +00000-0 +34458-3 0  9993
2 31956 099.4903 134.8095 0040929 319.6512 040.1630 14.24096275532780
1 31957U 99025CNJ 18204.00949534 +.00000586 +00000-0 +21870-3 0  9999
2 31957 099.5065 272.3326 0055288 223.8153 135.8636 14.35392385577552
1 31958U 99025CNK 18205.20581074 +.00006042 +00000-0 +49945-3 0  9990
2 31958 098.9462 200.9637 0035704 176.5047 183.6428 14.98909714560995
1 31959U 99025CNL 18203.95849732 +.00000893 +00000-0 +44303-3 0  9990
2 31959 098.6292 096.6103 0042901 121.2023 239.3369 14.19111515582073
1 31960U 99025CNM 18184.82847944  .00000386  00000-0  30479-3 0  9995
2 31960  99.7186  48.3817 0140846 244.6103 114.0419 13.93791868558626
1 31963U 99025CNQ 18202.79968606  .00001570  00000-0  78012-3 0  9995
2 31963 101.7060  60.9453 0396022 164.9301 196.4054 13.85264470557312
1 31964U 99025CNR 18205.01032365 +.00000633 +00000-0 +27488-3 0  9998
2 31964 098.7719 271.1702 0049706 071.5161 289.1412 14.27008780576409
1 31965U 99025CNS 18204.47303614 +.00000960 +00000-0 +48649-3 0  9991
2 31965 099.0216 295.4182 0041324 271.2897 088.3544 14.18094300250317
1 31966U 99025CNT 18202.59350317  .00000274  00000-0  83569-4 0  9994
2 31966  98.9771 124.7410 0122821 106.3950 255.0783 14.46193496582380
1 31968U 99025CNV 09304.89192010 +.00000899 +00000-0 +37129-3 0  9999
2 31968 098.9862 332.5378 0090005 210.5467 151.2795 14.27153047124248
1 31971U 99025CNY 18204.36589330 +.00001172 +00000-0 +48819-3 0  9992
2 31971 102.2747 030.9507 0014602 027.6081 093.6299 14.29489600573946
1 31972U 99025CNZ 18204.72213145 -.00000048 +00000-0 -13107-5 0  9998
2 31972 099.0984 156.0516 0077638 315.2914 163.3802 14.05852427570231
1 31973U 99025CPA 18205.00207402 -.00000108 +00000-0 -34513-4 0  9990
2 31973 098.3698 277.0602 0105992 157.5625 203.0235 14.13406050259475
1 31974U 99025CPB 18205.25439076 +.00000756 +00000-0 +42735-3 0  9993
2 31974 098.4822 317.5185 0088984 166.9305 224.6998 14.11000951570897
1 31976U 99025CPD 18205.06792452 +.00001142 +00000-0 +35951-3 0  9996
2 31976 100.0039 145.5315 0067541 354.4425 005.6002 14.41605584582247
1 31977U 99025CPE 18204.58283019 +.00000148 +00000-0 +14858-3 0  9995
2 31977 098.2125 343.8061 0300424 350.0029 009.5229 13.71469464553930
1 31978U 99025CPF 18205.33456042 +.00000315 +00000-0 +38481-3 0  9992
2 31978 098.3931 346.9364 0274959 303.9097 053.6173 13.57447636549329
1 31979U 99025CPG 18183.67667362  .00000409  00000-0  48420-3 0  9992
2 31979  99.3517 351.7663 0298418  32.8302 329.0993 13.55831609546579
1 31980U 99025CPH 18204.87711127 +.00000215 +00000-0 +30840-3 0  9991
2 31980 097.5859 232.4353 0435305 179.7430 180.4003 13.29543348537855
1 31981U 99025CPJ 18205.27389056 +.00000230 +00000-0 +34924-3 0  9993
2 31981 098.4190 215.5415 0397690 079.5422 285.0257 13.31558988208641
1 31982U 99025CPK 18205.29294945 +.00001711 +00000-0 +11694-3 0  9992
2 31982 097.5565 024.6343 0147964 038.5192 322.6479 14.98975062599550
1 31983U 99025CPL 18204.12306304 +.00000982 +00000-0 +54434-4 0  9996
2 31983 097.8237 320.1389 0333481 032.5275 329.6012 14.79457211590541
1 31984U 99025CPM 18204.86845812 +.00000090 +00000-0 +62294-4 0  9993
2 31984 098.7583 236.1811 0067092 104.3140 256.5497 14.19304455573713
1 31985U 99025CPN 18205.14416683 +.00000108 +00000-0 +62811-4 0  9991
2 31985 098.2022 276.6583 0159486 222.9950 135.8675 14.18685903573162
1 31986U 99025CPP 18205.27747867 +.00000029 +00000-0 +41017-4 0  9994
2 31986 099.7662 237.7249 0129824 032.1897 328.7114 14.11210694284928
1 31987U 99025CPQ 18205.31436405 +.00000338 +00000-0 +14463-3 0  9990
2 31987 099.0957 025.7128 0066517 115.7824 007.4904 14.30387396576980
1 31988U 99025CPR 18197.04484117  .00000950  00000-0  60775-3 0  9991
2 31988  98.1397 134.9358 0075559 146.4082 214.1911 14.04082463565790
1 31989U 99025CPS 18205.49026689 +.00000102 +00000-0 +11333-3 0  9992
2 31989 099.4632 203.8582 0121028 002.3654 148.6816 13.90127861561999
1 31990U 99025CPT 18205.24883372 +.00000105 +00000-0 +16857-3 0  9996
2 31990 099.2299 347.0041 0261872 220.7298 261.6089 13.56032220261880
1 31991U 99025CPU 18205.15864198 -.00000042 +00000-0 +99955-5 0  9995
2 31991 100.4488 172.2140 0245182 225.6156 132.4670 13.60531681550351
1 31992U 99025CPV 18202.90777628 +.00000247 +00000-0 +31263-3 0  9999
2 31992 099.1870 091.7991 0553439 069.7087 296.2616 13.19859222534244
1 31993U 99025CPW 18205.49135101 +.00001099 +00000-0 +16216-2 0  9997
2 31993 099.2348 084.2602 0455595 168.5417 192.6505 13.20637025532590
1 31994U 99025CPX 18205.20743890 +.00000088 +00000-0 +84731-4 0  9993
2 31994 098.6485 333.8588 0164617 066.1580 295.6740 13.94752744191715
1 31995U 99025CPY 18204.13323342 +.00000469 +00000-0 +39670-3 0  9995
2 31995 098.4104 160.6526 0144270 184.5919 175.3927 13.87292331559941
1 31996U 99025CPZ 18205.04299731 -.00000243 +00000-0 -24242-3 0  9992
2 31996 099.2813 283.0574 0327660 097.7452 266.1012 13.47536700544501
1 31997U 99025CQA 18205.26612134 +.00000531 +00000-0 +67421-3 0  9997
2 31997 102.5228 219.5685 0310895 186.3316 173.3835 13.51671759251521
1 31998U 99025CQB 18205.37198144 +.00020141 +00000-0 +10395-2 0  9996
2 31998 105.5007 169.2920 0033073 145.0374 215.3005 15.16026634273337
1 32005U 04021H   18205.14313320 +.00000386 +00000-0 +36910-3 0  9999
2 32005 071.0953 027.4853 0214045 289.0339 068.7687 13.76748267251287
1 32006U 04021J   18204.94181997 +.00000451 +00000-0 +41058-3 0  9992
2 32006 071.0997 305.0492 0187058 185.9262 173.9632 13.80799441699721
1 32033U 06006L   18205.17568391 -.00000109 +00000-0 -53585-4 0  9991
2 32033 051.6695 086.4493 5107569 275.7897 030.6769 05.25227186217499
1 32036U 06006P   18200.25422826 -.00000046 +00000-0 -12450-4 0  9996
2 32036 051.6877 072.8299 5118784 284.0429 026.1377 05.25598917218244
1 32037U 06006Q   18205.34295874 +.00001205 +00000-0 +47546-3 0  9992
2 32037 051.5917 172.6944 4959008 118.9598 299.3830 05.60996869228020
1 32040U 06006T   18205.27620628 +.00000219 +00000-0 +17444-3 0  9995
2 32040 051.6195 288.1500 5007434 035.0535 349.4763 05.50051821223769
1 32041U 06006U   18052.27072839 +.00001336 +00000-0 +31895-3 0  9998
2 32041 051.7855 349.7431 4506221 235.2563 292.4674 06.41498818231009
1 32044U 06006X   18026.18931859 -.00002437 +00000-0 -10732+0 0  9996
2 32044 051.0968 047.3787 4955821 164.3053 219.5754 04.79906258190997
1 32065U 99057QD  18201.96490283 +.00002641 +00000-0 +35737-3 0  9990
2 32065 098.2911 205.6020 0005804 200.0905 160.0078 14.79880582587437
1 32066U 99057QE  18204.77316265 +.00001526 +00000-0 +28871-3 0  9992
2 32066 098.3473 196.2470 0005709 275.1705 210.7879 14.65843592251919
1 31484U 99025BVY 18204.57750974 +.00001494 +00000-0 +89071-3 0  9990
2 31484 101.8228 325.9434 0166905 187.0408 172.8400 14.02928486261071
