1 37093U 93036BFP 18194.82356102  .00000963  00000-0  16520-3 0  9998
2 37093  74.0236  16.5420 0163483 225.7982 133.0378 14.61885510455035
1 37094U 93036BFQ 18204.05084199 +.00000332 +00000-0 +14024-3 0  9997
2 37094 074.1153 325.3549 0098930 278.9258 080.0702 14.26835520462158
1 37095U 93036BFR 18204.65872645 +.00000414 +00000-0 +27686-3 0  9994
2 37095 073.8491 204.5554 0220842 033.0341 328.4361 13.92789631249769
1 37097U 93036BFT 14006.09072096 -.00161143 +00000-0 -34702-1 0  9996
2 37097 074.0192 278.5435 0113048 056.5630 304.6281 14.55483772199219
1 37101U 93036BFX 18205.11765917 +.00000409 +00000-0 +12170-3 0  9993
2 37101 074.0412 119.6639 0064463 160.6524 199.7104 14.45154818265616
1 37103U 93036BFZ 18205.31738578 +.00002671 +00000-0 +25541-3 0  9999
2 37103 073.7822 090.6575 0058524 113.0083 247.7286 14.92541072296533
1 37105U 93036BGB 18205.02702610 +.00000160 +00000-0 +85374-4 0  9999
2 37105 073.8903 330.5654 0393765 074.7510 289.6785 13.86459610461954
1 37108U 93036BGE 18205.58637232 +.00000332 +00000-0 +13803-3 0  9998
2 37108 074.0510 305.5422 0117981 322.1573 037.1321 14.26503718469316
1 37110U 93036BGG 18205.32084039 +.00001246 +00000-0 +18445-3 0  9996
2 37110 073.8001 169.2452 0056639 091.1521 269.6141 14.75313043345765
1 37111U 93036BGH 18181.27560223  .00003717  00000-0  22775-3 0  9994
2 37111  74.0099 150.7265 0049442 204.1672 155.7201 15.09562367448422
1 37114U 93036BGL 18204.93396791 +.00001318 +00000-0 +34095-3 0  9996
2 37114 073.8186 057.7584 0056451 143.2015 217.3040 14.50005865462300
1 37118U 93036BGQ 18199.53721300  .00000558  00000-0  16751-3 0  9991
2 37118  74.0297 142.0119 0013950 167.3340 192.8171 14.45003250461342
1 37120U 93036BGS 18201.77296200  .00001240  00000-0  40211-3 0  9997
2 37120  74.0156 227.3412 0054321 217.1344 142.6049 14.39145171446237
1 37123U 93036BGV 18205.15267741 +.00001581 +00000-0 +30664-3 0  9993
2 37123 073.9935 013.8158 0011845 102.8694 018.2763 14.64075662444919
1 37124U 93036BGW 18205.34955302 +.00001554 +00000-0 +43016-3 0  9997
2 37124 074.0124 205.3657 0089924 237.3124 121.9338 14.45187883263837
1 37125U 93036BGX 18205.62220685 +.00001313 +00000-0 +22035-3 0  9999
2 37125 074.0241 319.2482 0024253 076.5778 283.8094 14.70591437092155
1 37126U 93036BGY 18201.34554355 +.00000121 +00000-0 +25293-4 0  9995
2 37126 073.9503 204.2435 0136468 352.5497 007.3639 14.66111435270628
1 37127U 93036BGZ 18204.59340811 +.00001216 +00000-0 +35581-3 0  9992
2 37127 074.0102 180.9549 0040929 170.7766 189.4153 14.44580757255132
1 37131U 93036BHD 18205.04289093 +.00001423 +00000-0 +32594-3 0  9993
2 37131 074.0197 082.9713 0019897 095.1968 265.1467 14.56439083461484
1 37132U 93036BHE 18204.79577945 +.00000277 +00000-0 +68569-4 0  9999
2 37132 074.0114 359.8232 0058369 101.4939 259.2787 14.55794628438933
1 37133U 93036BHF 18205.16346328 +.00000477 +00000-0 +28378-3 0  9996
2 37133 074.0188 031.7803 0307849 080.5395 283.0384 13.88568328416911
1 37136U 97051XG  18196.93475189 +.00000235 +00000-0 +98039-4 0  9996
2 37136 086.1785 075.1284 0086261 345.7479 014.1275 14.20082545473438
1 37269U 93036BHH 18186.57440114 +.00000781 +00000-0 +39547-3 0  9995
2 37269 074.1716 151.2545 0126245 046.0657 315.0819 14.13544722454728
1 37270U 93036BHJ 18204.34764661 +.00000237 +00000-0 +23752-3 0  9996
2 37270 073.9406 339.4925 0450103 139.6438 223.9002 13.44589008406754
1 37271U 93036BHK 18205.57918871 +.00002385 +00000-0 +31942-3 0  9993
2 37271 074.0446 302.8744 0016774 019.7446 340.4376 14.79952188271642
1 37273U 93036BHM 18204.17077851 +.00001327 +00000-0 +36455-3 0  9993
2 37273 074.0064 152.6207 0033087 147.5055 212.8150 14.47711221267448
1 37275U 93036BHP 18205.35112393 +.00001467 +00000-0 +70237-3 0  9998
2 37275 073.9475 087.6580 0173305 185.5619 174.3602 14.12348232449469
1 37277U 93036BHR 18204.21258551 +.00001172 +00000-0 +32625-3 0  9993
2 37277 074.0430 154.3524 0034159 148.8740 211.4452 14.47170416437125
1 37278U 93036BHS 18205.38960913 +.00000339 +00000-0 +14772-3 0  9992
2 37278 073.7874 094.8543 0341822 012.7593 104.9660 14.00884842259455
1 37280U 93036BHU 18203.48391247  .00000689  00000-0  38107-3 0  9998
2 37280  74.0188 134.8240 0161675 162.1752 198.5151 14.06757923435244
1 37281U 93036BHV 13164.87651259 +.00008779 +00000-0 +24822-2 0  9991
2 37281 074.0504 344.7141 0022935 356.1473 002.7630 14.45580940166592
1 37282U 93036BHW 18204.08078392 +.00000856 +00000-0 +18371-3 0  9997
2 37282 073.8924 353.4533 0077871 326.4399 033.1844 14.58471745478108
1 37284U 93036BHY 18197.36046476 +.00000758 +00000-0 +44585-3 0  9996
2 37284 074.0187 199.6547 0192550 244.3580 180.4365 14.00956206211882
1 37285U 93036BHZ 12322.50414886  .00003793  00000-0  12804-2 0  9991
2 37285  74.0350  22.6674 0026584 177.5664 182.5622 14.37086204179327
1 37286U 93036BJA 13109.02300440 +.00008391 +00000-0 +12011-2 0  9992
2 37286 074.0179 328.3264 0115690 161.3137 200.9770 14.72183664151822
1 37287U 93036BJB 18203.30173789  .00002781  00000-0  82576-4 0  9990
2 37287  74.0388 187.5628 0086181 221.4830 202.4926 15.31761866471797
1 37292U 93036BJG 18199.72293379 +.00000533 +00000-0 +35811-3 0  9996
2 37292 074.1355 335.7697 0241159 300.1210 057.6211 13.89994771221835
1 37293U 93036BJH 18204.71193644 +.00000372 +00000-0 +14687-3 0  9996
2 37293 073.9218 217.1638 0084610 339.7251 020.0544 14.30643800428157
1 37294U 93036BJJ 18195.95588321  .00000912  00000-0  19407-3 0  9997
2 37294  74.0695  69.4184 0041043  78.8111 281.7665 14.59999882450792
1 37295U 93036BJK 18205.43341694 +.00000256 +00000-0 +67556-4 0  9993
2 37295 074.0109 007.6544 0055212 126.3828 234.2446 14.53215165430285
1 37296U 93036BJL 18186.23555791  .00001226  00000-0  35792-3 0  9999
2 37296  73.8355 160.8402 0074638 250.6049 108.7029 14.43634075421725
1 37297U 93036BJM 18179.35462940 +.00001483 +00000-0 +30165-3 0  9992
2 37297 074.0260 059.5816 0020353 175.4026 184.7332 14.61904472455214
1 37299U 93036BJP 18203.51027006  .00003184  00000-0  36942-3 0  9999
2 37299  73.8557 250.0676 0043032 251.2695 108.3811 14.85239344466646
1 37303U 93036BJT 18205.44670090 +.00003628 +00000-0 +36919-3 0  9993
2 37303 074.0030 235.5560 0028310 305.9049 053.9506 14.90868510245845
1 37305U 93036BJV 18204.67452694 +.00000187 +00000-0 +84744-4 0  9994
2 37305 073.8699 209.3839 0054626 341.8249 018.0944 14.28119642463849
1 37306U 93036BJW 18203.94777869 +.00001295 +00000-0 +26390-3 0  9991
2 37306 074.0719 062.8321 0088976 065.1544 358.2832 14.59577376342255
1 37307U 93036BJX 18185.49706611  .00001847  00000-0  17750-3 0  9991
2 37307  74.0224 243.9672 0026317 334.9838  25.0068 14.93621824483670
1 37309U 93036BJZ 18205.25192601 +.00014933 +00000-0 +52623-3 0  9996
2 37309 074.0129 050.2638 0029594 064.4961 295.9296 15.28860632482692
1 37312U 93036BKC 18205.54635634 +.00000149 +00000-0 +56856-4 0  9997
2 37312 074.0337 156.2797 0020843 202.5714 157.4526 14.38797076473069
1 37314U 93036BKE 18205.19125287 +.00001846 +00000-0 +19052-3 0  9999
2 37314 073.9327 126.1031 0075247 353.8579 006.1669 14.88965736459621
1 37315U 93036BKF 16249.93329128  .00000583  00000-0  18053-3 0  9995
2 37315  74.0251 335.6020 0016247 180.7077 179.4590 14.41113040445668
1 37316U 93036BKG 18205.16070306 +.00000596 +00000-0 +16123-3 0  9996
2 37316 074.0372 110.4586 0075161 147.3378 213.2463 14.48286099468317
1 37320U 93036BKL 18204.76109638 +.00000177 +00000-0 +43515-4 0  9998
2 37320 074.0551 348.1844 0066328 053.8287 306.8988 14.58308255266770
1 37321U 93036BKM 18101.37386963  .00152828  00000-0  30593-2 0  9991
2 37321  74.0251 350.5555 0009659 163.7296 196.4227 15.46063421460988
1 37322U 93036BKN 18205.30835854 +.00002031 +00000-0 +20819-3 0  9999
2 37322 074.0498 194.0154 0049431 226.0547 197.2059 14.90323598277274
1 37323U 93036BKP 18204.41459446 +.00008816 +00000-0 +26408-3 0  9997
2 37323 073.9076 236.7182 0042479 041.8268 318.6168 15.33715575481576
1 37325U 93036BKR 18205.23388460 +.00001190 +00000-0 +22370-3 0  9999
2 37325 074.1207 040.2704 0041456 004.7375 355.4177 14.65266310252191
1 37326U 93036BKS 18204.85902487 +.00000221 +00000-0 +61286-4 0  9992
2 37326 074.0277 035.5205 0067562 115.1178 245.7013 14.51009782464609
1 37327U 93036BKT 18204.99911343 +.00000833 +00000-0 +21735-3 0  9992
2 37327 074.0246 093.3222 0025510 136.2894 224.0293 14.50859740267486
1 37329U 93036BKV 18205.35325640 +.00004214 +00000-0 +39553-3 0  9998
2 37329 074.0120 210.7461 0028762 278.7224 081.0702 14.94009471473728
1 37330U 93036BKW 18205.12270983 +.00000112 +00000-0 +33655-4 0  9995
2 37330 074.0200 004.6133 0064352 158.1583 202.2346 14.52723870472460
1 37331U 93036BKX 18205.54484885 +.00000208 +00000-0 +92099-4 0  9993
2 37331 074.0764 281.1266 0063468 256.7151 102.6914 14.28083307461928
1 37334U 93036BLA 18203.92453485 +.00010153 +00000-0 +40555-3 0  9997
2 37334 074.0127 024.4724 0028475 082.3663 278.0769 15.24838377355112
1 37335U 93036BLB 18204.23987693 +.00001498 +00000-0 +42573-3 0  9990
2 37335 074.0059 180.4687 0045013 185.0220 175.0493 14.45667714417357
1 37336U 93036BLC 18204.39396084 +.00000041 +00000-0 +24888-4 0  9999
2 37336 074.0377 213.3612 0031276 232.1126 127.7195 14.31775959441806
1 37337U 93036BLD 18205.13565021 +.00000753 +00000-0 +15724-3 0  9990
2 37337 074.0215 003.3519 0037271 082.7135 038.4234 14.61304043355790
1 37340U 93036BLG 18205.25113283 +.00000079 +00000-0 +37340-4 0  9996
2 37340 074.0244 186.1038 0019929 216.6914 143.2875 14.34295218454536
1 37341U 93036BLH 18205.41586897 +.00008723 +00000-0 +41627-3 0  9996
2 37341 073.9949 091.6620 0017242 205.8002 278.2920 15.19059177473333
1 37342U 93036BLJ 18205.38760873 +.00001137 +00000-0 +21156-3 0  9998
2 37342 073.7397 233.0529 0040153 206.3060 153.6070 14.65969283465966
1 37343U 93036BLK 18205.39841492 +.00000590 +00000-0 +20582-3 0  9991
2 37343 074.0205 239.7881 0121015 154.9684 205.7404 14.33438153264431
1 37379U 01055G   18205.32580719 -.00003708 +00000-0 -75303-2 0  9991
2 37379 066.1053 325.3162 0122011 151.0524 239.3993 13.29506670785152
1 37400U 99025EFS 18205.29239122 +.00000026 +00000-0 +50700-4 0  9999
2 37400 098.8620 238.0451 0410454 327.3112 030.3220 13.60448308434760
1 37401U 99025EFT 18205.33395232 +.00000197 +00000-0 +82559-4 0  9996
2 37401 098.7131 238.2691 0178805 242.2242 116.0712 14.28768575468856
1 37402U 99025EFU 18204.28016286 +.00001790 +00000-0 +44684-3 0  9995
2 37402 099.3636 234.8664 0029439 071.4059 289.0327 14.52790818248730
1 37403U 99025EFV 18205.02019723 +.00005260 +00000-0 +59556-3 0  9998
2 37403 098.9224 121.2249 0036533 043.5264 316.8821 14.86457214502219
1 37404U 99025EFW 18203.57944097 +.00000400 +00000-0 +19158-3 0  9993
2 37404 098.6510 242.8963 0050006 140.0058 013.3000 14.23745713442602
1 37405U 99025EFX 18205.01006675 +.00000992 +00000-0 +23447-3 0  9998
2 37405 098.5975 274.5895 0086837 328.8695 030.7373 14.54304661302762
1 37406U 99025EFY 18199.96779116 +.00000115 +00000-0 +10108-3 0  9999
2 37406 098.4344 246.3657 0162696 288.4269 193.2307 13.96311528254371
1 37408U 99025EGA 18203.87025446 +.00003377 +00000-0 +85973-3 0  9992
2 37408 098.5537 170.2431 0066515 114.7120 276.4925 14.49991139429930
1 37409U 99025EGB 17316.22690948  .00001540  00000-0  87200-3 0  9996
2 37409  97.7846 118.7296 0124567  94.7494 266.7916 14.07372206513291
1 37410U 99025EGC 18201.34667402  .00000480  00000-0  39513-3 0  9990
2 37410  98.0989  39.8834 0139027  58.0685 303.3910 13.88676404535783
1 37411U 99025EGD 18176.05592118  .00000051  00000-0  48358-4 0  9993
2 37411  97.8048 252.2565 0278130  38.1988 323.8529 13.91545540487883
1 37412U 99025EGE 18205.05202450 +.00001270 +00000-0 +51664-3 0  9991
2 37412 098.9523 307.7808 0018884 341.0096 019.0379 14.29277608236882
1 37413U 99025EGF 18204.00947953 +.00001692 +00000-0 +58213-3 0  9995
2 37413 098.6505 130.1756 0079557 350.9235 009.0507 14.35559910484779
1 37414U 99025EGG 18156.83307988  .00001097  00000-0  63747-3 0  9998
2 37414  98.0414  10.4830 0207586 344.2275  15.2490 14.00208117525601
1 37415U 99025EGH 18200.75840018  .00000026  00000-0  79125-4 0  9995
2 37415  98.9077 180.4350 0287248 236.1441 121.2058 13.50313455544412
1 37416U 99025EGJ 18201.41454170 +.00001324 +00000-0 +52467-3 0  9991
2 37416 099.2346 055.8221 0045968 233.6954 125.9977 14.30168062219691
1 37417U 99025EGK 18205.30210680 +.00000308 +00000-0 +21307-3 0  9990
2 37417 098.9008 236.9317 0080374 270.6200 088.5759 14.04807241304435
1 37418U 99025EGL 18153.41724235  .00000318  00000-0  91497-3 0  9999
2 37418  98.6175 216.8221 1077417 322.7009  30.3709 11.90204679378428
1 37419U 99025EGM 18011.00269686  .00002345  00000-0  12278-2 0  9993
2 37419  98.6158 288.0225 0494469  43.3141 320.5789 13.66546418358062
1 37420U 99025EGN 18200.89248448 +.00000392 +00000-0 +30407-3 0  9990
2 37420 098.9941 241.3372 0074149 183.6796 176.3830 13.97143338220010
1 37421U 99025EGP 18205.46704230 +.00000053 +00000-0 +10183-3 0  9998
2 37421 098.9004 093.4428 0413802 015.0660 346.2375 13.38587520248304
1 37422U 99025EGQ 18185.97721334  .00000649  00000-0  34261-3 0  9990
2 37422  98.9422 239.0677 0039196 308.2553  51.5097 14.17038089488718
1 37423U 99025EGR 18204.39620891 +.00000389 +00000-0 +28043-3 0  9997
2 37423 099.0332 272.0131 0053283 123.0687 237.5611 14.01967753451728
1 37424U 99025EGS 18203.98598312 +.00000164 +00000-0 +88266-4 0  9999
2 37424 097.2120 108.8955 0239523 345.2590 014.1682 14.08346198470985
1 37425U 99025EGT 18175.10250382  .00000457  00000-0  41399-3 0  9994
2 37425  97.1739 281.8016 0169445 312.1556 170.6946 13.80877202473530
1 37426U 99025EGU 16061.14323924 +.00003714 +00000-0 +98617-3 0  9998
2 37426 096.6369 033.5424 0078370 167.6581 203.8538 14.47218032071888
1 37427U 99025EGV 18204.51709608 +.00000176 +00000-0 +23311-4 0  9997
2 37427 098.5885 109.9777 0263654 243.4905 113.9047 14.73401646204187
1 37428U 99025EGW 18205.30020438 +.00000730 +00000-0 +39569-3 0  9990
2 37428 097.7294 008.9026 0079099 148.6429 211.9498 14.13266507251677
1 37429U 99025EGX 18203.37261541 +.00000104 +00000-0 +84804-4 0  9996
2 37429 098.8464 259.7120 0108080 057.9059 303.2547 14.05903657251141
1 37430U 99025EGY 18205.31953928 +.00000515 +00000-0 +29145-3 0  9993
2 37430 098.9800 243.2142 0022484 220.9660 138.9824 14.14531486234478
1 37432U 99025EHA 18204.31847860 +.00000384 +00000-0 +10595-3 0  9994
2 37432 098.4543 249.4984 0222378 177.3973 182.8430 14.39002549258283
1 37433U 99025EHB 18181.18139999 +.00001501 +00000-0 +10710-2 0  9991
2 37433 098.1228 330.9237 0271789 239.4181 117.9909 13.82461284567116
1 37434U 99025EHC 18205.08821021 +.00001016 +00000-0 +26278-3 0  9990
2 37434 099.1353 149.1611 0062177 243.2815 116.2004 14.51283389554220
1 37435U 99025EHD 18205.35862498 +.00000383 +00000-0 +22727-3 0  9995
2 37435 098.8794 250.3226 0047269 158.3863 201.9318 14.12886988507631
1 37436U 99025EHE 18205.26201065 +.00000425 +00000-0 +30148-3 0  9996
2 37436 099.2441 219.3806 0063112 065.0475 295.7229 14.02323781518464
1 37437U 99025EHF 18205.37904115 +.00000229 +00000-0 +13430-3 0  9992
2 37437 098.7431 249.5890 0119212 223.9053 192.9852 14.13993102500278
1 37438U 99025EHG 18203.85617254 +.00000263 +00000-0 +17405-3 0  9993
2 37438 099.0238 232.8363 0029442 295.7489 064.0643 14.09994442527733
1 37439U 99025EHH 18204.28816237 +.00000653 +00000-0 +42695-3 0  9996
2 37439 099.2089 223.6669 0070134 075.2064 343.8313 14.04699461232655
1 37440U 99025EHJ 18205.06694885 +.00001241 +00000-0 +50616-3 0  9994
2 37440 098.9801 311.2643 0064401 000.2838 359.8368 14.28172600573683
1 37441U 99025EHK 18199.70667930  .00000426  00000-0  68492-3 0  9994
2 37441  99.1514  15.6561 0523067 344.1666  14.3617 13.09440765467410
1 37442U 99025EHL 18204.03982805 +.00001672 +00000-0 +40330-3 0  9994
2 37442 099.1407 148.4308 0043008 324.1988 035.6325 14.54179272470883
1 37443U 99025EHM 18202.34022484  .00000797  00000-0  50516-3 0  9999
2 37443  98.4280 243.4979 0143234 287.2398  71.3136 14.01712090517096
1 37444U 99025EHN 18204.87937919 +.00000225 +00000-0 +65726-4 0  9994
2 37444 099.0998 087.6241 0293707 336.5255 022.2744 14.32932230465143
1 37445U 99025EHP 18204.88165754 +.00000117 +00000-0 +64926-4 0  9997
2 37445 099.2693 092.3437 0184339 050.5002 311.2311 14.20992783260613
1 37447U 99025EHR 18203.84999108 +.00000307 +00000-0 +19496-3 0  9994
2 37447 099.1041 225.4850 0042026 300.9683 182.3761 14.11005509475707
1 37448U 99025EHS 18205.28524887 +.00000425 +00000-0 +32094-3 0  9993
2 37448 099.5624 238.3799 0338091 334.4922 023.9871 13.75856771556359
1 37449U 99025EHT 18203.31878032  .00000737  00000-0  81046-4 0  9998
2 37449  98.8739 235.4973 0148075 265.5852  92.8429 14.83985904475331
1 37450U 99025EHU 18170.99537879 +.00000373 +00000-0 +29379-3 0  9994
2 37450 097.6946 089.2411 0331629 290.4064 066.1767 13.73624011485712
1 37452U 99025EHW 18204.41712989 +.00001399 +00000-0 +37326-3 0  9998
2 37452 099.0209 071.6347 0048909 323.0530 036.7296 14.49497513518224
1 37453U 99025EHX 18189.62687820  .00001093  00000-0  10319-2 0  9992
2 37453  97.6567 331.0652 0412927 281.9036  73.6098 13.50493725528645
1 37454U 99025EHY 18205.43933756 +.00003923 +00000-0 +43287-3 0  9998
2 37454 098.9737 194.2593 0042464 252.3096 107.3478 14.87547206438456
1 37455U 99025EHZ 18204.31706048 +.00001123 +00000-0 +15607-3 0  9992
2 37455 099.4423 030.9671 0208763 155.5201 205.6087 14.66646278450500
1 37456U 99025EJA 18205.14286325 +.00000804 +00000-0 +14087-3 0  9992
2 37456 098.9348 172.5747 0114478 198.5576 161.1435 14.66922381481115
1 37457U 99025EJB 18205.15521084 +.00000826 +00000-0 +51963-3 0  9996
2 37457 099.1467 184.2918 0080285 062.1388 298.7884 14.05657084220323
1 37460U 99025EJE 18205.41063945 +.00000509 +00000-0 +23574-3 0  9991
2 37460 098.4725 080.9590 0078093 339.1531 020.6469 14.23372937439431
1 37461U 99025EJF 18205.38051742 +.00000262 +00000-0 +54715-3 0  9997
2 37461 099.8526 040.1843 0691292 077.7871 289.9723 12.71610803176753
1 37462U 99025EJG 18197.85541555  .00002992  00000-0  22756-3 0  9998
2 37462  98.8874 210.8656 0166321  32.9143 328.2297 14.92740872519706
1 37463U 99025EJH 18204.27531687 +.00000732 +00000-0 +17819-3 0  9993
2 37463 098.8255 014.1326 0119200 016.9709 343.5419 14.51939908516239
1 37464U 99025EJJ 18198.63363031  .00000653  00000-0  72834-3 0  9992
2 37464 102.7062 129.5887 0495585 188.4621 170.7896 13.33341475505967
1 37465U 99025EJK 18205.22866836 +.00000865 +00000-0 +26347-3 0  9991
2 37465 099.3665 220.9114 0050541 045.9966 314.5371 14.44203322196586
1 37466U 99025EJL 18204.54686836 +.00001171 +00000-0 +30369-3 0  9996
2 37466 099.1089 106.0828 0125979 083.7475 277.8048 14.47265259502903
1 37467U 99025EJM 18198.61150600  .00013099  00000-0  12069-2 0  9990
2 37467  99.4152 338.5552 0017491 199.6534 160.4009 14.94764244465896
1 37468U 99025EJN 17115.07303952 +.00000849 +00000-0 +56877-3 0  9994
2 37468 098.1470 065.1017 0071628 054.5360 302.6292 14.01911759386757
1 37469U 99025EJP 18205.14177196 +.00002132 +00000-0 +31261-3 0  9990
2 37469 098.9498 167.4848 0063972 259.4290 099.9705 14.75477245273382
1 37470U 99025EJQ 18205.38225703 +.00000598 +00000-0 +25600-3 0  9990
2 37470 098.7968 263.2640 0026388 225.1953 134.7083 14.28479041266074
1 37471U 99025EJR 18176.46238312  .00000960  00000-0  12892-3 0  9999
2 37471  98.7150  53.2017 0192857 242.9620 115.1786 14.70176583504537
1 37473U 99025EJT 18205.23890126 +.00001580 +00000-0 +20865-3 0  9994
2 37473 099.1967 125.6160 0343213 064.8356 298.8016 14.48224739460318
1 37474U 99025EJU 18196.07015050  .00000339  00000-0  95628-4 0  9992
2 37474  99.1341 134.3142 0217886 278.2829  79.3705 14.40488996439686
1 37475U 99025EJV 18205.02700941 +.00000293 +00000-0 +14274-3 0  9995
2 37475 098.9135 293.0723 0114284 032.2021 328.6069 14.22182756456309
1 37476U 99025EJW 18205.59821572 +.00000045 +00000-0 +18769-3 0  9990
2 37476 098.9588 330.5848 1094358 025.2792 339.7920 11.84718862354353
1 37477U 99025EJX 18205.57452576 +.00000236 +00000-0 +15007-3 0  9997
2 37477 098.8093 246.3450 0031630 265.6829 094.0729 14.12748414437632
1 37478U 99025EJY 18204.65938667 -.00000366 +00000-0 -55219-3 0  9991
2 37478 099.6454 095.6472 0571503 359.4303 000.6093 12.95177548215554
1 37479U 99025EJZ 18204.38827767 +.00000279 +00000-0 +17952-3 0  9993
2 37479 098.8997 271.4264 0032974 319.7378 040.1351 14.10867471487429
1 37480U 99025EKA 11171.25394616 +.00003041 +00000-0 +38735-3 0  9991
2 37480 099.1016 343.8358 0231405 047.5732 313.9141 14.65385500131034
1 37483U 93036BLL 18205.42211838 +.00000061 +00000-0 +27133-4 0  9998
2 37483 073.9762 114.1102 0098863 220.8407 138.5311 14.39685034452251
1 37484U 93036BLM 18204.58117076 +.00000302 +00000-0 +12371-3 0  9999
2 37484 073.8281 169.3443 0047884 347.0856 131.7545 14.31080170266927
1 37486U 93036BLP 18205.27341708 +.00000558 +00000-0 +32616-3 0  9996
2 37486 073.7097 185.2981 0286609 086.7492 333.6842 13.91851027448040
1 37487U 93036BLQ 18205.33208407 +.00000703 +00000-0 +25018-3 0  9992
2 37487 073.9365 207.7352 0055279 271.1247 088.3572 14.35370859422817
1 37488U 93036BLR 18204.56388400 +.00001548 +00000-0 +22062-3 0  9993
2 37488 073.9950 285.6890 0079936 138.8011 221.9235 14.75564436495185
1 37491U 93036BLU 18205.33855201 +.00000255 +00000-0 +22151-3 0  9994
2 37491 073.9081 080.8920 0332418 220.9367 136.6360 13.68567829435418
1 37492U 93036BLV 18204.84107860 +.00001036 +00000-0 +16032-3 0  9990
2 37492 074.0062 257.7299 0043570 024.6693 335.6550 14.74035254475105
1 37494U 93036BLX 18205.06466131 +.00000380 +00000-0 +10825-3 0  9991
2 37494 073.9992 108.8130 0107432 002.3111 357.8520 14.45532789201498
1 37495U 93036BLY 18203.27501760  .00001272  00000-0  16187-3 0  9999
2 37495  73.9992 191.9557 0071763 284.1992  75.1220 14.81016720465670
1 37496U 93036BLZ 18205.32678460 +.00000492 +00000-0 +12117-3 0  9992
2 37496 073.9672 078.8483 0144128 359.2758 000.8168 14.49074653266923
1 37498U 93036BMB 18204.52915551 +.00000374 +00000-0 +12567-3 0  9998
2 37498 074.0425 163.1787 0018118 178.8322 181.2879 14.40459905467619
1 37499U 93036BMC 18202.02874051  .00000046  00000-0  26662-4 0  9999
2 37499  74.0371 215.7683 0029899 232.6146 127.2282 14.32240817464526
1 37500U 93036BMD 18205.31931451 +.00000312 +00000-0 +15596-4 0  9995
2 37500 073.9598 185.5196 0185451 320.5965 038.1853 15.09919692487016
1 37501U 93036BME 18204.67440463 +.00001236 +00000-0 +16020-3 0  9990
2 37501 074.0030 192.1600 0062878 301.3952 058.1083 14.80709969463332
1 37502U 93036BMF 18204.94698907 +.00002983 +00000-0 +55905-3 0  9994
2 37502 074.2127 190.8462 0037784 337.4155 022.5349 14.64777361442156
1 37503U 93036BMG 18205.45973940 +.00009088 +00000-0 +58161-3 0  9995
2 37503 074.0037 212.6646 0013249 279.3637 080.6056 15.08623248451749
1 37504U 93036BMH 14071.89934830 +.00006078 +00000-0 +12961-2 0  9999
2 37504 074.0897 150.3070 0078521 257.4247 116.1487 14.57194902213563
1 37506U 93036BMK 18205.43607251 +.00000788 +00000-0 +18866-3 0  9991
2 37506 074.0535 121.2496 0032825 116.4385 244.0153 14.54901563463235
1 37508U 93036BMM 18205.52818259 +.00000848 +00000-0 +16723-3 0  9992
2 37508 073.7695 267.7482 0104838 194.4689 165.3470 14.60884148266759
1 37510U 93036BMP 18204.02274932 +.00000812 +00000-0 +15010-3 0  9992
2 37510 074.0175 322.8079 0040533 044.0997 316.3392 14.66607551474015
1 37515U 93036BMU 18204.84881350 +.00000895 +00000-0 +28588-3 0  9990
2 37515 074.1600 268.3536 0093076 181.6945 178.3910 14.38629619465848
1 37518U 93036BMX 18205.28463316 +.00000636 +00000-0 +16649-3 0  9998
2 37518 074.0057 072.4216 0034714 149.2148 211.1058 14.51057381265106
1 37521U 93036BNA 18204.28115832 +.00001872 +00000-0 +18990-3 0  9992
2 37521 074.0478 175.1778 0055824 214.2901 210.3271 14.90560312475721
1 37527U 93036BNG 18199.73884701  .00000994  00000-0  18005-3 0  9990
2 37527  74.0058 342.1029 0034797  69.2576 291.2316 14.67364246474053
1 37528U 93036BNH 18204.05783030 +.00000148 +00000-0 +51433-4 0  9990
2 37528 074.0404 112.2399 0023379 208.8920 151.0944 14.43461376469288
1 37529U 93036BNJ 18204.32633520 +.00000898 +00000-0 +21249-3 0  9992
2 37529 074.0256 076.9448 0052986 115.6104 245.0547 14.54770219470107
1 37530U 93036BNK 18204.75064993 +.00000156 +00000-0 +67995-4 0  9999
2 37530 074.0366 219.5038 0029039 221.1584 260.6861 14.31604115465864
1 37531U 93036BNL 18204.75594825 +.00000702 +00000-0 +25003-3 0  9992
2 37531 074.0226 231.3002 0061181 245.1913 114.2867 14.35097331465319
1 37532U 93036BNM 18205.57100959 +.00000043 +00000-0 +22440-4 0  9996
2 37532 074.0524 153.7892 0017104 212.3878 270.7627 14.38681244460869
1 37533U 93036BNN 18205.35388979 +.00000322 +00000-0 +20049-3 0  9995
2 37533 074.0662 204.5904 0182704 186.6958 173.1735 14.00711002454902
1 37535U 93036BNQ 18205.52176723 +.00000233 +00000-0 +72787-4 0  9996
2 37535 074.0276 094.2169 0035180 173.3548 261.9329 14.45752970462468
1 37537U 93036BNS 18205.27759517 +.00000080 +00000-0 +37215-4 0  9995
2 37537 074.0118 180.4304 0054822 242.3312 117.2270 14.34470965463181
1 37538U 93036BNT 18205.18382647 +.00000755 +00000-0 +17016-3 0  9997
2 37538 074.0222 024.2515 0045217 096.3815 264.2501 14.57553462437179
1 37539U 93036BNU 11262.19479143 +.00000786 +00000-0 +29032-3 0  9998
2 37539 074.0515 081.9073 0021619 352.5149 007.5676 14.33973190078115
1 37542U 93036BNX 13063.73158620 +.00002455 +00000-0 +93317-3 0  9999
2 37542 074.0360 212.7736 0049454 336.6417 023.4889 14.30835846180552
1 37543U 93036BNY 18204.12070177 +.00001829 +00000-0 +11824-3 0  9992
2 37543 073.9668 354.1554 0075074 102.4071 258.5534 15.06782093466805
1 37544U 93036BNZ 18204.55757519 +.00002018 +00000-0 +29213-3 0  9994
2 37544 073.9775 280.5529 0030605 129.0807 231.3097 14.76530373470640
1 37546U 93036BPB 18205.14925636 +.00000486 +00000-0 +14895-3 0  9996
2 37546 074.0343 142.7512 0015709 138.2674 221.9685 14.44309436267212
1 37547U 93036BPC 18203.82603717 +.00000762 +00000-0 +16422-3 0  9998
2 37547 074.0381 015.5451 0028057 114.7775 245.6314 14.59986706464998
1 37548U 97051XH  18205.50177136 +.00000657 +00000-0 +22272-3 0  9991
2 37548 086.3583 112.6756 0033736 062.1054 298.3552 14.34948524267283
1 37549U 97051XJ  18204.51460015 +.00002444 +00000-0 +54811-3 0  9993
2 37549 086.3834 117.3092 0043938 317.5205 042.2605 14.55644883471914
1 37550U 97051XK  18205.47273538 +.00000473 +00000-0 +13206-3 0  9996
2 37550 086.3857 104.2167 0003377 100.0024 260.1558 14.44211086472446
1 37555U 97051XQ  18205.10597102 +.00003730 +00000-0 +81200-3 0  9995
2 37555 086.4603 142.8388 0037251 016.0363 344.2015 14.57312443459501
1 37557U 97051XS  18204.22615236 +.00002565 +00000-0 +92505-3 0  9993
2 37557 086.3808 169.3681 0135460 049.9948 311.3041 14.28288049463639
1 37558U 97051XT  18154.72358348  .00001365  00000-0  34846-3 0  9992
2 37558  86.4027 142.7693 0084825 199.6448 167.6623 14.47654101434697
1 37560U 97051XV  18204.58756253 +.00002116 +00000-0 +65949-3 0  9995
2 37560 086.3887 153.8836 0092764 254.2690 230.2983 14.38033467246270
1 37562U 97051XX  18205.52095233 +.00000403 +00000-0 +12382-3 0  9996
2 37562 086.3821 113.3167 0033156 035.7162 085.3502 14.38864286474128
1 37565U 97051YA  18201.03008312  .00000257  00000-0  71973-4 0  9992
2 37565  86.3526  92.2616 0016401  44.4699  21.8078 14.42012695462745
1 37566U 97051YB  18205.44924763 +.00026957 +00000-0 +16943-2 0  9998
2 37566 086.4352 101.2671 0003829 038.8631 321.2881 15.09116673453068
1 37567U 10038C   18205.57955130 +.00000513 +00000-0 +96620-4 0  9997
2 37567 097.9606 107.2459 0148616 117.5438 001.2679 14.61791523418322
1 37568U 10038D   18205.35009553 +.00000423 +00000-0 +10234-3 0  9999
2 37568 097.8279 049.1184 0183357 279.6035 078.4486 14.48417803416063
1 37569U 10038E   18205.55756646 +.00000486 +00000-0 +10033-3 0  9990
2 37569 097.7930 064.0439 0162189 162.0329 198.6697 14.56608899416635
1 37570U 10038F   18205.48911543 +.00000459 +00000-0 +10805-3 0  9990
2 37570 097.7778 035.3977 0180317 252.2945 105.8496 14.49415468418341
1 37571U 08026C   18205.36656687 +.00000069 +00000-0 +90039-4 0  9992
2 37571 098.8088 056.2087 0249572 055.6532 065.2530 13.74590146305963
1 37572U 08026D   18205.46336744 +.00000080 +00000-0 +99702-4 0  9992
2 37572 098.7133 026.3949 0245183 014.1520 014.8031 13.75381573499020
1 37573U 08026E   18205.52502199 +.00000124 +00000-0 +13274-3 0  9997
2 37573 098.7070 048.2387 0224836 307.1044 079.7575 13.79573878493941
1 37574U 08026F   18205.48266441 +.00000057 +00000-0 +80772-4 0  9993
2 37574 098.7630 035.2736 0254915 062.1218 300.5503 13.73133795293577
1 37578U 99025EKB 18204.39253015 +.00001192 +00000-0 +41260-3 0  9997
2 37578 098.7509 274.5242 0069637 301.9889 057.4541 14.36258644499758
1 37579U 99025EKC 18203.27283027 +.00000525 +00000-0 +30522-3 0  9998
2 37579 099.3343 015.7145 0038513 037.7675 322.6187 14.12957947213006
1 37580U 99025EKD 18204.92088146 +.00000183 +00000-0 +13144-3 0  9999
2 37580 099.1337 224.7967 0128587 187.0594 292.6445 14.05127992772322
1 37581U 99025EKE 18205.47200999 +.00000148 +00000-0 +82556-4 0  9998
2 37581 098.8652 196.8831 0111553 269.2660 243.5550 14.22011296833025
1 37582U 99057SX  18204.81601331 +.00002122 +00000-0 +33829-3 0  9998
2 37582 098.3145 204.5933 0006293 257.5744 102.4759 14.73039891272843
1 37585U 91082CR  18205.36749212 +.00001756 +00000-0 +50278-3 0  9992
2 37585 098.7487 258.0612 0003193 301.9624 058.1256 14.46321002268587
1 37586U 04025L   18204.58115509 +.00000126 +00000-0 +78979-4 0  9992
2 37586 098.2215 116.6417 0324884 277.6978 078.7413 13.96146237403198
1 37588U 99025EKG 18132.06179664  .00000343  00000-0  24402-3 0  9995
2 37588  98.1533  60.6723 0097557  45.1476  12.1669 14.00751803525923
1 37589U 99025EKH 18180.96835962 -.00000278 +00000-0 -17711-3 0  9992
2 37589 099.1011 090.0198 0155043 126.5808 234.9731 13.89010759446523
1 37590U 99025EKJ 18204.71022262 +.00000922 +00000-0 +27617-3 0  9995
2 37590 099.0004 014.5913 0145446 307.0468 051.7488 14.39615212552282
1 37591U 99025EKK 18203.93669159 +.00001242 +00000-0 +71738-3 0  9990
2 37591 098.4277 260.5362 0144847 225.1048 259.7116 14.05578366477080
1 37592U 99025EKL 11268.98902868 +.00003321 +00000-0 +10807-2 0  9996
2 37592 098.9040 338.7609 0104341 002.3315 358.4180 14.36408548142044
1 37593U 99025EKM 18205.57015257 +.00000309 +00000-0 +13759-3 0  9990
2 37593 098.9537 319.7420 0181102 331.4282 092.3127 14.21857871476726
1 37594U 99025EKN 18205.52752042 +.00000001 +00000-0 +26246-4 0  9991
2 37594 099.0467 230.4265 0087258 309.9810 049.3721 14.08891399397891
1 37595U 99025EKP 12023.75198549  .00016574  00000-0  98225-2 0  9991
2 37595  99.1257  35.0350 0065385  64.4828 296.3626 14.06552113431874
1 37596U 99025EKQ 18204.89458510 +.00000643 +00000-0 +33216-3 0  9991
2 37596 098.9918 244.3641 0031641 171.4132 312.7780 14.18389010505995
1 37597U 99025EKR 18205.01056604 +.00000650 +00000-0 +17920-3 0  9997
2 37597 098.3027 282.1611 0263007 038.0259 323.9171 14.31657430222947
1 37598U 99025EKS 18205.32443668 +.00000452 +00000-0 +23648-3 0  9996
2 37598 098.9574 238.6525 0014082 113.0432 305.4669 14.19365323259305
1 37599U 99025EKT 12133.57341238 +.00007287 +00000-0 +14449-2 0  9999
2 37599 099.0124 264.9467 0175577 263.7164 091.1506 14.53212244177802
1 37600U 99025EKU 18204.71973518 +.00000068 +00000-0 +82967-4 0  9997
2 37600 098.9370 176.7863 0436810 268.2982 086.8096 13.57318833516800
1 37682U 99025EKX 18202.70370677 +.00000020 +00000-0 +60610-4 0  9990
2 37682 098.6170 109.6584 0245477 304.2184 053.5920 13.63878888255458
1 37683U 99025EKY 18195.63348647 -.00000193  00000-0 -14489-3 0  9991
2 37683  97.9912 332.5418 0629704  98.3464 330.0022 13.21139544516526
1 37684U 99025EKZ 13083.90042290 +.00001773 +00000-0 +15603-2 0  9999
2 37684 098.1683 128.1084 0254295 129.7896 232.7223 13.72646808272331
1 37685U 99025ELA 18205.31423819 +.00001431 +00000-0 +86629-3 0  9994
2 37685 098.0113 027.1854 0213686 235.1232 250.8793 13.97099947432511
1 37686U 99025ELB 18203.60390139 -.00000000 +00000-0 +50925-4 0  9996
2 37686 099.0937 128.1573 0400568 235.5078 252.4306 13.33317159439610
1 37687U 99025ELC 18205.38136639 -.00000952 +00000-0 -71910-3 0  9990
2 37687 098.2113 248.6004 0414375 022.7143 033.2398 13.58444912464232
1 37688U 99025ELD 18205.07478556 +.00001042 +00000-0 +52713-3 0  9993
2 37688 099.0492 247.0041 0049055 299.7713 059.8586 14.17837300501063
1 37689U 99025ELE 18205.31777310 +.00000745 +00000-0 +37596-3 0  9992
2 37689 098.8665 160.0116 0028550 125.4133 234.9715 14.19143581193394
1 37690U 99025ELF 18204.94860047 +.00000335 +00000-0 +22114-3 0  9997
2 37690 098.9789 244.8306 0042695 358.2072 125.8335 14.08100243488513
1 37691U 99025ELG 16103.38862251  .00001294  00000-0  83699-3 0  9991
2 37691  98.9357 171.3818 0041059 268.9962  90.7084 14.02387929358031
1 37692U 99025ELH 18205.01118146 +.00001161 +00000-0 +45445-3 0  9994
2 37692 098.9102 284.1028 0003471 314.0836 171.5713 14.31490007246739
1 37693U 99025ELJ 18205.39191036 -.00000093 +00000-0 -30834-4 0  9997
2 37693 098.9098 254.8053 0074303 092.5928 325.1785 14.04167520454152
1 37694U 99025ELK 18205.07960918 +.00000162 +00000-0 +12202-3 0  9999
2 37694 098.2254 138.0302 0177777 207.9029 221.4807 13.98347046438513
1 37695U 99025ELL 18204.45599631 +.00000404 +00000-0 +28444-3 0  9995
2 37695 098.2328 276.8993 0492689 205.5970 216.9938 13.56186385525987
1 37696U 99025ELM 14033.00200173 +.00003561 +00000-0 +13144-2 0  9990
2 37696 099.6773 319.1109 0043891 251.5824 118.7452 14.32681301228953
1 37697U 99025ELN 18183.77310649 +.00005276 +00000-0 +72032-3 0  9992
2 37697 096.5843 019.3352 0040332 069.3421 279.6609 14.78355698505745
1 37698U 99025ELP 18162.20622772  .00000437  00000-0  42700-3 0  9994
2 37698  97.9714 139.2008 0362049 273.5634 151.0617 13.57870350504840
1 37699U 99025ELQ 18205.34082388 +.00000555 +00000-0 +43067-3 0  9999
2 37699 097.9827 013.8929 0123549 311.9231 165.4517 13.92555675191530
1 37700U 99025ELR 11197.30896769 +.00000229 +00000-0 +15364-3 0  9994
2 37700 099.0488 213.9414 0030867 282.6088 077.5297 14.10480862128911
1 37701U 99025ELS 18198.95898212  .00001143  00000-0  85019-3 0  9999
2 37701  97.6630  98.8276 0314802 183.2301 240.7183 13.75427018387121
1 37702U 99025ELT 15111.26525699 +.00001378 +00000-0 +65167-3 0  9994
2 37702 098.8885 128.1113 0048112 295.7409 062.2457 14.20776337324854
1 37703U 99025ELU 18204.24008481 +.00000835 +00000-0 +37564-3 0  9991
2 37703 099.1435 006.0091 0053311 202.6759 284.6970 14.24475086492702
1 37704U 99025ELV 18205.42947500 +.00000373 +00000-0 +40893-3 0  9993
2 37704 098.3373 008.3772 0255217 162.6131 227.6485 13.64176415255212
1 37705U 99025ELW 18205.08463170 +.00001371 +00000-0 +18206-3 0  9994
2 37705 099.4985 145.3944 0103737 312.9996 046.2550 14.78421364145729
1 37706U 99025ELX 18204.36708715 +.00000429 +00000-0 +26308-3 0  9997
2 37706 099.0063 245.5685 0049868 343.1015 074.1020 14.10572171520942
1 37707U 99025ELY 18205.21895000 +.00000309 +00000-0 +93005-4 0  9993
2 37707 100.2049 339.1440 0170718 209.6591 272.3073 14.44232320470305
1 37708U 99025ELZ 18200.18518647  .00000207  00000-0  53957-4 0  9993
2 37708  98.2904 338.5624 0344790 345.5478  13.6032 14.29940520533454
1 37710U 99025EMB 18178.53402986  .00000438  00000-0  54122-3 0  9997
2 37710  99.2177 289.0742 0268868 303.0663 114.4308 13.56413830504886
1 37712U 99025EMD 18181.50759528  .00000115  00000-0  59278-4 0  9997
2 37712  98.6732 274.5758 0088714  66.3842 357.9252 14.29845179514960
1 37713U 99025EME 17296.80349549 +.00000730 +00000-0 +62460-3 0  9994
2 37713 098.0676 140.6610 0135402 150.2263 210.6688 13.85385360457257
1 37714U 99025EMF 18203.13386734 +.00000772 +00000-0 +43134-3 0  9990
2 37714 098.9714 268.1311 0062478 226.7131 132.8820 14.12886102192417
1 37715U 99025EMG 18204.88568494 +.00000201 +00000-0 +18297-3 0  9998
2 37715 099.1739 236.5341 0116565 273.3565 212.3559 13.91919057450564
1 37716U 99025EMH 18205.33661174 +.00000319 +00000-0 +17889-3 0  9995
2 37716 098.9018 244.1626 0036707 049.1031 009.2602 14.17214265222612
1 37717U 99025EMJ 18205.63664530 +.00000456 +00000-0 +12752-3 0  9994
2 37717 098.7696 347.9932 0126546 048.8631 008.4002 14.46656079501472
1 37719U 99025EML 18205.36773212 +.00000380 +00000-0 +14982-3 0  9997
2 37719 099.4877 264.9197 0061647 173.4717 248.1800 14.34543007283787
1 37722U 99025EMP 15349.93456858  .00003718  00000-0  60635-3 0  9998
2 37722  98.3105  33.9246 0167915  25.5965 335.4079 14.61976061300619
1 37723U 99025EMQ 14355.03762966 +.00014247 +00000-0 +59639-2 0  9996
2 37723 099.0687 077.8430 0158535 202.7029 284.1920 14.19570543308940
1 37724U 99025EMR 11306.62176740 +.00009552 +00000-0 +23297-2 0  9998
2 37724 099.2120 082.9056 0194041 296.8344 064.1473 14.42097830099453
1 37725U 99025EMS 11240.50573707 +.00002706 +00000-0 +50641-3 0  9995
2 37725 098.8278 341.8877 0198872 241.9763 117.2487 14.53870077140257
1 37732U 11030C   18205.60474514 +.00000239 +00000-0 +10098-3 0  9999
2 37732 097.9947 085.2872 0166362 115.8784 275.7040 14.25822785366294
1 37733U 11030D   18205.46054688 +.00000283 +00000-0 +11417-3 0  9995
2 37733 098.2699 205.6699 0154494 156.7398 358.2212 14.28531111367085
1 37734U 11030E   18205.38899633 +.00000496 +00000-0 +11358-3 0  9994
2 37734 097.9284 177.4432 0089206 145.2974 008.0469 14.57295649373833
1 37735U 11030F   18205.57554462 +.00000679 +00000-0 +14470-3 0  9995
2 37735 098.4242 329.7285 0085805 224.1746 196.2116 14.60106335374441
1 37767U 11039C   18205.38963066 +.00000222 +00000-0 +90276-4 0  9995
2 37767 097.9379 121.8393 0154122 129.9507 006.0600 14.29262777363811
1 37768U 11039D   18205.60639231 +.00000358 +00000-0 +13916-3 0  9990
2 37768 098.2374 249.0466 0150908 210.0831 302.9849 14.29472544363958
1 37769U 11039E   18205.50346418 +.00000579 +00000-0 +11879-3 0  9993
2 37769 098.5231 040.0767 0081128 283.6416 105.1640 14.62859733371327
1 37770U 11039F   18205.43249112 +.00000547 +00000-0 +12394-3 0  9998
2 37770 097.7609 201.7392 0094294 203.9416 320.3929 14.57051294370108
1 37850U 93036BPE 18204.65504472 +.00001010 +00000-0 +31262-3 0  9991
2 37850 074.0115 199.7298 0046995 190.8921 169.1222 14.41903260353049
1 37894U 99025EMT 18205.34132013 +.00001992 +00000-0 +47880-3 0  9990
2 37894 099.0155 041.3643 0106873 083.0316 278.3018 14.51199059225472
1 37895U 99025EMU 18204.88401010 +.00000259 +00000-0 +35488-3 0  9991
2 37895 099.2071 248.4424 0333297 114.9775 248.6366 13.45865920422962
1 37896U 99025EMV 18204.70990273 +.00005334 +00000-0 +20379-3 0  9999
2 37896 098.5758 117.3703 0138543 170.5677 189.8207 15.18613612233418
1 37897U 99025EMW 14224.27620123 +.00001729 +00000-0 +87439-3 0  9998
2 37897 098.8992 244.6642 0019329 285.3010 084.7434 14.17394333328047
1 37898U 99025EMX 18166.83377004  .00000186  00000-0  14673-3 0  9993
2 37898  98.3165 172.4698 0126572  99.8014 261.7471 13.98024446509698
1 37899U 99025EMY 18195.02799079  .00000312  00000-0  34006-3 0  9990
2 37899  98.8045 220.6385 0227521 330.0231  28.8049 13.69100697424541
1 37900U 99025EMZ 18162.43987539  .00000408  00000-0  31707-3 0  9993
2 37900 102.3229  33.6643 0252947 337.8838  21.1547 13.87120694443589
1 37901U 99025ENA 18205.05329504 +.00002969 +00000-0 +44569-3 0  9996
2 37901 097.9231 298.6976 0130447 145.7941 215.1755 14.69649827459516
1 37902U 99025ENB 18199.69425666  .00000325  00000-0  44391-3 0  9992
2 37902  98.6856  16.2064 0344283   2.4713 357.8026 13.43226524413804
1 37903U 99025ENC 18203.42265761  .00000898  00000-0  52487-3 0  9998
2 37903  98.1791  11.3621 0335202 329.3088  28.8837 13.85888304534625
1 37904U 99025END 18204.33657022 +.00000982 +00000-0 +33464-3 0  9993
2 37904 098.2508 041.1853 0081238 123.3390 237.5608 14.36671608424285
1 37905U 99025ENE 18205.31939959 +.00000180 +00000-0 +17715-3 0  9996
2 37905 099.3857 237.7312 0138046 116.8591 244.6754 13.87183481232727
1 37906U 99025ENF 18198.13182009  .00000069  00000-0  10459-3 0  9998
2 37906  99.5389 158.7427 0165396 259.2391 163.9590 13.77654708463920
1 37907U 99025ENG 18199.90153034  .00000692  00000-0  45697-3 0  9995
2 37907  99.1502 248.4517 0079988 182.3805 177.6991 14.03591701451947
1 37908U 99025ENH 18204.45436611 +.00000184 +00000-0 +88022-4 0  9994
2 37908 099.1371 068.9622 0083906 062.4756 298.4919 14.29027420254530
1 37909U 99025ENJ 18204.07437972 +.00000722 +00000-0 +67894-3 0  9995
2 37909 098.9398 305.4175 0206884 208.2504 150.7301 13.75430132445762
1 37910U 99025ENK 11342.39379115 +.00001655 +00000-0 +80677-3 0  9992
2 37910 099.0321 038.8017 0052026 234.5672 125.0257 14.18838118153810
1 37911U 99025ENL 18203.51849254  .00000502  00000-0  43052-3 0  9992
2 37911  99.4473 230.5389 0158504 156.0954 204.7666 13.86082488392128
1 37912U 99025ENM 18205.30420420 +.00000362 +00000-0 +28884-3 0  9992
2 37912 099.1244 133.1767 0113939 268.3889 245.0138 13.94542243395514
1 37913U 99025ENN 18205.39001370 +.00001479 +00000-0 +33128-3 0  9998
2 37913 098.9021 002.6652 0142249 030.8770 330.0693 14.52270947405769
1 37914U 99025ENP 18202.00424159  .00000226  00000-0  16086-3 0  9991
2 37914  98.9878 134.7757 0078533 347.8044  12.1221 14.05970298501274
1 37915U 99025ENQ 18204.88797633 +.00000544 +00000-0 +44161-3 0  9998
2 37915 098.3138 093.4589 0219255 169.9304 190.6355 13.82994634493793
1 37917U 99025ENS 18185.03400221  .00000143  00000-0  11294-3 0  9995
2 37917  99.0045 268.1241 0052539 112.4801 248.1941 14.05791415506019
1 37918U 99025ENT 18204.24784687 +.00000224 +00000-0 +11045-3 0  9996
2 37918 099.1261 017.5233 0062671 167.1315 193.1480 14.26412455654673
1 37919U 99025ENU 18193.41592039  .00000139  00000-0  83954-4 0  9995
2 37919  99.1780   2.4635 0051509 209.5251 150.3013 14.21775542439398
1 37920U 99025ENV 18204.33699252 +.00000646 +00000-0 +38886-3 0  9992
2 37920 099.0178 244.4457 0064645 309.0467 108.5511 14.09403052259994
1 37921U 99025ENW 18202.90511707 +.00000192 +00000-0 +17564-3 0  9998
2 37921 099.3391 219.1970 0083428 244.9868 114.2612 13.93797987255128
1 37922U 99025ENX 18202.33985387  .00000602  00000-0  36460-3 0  9997
2 37922  99.1282 232.5052 0072094  63.0297 297.8211 14.09087302490955
1 37924U 99025ENZ 18204.88152599 +.00000568 +00000-0 +30162-3 0  9996
2 37924 098.9427 245.3247 0052632 234.1825 125.4452 14.16935916490557
1 37925U 99025EPA 18204.10404927 +.00000432 +00000-0 +12510-3 0  9994
2 37925 099.0905 157.5743 0095537 197.2433 162.5505 14.47571518428001
1 37926U 99025EPB 18205.12114637 +.00000441 +00000-0 +26460-3 0  9993
2 37926 098.9308 261.0761 0061993 345.6303 043.4902 14.11189464361114
1 37927U 99025EPC 18204.35872898 +.00000827 +00000-0 +37322-3 0  9995
2 37927 098.8657 256.1484 0010567 293.6603 066.3466 14.24923446453317
1 37928U 99025EPD 18205.10357275 +.00000186 +00000-0 +88142-4 0  9992
2 37928 098.8417 322.4918 0081491 340.2667 019.5367 14.29176602425862
1 37929U 99025EPE 18205.11702654 +.00001035 +00000-0 +15965-3 0  9995
2 37929 098.9802 175.2215 0169878 324.4766 034.5218 14.66889133424060
1 37956U 93036BPF 18204.76371082 +.00000882 +00000-0 +16564-3 0  9993
2 37956 074.0466 340.2800 0047265 046.4598 314.0481 14.65599625403927
1 37957U 93036BPG 18205.10936198 +.00003117 +00000-0 +42441-3 0  9995
2 37957 074.0211 001.1294 0013716 004.0705 356.0580 14.79125579274773
1 37958U 93036BPH 18204.83142194 +.00005998 +00000-0 +42162-3 0  9999
2 37958 074.0084 250.2338 0009787 301.6580 058.3655 15.05288572202496
1 37959U 93036BPJ 18204.01184206 +.00000266 +00000-0 +80060-4 0  9993
2 37959 074.0145 086.4492 0071108 162.5921 260.1258 14.46070618410941
1 37960U 93036BPK 18205.32288586 +.00000180 +00000-0 +10035-3 0  9995
2 37960 074.0602 192.1634 0269882 130.6247 231.8703 14.00089216395844
1 37961U 93036BPL 18205.20562206 +.00000309 +00000-0 +98493-4 0  9995
2 37961 074.0479 134.7616 0054425 171.2885 188.9230 14.43054666411252
1 37962U 93036BPM 18189.66557811  .00002134  00000-0  23038-3 0  9993
2 37962  74.0696 310.0692 0070963 301.1164  58.3067 14.87245772479582
1 37963U 93036BPN 12117.50944718 +.00001395 +00000-0 +82235-3 0  9990
2 37963 074.0682 148.6214 0159873 322.0744 036.9446 14.02667412105436
1 37966U 93036BPR 18204.83597682 +.00000760 +00000-0 +18447-3 0  9995
2 37966 073.9991 031.1058 0024403 180.7367 179.3764 14.54492415458344
1 37967U 93036BPS 18205.06029351 +.00000110 +00000-0 +50762-4 0  9991
2 37967 074.0228 345.2761 0193064 040.6746 320.8635 14.22307902430537
1 37968U 93036BPT 18203.31919445 +.00000361 +00000-0 +54520-4 0  9994
2 37968 074.0080 192.1263 0133729 272.5596 086.0274 14.72870973202985
1 37969U 93036BPU 18205.36644228 +.00000975 +00000-0 +47501-3 0  9997
2 37969 073.9872 094.7841 0169393 177.7485 182.4458 14.12225977131765
1 37971U 93036BPW 18205.56991658 +.00000886 +00000-0 +35873-3 0  9994
2 37971 074.0033 296.3533 0094872 339.4391 020.2947 14.26801929220492
1 37973U 93036BPY 18200.39305172 +.00000213 +00000-0 +85804-4 0  9996
2 37973 074.0350 224.3010 0043640 241.0281 118.6492 14.33441099261937
1 37974U 93036BPZ 18204.19273266 +.00002236 +00000-0 +98236-4 0  9997
2 37974 074.0166 273.6717 0083093 308.5104 050.8661 15.19592565209165
1 37975U 93036BQA 18203.91325856 +.00000872 +00000-0 +28318-3 0  9997
2 37975 074.0217 287.5468 0184196 208.2882 150.8173 14.31215833308651
1 37977U 93036BQC 18204.53074791 +.00001006 +00000-0 +30242-3 0  9996
2 37977 073.9844 163.2974 0039733 198.6309 161.3396 14.43528976424865
1 37978U 93036BQD 18205.01530682 +.00000489 +00000-0 +94060-4 0  9990
2 37978 074.0743 329.9068 0090471 346.5866 013.2896 14.64021293270322
1 37979U 93036BQE 18205.13070529 +.00019415 +00000-0 +48842-3 0  9998
2 37979 074.0449 131.7919 0063292 273.2641 086.1326 15.37785082275076
1 37981U 93036BQG 15073.28948095 +.00007935 +00000-0 +22054-2 0  9999
2 37981 073.9959 277.0759 0038916 215.7662 269.1633 14.46142629290184
1 37983U 93036BQJ 18202.54679547  .00001392  00000-0  19224-3 0  9997
2 37983  74.0101 286.9764 0022114  19.9016 340.3017 14.79048277474319
1 37984U 93036BQK 18179.85201511  .00006113  00000-0  48315-3 0  9996
2 37984  73.8774 245.4144 0035793 213.8686 146.0215 15.00382035449041
1 37985U 93036BQL 18205.59473666 +.00000000 +00000-0 +93232-5 0  9999
2 37985 074.0247 173.7492 0022613 230.2056 129.7105 14.34753444262153
1 37986U 93036BQM 18204.26204708 +.00001712 +00000-0 +32501-3 0  9993
2 37986 074.0138 050.0881 0012571 060.3878 299.8541 14.64982475268642
1 37988U 93036BQP 18204.34083125 +.00000351 +00000-0 +93182-4 0  9993
2 37988 074.0689 080.4274 0089555 101.7218 259.4008 14.49967932841520
1 37990U 93036BQR 18202.98688584  .00000994  00000-0  30700-3 0  9993
2 37990  74.0182 198.2259 0062435 223.7830 135.8367 14.41545873410205
1 37992U 93036BQT 13054.40712615 -.00200638 +00000-0 -67816-1 0  9990
2 37992 073.9444 205.8639 0071644 291.3368 098.7474 14.36901513181709
1 37993U 93036BQU 18202.58103522  .00000394  00000-0  13004-3 0  9998
2 37993  74.0299 164.4483 0036061 197.3939 162.5984 14.40925697411021
1 37994U 93036BQV 18205.37181997 +.00000134 +00000-0 +56147-4 0  9999
2 37994 074.0366 190.4275 0025788 214.8096 145.1370 14.34933795383449
1 37995U 93036BQW 18204.48053542 +.00001923 +00000-0 +24818-3 0  9991
2 37995 073.9804 228.7113 0036788 347.0675 012.9554 14.81311950857070
1 37996U 93036BQX 18204.12040016 +.00001290 +00000-0 +87714-3 0  9996
2 37996 074.0734 093.5746 0314958 115.8837 247.5115 13.79501604862285
1 37997U 93036BQY 18204.67220176 +.00001143 +00000-0 +36481-3 0  9996
2 37997 074.0115 216.4089 0053030 201.0573 158.8399 14.40051531472756
1 37998U 93036BQZ 18204.57242003 +.00000217 +00000-0 +81200-4 0  9990
2 37998 074.0384 177.2989 0022988 200.2307 159.7938 14.37337376254490
1 38000U 93036BRB 18205.16915827 +.00001891 +00000-0 +43222-3 0  9992
2 38000 074.0252 127.2996 0039962 125.9109 234.5775 14.55951433434638
1 38001U 93036BRC 18204.93364847 +.00000150 +00000-0 +35029-4 0  9991
2 38001 074.0100 295.7656 0085456 033.1571 086.2424 14.61429177351764
1 38004U 93036BRF 18205.47997302 +.00001102 +00000-0 +30406-3 0  9993
2 38004 074.0349 126.4824 0022672 125.2575 235.0710 14.47838681463918
1 38006U 93036BRH 18205.60882216 -.00000070 +00000-0 -18818-4 0  9996
2 38006 073.8600 298.8903 0105701 052.5785 308.4921 14.21782754244556
1 38016U 97051YC  18205.46471385 +.00004341 +00000-0 +59862-3 0  9999
2 38016 086.3998 106.7458 0030783 183.0049 303.7503 14.77653838242887
1 38017U 97051YD  18202.95482619 +.00001715 +00000-0 +92489-3 0  9997
2 38017 086.3550 194.2928 0191218 346.7485 012.8707 14.03377901232425
1 38018U 97051YE  17142.92251152 +.00024708 +00000-0 +12199-2 0  9999
2 38018 086.2488 207.5191 0009689 114.5936 243.3571 15.17723735386692
1 38019U 97051YF  18205.56193728 +.00002559 +00000-0 +67986-3 0  9990
2 38019 086.3996 147.6477 0084638 175.3451 184.8559 14.46126346439402
1 38020U 97051YG  18203.17458235 +.00002111 +00000-0 +92552-3 0  9995
2 38020 086.3140 166.5940 0177006 238.7457 119.6285 14.15275302456484
1 38022U 97051YJ  18203.99264616 +.00000055 +00000-0 +13913-4 0  9995
2 38022 086.2796 096.9781 0057400 160.7316 199.6066 14.27974079483861
1 38023U 97051YK  18204.64282263 +.00002667 +00000-0 +79696-3 0  9997
2 38023 086.4183 170.3270 0102631 288.3918 070.6143 14.39619887454527
1 38024U 97051YL  18201.73260729  .00001780  00000-0  62562-3 0  9997
2 38024  86.4833 197.6861 0127119 346.0040  13.7641 14.30023978462424
1 38025U 97051YM  18204.80275640 +.00001429 +00000-0 +60418-3 0  9995
2 38025 086.4972 227.1831 0165903 180.7554 305.3729 14.17768543476253
1 38027U 97051YP  13140.37127819 +.00008585 +00000-0 +25049-2 0  9997
2 38027 086.2929 169.8830 0009398 054.3656 305.8419 14.43993510157137
1 38028U 97051YQ  18203.94245576 +.00000191 +00000-0 +54071-4 0  9991
2 38028 086.3273 084.0267 0031329 032.9362 327.3780 14.39871373442312
1 38030U 97051YS  18205.53017394 +.00003822 +00000-0 +86580-3 0  9999
2 38030 086.3645 132.1181 0084507 105.0431 256.0147 14.53672778391708
1 38033U 97051YV  18205.43938793 +.00003129 +00000-0 +34673-3 0  9992
2 38033 086.2767 011.4892 0020719 019.1677 341.0322 14.86817231857387
1 38054U 93036BRL 18204.23803935 -.00000560 +00000-0 -52910-3 0  9992
2 38054 073.9574 291.9886 0397400 072.5842 321.0043 13.49221391364585
1 38055U 93036BRM 18205.36533352 +.00000191 +00000-0 +46334-4 0  9993
2 38055 074.0189 339.1541 0091302 057.3715 334.1213 14.57468855212499
1 38056U 93036BRN 18205.15624214 +.00000180 +00000-0 +16000-3 0  9993
2 38056 073.9239 110.7879 0332876 258.4088 097.9493 13.69412601271930
1 38057U 93036BRP 18173.77607096  .00000886  00000-0  48695-3 0  9993
2 38057  74.0114 207.8812 0178671 259.1240  98.9747 14.05453216444505
1 38058U 93036BRQ 18205.60809757 -.00000037 +00000-0 -14272-4 0  9995
2 38058 074.0055 307.9086 0445452 025.7611 336.4960 13.49541026218351
1 38060U 93036BRS 18204.12755141 +.00000176 +00000-0 +47524-4 0  9999
2 38060 074.0454 013.8007 0069085 087.2071 273.6996 14.53789201326660
1 38061U 93036BRT 18205.23463618 +.00011762 +00000-0 +75692-3 0  9997
2 38061 073.9534 288.3567 0014241 309.0723 050.9200 15.08352191334647
1 38062U 93036BRU 18205.23904112 +.00000547 +00000-0 +13953-3 0  9998
2 38062 074.0232 053.4299 0032646 135.6984 341.8297 14.52662061414105
1 38063U 93036BRV 18204.41960190 +.00001394 +00000-0 +17683-3 0  9991
2 38063 074.0207 214.0236 0086719 273.9190 085.2076 14.80219741393428
1 38064U 93036BRW 18205.21263700 +.00000331 +00000-0 +10523-3 0  9990
2 38064 074.0267 124.1038 0059360 183.8289 176.2422 14.42851126328540
1 38065U 93036BRX 18205.50782733 +.00000939 +00000-0 +25251-3 0  9993
2 38065 074.0307 127.9708 0020022 140.6747 333.5679 14.49333175356239
1 38066U 93036BRY 18205.58410207 +.00002395 +00000-0 +43534-3 0  9998
2 38066 074.0249 057.0766 0019516 073.2370 287.0939 14.66621077331168
1 38067U 93036BRZ 18204.74568377 +.00000114 +00000-0 +33006-4 0  9999
2 38067 074.0212 355.0030 0078871 089.7925 329.3245 14.53843917232830
1 38068U 93036BSA 18205.35360096 +.00000101 +00000-0 +46727-4 0  9996
2 38068 074.0207 205.6798 0027757 224.1239 135.7698 14.32527145279815
1 38069U 93036BSB 18202.54533983  .00001538  00000-0  56331-3 0  9998
2 38069  74.1894  41.3645 0097429 238.1498 151.4515 14.31061607365511
1 38110U 99025EPF 18203.90070694 +.00000213 +00000-0 +17054-3 0  9993
2 38110 098.1423 073.6485 0204859 304.7101 109.8963 13.90339426413283
1 38113U 99025EPJ 18204.39908887 +.00001229 +00000-0 +76069-3 0  9993
2 38113 098.4450 271.9156 0137569 228.0308 130.9073 14.02371533437773
1 38114U 99025EPK 18204.40538094 +.00001226 +00000-0 +59843-3 0  9993
2 38114 097.9304 071.5946 0143869 288.7625 069.7988 14.14344598233639
1 38115U 99025EPL 17350.10537117  .00001871  00000-0  13418-2 0  9990
2 38115  97.6920 304.5774 0333618  63.9196 299.5893 13.74434819484624
1 38116U 99025EPM 18179.32582385  .00000070  00000-0  60675-4 0  9991
2 38116  98.9931 206.5330 0073937 325.0200  91.6698 14.12613295461239
1 38119U 99025EPQ 18203.53530184  .00001054  00000-0  75546-3 0  9990
2 38119  98.6147 112.4130 0376617   1.5680 120.1145 13.69889531418326
1 38120U 99025EPR 18205.52171473 +.00001900 +00000-0 +48148-3 0  9993
2 38120 098.3527 107.5847 0049479 033.1845 093.3662 14.51286384266688
1 38121U 99025EPS 18164.48117789  .00000395  00000-0  19297-3 0  9993
2 38121  98.9769 255.5428 0233385 312.2818  45.8772 14.10611464452210
1 38122U 99025EPT 18203.32398998 +.00000151 +00000-0 +53067-4 0  9998
2 38122 098.5184 242.0186 0255179 297.4832 060.0621 14.32729802290048
1 38123U 99025EPU 18202.89882275 +.00000754 +00000-0 +11227-2 0  9995
2 38123 100.3245 250.7048 0438868 211.7117 145.6869 13.23883510427508
1 38124U 99025EPV 18204.23081791 +.00000054 +00000-0 +10134-3 0  9990
2 38124 097.7873 012.3462 0360761 090.1251 274.1217 13.39856023522351
1 38125U 99025EPW 18203.94325614 +.00000504 +00000-0 +77998-3 0  9994
2 38125 100.3387 252.0428 0427313 155.3232 206.9003 13.24584766460441
1 38126U 99025EPX 13248.57725935 +.00000508 +00000-0 +71300-3 0  9993
2 38126 098.7260 289.7725 0341383 170.5848 188.4914 13.39621878144393
1 38127U 99025EPY 18180.72094121  .00000444  00000-0  17838-3 0  9992
2 38127  99.0935   9.7894 0064839 155.8720 204.5523 14.32177718512148
1 38129U 99025EQA 18204.13861698 +.00001132 +00000-0 +86956-3 0  9999
2 38129 097.9792 341.8252 0134012 010.5905 349.8031 13.90683112411574
1 38130U 99025EQB 18203.57879017 +.00000289 +00000-0 +32213-3 0  9991
2 38130 098.6168 135.6782 0223217 222.1964 136.1816 13.68360610387727
1 38131U 99025EQC 18184.64498906 +.00000814 +00000-0 +54084-3 0  9996
2 38131 097.9013 331.5848 0129568 295.1476 063.6298 13.99704924257527
1 38132U 99025EQD 18198.98575853  .00002505  00000-0  11400-2 0  9999
2 38132  99.2446 258.1850 0188142 213.7931 145.1133 14.13742924454099
1 38133U 99025EQE 18204.65448518 +.00000327 +00000-0 +31232-3 0  9995
2 38133 098.2797 002.1624 0270497 065.9605 296.9601 13.70839444436433
1 38134U 99025EQF 18205.03844439 +.00001002 +00000-0 +56569-3 0  9992
2 38134 098.5172 301.7298 0130749 191.4944 168.3233 14.08140344257390
1 38135U 99025EQG 18202.82963015 +.00000157 +00000-0 +76017-4 0  9990
2 38135 098.9836 222.3521 0238047 280.0776 077.3621 14.18876093226931
1 38136U 99025EQH 18205.33886136 +.00000515 +00000-0 +45210-3 0  9996
2 38136 098.5800 232.4261 0152955 292.7498 065.7558 13.84498139446472
1 38137U 99025EQJ 18205.29023640 -.00000044 +00000-0 +98463-6 0  9994
2 38137 099.1738 224.4962 0045964 016.9080 343.3606 14.03955230471315
1 38138U 99025EQK 18204.91923584 +.00000529 +00000-0 +28946-3 0  9992
2 38138 098.9357 257.8771 0053942 159.2974 201.0401 14.15519073399356
1 38139U 99025EQL 18198.02597640  .00003645  00000-0  63007-3 0  9996
2 38139  99.1267 128.7016 0021121 250.6818 109.2100 14.68992286499079
1 38140U 99025EQM 18180.37292639  .00000711  00000-0  30269-3 0  9992
2 38140  98.8000 230.9257 0064758 132.9081 227.7559 14.27173237491788
1 38142U 99025EQP 18203.44244681 +.00000700 +00000-0 +19064-3 0  9990
2 38142 098.6121 275.7505 0098876 072.5938 288.6036 14.47805029266322
1 38143U 99025EQQ 18204.21280985 +.00000386 +00000-0 +28552-3 0  9996
2 38143 099.2707 206.6820 0060389 106.1002 254.6822 14.00574922393373
1 38144U 99025EQR 18199.26978272  .00000333  00000-0  42211-3 0  9998
2 38144  98.9829 217.6740 0301788 282.3702  74.3814 13.52870105482165
1 38145U 99025EQS 18170.23854300  .00000886  00000-0  72701-3 0  9990
2 38145  97.6223 339.7410 0426869 200.1625 158.2206 13.55936935525409
1 38146U 99025EQT 13315.50243100 +.00002343 +00000-0 +57475-3 0  9998
2 38146 099.5434 202.5211 0288787 345.3818 011.6719 14.31329862317738
