1 32067U 99057QF  14154.12860017 +.00000137 +00000-0 +53917-4 0  9998
2 32067 098.1628 113.6504 0034846 358.7697 063.5312 14.42165538361474
1 32068U 99057QG  10297.19027138 +.00000643 +00000-0 +23502-3 0  9997
2 32068 098.1708 284.4884 0009118 032.0755 322.3860 14.36048704175456
1 32069U 99057QH  14086.12963755 +.00025109 +00000-0 +63848-2 0  9995
2 32069 098.2873 054.1104 0014579 052.0247 294.9089 14.50578187349441
1 32070U 99057QJ  12352.10236154 +.00012245 +00000-0 +32892-2 0  9997
2 32070 098.2113 319.3565 0008616 093.5074 266.0816 14.48184702291492
1 32071U 99057QK  18205.54147390 +.00003339 +00000-0 +37507-3 0  9995
2 32071 098.2671 236.1791 0003068 107.5722 252.5828 14.87465735589462
1 32072U 99057QL  18205.19028296 +.00001215 +00000-0 +25325-3 0  9996
2 32072 098.3640 187.3458 0008731 348.5774 011.5227 14.61782328242568
1 32075U 99057QP  18204.41219607 +.00006885 +00000-0 +48122-3 0  9999
2 32075 098.2145 270.8180 0002707 144.9439 215.1965 15.05664175588071
1 32077U 99057QR  12105.17251714 +.00003811 +00000-0 +12084-2 0  9996
2 32077 098.2285 079.8109 0004590 154.4270 205.7483 14.40577270247706
1 32079U 99057QT  18205.10864850 +.00000097 +00000-0 +46009-4 0  9998
2 32079 098.5182 150.9879 0005339 205.6730 210.8360 14.38706195582816
1 32080U 99057QU  18204.98948144 +.00009874 +00000-0 +56864-3 0  9995
2 32080 098.2333 267.1032 0007987 061.3438 298.8593 15.12627987262912
1 32081U 99057QV  18205.19942881 +.00003929 +00000-0 +47635-3 0  9993
2 32081 098.2385 193.8386 0013772 185.3076 174.7993 14.84142440587371
1 32082U 99057QW  18204.97089597 +.00005261 +00000-0 +44258-3 0  9994
2 32082 098.2472 265.8681 0007558 156.0782 204.0791 14.98710592589505
1 32084U 99057QY  18205.23853072 +.00001640 +00000-0 +29008-3 0  9996
2 32084 098.3338 200.8581 0002500 338.4167 077.4746 14.68759045602480
1 32085U 99057QZ  18204.27774386 +.00002385 +00000-0 +34042-3 0  9991
2 32085 098.2942 228.3566 0001303 271.6012 088.5049 14.77705279588725
1 32086U 99025CQC 18205.62274984 +.00001106 +00000-0 +11219-2 0  9996
2 32086 099.2737 350.8323 0325818 228.8671 128.3928 13.58120728250695
1 32087U 99025CQD 18205.49213858 +.00002289 +00000-0 +32178-3 0  9996
2 32087 098.6207 290.8168 0104341 030.3114 330.4072 14.74811563580881
1 32088U 99025CQE 18205.37029745 +.00000073 +00000-0 +21062-3 0  9993
2 32088 102.3957 266.2492 0441006 310.1809 046.1462 13.17418412242494
1 32089U 99025CQF 18204.32201819 +.00000343 +00000-0 +21091-3 0  9994
2 32089 098.8656 247.8724 0119912 209.8446 149.5850 14.08611276565684
1 32090U 99025CQG 18204.10070811 +.00000818 +00000-0 +39177-3 0  9999
2 32090 098.9912 296.5536 0071359 125.3658 357.7332 14.20534149567422
1 32092U 99025CQJ 18204.92041995 +.00000628 +00000-0 +34446-3 0  9995
2 32092 098.9348 259.7508 0034990 269.1847 090.5317 14.15222546327174
1 32093U 99025CQK 18205.50878159 +.00000136 +00000-0 +65897-4 0  9990
2 32093 098.7516 314.9174 0086236 337.0392 022.6945 14.31292414578724
1 32094U 99025CQL 18202.31194826  .00000159  00000-0  11935-3 0  9997
2 32094  98.8441 236.8656 0035819 336.9747  81.1840 14.07536620566008
1 32095U 99025CQM 18203.33536769 +.00000060 +00000-0 +54413-4 0  9997
2 32095 098.9121 232.3661 0080395 224.1109 135.3632 14.13345234566514
1 32096U 99025CQN 18205.05432251 +.00000287 +00000-0 +27482-3 0  9996
2 32096 099.3009 246.2135 0142063 181.6685 178.4014 13.84120751555323
1 32097U 99025CQP 18205.33921283 +.00001293 +00000-0 +14274-3 0  9999
2 32097 099.1061 340.9048 0131893 076.0885 285.4955 14.83588064586831
1 32098U 99025CQQ 18178.34165938  .00000023  00000-0  27836-4 0  9996
2 32098  98.7234 212.8566 0206668  40.6192 321.0194 14.15989043563106
1 32099U 99025CQR 18204.48225785 +.00000329 +00000-0 +20004-3 0  9997
2 32099 098.3104 090.4475 0377417 145.9228 340.9748 13.81115160563331
1 32101U 99025CQT 18205.53806448 +.00000521 +00000-0 +42611-3 0  9991
2 32101 099.1165 116.7050 0145614 026.4705 334.3797 13.89239296556201
1 32102U 99025CQU 18205.13181979 +.00005503 +00000-0 +73751-3 0  9997
2 32102 099.3326 165.9068 0117417 131.5736 293.5649 14.75184287549940
1 32103U 99025CQV 18204.48100990 +.00002022 +00000-0 +36523-3 0  9998
2 32103 096.7155 086.3994 0079270 108.3063 015.3182 14.65183241591054
1 32104U 99025CQW 18154.54760318  .00000457  00000-0  34170-3 0  9992
2 32104  97.6751  70.6951 0332453 313.7835  43.6249 13.75360201546679
1 32105U 99025CQX 18205.39375874 +.00000728 +00000-0 +10151-2 0  9995
2 32105 103.4540 042.4637 0434191 226.3684 130.0639 13.29964343532791
1 32106U 99025CQY 18204.02304330 +.00000652 +00000-0 +45039-3 0  9994
2 32106 101.4779 142.8941 0155158 099.3907 262.4826 13.98512154559013
1 32107U 99025CQZ 13256.87214244 -.00000103 +00000-0 -36943-4 0  9992
2 32107 099.1239 260.9498 0058809 322.1102 155.7579 14.02276659313566
1 32109U 99025CRB 18205.54532183 +.00000125 +00000-0 +55194-4 0  9993
2 32109 098.5569 117.8585 0223944 338.8281 020.3741 14.27149864263544
1 32110U 99025CRC 18205.02572053 +.00000449 +00000-0 +25901-3 0  9999
2 32110 099.5098 140.4801 0040368 000.7054 059.3474 14.14320806261419
1 32111U 99025CRD 18204.27996794 +.00000093 +00000-0 +51093-4 0  9995
2 32111 098.6062 234.6265 0124106 233.0356 189.7714 14.28460392574704
1 32112U 99025CRE 18184.24840862  .00001611  00000-0  16420-3 0  9995
2 32112  98.6395 353.1000 0124989 312.1029  46.9610 14.86823493583925
1 32113U 99025CRF 18204.28303554 +.00000113 +00000-0 +10259-3 0  9995
2 32113 099.3074 236.3121 0251461 338.3095 020.7560 13.88785164253711
1 32114U 99025CRG 18205.06876589 +.00000442 +00000-0 +14635-3 0  9993
2 32114 099.9338 163.5723 0081114 273.2176 085.9731 14.42406348266298
1 32115U 99025CRH 18205.31499556 +.00000774 +00000-0 +38659-3 0  9997
2 32115 098.9739 240.0720 0025185 148.2570 212.0130 14.19672660567225
1 32116U 99025CRJ 17313.05721004  .00016136  00000-0  73315-3 0  9991
2 32116  99.5316  37.3841 0147146 269.8254 118.6208 15.11653097562213
1 32117U 99025CRK 18205.11589069 +.00000348 +00000-0 +20500-3 0  9999
2 32117 098.8553 262.2114 0027579 255.5750 104.2362 14.14197088566638
1 32118U 99025CRL 18205.06413462 +.00002056 +00000-0 +46533-3 0  9999
2 32118 102.4118 277.6147 0034812 281.1709 198.4458 14.57814772588088
1 32119U 99025CRM 18205.15935391 +.00000490 +00000-0 +37351-3 0  9998
2 32119 099.8900 182.3548 0095226 078.4600 282.7233 13.96853345560042
1 32120U 99025CRN 18029.70825608  .00004530  00000-0  36422-3 0  9991
2 32120  98.8795   5.9908 0057970 271.8365  87.6216 14.99332411562917
1 32123U 99025CRR 18205.32623722 +.00000051 +00000-0 +21954-4 0  9990
2 32123 098.8847 151.3567 0177011 212.1187 302.0688 14.54437929321038
1 32124U 99025CRS 18205.25255021 +.00007523 +00000-0 +34650-3 0  9993
2 32124 099.0193 013.1945 0077695 152.0121 208.5320 15.17982958597752
1 32125U 99025CRT 18205.22779902 +.00000568 +00000-0 +15825-3 0  9995
2 32125 099.0899 356.4463 0293750 324.4054 033.7841 14.28508963579562
1 32126U 99025CRU 18202.36495261 +.00000268 +00000-0 +36442-3 0  9996
2 32126 099.1074 253.6596 0289769 298.9786 058.2588 13.51694992251757
1 32127U 99025CRV 18205.02416979 +.00000104 +00000-0 +16810-3 0  9998
2 32127 099.2795 299.3732 0300994 010.6764 350.0577 13.51250189239042
1 32128U 99025CRW 18205.30611328 +.00000069 +00000-0 +51723-4 0  9998
2 32128 099.3670 236.6802 0418157 330.6144 027.2073 13.88011483255051
1 32129U 99025CRX 18203.06907306 +.00000593 +00000-0 +37093-3 0  9999
2 32129 099.1377 250.7823 0096747 068.5534 321.9117 14.06349071561142
1 32130U 99025CRY 18205.06965740 +.00000109 +00000-0 +56401-4 0  9997
2 32130 098.6868 302.8209 0090628 334.1481 025.5187 14.30814549575957
1 32132U 99025CSA 18205.32285139 +.00000403 +00000-0 +16698-3 0  9995
2 32132 098.6733 257.4969 0104178 348.7788 011.1072 14.29059783321137
1 32133U 99025CSB 18204.43459181 +.00000044 +00000-0 +44192-4 0  9999
2 32133 098.7201 272.7779 0035458 312.8725 046.9473 14.16257087567535
1 32134U 99025CSC 18205.60886050 +.00000076 +00000-0 +44648-4 0  9990
2 32134 098.8046 243.7129 0286785 076.5968 076.5593 14.12933914569850
1 32136U 99025CSE 18204.38596719 +.00000194 +00000-0 +87659-4 0  9996
2 32136 098.5050 262.0643 0072318 279.8603 079.4421 14.31162006581378
1 32137U 99025CSF 18204.31494299 +.00000280 +00000-0 +53738-4 0  9997
2 32137 098.5980 252.0866 0288535 066.3081 296.8105 14.48479604274541
1 32138U 99025CSG 17328.02892280  .00002378  00000-0  11290-2 0  9999
2 32138  98.8910  46.5619 0021916 165.9358 205.6892 14.20343251538879
1 32139U 99025CSH 18202.38403061  .00000470  00000-0  15044-3 0  9999
2 32139  98.6555 258.4273 0221902 110.0960 252.4252 14.31112862573693
1 32141U 99025CSK 18204.93307597 +.00000515 +00000-0 +37447-3 0  9993
2 32141 098.9736 259.3080 0068823 157.9344 202.4807 13.99588417571610
1 32142U 99025CSL 16253.87263610  .00003022  00000-0  11822-2 0  9990
2 32142  99.0124 279.1116 0075396 262.6605  96.6635 14.28005444689216
1 32143U 99025CSM 18204.34512375 +.00000022 +00000-0 +31362-4 0  9996
2 32143 098.6486 247.3861 0105561 317.9722 041.3389 14.15984433577173
1 32146U 99025CSQ 18205.40681151 +.00000429 +00000-0 +19964-3 0  9990
2 32146 098.8892 280.4773 0123653 024.0580 336.6307 14.21686216565069
1 32147U 99025CSR 14154.14073593 +.00004504 +00000-0 +31775-3 0  9998
2 32147 099.0229 121.7910 0178546 201.9667 157.3886 14.93615858373385
1 32148U 99025CSS 18205.58258503 +.00000341 +00000-0 +41850-4 0  9995
2 32148 099.0765 333.3374 0164845 349.7947 009.9929 14.82573184344960
1 32150U 99025CSU 18204.98262196 +.00000059 +00000-0 +23950-4 0  9991
2 32150 099.1379 283.7601 0184374 287.8784 070.2379 14.54930619584242
1 32151U 99025CSV 18205.13305819 +.00003138 +00000-0 +42978-3 0  9991
2 32151 098.9931 177.4952 0046874 322.5987 097.1561 14.78610796586224
1 32152U 99025CSW 18205.04660209 +.00000635 +00000-0 +23269-3 0  9990
2 32152 098.6548 292.9836 0076140 319.6610 039.8941 14.34686113585603
1 32153U 99025CSX 18205.52782278 -.00000007 +00000-0 +10623-4 0  9990
2 32153 098.5543 311.6454 0225177 043.1614 318.6984 14.42788693582711
1 32154U 99025CSY 18205.40460334 +.00004588 +00000-0 +34721-3 0  9995
2 32154 099.0257 262.4813 0050189 226.8000 132.9023 15.01969026273872
1 32155U 99025CSZ 18204.24046858 +.00000162 +00000-0 +83147-4 0  9999
2 32155 099.0733 004.9530 0077256 133.4482 227.3159 14.27087712574028
1 32156U 99025CTA 18204.10397433 +.00000098 +00000-0 +58275-4 0  9995
2 32156 099.3001 153.1668 0086472 237.9888 121.2867 14.27295230262779
1 32157U 99025CTB 18204.98603051 +.00000658 +00000-0 +94693-4 0  9994
2 32157 099.0147 275.2259 0151037 102.4937 259.3212 14.73041242587142
1 32158U 99025CTC 18205.54816103 +.00001308 +00000-0 +37654-3 0  9998
2 32158 099.1185 121.2538 0047653 025.1259 335.2235 14.45993185579200
1 32160U 99025CTE 18205.50318965 +.00000105 +00000-0 +55498-4 0  9991
2 32160 098.6882 301.3001 0091637 357.7631 002.3129 14.30101753577035
1 32161U 99025CTF 18205.50495487 +.00000033 +00000-0 +46737-4 0  9993
2 32161 098.5947 047.1156 0146469 250.5827 107.9460 13.99397618256725
1 32162U 99025CTG 18205.39089418 +.00000459 +00000-0 +16452-3 0  9996
2 32162 099.4539 274.0331 0071285 146.7644 213.8047 14.37911972574544
1 32163U 99025CTH 18204.37407444 +.00000317 +00000-0 +13872-3 0  9993
2 32163 099.5223 263.2858 0061311 228.1991 131.3942 14.30631832572340
1 32164U 99025CTJ 15072.08990585 +.00002255 +00000-0 +55693-3 0  9995
2 32164 099.3273 029.7416 0124038 216.0851 143.1921 14.48733747405009
1 32165U 99025CTK 18205.03045542 +.00000144 +00000-0 +12852-3 0  9991
2 32165 098.6136 279.3500 0157397 079.1628 282.7204 13.92267616254934
1 32166U 99025CTL 18205.26595417 +.00000773 +00000-0 +73368-4 0  9996
2 32166 098.1971 322.2754 0157573 042.6991 318.6344 14.87916863592232
1 32167U 99025CTM 18205.28636726 +.00000027 +00000-0 +25568-4 0  9999
2 32167 098.5937 237.6066 0175660 059.6987 302.1443 14.26097557575236
1 32168U 99025CTN 18204.91143000 +.00001437 +00000-0 +12694-2 0  9997
2 32168 101.6619 005.1444 0293373 247.0123 109.9821 13.69642886550654
1 32169U 99025CTP 18205.42158032 +.00000991 +00000-0 +48703-3 0  9991
2 32169 098.5571 053.1361 0078471 117.6283 243.2888 14.18233511582258
1 32170U 99025CTQ 18204.99792702 +.00004062 +00000-0 +39465-3 0  9990
2 32170 099.0879 275.5921 0055032 251.8345 107.6873 14.92194115246181
1 32171U 99025CTR 18202.96834670 -.00000071 +00000-0 -53482-5 0  9992
2 32171 102.8219 114.4228 0544208 339.6035 073.4041 13.26756682246796
1 32172U 99025CTS 18205.45972055 +.00000625 +00000-0 +99911-4 0  9999
2 32172 099.0494 282.1127 0152324 138.5928 222.6938 14.68758599590208
1 32173U 99025CTT 18199.25659996  .00000531  00000-0  25620-3 0  9997
2 32173  99.6201 199.6117 0071285 264.4251  94.8790 14.22248345568805
1 32174U 99025CTU 18203.44984224 -.00000056  00000-0 -59953-5 0  9992
2 32174  98.8189 285.1295 0160621  50.0629 311.4531 14.14755988567404
1 32175U 99025CTV 18204.47380474 -.00000030 +00000-0 +78404-5 0  9997
2 32175 098.8565 310.9015 0173858 076.0562 285.9860 13.81345852224756
1 32176U 99025CTW 18205.29983096 +.00000535 +00000-0 +18168-3 0  9996
2 32176 099.4175 251.4276 0065154 098.9138 261.9430 14.40052637223972
1 32177U 99025CTX 18205.33752105 +.00000402 +00000-0 +15632-3 0  9993
2 32177 099.0750 039.7851 0075124 072.9487 287.9909 14.33909817322265
1 32178U 99025CTY 18205.54552976 +.00000303 +00000-0 +18414-3 0  9992
2 32178 100.2726 119.2877 0110579 084.5657 276.8112 14.12147221258427
1 32179U 99025CTZ 18205.00013924 +.00000010 +00000-0 +32327-4 0  9994
2 32179 099.2400 221.2732 0148345 100.5631 292.1550 14.02088226278978
1 32180U 99025CUA 18205.12720003 +.00000023 +00000-0 +58794-4 0  9992
2 32180 099.4742 158.1385 0138243 107.6911 320.3790 13.81698649569951
1 32181U 99025CUB 18205.18029001 +.00000175 +00000-0 +68029-4 0  9999
2 32181 099.4731 316.9119 0095324 065.8347 050.9862 14.40864629577559
1 32182U 99025CUC 18203.81892642 +.00000995 +00000-0 +47919-3 0  9991
2 32182 098.2052 227.1635 0122114 309.2630 049.7762 14.16979360580075
1 32183U 99025CUD 18205.41735203 +.00000353 +00000-0 +24343-3 0  9993
2 32183 098.9683 279.0754 0045784 069.7788 290.8294 14.05218947348290
1 32184U 99025CUE 18205.38149832 +.00000588 +00000-0 +71867-4 0  9991
2 32184 098.2482 271.8214 0264637 045.6570 316.5992 14.65502671585216
1 32185U 99025CUF 18205.53889730 +.00000608 +00000-0 +13009-3 0  9993
2 32185 098.7335 328.5072 0482081 341.2373 017.1548 14.09060990564895
1 32186U 99025CUG 18205.16346331 -.00000078 +00000-0 -25619-4 0  9992
2 32186 099.6573 181.4906 0285015 342.7669 075.4973 13.71852128255733
1 32187U 99025CUH 18205.46861671 +.00000034 +00000-0 +88812-4 0  9999
2 32187 099.3265 022.1818 0298136 059.0767 330.0082 13.48791425298696
1 32188U 99025CUJ 18176.50398502  .00002222  00000-0  82498-3 0  9994
2 32188  99.0488 271.1769 0070082 138.9811 224.3761 14.31863522565290
1 32189U 99025CUK 18205.30319072 +.00001008 +00000-0 +49396-3 0  9992
2 32189 099.0242 236.5240 0034184 231.4454 128.3657 14.19894591259948
1 32190U 99025CUL 18205.41124634 +.00001259 +00000-0 +33462-3 0  9999
2 32190 098.9731 062.7912 0058814 256.6966 102.7663 14.49560471577800
1 32191U 99025CUM 18205.29673039 +.00000405 +00000-0 +23076-3 0  9996
2 32191 098.9456 248.2406 0107890 325.4715 033.9481 14.12562146566565
1 32192U 99025CUN 18204.98898439 +.00000132 +00000-0 +14490-3 0  9992
2 32192 098.6632 260.5503 0184344 265.1783 092.8302 13.80530911554593
1 32193U 99025CUP 18183.19836022  .00000902  00000-0  43895-3 0  9998
2 32193  98.4815 326.0984 0106588  81.9164 279.4088 14.17568992562827
1 32194U 99025CUQ 18205.07868677 +.00000700 +00000-0 +18744-3 0  9993
2 32194 099.0933 149.1481 0077475 192.8297 167.0925 14.50064405326606
1 32195U 99025CUR 18185.89655939 +.00000005 +00000-0 +30435-4 0  9996
2 32195 098.9571 218.4067 0071817 358.0719 002.0161 14.04421951561616
1 32197U 99025CUT 18205.21145056 +.00000105 +00000-0 +53636-4 0  9990
2 32197 098.9960 349.0362 0175002 130.0912 353.4037 14.27276168558910
1 32198U 99025CUU 18176.78235619 +.00000436 +00000-0 +32797-3 0  9996
2 32198 098.3278 165.2719 0105200 056.6605 304.4577 13.96335580563747
1 32199U 99025CUV 18172.69784418  .00001974  00000-0  41426-3 0  9996
2 32199  99.1595 130.7774 0121161  76.1368 285.3272 14.56468484572335
1 32200U 99025CUW 18204.88298355 +.00000420 +00000-0 +27465-3 0  9998
2 32200 099.0357 242.7631 0043168 331.2488 028.6301 14.07350634564624
1 32201U 99025CUX 18205.30360120 +.00000199 +00000-0 +13796-3 0  9992
2 32201 099.1923 224.3094 0148304 142.3295 218.8369 14.04659649581798
1 32202U 99025CUY 18205.40028556 +.00001495 +00000-0 +68138-3 0  9998
2 32202 098.3812 273.4426 0125660 131.9866 229.2096 14.18862016263226
1 32203U 99025CUZ 18205.18796103 +.00001544 +00000-0 +82616-4 0  9997
2 32203 097.0438 345.4569 0354842 196.8984 162.0162 14.75590529586576
1 32204U 99025CVA 18205.09884974 +.00003373 +00000-0 +94601-3 0  9990
2 32204 099.3412 072.7752 0128521 035.7636 325.2073 14.42021127316130
1 32205U 99025CVB 18205.55069878 +.00000045 +00000-0 +48277-4 0  9992
2 32205 098.8714 233.8143 0011907 046.3653 106.9280 14.12389259563981
1 32207U 99025CVD 18177.51761868  .00000115  00000-0  58406-4 0  9999
2 32207  99.8393  73.3569 0092604 350.7847 130.6814 14.34341246572251
1 32208U 99025CVE 18202.88030383 +.00002242 +00000-0 +43131-3 0  9991
2 32208 098.9518 079.0572 0033496 165.4420 194.7753 14.64394462578845
1 32209U 99025CVF 18205.22294868 +.00000837 +00000-0 +11237-2 0  9992
2 32209 099.4352 297.8102 0349330 237.4562 119.2378 13.40371367538596
1 32210U 99025CVG 18204.30145200 +.00000621 +00000-0 +41870-3 0  9995
2 32210 099.1124 238.2088 0078924 137.0003 223.7367 14.02792098234710
1 32211U 99025CVH 18142.41698010  .00000505  00000-0  39878-3 0  9997
2 32211  98.6009 203.9363 0134363   9.3836  47.7302 13.91623935546266
1 32212U 99025CVJ 18204.13328997 +.00000220 +00000-0 +90158-4 0  9993
2 32212 099.5808 322.9307 0151641 271.2357 214.0746 14.32808528573473
1 32213U 99025CVK 14237.28036838 +.00000396 +00000-0 +27232-3 0  9998
2 32213 099.2220 248.1361 0183412 027.9138 333.1397 13.97395130361001
1 32214U 99025CVL 18205.11937823 +.00000609 +00000-0 +59757-3 0  9998
2 32214 099.0283 323.9852 0229269 012.2167 109.0372 13.71645655547467
1 32216U 99025CVN 18205.37919391 +.00000916 +00000-0 +34453-3 0  9995
2 32216 099.5495 255.4680 0052679 242.6240 116.9575 14.33572030571461
1 32217U 99025CVP 18204.81338070 +.00000709 +00000-0 +26706-3 0  9995
2 32217 099.1385 061.9504 0051822 080.5791 280.1245 14.34041852571642
1 32218U 99025CVQ 18205.50301220 +.00000254 +00000-0 +95910-4 0  9999
2 32218 098.6342 304.0668 0084436 202.5467 216.0131 14.37669276574155
1 32219U 99025CVR 10291.26267109 +.00000828 +00000-0 +38835-3 0  9996
2 32219 098.8394 293.4115 0086757 273.6268 090.0703 14.20944452167235
1 32220U 99025CVS 14321.03979087 +.00001588 +00000-0 +10801-2 0  9992
2 32220 099.2673 257.6674 0228324 031.3800 330.0753 13.89663064369825
1 32221U 99025CVT 18205.05498951 +.00000054 +00000-0 +22457-4 0  9995
2 32221 098.3749 300.4879 0164570 138.9376 222.4344 14.51284351580056
1 32222U 99025CVU 18204.56897451 +.00000671 +00000-0 +30883-3 0  9995
2 32222 099.1242 339.4208 0103982 124.4121 236.6938 14.21770790259558
1 32223U 99025CVV 18204.38941064 +.00000465 +00000-0 +29294-3 0  9991
2 32223 099.0084 261.8675 0056842 028.2019 029.4198 14.08405503562787
1 32224U 99025CVW 18204.27514595 +.00000083 +00000-0 +49223-4 0  9996
2 32224 099.0874 025.7754 0080953 359.7670 000.3460 14.29904706572609
1 32225U 99025CVX 18203.10138979 +.00000094 +00000-0 +76082-4 0  9991
2 32225 099.0520 161.2191 0072881 218.9793 140.6111 14.11019805300149
1 32226U 99025CVY 18205.48139784 +.00006360 +00000-0 +67230-3 0  9996
2 32226 099.4737 027.9078 0030438 159.3358 200.9092 14.89342322587168
1 32227U 99025CVZ 18205.39210227 +.00000588 +00000-0 +80155-4 0  9997
2 32227 099.4845 163.7014 0143033 233.6832 282.7689 14.77200658593122
1 32228U 99025CWA 18205.38143550 +.00000650 +00000-0 +18577-3 0  9999
2 32228 098.6384 269.0016 0094937 090.9861 270.2208 14.45932033268894
1 32230U 99025CWC 18205.16033450 +.00000518 +00000-0 +24853-3 0  9992
2 32230 098.8890 274.7500 0089488 028.9521 000.0694 14.21219567571643
1 32232U 99025CWE 18204.16625500 +.00002522 +00000-0 +57958-3 0  9995
2 32232 097.0681 182.4311 0118923 198.5330 161.1520 14.51864760576891
1 32233U 99025CWF 18204.34182932 +.00000050 +00000-0 +42415-4 0  9990
2 32233 097.6640 257.0099 0261819 016.9856 343.9874 14.00069651563128
1 32234U 99025CWG 18205.04205626 +.00000448 +00000-0 +38599-3 0  9993
2 32234 098.5406 235.5679 0146418 191.7050 168.0691 13.86445900557493
1 32235U 99025CWH 18204.85331225 +.00000938 +00000-0 +16041-3 0  9999
2 32235 099.0637 227.0827 0113499 260.2983 226.4204 14.67712302602894
1 32238U 99025CWL 18204.75785183 +.00001171 +00000-0 +79471-4 0  9994
2 32238 098.8928 313.7666 0144006 021.2274 339.4839 15.00995833597440
1 32241U 99025CWP 18205.07344798 +.00000477 +00000-0 +24689-3 0  9995
2 32241 098.9694 150.9405 0180131 319.7718 039.0237 14.11713733569390
1 32242U 99025CWQ 18205.62080280 +.00000127 +00000-0 +13951-3 0  9992
2 32242 097.2739 338.4011 0171001 323.8191 035.1495 13.78212061256998
1 32243U 99025CWR 18205.19552749 +.00000569 +00000-0 +34161-3 0  9995
2 32243 098.3194 111.5429 0323221 083.2640 280.5185 13.86923737560783
1 32245U 99025CWT 18205.48765778 +.00000245 +00000-0 +71421-4 0  9999
2 32245 098.5000 300.7416 0154286 308.1858 050.5521 14.46773802581925
1 32303U 99025CWU 18203.11739741  .00001418  00000-0  90756-3 0  9997
2 32303  97.8353 324.4689 0127873 194.2436 165.5114 14.00741107547285
1 32304U 99025CWV 18137.23148543  .00000369  00000-0  14659-3 0  9993
2 32304  99.4362 154.2075 0063569 344.4598  15.4631 14.34330668565078
1 32305U 99025CWW 18205.27201856 +.00001542 +00000-0 +92770-3 0  9995
2 32305 098.0006 020.9530 0216654 244.3038 113.5615 13.97060583545935
1 32308U 99025CWZ 18205.14816446 +.00000606 +00000-0 +45819-3 0  9993
2 32308 097.7756 276.7872 0121839 178.5422 181.6122 13.93565042544362
1 32311U 99025CXC 18204.35890198 +.00000297 +00000-0 +50489-3 0  9990
2 32311 101.7517 046.1743 0428362 305.4048 050.7759 13.24458948532403
1 32312U 99025CXD 18178.59522054 +.00000568 +00000-0 +46170-3 0  9993
2 32312 098.7648 309.2774 0136812 254.0450 166.6643 13.89668919568795
1 32313U 99025CXE 18204.32911649 +.00000440 +00000-0 +33138-3 0  9996
2 32313 099.1921 255.4130 0145200 279.3040 079.1727 13.94856220558508
1 32314U 99025CXF 18205.44170712 +.00000388 +00000-0 +81080-4 0  9990
2 32314 098.8876 086.0156 0224792 108.0868 254.4950 14.51553594581111
1 32315U 99025CXG 18205.23492602 +.00000012 +00000-0 +69328-4 0  9998
2 32315 100.8236 004.8516 0229961 250.6567 106.9580 13.65351057556887
1 32316U 99025CXH 18205.01622894 +.00000771 +00000-0 +29973-3 0  9996
2 32316 099.5237 267.1210 0046471 217.6050 263.0086 14.32560957570104
1 32317U 99025CXJ 18182.22612130  .00001086  00000-0  40994-3 0  9992
2 32317  97.9800 173.9496 0148856 246.9407 111.6022 14.27222757565619
1 32318U 99025CXK 18205.46491727 +.00018823 +00000-0 +96715-3 0  9991
2 32318 097.3187 098.3963 0017131 359.6349 000.4869 15.16397248227761
1 32319U 99025CXL 18205.19493197 +.00001187 +00000-0 +13513-3 0  9995
2 32319 099.1437 356.7678 0124261 067.9908 293.4450 14.83267861271700
1 32320U 99025CXM 18199.89013872 +.00000313 +00000-0 +15859-3 0  9999
2 32320 100.3756 241.6537 0065403 312.6676 046.8997 14.24043195236031
1 32322U 99025CXP 18205.14475411 -.00000039 +00000-0 -10825-4 0  9994
2 32322 098.3531 184.4642 0433304 036.6784 326.3190 13.30133902244709
1 32323U 99025CXQ 18204.17842424 +.00000618 +00000-0 +55323-3 0  9991
2 32323 098.5623 181.9963 0185123 020.3903 340.4520 13.80264263229042
1 32324U 99025CXR 18205.54111945 +.00000340 +00000-0 +23752-3 0  9994
2 32324 099.5302 115.5049 0051644 221.0155 138.7122 14.05254974567525
1 32325U 99025CXS 18201.66488118  .00000915  00000-0  30192-3 0  9997
2 32325  98.9806   3.8062 0070857 109.3445 251.5419 14.39212805577044
1 32326U 99025CXT 18205.07889871 +.00000183 +00000-0 +15541-3 0  9996
2 32326 098.4566 072.8679 0399272 113.9810 250.3672 13.64613131263410
1 32329U 99025CXW 18195.63196381 +.00000526 +00000-0 +27486-3 0  9998
2 32329 099.9561 345.3832 0054329 256.8321 102.6785 14.18854555574391
1 32330U 99025CXX 18205.42359891 +.00000287 +00000-0 +20410-3 0  9990
2 32330 098.0505 061.5542 0184956 196.0104 163.5166 13.96011683574953
1 32331U 99025CXY 18204.33037116 +.00001050 +00000-0 +52925-3 0  9998
2 32331 099.2045 345.8317 0040754 338.8523 021.0965 14.18249891220730
1 32332U 99025CXZ 18184.32925127  .00000664  00000-0  41190-3 0  9995
2 32332  99.3518 218.4592 0314761  93.7141 273.2609 13.86504611553768
1 32333U 99025CYA 18204.53656320 +.00000842 +00000-0 +61945-3 0  9996
2 32333 097.8831 311.1393 0125328 268.5734 090.1071 13.94215193559228
1 32334U 99025CYB 18202.87990334 -.00000151  00000-0 -72339-4 0  9993
2 32334  99.2660 171.6840 0069468 106.1775 254.7047 13.98529432561609
1 32336U 99025CYD 11116.43215084 +.00002109 +00000-0 +67324-3 0  9996
2 32336 098.9945 205.8822 0139046 032.0357 328.7671 14.35469826202863
1 32337U 99025CYE 18185.00647323  .00001263  00000-0  15259-2 0  9997
2 32337  99.2963 268.5483 0329014 153.7155 211.3832 13.47619296536372
1 32338U 99025CYF 18185.10441933 +.00000329 +00000-0 +13535-3 0  9996
2 32338 098.8346 302.2120 0071580 034.0162 326.5579 14.32163386260907
1 32339U 99025CYG 18204.95523852 +.00000434 +00000-0 +19627-3 0  9998
2 32339 098.8031 250.3332 0049894 062.3846 298.2387 14.26457056260908
1 32340U 99025CYH 18205.44582872 +.00000615 +00000-0 +22010-3 0  9993
2 32340 099.0305 024.3075 0066646 040.9574 319.6589 14.36573546582424
1 32342U 99025CYK 18205.56015639 -.00000027 +00000-0 +92607-5 0  9999
2 32342 098.9038 233.1536 0008849 091.7629 062.1839 14.12489789556209
1 32343U 99025CYL 18204.33896894 +.00000064 +00000-0 +48616-4 0  9994
2 32343 098.6948 241.8229 0158907 335.1351 024.2225 14.15888286264853
1 32344U 99025CYM 18205.46292152 +.00001108 +00000-0 +90231-4 0  9997
2 32344 100.2843 288.3725 0123569 014.1113 346.3502 14.97214120604215
1 32345U 99025CYN 11269.62775281 +.00012723 +00000-0 +35452-2 0  9995
2 32345 098.4148 204.8029 0254989 039.5651 322.3942 14.29038528223053
1 32346U 99025CYP 18178.36525238  .00000534  00000-0  44592-3 0  9991
2 32346  97.8311 228.5222 0161503 117.0837 244.6904 13.85783652551913
1 32350U 99025CYT 18205.32216900 +.00000264 +00000-0 +60645-4 0  9994
2 32350 098.5936 254.7718 0322353 138.0166 224.6220 14.36367029586853
1 32351U 99025CYU 18204.84937761 +.00001151 +00000-0 +69189-4 0  9994
2 32351 099.0095 065.0165 0144411 359.8451 000.2703 15.05398495597519
1 32352U 99025CYV 18204.21207593 +.00000153 +00000-0 +62824-4 0  9999
2 32352 098.9078 358.7747 0130070 224.4866 134.5817 14.36837454578264
1 32353U 99025CYW 18204.40958605 +.00000416 +00000-0 +35052-3 0  9992
2 32353 098.9927 075.9874 0149580 019.8003 340.8878 13.88250377256274
1 32354U 99025CYX 18184.65068027 +.00000116 +00000-0 +93035-4 0  9990
2 32354 102.9367 120.2307 0213436 283.3197 074.4238 14.08857236565620
1 32355U 99025CYY 18204.89369304 +.00001036 +00000-0 +39283-3 0  9998
2 32355 100.3888 230.2164 0141773 145.5566 338.1118 14.28541608577475
1 32356U 99025CYZ 18204.13779115 +.00000370 +00000-0 +33517-3 0  9995
2 32356 102.5077 176.1164 0150097 338.1847 078.8750 13.88803201565011
1 32357U 99025CZA 18205.56515227 -.00000090 +00000-0 -27397-4 0  9997
2 32357 098.9062 113.5127 0569470 291.6546 191.7304 13.46751304303151
1 32360U 99025CZD 18202.83948858 +.00001163 +00000-0 +86311-3 0  9998
2 32360 098.1295 339.6762 0281169 219.2339 138.8138 13.79645127274316
1 32361U 99025CZE 18204.82211887 +.00000650 +00000-0 +28300-3 0  9999
2 32361 098.8150 159.6465 0073953 020.2997 009.5923 14.26040687577061
1 32362U 99025CZF 18205.29047618 +.00000682 +00000-0 +81659-3 0  9992
2 32362 099.7917 148.3745 0313396 192.8878 166.4110 13.51712746545662
1 32363U 99025CZG 18204.82594902 +.00000930 +00000-0 +10244-3 0  9992
2 32363 098.3576 334.4193 0225953 235.8804 122.0785 14.73650229576596
1 32364U 99025CZH 18205.28554037 +.00000427 +00000-0 +29493-3 0  9996
2 32364 098.3393 220.5140 0143265 264.8286 093.6517 13.99150460549328
1 32366U 99025CZK 18205.31071051 -.00000015 +00000-0 +68793-5 0  9994
2 32366 096.7634 246.4386 0166455 339.9118 019.5554 14.03633684552718
1 32368U 99025CZM 18205.45481930 +.00000336 +00000-0 +20498-3 0  9995
2 32368 097.8639 297.8888 0296915 345.9467 013.3564 13.91555373216706
1 32369U 99025CZN 12073.10414363 +.00003594 +00000-0 +24864-2 0  9990
2 32369 098.3789 181.2688 0427152 263.4938 091.8139 13.63326831221124
1 32370U 99025CZP 18205.26065015 +.00004443 +00000-0 +19566-3 0  9996
2 32370 099.0575 005.1218 0102652 334.2548 025.3590 15.17897350277684
1 32371U 99025CZQ 18204.31904977 +.00001515 +00000-0 +31505-3 0  9995
2 32371 099.2774 233.3824 0106645 330.0941 029.4189 14.58408658256828
1 32372U 99025CZR 18179.95540774  .00000150  00000-0  21018-3 0  9990
2 32372  97.3175  83.7579 0476773 221.6855 134.7013 13.27936004535808
1 32406U 99025CZS 18205.42428764 +.00011486 +00000-0 +31743-3 0  9994
2 32406 098.3771 019.7625 0127697 161.1353 199.4680 15.29342358595338
1 32407U 99025CZT 18205.31758481 +.00003554 +00000-0 +17822-3 0  9994
2 32407 098.4963 041.6705 0203939 213.0467 145.7876 15.01829034589978
1 32408U 99025CZU 14157.53128552 +.00001623 +00000-0 +33684-3 0  9990
2 32408 098.8083 271.7243 0270850 209.0429 151.4088 14.41217124364286
1 32409U 99025CZV 18205.18473645 +.00000730 +00000-0 +23458-3 0  9992
2 32409 099.5566 334.5362 0075644 164.4634 319.0697 14.41356792197611
1 32410U 99025CZW 18177.39164098  .00011468  00000-0  82658-3 0  9991
2 32410  97.8519  30.9467 0084154 323.1233  36.4221 15.01469895568318
1 32411U 99025CZX 18205.01301093 +.00000322 +00000-0 +20248-3 0  9995
2 32411 098.4145 287.5940 0130468 148.6810 212.2215 14.06357163571722
1 32412U 99025CZY 09177.68115178 +.00001109 +00000-0 +31886-3 0  9998
2 32412 098.2446 128.3054 0256544 261.6721 094.8246 14.29378516088309
1 32414U 99025DAA 18205.38620553 +.00000108 +00000-0 +89711-4 0  9996
2 32414 099.0597 248.4632 0053285 036.6688 030.3730 14.07485492565752
1 32416U 99025DAC 18205.55688925 +.00000074 +00000-0 +13562-3 0  9996
2 32416 100.7794 323.2862 0247625 013.8636 047.9635 13.61687215546633
1 32418U 99025DAE 18205.25750693 +.00001016 +00000-0 +77771-3 0  9996
2 32418 098.2099 010.0215 0281988 283.2352 073.7493 13.78264528539003
1 32419U 99025DAF 18205.41606514 +.00000116 +00000-0 +66529-4 0  9997
2 32419 097.9191 079.8415 0298270 244.0038 113.0133 14.04277638566214
1 32422U 99025DAJ 18205.14020363 -.00000075 +00000-0 -20258-4 0  9998
2 32422 097.8420 338.1773 0309610 036.2946 325.8792 13.94756470254919
1 32425U 99025DAM 18202.37954635  .00000120  00000-0  60199-4 0  9998
2 32425  96.7181 265.8451 0249584 118.8797 243.7670 14.11285070551070
1 32426U 99025DAN 11284.47345555 +.00002401 +00000-0 +24138-2 0  9993
2 32426 098.2688 030.8916 0302044 225.3839 132.3573 13.60063636207829
1 32427U 99025DAP 17237.77311365  .00010786  00000-0  89727-3 0  9994
2 32427  96.7643 231.7554 0027771 266.4936  93.3112 14.98531309517658
1 32428U 99025DAQ 13232.18032926 +.00007781 +00000-0 +20432-2 0  9992
2 32428 099.0014 359.5398 0085265 072.8102 286.2620 14.47296344319601
1 32429U 99025DAR 18157.38529183  .00001071  00000-0  59315-3 0  9991
2 32429  99.1022 223.9703 0068232 164.1387 196.1942 14.12308167564451
1 32430U 99025DAS 16190.17239802  .00000222  00000-0  17950-3 0  9997
2 32430  98.6998 172.7393 0418618 275.7800  79.6277 13.56286381438851
1 32431U 99025DAT 18199.66322979 +.00000692 +00000-0 +36168-3 0  9994
2 32431 099.5486 144.3499 0073584 145.7234 339.2268 14.16681893569632
1 32432U 99025DAU 18205.53157548 +.00000123 +00000-0 +52042-4 0  9996
2 32432 098.3430 318.9235 0246437 059.4611 303.0643 14.25428395320733
1 32433U 99025DAV 18203.34213378 +.00000876 +00000-0 +23448-3 0  9990
2 32433 098.2253 241.6027 0283006 054.0854 308.6241 14.29436032083226
1 32435U 99025DAX 18203.92128169 +.00002672 +00000-0 +19477-3 0  9992
2 32435 099.4942 245.7865 0116098 028.0302 332.7102 14.99715586277316
1 32437U 99025DAZ 16009.18884539 -.00049426 +00000-0 -11238-1 0  9999
2 32437 099.4427 001.6259 0071081 178.4594 181.6831 14.54673549443067
1 32438U 99025DBA 18204.28682502 +.00000774 +00000-0 +28184-3 0  9997
2 32438 099.4513 219.5848 0037264 219.1168 140.7319 14.36043748574629
1 32440U 99025DBC 18204.83369267 +.00000665 +00000-0 +76183-3 0  9992
2 32440 099.1445 227.7463 0365030 105.8693 258.2989 13.47546726540880
1 32441U 99025DBD 18181.49392774  .00000500  00000-0  27312-3 0  9996
2 32441  97.7952 275.9401 0298693 165.0014 196.0254 13.94980633565275
1 32443U 99025DBF 18205.26124049 +.00000356 +00000-0 +20324-3 0  9993
2 32443 102.1190 230.6219 0085167 064.2095 296.7824 14.17764627571419
1 32444U 99025DBG 18205.33359486 +.00002213 +00000-0 +88035-3 0  9994
2 32444 099.1690 256.1181 0085084 024.0337 336.4777 14.27802963257981
1 32445U 99025DBH 18204.84486120 +.00005334 +00000-0 +57850-3 0  9994
2 32445 099.3675 352.4144 0035548 107.5378 252.9723 14.88269784569588
1 32447U 99025DBK 18205.29952726 +.00000250 +00000-0 +21450-3 0  9995
2 32447 099.2081 231.7692 0079622 223.1685 196.8304 13.94783688572859
1 32448U 99025DBL 18185.19191153  .00002071  00000-0  64067-3 0  9995
2 32448  98.9805 311.1070 0019154 271.2114 211.0997 14.42312046558287
1 32449U 99025DBM 11068.68469795 +.00003586 +00000-0 +26030-2 0  9992
2 32449 099.2663 030.4816 0346132 208.1092 147.0464 13.72029686185387
1 32450U 99025DBN 18202.04001294  .00000962  00000-0  68210-3 0  9999
2 32450  99.1027 137.4916 0099707 208.3661 151.2052 13.97820509565920
1 32451U 99025DBP 18204.71251527 +.00000723 +00000-0 +72491-3 0  9993
2 32451 100.0110 021.7403 0215522 299.1384 058.8344 13.71743147246462
1 32453U 99025DBR 18204.61579084 +.00000329 +00000-0 +25772-3 0  9997
2 32453 099.4619 349.6797 0102547 336.2314 081.8991 13.97098226560557
1 32454U 99025DBS 18205.04263212 +.00000768 +00000-0 +31911-3 0  9998
2 32454 098.5278 299.3633 0290724 334.0003 024.6803 14.08911997193837
1 32455U 99025DBT 18181.83309197  .00000799  00000-0  67910-3 0  9994
2 32455 101.7293  49.4474 0281836 248.6864 108.3976 13.74857075550968
1 32456U 99025DBU 18183.70286541 -.00000077 +00000-0 -78059-5 0  9999
2 32456 103.6615 116.0351 0395325 339.5205 019.0430 13.30313201535204
1 32457U 99025DBV 18197.90167252 +.00000593 +00000-0 +91024-3 0  9990
2 32457 100.3323 239.5042 0434910 184.6690 175.0306 13.23492724534624
1 32458U 99025DBW 18205.36168530 +.00000502 +00000-0 +18990-3 0  9992
2 32458 099.0795 039.4561 0064943 067.8309 292.9749 14.34640756289247
1 32459U 99025DBX 18204.94025733 +.00000181 +00000-0 +63109-4 0  9999
2 32459 098.5730 243.9979 0240851 311.7824 046.2999 14.32586836558953
1 32460U 99025DBY 18202.83940597 +.00000128 +00000-0 +12659-3 0  9995
2 32460 098.0305 338.2014 0198675 051.8458 310.0418 13.83106751278661
1 32461U 99025DBZ 18205.45161920 +.00000205 +00000-0 +23326-3 0  9991
2 32461 098.3284 022.8621 0248217 126.4472 268.9240 13.66240831537609
1 32464U 99025DCC 18198.93265320 +.00000409 +00000-0 +80346-4 0  9999
2 32464 097.4520 093.1176 0204976 259.5392 098.2653 14.55139159212267
1 32467U 99057RB  18204.16439624 +.00000935 +00000-0 +19870-3 0  9997
2 32467 098.3830 190.5773 0009111 019.8196 340.3356 14.61417515260471
1 32468U 99057RC  18205.52734234 +.00004361 +00000-0 +46011-3 0  9998
2 32468 098.2641 228.5499 0007479 146.7225 213.4462 14.89836838577287
1 32469U 99057RD  12334.17014041 +.00010668 +00000-0 +28807-2 0  9993
2 32469 098.2276 307.8508 0010892 137.8300 225.3659 14.47955305274472
1 32470U 99057RE  18205.18084123 +.00001446 +00000-0 +28487-3 0  9996
2 32470 098.3545 191.2604 0004215 344.2120 015.8950 14.64073709581781
1 32473U 07042C   18205.38841842 +.00000336 +00000-0 +94983-4 0  9995
2 32473 098.2388 278.4942 0111309 148.0982 212.7017 14.48280349560006
1 32474U 07042D   18204.32018861 +.00000488 +00000-0 +90850-4 0  9993
2 32474 098.6565 149.7976 0099544 335.0666 024.5745 14.67129625574190
1 32491U 06006AE  13320.37222416 +.00237901 +00000-0 +19370-1 0  9990
2 32491 051.4460 290.0775 3240588 236.8047 322.6474 08.82360017139311
1 32492U 06006AF  18020.95417419  .00000044  00000-0  62249-4 0  9998
2 32492  51.3619 216.9333 4979133 218.7071 339.3329  5.31555280210106
1 32493U 06006AG  18204.34339209 -.00000098 +00000-0 +88834-5 0  9995
2 32493 051.6103 320.1306 5008073 017.1784 354.9733 05.44792939222883
1 32494U 06006AH  18203.10967455 -.00000017 +00000-0 +26391-4 0  9999
2 32494 051.6121 080.6253 5108141 283.8362 026.3348 05.25637319217991
1 32496U 06006AK  18181.21145522 +.00000012 +00000-0 +78768-4 0  9990
2 32496 051.7246 068.6328 5052182 282.4509 027.5028 05.35986754207271
1 32497U 06006AL  18065.46395795  .00000388  00000-0  45703-3 0  9996
2 32497  51.7043 134.2546 5054237 233.8777  68.2190  5.34364830202236
1 32498U 06006AM  17351.73456019  .00003767  00000-0  35438-2 0  9998
2 32498  51.6961 149.6245 4959895 225.1727  81.9343  5.51064894199382
1 32499U 06006AN  18205.08073602 +.00001522 +00000-0 +57431-3 0  9994
2 32499 051.6138 234.9525 4963052 071.2773 335.0521 05.60612625215087
1 33458U 06053D   18192.82033108 -.00000052 +00000-0 +00000-0 0  9991
2 33458 006.5994 056.2615 0079587 332.6311 264.9982 01.00297841036335
1 33502U 99025DCF 18204.75440406 +.00000449 +00000-0 +31448-3 0  9993
2 33502 098.9955 126.4078 0105424 130.5039 258.6270 14.00728762490229
1 33589U 91003S   18203.01642160 -.00000145 +00000-0 +14557-3 0  9991
2 33589 007.1261 137.8085 6790547 320.7236 005.8808 02.63761252035393
1 33590U 91003T   18205.61600876 +.00000486 +00000-0 +85386-2 0  9993
2 33590 007.7511 352.6229 6786165 235.2753 078.7484 02.66864073053444
1 33599U 99025DCG 18204.31176236 +.00000787 +00000-0 +10524-3 0  9995
2 33599 096.6072 032.6486 0309564 138.1192 224.4145 14.53234812565935
1 33600U 99025DCH 18205.21783755 +.00001778 +00000-0 +18996-3 0  9990
2 33600 096.2711 212.0183 0276623 135.5285 226.8497 14.65383634559833
1 33601U 99025DCJ 18205.22751539 +.00000634 +00000-0 +41526-3 0  9992
2 33601 098.2803 201.9956 0173945 203.5410 218.7052 13.98162972529123
1 33603U 99025DCL 18205.27238504 +.00000073 +00000-0 +16272-4 0  9999
2 33603 098.8711 226.0291 0246705 243.5416 114.0290 14.70889411591276
1 33604U 99025DCM 11211.95132915 +.00009429 +00000-0 +89398-3 0  9996
2 33604 099.0468 034.3812 0174254 272.5949 085.5413 14.83026305170732
1 33605U 99025DCN 18190.08161584  .00000442  00000-0  30406-3 0  9990
2 33605  98.9175 240.6452 0060524 124.0565 265.9569 14.03579478541719
1 33612U 99025DCV 18205.23870453 +.00000207 +00000-0 +17466-3 0  9994
2 33612 098.6636 307.9139 0124497 057.9884 303.3305 13.94146809557767
1 33613U 99025DCW 18205.35667976 +.00000682 +00000-0 +37420-3 0  9991
2 33613 098.9140 256.3759 0037174 275.2234 084.4697 14.14830438262221
1 33614U 99025DCX 18180.26713303  .00007464  00000-0  69580-3 0  9997
2 33614  96.5373   8.0455 0057906  83.3948 277.3862 14.93167471564201
1 33617U 99025DDA 18204.55824080 +.00002749 +00000-0 +89940-4 0  9998
2 33617 098.0316 324.6451 0148395 265.4762 092.9509 15.22761575366411
1 33618U 99025DDB 18205.40499398 +.00000357 +00000-0 +90789-4 0  9990
2 33618 098.6856 187.0417 0211819 028.0847 333.1581 14.44636870577055
1 33619U 99025DDC 18205.61158285 +.00000229 +00000-0 +16416-3 0  9993
2 33619 099.0437 254.9380 0060643 068.1442 087.8086 14.06032361256210
1 33621U 99025DDE 18205.34800841 +.00000205 +00000-0 +86912-4 0  9991
2 33621 098.1572 239.4297 0309170 198.3805 160.5997 14.11858059547969
1 33622U 99025DDF 18205.35967293 +.00000694 +00000-0 +37303-3 0  9999
2 33622 099.0112 255.4334 0037930 247.1895 112.5270 14.15965848567438
1 33623U 99025DDG 18205.10834609 +.00000570 +00000-0 +36526-3 0  9996
2 33623 098.1875 153.1513 0081795 162.9316 197.4634 14.05145564543465
1 33624U 99025DDH 18199.35618667  .00001206  00000-0  17518-3 0  9997
2 33624  98.1870 250.1680 0383431 307.9260  48.7840 14.38487250537541
1 33625U 99025DDJ 18204.99599452 +.00000311 +00000-0 +75549-4 0  9990
2 33625 098.8358 218.3906 0300513 296.4620 060.6026 14.37084874555698
1 33628U 99025DDM 18205.07433021 +.00001707 +00000-0 +19808-3 0  9997
2 33628 098.2666 302.4468 0164896 196.9137 162.6537 14.77574629558626
1 33629U 99025DDN 18204.12572843 +.00005870 +00000-0 +49318-3 0  9993
2 33629 098.5905 321.2642 0105434 240.4702 118.5971 14.94498497544955
1 33630U 99025DDP 18202.32488259  .00000118  00000-0  77595-4 0  9991
2 33630  98.4031  43.1188 0141518 271.1986  87.2978 14.13186330529738
1 33632U 99025DDR 18205.11457060 +.00001274 +00000-0 +34238-3 0  9999
2 33632 099.0457 094.3492 0053821 317.5072 042.1959 14.49181576538516
1 33633U 99025DDS 18204.05598973 +.00000183 +00000-0 +14046-3 0  9994
2 33633 099.2026 236.5897 0102173 114.2655 276.6408 14.02955599527372
1 33636U 99025DDV 18204.93529347 +.00000142 +00000-0 +79772-4 0  9996
2 33636 098.7223 241.2268 0075317 047.9978 072.8932 14.23177198531515
1 33637U 99025DDW 18205.33329540 +.00000408 +00000-0 +19170-3 0  9995
2 33637 098.7577 253.5038 0101979 106.7757 254.4639 14.22503686263723
1 33638U 99025DDX 18204.77778013 +.00000395 +00000-0 +42846-3 0  9997
2 33638 098.4303 044.2640 0278741 219.6658 138.3803 13.62422171547818
1 33639U 99025DDY 18199.35590799 +.00000657 +00000-0 +32404-3 0  9998
2 33639 098.8633 252.3791 0067272 206.3735 153.4010 14.19796556220698
1 33640U 99025DDZ 18204.92236213 +.00000250 +00000-0 +94768-4 0  9999
2 33640 098.9513 012.7265 0102170 227.6520 131.5979 14.37467218535136
1 33641U 99025DEA 09198.89632304 +.00001626 +00000-0 +52887-3 0  9992
2 33641 099.0148 242.1468 0112466 178.2805 182.5577 14.36727616106609
1 33642U 99025DEB 18179.22483052 +.00063222 +00000-0 +97098-3 0  9996
2 33642 099.2722 335.2718 0031243 329.0194 030.9210 15.53492594239221
1 33643U 99025DEC 18205.35449461 +.00000580 +00000-0 +76822-4 0  9998
2 33643 099.1019 338.9964 0157787 043.0967 318.2467 14.76545327570564
1 33644U 99025DED 15109.67483947 +.00001876 +00000-0 +18075-3 0  9995
2 33644 099.5576 184.5556 0044093 330.5429 029.3301 14.93951255397352
1 33645U 99025DEE 18205.57994305 +.00001583 +00000-0 +36976-3 0  9995
2 33645 099.5540 126.8585 0356691 261.3302 094.7322 14.24157233264963
1 33646U 99025DEF 18205.42533861 +.00000078 +00000-0 +85603-4 0  9996
2 33646 098.5909 273.6338 0125385 100.1340 322.5785 13.92127890550687
1 33647U 99025DEG 18204.66357146 +.00000628 +00000-0 +52028-3 0  9997
2 33647 098.2068 012.5679 0276165 274.9154 082.0526 13.75827476529972
1 33648U 99025DEH 18205.29880798 +.00000047 +00000-0 +50222-4 0  9992
2 33648 098.8644 233.3334 0068778 262.8813 096.4534 14.10607134263247
1 33649U 99025DEJ 18179.34630469  .00036429  00000-0  11609-2 0  9994
2 33649  98.9254 226.0127 0018259  87.1173 273.2154 15.32298623574445
1 33650U 99025DEK 18205.45089385 +.00000399 +00000-0 +37297-3 0  9992
2 33650 099.0800 087.1782 0163327 136.9378 224.4689 13.81610752519461
1 33651U 99025DEL 18201.81446589  .00000036  00000-0  37376-4 0  9999
2 33651  98.9863 217.1053 0119271 238.0407 120.9128 14.18583084551867
1 33655U 99025DEQ 18205.03624655 +.00000491 +00000-0 +12367-3 0  9990
2 33655 098.8559 055.6575 0110097 017.5896 342.9063 14.52524924571294
1 33656U 99025DER 18201.29290775  .00000124  00000-0  77914-4 0  9990
2 33656  98.6964 235.8023 0093773 279.2233 142.2269 14.18427939561823
1 33658U 99025DET 18200.81407090 +.00000716 +00000-0 +87401-3 0  9997
2 33658 099.5358 056.7211 0309963 149.2332 212.7385 13.50571993523823
1 33660U 99025DEV 18205.45566267 +.00000079 +00000-0 +91794-4 0  9990
2 33660 098.6428 284.5279 0114107 107.6798 314.9330 13.89115872535816
1 33661U 99025DEW 18202.04583097  .00000334  00000-0  36421-3 0  9992
2 33661  98.3789  38.9410 0246040 157.8314 355.0272 13.65885941516764
1 33663U 99025DEY 18204.07137940 +.00001272 +00000-0 +70140-3 0  9999
2 33663 098.9246 150.1812 0166959 160.6497 260.2815 14.06424071259423
1 33664U 99025DEZ 17091.67378529  .00000036  00000-0  21288-4 0  9996
2 33664  98.7993 347.9620 0166182 289.0704  69.3133 14.00663130462320
1 33665U 99025DFA 18202.73445154  .00000125  00000-0  52209-4 0  9994
2 33665  98.7329  24.8787 0514901 325.2536  31.5971 13.88356740551018
1 33666U 99025DFB 18177.83185566  .00001341  00000-0  26813-3 0  9997
2 33666  98.8850  41.7027 0081351  83.8280 337.1925 14.61669479564516
1 33668U 99025DFD 18204.35200229 +.00000762 +00000-0 +10045-3 0  9997
2 33668 099.0191 265.9961 0183987 071.3825 290.7261 14.72642316560359
1 33671U 99025DFG 11341.43004073 +.00005503 +00000-0 +10762-2 0  9997
2 33671 099.5270 226.0968 0148785 106.2655 110.6625 14.56499551213865
1 33673U 99025DFJ 18205.14132153 +.00000076 +00000-0 +91780-4 0  9995
2 33673 099.3348 173.7788 0111441 299.7733 117.9117 13.91529337524341
1 33674U 99025DFK 18203.77108608 +.00000298 +00000-0 +33215-3 0  9995
2 33674 098.6190 134.8106 0226140 231.0359 127.0448 13.67964414514684
1 33675U 99025DFL 18202.70617477 +.00000707 +00000-0 +23456-3 0  9998
2 33675 099.1490 119.8929 0052853 070.1718 290.5155 14.40411908289574
1 33676U 99025DFM 18205.42424946 +.00000021 +00000-0 +21929-4 0  9991
2 33676 099.0573 073.7353 0212522 025.5068 097.3814 14.32604701553517
1 33677U 99025DFN 11269.42251406 +.00003034 +00000-0 +98037-3 0  9994
2 33677 098.8860 337.2006 0103259 351.6297 008.4373 14.36884197199400
1 33678U 99025DFP 18204.42673917 +.00000096 +00000-0 +39773-4 0  9994
2 33678 099.0528 081.8351 0235912 260.1634 097.2843 14.35817523562816
1 33679U 99025DFQ 18205.08415510 +.00000765 +00000-0 +12051-3 0  9993
2 33679 099.3933 247.6857 0328566 138.1943 224.4853 14.45856951549288
1 33680U 99025DFR 18205.26327638 +.00001990 +00000-0 +33585-3 0  9994
2 33680 099.4469 002.0858 0069602 265.4822 219.0914 14.69340429566812
1 33681U 99025DFS 18203.53947174  .00000215  00000-0  17949-3 0  9991
2 33681  99.3177 213.0972 0103014 230.2954 285.9507 13.96993638525822
1 33682U 99025DFT 18205.55865027 +.00000411 +00000-0 +25065-3 0  9998
2 33682 099.4323 064.4058 0037642 073.9513 286.5797 14.11675873535168
1 33683U 99025DFU 18204.58830311 +.00001251 +00000-0 +39797-3 0  9999
2 33683 098.3188 076.6625 0073907 089.5751 271.3906 14.39993902540180
1 33684U 99025DFV 18205.49454118 +.00000463 +00000-0 +66781-4 0  9996
2 33684 099.1413 039.4414 0432312 073.1116 291.6994 14.33586470540664
1 33686U 99025DFX 18204.44867237 +.00001695 +00000-0 +31070-3 0  9992
2 33686 098.8697 093.4293 0064875 025.2033 335.2311 14.65949031294027
1 33687U 99025DFY 18205.48970446 +.00000652 +00000-0 +80640-4 0  9995
2 33687 099.0472 220.4297 0254294 149.9986 211.6067 14.66797127574681
1 33688U 99025DFZ 18204.13215395 +.00000754 +00000-0 +37101-3 0  9998
2 33688 099.3764 082.3476 0079528 037.8126 322.8599 14.19252313531127
1 33689U 99025DGA 18203.38458598  .00000207  00000-0  98992-4 0  9998
2 33689  99.5533 256.7232 0055713 345.9856  70.4715 14.29921814536787
1 33690U 99025DGB 18205.10316048 +.00000497 +00000-0 +22178-3 0  9998
2 33690 098.7545 266.7343 0051205 074.7021 285.9810 14.26408366545867
1 33691U 99025DGC 18205.28892500 +.00000498 +00000-0 +33543-3 0  9999
2 33691 099.0117 135.6282 0089756 051.4168 309.4995 14.03218979525036
1 33692U 99025DGD 18205.02538403 +.00003226 +00000-0 +61527-3 0  9996
2 33692 099.1205 122.1906 0021950 269.5441 150.4215 14.64675607540238
1 33693U 99025DGE 18203.67416872 +.00000291 +00000-0 +33832-3 0  9998
2 33693 099.3687 092.2903 0240624 157.9099 261.1272 13.64786816514080
1 33697U 99025DGJ 17191.02877159  .00000240  00000-0  18576-3 0  9997
2 33697  99.1355 264.9792 0082940 163.8626 196.5207 14.00665109500249
1 33698U 99025DGK 18205.49187953 +.00000134 +00000-0 +45781-4 0  9993
2 33698 099.6023 103.9801 0152014 244.5017 114.0384 14.49118644565120
1 33699U 99025DGL 18205.37089365 +.00004622 +00000-0 +11034-2 0  9997
2 33699 098.5032 168.3260 0064927 079.0053 073.7678 14.52878942267572
1 33700U 99025DGM 18204.05892074 +.00001427 +00000-0 +18181-3 0  9994
2 33700 099.1034 293.1519 0104754 273.7513 085.1722 14.79818514561432
1 33701U 99025DGN 18203.21741448  .00000135  00000-0  12450-3 0  9998
2 33701  98.6738 296.4124 0154112 108.2152 285.4756 13.91641583529967
1 33704U 99025DGR 11263.94608017 +.00003596 +00000-0 +36927-3 0  9993
2 33704 099.0095 081.7428 0172973 118.4356 191.4705 14.80683163195741
1 33706U 99025DGT 18205.49797067 +.00001512 +00000-0 +37097-3 0  9997
2 33706 098.9755 045.2159 0123992 188.0033 171.9183 14.49509320554123
1 33707U 99025DGU 18205.30533847 +.00001157 +00000-0 +19722-3 0  9992
2 33707 099.0839 233.7339 0108067 269.1466 089.7352 14.67670990584309
1 33708U 99025DGV 18205.39968957 +.00002287 +00000-0 +32898-3 0  9990
2 33708 099.4768 066.3164 0066570 107.8062 253.0420 14.76190949579524
1 33709U 99025DGW 18205.39526310 +.00007530 +00000-0 +52856-3 0  9996
2 33709 099.0400 269.2231 0045579 203.7261 156.1860 15.04686820235223
1 33710U 99025DGX 18205.43077304 +.00000545 +00000-0 +37123-3 0  9996
2 33710 099.0553 284.5047 0058720 121.5976 239.0940 14.03382216297465
1 33711U 99025DGY 18205.42173535 +.00000504 +00000-0 +38140-3 0  9994
2 33711 099.2936 186.8395 0105615 204.2901 310.2460 13.96279103542357
1 33713U 99025DHA 18205.58295646 +.00000599 +00000-0 +95377-4 0  9991
2 33713 099.0756 247.7844 0171219 293.7342 064.5980 14.67529475555706
1 33714U 99025DHB 18205.44708511 +.00001165 +00000-0 +38734-3 0  9990
2 33714 099.9192 090.7760 0058573 351.9388 008.0848 14.39122606253263
1 33716U 99025DHD 18205.26518906 +.00000004 +00000-0 +19039-4 0  9998
2 33716 099.0289 010.6166 0095110 299.0006 060.1668 14.30707548563348
1 33718U 99025DHF 18205.50039649 +.00000386 +00000-0 +29607-3 0  9993
2 33718 099.6990 093.5820 0114834 052.1511 308.9974 13.96695691314293
1 33719U 99025DHG 18205.26829028 +.00000457 +00000-0 +25941-3 0  9991
2 33719 099.0143 226.6496 0034059 212.1035 209.3365 14.14824653537901
1 33720U 99025DHH 18204.37181920 +.00000283 +00000-0 +11414-3 0  9993
2 33720 098.4914 260.1971 0091025 203.6156 217.3455 14.33024710563352
1 33721U 99025DHJ 18205.22951888 +.00000470 +00000-0 +90177-4 0  9999
2 33721 098.7798 118.4121 0132946 165.4287 195.0806 14.63621436580055
1 33722U 99025DHK 18205.58483316 +.00000103 +00000-0 +66169-4 0  9992
2 33722 098.8162 246.6151 0173140 065.5293 296.3829 14.14155974539573
1 33723U 99025DHL 18204.81198007 +.00000600 +00000-0 +42557-3 0  9994
2 33723 099.2962 212.4838 0114432 207.4395 279.7844 13.98663291536968
1 33724U 99025DHM 18205.30600987 +.00000147 +00000-0 +98148-4 0  9999
2 33724 098.8392 237.2251 0029047 355.8074 061.8881 14.15301873557581
1 33726U 99025DHP 18205.44099802 +.00000258 +00000-0 +14082-3 0  9991
2 33726 098.5300 070.4098 0202889 177.6210 307.7481 14.09689178539863
1 33727U 99025DHQ 18205.48413596 +.00002538 +00000-0 +53391-3 0  9995
2 33727 099.7548 084.9096 0032350 125.7440 234.6771 14.60358934241558
1 33728U 99025DHR 18205.18646416 +.00000184 +00000-0 +30965-4 0  9990
2 33728 098.9687 281.8775 0207501 018.8690 009.7577 14.70573288585904
1 33730U 99025DHT 18204.36484243 +.00000507 +00000-0 +18783-3 0  9992
2 33730 099.0903 059.4469 0065507 074.2057 286.6337 14.35615225567662
1 33731U 99025DHU 18202.36029135  .00000305  00000-0  27754-3 0  9990
2 33731  99.3299 159.4104 0142208  93.8182  57.4690 13.86509154529944
1 33733U 99025DHW 18203.51874101  .00001215  00000-0  74375-3 0  9993
2 33733  99.1805 197.1544 0108169 180.0970 306.9227 14.04946177523488
1 33734U 99025DHX 18203.12553757 +.00000517 +00000-0 +25735-3 0  9992
2 33734 098.9399 274.6054 0129083 131.6507 229.5806 14.17006926523562
1 33735U 99025DHY 18205.37091723 +.00000928 +00000-0 +39364-3 0  9991
2 33735 098.9822 263.0913 0035027 116.1573 244.3217 14.27545295259896
1 33736U 99025DHZ 18202.36266874 +.00001226 +00000-0 +38593-3 0  9994
2 33736 099.6892 358.9311 0042027 315.0741 044.7046 14.42064313285786
1 33737U 99025DJA 18205.51057355 +.00000367 +00000-0 +27688-3 0  9995
2 33737 098.3744 229.3888 0137046 284.1486 242.8825 13.95547382510514
1 33738U 99025DJB 18205.21857905 +.00000531 +00000-0 +36703-3 0  9993
2 33738 099.3637 203.6373 0196166 166.9563 252.3081 13.94632070515830
1 33739U 99025DJC 18203.65246054 +.00001577 +00000-0 +34677-3 0  9996
2 33739 098.9683 094.1282 0057617 203.5456 156.3101 14.58094704532758
1 33740U 99025DJD 18205.31932814 -.00000027 +00000-0 +97660-5 0  9992
2 33740 098.9453 232.4496 0001070 189.8822 170.2328 14.11072310520812
1 33741U 99025DJE 18205.10348712 +.00000349 +00000-0 +26802-3 0  9992
2 33741 098.5569 266.2268 0149236 068.2788 293.4186 13.93760065193004
1 33745U 99025DJJ 18205.06650219 +.00000359 +00000-0 +22822-3 0  9998
2 33745 099.0239 159.0777 0062876 302.8581 056.6546 14.09238040278907
1 33747U 99025DJL 18203.60189444 +.00000178 +00000-0 +13977-3 0  9995
2 33747 099.2007 237.7156 0111896 157.1625 002.3964 14.01429852521971
1 33748U 99025DJM 18204.55398575 +.00000468 +00000-0 +23544-3 0  9991
2 33748 098.8453 243.9396 0043383 144.3762 216.0323 14.20741853529804
1 33758U 93036F   18205.38349844 +.00000361 +00000-0 +12691-3 0  9998
2 33758 074.0331 175.4094 0022240 185.9794 327.5350 14.38324429494742
1 33759U 93036G   18204.93834087 +.00001144 +00000-0 +30651-3 0  9993
2 33759 074.0205 113.5679 0024536 153.9444 330.9667 14.49183849496519
1 33761U 93036J   18205.39355709 +.00000157 +00000-0 +62491-4 0  9997
2 33761 074.0376 180.8039 0026195 207.1835 305.7073 14.36303884494492
1 33762U 93036K   18205.43744071 +.00000004 +00000-0 +11124-4 0  9995
2 33762 074.0401 198.8589 0015999 207.4196 304.9894 14.32946788493925
1 33763U 93036L   18205.58261535 +.00001528 +00000-0 +33412-3 0  9996
2 33763 073.9362 057.5212 0018784 092.3795 300.4594 14.58583192497460
1 33770U 93036T   18205.60601108 +.00001082 +00000-0 +25008-3 0  9998
2 33770 074.0324 071.5994 0039461 108.9810 280.0934 14.55975039497359
1 33779U 93036U   18205.38816917 +.00000987 +00000-0 +31301-3 0  9994
2 33779 074.0476 175.7095 0030583 177.4623 342.0351 14.41079363494870
1 33782U 93036X   18204.93946169 +.00000176 +00000-0 +71222-4 0  9998
2 33782 074.0338 194.6978 0023333 204.7236 182.0607 14.34786249493796
1 33785U 93036AA  18205.23368281 +.00000677 +00000-0 +21727-3 0  9998
2 33785 073.8829 117.0891 0031750 258.5927 257.7076 14.41182944494566
1 33793U 93036AJ  18205.29792419 +.00000104 +00000-0 +58641-4 0  9998
2 33793 073.9872 329.6649 0087132 006.0237 011.4563 14.20213013488435
1 33795U 93036AL  18205.63446944 +.00000235 +00000-0 +48009-4 0  9999
2 33795 074.0468 290.3012 0078243 356.5477 054.6076 14.65043817502987
1 33796U 93036AM  18205.39993592 +.00005594 +00000-0 +11503-2 0  9999
2 33796 074.0228 165.1256 0049473 130.6057 229.9429 14.60032306495132
1 33798U 93036AP  18204.92617873 +.00000020 +00000-0 +14008-4 0  9998
2 33798 074.0307 107.1140 0095234 170.0183 316.4475 14.42030979496738
1 33799U 93036AQ  18205.47984060 +.00000707 +00000-0 +20651-3 0  9997
2 33799 074.0417 128.6223 0044804 159.3177 323.8872 14.45305657496331
1 33804U 93036AV  18205.46009901 +.00001434 +00000-0 +19528-3 0  9994
2 33804 074.0197 230.0685 0055891 306.6705 052.9340 14.78730247504732
1 33805U 93036AW  18205.44377072 +.00000087 +00000-0 +27920-4 0  9999
2 33805 074.0331 010.1935 0066450 152.9080 207.5576 14.52302544500247
1 33806U 93036AX  18205.35754310 +.00000642 +00000-0 +11706-3 0  9995
2 33806 074.0856 348.0178 0058850 351.6798 033.7165 14.67158550501685
1 33812U 93036BD  18205.05977853 +.00002756 +00000-0 +15867-3 0  9998
2 33812 074.0122 160.3374 0120265 176.2701 183.9417 15.07018760506738
1 33813U 93036BE  18205.48493472 +.00000591 +00000-0 +91272-4 0  9996
2 33813 074.0462 227.1589 0097141 279.8996 231.7660 14.72847471505100
1 33815U 93036BG  18205.48921164 +.00000967 +00000-0 +32770-3 0  9996
2 33815 073.9861 218.3215 0057672 211.1064 300.9902 14.37154508492725
1 32069U 99057QH  14086.12963755 +.00025109 +00000-0 +63848-2 0  9995
2 32069 098.2873 054.1104 0014579 052.0247 294.9089 14.50578187349441
1 32071U 99057QK  18204.86877970 +.00003140 +00000-0 +35324-3 0  9998
2 32071 098.2672 235.4787 0003049 108.5979 251.5567 14.87460975270809
1 32072U 99057QL  18204.77958219 +.00001239 +00000-0 +25795-3 0  9993
2 32072 098.3643 186.9305 0008867 349.5392 010.5623 14.61781461583951
1 32075U 99057QP  18203.41533746 +.00007914 +00000-0 +55254-3 0  9999
2 32075 098.2140 269.7571 0002752 146.3817 213.7583 15.05650846360374
