1 35275U 08056E   18205.18338352 +.00000162 +00000-0 +79915-4 0  9994
2 35275 098.7907 190.5957 0140703 032.7408 328.2395 14.25082158497007
1 35278U 93036AJG 18204.34474021 +.00001273 +00000-0 +34576-3 0  9997
2 35278 074.0473 178.1726 0067519 181.9028 299.4557 14.47288136484428
1 35279U 93036AJH 18205.52474829 +.00001277 +00000-0 +19200-3 0  9996
2 35279 074.0033 277.7454 0034172 007.6054 352.5630 14.75278215489928
1 35280U 93036AJJ 18205.26343929 +.00000685 +00000-0 +20235-3 0  9997
2 35280 074.0334 163.5779 0066558 192.4786 234.3579 14.44184956484191
1 35281U 93036AJK 18205.22226734 +.00000860 +00000-0 +20901-3 0  9993
2 35281 074.0019 058.8761 0017779 285.5051 074.4148 14.54328779486842
1 35282U 93036AJL 18204.22793429 +.00001299 +00000-0 +31629-3 0  9999
2 35282 074.0964 143.9002 0098548 128.5809 232.4233 14.50837282484823
1 35283U 93036AJM 18205.29746779 +.00004891 +00000-0 +49314-3 0  9995
2 35283 074.0227 311.6950 0004484 312.5550 047.5254 14.91395793490473
1 35284U 93036AJN 18205.61980501 +.00000063 +00000-0 +30587-4 0  9995
2 35284 074.0488 177.6734 0017840 209.6291 271.4851 14.35859081267826
1 35285U 93036AJP 18204.37229458 +.00000829 +00000-0 +21584-3 0  9991
2 35285 074.0288 093.6298 0017683 141.3079 218.9352 14.51069169487585
1 35287U 93036AJR 18205.63576479 +.00000052 +00000-0 +27834-4 0  9994
2 35287 074.0299 182.7594 0019305 219.1486 262.9911 14.34476846481902
1 35288U 93036AJS 18205.30874181 +.00000425 +00000-0 +12485-3 0  9999
2 35288 073.9560 074.2944 0050154 197.7670 162.1736 14.46249107488295
1 35290U 93036AJU 18205.40523629 +.00000544 +00000-0 +16044-3 0  9998
2 35290 074.0190 118.7773 0014028 158.8482 201.3259 14.45878240489452
1 35291U 93036AJV 18205.27025729 +.00001170 +00000-0 +10450-3 0  9993
2 35291 074.0420 069.0522 0095807 129.8978 344.7761 14.93794864500277
1 35292U 93036AJW 18205.28788257 +.00003486 +00000-0 +32533-3 0  9995
2 35292 073.9993 187.2521 0030466 282.5529 077.2248 14.94281421270635
1 35293U 97051PH  18205.42398548 +.00005616 +00000-0 +39583-3 0  9992
2 35293 086.3060 006.7777 0017260 207.5112 152.5211 15.04686630494592
1 35294U 97051PJ  18205.40591528 +.00001437 +00000-0 +32314-3 0  9996
2 35294 086.3275 073.0229 0012784 222.1537 260.2171 14.55769714486087
1 35296U 97051PL  18205.32602542 +.00001110 +00000-0 +28044-3 0  9991
2 35296 086.3124 071.3767 0010338 243.3802 116.6343 14.50168788318575
1 35297U 97051PM  18205.54294161 +.00000265 +00000-0 +84605-4 0  9996
2 35297 086.3923 120.0848 0018261 007.4566 113.1213 14.35761336482508
1 35299U 97051PP  18205.05873012 +.00000303 +00000-0 +11443-3 0  9994
2 35299 086.2953 106.6416 0064023 201.7950 224.8360 14.26856526478634
1 35302U 97051PS  11220.41126999 +.00000525 +00000-0 +21736-3 0  9996
2 35302 086.2810 095.5222 0057197 026.9968 333.4197 14.23816577117120
1 35304U 97051PU  09349.80647301 +.00001210 +00000-0 +66305-3 0  9998
2 35304 086.3167 356.0655 0139899 197.2106 161.3332 14.06252434031366
1 35307U 91025AG  11175.07150852 +.00003478 +00000-0 +15834-1 0  9992
2 35307 065.1213 203.4950 5481019 341.4343 008.4239 04.52056668036581
1 35310U 91025AK  11349.26946552 +.00001966 +00000-0 +95020-2 0  9996
2 35310 065.6596 134.9796 5571389 333.1951 023.7471 04.38222833043526
1 35314U 91025AP  14079.17141616 +.00031141 +00000-0 +10525+0 0  9993
2 35314 063.6184 138.5983 5050164 358.5131 000.4306 05.19452887090258
1 35319U 99057RX  18204.67927295 +.00000115 +00000-0 +76810-4 0  9996
2 35319 098.5466 352.2550 0201795 256.1423 170.1885 14.08097367858455
1 35320U 99057RY  18205.10921110 +.00000242 +00000-0 +53403-4 0  9991
2 35320 098.0335 173.7833 0000833 055.2735 304.8547 14.65403250621848
1 35322U 99057SA  18205.05556379 +.00000025 +00000-0 +33314-4 0  9996
2 35322 098.9922 158.1464 0202133 286.5841 071.3218 14.11427713773325
1 35323U 99057SB  18205.19572667 +.00000244 +00000-0 +64993-4 0  9990
2 35323 098.3891 209.0273 0064465 235.0591 124.4540 14.56096452709940
1 35324U 99057SC  11274.16073958 -.00003280 +00000-0 -11189-2 0  9998
2 35324 098.3666 234.7514 0095375 207.6294 152.0497 14.33273117302669
1 35325U 99057SD  18205.09662886 +.00000518 +00000-0 +84195-4 0  9994
2 35325 098.4686 167.2905 0017904 192.4102 167.6667 14.75526494274651
1 35326U 99057SE  18205.31432102 +.00000295 +00000-0 +18172-3 0  9999
2 35326 098.4218 236.6304 0228646 133.6403 228.3976 13.99508203696340
1 35327U 99057SF  18204.75515080 +.00000292 +00000-0 +87956-4 0  9998
2 35327 098.6301 187.0822 0090607 263.3355 095.7518 14.47919066761316
1 35329U 99057SH  18205.49669375 -.00000024 +00000-0 +71210-5 0  9990
2 35329 098.3252 079.9691 0133834 344.6360 134.3869 14.27151368834942
1 35330U 99057SJ  18205.11182183 +.00000003 +00000-0 +15323-4 0  9996
2 35330 098.5877 163.1954 0085262 341.4907 018.3184 14.39607923806788
1 35331U 99057SK  18205.20952753 +.00000577 +00000-0 +16137-3 0  9994
2 35331 098.6810 191.1475 0118660 115.2234 303.0137 14.46048201816818
1 35332U 99057SL  18205.56096466 -.00000025 +00000-0 +67682-5 0  9996
2 35332 098.4883 106.4562 0123641 026.3802 334.3604 14.26314498806582
1 35334U 99057SN  18205.37426441 +.00000204 +00000-0 +64840-4 0  9997
2 35334 098.5251 179.9187 0075890 167.4569 192.8535 14.48520017651499
1 35335U 01049PT  12034.85550724 +.00000176 +00000-0 +38114-4 0  9994
2 35335 097.7722 002.3658 0048743 221.5748 116.7175 14.68335919350593
1 35336U 01049PU  15310.22555668  .00001460  00000-0  25698-3 0  9997
2 35336  97.7288 110.5233 0077542 135.1599 233.4363 14.67055962585070
1 35338U 01049PW  14107.23843678 +.00007045 +00000-0 +19110-2 0  9990
2 35338 097.9127 182.5090 0178274 012.9460 349.5390 14.38874493537127
1 35339U 01049PX  18205.48959631 +.00000456 +00000-0 +14373-3 0  9994
2 35339 098.1261 033.0254 0183126 218.0881 140.7244 14.35775978824145
1 35341U 01049PZ  18205.57693734 +.00000632 +00000-0 +85024-4 0  9994
2 35341 097.8753 115.3647 0033451 311.8025 048.0332 14.82361522821522
1 35342U 01049QA  18205.31637719 +.00000090 +00000-0 +61028-4 0  9994
2 35342 098.2374 037.5633 0366919 033.1697 329.1899 13.89526112259153
1 35344U 01049QC  18204.38403364 +.00000295 +00000-0 +63563-4 0  9992
2 35344 098.0132 272.7138 0055692 115.3923 245.3060 14.64404051273668
1 35345U 01049QD  18204.76286159 +.00000489 +00000-0 +10485-3 0  9995
2 35345 098.0731 191.4276 0062961 240.1205 119.3731 14.61815045760977
1 35346U 01049QE  18205.17977585 +.00000498 +00000-0 +14641-3 0  9990
2 35346 098.9077 197.6436 0037620 230.1668 129.6211 14.47989970839092
1 35347U 01049QF  18204.31815975 +.00012329 +00000-0 +42508-3 0  9999
2 35347 098.3796 156.2195 0017071 070.0455 290.2619 15.30041743807004
1 35348U 01049QG  18205.20798141 +.00000736 +00000-0 +13553-3 0  9991
2 35348 098.0056 192.8023 0055132 080.7539 279.9896 14.67526518859014
1 35349U 01049QH  18196.25576588  .00002243  00000-0  10797-3 0  9997
2 35349  97.5440 205.2440 0020155 178.9274 181.2007 15.19664672643259
1 35350U 01049QJ  18205.13060939 +.00000157 +00000-0 +54007-4 0  9990
2 35350 098.4496 168.1220 0074228 150.9446 209.5909 14.47247820787342
1 35351U 01049QK  18204.51559954 +.00000411 +00000-0 +13672-3 0  9997
2 35351 098.7610 106.7788 0005681 042.4723 317.6905 14.42982398788799
1 35354U 93014BD  18204.93304114 +.00002354 +00000-0 +30734-3 0  9991
2 35354 075.7377 291.9499 0070115 085.1733 275.7454 14.79106131651023
1 35356U 93014BF  18205.06764399 +.00003147 +00000-0 +45192-3 0  9998
2 35356 075.7473 334.3678 0071115 129.3883 231.3629 14.74970426270773
1 35359U 93014BJ  18204.05932587 +.00002731 +00000-0 +37967-3 0  9994
2 35359 075.7414 339.1544 0067279 139.4409 221.1817 14.76563035579503
1 35360U 93014BK  18205.58147833 +.00002261 +00000-0 +31386-3 0  9994
2 35360 075.7388 302.3759 0079535 101.6532 259.3591 14.76058280603018
1 35374U 06046G   18205.53225166 +.00000817 +00000-0 +33891-4 0  9998
2 35374 097.4385 233.6569 0056431 302.4856 057.0934 15.25498145645592
1 35375U 06046H   18205.52965332 +.00000227 +00000-0 +23370-4 0  9990
2 35375 097.8716 216.7314 0029023 020.4116 143.1705 14.99681769638195
1 35376U 06046J   18205.37847516 +.00000449 +00000-0 +95072-4 0  9991
2 35376 097.7560 265.7748 0195344 290.3210 128.4630 14.52806145618063
1 35378U 06046L   18205.31950706 +.00000696 +00000-0 +12514-3 0  9996
2 35378 097.8434 340.3445 0172283 155.8365 205.1041 14.60454003615835
1 35379U 03049F   18201.23174122  .00000017  00000-0  43960-4 0  9991
2 35379  99.0486 112.5210 0176893 191.1685 322.6077 13.88742808728094
1 35380U 03049G   18204.24904983 +.00003796 +00000-0 +35179-3 0  9992
2 35380 097.9962 310.1688 0036674 201.2886 158.6810 14.94598199652329
1 35381U 03049H   18205.15887940 +.00000507 +00000-0 +98377-4 0  9994
2 35381 098.6584 176.4497 0098297 326.3799 094.9264 14.65139703773228
1 35382U 03049J   18205.22423534 +.00000128 +00000-0 +74537-4 0  9999
2 35382 098.6924 127.4393 0154458 201.9610 157.4898 14.17922079744230
1 35383U 03049K   18205.51243319 -.00000003 +00000-0 +10613-4 0  9991
2 35383 098.4754 105.0519 0051681 015.1157 108.6723 14.56006759292309
1 35384U 99057SP  18204.61016366 +.00004770 +00000-0 +37787-3 0  9990
2 35384 098.2249 264.0845 0005015 104.8752 255.3027 15.01091448285974
1 35387U 99057SS  18205.11952671 +.00000579 +00000-0 +16555-3 0  9990
2 35387 098.4481 163.1315 0005534 083.7882 276.3941 14.48660700548763
1 35391U 95021E   18203.42671925  .00000242  00000-0  96542-4 0  9996
2 35391  98.2864 180.2166 0007040 126.8076  27.3034 14.36646121582171
1 35392U 95021F   18205.53796048 +.00000321 +00000-0 +11617-3 0  9992
2 35392 098.1998 240.9061 0002588 206.1036 154.0023 14.39514678553029
1 35393U 95021G   18205.45183111 +.00000274 +00000-0 +97499-4 0  9995
2 35393 098.1841 190.3697 0006372 047.6721 105.5329 14.41336003785567
1 35397U 07042E   18205.17786806 +.00000475 +00000-0 +10123-3 0  9995
2 35397 098.6285 103.1953 0110583 073.9442 287.3901 14.60225023561913
1 35398U 07042F   18205.12206197 +.00001245 +00000-0 +13634-3 0  9997
2 35398 098.5353 164.3979 0097544 045.8432 015.5390 14.86508489572221
1 35399U 91068AV  15344.79402986 +.00025862 +00000-0 +12661+0 0  9993
2 35399 082.3475 001.3248 0389884 082.4135 037.7330 12.51133584138975
1 35400U 91068AW  14356.44586833 +.00000037 +00000-0 +10000-3 0  9990
2 35400 082.9237 168.0705 0190062 312.5523 046.1176 12.85584645385336
1 35401U 93041E   18204.19467829 +.00000974 +00000-0 +19014-3 0  9999
2 35401 089.5475 191.7006 0052383 116.2073 244.4539 14.61343199331041
1 35403U 93041G   18205.41308565 +.00001759 +00000-0 +40804-3 0  9991
2 35403 089.5447 202.2585 0059772 325.9295 033.8082 14.53611336558266
1 35404U 02024J   18205.18149601 -.00000013 +00000-0 +15041-4 0  9990
2 35404 098.9119 183.0625 0052647 172.3443 244.5428 14.19425295832619
1 35405U 02024K   18204.72695781 +.00000115 +00000-0 +78076-4 0  9994
2 35405 098.9599 185.0410 0127632 037.2784 323.7163 14.13823047828836
1 35413U 06029F   18205.56879580 +.00000778 +00000-0 +35047-4 0  9992
2 35413 064.5070 261.5588 0034510 271.6770 088.0406 15.29311769841966
1 35414U 01055F   18204.39405470 -.00002438 +00000-0 -72313-2 0  9992
2 35414 066.0161 321.0329 0056246 293.9102 125.2351 13.05473287774926
1 35415U 00047D   18205.45620713 -.00000047 +00000-0 +74939-5 0  9992
2 35415 067.9950 224.3267 0068438 256.0329 103.3194 14.90669331651160
1 35417U 04012L   18205.61201479 +.00000974 +00000-0 +12709-3 0  9995
2 35417 097.7845 088.4027 0103099 226.9251 162.2502 14.79199852683561
1 35418U 06002Z   18205.46908955 +.00000268 +00000-0 +56602-4 0  9990
2 35418 097.8475 191.8463 0001528 087.7073 064.6103 14.66473857609863
1 35419U 91082CM  18205.03048056 +.00021934 +00000-0 +13396-2 0  9997
2 35419 098.3659 231.5960 0018331 094.0737 296.6380 15.10174894738794
1 35420U 01056M   18205.42248345 +.00000056 +00000-0 +10280-3 0  9999
2 35420 099.1180 012.9991 0023754 293.2643 095.8701 13.74835718830092
1 35428U 04045D   18181.92372105  .00118946  93534-6  14790-3 0  9996
2 35428  39.0451   3.1687 3106785 101.8002  13.6700  9.41521380270541
1 35429U 93036AJX 18205.40901191 +.00003985 +00000-0 +19819-3 0  9991
2 35429 073.9148 003.8439 0095435 214.5867 144.9097 15.14059603276747
1 35430U 93036AJY 18198.01098311  .00052070  00000-0  10047-2 0  9994
2 35430  74.0062  74.8560 0015594 165.1032 202.1363 15.47445027500425
1 35431U 93036AJZ 18205.03962664 +.00002319 +00000-0 +34458-3 0  9991
2 35431 074.0168 328.5057 0018609 030.9557 329.2709 14.75514333488971
1 35432U 93036AKA 18205.44204271 +.00000458 +00000-0 +12943-3 0  9997
2 35432 074.0473 120.0031 0009231 141.9545 218.2268 14.48363285482327
1 35433U 93036AKB 18204.42109091 +.00000116 +00000-0 +53556-4 0  9996
2 35433 074.0343 224.2258 0029273 218.2978 205.9502 14.31348688480984
1 35434U 93036AKC 18205.11330139 +.00000247 +00000-0 +12507-3 0  9998
2 35434 074.0434 003.9081 0096422 000.8077 359.3204 14.18733331482777
1 35435U 93036AKD 18205.56986291 +.00000643 +00000-0 +19652-3 0  9992
2 35435 074.0230 144.7052 0025070 172.8776 312.3669 14.43645441484016
1 35439U 93036AKH 18205.44256138 +.00000160 +00000-0 +12816-3 0  9992
2 35439 074.0245 014.6831 0273281 059.8141 331.0913 13.81498653468299
1 35440U 93036AKJ 18204.68565109 +.00000070 +00000-0 +21174-4 0  9998
2 35440 074.0217 326.1960 0081527 059.7580 004.3758 14.57595430489217
1 35441U 93036AKK 18205.45225974 +.00000482 +00000-0 +16528-3 0  9991
2 35441 074.1440 241.5228 0052543 160.8356 199.4792 14.37958079485754
1 35442U 93036AKL 18205.21727202 +.00000661 +00000-0 +19914-3 0  9998
2 35442 074.0415 147.3740 0014924 137.8756 222.3552 14.44445788481692
1 35443U 93036AKM 18205.27783520 +.00000384 +00000-0 +12313-3 0  9998
2 35443 074.0097 311.6428 0222372 015.7950 344.9987 14.29819965479703
1 35445U 93036AKP 18205.55459110 +.00000714 +00000-0 +20991-3 0  9994
2 35445 074.0445 245.6387 0209273 281.0303 076.7376 14.33796313485713
1 35446U 93036AKQ 18204.79089199 +.00000037 +00000-0 +15764-4 0  9997
2 35446 074.0474 007.0571 0077745 090.1389 270.8681 14.52277771488252
1 35448U 93036AKS 18205.13995555 +.00000366 +00000-0 +12299-3 0  9994
2 35448 073.9092 108.2687 0013865 129.5939 230.6442 14.40651906483809
1 35451U 93036AKV 18205.44118045 +.00000364 +00000-0 +50519-4 0  9999
2 35451 073.9457 119.7746 0108445 287.4067 071.5273 14.78468255272631
1 35453U 93036AKX 18200.87348773  .00000249  00000-0  10634-3 0  9991
2 35453  74.0104 269.5233 0082573 313.0848  46.3409 14.28361774476365
1 35455U 93036AKZ 18205.45076121 +.00000288 +00000-0 +10376-3 0  9993
2 35455 074.0321 224.2350 0129792 265.6074 093.0240 14.33775639478228
1 35456U 93036ALA 18205.18240366 +.00000453 +00000-0 +14219-3 0  9992
2 35456 073.9621 146.1581 0101296 249.0054 110.0241 14.40659823268391
1 35459U 93036ALD 18198.18996482 +.00000110 +00000-0 +49540-4 0  9999
2 35459 073.8730 152.6169 0019034 279.4485 080.4514 14.33629945195612
1 35460U 93036ALE 18178.75362082  .00003374  00000-0  31820-3 0  9991
2 35460  73.9830 205.5075 0059652  33.1432 327.3464 14.92875088493802
1 35461U 93036ALF 18204.27738549 +.00001573 +00000-0 +37761-3 0  9993
2 35461 073.8270 063.2070 0065054 139.9213 220.6775 14.53049068486933
1 35462U 93036ALG 18205.25534535 +.00000539 +00000-0 +27137-3 0  9999
2 35462 074.0440 047.2191 0110796 010.1101 350.2231 14.15583290281008
1 35464U 93036ALJ 18205.02150640 +.00000526 +00000-0 +10442-3 0  9994
2 35464 074.0166 321.5639 0049235 054.1305 067.1614 14.64066084491343
1 35465U 93036ALK 18205.51129944 +.00000161 +00000-0 +60484-4 0  9999
2 35465 074.0010 150.4916 0070880 227.6676 131.8460 14.37898718484142
1 35467U 93036ALM 18205.56326464 +.00004827 +00000-0 +18092-3 0  9992
2 35467 074.0214 284.2320 0057676 338.3897 021.4869 15.25992809500047
1 35468U 93036ALN 18205.10539262 +.00011014 +00000-0 +50184-3 0  9999
2 35468 074.0388 099.8679 0020139 154.3028 205.9175 15.20548659497019
1 35469U 93036ALP 18205.23955978 +.00000052 +00000-0 +21093-4 0  9998
2 35469 074.0161 042.7272 0079242 134.9783 225.7837 14.47591691491196
1 35474U 93036ALU 18205.02200927 +.00001174 +00000-0 +27705-3 0  9999
2 35474 074.0017 057.4123 0004914 209.8935 300.7252 14.55376002488057
1 35475U 93036ALV 18205.27193555 +.00000490 +00000-0 +15929-3 0  9990
2 35475 074.0317 173.7946 0038774 191.0803 168.9503 14.40973243486025
1 35476U 93036ALW 18204.72243694 +.00000544 +00000-0 +16405-3 0  9990
2 35476 073.9871 116.0794 0029776 032.1848 354.3817 14.44617371487319
1 35477U 97051PX  18205.59872139 +.00002659 +00000-0 +83261-3 0  9993
2 35477 086.3768 152.8317 0091118 281.4115 077.6858 14.37979913308527
1 35478U 97051PY  18205.11013378 +.00005732 +00000-0 +93671-3 0  9995
2 35478 086.4470 138.8513 0061240 327.7540 031.9936 14.69457263484552
1 35479U 97051PZ  18205.12626567 +.00001474 +00000-0 +54434-3 0  9990
2 35479 086.3890 160.2194 0113537 338.2260 021.4125 14.28343733472894
1 35480U 97051QA  18205.44637838 +.00000174 +00000-0 +49070-4 0  9997
2 35480 086.3611 099.2765 0017726 022.9386 337.2601 14.39662007484396
1 35483U 97051QD  18204.25808502 +.00002855 +00000-0 +76748-3 0  9995
2 35483 086.4300 146.6511 0052713 066.0348 294.6362 14.46920893485437
1 35484U 97051QE  18203.96420464 +.00000210 +00000-0 +48651-4 0  9996
2 35484 086.3794 093.0937 0052375 289.5226 070.0325 14.49386360486098
1 35487U 97051QH  18205.47534899 +.00002672 +00000-0 +59995-3 0  9991
2 35487 086.3378 105.0638 0056733 015.2596 109.1645 14.55201156482582
1 35488U 97051QJ  18205.05226477 +.00000409 +00000-0 +88356-4 0  9996
2 35488 086.3361 059.4048 0040016 229.6244 130.1468 14.55257935488613
1 35530U 91068AX  18205.48281346 +.00000020 +00000-0 +69631-4 0  9993
2 35530 082.7049 258.9923 0031877 079.7624 345.4594 12.44136766654815
1 35531U 91082CN  14041.20713266 +.00007502 +00000-0 +27546-2 0  9994
2 35531 098.4985 051.9122 0029904 151.3447 025.6317 14.32739853402567
1 35532U 91082CP  18205.22940766 +.00000821 +00000-0 +49890-3 0  9994
2 35532 098.7121 013.7696 0137060 021.2619 339.4169 14.04360041258438
1 35534U 91082CQ  18204.86656512 +.00001220 +00000-0 +51954-3 0  9996
2 35534 098.8211 170.0202 0050947 271.4179 117.6439 14.26376432344672
1 35536U 01049QL  18205.55325639 +.00000114 +00000-0 +86554-4 0  9998
2 35536 098.6905 121.2905 0428007 170.7306 190.2074 13.72414920750712
1 35537U 01049QM  11092.15069827 +.00000197 +00000-0 +75856-4 0  9990
2 35537 098.2031 067.3711 0090567 049.9616 311.3399 14.37725730338478
1 35538U 06006CF  18205.36775472 -.00001034 +00000-0 -47114-2 0  9992
2 35538 051.7259 344.7082 5111259 064.6675 348.2751 05.04936427097355
1 35540U 06006CH  18205.30245257 +.00000065 +00000-0 +12651-3 0  9992
2 35540 052.1169 207.2575 5057143 108.2095 004.8160 05.23395401193555
1 35541U 06006CJ  18194.22617587  .00000138  00000-0  16960-3 0  9998
2 35541  51.5427 156.5055 5140914 240.1475  59.3816  5.19222613191541
1 35542U 06006CK  18203.61163789 -.00001217 +00000-0 -93655-2 0  9999
2 35542 051.5723 307.5424 4989206 124.7785 354.9167 05.13090682190987
1 35543U 06006CL  18194.13303185  .00000476  00000-0  35332-2 0  9994
2 35543  52.7713  81.1405 5107529 222.4254 340.0250  4.99932795182110
1 35544U 06006CM  18175.06565511  .00012550  00000-0  15610-2 0  9992
2 35544  51.4401  71.1865 2974197 231.1105  98.4989  9.27588641255827
1 35545U 06006CN  18205.41418062 +.00020100 +00000-0 +20983-2 0  9993
2 35545 051.5857 296.8768 1985176 010.0914 353.4315 11.25899541291497
1 35546U 06006CP  18204.84734063 -.00013138 +00000-0 -16218-1 0  9992
2 35546 051.2832 020.6709 2708018 027.5043 344.6023 09.28527525124674
1 35547U 07003F   18205.20565578 +.00000331 +00000-0 +38576-3 0  9997
2 35547 024.4963 079.4891 4778408 243.6602 060.1859 05.79430914131931
1 35548U 07003G   18200.49391465 -.00000047 +00000-0 +28164-2 0  9992
2 35548 026.2813 323.4613 7533698 268.6774 029.6793 01.82334007064679
1 35555U 07003P   18193.98674324  .00021177  00000-0  10000-2 0  9999
2 35555  26.0916 156.6852 4450272 320.1507  14.3724  6.65247302105949
1 35563U 07003X   18204.51186932 -.00000065 +00000-0 -26071-3 0  9994
2 35563 022.3371 266.6803 7451267 094.7991 003.2685 01.88888473068096
1 35567U 07042G   18204.18739133 +.00000148 +00000-0 +99778-4 0  9996
2 35567 098.5305 189.6337 0015849 156.4609 203.7293 14.13904627254513
1 35568U 07047D   16320.92215511  .00000074  00000-0  00000+0 0  9993
2 35568  39.8879 190.7603 5057887 173.2435 198.1957  5.65401201152084
1 35571U 08053G   18205.37197493 +.00000596 +00000-0 +11717-3 0  9996
2 35571 097.6893 001.3492 0172463 265.2174 092.9315 14.57174215510512
1 35573U 08053J   18205.34375402 +.00000680 +00000-0 +12556-3 0  9999
2 35573 097.6802 028.8121 0168432 245.1991 113.1609 14.59885666510087
1 35574U 08056F   18205.49584527 +.00000246 +00000-0 +77463-4 0  9996
2 35574 098.4221 214.4776 0132481 062.8794 298.5837 14.44036120507636
1 35575U 08061B   18205.38402410 +.00000329 +00000-0 +12089-3 0  9995
2 35575 097.7810 273.3177 0238707 174.8787 185.4921 14.23583730496182
1 35580U 93036ALX 18205.18679315 +.00000352 +00000-0 +28470-3 0  9992
2 35580 073.9101 035.2245 0303215 192.8217 166.5072 13.74448978251087
1 35581U 93036ALY 11086.11980244  .00005787  00000-0  10931-2 0  9991
2 35581  74.0024 341.7200 0117172  90.7154 278.2719 14.60276544105239
1 35582U 93036ALZ 11090.52218698  .00000654  00000-0  24158-3 0  9994
2 35582  74.0384  32.9578 0019569 352.2948   5.0303 14.34294388101883
1 35583U 93036AMA 18205.51267869 +.00000062 +00000-0 +77877-4 0  9993
2 35583 073.9189 242.3200 0396501 046.0759 317.2358 13.51049066460690
1 35584U 93036AMB 18204.74001417 +.00001571 +00000-0 +67563-3 0  9999
2 35584 074.0900 112.2416 0142753 057.3706 304.1121 14.20094188470116
1 35585U 93036AMC 18205.25199302 +.00000383 +00000-0 +33227-3 0  9998
2 35585 073.9774 127.3615 0333379 229.4695 289.2031 13.66836469467931
1 35586U 93036AMD 18204.62093931 -.00000048 +00000-0 -25065-4 0  9992
2 35586 074.0225 290.5869 0413448 006.9321 055.3026 13.49046826239595
1 35587U 93036AME 18205.38928703 +.00000132 +00000-0 +28599-4 0  9998
2 35587 074.0047 231.2767 0113010 006.4888 353.7711 14.64781984497559
1 35589U 93036AMG 18205.42910507 +.00005817 +00000-0 +24980-3 0  9992
2 35589 073.9694 003.4254 0085107 200.7070 159.0673 15.19641107497562
1 35591U 93036AMJ 18203.34250781 +.00001188 +00000-0 +27090-3 0  9997
2 35591 073.9748 073.2466 0046605 128.3311 232.2056 14.56337732487898
1 35592U 93036AMK 18205.01470563 +.00000687 +00000-0 +69846-4 0  9995
2 35592 074.0088 074.8833 0118431 160.6600 199.9135 14.88021663496042
1 35593U 93036AML 18205.22697327 -.00000099 +00000-0 -35174-4 0  9994
2 35593 074.0869 051.7103 0118471 016.3883 344.1037 14.16405869469879
1 35594U 93036AMM 18203.97510336 +.00000466 +00000-0 +11305-3 0  9994
2 35594 073.8215 305.0019 0058707 213.1832 146.5643 14.55053978487284
1 35598U 93036AMR 18201.22200953 +.00002848 +00000-0 +14876-3 0  9997
2 35598 073.9278 286.5730 0068997 114.4632 246.3779 15.14410866495865
1 35600U 93036AMT 18204.78668179 +.00001069 +00000-0 +21394-3 0  9990
2 35600 073.9875 003.6356 0065343 087.5141 273.3504 14.61804976490424
1 35602U 93036AMV 18205.03783830 +.00000275 +00000-0 +21226-4 0  9996
2 35602 074.0237 318.2581 0171976 021.8922 099.4484 14.96754847494958
1 35604U 93036AMX 18205.43150052 +.00001123 +00000-0 +37524-3 0  9996
2 35604 074.0229 241.0615 0060751 225.3545 134.2648 14.37561686481859
1 35605U 93036AMY 18205.36114568 +.00000739 +00000-0 +20643-3 0  9997
2 35605 073.9046 108.9761 0107799 258.9622 099.9396 14.44788239484707
1 35606U 93036AMZ 18205.00965654 +.00000622 +00000-0 +66483-3 0  9992
2 35606 073.8131 331.8218 0464630 237.6212 117.9126 13.37228523450885
1 35610U 93036AND 18205.40054123 +.00005545 +00000-0 +58180-3 0  9995
2 35610 073.9953 348.2666 0017286 356.2273 003.8775 14.89655450481954
1 35611U 93036ANE 18203.36785348 +.00000724 +00000-0 +23599-3 0  9999
2 35611 074.0300 189.0141 0044016 205.3363 154.5634 14.39924791482295
1 35612U 93036ANF 18204.07020571 +.00009916 +00000-0 +44228-3 0  9993
2 35612 073.9881 087.5828 0015057 142.4577 217.7675 15.21387428489839
1 35613U 93036ANG 18205.33984663 +.00002561 +00000-0 +26203-3 0  9997
2 35613 073.9807 165.5544 0040006 290.9799 220.2652 14.90554433494452
1 35614U 93036ANH 18204.94456747 +.00000368 +00000-0 +98345-4 0  9991
2 35614 073.9636 045.9506 0101897 161.2843 199.2108 14.49011372485240
1 35615U 97051QM  18204.47772827 +.00030028 +00000-0 +95670-3 0  9994
2 35615 086.3570 032.0052 0000458 284.3154 075.8045 15.32413072494731
1 35616U 97051QN  18204.39653527 +.00000578 +00000-0 +14496-3 0  9995
2 35616 086.3654 086.0682 0019077 320.5472 039.4342 14.49627111485033
1 35617U 97051QP  18205.09145701 +.00007398 +00000-0 +81173-3 0  9997
2 35617 086.4900 140.3606 0049789 165.2586 195.0105 14.86645982274367
1 35618U 97051QQ  18205.41127648 +.00000273 +00000-0 +73632-4 0  9991
2 35618 086.3405 080.4261 0034149 349.7581 010.2920 14.43876246264001
1 35620U 97051QS  18205.00442962 +.00001080 +00000-0 +57296-3 0  9992
2 35620 086.4011 220.0366 0239891 064.3431 298.2313 13.99044707464657
1 35622U 97051QU  18205.54120109 +.00000480 +00000-0 +13489-3 0  9998
2 35622 086.2244 045.5582 0029410 031.1792 358.3137 14.43616378482988
1 35624U 97051QW  18205.14902118 +.00003727 +00000-0 +67543-3 0  9991
2 35624 086.3549 101.5377 0047432 334.5091 025.3782 14.65322268487382
1 35625U 97051QX  18205.01001220 +.00000423 +00000-0 +19671-3 0  9991
2 35625 086.2004 102.7005 0132296 116.3518 301.9104 14.13597857277965
1 35627U 97051QZ  18205.44047927 +.00003238 +00000-0 +79139-3 0  9996
2 35627 086.3509 103.6471 0053193 351.9572 008.0774 14.51451025482447
1 35628U 97051RA  18205.39670008 +.00000491 +00000-0 +13703-3 0  9996
2 35628 086.3645 096.1173 0019593 351.9337 008.1546 14.44180877480159
1 35629U 97051RB  18205.21524519 +.00003873 +00000-0 +74449-3 0  9994
2 35629 086.3681 125.1820 0123157 055.2192 306.0534 14.58581868477251
1 35631U 97051RD  18205.16216389 +.00000140 +00000-0 +36495-4 0  9998
2 35631 086.3692 094.5247 0020492 052.5836 099.3048 14.41890277482720
1 35632U 97051RE  18205.37579981 +.00000817 +00000-0 +32291-3 0  9992
2 35632 086.4318 178.1476 0112857 342.6011 017.1324 14.24489925472117
1 35643U 93036ANJ 18204.86384050 +.00000803 +00000-0 +17270-3 0  9992
2 35643 074.0128 014.1879 0051247 085.6627 275.0391 14.59415923490225
1 35644U 93036ANK 18204.57874665 +.00001759 +00000-0 +14599-3 0  9999
2 35644 074.0082 169.8800 0026583 284.7957 075.0284 14.99423265498218
1 35645U 93036ANL 18205.33137010 +.00000373 +00000-0 +16857-3 0  9991
2 35645 073.9791 323.4942 0092715 002.7610 027.9144 14.23274537486797
1 35646U 93036ANM 18205.14088144 +.00000420 +00000-0 +45234-3 0  9998
2 35646 073.8748 357.1256 0470849 204.8459 281.4880 13.36629285457693
1 35647U 93036ANN 18205.39135715 +.00000327 +00000-0 +12504-3 0  9993
2 35647 074.0243 214.3266 0057379 246.0706 113.4429 14.33698123477717
1 35650U 93036ANR 18204.08445781 +.00000536 +00000-0 +14583-3 0  9990
2 35650 074.0591 097.4579 0033229 134.5638 291.5393 14.49584240483791
1 35653U 93036ANU 18205.36624205 +.00018242 +00000-0 +75577-3 0  9998
2 35653 073.9858 179.2724 0011606 268.5777 091.4092 15.23814967485819
1 35655U 93036ANW 18205.08559534 +.00000475 +00000-0 +95442-4 0  9994
2 35655 074.0007 349.9426 0011656 124.8890 235.3375 14.64507281489683
1 35658U 93036ANZ 18205.06112947 +.00000956 +00000-0 +24252-3 0  9992
2 35658 074.0165 104.3614 0023314 126.3850 233.9467 14.52052843484384
1 35660U 93036APB 18205.44362446 +.00000149 +00000-0 +52362-4 0  9996
2 35660 074.0436 115.6701 0020438 214.2863 268.1048 14.42966678476740
1 35661U 93036APC 18205.49998587 +.00000271 +00000-0 +51430-4 0  9994
2 35661 074.0223 273.0497 0130893 338.2721 021.2922 14.64435513482359
1 35662U 93036APD 13079.36946758  .00008121  00000-0  16816-2 0  9997
2 35662  74.0484  86.4520 0054575 276.7273  85.3655 14.59456226199540
1 35663U 93036APE 18204.51231995 +.00000497 +00000-0 +15587-3 0  9993
2 35663 074.0306 143.6959 0014448 163.8507 196.3113 14.43102885477775
1 35667U 93036APJ 18202.19412607  .00000376  00000-0  11840-3 0  9994
2 35667  74.0611 144.9751 0029426 172.6397 187.5198 14.43425877478426
1 35668U 93036APK 18204.99546313 +.00000037 +00000-0 +14333-4 0  9992
2 35668 074.0485 321.7666 0090734 037.6651 323.0819 14.57696172482817
1 35669U 93036APL 18204.70229125 +.00000088 +00000-0 +98264-4 0  9992
2 35669 073.8632 215.3625 0401345 072.1483 292.2968 13.52134687455693
1 35670U 93036APM 18205.54620535 +.00000358 +00000-0 +77967-4 0  9994
2 35670 073.9085 277.9411 0063694 118.9259 241.8315 14.60624387482491
1 35671U 93036APN 18205.03860221 +.00000053 +00000-0 +22856-4 0  9996
2 35671 074.0195 077.7388 0042801 187.5707 241.6147 14.44831754477622
1 35672U 93036APP 18204.94263157 +.00000764 +00000-0 +16216-3 0  9992
2 35672 074.0589 023.0331 0050771 057.5207 092.8183 14.60129502480953
1 35673U 93036APQ 18205.28989847 +.00003372 +00000-0 +34209-3 0  9992
2 35673 073.9477 194.6508 0022267 350.3778 067.8662 14.91137266485965
1 35674U 93036APR 18205.44978101 +.00000599 +00000-0 +20331-3 0  9991
2 35674 074.0666 246.1572 0133711 255.4206 165.8013 14.34000662473007
1 35675U 93036APS 18205.35254107 +.00000946 +00000-0 +30812-3 0  9996
2 35675 074.0125 220.3379 0053858 206.6792 153.1590 14.39299399263186
1 35676U 93036APT 18205.46140882 +.00000774 +00000-0 +16091-3 0  9995
2 35676 074.0115 017.9138 0038423 095.4939 294.3267 14.61413593487958
1 35678U 97051RG  18205.36867697 +.00003408 +00000-0 +46510-3 0  9993
2 35678 086.3549 064.8242 0006695 078.4863 281.7108 14.78353409483639
1 35679U 97051RH  18205.30953189 +.00009214 +00000-0 +83053-3 0  9994
2 35679 086.3146 058.4164 0019647 080.7567 279.5883 14.95303772484513
1 35680U 97051RJ  18204.01483976 +.00000046 +00000-0 +16189-4 0  9996
2 35680 086.1067 104.5458 0200983 014.6285 041.0327 13.99659960465792
1 35699U 93036APU 18205.45472233 +.00000533 +00000-0 +59533-4 0  9999
2 35699 074.0132 120.9237 0083503 203.7741 155.9574 14.87462222499127
1 35700U 93036APV 18205.18059822 +.00002764 +00000-0 +54696-3 0  9999
2 35700 074.0054 117.5025 0042025 111.6261 248.9391 14.62273436487024
1 35701U 93036APW 18204.41504507 +.00000793 +00000-0 +63846-3 0  9997
2 35701 074.0117 107.7911 0317095 172.5804 188.0177 13.71007756466720
1 35702U 93036APX 18205.23011680 +.00001067 +00000-0 +23607-3 0  9990
2 35702 074.0410 055.4037 0030859 094.0279 266.4414 14.58214543479324
1 35703U 93036APY 18203.81224826 +.00000199 +00000-0 +38440-4 0  9998
2 35703 074.0512 255.6673 0102874 314.0761 045.1972 14.67478951268733
1 35705U 93036AQA 18205.14697827 +.00000476 +00000-0 +18034-3 0  9997
2 35705 074.3039 010.5145 0064681 097.5653 263.2854 14.32440330470582
1 35706U 93036AQB 18205.53464264 +.00000241 +00000-0 +23094-3 0  9990
2 35706 073.8938 166.4546 0365814 345.4884 013.5934 13.59371539462740
1 35707U 93036AQC 18204.70318201 +.00007890 +00000-0 +62357-3 0  9990
2 35707 074.0051 310.0567 0012352 314.9235 045.0949 15.00751412487672
1 35709U 93036AQE 18164.70120560  .00001275  00000-0  41879-3 0  9993
2 35709  74.0077 300.7986 0058667 320.5473  39.1425 14.38384438470023
1 35711U 93036AQG 18204.99487303 +.00000014 +00000-0 +95563-5 0  9994
2 35711 074.0502 321.1964 0092856 033.8027 326.9008 14.57748463484054
1 35713U 93036AQJ 18205.15876479 +.00005071 +00000-0 +35087-3 0  9992
2 35713 074.0202 135.4652 0030498 202.2638 157.7230 15.05593431491295
1 35716U 93036AQM 18205.62728189 -.00000008 +00000-0 +50399-5 0  9992
2 35716 073.9963 298.1465 0092719 070.9585 354.2545 14.56997242483101
1 35717U 93036AQN 18205.14549256 +.00000497 +00000-0 +22031-3 0  9997
2 35717 074.1674 024.3910 0090039 263.2600 095.8294 14.23477682355973
1 35718U 93036AQP 18205.19514198 +.00000448 +00000-0 +14079-3 0  9999
2 35718 074.0422 148.2923 0022336 161.8326 198.3634 14.43206122480952
1 35720U 93036AQR 18205.33440404 +.00001337 +00000-0 +39123-3 0  9991
2 35720 073.9980 202.7346 0106869 259.5999 099.3098 14.41728190267917
1 35721U 93036AQS 18205.14994435 +.00000248 +00000-0 +11474-3 0  9998
2 35721 073.9566 007.1313 0182001 018.6899 342.0809 14.17494865472046
1 35723U 93036AQU 18205.45558868 +.00004312 +00000-0 +54507-3 0  9990
2 35723 073.9998 017.0275 0024139 023.9929 336.2366 14.81980256486755
1 35724U 93036AQV 18204.77539274 +.00000101 +00000-0 +30768-4 0  9991
2 35724 074.0349 006.0443 0065209 115.7761 245.0150 14.52790844483924
1 35726U 93036AQX 18205.08706861 +.00000587 +00000-0 +11814-3 0  9994
2 35726 074.0529 344.1858 0040980 052.1979 308.2887 14.63414263485309
1 35729U 93036ARA 18205.10849918 +.00000547 +00000-0 +12250-3 0  9992
2 35729 074.0354 008.5149 0034607 112.7731 002.7369 14.58793986485420
1 35730U 93036ARB 18204.43011999 +.00005663 +00000-0 +34851-3 0  9994
2 35730 073.9797 115.5381 0024139 232.7849 127.1140 15.10020787496703
1 35732U 97051RK  18205.37470214 +.00002695 +00000-0 +69717-3 0  9991
2 35732 086.2409 062.8989 0062713 038.3356 322.2279 14.48368584479626
1 35735U 97051RN  18205.26220273 +.00004240 +00000-0 +39861-3 0  9995
2 35735 086.3759 049.5851 0011311 358.5224 001.5969 14.93625763486094
1 35737U 97051RQ  18204.09949164 +.00001905 +00000-0 +44325-3 0  9990
2 35737 086.4263 142.8041 0054245 064.3616 351.2814 14.53465143327497
1 35739U 97051RS  18205.10279796 +.00003674 +00000-0 +72531-3 0  9997
2 35739 086.3934 124.9552 0066079 016.1306 344.1986 14.60795572484440
1 35742U 97051RV  18205.21674678 +.00002324 +00000-0 +51380-3 0  9991
2 35742 086.4270 131.9791 0043046 246.7758 112.8914 14.56296040483397
1 35743U 97051RW  12361.43993687 +.00002511 +00000-0 +92320-3 0  9994
2 35743 086.3852 257.9618 0041815 200.9410 041.5396 14.31838169185904
1 35744U 97051RX  18205.59541438 +.00000503 +00000-0 +12493-3 0  9990
2 35744 086.3352 070.6602 0031360 291.5603 068.2260 14.49558819481104
1 35745U 97051RY  18205.25641509 +.00003648 +00000-0 +92876-3 0  9990
2 35745 086.3591 134.9990 0065387 142.9434 217.6312 14.49115899337735
1 35747U 97051SA  18180.55043230  .00002280  00000-0  10934-2 0  9999
2 35747  86.1312 108.6611 0182240 333.2485  23.0499 14.10320741458914
1 35749U 97051SC  18205.11714641 +.00001629 +00000-0 +38389-3 0  9993
2 35749 086.3768 095.3007 0013439 141.6511 218.5654 14.53694388476785
1 35759U 93036ARD 18204.30952714 -.00000019 +00000-0 +25676-5 0  9998
2 35759 074.0431 322.5887 0085824 048.0228 312.8205 14.57765078491809
1 35760U 93036ARE 18205.33899382 +.00002657 +00000-0 +26106-3 0  9991
2 35760 073.9843 169.6098 0037156 283.6483 228.9614 14.92225604496109
1 35761U 93036ARF 12259.25707325 +.00007604 +00000-0 +19514-2 0  9992
2 35761 074.0685 101.6135 0045916 355.1048 000.2537 14.49771569172260
1 35763U 93036ARH 18205.04678536 +.00001036 +00000-0 +27277-3 0  9998
2 35763 073.8595 085.9554 0084129 128.0321 301.2220 14.48314854488451
1 35764U 93036ARJ 18204.99567786 +.00000536 +00000-0 +14258-3 0  9995
2 35764 074.0324 064.7281 0040500 143.8533 216.5378 14.50564323496500
1 35765U 93036ARK 18205.24558282 +.00001356 +00000-0 +30256-3 0  9993
2 35765 074.1212 179.9235 0142688 133.3848 227.9303 14.51681087349384
1 35767U 93036ARM 18174.67534873  .00000700  00000-0  25567-3 0  9998
2 35767  73.9956 293.7678 0062636 279.9060  79.5025 14.33830756480265
1 35769U 93036ARP 18205.29292349 +.00000900 +00000-0 +25468-3 0  9994
2 35769 074.0750 175.1408 0073466 166.7170 193.5947 14.45492966475740
1 35771U 93036ARR 18204.29731438 +.00001485 +00000-0 +10474-2 0  9992
2 35771 074.1837 161.7381 0319604 078.8881 284.7996 13.76909888454619
1 35772U 93036ARS 18204.42731565 +.00000871 +00000-0 +22844-3 0  9992
2 35772 073.9762 113.6071 0101023 198.5313 161.2158 14.47827747489978
1 35773U 93036ART 18205.51911753 +.00000241 +00000-0 +67955-4 0  9997
2 35773 074.0120 040.6922 0057430 136.2385 224.3348 14.50130110476482
1 35775U 93036ARV 18205.11392638 +.00000654 +00000-0 +13264-3 0  9991
2 35775 074.0346 346.1539 0035456 092.6474 021.9287 14.62910383487228
1 35776U 93036ARW 18204.10551281 +.00001282 +00000-0 +26363-3 0  9993
2 35776 074.0101 001.7569 0332863 294.1115 062.5553 14.32318683475527
1 35777U 93036ARX 18201.71805028  .00000359  00000-0  38936-3 0  9992
2 35777  73.7726 306.2876 0458676 238.2083 278.0299 13.38711867436046
1 35782U 93036ASC 18204.35267646 +.00003063 +00000-0 +32273-3 0  9992
2 35782 073.9693 201.7746 0023541 000.8150 359.3064 14.89636653485334
1 35784U 93036ASE 18204.32564868 +.00000095 +00000-0 +34449-4 0  9997
2 35784 074.0395 088.3563 0044930 169.9994 190.2069 14.45091076477313
1 35785U 93036ASF 18204.23730990 +.00001326 +00000-0 +37349-3 0  9998
2 35785 073.9455 166.4830 0062690 163.6327 196.6875 14.45677099254850
1 35786U 93036ASG 18205.35015165 +.00000285 +00000-0 +84635-4 0  9997
2 35786 074.0214 089.1748 0050042 157.2119 203.1277 14.47099519488442
1 35787U 93036ASH 18203.59620796 +.00000184 +00000-0 +71873-4 0  9992
2 35787 074.0361 185.3848 0023036 209.3629 150.6231 14.36138550485387
1 35788U 93036ASJ 18205.24885914 +.00000982 +00000-0 +22787-3 0  9997
2 35788 074.0189 059.2520 0025528 124.6943 235.6631 14.56176020480613
1 35789U 93036ASK 18205.27347804 +.00000056 +00000-0 +28809-4 0  9996
2 35789 074.0379 187.4905 0050051 227.9886 131.7000 14.34294506476570
1 35792U 93036ASN 18204.37792458 +.00001100 +00000-0 +34854-3 0  9996
2 35792 073.9971 219.2723 0060596 233.4717 126.0850 14.40245470474270
1 35793U 93036ASP 18205.46671477 +.00000447 +00000-0 +12996-3 0  9991
2 35793 074.0510 115.3616 0013163 157.0609 318.1018 14.47099108485272
1 35795U 93036ASR 18205.62241528 +.00001033 +00000-0 +16920-3 0  9994
2 35795 074.0126 299.9716 0028451 044.9837 315.3632 14.71899457228762
1 35796U 93036ASS 18199.64473285  .00000748  00000-0  23688-3 0  9997
2 35796  74.0071 186.9746 0047520 216.2878 143.5053 14.41198220475890
1 35797U 97051SF  18205.35780248 +.00000606 +00000-0 +15048-3 0  9999
2 35797 086.3462 076.8831 0023209 301.8331 058.0614 14.50099044480473
1 35799U 97051SH  18205.54384369 +.00001149 +00000-0 +26984-3 0  9990
2 35799 085.9368 291.0890 0077340 288.7384 070.5439 14.51781269489681
1 35800U 97051SJ  18204.71125640 +.00004221 +00000-0 +38162-3 0  9991
2 35800 086.2638 358.5489 0022455 286.7919 073.0846 14.95006977492228
1 35802U 97051SL  18205.36565688 +.00002483 +00000-0 +71894-3 0  9992
2 35802 086.4619 167.2727 0095158 147.1837 004.9687 14.41472704486168
1 35805U 97051SP  18205.13424217 +.00002243 +00000-0 +85452-3 0  9991
2 35805 086.3246 137.1829 0115306 330.1926 029.2728 14.26912882467924
1 35806U 97051SQ  18205.46354065 +.00000447 +00000-0 +13854-3 0  9992
2 35806 086.3492 100.6567 0018543 002.0884 358.0389 14.38919496474504
1 35808U 97051SS  14087.66159468 +.00005074 +00000-0 +13440-2 0  9991
2 35808 086.3779 054.9070 0009797 071.8845 288.3425 14.48595829249042
1 35809U 97051ST  18204.39956282 +.00000526 +00000-0 +13798-3 0  9990
2 35809 086.3357 079.1655 0023190 330.1069 153.9660 14.47264588476612
1 35822U 93036ASU 18205.58823040 +.00015914 +00000-0 +85904-3 0  9996
2 35822 074.0234 271.1416 0009511 276.1915 083.8195 15.14695015483209
1 35824U 93036ASW 18205.02441090 +.00000133 +00000-0 +11286-3 0  9997
2 35824 073.8492 321.8213 0276250 163.9811 197.0272 13.79991183469343
1 35825U 93036ASX 18204.68816984 +.00000499 +00000-0 +41500-3 0  9994
2 35825 074.1164 214.3209 0378645 227.0189 129.8608 13.62484394463057
1 35829U 93036ATB 18205.50947114 +.00000535 +00000-0 +16219-3 0  9990
2 35829 074.0384 137.4273 0018553 156.3024 203.8992 14.44522728486296
1 35830U 93036ATC 18205.25197761 +.00000498 +00000-0 +26617-3 0  9990
2 35830 073.8985 053.2392 0144359 181.9180 178.1426 14.10607640231227
1 35831U 93036ATD 18205.59745374 +.00001306 +00000-0 +37445-3 0  9997
2 35831 074.0118 174.0076 0040452 169.9969 190.2004 14.45474922209898
1 35834U 93036ATG 18205.26844969 +.00000311 +00000-0 +17491-3 0  9998
2 35834 073.9452 051.9269 0115152 057.6297 061.7072 14.11128378281840
1 35835U 93036ATH 18205.01220458 +.00000577 +00000-0 +43349-3 0  9998
2 35835 074.0655 083.0389 0317618 120.2401 243.0570 13.74954257245469
1 35836U 93036ATJ 18205.26261879 +.00000613 +00000-0 +19682-3 0  9992
2 35836 074.0415 179.8435 0046322 192.1995 167.8044 14.40914568244729
1 35837U 93036ATK 18203.58394887 +.00002528 +00000-0 +21946-2 0  9994
2 35837 073.7339 276.7798 0477374 216.4512 215.5209 13.44603932451345
1 35839U 93036ATM 18205.39156573 +.00000610 +00000-0 +13786-3 0  9999
2 35839 074.2412 091.9059 0033474 359.9691 118.5619 14.58023119489192
1 35840U 93036ATN 18205.08961231 +.00000207 +00000-0 +10004-3 0  9994
2 35840 073.9406 003.1498 0149932 120.3625 241.2441 14.18525854476281
1 35841U 93036ATP 18205.37379356 +.00001659 +00000-0 +16186-3 0  9997
2 35841 074.0423 219.9771 0115460 226.5855 132.5673 14.88512591237316
1 35843U 93036ATR 18205.43057369 +.00002260 +00000-0 +55573-3 0  9995
2 35843 074.0163 237.9843 0096207 184.8600 175.1638 14.50103059257174
1 35844U 97051SU  18204.47341488 +.00006441 +00000-0 +55589-3 0  9990
2 35844 086.3029 027.3311 0019009 100.0203 260.3173 14.96961529272674
1 35846U 97051SW  18204.53225381 +.00000025 +00000-0 +17393-5 0  9997
2 35846 086.3805 117.7314 0020707 021.6912 338.5157 14.34747998325670
1 35848U 97051SY  18205.00613707 +.00000508 +00000-0 +13002-3 0  9992
2 35848 086.4003 102.2100 0015827 332.7199 027.3171 14.48436070274476
1 35850U 97051TA  18205.39817493 +.00000573 +00000-0 +14543-3 0  9998
2 35850 086.3590 084.2352 0018831 320.2470 039.7353 14.49055459481848
1 35851U 97051TB  18205.06334599 +.00002648 +00000-0 +54981-3 0  9999
2 35851 086.4189 130.3482 0071108 341.4134 018.4478 14.58210164273082
1 35853U 97051TD  18205.39670673 +.00002476 +00000-0 +59230-3 0  9994
2 35853 086.3054 093.7235 0069742 019.2376 341.1437 14.51722923467788
1 35854U 97051TE  17127.59503770 +.00020217 +00000-0 +26717-2 0  9998
2 35854 086.3226 239.7678 0016232 253.2779 123.1510 14.79806205420422
1 35856U 97051TG  18203.64416142 +.00001882 +00000-0 +30801-3 0  9995
2 35856 086.3715 083.6343 0059561 119.9736 263.5301 14.69051357307852
1 35857U 97051TH  18205.42247624 +.00000716 +00000-0 +13227-3 0  9999
2 35857 086.4312 098.4015 0046155 208.6380 151.2297 14.63308005314251
1 35858U 97051TJ  18202.69992576  .00001638  00000-0  35919-3 0  9995
2 35858  86.3590 105.6751 0009935 284.2077  75.8027 14.57069518479277
1 35860U 97051TL  10265.21067292 +.00003846 +00000-0 +13056-2 0  9995
2 35860 086.4543 239.4298 0025604 290.0216 069.8225 14.36278399068668
1 35862U 97051TN  18205.11520691 +.00003189 +00000-0 +45864-3 0  9998
2 35862 086.3725 077.3491 0030704 099.4097 053.8155 14.75768068479155
1 35863U 97051TP  18204.18819062 +.00003231 +00000-0 +87336-3 0  9996
2 35863 086.3359 115.8275 0084355 110.0925 250.9380 14.45405720472623
1 35881U 93036ATU 18205.03336968 +.00001456 +00000-0 +56888-3 0  9994
2 35881 074.2057 056.1470 0055062 278.0361 081.4544 14.29641763485691
1 35883U 93036ATW 18205.34899627 +.00000117 +00000-0 +39360-4 0  9996
2 35883 074.0248 075.5450 0090303 145.8135 337.1612 14.45534337480747
1 35884U 93036ATX 18086.92660092  .00000911  00000-0  47711-3 0  9990
2 35884  74.0088 302.0359 0141902   6.7111 353.5883 14.10653357456300
1 35885U 93036ATY 18205.60939761 +.00000086 +00000-0 +40485-4 0  9996
2 35885 074.0277 199.0285 0026319 216.9734 142.9604 14.33545520263239
1 35887U 93036AUA 18205.10549832 +.00000295 +00000-0 +13831-3 0  9995
2 35887 073.9910 001.5011 0119377 048.5100 312.6216 14.20602995260384
1 35888U 93036AUB 18205.22158916 +.00000180 +00000-0 +52665-4 0  9990
2 35888 074.0349 042.2104 0056979 127.6817 232.9531 14.50055356471823
1 35890U 93036AUD 18204.34784367 +.00000595 +00000-0 +21698-3 0  9991
2 35890 073.9444 212.4805 0081896 213.2215 146.3781 14.33469511464795
1 35891U 93036AUE 18205.06966491 +.00000318 +00000-0 +40340-4 0  9991
2 35891 074.0020 112.9499 0127563 209.0631 150.3406 14.81222788270103
1 35893U 93036AUG 18205.14234253 +.00000890 +00000-0 +24936-3 0  9993
2 35893 073.6557 019.3785 0069353 252.7433 106.6126 14.46357241266674
1 35895U 93036AUJ 18202.94139505 +.00000566 +00000-0 +38171-3 0  9990
2 35895 074.0509 294.3137 0228639 297.7920 060.0198 13.90965952224553
1 35897U 93036AUL 18205.23185072 +.00001199 +00000-0 +75296-4 0  9990
2 35897 073.9608 297.5358 0103545 071.9696 289.2743 15.06321822491056
1 35898U 93036AUM 18204.70921563 +.00000334 +00000-0 +54150-4 0  9991
2 35898 073.9988 196.6079 0123311 293.6875 188.3517 14.71031475482873
1 35900U 93036AUP 18205.53758755 +.00000873 +00000-0 +25011-3 0  9999
2 35900 074.0287 151.2382 0029140 158.7084 201.5294 14.46246174484635
1 35901U 93036AUQ 18205.19965603 +.00000718 +00000-0 +20072-3 0  9994
2 35901 074.0347 119.2526 0017532 145.6987 006.9555 14.47873717467948
1 35902U 93036AUR 18204.17159263 +.00000058 +00000-0 +39272-4 0  9999
2 35902 073.9890 030.1974 0122718 030.3506 330.4666 14.15988747468122
1 35903U 93036AUS 18205.38099156 +.00000651 +00000-0 +90012-4 0  9996
2 35903 074.0608 197.4353 0101975 236.6804 122.4576 14.76954770488479
1 35904U 93036AUT 18205.17786568 +.00000670 +00000-0 +15309-3 0  9990
2 35904 074.0259 026.5244 0028672 110.8734 249.5504 14.57518593471708
1 35905U 93036AUU 18205.51785061 +.00000197 +00000-0 +29142-4 0  9991
2 35905 074.0384 144.7208 0132927 214.8795 144.3618 14.77152328486089
1 35906U 93036AUV 18205.55945927 +.00000911 +00000-0 +12792-3 0  9991
2 35906 074.0213 266.1158 0114540 089.9983 338.3431 14.74622561481569
1 35907U 97051TQ  09304.93338152 +.00001881 +00000-0 +10320-2 0  9992
2 35907 086.3762 015.3133 0153302 320.4253 042.6240 14.05561339013433
1 35908U 97051TR  11125.30468280 +.00001872 +00000-0 +88699-3 0  9999
2 35908 086.2440 136.8239 0091084 044.2329 307.1074 14.16947664088713
1 35911U 97051TU  18205.44958944 +.00001480 +00000-0 +56363-3 0  9993
2 35911 086.2350 093.7464 0090785 280.1729 078.9233 14.28082257482168
1 35915U 97051TY  18204.42841106 +.00000590 +00000-0 +15147-3 0  9991
2 35915 086.3559 084.5187 0023136 318.3162 041.6278 14.48463295471953
1 35917U 97051UA  18205.41631491 +.00002984 +00000-0 +57418-3 0  9993
2 35917 086.3917 087.5788 0019990 178.6579 181.4691 14.63176295197499
1 35918U 97051UB  18205.10177292 +.00000346 +00000-0 +11205-3 0  9998
2 35918 086.4096 130.6698 0034270 054.2444 004.1709 14.35721818466369
1 35921U 97051UE  18205.25836285 +.00001324 +00000-0 +53313-3 0  9995
2 35921 086.4259 188.5232 0144297 081.5310 280.2203 14.21796939479974
1 35922U 97051UF  18204.40198983 +.00000911 +00000-0 +21245-3 0  9998
2 35922 086.3903 097.8867 0028379 270.5246 089.2709 14.53492597258955
1 35925U 97051UJ  18204.31427480 +.00003183 +00000-0 +45262-3 0  9997
2 35925 086.3188 056.5385 0015106 031.9195 328.2936 14.76518473487393
1 35926U 97051UK  18205.04873200 +.00001332 +00000-0 +27469-3 0  9997
2 35926 086.3461 071.7111 0006221 295.0856 064.9708 14.59744725478145
1 35929U 97051UN  18204.91952954 +.00000699 +00000-0 +15898-3 0  9997
2 35929 086.3500 070.7873 0028900 251.1941 108.6130 14.54318995483784
1 35953U 09057C   18205.55738525 +.00000409 +00000-0 +22069-3 0  9997
2 35953 098.6138 233.6760 0004710 166.3069 347.2452 14.17984732452781
1 35954U 09057D   18205.53438196 +.00000312 +00000-0 +17410-3 0  9994
2 35954 098.6270 236.2558 0004968 162.4832 354.8570 14.17738934452688
1 35955U 93061K   18205.59909436 +.00000900 +00000-0 +23105-3 0  9990
2 35955 098.6929 250.7134 0005943 011.6908 144.7711 14.52727684460854
1 35956U 93036AUW 18205.08408937 +.00001005 +00000-0 +71447-3 0  9996
2 35956 074.0949 120.0278 0315877 120.0700 243.2148 13.77270224244957
1 35959U 93036AUZ 18205.30491578 +.00000049 +00000-0 +27645-4 0  9996
2 35959 074.0303 202.6489 0023755 220.5463 139.3919 14.32556978462754
1 35960U 93036AVA 18205.14720945 +.00001942 +00000-0 +17821-3 0  9990
2 35960 074.0111 140.0404 0065502 201.6497 158.1917 14.94059127490792
1 35961U 93036AVB 18201.71651158  .00000546  00000-0  35123-3 0  9993
2 35961  73.9293 217.0039 0213855 336.3187  22.8208 13.94902012466724
1 35962U 93036AVC 18204.30620196 +.00001131 +00000-0 +34849-3 0  9995
2 35962 074.0090 199.8092 0046377 187.9469 172.0958 14.42001453268963
1 35965U 93036AVF 18205.56753614 +.00003523 +00000-0 +32883-3 0  9992
2 35965 074.0355 166.7324 0037774 244.5791 115.1482 14.94079248326341
1 35966U 93036AVG 18204.99486010 +.00001003 +00000-0 +46585-3 0  9997
2 35966 074.0409 088.5081 0165611 105.1045 256.8486 14.14873857332792
1 35968U 93036AVJ 18205.21958973 +.00001189 +00000-0 +13875-3 0  9998
2 35968 073.7086 052.2577 0087428 046.4365 314.4026 14.83856126498824
1 35970U 93036AVL 18204.83295053 +.00000630 +00000-0 +14026-3 0  9990
2 35970 074.0417 016.4974 0041811 085.4362 275.1577 14.58549069472089
1 35974U 93036AVQ 18203.32040010  .00000763  00000-0  19377-3 0  9999
2 35974  74.0312  82.3574 0018538 137.0771 223.1842 14.52422377494250
1 35975U 93036AVR 18204.33068664 +.00000500 +00000-0 +25933-3 0  9991
2 35975 074.0580 083.7707 0137480 094.1536 267.5330 14.12440868473668
1 35976U 93036AVS 18204.34943686 +.00000377 +00000-0 +13708-3 0  9998
2 35976 074.0414 217.8777 0062792 234.7251 124.8019 14.35482003477756
1 35979U 93036AVV 18199.17739906  .00000214  00000-0  53592-4 0  9999
2 35979  74.0194   5.2966 0082237  89.4404  34.7893 14.55519795492649
1 35980U 93036AVW 18200.53149109 +.00000465 +00000-0 +15385-3 0  9999
2 35980 073.9196 145.5873 0075719 139.6690 221.0115 14.39096886224710
1 35982U 93036AVY 18204.96206772 +.00000232 +00000-0 +62707-4 0  9995
2 35982 074.0604 043.4723 0078818 086.4176 274.5995 14.51580696469327
1 35983U 93036AVZ 18202.92471592 +.00001930 +00000-0 +26416-3 0  9996
2 35983 074.0326 305.3622 0013925 038.0437 322.1719 14.79211038473755
1 35984U 93036AWA 18205.45765121 +.00002824 +00000-0 +23215-3 0  9999
2 35984 073.9724 239.2472 0130103 109.5533 251.9753 14.93249499474928
1 35986U 93036AWC 18161.21639270  .00001289  00000-0  26506-3 0  9991
2 35986  74.0209 113.6643 0019949 191.1361 231.0178 14.61558272464235
1 35987U 93036AWD 18202.52004456  .00000305  00000-0  12299-3 0  9996
2 35987  74.0032 242.1881 0061223 279.4365  79.9868 14.31153124483137
1 35988U 93036AWE 14151.49957873 +.00005700 +00000-0 +19139-2 0  9995
2 35988 074.0275 097.5582 0024882 030.1969 329.9003 14.37243969267579
1 35989U 93036AWF 18205.27490912 +.00000075 +00000-0 +35939-4 0  9990
2 35989 074.0376 189.9597 0024132 215.6046 144.3497 14.34400594484683
1 35991U 93036AWH 18204.45674102 +.00004248 +00000-0 +35674-3 0  9998
2 35991 073.9104 256.7362 0090181 204.5095 155.1791 14.95531899487280
1 35992U 93036AWJ 15151.06342420 +.00001165 +00000-0 +20536-3 0  9995
2 35992 073.9533 292.9072 0090633 355.1963 004.8325 14.66171244307811
1 35993U 93036AWK 18204.24425297 +.00000269 +00000-0 +74696-4 0  9993
2 35993 074.0206 043.4746 0036859 173.2590 186.9074 14.50909426211971
1 35996U 93036AWN 18204.37984160 +.00000334 +00000-0 +39474-4 0  9997
2 35996 074.0247 095.8771 0143647 171.2570 189.1163 14.82275522321714
1 35997U 93036AWP 18205.23352596 +.00000281 +00000-0 +96550-4 0  9995
2 35997 074.0489 155.4098 0019504 186.1438 173.9481 14.40361159468699
1 36000U 93036AWS 18204.15933974 +.00000691 +00000-0 +20217-3 0  9997
2 36000 074.0195 147.9135 0081888 196.2201 163.6334 14.44001663209647
1 36001U 93036AWT 16191.27908683  .00005464  00000-0  96081-3 0  9998
2 36001  74.0303  44.7028 0014200 214.8759 144.6915 14.67807992360537
1 36002U 93036AWU 18204.47915106 +.00000623 +00000-0 +10378-3 0  9993
2 36002 074.0123 246.6217 0076563 340.7022 019.1252 14.70551666273972
1 36004U 93036AWW 18203.03388626 +.00002213 +00000-0 +10547-3 0  9992
2 36004 073.9147 217.5417 0098622 044.2966 316.6066 15.15629408495323
1 36005U 93036AWX 18205.32107200 +.00000058 +00000-0 +24261-4 0  9998
2 36005 074.0276 084.1918 0064121 162.9445 197.3889 14.44296500486848
1 36007U 93036AWZ 14124.23400568 +.00001073 +00000-0 +19168-3 0  9996
2 36007 074.0298 327.5711 0121860 095.1507 260.5509 14.63512499256328
1 36008U 93036AXA 18202.57598194 +.00000656 +00000-0 +40832-3 0  9996
2 36008 074.0182 288.4760 0233165 321.8115 036.6689 13.94381130227728
1 36011U 97051US  18204.00740831 +.00000216 +00000-0 +69631-4 0  9999
2 36011 086.3445 104.1097 0022766 054.6667 001.6129 14.34293804467006
1 36012U 97051UT  18204.89132229 +.00001804 +00000-0 +10946-2 0  9990
2 36012 086.4583 269.2363 0303266 234.3320 122.9273 13.85559516460314
1 36015U 97051UW  11201.01377527 +.00002520 +00000-0 +73811-3 0  9996
2 36015 086.3751 102.0981 0043805 173.7838 185.9001 14.43033383100709
1 36016U 97051UX  14005.49459247 +.00001031 +00000-0 +31691-3 0  9990
2 36016 086.4004 087.2571 0004176 012.5011 342.0792 14.40680995229992
1 36017U 97051UY  18205.34664664 +.00002792 +00000-0 +36533-3 0  9997
2 36017 086.3670 068.5122 0016687 028.5347 093.3376 14.79971375473200
1 36019U 97051VA  18204.66763199 +.00000974 +00000-0 +22322-3 0  9997
2 36019 086.3937 095.8377 0009861 004.8051 026.4211 14.54600363470636
1 36021U 97051VC  18204.32216462 +.00002646 +00000-0 +90481-3 0  9998
2 36021 086.4221 171.9959 0129217 310.1157 048.8769 14.31392967463941
1 36023U 97051VE  18205.37685475 +.00001293 +00000-0 +30917-3 0  9995
2 36023 086.3403 089.4122 0025416 278.5854 081.2472 14.52713256280531
1 36025U 97051VG  18205.21377575 +.00002362 +00000-0 +54131-3 0  9991
2 36025 086.5631 196.2529 0054931 020.2859 340.0513 14.54283182354555
1 36028U 97051VK  18205.34218169 +.00000677 +00000-0 +15611-3 0  9998
2 36028 086.3360 066.0509 0031940 250.5279 109.2476 14.53540859477034
1 36030U 96051M   18204.75044573 +.00004746 +00000-0 +73149-3 0  9991
2 36030 070.8592 344.8250 0031069 109.5198 250.9315 14.73631329461301
1 36031U 96051N   18204.18669161 +.00001910 +00000-0 +57940-3 0  9996
2 36031 070.8506 130.4933 0013517 197.4574 233.2328 14.43469684457039
1 36042U 93036AXD 18194.89800078 +.00003213 +00000-0 +20568-3 0  9992
2 36042 073.8745 004.0233 0053269 239.5717 120.0204 15.07907202473233
1 36045U 93036AXG 18205.43602075 +.00000333 +00000-0 +11650-3 0  9997
2 36045 073.7763 119.1676 0096313 252.5499 106.5106 14.36790257473830
1 36046U 93036AXH 18204.14797747 +.00000168 +00000-0 +45730-4 0  9999
2 36046 074.0201 006.1308 0068595 100.4979 019.9409 14.53874688486145
1 36047U 93036AXJ 18204.98844978 +.00000560 +00000-0 +14678-3 0  9993
2 36047 074.0517 081.7637 0022088 137.2113 223.0773 14.51473519265496
1 36048U 93036AXK 18205.42030928 +.00000122 +00000-0 +52313-4 0  9999
2 36048 074.0559 200.4788 0028852 208.6370 302.2283 14.34318659467891
1 36049U 93036AXL 18205.21681327 +.00000378 +00000-0 +11880-3 0  9998
2 36049 074.0388 131.7211 0019029 168.1589 192.0020 14.43725749463002
1 36050U 93036AXM 18205.13692306 +.00000219 +00000-0 +31175-4 0  9994
2 36050 074.0400 137.9305 0132457 209.3718 149.9970 14.78082300488621
1 36052U 93036AXP 18205.15897153 +.00000690 +00000-0 +18985-3 0  9991
2 36052 074.0315 112.2793 0016943 136.7389 223.5105 14.48721263471472
1 36053U 93036AXQ 18205.53438995 +.00000669 +00000-0 +23851-3 0  9993
2 36053 073.8823 151.6085 0043494 287.9872 071.6542 14.35737041487686
1 36055U 93036AXS 18205.21707644 +.00001782 +00000-0 +93762-3 0  9995
2 36055 074.0431 295.5446 0237532 307.5089 050.4661 14.01331138449609
1 36057U 93036AXU 18204.59986095 +.00001754 +00000-0 +21230-3 0  9996
2 36057 073.9699 192.7948 0048262 317.3947 042.3490 14.83736068476423
1 36058U 93036AXV 18205.30514208 +.00000177 +00000-0 +54358-4 0  9996
2 36058 074.0268 068.3637 0055109 146.3591 214.1087 14.47820169269858
1 36059U 93036AXW 18204.33365466 +.00001147 +00000-0 +35967-3 0  9991
2 36059 074.0072 215.3644 0057324 222.4279 137.2438 14.40823926461175
1 36060U 93036AXX 18205.26066093 +.00000141 +00000-0 +56508-4 0  9998
2 36060 074.0305 168.4378 0016975 207.9686 152.0557 14.36941981462136
1 36061U 93036AXY 18205.43757396 +.00000111 +00000-0 +52970-4 0  9997
2 36061 074.0236 235.6490 0042511 248.8860 110.7743 14.29800903265101
1 35275U 08056E   18204.90254292 +.00000166 +00000-0 +81429-4 0  9990
2 35275 098.7907 190.3142 0140716 033.5482 327.4511 14.25082083496968
1 35278U 93036AJG 18203.91281848 +.00001250 +00000-0 +33957-3 0  9999
2 35278 074.0472 178.9795 0067542 182.8416 209.0193 14.47286981485057
1 35279U 93036AJH 18204.57538186 +.00001258 +00000-0 +18914-3 0  9997
2 35279 074.0034 279.6053 0034154 009.8027 350.3805 14.75275727489902
1 35280U 93036AJJ 18204.22317337 +.00000702 +00000-0 +20718-3 0  9992
2 35280 074.0333 165.5137 0066639 194.6920 225.9286 14.44183632481989
1 35281U 93036AJK 18204.25923052 +.00000876 +00000-0 +21281-3 0  9991
2 35281 074.0020 060.7012 0017831 287.6159 072.3056 14.54327332487093
