1 30960U 99025BBA 18203.47278083  .00000304  00000-0  71498-4 0  9996
2 30960  99.0118  91.9075 0263351 331.3402  27.3523 14.43925927595866
1 30961U 99025BBB 18204.90326092 +.00000271 +00000-0 +77420-4 0  9994
2 30961 098.9011 082.3629 0149062 108.3839 253.3626 14.47455262599339
1 30964U 99025BBE 18205.25197008 +.00000197 +00000-0 +17029-3 0  9994
2 30964 098.7114 307.1621 0161039 127.9230 263.2079 13.90664553578177
1 30966U 99025BBG 18204.23751366 +.00002135 +00000-0 +34838-3 0  9997
2 30966 099.1294 207.4790 0088375 024.4774 038.7041 14.69661254602902
1 30967U 99025BBH 18205.43079880 +.00000193 +00000-0 +66471-4 0  9996
2 30967 098.8580 008.6270 0119107 059.3584 301.9284 14.43567476599974
1 30968U 99025BBJ 18205.50803838 +.00020952 +00000-0 +85154-3 0  9996
2 30968 099.3992 099.2194 0017532 286.2696 073.6607 15.24475059257656
1 30971U 99025BBM 18205.18009167 +.00000139 +00000-0 +36151-4 0  9996
2 30971 099.1857 280.5939 0210099 071.5893 318.8443 14.54520868603756
1 30972U 99025BBN 18205.55689156 +.00001043 +00000-0 +47488-3 0  9999
2 30972 098.9581 241.1676 0025677 128.3670 231.9821 14.23781090588455
1 30973U 99025BBP 16102.58653814 +.00002757 +00000-0 +14514-2 0  9995
2 30973 099.7030 031.4815 0129767 044.0051 317.1361 14.10711744467672
1 30974U 99025BBQ 18205.59894896 +.00001803 +00000-0 +38760-3 0  9991
2 30974 098.9383 076.3113 0058022 180.5931 179.5206 14.58908068594311
1 30975U 99025BBR 18204.07996777 +.00000437 +00000-0 +18068-3 0  9996
2 30975 098.9811 308.6687 0221396 139.9237 221.8510 14.19393860586199
1 30976U 99025BBS 18204.39560283 +.00000587 +00000-0 +28095-3 0  9998
2 30976 099.1754 268.2553 0177296 096.4167 265.7227 14.14995687584550
1 30977U 99025BBT 18204.39820692 +.00000344 +00000-0 +11977-3 0  9994
2 30977 099.0325 063.2009 0123990 235.9277 251.7402 14.38117869596701
1 30978U 99025BBU 18204.57362364 +.00000454 +00000-0 +21546-3 0  9997
2 30978 098.3125 337.7350 0050376 251.2242 108.3468 14.23408565591355
1 30979U 99025BBV 18204.29568465 +.00000398 +00000-0 +72860-4 0  9990
2 30979 097.7686 239.6699 0291683 042.6633 019.2246 14.46829955599088
1 30980U 99025BBW 18204.21414032 +.00021219 +00000-0 +84937-3 0  9996
2 30980 098.8875 197.3146 0021427 087.5225 272.8460 15.24900872606945
1 30981U 99025BBX 18104.99580555  .00001373  00000-0  79806-3 0  9993
2 30981  98.4665 177.0065 0139888 150.7848 210.1237 14.05349983566848
1 30982U 99025BBY 18204.58164747 +.00000094 +00000-0 +33793-4 0  9996
2 30982 098.3005 237.9884 0193970 275.0914 238.7522 14.45245081320285
1 30984U 99025BCA 18204.88799516 +.00000404 +00000-0 +13212-3 0  9997
2 30984 098.5720 245.2246 0153127 203.9142 155.4880 14.37620365562979
1 30985U 99025BCB 18204.19076684 +.00000673 +00000-0 +39110-3 0  9999
2 30985 099.2356 333.2291 0056844 062.8914 057.6887 14.11493131583589
1 30986U 99025BCC 18204.34431775 +.00000260 +00000-0 +13805-3 0  9998
2 30986 098.8248 240.3997 0054290 110.6932 306.5021 14.21171042251270
1 30988U 99025BCE 18204.77078033 +.00001417 +00000-0 +16367-3 0  9992
2 30988 098.5192 322.4026 0312804 189.6578 169.8519 14.58079746598760
1 30989U 99025BCF 18205.46263929 +.00000510 +00000-0 +33965-3 0  9996
2 30989 099.2320 213.6841 0104103 040.8872 320.0043 14.03271212580557
1 30992U 99025BCJ 07113.76852557 +.00000545 +00000-0 +39432-3 0  9993
2 30992 099.3922 105.8201 0042873 229.8622 130.0753 14.00747560006291
1 30993U 99025BCK 18205.58781359 +.00000641 +00000-0 +34323-3 0  9990
2 30993 099.0049 234.1464 0022658 195.6156 320.3998 14.16661820585868
1 30994U 99025BCL 18205.50320973 +.00000083 +00000-0 +71439-4 0  9994
2 30994 098.9288 233.3720 0017123 253.2000 106.7292 14.10407439585397
1 30996U 99025BCN 18204.83970583 +.00000378 +00000-0 +17493-3 0  9995
2 30996 098.9877 340.3339 0057030 180.6246 334.7463 14.26032301590280
1 30997U 99025BCP 18204.87282788 +.00001057 +00000-0 +29841-3 0  9998
2 30997 099.0241 082.1629 0065411 245.2866 173.2900 14.46791239595000
1 30998U 99025BCQ 18205.42417613 +.00000824 +00000-0 +39311-3 0  9992
2 30998 098.9390 197.3723 0019409 096.2517 065.4426 14.21967690586702
1 30999U 99025BCR 18203.80239968 +.00000251 +00000-0 +77698-4 0  9993
2 30999 099.0331 142.5767 0139610 119.5341 241.9851 14.45120711597460
1 31000U 99025BCS 18204.00399600 +.00000333 +00000-0 +20396-3 0  9993
2 31000 097.5994 273.5517 0175817 336.2707 146.3259 14.03544415581179
1 31001U 99025BCT 18205.38987374 +.00000166 +00000-0 +66487-4 0  9993
2 31001 099.3057 188.0008 0164918 091.2024 270.8058 14.35026824594498
1 31002U 99025BCU 18205.55510515 +.00000179 +00000-0 +15403-3 0  9997
2 31002 099.1374 234.7830 0101205 214.5023 300.2109 13.96981599579213
1 31003U 99025BCV 18204.52997215 +.00000443 +00000-0 +26585-3 0  9997
2 31003 099.0214 241.1208 0046902 321.3523 038.4295 14.11642644583361
1 31005U 99025BCX 18205.48247784 +.00000247 +00000-0 +25449-3 0  9994
2 31005 098.5844 190.9443 0197469 039.8944 117.0062 13.75807784571181
1 31007U 99025BCZ 18205.50665281 +.00000702 +00000-0 +26643-3 0  9998
2 31007 098.2001 306.1298 0103438 243.4200 115.6355 14.31016214593349
1 31009U 99025BDB 18205.06175706 -.00000221 +00000-0 -12205-3 0  9996
2 31009 099.0190 235.1287 0064142 135.6486 252.4903 13.98428480581513
1 31010U 99025BDC 18205.33820472 +.00000886 +00000-0 +61510-3 0  9993
2 31010 101.7483 254.1692 0157289 307.5964 051.0995 13.97084116577543
1 31012U 99025BDE 18205.32343090 +.00000032 +00000-0 +31501-4 0  9991
2 31012 098.9901 344.1900 0085702 113.2398 277.8364 14.25758517592991
1 31013U 99025BDF 18205.15035012 +.00001589 +00000-0 +34600-3 0  9995
2 31013 098.9722 097.6492 0050999 201.9660 157.9351 14.58749045598482
1 31014U 99025BDG 18204.93188749 +.00000345 +00000-0 +26555-3 0  9996
2 31014 098.9181 248.1844 0090569 104.3200 019.0615 13.97547517581327
1 31015U 99025BDH 18205.26591153 +.00001843 +00000-0 +23559-3 0  9996
2 31015 098.7288 124.1702 0098572 052.0660 098.5013 14.79472055605776
1 31016U 99025BDJ 18204.93512826 +.00000100 +00000-0 +55725-4 0  9996
2 31016 098.7113 234.7647 0116837 268.1785 212.6798 14.27154739592057
1 31017U 99025BDK 18204.97503740 -.00000103 +00000-0 -34890-4 0  9991
2 31017 098.8348 255.1269 0117555 040.1545 079.9406 14.05946448583520
1 31018U 99025BDL 18205.50836146 +.00000616 +00000-0 +40965-3 0  9997
2 31018 099.1947 235.0893 0070684 090.7497 270.1769 14.03948341581008
1 31019U 99025BDM 18202.70160774  .00000135  00000-0  41243-3 0  9990
2 31019  98.6924 214.1439 1143408  59.2826   5.1413 11.77832000488509
1 31021U 99025BDP 18205.29623062 +.00000193 +00000-0 +30701-4 0  9996
2 31021 098.5759 245.2855 0352828 305.7368 051.1479 14.51135191341380
1 31022U 99025BDQ 18205.58219234 +.00000057 +00000-0 +81669-4 0  9999
2 31022 099.5105 334.4621 0113059 105.1229 256.2466 13.88252894245531
1 31023U 99025BDR 18204.31591341 +.00000060 +00000-0 +62420-4 0  9990
2 31023 098.8519 235.4553 0082820 241.9002 117.3776 14.05322232315764
1 31024U 99025BDS 18204.88339835 +.00000123 +00000-0 +81136-4 0  9996
2 31024 099.1710 356.2596 0077167 220.9143 138.6224 14.17817491584370
1 31025U 99025BDT 18205.57832950 +.00000234 +00000-0 +12248-3 0  9990
2 31025 098.7207 248.5861 0185276 206.6150 152.5420 14.14656954261754
1 31026U 99025BDU 18205.51066182 +.00000006 +00000-0 +41411-4 0  9993
2 31026 098.7963 302.9848 0135003 286.7013 135.4765 13.82255979307416
1 31027U 99025BDV 17049.38198583  .00000406  00000-0  21962-3 0  9997
2 31027  99.0183 109.1279 0078961 217.7757 141.6964 14.16710760510506
1 31028U 99025BDW 18205.50568690 +.00000012 +00000-0 +38514-4 0  9992
2 31028 098.7148 299.5102 0169873 119.9182 241.8970 13.87220316575210
1 31029U 99025BDX 18205.60805821 +.00000056 +00000-0 +37914-4 0  9995
2 31029 098.9110 340.7522 0095151 014.7645 045.8120 14.30114595592005
1 31030U 99025BDY 18204.93140112 +.00000357 +00000-0 +20750-3 0  9990
2 31030 099.0188 227.6121 0030126 219.7869 258.2375 14.14967751585206
1 31031U 99025BDZ 18204.39067250 +.00000162 +00000-0 +10413-3 0  9991
2 31031 099.1911 357.3520 0028196 273.9504 139.9773 14.16982165585966
1 31032U 99025BEA 18204.36261176 +.00000349 +00000-0 +28663-3 0  9995
2 31032 099.2467 148.2318 0157326 307.8098 213.1306 13.90668127574155
1 31033U 99025BEB 18205.36966616 +.00000028 +00000-0 +26583-4 0  9992
2 31033 098.5336 253.9466 0160757 100.7062 321.7907 14.24409755589106
1 31035U 99025BED 18204.01139182 +.00000513 +00000-0 +17380-3 0  9998
2 31035 098.7194 284.7960 0248927 246.1139 241.1665 14.25340985587440
1 31036U 99025BEE 18205.25449713 +.00000074 +00000-0 +32103-4 0  9993
2 31036 098.9072 120.2393 0146975 042.6757 107.4300 14.45406221182996
1 31037U 99025BEF 18204.95199504 +.00008223 +00000-0 +66683-3 0  9993
2 31037 099.0489 198.7305 0020260 046.9679 313.3233 14.99849513599610
1 31038U 99025BEG 18204.48193899 +.00000168 +00000-0 +69110-4 0  9992
2 31038 099.0203 098.0581 0094055 262.5642 096.4849 14.37944848594236
1 31040U 99025BEJ 18204.58323243 +.00000028 +00000-0 +36610-4 0  9998
2 31040 098.7397 237.2118 0065475 006.3208 145.1026 14.14428667585261
1 31041U 99025BEK 18204.40138472 +.00001201 +00000-0 +81085-3 0  9997
2 31041 099.1467 161.0213 0113922 230.6251 258.6810 13.99324181575938
1 31042U 99025BEL 18204.86148807 +.00001600 +00000-0 +30035-3 0  9993
2 31042 099.0423 170.8194 0068916 062.5353 298.2832 14.64848063598519
1 31043U 99025BEM 18205.56564412 +.00000007 +00000-0 +32074-4 0  9992
2 31043 099.0327 236.1037 0042741 356.8789 155.3464 14.04724130580769
1 31044U 99025BEN 18205.16398072 +.00003635 +00000-0 +35127-3 0  9997
2 31044 099.4203 097.1751 0061002 323.1358 036.5669 14.92292423604143
1 31046U 99025BEQ 18205.46787472 +.00001107 +00000-0 +54961-3 0  9997
2 31046 099.0429 213.2074 0103788 331.8723 189.4316 14.16521375582251
1 31047U 99025BER 18205.32225758 +.00000184 +00000-0 +12873-3 0  9997
2 31047 098.8470 237.7741 0025771 275.8992 144.5876 14.10153731583005
1 31048U 99025BES 18205.49645917 +.00001132 +00000-0 +51210-3 0  9991
2 31048 099.0614 298.7834 0072490 143.4847 279.5497 14.22734860584457
1 31049U 99025BET 18196.27242679 -.00000165 +00000-0 -78158-4 0  9993
2 31049 099.0577 227.0583 0054519 103.5876 257.1370 14.02043149231589
1 31051U 99025BEV 18204.30600107 +.00000228 +00000-0 +17827-3 0  9997
2 31051 099.1696 234.0505 0057863 072.8185 287.9304 14.01339340259974
1 31053U 99025BEX 18205.35969769 +.00000457 +00000-0 +41920-3 0  9992
2 31053 098.7412 178.3130 0341368 017.5999 343.6641 13.63919352566537
1 31054U 99025BEY 18205.57012980 -.00000017 +00000-0 +15317-4 0  9996
2 31054 098.9489 232.9376 0009821 195.9401 319.0625 14.10779591587081
1 31055U 99025BEZ 18205.53783858 +.00000206 +00000-0 +14818-3 0  9995
2 31055 099.0656 230.8844 0024437 293.0971 221.1143 14.07653046581397
1 31056U 99025BFA 18205.34152956 +.00000082 +00000-0 +69039-4 0  9992
2 31056 098.7459 246.1796 0028177 106.4765 313.5509 14.11216637587365
1 31057U 99025BFB 18204.00448922 +.00000440 +00000-0 +95852-4 0  9996
2 31057 099.2517 264.8029 0210579 107.8132 254.6154 14.51017985226275
1 31058U 99025BFC 18204.43190299 +.00000352 +00000-0 +91995-4 0  9991
2 31058 099.5868 073.2014 0138262 231.2519 127.6249 14.51825191602338
1 31060U 99025BFE 18204.11226213 +.00003028 +00000-0 +32866-3 0  9999
2 31060 099.1664 320.3468 0073626 277.8655 081.4204 14.87165026607324
1 31062U 99025BFG 18204.71105635 -.00000026 +00000-0 +16956-4 0  9990
2 31062 099.2674 107.3235 0173870 242.1631 143.5092 13.74450733571461
1 31063U 99025BFH 18204.43698191 +.00000796 +00000-0 +28073-3 0  9999
2 31063 099.8660 073.4019 0041077 018.7518 104.5953 14.37678868354294
1 31064U 99025BFJ 18204.36371708 +.00000086 +00000-0 +48460-4 0  9999
2 31064 098.6287 242.5083 0250732 256.9643 158.1319 14.18352526589630
1 31065U 99025BFK 18199.36570479 +.00000248 +00000-0 +13773-3 0  9997
2 31065 098.7310 250.9590 0038140 314.7085 045.0987 14.19526462261450
1 31066U 99025BFL 18205.37483984 +.00001874 +00000-0 +14545-3 0  9995
2 31066 099.0285 356.8278 0187954 166.9525 193.6650 14.90069481612874
1 31067U 99025BFM 18205.41241023 +.00006774 +00000-0 +37175-3 0  9995
2 31067 099.0566 009.7694 0062199 256.0889 103.3413 15.12926085611804
1 31068U 99025BFN 18204.95606538 +.00000139 +00000-0 +95147-4 0  9993
2 31068 098.7983 261.2369 0168225 195.3516 164.2514 14.07306891583825
1 31069U 99025BFP 18204.66210084 +.00000233 +00000-0 +78667-4 0  9992
2 31069 099.0509 135.9177 0130133 177.7357 182.4447 14.42378221596839
1 31071U 99025BFR 18204.45029626 +.00000337 +00000-0 +12585-3 0  9993
2 31071 099.0561 083.3188 0071180 331.4516 028.2779 14.37341036266118
1 31072U 99025BFS 18205.53903964 +.00000255 +00000-0 +11942-3 0  9995
2 31072 099.3416 051.2998 0236190 163.2405 228.3161 14.15627262587495
1 31073U 99025BFT 18205.23649014 +.00000574 +00000-0 +34636-3 0  9995
2 31073 099.0619 307.8961 0054993 321.8607 037.8676 14.10070431589359
1 31074U 99025BFU 18205.20954647 +.00000827 +00000-0 +58915-3 0  9991
2 31074 099.0092 120.1918 0101287 192.8020 167.0569 13.97811941577590
1 31077U 99025BFX 18205.46442772 +.00001211 +00000-0 +19922-3 0  9996
2 31077 099.0130 205.6819 0106957 219.1172 140.2264 14.69144651603463
1 31078U 99025BFY 18205.22319542 +.00000200 +00000-0 +11323-3 0  9993
2 31078 099.0144 189.2340 0121736 283.8463 142.8981 14.17477606587083
1 31079U 99025BFZ 15253.31222079  .00001357  00000-0  89508-3 0  9996
2 31079  99.0846 284.2475 0062121 103.4289 251.3901 14.02529851434435
1 31080U 99025BGA 18205.44380296 +.00000380 +00000-0 +24672-3 0  9994
2 31080 099.0833 283.4435 0088364 116.1358 244.8933 14.06733947248987
1 31081U 99025BGB 18204.27402956 -.00000108 +00000-0 -38014-4 0  9999
2 31081 099.0495 229.4671 0047733 225.8756 195.0491 14.05826100585285
1 31082U 99025BGC 18196.31830840  .00000267  00000-0  18151-3 0  9995
2 31082  98.8994 239.7498 0072988 285.8807  73.4326 14.07215177581854
1 31083U 99025BGD 18204.88991601 +.00000506 +00000-0 +21415-3 0  9994
2 31083 098.7462 265.9266 0051141 029.9517 028.4188 14.29096574589970
1 31085U 99025BGF 18205.57458400 +.00000042 +00000-0 +33662-4 0  9991
2 31085 098.7642 313.3717 0088162 304.7259 122.3024 14.28596148592564
1 31086U 99025BGG 18205.58476934 +.00001013 +00000-0 +13417-3 0  9999
2 31086 098.9734 243.1453 0124490 061.4669 098.2059 14.77374570605867
1 31087U 99025BGH 18205.07456280 +.00000326 +00000-0 +83554-4 0  9992
2 31087 098.4066 249.9027 0212401 272.2082 115.4958 14.44906829597089
1 31088U 99025BGJ 18205.59045549 +.00000619 +00000-0 +35995-3 0  9992
2 31088 099.4379 069.7318 0037919 065.5075 324.3203 14.12363063583387
1 31089U 99025BGK 18204.15846455 +.00000155 +00000-0 +14865-3 0  9997
2 31089 098.9846 084.0579 0212388 322.5411 190.8850 13.84491346306757
1 31090U 99025BGL 18205.17310883 +.00000355 +00000-0 +52501-4 0  9995
2 31090 098.9873 283.8427 0171671 044.3042 317.1756 14.73342716608049
1 31091U 99025BGM 18204.76480747 +.00000028 +00000-0 +84411-4 0  9999
2 31091 099.3131 320.8943 0282592 321.3419 036.7785 13.51354665251645
1 31092U 99025BGN 18205.03764482 +.00000260 +00000-0 +39140-3 0  9998
2 31092 099.5345 051.2873 0341871 306.8414 050.1812 13.40865555557464
1 31093U 99025BGP 18205.55128772 +.00000096 +00000-0 +11444-3 0  9996
2 31093 098.6209 240.7465 0212108 302.0198 056.0504 13.78231156573199
1 31094U 99025BGQ 18205.51194035 +.00000427 +00000-0 +34647-3 0  9996
2 31094 099.0344 110.3531 0114328 257.3733 101.4623 13.92500853579881
1 31095U 99025BGR 18204.31361509 +.00000384 +00000-0 +68938-3 0  9998
2 31095 098.5860 128.4641 0501845 168.2489 193.0864 13.05723611542105
1 31097U 99025BGT 18205.37309294 +.00000598 +00000-0 +30963-3 0  9994
2 31097 098.9334 257.9446 0020296 163.8496 256.1736 14.18629942586343
1 31098U 99025BGU 18205.53764045 +.00000842 +00000-0 +41321-3 0  9994
2 31098 098.9740 235.0502 0021468 152.9134 207.3166 14.20406714585656
1 31099U 99025BGV 18205.34311076 +.00000056 +00000-0 +42665-4 0  9996
2 31099 098.9747 338.4860 0066885 131.6702 259.9436 14.24867368590217
1 31131U 03049D   18205.33607924 +.00000135 +00000-0 +64583-4 0  9994
2 31131 098.6411 154.8840 0133936 258.4327 256.7081 14.29689232586718
1 31137U 95021D   18205.18544081 +.00000277 +00000-0 +10062-3 0  9997
2 31137 098.3795 167.7389 0004621 110.0105 015.9095 14.40458819756056
1 31139U 03049E   18205.37571646 +.00000284 +00000-0 +83867-4 0  9998
2 31139 098.1890 179.6447 0094019 117.0446 244.0381 14.48033231593208
1 31144U 99025BGW 13276.33812043 +.00000206 +00000-0 +16243-3 0  9998
2 31144 099.2351 319.5653 0098724 273.1648 086.6520 14.00794070335052
1 31146U 99025BGY 18205.40480854 +.00000129 +00000-0 +65064-4 0  9996
2 31146 099.1630 005.3495 0230601 326.8032 031.8851 14.20725852584028
1 31147U 99025BGZ 18205.51655372 +.00003423 +00000-0 +37295-3 0  9992
2 31147 099.1570 306.1675 0122365 208.1265 215.9606 14.83503517599830
1 31148U 99025BHA 18205.29751386 +.00000080 +00000-0 +41517-4 0  9999
2 31148 098.8331 326.1654 0160177 055.1271 306.4853 14.32132845588521
1 31149U 99025BHB 18205.38434939 +.00001496 +00000-0 +32807-3 0  9995
2 31149 099.1578 167.1857 0118060 330.3881 181.1332 14.55208889592843
1 31150U 99025BHC 18205.55697446 +.00000035 +00000-0 +44170-4 0  9995
2 31150 098.9165 233.3849 0014247 253.1713 259.3950 14.11332982582262
1 31151U 99025BHD 18204.77167378 +.00000828 +00000-0 +52909-3 0  9993
2 31151 099.0208 146.0775 0077557 033.9424 326.6672 14.04838127579558
1 31152U 99025BHE 18205.56269354 +.00000027 +00000-0 +23244-4 0  9991
2 31152 098.4425 234.4170 0133222 152.9678 359.0297 14.34264993593601
1 31154U 99025BHG 18204.87344151 +.00000941 +00000-0 +23714-3 0  9991
2 31154 098.6381 241.4623 0072585 012.1926 348.1004 14.52044288198704
1 31155U 99025BHH 18205.56707478 +.00000350 +00000-0 +26254-3 0  9990
2 31155 099.2457 232.8247 0107433 242.5735 270.3901 13.98720568578839
1 31157U 99025BHK 18204.34877696 +.00000139 +00000-0 +82002-4 0  9996
2 31157 098.6264 256.7110 0103187 238.1777 182.8558 14.19571543587479
1 31158U 99025BHL 18204.31215340 +.00000614 +00000-0 +32302-3 0  9991
2 31158 098.9810 233.2443 0060072 225.2433 134.3844 14.16955296261411
1 31159U 99025BHM 18204.35670162 +.00000962 +00000-0 +89605-4 0  9998
2 31159 097.6568 247.9705 0333328 161.6915 199.6633 14.62645190596956
1 31160U 99025BHN 18204.94802790 -.00000251 +00000-0 -14056-3 0  9999
2 31160 099.3264 198.9565 0058879 082.0702 278.7138 13.98746519318635
1 31161U 99025BHP 18205.53735760 -.00000065 +00000-0 -11646-4 0  9994
2 31161 099.0369 233.5625 0070545 003.3481 356.8145 14.06576473582332
1 31162U 99025BHQ 07340.18477635 +.00000719 +00000-0 +52048-3 0  9992
2 31162 098.8751 319.3365 0086993 282.1768 076.9640 13.97985442037017
1 31163U 99025BHR 18205.10229310 +.00000185 +00000-0 +95319-4 0  9998
2 31163 098.8783 320.4810 0060161 136.9076 223.6835 14.25589866262433
1 31165U 99025BHT 18204.41966612 +.00000448 +00000-0 +12891-3 0  9991
2 31165 098.9222 064.9665 0102549 116.3832 008.3800 14.47015581596512
1 31166U 99025BHU 18204.40608889 +.00001204 +00000-0 +45647-3 0  9996
2 31166 098.7977 273.1721 0021983 120.3339 299.4919 14.32881635588660
1 31167U 99025BHV 18205.15369257 +.00001305 +00000-0 +32518-3 0  9998
2 31167 098.9990 089.2016 0054046 266.6559 092.8451 14.52725440591400
1 31168U 99025BHW 18204.97749423 +.00000350 +00000-0 +89993-4 0  9994
2 31168 098.8661 119.5679 0138820 331.2448 028.1142 14.51698901598682
1 31169U 99025BHX 18203.80223342 +.00000518 +00000-0 +33479-3 0  9996
2 31169 099.0425 149.0848 0079055 032.8261 327.7782 14.05783015190171
1 31171U 99025BHZ 18205.49328972 +.00000489 +00000-0 +26951-3 0  9995
2 31171 098.0490 075.4451 0221734 210.6325 270.5118 14.03571297577708
1 31172U 99025BJA 18205.29475343 +.00000036 +00000-0 +29231-4 0  9992
2 31172 098.6270 234.1087 0152132 302.6242 056.0334 14.29461726590609
1 31173U 99025BJB 18204.11194830 +.00000360 +00000-0 +25940-3 0  9994
2 31173 098.2062 149.9065 0078836 219.2078 207.6991 14.00791569577385
1 31174U 99025BJC 18204.80661264 +.00001971 +00000-0 +77402-3 0  9990
2 31174 099.0691 329.3870 0022387 146.2393 008.4392 14.30400538583116
1 31175U 99025BJD 18205.43328970 +.00000197 +00000-0 +11787-3 0  9998
2 31175 098.4363 292.3143 0146737 108.0989 316.6088 14.11326359273053
1 31177U 99025BJF 18203.51988382  .00000612  00000-0  75850-3 0  9999
2 31177  98.7598  38.6319 0353837  26.9804   0.3791 13.44739772554398
1 31178U 99025BJG 18205.33381896 +.00000222 +00000-0 +15517-3 0  9990
2 31178 099.5372 030.7152 0154904 202.5903 156.8392 14.03619211578315
1 31179U 99025BJH 18204.29774726 +.00000089 +00000-0 +93482-4 0  9992
2 31179 099.2923 240.2135 0230661 076.7971 285.8806 13.85559847572386
1 31180U 99025BJJ 18204.88171622 -.00000033 +00000-0 +92084-5 0  9993
2 31180 099.1780 079.4551 0510293 292.8048 123.5216 13.66721704565332
1 31181U 99025BJK 18204.77202979 +.00000518 +00000-0 +34884-3 0  9991
2 31181 099.0148 245.8177 0053283 075.2986 348.1993 14.04343542578253
1 31182U 99025BJL 18204.92384650 +.00000112 +00000-0 +86021-4 0  9997
2 31182 098.7797 241.3289 0022929 260.4106 221.9011 14.11257138579893
1 31183U 99025BJM 18205.48973809 +.00000413 +00000-0 +16837-3 0  9991
2 31183 099.0869 027.6093 0066248 097.9124 289.0019 14.31711707587892
1 31185U 99025BJP 18196.55229554 -.00000254 +00000-0 -13753-3 0  9990
2 31185 098.9876 228.1622 0042953 082.4744 278.1298 14.01794982243980
1 31186U 99025BJQ 18205.23947025 +.00000165 +00000-0 +12128-3 0  9991
2 31186 099.3033 357.6299 0026624 025.0357 097.9002 14.09431941580658
1 31187U 99025BJR 18205.44256903 +.00000722 +00000-0 +23975-3 0  9994
2 31187 099.2009 282.9340 0393130 310.0497 046.6794 14.05404490576838
1 31188U 99025BJS 18205.14387443 +.00000380 +00000-0 +23222-3 0  9991
2 31188 098.9508 260.9409 0069466 003.9272 021.7094 14.10755963582049
1 31190U 99025BJU 18204.30808713 +.00000619 +00000-0 +45035-3 0  9990
2 31190 099.0845 238.4377 0074841 174.8140 185.3816 13.98689878578227
1 31191U 99025BJV 18205.34318865 +.00000175 +00000-0 +73465-4 0  9996
2 31191 098.8448 342.4143 0099248 226.3476 132.9449 14.35558760593284
1 31192U 99025BJW 18204.33468122 +.00000043 +00000-0 +32956-4 0  9991
2 31192 098.6657 250.2410 0272967 332.8117 025.8982 14.15948792585665
1 31193U 99025BJX 18199.83553299  .00217350  00000-0  10445-2 0  9998
2 31193  99.1205  80.3207 0009153 144.9064 215.2804 15.82023779611285
1 31194U 99025BJY 18204.76451570 +.00000431 +00000-0 +19522-3 0  9993
2 31194 098.9268 326.1671 0065276 180.0821 180.0358 14.26084084585778
1 31195U 99025BJZ 18204.27628096 +.00000289 +00000-0 +17542-3 0  9990
2 31195 099.1081 225.5317 0174342 182.9912 177.0228 14.06692399581366
1 31196U 99025BKA 18199.89605231 +.00000126 +00000-0 +78109-4 0  9995
2 31196 098.7715 233.4142 0063145 118.6829 242.0715 14.20043436250805
1 31197U 99025BKB 18204.97961242 +.00000740 +00000-0 +39605-3 0  9998
2 31197 099.0724 268.7801 0059881 357.0415 003.0396 14.15449238259965
1 31198U 99025BKC 18205.15760240 -.00000019 +00000-0 +15729-4 0  9997
2 31198 098.5339 184.0404 0206285 038.9594 322.6218 13.74868444569309
1 31199U 99025BKD 18204.90899571 +.00000094 +00000-0 +79164-4 0  9995
2 31199 098.7946 245.1644 0064991 335.7393 147.0005 14.08243801582021
1 31201U 99025BKF 18204.53965457 +.00000360 +00000-0 +15471-3 0  9991
2 31201 098.8766 314.6118 0164537 237.6412 184.0034 14.24062032587541
1 31202U 99025BKG 18205.49423330 +.00000547 +00000-0 +12686-3 0  9999
2 31202 096.5759 043.1192 0114418 294.4535 094.1794 14.53928714598147
1 31203U 99025BKH 18205.44794663 +.00000881 +00000-0 +41641-3 0  9999
2 31203 098.9896 269.9428 0061533 132.6479 227.9906 14.21382528583164
1 31204U 99025BKJ 11087.18964326 +.00001383 +00000-0 +10408-2 0  9991
2 31204 098.0611 234.0605 0252294 188.1478 178.5437 13.81694359202152
1 31205U 99025BKK 18202.53345680 -.00000005  00000-0  17967-4 0  9993
2 31205  99.2261 112.3891 0164722 325.2404  33.8097 14.22491946588316
1 31206U 99025BKL 18204.18744961 +.00000156 +00000-0 +71992-4 0  9996
2 31206 098.9083 343.7181 0086273 355.5697 004.4712 14.32460361591401
1 31208U 99025BKN 18204.56479442 +.00000634 +00000-0 +26266-3 0  9993
2 31208 099.2381 108.0520 0021318 223.0906 259.1777 14.30325517317056
1 31209U 99025BKP 18203.23352833  .00000770  00000-0  39632-3 0  9993
2 31209  99.0122 213.9333 0030742 205.9910 153.9722 14.18017222583324
1 31210U 99025BKQ 18205.58615778 -.00000008 +00000-0 +20911-4 0  9991
2 31210 098.8908 236.5467 0017017 224.4645 295.5469 14.08972635579485
1 31211U 99025BKR 18203.33342126 +.00000492 +00000-0 +29412-3 0  9997
2 31211 098.9046 248.7345 0056431 208.7205 151.0855 14.10984025251403
1 31212U 99025BKS 18205.31691585 +.00000799 +00000-0 +54045-3 0  9994
2 31212 099.1139 162.0322 0089848 076.0048 285.1087 14.01304825577740
1 31213U 99025BKT 18205.53763914 +.00001560 +00000-0 +61395-3 0  9998
2 31213 099.4605 138.2458 0028455 311.6935 048.1810 14.30659455584470
1 31214U 99025BKU 18205.56718580 +.00001204 +00000-0 +53705-3 0  9992
2 31214 098.9460 231.1590 0022829 100.8902 050.2501 14.24552742584302
1 31215U 99025BKV 18205.51349930 +.00000102 +00000-0 +66080-4 0  9994
2 31215 098.8889 308.6669 0075136 156.6317 203.8303 14.20707923581180
1 31217U 99025BKX 18204.96104547 +.00000247 +00000-0 +15258-3 0  9997
2 31217 098.8646 239.9860 0105986 286.3235 072.6302 14.11642495583791
1 31218U 99025BKY 18204.95181228 +.00000973 +00000-0 +44288-3 0  9999
2 31218 098.9246 206.7957 0037614 031.6914 328.6517 14.23732166584134
1 31219U 99025BKZ 18203.75305225 +.00000785 +00000-0 +53555-3 0  9990
2 31219 099.0854 142.1588 0094335 088.9723 272.2248 14.00680604577244
1 31220U 99025BLA 18205.54746059 +.00001096 +00000-0 +32830-3 0  9994
2 31220 099.0277 061.4004 0058157 296.5869 093.0881 14.44109812591592
1 31222U 99025BLC 18205.54607446 +.00000343 +00000-0 +45783-4 0  9998
2 31222 098.6662 063.1128 0261885 303.9325 053.7226 14.66552373602314
1 31223U 99025BLD 18202.52814404  .00001348  00000-0  14247-2 0  9993
2 31223  99.0744 238.9796 0293062 233.8058 123.5657 13.59138217558873
1 31224U 99025BLE 18205.39892684 +.00000113 +00000-0 +59262-4 0  9995
2 31224 098.5873 263.3436 0169573 148.7449 271.1269 14.23760278308187
1 31225U 99025BLF 18205.50674777 +.00000486 +00000-0 +31002-3 0  9994
2 31225 099.1735 219.4700 0103464 346.4647 167.5342 14.05928513578167
1 31226U 99025BLG 18205.44237884 +.00000030 +00000-0 +29270-4 0  9992
2 31226 098.6171 269.6373 0130689 160.2168 200.4147 14.23036009588136
1 31227U 99025BLH 18203.24267014  .00001446  00000-0  61717-3 0  9990
2 31227  98.1216 216.2641 0130577 206.6359 152.8073 14.21932421582549
1 31228U 99025BLJ 18205.09289666 +.00000111 +00000-0 +58151-4 0  9990
2 31228 098.9593 349.6023 0087143 037.8751 023.7072 14.30385009589435
1 31229U 99025BLK 18205.59977472 +.00000408 +00000-0 +25396-3 0  9998
2 31229 099.0483 242.3671 0062485 009.7115 141.4422 14.09709893579778
1 31231U 99025BLM 18205.45186435 +.00000391 +00000-0 +12853-3 0  9992
2 31231 098.8998 272.1829 0305603 091.6635 327.7517 14.20532896582862
1 31232U 99025BLN 18198.92154543 +.00000979 +00000-0 +47144-3 0  9994
2 31232 099.0229 243.0465 0041221 246.0479 113.6378 14.20745699229098
1 31234U 99025BLQ 18205.31370907 +.00000147 +00000-0 +11413-3 0  9999
2 31234 098.8994 236.3002 0074794 248.0037 111.3172 14.05685947580629
1 31235U 99025BLR 18205.16982158 +.00001337 +00000-0 +92771-3 0  9998
2 31235 098.4959 169.4017 0249665 340.0678 019.0859 13.86562119569158
1 31236U 99025BLS 18204.79008169 +.00000547 +00000-0 +45216-3 0  9992
2 31236 098.5519 063.1387 0386070 035.3386 327.2704 13.62682608565063
1 31237U 99025BLT 18205.07708147 +.00000141 +00000-0 +74955-4 0  9991
2 31237 098.6205 242.0403 0096874 340.3498 019.3959 14.25184452587820
1 31238U 99025BLU 18205.33460062 +.00002357 +00000-0 +76631-3 0  9995
2 31238 098.9855 338.2934 0114088 240.6422 118.3330 14.36188053587588
1 31239U 99025BLV 18204.58384747 -.00000070 +00000-0 -15519-4 0  9998
2 31239 098.8845 236.8800 0050716 241.4124 270.6998 14.06724691580886
1 31240U 99025BLW 18184.32912130  .00000392  00000-0  26884-3 0  9993
2 31240  98.9522 219.6062 0049388  86.9138 335.0321 14.04718492576870
1 31241U 99025BLX 18204.32098637 +.00000173 +00000-0 +80948-4 0  9993
2 31241 099.1931 137.3826 0075650 083.9063 277.0732 14.31312367590415
1 31242U 99025BLY 18205.47172517 +.00001508 +00000-0 +29339-3 0  9990
2 31242 097.4253 082.8187 0066573 210.9720 272.9474 14.62964356235366
1 31243U 99025BLZ 18204.40296389 +.00000230 +00000-0 +17786-3 0  9991
2 31243 099.0091 272.4433 0068410 137.3498 285.4051 14.01438171314522
1 31244U 99025BMA 18201.76821668  .00000267  00000-0  19085-3 0  9996
2 31244  99.2712 198.8804 0108109  90.3814 270.9740 14.03140625578654
1 31246U 99025BMC 18204.51725374 +.00000453 +00000-0 +33928-3 0  9990
2 31246 098.9791 096.8069 0169268 232.2211 126.3517 13.93113826578499
1 31247U 99025BMD 18205.57054606 +.00000908 +00000-0 +63727-3 0  9996
2 31247 099.3257 330.4187 0070074 243.5597 176.6058 13.99825841577724
1 31248U 99025BME 18204.95431147 +.00000110 +00000-0 +12196-3 0  9996
2 31248 099.4452 197.0893 0115102 001.0230 024.8166 13.89291258573208
1 31249U 99025BMF 18204.45589744 +.00002561 +00000-0 +78258-3 0  9992
2 31249 099.0098 301.9276 0069283 260.5826 098.7524 14.41424652587111
1 31250U 99025BMG 18205.50851671 +.00000587 +00000-0 +42473-3 0  9998
2 31250 098.4049 238.1247 0139164 292.9552 065.6979 13.95614100578475
1 31252U 99025BMJ 18205.33693059 +.00000165 +00000-0 +60022-4 0  9998
2 31252 098.6163 240.6645 0232672 281.8204 075.6970 14.32784953590859
1 31253U 99025BMK 18205.19748709 +.00000173 +00000-0 +10227-3 0  9996
2 31253 099.2757 198.5410 0301916 322.7774 035.2796 14.00389083583683
1 31254U 99025BML 18205.00882532 +.00000238 +00000-0 +97187-4 0  9993
2 31254 098.8039 229.9277 0164747 223.8209 167.0874 14.29660592589073
1 31255U 99025BMM 18205.06169718 +.00000277 +00000-0 +14179-3 0  9996
2 31255 099.0651 305.7592 0283176 290.7372 066.3662 14.05140507588687
1 31256U 99025BMN 18205.44639566 +.00001013 +00000-0 +60538-3 0  9991
2 31256 098.6755 205.2920 0394674 249.7248 106.1074 13.76682141276663
1 31257U 99025BMP 18204.20239884 +.00001049 +00000-0 +69294-3 0  9991
2 31257 098.7148 355.9632 0123341 120.3327 241.0105 14.00051304580118
1 31258U 99025BMQ 18205.56302264 +.00000968 +00000-0 +43628-3 0  9997
2 31258 098.9375 224.8525 0023201 106.6340 045.8841 14.24493510583782
1 31259U 99025BMR 18205.07242882 +.00000079 +00000-0 +78115-4 0  9996
2 31259 099.1597 238.9882 0076495 148.6051 238.4486 14.02685480576560
1 31260U 99025BMS 18205.33130191 +.00000374 +00000-0 +17369-3 0  9997
2 31260 098.9553 332.7553 0053237 184.7100 203.3067 14.25935218586585
1 31261U 99025BMT 18204.91530411 +.00000351 +00000-0 +15692-3 0  9992
2 31261 099.0974 014.8729 0061535 152.4302 208.0164 14.28165991587480
1 31262U 99025BMU 18204.52856870 +.00000388 +00000-0 +26485-3 0  9992
2 31262 099.1777 232.4258 0066852 081.7702 077.4765 14.04770773577290
1 31263U 99025BMV 18205.25823630 +.00001435 +00000-0 +62757-3 0  9998
2 31263 099.0043 308.9849 0048125 203.3317 156.5677 14.24825295583591
1 31264U 99025BMW 18204.60473645 +.00000163 +00000-0 +11031-3 0  9990
2 31264 099.1533 339.8785 0000944 156.1359 264.2656 14.14015835582499
1 31265U 99025BMX 18200.66958665  .00001783  00000-0  38269-3 0  9994
2 31265  96.5663 348.6670 0106927 158.5212 202.0528 14.55934627596956
1 31266U 99025BMY 18205.54313446 +.00000069 +00000-0 +51259-4 0  9990
2 31266 099.2728 049.5017 0137288 024.4562 005.2139 14.18768990589202
1 31267U 99025BMZ 18205.01081362 +.00000871 +00000-0 +20689-3 0  9995
2 31267 099.3060 270.4102 0118565 285.2079 073.6028 14.52880158256161
1 31268U 99025BNA 18199.39941817 +.00000586 +00000-0 +41233-3 0  9990
2 31268 099.0242 267.9182 0058346 158.5839 201.7787 14.01251357241174
1 31269U 99025BNB 18205.54644164 +.00000573 +00000-0 +19044-3 0  9992
2 31269 098.1614 226.2795 0330603 279.9374 239.3816 14.14848186583273
1 31270U 99025BNC 18205.25502560 +.00000683 +00000-0 +15450-3 0  9994
2 31270 098.9813 135.7903 0134332 131.2504 230.0356 14.54453225599189
1 31272U 99025BNE 18205.27875814 +.00000239 +00000-0 +13248-3 0  9993
2 31272 099.0119 323.4728 0114427 219.3921 170.3077 14.17264941587229
1 31273U 99025BNF 18205.17707194 +.00001153 +00000-0 +37236-3 0  9997
2 31273 098.3390 084.1658 0071533 110.1652 048.8433 14.39471563592309
1 31274U 99025BNG 18205.50611376 +.00000577 +00000-0 +46916-3 0  9995
2 31274 099.1209 090.3132 0252220 134.4919 348.0282 13.79873922571181
1 31275U 99025BNH 18205.31162935 +.00000611 +00000-0 +45437-3 0  9993
2 31275 099.2153 237.7870 0109473 203.3519 156.2649 13.96149404578217
1 31279U 99025BNM 18204.30204987 +.00000133 +00000-0 +79327-4 0  9994
2 31279 098.7423 238.2209 0080672 086.7025 274.3376 14.20669984588589
1 31280U 99025BNN 18204.51880645 +.00008333 +00000-0 +43619-3 0  9994
2 31280 097.9165 105.6935 0057288 192.9829 166.9931 15.14665375604505
1 31281U 99025BNP 18205.42594248 +.00000845 +00000-0 +11185-3 0  9990
2 31281 098.5201 188.9886 0264021 343.5300 180.7909 14.61677766600228
1 31282U 99025BNQ 18204.25914499 +.00000049 +00000-0 +30670-4 0  9992
2 31282 099.2958 223.0183 0133032 285.2386 073.4124 14.40136229582429
1 31284U 99025BNS 18204.50686471 +.00000235 +00000-0 +19710-3 0  9996
2 31284 099.7189 108.2668 0152273 073.1876 288.5923 13.93161796575398
1 31285U 99025BNT 18205.06682816 +.00000058 +00000-0 +36899-4 0  9999
2 31285 098.5627 243.7886 0209407 144.8375 246.9747 14.22567809589061
1 31286U 99025BNU 18204.90495010 +.00000803 +00000-0 +55005-3 0  9997
2 31286 100.8736 238.9256 0105457 142.5839 218.2722 14.00822823577324
1 31287U 99025BNV 18205.05478653 +.00000566 +00000-0 +33222-3 0  9992
2 31287 099.4298 068.4019 0036384 066.9322 293.5677 14.12277146584757
1 31288U 99025BNW 18204.95345287 +.00000651 +00000-0 +27018-3 0  9998
2 31288 098.8146 260.9847 0059375 052.1720 073.9362 14.28988091587035
1 31289U 99025BNX 18205.00918596 +.00002931 +00000-0 +10112-3 0  9995
2 31289 097.4027 048.0454 0198180 210.6501 148.3035 15.14134157316883
1 31290U 99025BNY 18204.12226945 +.00001200 +00000-0 +35932-3 0  9994
2 31290 101.9393 313.3997 0102215 355.4207 004.6025 14.43067208586332
1 31291U 99025BNZ 18205.14165785 +.00001209 +00000-0 +37056-3 0  9990
2 31291 098.5683 147.7295 0074436 131.5596 359.2587 14.41947136592281
1 31292U 99025BPA 18204.39848347 +.00001314 +00000-0 +62010-3 0  9994
2 31292 099.0800 258.4480 0051043 265.6223 093.9120 14.20959167583571
1 31293U 99025BPB 18205.33253858 +.00000009 +00000-0 +19879-4 0  9993
2 31293 098.6511 232.7065 0127236 274.7492 149.8515 14.29771986266776
1 31294U 99025BPC 18204.11445809 +.00000075 +00000-0 +61390-4 0  9996
2 31294 098.7759 263.0448 0105615 123.6376 237.4925 14.11477166587414
1 31295U 99025BPD 18204.85651033 +.00000093 +00000-0 +93921-4 0  9991
2 31295 098.3380 235.4376 0077296 239.1444 120.2101 13.96016777579545
1 31296U 99025BPE 18205.54710175 +.00000936 +00000-0 +44084-3 0  9993
2 31296 099.0705 316.2765 0041844 134.6578 354.4737 14.22016646587238
1 31297U 99025BPF 18205.62503740 +.00000195 +00000-0 +57016-4 0  9998
2 31297 098.8972 133.8101 0155308 330.2094 151.2885 14.49578400601781
1 31298U 99025BPG 18205.00789191 +.00006481 +00000-0 +53585-3 0  9997
2 31298 098.9955 224.3488 0035446 186.4575 173.6192 14.98874907603701
1 31299U 99025BPH 18205.25324759 +.00010169 +00000-0 +41572-3 0  9991
2 31299 096.9857 312.8310 0215528 155.6243 205.5366 15.05755787604543
1 31300U 99025BPJ 18204.50954954 +.00000328 +00000-0 +23257-3 0  9993
2 31300 099.5529 089.6943 0068662 280.6854 202.4949 14.04373933581997
1 31302U 99025BPL 18205.56605833 +.00000438 +00000-0 +26365-3 0  9996
2 31302 099.4204 061.7559 0036327 059.7437 329.4923 14.12128723581612
1 31303U 99025BPM 18205.52738508 -.00000030 +00000-0 +84921-5 0  9992
2 31303 098.9811 231.6671 0010721 213.1700 146.8799 14.10023412582860
1 31310U 99025BPN 18200.94129896 +.00001290 +00000-0 +78730-3 0  9992
2 31310 098.8724 097.5247 0105932 138.9169 282.8241 14.04969067573951
1 31311U 99025BPP 18205.54972321 +.00000582 +00000-0 +32928-3 0  9995
2 31311 099.0378 230.2749 0022951 217.7130 294.7153 14.14101478580784
1 31312U 99025BPQ 18204.09496601 -.00000145 +00000-0 -70346-4 0  9991
2 31312 098.9561 244.9526 0066047 157.6674 232.6493 13.98152291574007
1 31313U 99025BPR 18205.61070426 +.00000080 +00000-0 +60222-4 0  9992
2 31313 099.1092 348.7101 0046141 300.9265 058.7378 14.19299085587666
1 31314U 99025BPS 18181.88084399 +.00000310 +00000-0 +22211-3 0  9990
2 31314 098.9440 214.2515 0080974 036.5314 324.1338 14.02693533574374
1 31316U 99025BPU 18205.32278612 +.00000626 +00000-0 +36575-3 0  9999
2 31316 099.0266 252.6228 0118385 317.9903 041.2233 14.08669007581553
1 31317U 99025BPV 18205.18977616 +.00003590 +00000-0 +10430-2 0  9998
2 31317 099.3785 109.6674 0093140 297.6018 061.5733 14.42532912582532
1 31318U 99025BPW 09299.98461400 +.00000187 +00000-0 +89836-4 0  9996
2 31318 098.9486 317.9650 0154146 204.5999 156.2858 14.24264095132752
1 31319U 99025BPX 18204.48633286 -.00000046 +00000-0 -71083-5 0  9993
2 31319 098.8235 279.4266 0172288 091.5824 337.8638 13.74905906566567
1 31320U 99025BPY 18204.78632744 +.00000636 +00000-0 +42084-3 0  9996
2 31320 098.3021 197.6446 0126128 228.7967 130.2272 14.01004514224232
1 31321U 99025BPZ 18204.42790331 -.00000006 +00000-0 +20654-4 0  9997
2 31321 098.8704 290.9088 0029212 281.7243 078.0652 14.12436239192686
1 31322U 99025BQA 18205.12107934 -.00000017 +00000-0 +17785-4 0  9990
2 31322 098.5638 156.9827 0242522 024.1982 031.6047 13.71635612252693
1 31323U 99025BQB 18205.44736935 +.00000528 +00000-0 +31582-3 0  9991
2 31323 099.4298 058.9638 0039916 075.6005 284.9589 14.11432551579334
1 31324U 99025BQC 18204.24378144 +.00000031 +00000-0 +41702-4 0  9998
2 31324 099.2790 006.7071 0050101 323.4006 036.3746 14.13304349583442
1 31325U 99025BQD 18204.01060746 +.00000709 +00000-0 +47554-3 0  9992
2 31325 099.1183 263.7994 0084868 189.3439 170.6152 14.02398835575628
1 31326U 99025BQE 18203.16546113 +.00001186 +00000-0 +56563-3 0  9995
2 31326 099.0406 284.0855 0055188 273.9785 085.5083 14.20495859350267
1 31327U 99025BQF 18203.31975076 +.00000508 +00000-0 +82332-4 0  9998
2 31327 099.0153 230.9027 0177627 167.7866 192.7727 14.66632702602852
1 31328U 99025BQG 18204.89091586 +.00000017 +00000-0 +22829-4 0  9998
2 31328 098.4636 241.3334 0104853 245.8765 113.1422 14.27746960589432
1 31329U 99025BQH 18205.24800647 +.00000476 +00000-0 +15827-3 0  9993
2 31329 098.9547 022.3267 0084822 241.8987 117.3607 14.40630258590908
1 31330U 99025BQJ 18204.77992869 +.00000879 +00000-0 +41333-3 0  9998
2 31330 098.9707 235.3970 0034486 155.5803 268.4368 14.22330848584079
1 31331U 99025BQK 18203.32372657 -.00000238  00000-0 -13020-3 0  9999
2 31331  99.1817 227.0661 0054308  93.6877 267.0499 13.99705877576137
1 31332U 99025BQL 18205.61612750 -.00000005 +00000-0 +23728-4 0  9993
2 31332 098.9300 248.4782 0054512 054.3560 097.0850 14.05200546580276
1 31333U 99025BQM 18204.35376935 +.00000244 +00000-0 +12935-3 0  9997
2 31333 098.7097 263.4712 0106982 296.9723 062.0560 14.19468436582431
1 31334U 99025BQN 18180.87183094  .00001136  00000-0  64844-3 0  9997
2 31334  99.1257 213.8701 0077170 123.5256 237.3316 14.10256774573879
1 31335U 99025BQP 18205.25985295 +.00009923 +00000-0 +65889-3 0  9993
2 31335 098.7844 141.5718 0040653 057.7081 302.8071 15.06790257602540
1 31336U 99025BQQ 18205.54678987 +.00000155 +00000-0 +68291-4 0  9992
2 31336 098.7830 220.7057 0099466 185.3172 327.7057 14.34000618590863
1 31337U 99025BQR 18204.64161090 +.00001105 +00000-0 +32537-3 0  9994
2 31337 099.4461 264.7132 0050228 146.1541 006.1325 14.45273057591501
1 31338U 99025BQS 18197.49015781 +.00000470 +00000-0 +33215-3 0  9992
2 31338 098.8589 076.8281 0092859 150.0102 210.6428 14.00569873575194
1 31339U 99025BQT 18204.37380548 +.00000070 +00000-0 +68647-4 0  9999
2 31339 098.9500 246.6705 0079909 353.7456 006.2707 14.05094619577144
1 31340U 99025BQU 18204.32520926 +.00000835 +00000-0 +44279-3 0  9995
2 31340 099.0455 232.9237 0042542 205.3961 211.8948 14.16012021284876
1 31341U 99025BQV 18204.16263977 +.00000539 +00000-0 +21342-3 0  9995
2 31341 099.5419 272.9076 0073331 219.4907 194.9330 14.32112197588419
1 31342U 99025BQW 18204.30536196 +.00000042 +00000-0 +30691-4 0  9995
2 31342 099.0273 034.4964 0115085 222.4545 136.7694 14.34487386591749
1 31344U 99025BQY 17238.55341583 -.01711175  00000-0 -92398-1 0  9992
2 31344  99.4022 356.0111 0008687   3.7509  56.4025 15.18269137548162
1 31345U 99025BQZ 18205.51168968 +.00000755 +00000-0 +52738-3 0  9996
2 31345 098.1394 110.7278 0087060 204.6983 155.0004 13.99372495315142
1 31346U 99025BRA 18204.99118206 +.00000339 +00000-0 +47286-4 0  9999
2 31346 098.8961 212.5012 0203353 281.8473 103.9182 14.73007837595498
1 31347U 99025BRB 13082.06375482 +.00003417 +00000-0 +11179-2 0  9998
2 31347 098.5096 027.3771 0159368 105.0735 256.8144 14.32129287311382
1 31348U 99025BRC 18205.40890477 +.00000445 +00000-0 +22608-3 0  9993
2 31348 099.2077 009.3590 0038511 229.6025 160.3771 14.20932949578418
1 31349U 99025BRD 18204.06468888 -.00000075 +00000-0 -20627-4 0  9993
2 31349 099.1615 158.4983 0073472 084.9090 276.0454 13.99129047251498
1 31350U 99025BRE 18205.49996287 +.00000111 +00000-0 +61266-4 0  9995
2 31350 098.7451 303.8791 0075344 072.3942 288.5450 14.27519233588986
1 31351U 99025BRF 18205.32860698 +.00000132 +00000-0 +10558-3 0  9994
2 31351 098.8705 240.9248 0096697 061.1246 299.9583 14.04257263234826
1 31352U 99025BRG 07147.17882266 +.00001467 +00000-0 +49795-3 0  9993
2 31352 099.2426 144.9216 0184978 359.9320 000.1805 14.29220088008281
1 31353U 99025BRH 18204.21504392 +.00000236 +00000-0 +95314-4 0  9998
2 31353 099.1114 359.4913 0246656 268.2716 089.0198 14.22976596581456
1 31354U 99025BRJ 10225.02374198 +.00001711 +00000-0 +49501-3 0  9997
2 31354 098.3743 171.9042 0261508 151.6462 288.6853 14.27684578180239
1 31355U 99025BRK 18205.62307639 +.00000614 +00000-0 +14632-3 0  9994
2 31355 098.8704 088.8943 0101014 007.4169 022.8407 14.54749379596195
1 31356U 99025BRL 18205.42008167 +.00000576 +00000-0 +23636-3 0  9998
2 31356 098.7591 260.0473 0059211 012.4117 045.6558 14.29950045263301
1 31357U 99025BRM 18204.99374583 -.00000025 +00000-0 +97704-5 0  9997
2 31357 098.9424 225.6119 0050912 107.5108 282.9594 14.18218704584497
1 31358U 99025BRN 18204.25628193 +.00001492 +00000-0 +50738-3 0  9998
2 31358 098.9086 316.6022 0158845 248.3784 110.0413 14.31337230585925
1 31359U 99025BRP 18204.29500361 +.00000981 +00000-0 +65737-3 0  9996
2 31359 099.2507 236.7532 0093556 240.4220 118.7596 14.01245094255655
1 31360U 99025BRQ 18202.24691238  .00000754  00000-0  56984-3 0  9997
2 31360  97.9972   3.1402 0127665 332.4072  27.0355 13.92878669571527
1 31361U 99025BRR 18203.35076375 -.00000001  00000-0  20753-4 0  9992
2 31361  98.6424 253.6131 0044918 291.2905  68.3477 14.16435766584100
1 31362U 99025BRS 18205.33628513 +.00000038 +00000-0 +41616-4 0  9990
2 31362 098.7587 234.2939 0017531 271.6831 088.2335 14.15733644584013
1 31363U 99025BRT 15023.62135407 +.00004798 +00000-0 +29730-2 0  9991
2 31363 098.4778 163.1285 0153435 258.0174 100.2762 13.99941214397319
1 31364U 99025BRU 18205.34640128 +.00000374 +00000-0 +29106-3 0  9991
2 31364 099.2984 248.5889 0114744 348.3782 070.2844 13.95816846571964
1 31365U 99025BRV 18205.44674683 +.00000554 +00000-0 +26859-3 0  9998
2 31365 098.8479 252.6808 0055839 147.7624 339.9431 14.21586465581544
1 31366U 99025BRW 18204.19533986 +.00000904 +00000-0 +35827-3 0  9994
2 31366 098.8657 274.6785 0004975 163.6018 258.2274 14.31384475583638
1 31367U 99025BRX 18205.32424493 +.00000181 +00000-0 +68894-4 0  9991
2 31367 098.7582 333.6320 0113653 118.8591 271.3646 14.39100006595959
1 31368U 99025BRY 18205.51631102 +.00000013 +00000-0 +28963-4 0  9997
2 31368 098.9356 306.0697 0051116 052.0872 010.0612 14.16219119262131
1 31369U 99025BRZ 18204.91795317 +.00000064 +00000-0 +52304-4 0  9992
2 31369 098.6580 241.5702 0057778 151.6983 332.3370 14.16839689260912
1 31370U 99025BSA 18205.33765112 -.00000091 +00000-0 -28101-4 0  9991
2 31370 098.9171 236.2460 0034610 334.2936 025.6511 14.06762077583420
1 31371U 99025BSB 18205.01083628 +.00000152 +00000-0 +13139-3 0  9992
2 31371 099.0395 269.9295 0070638 175.4502 306.3135 13.99481981579603
1 31372U 99025BSC 18204.42922211 +.00000483 +00000-0 +29537-3 0  9993
2 31372 099.4076 029.8350 0043919 076.7839 283.8224 14.10536006576830
1 31374U 99025BSE 18205.52637243 +.00000705 +00000-0 +38541-3 0  9997
2 31374 099.6262 097.0707 0203925 248.0519 109.8861 14.05575798579649
1 31376U 99025BSG 18205.30405518 +.00000394 +00000-0 +14757-3 0  9990
2 31376 098.8477 333.9662 0073381 002.0662 358.0813 14.35933167592607
1 31377U 99025BSH 11170.99704821 +.00001565 +00000-0 +50097-3 0  9997
2 31377 098.9405 241.7958 0109989 281.0130 074.2981 14.37746898223572
1 31378U 99025BSJ 18205.56094643 +.00000148 +00000-0 +18611-3 0  9993
2 31378 100.7846 061.7624 0177275 109.4697 252.5694 13.75817385570846
1 31379U 99025BSK 18204.52773565 +.00004861 +00000-0 +37545-3 0  9999
2 31379 099.4821 113.7225 0081036 090.7777 270.2726 14.99597364602814
1 31380U 99025BSL 18199.69917981  .00001474  00000-0  24762-3 0  9998
2 31380  96.5405   8.8527 0099244  33.2213 327.5174 14.67495065595250
1 31381U 99025BSM 18204.01327720 +.00000039 +00000-0 +26458-4 0  9999
2 31381 098.6354 287.3912 0220982 071.5520 290.9545 14.29069656587886
1 31382U 99025BSN 18204.18441561 +.00003196 +00000-0 +55618-3 0  9994
2 31382 096.9208 174.9088 0047592 111.8832 248.7446 14.67886370594633
1 31383U 99025BSP 18205.47893385 +.00000688 +00000-0 +47322-3 0  9999
2 31383 099.2814 210.0980 0115469 179.6834 334.4480 13.99735047575727
1 31384U 99025BSQ 18205.60177399 +.00000643 +00000-0 +32475-3 0  9999
2 31384 098.4703 076.8293 0504852 110.7557 284.8952 13.68200867560052
1 31385U 99025BSR 18204.97331111 +.00000031 +00000-0 +22983-4 0  9998
2 31385 098.9517 110.7399 0140652 123.6105 299.6808 14.41037806597251
1 31386U 99025BSS 18205.42249764 +.00000397 +00000-0 +37936-3 0  9990
2 31386 098.4748 111.8936 0224198 033.1825 328.3162 13.74805392566925
1 31387U 99025BST 18204.14331226 +.00000123 +00000-0 +71404-4 0  9990
2 31387 099.1229 327.4823 0250449 168.4773 317.2774 14.10559376582158
1 31388U 99025BSU 18205.36558083 +.00000039 +00000-0 +49860-4 0  9995
2 31388 098.8564 235.1703 0046905 227.5453 201.0584 14.06158222585096
1 31389U 99025BSV 18205.61719654 +.00000581 +00000-0 +32822-3 0  9998
2 31389 099.0877 253.2529 0057490 356.2165 157.1472 14.13439130581153
1 31391U 06029D   18205.52734995 +.00000783 +00000-0 +34594-4 0  9991
2 31391 064.5011 254.6041 0036822 264.1765 095.5166 15.29901201651385
1 31392U 06029E   18205.60069656 +.00000755 +00000-0 +34404-4 0  9995
2 31392 064.5010 261.6612 0033488 261.7702 097.9628 15.29166785652465
1 31403U 96017D   18204.84454950 +.00005933 +00000-0 +62615-3 0  9991
2 31403 098.3364 224.3823 0015618 170.7134 316.4349 14.89603744168689
1 31409U 05024J   18204.33052074 +.00000419 +00000-0 +24812-4 0  9992
2 31409 097.5265 251.0311 0010584 271.3826 088.6194 15.16706490693220
1 31410U 99025BSW 18204.48600958 +.00000201 +00000-0 +83402-4 0  9993
2 31410 098.6600 298.8243 0131332 345.1997 071.7893 14.32544443590213
1 31411U 99025BSX 18204.96674517 +.00000129 +00000-0 +72658-4 0  9999
2 31411 098.9606 212.8844 0108605 139.8372 254.2441 14.23233364560567
1 31412U 99025BSY 18204.44163790 +.00000352 +00000-0 +26757-3 0  9995
2 31412 098.5704 291.2526 0090723 352.5361 007.4448 13.97807188231925
1 31413U 99025BSZ 15331.95041123 +.00000790 +00000-0 +34005-3 0  9996
2 31413 098.7417 032.9781 0073158 303.2519 059.0305 14.26056564446361
1 31414U 99025BTA 18200.29197224 +.00000885 +00000-0 +26027-3 0  9996
2 31414 098.6946 228.4154 0074017 112.1099 248.7970 14.44673325232659
1 31415U 99025BTB 18204.25950762 +.00000342 +00000-0 +18452-3 0  9992
2 31415 099.6798 229.3827 0075561 090.5466 270.4365 14.18636251580413
1 31416U 99025BTC 18205.49930648 +.00000040 +00000-0 +29246-4 0  9990
2 31416 099.0346 083.2810 0142828 244.4820 237.0298 14.35316675588260
1 31417U 99025BTD 18205.14900345 +.00001358 +00000-0 +33989-3 0  9995
2 31417 099.0519 105.0057 0045686 302.7231 056.9562 14.52710636588915
1 31418U 99025BTE 18204.53640493 +.00000794 +00000-0 +41892-3 0  9998
2 31418 099.1461 318.7422 0060624 022.8175 337.5671 14.15962559577423
1 31419U 99025BTF 18205.02007374 +.00000496 +00000-0 +19443-3 0  9995
2 31419 098.7069 290.1098 0075481 312.3465 047.1341 14.32350862261820
1 31420U 99025BTG 18205.04350520 +.00000224 +00000-0 +85758-4 0  9995
2 31420 097.5073 049.3641 0151779 267.1716 251.5387 14.32286418263067
1 31421U 99025BTH 15268.93844154 +.00000043 +00000-0 +40662-4 0  9995
2 31421 098.9667 322.4350 0063074 179.0666 181.0639 14.20221517436491
1 31422U 99025BTJ 18205.54302888 +.00000239 +00000-0 +16923-3 0  9999
2 31422 098.8995 236.8713 0035380 337.5106 182.0259 14.06682572579320
1 31423U 99025BTK 18205.53886838 +.00000038 +00000-0 +36623-4 0  9998
2 31423 098.5921 238.5289 0038467 111.2050 249.3244 14.21287258586832
1 31424U 99025BTL 18204.87331886 -.00000042 +00000-0 -12731-5 0  9995
2 31424 098.4776 356.3695 0095908 188.3358 171.6222 14.06314396578964
1 31425U 99025BTM 08050.70542971 +.00000357 +00000-0 +27412-3 0  9992
2 31425 098.7911 027.3891 0081487 148.5974 209.2450 13.97702990043992
1 31426U 99025BTN 18204.18324456 +.00000009 +00000-0 +30126-4 0  9994
2 31426 098.5698 198.4303 0357983 325.8504 091.8551 13.78554872562926
1 31427U 99025BTP 18204.08468422 +.00000535 +00000-0 +23364-3 0  9995
2 31427 098.8121 251.8067 0054001 061.5690 358.0418 14.27226354581812
1 31428U 99025BTQ 18205.46603554 +.00000263 +00000-0 +11574-3 0  9994
2 31428 099.0984 028.3296 0077905 104.2520 286.4246 14.30262214588605
1 31429U 99025BTR 18204.31856689 +.00000324 +00000-0 +19504-3 0  9996
2 31429 098.9579 240.0161 0018118 193.5399 224.9114 14.13750586577439
1 31430U 99025BTS 18205.53707882 +.00000322 +00000-0 +18467-3 0  9998
2 31430 098.9906 231.9489 0030505 200.7276 314.2897 14.16221982578568
1 31431U 99025BTT 18205.08112601 +.00000230 +00000-0 +18947-3 0  9999
2 31431 098.5225 257.0009 0150478 048.5028 312.8937 13.92621812569547
1 31432U 99025BTU 18204.54979465 +.00005612 +00000-0 +14505-3 0  9994
2 31432 099.0268 125.3986 0075895 234.3910 125.0243 15.36771368610066
1 31433U 99025BTV 18205.42425934 +.00000554 +00000-0 +34766-3 0  9991
2 31433 098.3856 254.9665 0130677 183.7810 306.1614 14.03963723575370
1 31434U 99025BTW 18204.62258528 +.00001318 +00000-0 +35239-3 0  9991
2 31434 099.0349 082.3924 0051754 337.6136 051.8084 14.49413566586930
1 31435U 99025BTX 18205.31571945 +.00000066 +00000-0 +28542-4 0  9999
2 31435 098.9811 156.4032 0160190 354.2489 005.6858 14.48655494593826
1 31436U 99025BTY 18203.75319712 +.00000887 +00000-0 +35394-3 0  9991
2 31436 098.8623 285.6039 0132467 309.6096 177.8676 14.26432330580782
1 31437U 99025BTZ 18205.39983347 +.00000749 +00000-0 +37247-3 0  9991
2 31437 098.9690 195.9035 0019829 118.3314 241.9865 14.20048515583352
1 31439U 99025BUB 18205.02128801 +.00000189 +00000-0 +17302-3 0  9997
2 31439 099.1416 248.7533 0143668 321.4105 155.5473 13.90601825256848
1 31440U 99025BUC 18205.58442020 +.00000761 +00000-0 +38604-3 0  9996
2 31440 098.9005 252.7655 0046972 207.3231 152.5472 14.18433117579496
1 31441U 99025BUD 18205.40940677 +.00000116 +00000-0 +77250-4 0  9994
2 31441 099.3194 264.0138 0275160 028.9473 332.6643 14.01860131258689
1 31442U 99025BUE 18204.43204228 +.00000077 +00000-0 +46475-4 0  9993
2 31442 098.6467 289.8559 0086276 025.4326 335.1064 14.28478454587844
1 31443U 99025BUF 18204.46179301 +.00000352 +00000-0 +12002-3 0  9994
2 31443 099.2323 087.8554 0253159 355.7467 004.1560 14.27033274282993
1 31444U 99025BUG 18205.58311083 +.00000954 +00000-0 +33905-3 0  9997
2 31444 098.9331 339.9758 0110652 142.9684 217.9202 14.33415961586272
1 31445U 99025BUH 18205.53090243 +.00001674 +00000-0 +39060-3 0  9993
2 31445 098.9101 051.3656 0060186 190.1549 200.4914 14.55147678592243
1 31446U 99025BUJ 18204.63435587 +.00001395 +00000-0 +60133-3 0  9993
2 31446 098.7369 153.3068 0075932 134.7027 226.0370 14.24568253195610
1 31447U 99025BUK 18204.64791318 +.00000140 +00000-0 +65498-4 0  9999
2 31447 098.8667 152.4141 0238849 176.7928 183.4848 14.20969828264947
1 31448U 99025BUL 18203.35580040  .00000270  00000-0  14328-3 0  9994
2 31448  98.7329 241.6859 0065811 118.4618 242.3210 14.20282123585080
1 31449U 99025BUM 18204.80696249 +.00000085 +00000-0 +45780-4 0  9996
2 31449 098.8541 210.4579 0149767 270.9432 087.4594 14.30738233590226
1 31450U 99025BUN 18204.33282045 +.00003351 +00000-0 +19181-3 0  9995
2 31450 098.5568 339.6622 0335915 109.6260 254.1528 14.76363025592995
1 31451U 99025BUP 18204.30058194 +.00000153 +00000-0 +11119-3 0  9999
2 31451 099.0679 224.8396 0031212 271.4388 145.0713 14.10492914582126
1 31452U 99025BUQ 18205.08096576 +.00000072 +00000-0 +62732-4 0  9990
2 31452 098.7600 244.7374 0041154 262.3505 097.2992 14.11713918581037
1 31453U 99025BUR 13108.74280262 +.00000791 +00000-0 +18700-3 0  9991
2 31453 098.8000 213.4019 0106835 015.4093 345.0313 14.53808865318467
1 31455U 99025BUT 18205.40682130 -.00000068 +00000-0 -11482-4 0  9999
2 31455 098.7894 265.3347 0224960 156.3390 204.8323 14.08830145581128
1 31456U 99025BUU 18205.47267558 +.00000215 +00000-0 +95507-4 0  9992
2 31456 098.6414 288.6946 0081600 012.5660 347.7531 14.30698910588036
1 31457U 99025BUV 18205.52937589 +.00001732 +00000-0 +14196-3 0  9996
2 31457 099.0134 314.3408 0148313 048.4878 312.8954 14.92796084604158
1 31458U 99025BUW 18204.25232126 +.00000747 +00000-0 +19218-3 0  9996
2 31458 099.2190 212.1970 0088752 175.8393 184.3557 14.51311366265761
1 31459U 99025BUX 18204.37808289 +.00000657 +00000-0 +28467-3 0  9995
2 31459 098.1370 257.2444 0125349 226.5646 132.5050 14.23111329583116
1 31462U 99025BVA 18204.06559796 +.00000052 +00000-0 +54690-4 0  9998
2 31462 098.9701 232.8353 0032450 282.8521 133.5002 14.10172684577849
1 31463U 99025BVB 18204.72877778 +.00000106 +00000-0 +47874-4 0  9991
2 31463 099.1124 041.7820 0232980 336.5216 022.5462 14.29625882261060
1 31464U 99025BVC 18205.30067456 +.00000029 +00000-0 +42554-4 0  9995
2 31464 099.1095 221.0328 0044052 279.7668 146.5014 14.09935896579502
1 31465U 99025BVD 18205.12229169 +.00001077 +00000-0 +68581-3 0  9998
2 31465 098.6443 325.8304 0124876 296.0175 062.8176 14.01993146573786
1 31466U 99025BVE 18180.71739678  .00000007  00000-0  19279-4 0  9990
2 31466  99.2368 348.6698 0307539 102.3064 326.1397 14.16382076578634
1 31467U 99025BVF 18204.85198242 +.00000824 +00000-0 +66419-3 0  9993
2 31467 098.5816 237.3241 0171472 232.8130 125.7270 13.86450314567752
1 31468U 99025BVG 18205.38979753 +.00000063 +00000-0 +30143-4 0  9998
2 31468 098.3958 262.2093 0186851 035.4095 325.9333 14.38197302285309
1 31471U 99025BVK 18205.30655657 +.00000492 +00000-0 +32294-3 0  9992
2 31471 097.9485 025.6308 0183647 147.0568 214.2202 13.97642134261545
1 31473U 99025BVM 18204.93759523 +.00000580 +00000-0 +30426-3 0  9992
2 31473 098.8163 253.4518 0077828 239.6862 246.0801 14.16535596312148
1 31474U 99025BVN 18205.38683862 +.00000448 +00000-0 +31601-3 0  9994
2 31474 099.1456 182.3383 0079536 109.1608 251.8187 14.01653264570992
1 31475U 99025BVP 18204.53699075 +.00000060 +00000-0 +34332-4 0  9999
2 31475 098.9063 326.6405 0245184 025.3105 335.9853 14.26223366575191
1 31476U 99025BVQ 18205.56186271 +.00000399 +00000-0 +24729-3 0  9996
2 31476 099.0986 226.5232 0059111 235.2813 281.1909 14.10271410576411
1 31477U 99025BVR 18205.50694739 +.00000278 +00000-0 +20124-3 0  9995
2 31477 098.9326 232.1797 0117969 337.1074 022.4858 14.01251810576022
1 31478U 99025BVS 18205.31995465 +.00002129 +00000-0 +73580-3 0  9996
2 31478 102.5905 238.3149 0054149 184.8278 241.6772 14.36788595264623
1 31480U 99025BVU 18205.36301091 +.00001363 +00000-0 +95774-3 0  9998
2 31480 098.3541 357.2997 0412614 292.2418 093.7360 13.65515181563903
1 31481U 99025BVV 18204.60820454 +.00002543 +00000-0 +44554-3 0  9995
2 31481 099.2387 256.0923 0055195 206.6287 153.2077 14.67900744592890
1 31482U 99025BVW 18205.58849823 +.00000264 +00000-0 +11992-3 0  9993
2 31482 098.5968 248.9399 0099882 314.4355 202.3855 14.27091402585845
1 31483U 99025BVX 18205.51638972 +.00000727 +00000-0 +54668-3 0  9999
2 31483 102.5092 217.9375 0152431 249.1274 265.6382 13.94289769569458
