1 36062U 93036AXZ 18179.22378300  .00270367  00000-0  13393-2 0  9995
2 36062  73.9009 260.4009 0011627 350.3571   9.7432 15.81106892504880
1 36064U 93036AYB 18204.42175620 +.00000961 +00000-0 +29213-3 0  9998
2 36064 073.8440 115.3805 0066994 188.3312 171.6737 14.42285058465556
1 36065U 93036AYC 10040.58142306 +.00003896 +00000-0 +27252-3 0  9992
2 36065 074.0137 012.2459 0221708 170.6541 189.4362 14.87854867037732
1 36067U 93036AYE 18205.01879376 +.00001305 +00000-0 +29164-3 0  9994
2 36067 074.0134 080.8609 0014228 086.7507 273.5285 14.57734174481013
1 36069U 93036AYG 18204.76515283 +.00010957 +00000-0 +35364-3 0  9993
2 36069 074.0161 357.2319 0031057 032.4971 327.8136 15.31715113482650
1 36070U 93036AYH 18205.03487960 +.00002786 +00000-0 +39002-3 0  9990
2 36070 074.0243 350.5378 0009697 030.4468 329.7268 14.78035957270280
1 36071U 93036AYJ 18205.11800888 +.00000920 +00000-0 +25364-3 0  9992
2 36071 074.0354 136.3070 0032473 145.1003 215.2294 14.47940936255829
1 36073U 93036AYL 18204.69087007 +.00000042 +00000-0 +25122-4 0  9994
2 36073 074.0303 213.3102 0026879 218.8210 141.1011 14.32070233465205
1 36074U 93036AYM 18205.53304984 +.00000423 +00000-0 +17087-3 0  9998
2 36074 073.9951 247.5744 0056922 244.3061 115.2205 14.30163663472421
1 36076U 93036AYP 18204.70822724 +.00001666 +00000-0 +30355-3 0  9998
2 36076 073.8399 324.3753 0044683 002.6921 357.4478 14.66302137471367
1 36077U 93036AYQ 18205.19039194 +.00000905 +00000-0 +11291-3 0  9997
2 36077 073.9822 159.1762 0084342 266.5903 092.5624 14.81721250209199
1 36078U 93036AYR 12197.44451740 +.00014268 +00000-0 +39591-2 0  9994
2 36078 074.0235 233.9240 0018245 052.7783 006.5396 14.46445448161362
1 36079U 93036AYS 18205.51574673 +.00003030 +00000-0 +24771-3 0  9990
2 36079 074.0496 146.1819 0042976 184.2146 175.8686 14.99141237477056
1 36080U 97051VM  18204.94051163 +.00000316 +00000-0 +99060-4 0  9991
2 36080 086.3226 089.4095 0021183 045.6622 314.6307 14.37286011085854
1 36081U 97051VN  18204.94168577 +.00001303 +00000-0 +37751-3 0  9995
2 36081 086.2352 071.8887 0069512 108.7530 252.1229 14.42302725465785
1 36083U 97051VQ  18204.45884638 +.00000345 +00000-0 +11335-3 0  9991
2 36083 086.3478 103.7641 0032064 070.2577 290.2073 14.35047840467919
1 36090U 09061C   18205.43121690 +.00000499 +00000-0 +10986-3 0  9995
2 36090 098.1181 264.8079 0081623 163.9771 318.7205 14.59660816461146
1 36091U 09061D   18205.47970600 +.00000590 +00000-0 +12161-3 0  9992
2 36091 098.0985 163.7099 0074590 065.1298 072.6048 14.62361136461619
1 36092U 09061E   18205.38823292 +.00000261 +00000-0 +10890-3 0  9999
2 36092 098.4788 180.0418 0148678 220.3637 297.2349 14.28449262452330
1 36093U 09061F   18205.60983653 +.00000298 +00000-0 +11593-3 0  9994
2 36093 098.0747 067.7896 0149754 121.4651 240.1269 14.30012417452672
1 36100U 09057F   18205.11861521 +.00000785 +00000-0 +39206-3 0  9995
2 36100 098.6950 250.8200 0011442 166.7350 193.4130 14.19592009449835
1 36136U 99025DRH 15288.56023627  .00003279  00000-0  97012-3 0  9992
2 36136  98.9861  62.0845 0059846 110.4589 250.3525 14.42432117351535
1 36137U 99025DRJ 13356.75518735  .00018457  00000-0  53591-2 0  9994
2 36137  98.9376  91.9417 0074479 191.4159 323.2091 14.42748185256047
1 36138U 99025DRK 18205.44997263 +.00001361 +00000-0 +52177-3 0  9992
2 36138 099.1665 026.9751 0049686 175.2934 184.8725 14.31647049267945
1 36139U 99025DRL 18176.71483337  .00001404  00000-0  83559-3 0  9998
2 36139  97.9417 346.0930 0146248 223.8882 135.0595 14.03553350474196
1 36140U 99025DRM 18205.47056892 +.00001526 +00000-0 +22766-3 0  9996
2 36140 098.4158 289.1106 0184730 211.4829 207.5223 14.65581318496729
1 36141U 99025DRN 18204.34806953 +.00000864 +00000-0 +55063-3 0  9993
2 36141 098.5024 253.8108 0143649 322.4447 036.6753 14.01177983260891
1 36142U 99025DRP 18184.89261483  .00000523  00000-0  50769-3 0  9994
2 36142  98.4051  50.5981 0233509 117.0452 245.4737 13.71682260528592
1 36143U 99025DRQ 11048.59191816 +.00007902 +00000-0 +14513-2 0  9990
2 36143 098.3747 350.8563 0356794 341.8646 208.5238 14.32171721167396
1 36144U 99025DRR 11137.82219721 +.00002562 +00000-0 +18509-2 0  9998
2 36144 098.4101 002.7417 0142059 027.5362 333.2025 13.92717076110418
1 36145U 99025DRS 10129.93478077 +.00002245 +00000-0 +81840-3 0  9999
2 36145 098.9861 176.8643 0091005 066.2910 294.7788 14.31828427091337
1 36146U 99025DRT 11190.40338611 +.00003399 +00000-0 +78684-3 0  9993
2 36146 097.8622 054.7248 0245824 123.0051 248.6603 14.38775231172193
1 36147U 99025DRU 18200.46774755 +.00000328 +00000-0 +36765-3 0  9995
2 36147 098.5351 288.4100 0463705 302.0123 053.6743 13.38582927237696
1 36148U 99025DRV 18205.18374644 -.00000023 +00000-0 +11298-4 0  9991
2 36148 098.4236 358.1611 0341547 002.3154 357.9480 13.62559398533312
1 36149U 99025DRW 18205.16937189 +.00000602 +00000-0 +31673-3 0  9999
2 36149 099.6194 188.2785 0032929 087.2571 273.2370 14.18109987227246
1 36150U 99025DRX 14266.19014319 +.00001193 +00000-0 +98765-3 0  9999
2 36150 098.1781 253.4688 0272558 076.6532 286.5023 13.74565438347933
1 36152U 99025DRZ 18204.30279038 +.00000063 +00000-0 +62107-4 0  9998
2 36152 098.9645 244.5297 0059948 277.2445 082.1912 14.08177485562897
1 36153U 99025DSA 18203.64719515 +.00000536 +00000-0 +23927-3 0  9995
2 36153 098.7635 259.4679 0048028 074.8023 078.4751 14.26217336485516
1 36154U 99025DSB 18205.08036088 +.00000983 +00000-0 +70932-3 0  9997
2 36154 097.7178 139.4885 0321276 161.5345 258.0898 13.76398024485914
1 36155U 99025DSC 18186.26499771 +.00000565 +00000-0 +30670-3 0  9999
2 36155 099.0405 203.8812 0025837 252.4496 107.3854 14.16376692256051
1 36156U 99025DSD 18205.40283628 +.00000614 +00000-0 +26204-3 0  9993
2 36156 098.7974 265.1652 0052183 063.3523 356.5990 14.27965708504134
1 36159U 99025DSG 18205.46897022 +.00002050 +00000-0 +18266-3 0  9996
2 36159 099.5096 076.8103 0266379 064.4137 298.4341 14.74160155567123
1 36160U 99025DSH 18200.87473553  .00000008  00000-0  23266-4 0  9995
2 36160  98.1685 238.7789 0139373  26.4863 334.3346 14.10699977539943
1 36161U 99025DSJ 11303.31866844 +.00003804 +00000-0 +91825-3 0  9993
2 36161 097.7173 129.3058 0232038 136.6413 225.3639 14.38552753207308
1 36162U 99025DSK 18204.49094395 +.00001080 +00000-0 +74709-3 0  9990
2 36162 097.6434 107.1903 0326974 122.3778 240.9467 13.77640385533495
1 36163U 99025DSL 18205.17239073 +.00001415 +00000-0 +73474-3 0  9991
2 36163 099.0767 281.2132 0077621 267.0756 092.1531 14.14932385508839
1 36165U 99025DSN 11012.67006549 +.00001336 +00000-0 +93657-3 0  9994
2 36165 098.0085 183.4237 0204325 328.0288 030.8547 13.90233081161115
1 36166U 99025DSP 18170.63358916  .00000462  00000-0  44547-3 0  9994
2 36166  97.5707 324.9572 0367407 152.9693 209.1120 13.56761292519971
1 36167U 99025DSQ 18205.18283920 +.00000323 +00000-0 +12348-3 0  9996
2 36167 098.8416 337.4305 0084198 303.7950 055.5237 14.35648205499651
1 36169U 99025DSS 18204.74728817 +.00002869 +00000-0 +33022-3 0  9997
2 36169 098.0004 024.1543 0109462 045.4259 315.5824 14.82296476563414
1 36170U 99025DST 18204.66692686 +.00000513 +00000-0 +40679-3 0  9994
2 36170 097.9966 005.2644 0134605 359.0101 001.0776 13.90911418521279
1 36172U 99025DSV 18202.28077604  .00000664  00000-0  54996-3 0  9993
2 36172  98.1516  19.5050 0220522 175.6213 184.6942 13.81057253527013
1 36173U 99025DSW 18176.54647537  .00000140  00000-0  74375-4 0  9994
2 36173  98.2726 284.7331 0153778 268.8538  89.5019 14.21243919548099
1 36177U 99025DTA 18204.94638196 +.00000330 +00000-0 +20715-3 0  9994
2 36177 098.8811 263.3399 0041881 327.5473 032.3124 14.10824279499688
1 36180U 99025DTD 18152.19519295  .00000087  00000-0  53132-4 0  9994
2 36180  98.3949 308.0853 0231133  34.4529 327.1386 14.13272963533402
1 36181U 99025DTE 18205.42250210 +.00001654 +00000-0 +40011-3 0  9991
2 36181 098.9363 060.1033 0054065 222.4334 137.2674 14.53695122504469
1 36182U 99025DTF 18204.87064032 +.00000625 +00000-0 +31414-3 0  9999
2 36182 099.1337 349.6031 0025288 244.4037 115.4524 14.20142319496603
1 36184U 99025DTH 18205.53626121 +.00000450 +00000-0 +32116-3 0  9994
2 36184 098.6461 317.4026 0140464 336.4800 022.9981 13.97574287247393
1 36186U 99025DTK 18205.41558080 +.00001101 +00000-0 +53560-3 0  9991
2 36186 099.0240 275.8161 0056985 280.9567 136.7607 14.19543988228936
1 36188U 99025DTM 18205.59131091 +.00000571 +00000-0 +23656-3 0  9994
2 36188 098.7534 258.1128 0078856 019.9540 340.4695 14.28764945493303
1 36189U 99025DTN 12036.06851140 +.00002808 +00000-0 +88705-3 0  9998
2 36189 098.9616 121.3044 0096676 332.4048 025.8088 14.38444906200063
1 36190U 99025DTP 18205.38544160 +.00000465 +00000-0 +22524-3 0  9994
2 36190 098.8274 261.0090 0047717 140.8148 279.5326 14.22591827263241
1 36191U 99025DTQ 13288.07624279 +.00009348 +00000-0 +25727-2 0  9993
2 36191 098.9631 032.7587 0078303 005.0034 014.3805 14.45339165248739
1 36192U 99025DTR 18200.59123970  .00002123  00000-0  42787-3 0  9992
2 36192  98.7442 332.4069 0147745 208.3561 150.9538 14.55999744576058
1 36194U 99025DTT 18153.02991968 +.00007218 +00000-0 +10145-2 0  9991
2 36194 099.0324 089.9399 0028089 312.9967 046.8886 14.77469740548469
1 36196U 99025DTV 18205.42396644 +.00000558 +00000-0 +31830-3 0  9990
2 36196 099.0331 285.7849 0039535 317.1845 042.6250 14.13550458264174
1 36197U 99025DTW 18205.39878549 +.00000489 +00000-0 +28242-3 0  9992
2 36197 098.9167 264.1988 0062276 328.0788 031.6617 14.12787468516302
1 36198U 99025DTX 18205.32698410 +.00000047 +00000-0 +59887-4 0  9993
2 36198 098.6805 334.9833 0105050 086.5529 274.7644 13.96698300258312
1 36199U 99025DTY 18205.42631194 +.00000068 +00000-0 +43891-4 0  9992
2 36199 098.6097 278.8090 0097307 074.0634 287.1242 14.26297885264890
1 36200U 99025DTZ 18205.40062531 +.00001025 +00000-0 +54177-3 0  9998
2 36200 099.4198 049.5428 0067388 122.0012 238.7732 14.15080174349262
1 36203U 99025DUC 18204.79250491 +.00000350 +00000-0 +89562-4 0  9993
2 36203 099.1564 210.8839 0127220 048.9719 312.2389 14.52901261514990
1 36204U 99025DUD 18205.51608334 +.00000491 +00000-0 +24326-3 0  9990
2 36204 099.2978 097.5222 0022499 306.8677 053.0436 14.22079649561110
1 36205U 99025DUE 11295.45276802 +.00001375 +00000-0 +74992-3 0  9993
2 36205 099.4200 034.7726 0093380 264.4067 094.5786 14.11790677211403
1 36206U 99025DUF 18203.40558977  .00000122  00000-0  83712-4 0  9991
2 36206  98.7663 269.5648 0032617 222.6843 137.1796 14.15930683549501
1 36207U 99025DUG 18202.94346082 +.00000816 +00000-0 +64809-3 0  9997
2 36207 098.5876 244.1446 0165315 216.7099 142.2644 13.87696680223906
1 36209U 99025DUJ 13099.82431060 +.00002928 +00000-0 +20441-2 0  9995
2 36209 098.9594 043.4199 0085947 352.7301 031.1569 13.97556870232980
1 36211U 99025DUL 18204.33760902 +.00000118 +00000-0 +53116-4 0  9993
2 36211 098.6729 249.7700 0293122 135.2901 227.2313 14.17878744560614
1 36214U 99025DUP 18205.45063132 +.00000805 +00000-0 +38511-3 0  9995
2 36214 099.0472 298.9771 0059772 163.0251 197.2943 14.21102728541597
1 36216U 99025DUR 18205.30544362 +.00000103 +00000-0 +74425-4 0  9996
2 36216 098.8944 234.5029 0046815 178.5746 181.5569 14.15703665261674
1 36217U 99025DUS 12115.81362206 -.00146116 +00000-0 -35315-1 0  9991
2 36217 099.0939 243.0267 0145269 137.5089 224.4337 14.47705461181288
1 36218U 99025DUT 18205.06943331 +.00000370 +00000-0 +10760-3 0  9997
2 36218 099.0461 150.4669 0107798 129.3426 231.7379 14.47431556199574
1 36219U 99025DUU 11314.51712922 +.00011233 +00000-0 +32465-2 0  9997
2 36219 099.0425 054.6491 0138383 256.1791 102.4738 14.39267131171335
1 36222U 99025DUX 18205.36250636 +.00000398 +00000-0 +18496-3 0  9998
2 36222 098.7470 256.9849 0060596 073.5182 287.2644 14.25123264265733
1 36223U 99025DUY 18205.32796865 +.00001328 +00000-0 +71650-3 0  9999
2 36223 098.3652 243.4715 0132199 153.0463 207.7656 14.09826654549943
1 36224U 99025DUZ 18205.28600445 -.00000002 +00000-0 +22148-4 0  9991
2 36224 099.1002 216.9543 0117207 047.5798 313.5216 14.11608826476069
1 36225U 99025DVA 18204.43917222 +.00000508 +00000-0 +11956-3 0  9996
2 36225 098.8443 085.6390 0112773 344.2597 015.5103 14.55504231272525
1 36226U 99025DVB 18203.34091452  .00000148  00000-0  12293-3 0  9999
2 36226  98.6370 338.3018 0108173  36.5570 324.2917 13.99547664507369
1 36228U 99025DVD 18205.12717399 +.00000898 +00000-0 +26109-3 0  9997
2 36228 099.2970 177.2337 0131584 159.8685 200.7761 14.42211266265154
1 36229U 99025DVE 18204.30930851 +.00000754 +00000-0 +57710-3 0  9990
2 36229 100.9155 241.8742 0124843 233.3480 187.9521 13.93982222545916
1 36230U 99025DVF 18181.35506841  .00000374  00000-0  42282-3 0  9995
2 36230  99.6470 231.7430 0227252 319.8531  38.6012 13.66777164532571
1 36231U 99025DVG 18204.35994310 -.00000049 +00000-0 -40452-5 0  9994
2 36231 098.7181 245.6572 0062847 093.8997 266.9363 14.10803417474722
1 36232U 99025DVH 18204.92252834 -.00000060 +00000-0 -94678-5 0  9998
2 36232 098.7743 242.6243 0122816 130.2900 230.9083 14.09772329236891
1 36234U 99025DVK 18185.13782805  .00000121  00000-0  20113-3 0  9994
2 36234  98.9827 142.2984 0317541  41.2639 322.2668 13.44090010514123
1 36236U 99025DVM 18166.20283483  .00000033  00000-0  63674-4 0  9993
2 36236  98.8543 318.8704 0153438 139.7449 221.5186 13.80254150494967
1 36237U 99025DVN 18202.46983948 +.00002001 +00000-0 +38932-3 0  9991
2 36237 098.9268 087.6936 0058482 149.5260 210.9359 14.63303867199861
1 36238U 99025DVP 18205.57735370 -.00000016 +00000-0 +14786-4 0  9998
2 36238 098.6980 252.0684 0022253 057.4504 302.8814 14.11687594489441
1 36240U 99025DVR 11019.03930629 +.00002692 +00000-0 +74312-3 0  9993
2 36240 099.3841 106.8314 0365396 101.4675 257.3222 14.14911744114690
1 36241U 99025DVS 18205.21275198 +.00001818 +00000-0 +10992-3 0  9994
2 36241 098.3236 356.0613 0184182 351.1943 008.6060 14.99140862510531
1 36242U 99025DVT 18162.08746819  .00000231  00000-0  16806-3 0  9993
2 36242  98.1552 106.7398 0068814 263.5705  95.7625 14.03544422548301
1 36243U 99025DVU 18205.54104344 +.00000854 +00000-0 +93276-4 0  9992
2 36243 099.2260 055.7307 0146747 010.4583 349.9623 14.83982297578330
1 36244U 99025DVV 18204.15168889 +.00000342 +00000-0 +21396-3 0  9998
2 36244 098.9873 277.0038 0059905 018.4498 341.8826 14.10389972538994
1 36246U 99025DVX 11280.44747633 +.00000673 +00000-0 +39647-3 0  9994
2 36246 099.0174 275.0128 0133011 273.8003 076.1936 14.07157088274512
1 36247U 99025DVY 18203.97963333 +.00000079 +00000-0 +41029-4 0  9990
2 36247 098.5801 272.2489 0203408 079.9164 282.4898 14.27329694317056
1 36248U 99025DVZ 18205.43759431 +.00000733 +00000-0 +57683-3 0  9995
2 36248 098.1469 020.1645 0216390 147.4994 213.9702 13.83906505486641
1 36250U 99025DWB 13085.57901125 +.00013307 +00000-0 +37280-2 0  9994
2 36250 099.1267 213.7682 0084089 190.6674 168.9664 14.44115645212777
1 36254U 99025DWF 18203.34354637 +.00000773 +00000-0 +18381-3 0  9995
2 36254 099.5849 048.8607 0122273 264.8236 093.8992 14.53146919212645
1 36255U 99025DWG 18205.23694709 +.00000224 +00000-0 +10913-3 0  9997
2 36255 099.5026 215.3137 0073434 325.3342 095.9635 14.27474805254447
1 36257U 99025DWJ 18205.28774734 +.00001244 +00000-0 +46726-3 0  9995
2 36257 099.1216 023.3476 0022953 284.8916 074.9724 14.33399716256841
1 36258U 99025DWK 18204.98595973 +.00000143 +00000-0 +31086-4 0  9999
2 36258 099.0508 278.0960 0207637 129.8177 232.1503 14.62347594512974
1 36259U 99025DWL 18205.33694709 +.00000474 +00000-0 +22198-3 0  9997
2 36259 098.8633 251.0610 0001753 290.3393 129.9122 14.25000337335220
1 36260U 99025DWM 18205.29048927 -.00000007 +00000-0 +19485-4 0  9998
2 36260 098.8397 233.6610 0016948 031.3437 328.8743 14.13803123496676
1 36261U 99025DWN 18143.79676173  .00000052  00000-0  12894-3 0  9990
2 36261 101.3983 357.8701 0361632 333.5932  24.7152 13.43073551473620
1 36262U 99025DWP 18205.11732352 +.00000065 +00000-0 +46302-4 0  9994
2 36262 098.9292 329.6550 0064034 127.3148 233.3890 14.24740884510469
1 36263U 99025DWQ 18205.11964392 +.00000618 +00000-0 +28797-3 0  9997
2 36263 098.9511 316.1559 0051079 165.0088 195.2617 14.23490552494356
1 36265U 99025DWS 11139.42886204 +.00007978 +00000-0 +11728-2 0  9998
2 36265 099.4825 014.4538 0201480 238.6911 118.0926 14.62900854125353
1 36266U 99025DWT 18203.23811288 +.00000532 +00000-0 +34243-3 0  9994
2 36266 098.9127 123.4747 0072278 346.1200 013.7981 14.06122451229032
1 36267U 99025DWU 18205.51183140 +.00000338 +00000-0 +23635-3 0  9994
2 36267 098.5538 295.3502 0152922 242.1146 184.2685 13.99185270487256
1 36269U 99025DWW 18204.26057177 +.00000123 +00000-0 +60990-4 0  9995
2 36269 099.2255 011.9976 0260160 046.7932 315.4654 14.18161109493959
1 36270U 99025DWX 18204.56416417 +.00000808 +00000-0 +43768-3 0  9999
2 36270 099.0520 253.3975 0072370 241.3346 118.0536 14.14113305538565
1 36271U 99025DWY 18205.26299714 +.00000773 +00000-0 +37674-3 0  9997
2 36271 099.1028 227.9111 0106474 061.1461 300.0350 14.18223225530474
1 36272U 99025DWZ 18202.19973407  .00000139  00000-0  86219-4 0  9991
2 36272  99.0859 324.1870 0176125 311.6155  47.0041 14.13084604507268
1 36273U 99025DXA 18199.17304944  .00000042  00000-0  47491-4 0  9991
2 36273  99.6382 186.5389 0099139 295.7350  63.3612 14.13592666539834
1 36274U 99025DXB 18205.21642539 +.00001015 +00000-0 +67311-3 0  9993
2 36274 099.1882 196.9029 0075891 187.9073 229.6999 14.02423468526870
1 36278U 99025DXF 18199.22969912  .00000061  00000-0  56363-4 0  9993
2 36278  99.2427 354.0837 0063214 338.0268  21.8195 14.13719957554420
1 36279U 99025DXG 18205.37012800 -.00000048 +00000-0 -27761-5 0  9991
2 36279 098.6958 260.0682 0062372 223.1323 136.4954 14.13493105509102
1 36280U 99025DXH 18205.36153102 +.00000438 +00000-0 +30453-3 0  9994
2 36280 099.0122 251.5805 0068364 048.5527 013.1277 14.02968323484643
1 36281U 99025DXJ 18205.43683120 -.00000207 +00000-0 -19949-3 0  9994
2 36281 099.2593 271.5015 0328611 094.5276 269.3468 13.47600268483543
1 36283U 99025DXL 18205.38195241 +.00000416 +00000-0 +83713-4 0  9993
2 36283 099.4472 069.3228 0144314 026.6476 334.2045 14.62024747587836
1 36289U 08053K   18205.16142129 +.00000483 +00000-0 +49511-4 0  9995
2 36289 097.7019 185.2865 0012830 300.3288 059.6663 14.94895906516671
1 36290U 08053L   18205.20883261 -.00000225 +00000-0 -13950-4 0  9995
2 36290 097.6289 189.1442 0019780 262.2171 097.6806 14.98288954296346
1 36291U 08056G   18205.44493151 +.00000018 +00000-0 +33322-4 0  9993
2 36291 098.4063 019.6363 0175237 311.2303 047.3875 14.02873271494948
1 36292U 08056H   18205.38757291 +.00000206 +00000-0 +14787-3 0  9997
2 36292 098.5788 065.0548 0164726 029.9760 331.0714 14.00357061494964
1 36293U 01049QN  11360.11946871 +.00006660 +00000-0 +10944-2 0  9993
2 36293 097.8436 224.6670 0115746 126.8097 224.4155 14.66525754253419
1 36294U 00033E   11155.37890151 -.00010230 +00000-0 -19214-2 0  9994
2 36294 098.2991 206.5319 0016321 128.4357 231.6048 14.64487700179454
1 36304U 99057SV  18205.25144583 +.00000644 +00000-0 +14440-3 0  9994
2 36304 098.7875 211.4548 0060050 269.7925 089.6392 14.59355907236239
1 36317U 99057SW  12262.82654397 +.00008310 +00000-0 +23171-2 0  9995
2 36317 098.2292 239.0088 0008866 057.8207 300.5862 14.46498096205182
1 36366U 93036AYT 18204.93942171 +.00000196 +00000-0 +10379-3 0  9995
2 36366 074.0719 057.5495 0113473 032.7384 328.0724 14.16531391480861
1 36367U 93036AYU 18203.60082341 -.00000174 +00000-0 -11170-3 0  9991
2 36367 074.0956 063.5938 0287716 058.6772 304.2173 13.78280410455219
1 36368U 93036AYV 18205.32915198 +.00000934 +00000-0 +45693-3 0  9997
2 36368 074.1610 172.6909 0148400 054.7399 306.7524 14.13578015221316
1 36369U 93036AYW 18204.07982880 +.00000439 +00000-0 +12911-3 0  9998
2 36369 074.0425 119.0700 0027542 163.5862 196.6195 14.46412176468034
1 36371U 93036AYY 18205.57999469 +.00000585 +00000-0 +19071-3 0  9994
2 36371 074.0253 171.7575 0021777 153.7300 206.4965 14.40763369324069
1 36372U 93036AYZ 18204.34681314 +.00001291 +00000-0 +39149-3 0  9999
2 36372 074.0124 198.4929 0046360 189.8700 170.1551 14.42647716265640
1 36375U 93036AZC 18204.89422841 +.00001166 +00000-0 +24472-3 0  9994
2 36375 074.0474 040.4278 0016732 095.1978 265.1098 14.60735025483273
1 36378U 93036AZF 18205.20025295 +.00000471 +00000-0 +55375-4 0  9990
2 36378 074.0595 152.3854 0086522 196.2013 163.6399 14.85536361474141
1 36379U 93036AZG 18204.36354433 +.00000118 +00000-0 +52846-4 0  9994
2 36379 074.0120 207.6621 0050307 256.2242 166.7768 14.32271820484799
1 36380U 93036AZH 18205.04909012 +.00015535 +00000-0 +59586-3 0  9997
2 36380 073.9737 107.1187 0011074 207.4579 152.6037 15.26431091478926
1 36381U 93036AZJ 18205.36954934 +.00001112 +00000-0 +35293-3 0  9991
2 36381 074.0238 218.2441 0053031 205.5051 154.3487 14.40381382319334
1 36383U 93036AZL 13296.83179861  .00008729  00000-0  24920-2 0  9993
2 36383  73.8221 100.1751 0170930 139.0065 226.7337 14.37040104210981
1 36384U 93036AZM 18205.15606919 +.00000934 +00000-0 +24340-3 0  9990
2 36384 074.0307 110.6132 0017316 123.6788 236.6027 14.50867309478013
1 36385U 93036AZN 18205.24270222 +.00000555 +00000-0 +14062-3 0  9994
2 36385 073.9863 177.0930 0225434 262.6243 094.9244 14.39434004460740
1 36387U 93036AZQ 18204.78929491 +.00001160 +00000-0 +37448-3 0  9999
2 36387 073.9998 224.0598 0061428 238.6033 245.9350 14.39243093458856
1 36388U 93036AZR 13077.20668407 -.00000040 +00000-0 +00000-0 0  9995
2 36388 073.9593 030.2761 0101647 288.4450 070.6169 14.73089513187652
1 36390U 97051VU  18205.28605084 +.00000224 +00000-0 +51927-4 0  9998
2 36390 086.3000 057.3745 0044988 269.1934 090.4115 14.49877047490855
1 36419U 93036AZS 18205.43820335 +.00000936 +00000-0 +34124-3 0  9993
2 36419 073.8478 236.1407 0107027 335.4443 024.1629 14.31429261261723
1 36420U 93036AZT 18197.37627581  .00000039  00000-0  23137-4 0  9993
2 36420  74.0359 198.0929 0019987 232.2264 194.7470 14.34790822463283
1 36422U 93036AZV 18204.50457618 +.00000687 +00000-0 +93433-4 0  9996
2 36422 074.0089 237.1489 0115799 062.7027 298.5882 14.76401239487409
1 36423U 93036AZW 18186.22005293 +.00001415 +00000-0 +53362-3 0  9999
2 36423 073.8187 143.0509 0305638 271.8883 090.7683 14.09730659457708
1 36424U 93036AZX 18205.55009007 +.00000747 +00000-0 +29995-3 0  9997
2 36424 074.1834 047.8433 0101583 250.2725 108.7445 14.27081033452243
1 36430U 93036BAD 18203.60505928 +.00000074 +00000-0 +42066-4 0  9999
2 36430 074.0079 302.1193 0103415 355.9753 004.0548 14.23091195261123
1 36432U 93036BAF 18204.02954559 +.00005875 +00000-0 +34539-3 0  9995
2 36432 073.7127 347.2065 0040376 062.3148 298.2130 15.11228418469522
1 36434U 93036BAH 13228.56050817 +.00003568 +00000-0 +13066-2 0  9999
2 36434 074.0702 267.4289 0034551 358.8433 322.1003 14.32889054205161
1 36435U 93036BAJ 18200.67521186  .00001029  00000-0  35202-3 0  9996
2 36435  73.8273 202.5248 0097805 312.9115  46.3856 14.34995061458086
1 36437U 93036BAL 18204.05729376 +.00000454 +00000-0 +13724-3 0  9991
2 36437 073.9540 097.0100 0030555 211.3638 148.5698 14.45042791467490
1 36439U 93036BAN 18205.08907082 +.00000042 +00000-0 +58160-4 0  9996
2 36439 073.9721 350.9753 0452036 125.9609 238.4309 13.41567455223748
1 36441U 93036BAQ 18205.18490067 +.00000218 +00000-0 +26612-4 0  9992
2 36441 073.8436 031.8595 0170638 333.8270 025.4350 14.81315771468503
1 36442U 93036BAR 18204.14248495 +.00001168 +00000-0 +34194-3 0  9992
2 36442 073.9895 143.1022 0039162 192.1681 167.8535 14.44646176466839
1 36447U 93036BAW 18204.86217844 +.00001577 +00000-0 +12797-3 0  9999
2 36447 073.9322 035.2432 0082999 235.4180 123.9156 14.98042032474231
1 36448U 93036BAX 18204.40933444 +.00000968 +00000-0 +30840-3 0  9993
2 36448 074.0875 230.9844 0043831 134.0522 226.4257 14.40558067450225
1 36450U 93036BAZ 13089.48240103 +.00003607 +00000-0 +11742-2 0  9995
2 36450 074.0398 140.7396 0032971 235.7057 124.0885 14.38788761183892
1 36451U 93036BBA 18205.36164414 +.00000739 +00000-0 +36205-3 0  9993
2 36451 073.9412 082.5806 0211200 115.3062 003.7221 14.08467722461579
1 36453U 93036BBC 18204.18346127 +.00000330 +00000-0 +11357-3 0  9995
2 36453 073.9312 146.0689 0088062 277.3309 144.4526 14.37877806455682
1 36454U 93036BBD 18194.75103147  .00002463  00000-0  36717-3 0  9996
2 36454  74.0059 339.0809 0013377 144.7072 215.6541 14.75379695458824
1 36456U 93036BBF 14183.06912349 +.00003814 +00000-0 +14473-2 0  9993
2 36456 074.0436 075.9736 0061913 063.4710 297.2768 14.30331568268964
1 36457U 93036BBG 13063.87464931 +.00002647 +00000-0 +70111-3 0  9993
2 36457 074.0490 138.3420 0046066 343.0822 016.8798 14.48644601180181
1 36459U 93036BBJ 18205.05075455 +.00000630 +00000-0 +33677-3 0  9993
2 36459 074.0211 103.3378 0140886 119.2150 242.3165 14.10171117227654
1 36461U 93036BBL 18205.57254803 +.00007513 +00000-0 +28581-3 0  9994
2 36461 073.9351 294.0090 0044842 079.5571 281.0678 15.25964562472189
1 36463U 93036BBN 11261.76257337 +.00006891 +00000-0 +19098-2 0  9997
2 36463 074.0422 055.8246 0026538 049.8201 313.1857 14.46548218108337
1 36467U 93036BBS 18205.59676103 +.00000383 +00000-0 +16000-3 0  9994
2 36467 073.8633 300.0496 0133786 043.5937 015.9431 14.24724436263235
1 36470U 93036BBV 18202.23417194 +.00000606 +00000-0 +16483-3 0  9992
2 36470 073.8680 054.2578 0067685 070.4413 290.4038 14.48451833267019
1 36476U 93036BCB 18204.09632709 +.00001048 +00000-0 +25147-3 0  9993
2 36476 074.0316 094.6634 0020301 108.8216 251.5151 14.54590926321060
1 36479U 93036BCE 18205.38148711 +.00003311 +00000-0 +23854-3 0  9992
2 36479 074.0290 092.2905 0050040 146.2095 214.2301 15.03623737480211
1 36482U 97051VY  18185.46237553  .00000568  00000-0  13348-3 0  9994
2 36482  86.3463  82.2422 0022893  11.7175 348.4559 14.52547800471175
1 36483U 97051VZ  18205.00928610 +.00000300 +00000-0 +94875-4 0  9998
2 36483 086.3848 114.0739 0010532 012.3461 347.7992 14.36899328263304
1 36485U 97051WB  18205.37781002 +.00001231 +00000-0 +45824-3 0  9995
2 36485 086.4511 186.1303 0120255 353.4252 006.5355 14.27409697449497
1 36486U 97051WC  18205.33615012 +.00001140 +00000-0 +22309-3 0  9991
2 36486 086.3526 072.7261 0017869 190.5327 169.5513 14.61888824268176
1 36487U 97051WD  18205.22095236 +.00001485 +00000-0 +72479-3 0  9995
2 36487 086.3797 192.2603 0166090 245.7584 112.6169 14.10581356311847
1 36488U 97051WE  18205.41595924 +.00028195 +00000-0 +13440-2 0  9995
2 36488 086.4341 084.5575 0005753 268.2005 091.8579 15.18966241238188
1 36489U 97051WF  17251.26372416  .00020841  00000-0  26781-2 0  9990
2 36489  86.4165 234.3832 0013266  87.4959 272.7781 14.81010893440958
1 36490U 97051WG  18205.43020768 +.00000619 +00000-0 +16876-3 0  9997
2 36490 086.3776 098.9886 0004008 070.3513 289.8121 14.45833197473167
1 36492U 97051WJ  18205.18074303 +.00001472 +00000-0 +32836-3 0  9997
2 36492 086.4254 113.6983 0013781 124.8446 235.4061 14.56166293482249
1 36493U 97051WK  18205.47550333 +.00000472 +00000-0 +13345-3 0  9995
2 36493 086.3643 096.8969 0016995 356.4617 003.6461 14.43541765480457
1 36495U 97051WM  18205.10170959 +.00006522 +00000-0 +63350-3 0  9992
2 36495 086.3925 084.9879 0013890 026.8466 333.3477 14.92392029296491
1 36497U 97051WP  18205.24682962 +.00000481 +00000-0 +15284-3 0  9992
2 36497 086.1598 031.7476 0073718 020.6725 101.1615 14.36386858267545
1 36526U 93036BCL 11363.76566903 +.00008279 +00000-0 +11660-2 0  9991
2 36526 073.9721 149.0762 0149228 135.0059 226.5290 14.69981048121203
1 36528U 93036BCN 18200.75711691  .00000133  00000-0  69145-4 0  9999
2 36528  74.0199 336.9005 0095979 301.0965  58.0788 14.21635676456759
1 36529U 93036BCP 18204.59825439 +.00001639 +00000-0 +80501-3 0  9992
2 36529 074.0511 164.5684 0174360 163.8792 319.0366 14.10849859452240
1 36530U 93036BCQ 18205.39725031 +.00001066 +00000-0 +21124-3 0  9990
2 36530 074.0185 352.7337 0030684 084.4903 275.9763 14.63303926436473
1 36531U 93036BCR 18203.42498713 +.00000608 +00000-0 +38755-3 0  9996
2 36531 074.1144 355.5753 0249390 329.1517 029.5153 13.91552151216848
1 36532U 93036BCS 18205.37562705 +.00000750 +00000-0 +11708-3 0  9993
2 36532 073.9928 226.9759 0064115 019.9461 038.0719 14.73516100270562
1 36533U 93036BCT 18205.40865585 +.00000140 +00000-0 +49261-4 0  9999
2 36533 074.0152 105.3962 0054436 185.2899 174.7690 14.42891043456882
1 36539U 93036BCZ 18205.35470364 +.00000238 +00000-0 +73033-4 0  9998
2 36539 074.0274 083.8360 0034686 169.6251 190.5631 14.46714816448527
1 36540U 93036BDA 18204.57958023 +.00000403 +00000-0 +13531-3 0  9996
2 36540 074.0343 166.5883 0022731 181.5733 178.5354 14.40231561470316
1 36541U 93036BDB 18204.73957675 +.00002819 +00000-0 +57910-3 0  9999
2 36541 074.0066 121.8743 0037259 117.3597 243.1369 14.60688546469880
1 36543U 93036BDD 18205.21090425 +.00001688 +00000-0 +37056-3 0  9998
2 36543 073.8338 034.3093 0056846 097.2949 263.4680 14.57429021258768
1 36548U 93036BDJ 18205.57202280 +.00005836 +00000-0 +49339-3 0  9992
2 36548 074.0093 253.5410 0016460 314.5538 045.4303 14.98195784482545
1 36550U 93036BDL 18205.08474444 +.00000269 +00000-0 +13331-3 0  9992
2 36550 074.0486 352.6430 0087201 334.0787 025.6001 14.20085590462351
1 36551U 93036BDM 18204.80021305 +.00000365 +00000-0 +72766-4 0  9991
2 36551 073.8997 260.6229 0097725 080.9893 280.2318 14.62949485272488
1 36553U 93036BDP 18205.48273413 +.00000961 +00000-0 +14544-3 0  9998
2 36553 074.0447 252.5268 0054190 334.5227 085.8583 14.74770495279233
1 36554U 93036BDQ 18204.71869267 +.00002915 +00000-0 +30090-3 0  9997
2 36554 073.9989 216.7237 0040582 284.7900 074.8786 14.90096832476534
1 36555U 93036BDR 11257.62509394 +.00010551 +00000-0 +15616-2 0  9992
2 36555 073.9938 353.3529 0118304 033.5144 327.3525 14.70535684110004
1 36557U 93036BDT 18205.21059174 +.00000829 +00000-0 +26271-3 0  9992
2 36557 073.9854 161.4041 0044642 220.0581 139.7280 14.41089814264269
1 36558U 93036BDU 18205.25261753 +.00000237 +00000-0 +79899-4 0  9993
2 36558 074.0482 141.4118 0017794 182.2149 177.8932 14.42136451462795
1 36559U 93036BDV 18204.32323758 +.00001086 +00000-0 +82969-3 0  9999
2 36559 074.1330 173.9769 0331047 149.0995 213.0080 13.71599417439103
1 36563U 97051WS  18205.35446457 +.00003066 +00000-0 +47416-3 0  9999
2 36563 086.3560 075.0221 0038258 190.4749 169.5675 14.72457707473355
1 36566U 97051WV  18204.81044312 +.00002076 +00000-0 +93510-3 0  9992
2 36566 086.4294 210.7289 0167296 227.1280 131.5755 14.14712057462464
1 36571U 06002AA  18205.49956825 +.00000230 +00000-0 +50083-4 0  9999
2 36571 097.8121 227.6300 0001721 089.5241 270.6160 14.65974744439641
1 36614U 93036BEC 18205.53655945 +.00000514 +00000-0 +16930-3 0  9991
2 36614 074.0308 164.0451 0024967 179.5478 180.5704 14.40463912266355
1 36615U 93036BED 18204.90815299 +.00002086 +00000-0 +66911-3 0  9992
2 36615 074.0659 027.2581 0118517 004.8357 355.3910 14.36163779315708
1 36617U 93036BEF 18205.14739360 +.00004083 +00000-0 +45030-3 0  9993
2 36617 073.9786 012.6301 0085277 279.0873 080.0664 14.85214135479708
1 36622U 93036BEL 18205.59554864 +.00000216 +00000-0 +48007-4 0  9994
2 36622 074.0239 297.2978 0087841 027.3216 333.2529 14.60966810272503
1 36623U 93036BEM 11311.31644133 +.00010961 +00000-0 +15744-2 0  9993
2 36623 074.0846 308.9182 0267711 022.7814 339.1756 14.54892532111178
1 36625U 93036BEP 18205.49210287 +.00000727 +00000-0 +12966-3 0  9995
2 36625 073.8809 226.3663 0060885 085.9107 064.1767 14.67856787284356
1 36626U 93036BEQ 18204.07218542 +.00000383 +00000-0 +28977-4 0  9999
2 36626 074.0417 346.1991 0153132 021.5008 339.2514 14.97881023470508
1 36630U 93036BEU 18202.32151165 +.00000783 +00000-0 +26035-3 0  9993
2 36630 073.9797 197.7460 0047318 233.2130 126.4677 14.38744173198905
1 36632U 93036BEW 18204.71509501 +.00000297 +00000-0 +11686-3 0  9997
2 36632 074.0046 214.3458 0041692 240.6734 119.0249 14.33036130446888
1 36642U 97051XC  18205.41570044 +.00002082 +00000-0 +39372-3 0  9993
2 36642 086.3713 089.3945 0022648 109.7114 250.6544 14.63757062332256
1 36643U 97051XD  10229.33771472 +.00005735 +00000-0 +15597-2 0  9991
2 36643 086.3250 242.2623 0023758 197.9984 162.0380 14.47207537044694
1 36644U 99025DXN 18204.58329755 -.00000104 +00000-0 -77858-4 0  9993
2 36644 098.4310 336.5662 0297297 023.8606 337.5996 13.53580352431692
1 36645U 99025DXP 18204.82829312 +.00000998 +00000-0 +11938-2 0  9999
2 36645 098.5125 334.3851 0322707 189.6629 169.8203 13.49135731431740
1 36647U 99025DXR 17220.04542758 -.00000053 +00000-0 -27253-4 0  9991
2 36647 096.1386 312.7196 0273673 033.0798 328.7149 13.73959539490122
1 36648U 99025DXS 11263.88324349 +.00005544 +00000-0 +14785-2 0  9991
2 36648 097.9426 134.2899 0220922 295.3669 063.2645 14.35301929132996
1 36649U 99025DXT 14317.54613657 +.00031146 +00000-0 +75943-2 0  9991
2 36649 098.9327 074.5826 0061745 216.6757 143.0203 14.51416476346338
1 36651U 99025DXV 11252.06907938 +.00006104 +00000-0 +15801-2 0  9997
2 36651 098.3765 188.7091 0253905 054.3960 308.4175 14.32652091178193
1 36652U 99025DXW 18204.85809685 +.00000591 +00000-0 +36687-3 0  9999
2 36652 099.1066 234.3833 0064243 038.5359 322.0371 14.08075518519960
1 36654U 99025DXY 18204.34478146 +.00003098 +00000-0 +31298-3 0  9997
2 36654 099.5273 038.0342 0147412 354.1868 005.7624 14.84304975199766
1 36655U 99025DXZ 14028.58846166 +.00015414 +00000-0 +35447-2 0  9999
2 36655 098.9569 163.4608 0069273 359.1429 000.9635 14.54031267291975
1 36656U 99025DYA 18204.35714194 +.00000243 +00000-0 +29194-3 0  9997
2 36656 097.4204 255.8919 0348945 145.0988 217.3579 13.49464095529253
1 36657U 99025DYB 18205.15648583 +.00000282 +00000-0 +79519-4 0  9995
2 36657 099.4139 347.8667 0134258 184.1792 175.8289 14.49892071477317
1 36658U 99025DYC 18204.99613756 +.00000492 +00000-0 +21783-3 0  9993
2 36658 098.8396 255.0686 0088730 092.8549 268.2789 14.25520317512952
1 36659U 99025DYD 18182.45524626 +.00000097 +00000-0 +12230-3 0  9995
2 36659 099.8391 034.0681 0142498 020.6149 340.0675 13.83367273227674
1 36660U 99025DYE 18205.36192516 +.00000219 +00000-0 +14993-3 0  9996
2 36660 098.8440 254.4729 0049396 331.8334 028.0165 14.09139867513778
1 36661U 99025DYF 18204.96896161 +.00000704 +00000-0 +35563-3 0  9994
2 36661 098.9869 238.9545 0023616 147.8605 332.1900 14.19362054497832
1 36663U 99025DYH 17005.65441086  .00000286  00000-0  11947-3 0  9997
2 36663  98.1831 309.1640 0229561 149.6750 211.8420 14.12903356379906
1 36664U 99025DYJ 18205.30827809 +.00000025 +00000-0 +31186-4 0  9993
2 36664 098.9198 229.7694 0173769 269.5882 088.5380 14.16848581255317
1 36665U 99025DYK 18199.48903677 +.00000805 +00000-0 +43576-3 0  9994
2 36665 098.4639 293.6724 0158829 134.0259 227.4126 14.08759997218573
1 36667U 99025DYM 18205.02931975 +.00000536 +00000-0 +38014-3 0  9998
2 36667 097.7761 292.8619 0133553 107.3439 254.2386 13.96709466250144
1 36668U 99025DYN 18203.33505564 +.00000254 +00000-0 +16713-3 0  9991
2 36668 098.8578 252.8992 0054075 334.8138 025.0397 14.09796639193243
1 36670U 99025DYQ 18205.37343893 +.00000422 +00000-0 +18744-3 0  9998
2 36670 098.8296 252.2367 0044950 055.9588 304.5849 14.27672926245500
1 36672U 99025DYS 18204.79306522 +.00003935 +00000-0 +40580-3 0  9998
2 36672 098.9833 201.6496 0038098 247.9398 111.7768 14.90407648505794
1 36673U 99025DYT 12013.56564580 +.00010249 +00000-0 +23792-2 0  9997
2 36673 099.0484 134.4810 0148719 028.7103 338.0295 14.48586205163556
1 36675U 99025DYV 18205.27606343 +.00000612 +00000-0 +30976-3 0  9996
2 36675 099.2682 025.5435 0038033 294.9285 064.7940 14.19744681287782
1 36676U 99025DYW 18204.17809090 +.00000204 +00000-0 +80294-4 0  9995
2 36676 098.8153 339.1350 0106287 190.7793 294.6463 14.36682792262583
1 36677U 99025DYX 18205.37303333 +.00000611 +00000-0 +37816-3 0  9991
2 36677 098.9670 258.5724 0062482 302.2789 116.2417 14.08094591262379
1 36678U 99025DYY 18201.92141882  .00000070  00000-0  36066-4 0  9994
2 36678  98.4251 253.0495 0162362 140.6259 220.6862 14.33270907462763
1 36679U 99025DYZ 18204.93623222 +.00000239 +00000-0 +18254-3 0  9997
2 36679 098.9976 236.6090 0093286 041.4969 319.3231 14.00718994525195
1 36680U 99025DZA 18205.34581332 +.00000035 +00000-0 +33990-4 0  9999
2 36680 098.7401 257.1513 0202613 066.3197 355.6945 14.13241503458585
1 36681U 99025DZB 18204.35577476 +.00000167 +00000-0 +12836-3 0  9995
2 36681 098.8933 249.5925 0046913 027.6556 332.7093 14.05394219348040
1 36682U 99025DZC 18204.34336322 +.00000362 +00000-0 +41349-3 0  9996
2 36682 098.4447 051.7881 0247023 230.2505 127.6644 13.63215393245599
1 36684U 99025DZE 18203.44222796  .00000720  00000-0  24249-3 0  9995
2 36684  99.4897 278.5169 0066922 145.8949 214.6562 14.39317274480513
1 36685U 99025DZF 18205.58665345 +.00000497 +00000-0 +91290-4 0  9996
2 36685 098.8256 142.4790 0135191 145.7621 215.2388 14.65102242269127
1 36686U 99025DZG 18205.02561262 +.00000280 +00000-0 +72036-4 0  9996
2 36686 098.9552 143.5031 0154875 335.2031 024.1774 14.52164787265343
1 36687U 99025DZH 18204.31587866 -.00000030 +00000-0 +70170-5 0  9998
2 36687 098.5185 028.9344 0092716 287.1558 071.9474 14.02741736521969
1 36688U 99025DZJ 11235.40675602 +.00000598 +00000-0 +27257-3 0  9996
2 36688 099.0387 303.8870 0073858 226.0148 133.4943 14.24110055205144
1 36689U 99025DZK 18199.75585223  .00000573  00000-0  53570-3 0  9990
2 36689  98.4530  32.5606 0345126 267.3340  88.8262 13.61707896512382
1 36691U 99025DZM 18176.09707161 +.00000885 +00000-0 +65697-3 0  9991
2 36691 098.7171 289.5219 0154614 236.1793 123.5426 13.92133850571560
1 36692U 99025DZN 18205.25757220 +.00000088 +00000-0 +10598-3 0  9999
2 36692 100.0739 217.1021 0118004 281.7101 077.0834 13.90764710535185
1 36693U 99025DZP 18166.57692113  .00002227  00000-0  34527-3 0  9995
2 36693  97.6042  91.6191 0162670 118.2058 243.5682 14.65514722569682
1 36694U 99025DZQ 18203.09101456 +.00000207 +00000-0 +12582-3 0  9993
2 36694 098.9821 155.9418 0115887 036.0290 324.8623 14.13266155254485
1 36695U 99025DZR 18205.39906920 +.00000031 +00000-0 +18832-4 0  9998
2 36695 098.3477 256.8665 0274896 357.5349 002.4466 14.37825896507534
1 36696U 99025DZS 18205.01949084 +.00000488 +00000-0 +26841-3 0  9990
2 36696 098.8594 142.6844 0029066 153.5252 206.7414 14.16102680260416
1 36697U 99025DZT 18202.18576480 +.00000573 +00000-0 +66850-4 0  9992
2 36697 098.8216 197.9626 0168465 206.6032 217.1945 14.80539655268096
1 36698U 99025DZU 13088.51975970 +.00005504 +00000-0 +17587-2 0  9994
2 36698 099.0147 196.4645 0067524 271.5929 087.7537 14.38782329204930
1 36699U 99025DZV 18205.31703070 +.00000039 +00000-0 +36022-4 0  9994
2 36699 098.6727 236.1528 0099001 043.0613 317.8257 14.21207145479254
1 36700U 99025DZW 18205.35862483 +.00000402 +00000-0 +37538-3 0  9991
2 36700 099.8741 055.9900 0158079 021.4466 339.3214 13.82958069255544
1 36701U 99025DZX 18183.66745013 +.00000683 +00000-0 +78256-3 0  9993
2 36701 102.7411 351.2919 0283281 229.4649 128.1493 13.59351291549224
1 36702U 99025DZY 18204.46214297 +.00000902 +00000-0 +40384-3 0  9996
2 36702 098.3617 285.7943 0113524 067.1302 294.1816 14.21409732538412
1 36703U 99025DZZ 18204.19078304 +.00000295 +00000-0 +20396-3 0  9990
2 36703 097.8511 338.0241 0130426 180.8902 179.2054 14.01013836203265
1 36706U 99025EAC 18205.15220814 +.00006928 +00000-0 +12180-2 0  9995
2 36706 098.7854 178.1867 0025001 276.1541 083.6813 14.67786492545239
1 36707U 99025EAD 18205.29621714 +.00000370 +00000-0 +23119-3 0  9995
2 36707 099.0204 236.8680 0053575 195.6766 164.2747 14.10254674259907
1 36710U 99025EAG 18202.35960179  .00000505  00000-0  19942-3 0  9993
2 36710  98.6362 257.0422 0086699 297.9586  61.2842 14.31309042516113
1 36711U 99025EAH 18205.17550554 +.00001038 +00000-0 +54127-3 0  9995
2 36711 100.8147 318.2614 0152839 238.1968 120.4235 14.11692694503919
1 36712U 99025EAJ 18205.42741845 +.00001457 +00000-0 +34138-3 0  9994
2 36712 098.9426 069.0790 0054012 202.8277 157.0517 14.55381592200517
1 36713U 99025EAK 18204.56306946 +.00001108 +00000-0 +14266-3 0  9991
2 36713 098.3877 316.8831 0226227 112.7125 249.8163 14.66919413569382
1 36714U 99025EAL 18205.34869166 +.00000486 +00000-0 +26990-3 0  9992
2 36714 098.8804 262.9740 0033527 248.4396 111.3203 14.15553988508289
1 36715U 99025EAM 14063.88304835 +.00003532 +00000-0 +78678-3 0  9992
2 36715 098.4915 102.4330 0195372 096.9632 270.2058 14.46367213279329
1 36716U 99025EAN 18205.59257321 -.00000010 +00000-0 +27420-4 0  9999
2 36716 099.1930 125.8957 0150466 281.7546 076.6765 13.86805325255200
1 36717U 99025EAP 11308.54978809 +.00010977 +00000-0 +29447-2 0  9994
2 36717 099.0977 054.7597 0166143 296.5016 067.1912 14.40436579155431
1 36719U 99025EAR 18205.41982490 +.00000397 +00000-0 +20143-3 0  9996
2 36719 098.4526 064.3694 0107763 054.5602 306.5578 14.18080733259971
1 36724U 99025EAW 18204.05688833 +.00000520 +00000-0 +31542-3 0  9998
2 36724 099.4927 051.3223 0131973 134.2723 018.9881 14.06740258193809
1 36726U 99025EAY 18203.96295224 +.00004599 +00000-0 +28723-3 0  9994
2 36726 098.9696 274.2023 0061794 326.7191 033.0153 15.08550567515119
1 36727U 99025EAZ 11100.04037224 -.00032535 +00000-0 -97688-2 0  9995
2 36727 099.0264 192.8032 0124855 084.8300 279.3135 14.38422909133302
1 36729U 99025EBB 18205.30870556 -.00000034 +00000-0 +55236-5 0  9996
2 36729 098.7906 247.5909 0046965 331.6093 028.2519 14.07991973492618
1 36730U 99025EBC 18204.17553419 +.00001087 +00000-0 +34785-3 0  9990
2 36730 099.6474 332.5621 0034314 303.0261 179.5633 14.41701382339282
1 36731U 99025EBD 18205.38427201 +.00000703 +00000-0 +27375-3 0  9995
2 36731 099.1531 064.2615 0052378 090.5124 270.2060 14.32411123269400
1 36732U 99025EBE 18205.06215513 +.00000804 +00000-0 +89399-4 0  9999
2 36732 098.9492 299.6081 0145617 291.3221 067.2498 14.83541982514161
1 36733U 99025EBF 18203.79196534 +.00000419 +00000-0 +32880-3 0  9993
2 36733 099.1881 136.9543 0155657 293.1706 065.3122 13.92226465449060
1 36734U 99025EBG 18204.12432424 +.00000486 +00000-0 +29466-3 0  9993
2 36734 099.0175 167.3670 0042814 291.2991 068.3611 14.10717313445543
1 36735U 99025EBH 18204.88052175 +.00000597 +00000-0 +21406-3 0  9997
2 36735 099.1293 080.4597 0097835 170.8210 249.2567 14.35289575556520
1 36736U 99025EBJ 18205.37300876 +.00000550 +00000-0 +32352-3 0  9998
2 36736 098.9955 249.0820 0071038 244.8366 114.5425 14.11007799506360
1 36738U 99025EBL 18204.46522309 +.00001133 +00000-0 +42015-3 0  9991
2 36738 100.7910 093.3240 0035632 263.9527 095.7590 14.34652876537760
1 36739U 99025EBM 11305.18945240 -.00001324 +00000-0 -32064-3 0  9996
2 36739 098.9861 059.9652 0129364 198.2392 145.0771 14.46035147163882
1 36741U 99025EBP 18205.04548319 +.00001218 +00000-0 +67205-3 0  9991
2 36741 098.4610 293.0230 0120584 146.7133 214.1697 14.09535653192907
1 36742U 99025EBQ 11327.14622580 +.00007744 +00000-0 +50120-2 0  9991
2 36742 098.8200 276.5513 0087519 310.3674 048.9873 14.01138102162272
1 36743U 99025EBR 18204.92852364 +.00000533 +00000-0 +28638-3 0  9993
2 36743 098.8666 243.1016 0056965 212.9993 146.7620 14.16357825508103
1 36880U 93041H   18154.40821642  .00002128  00000-0  40778-3 0  9990
2 36880  89.5465 203.9537 0054331 357.9882   2.1105 14.62563918419212
1 36881U 05011C   18205.25234522 +.00002089 +00000-0 +67254-3 0  9990
2 36881 099.0234 316.3927 0003473 111.2525 248.9032 14.40436239456683
1 36958U 06006CQ  17158.45654172  .00000804  00000-0  48688-3 0  9998
2 36958  51.7761 208.0351 4823537 167.4002 211.2693  5.78167325894707
1 36959U 06006CR  18203.87024230 +.00026449 +00000-0 +46659-2 0  9991
2 36959 051.8381 000.2362 4056861 113.3102 015.9768 07.22761021118345
1 36963U 06006CV  18201.18170378  .00000489  00000-0  23828-3 0  9993
2 36963  51.5522 273.2989 4987572  55.9096 341.9323  5.55071575197377
1 36964U 06006CW  18182.02668931 +.00000365 +00000-0 +43183-3 0  9991
2 36964 052.1036 052.2187 4999580 237.5006 064.3827 05.44317249197139
1 36971U 07003AH  18198.58112065 +.00000284 +00000-0 +70230-2 0  9999
2 36971 026.3247 000.2377 7602988 212.1356 062.1309 01.75717484061676
1 36986U 99025EBS 18205.41522873 +.00000759 +00000-0 +51537-3 0  9990
2 36986 099.2343 195.1189 0107200 145.8302 214.9822 14.00481545438714
1 36987U 99025EBT 18203.20027877 -.00000004  00000-0  62796-4 0  9994
2 36987 100.8623 197.0829 0325302 309.0255  48.2323 13.43531361435677
1 36988U 99025EBU 10300.04390631 +.00004318 +00000-0 +12240-2 0  9996
2 36988 098.4006 244.7484 0258959 291.1722 066.1963 14.28201880114346
1 36989U 99025EBV 18205.32852691 +.00000615 +00000-0 +49967-3 0  9992
2 36989 098.2011 028.0295 0264758 219.6672 138.4851 13.78036610472388
1 36990U 99025EBW 18202.47622440  .00000191  00000-0  23545-3 0  9997
2 36990  96.5945 288.2735 0300521 195.6485 163.5215 13.54277889463034
1 36991U 99025EBX 18181.03303851  .00000429  00000-0  42751-3 0  9992
2 36991  98.1334 253.8054 0286308 148.0432 213.8442 13.65435232532585
1 36994U 99025ECA 18205.08417835 -.00000006 +00000-0 +25447-4 0  9991
2 36994 098.7149 317.9940 0117325 145.0695 215.8235 13.89848442434135
1 36995U 99025ECB 18204.96780914 +.00000247 +00000-0 +17903-3 0  9992
2 36995 098.3519 268.2614 0040332 050.1241 310.3464 14.04211969256767
1 36996U 99025ECC 18204.22348559 +.00000238 +00000-0 +12928-3 0  9999
2 36996 098.2094 208.1737 0282411 113.1116 309.8268 14.01083140218185
1 36997U 99025ECD 18205.33751356 +.00001090 +00000-0 +22925-3 0  9991
2 36997 098.6443 236.9846 0141413 088.7024 273.0368 14.55649485540651
1 36999U 99025ECF 17274.90749565  .00001255  00000-0  10116-2 0  9991
2 36999  99.2536 163.5282 0195419 326.2982  32.0381 13.83874933466462
1 37001U 99025ECH 18204.32534903 +.00000370 +00000-0 +23161-3 0  9996
2 37001 098.9835 250.4378 0032989 312.3069 111.3105 14.10592251194612
1 37003U 99025ECK 18203.38164617 +.00000118 +00000-0 +12161-3 0  9992
2 37003 099.1327 266.0658 0099373 345.5854 074.1952 13.92125438230511
1 37004U 99025ECL 13087.63653912 +.00010789 +00000-0 +19502-2 0  9997
2 37004 097.7253 239.0487 0171938 340.4575 019.1680 14.57362109282824
1 37005U 99025ECM 12244.48222671 +.00002402 +00000-0 +73941-3 0  9990
2 37005 098.9250 336.4889 0107972 062.7475 286.3404 14.39165373228739
1 37006U 99025ECN 18205.17924575 +.00000147 +00000-0 +46003-4 0  9996
2 37006 099.3443 184.3595 0304662 194.4972 164.7324 14.33745870263383
1 37007U 99025ECP 18205.19240385 +.00000701 +00000-0 +29012-3 0  9995
2 37007 099.0931 348.2985 0092776 034.2889 326.4233 14.27652198459189
1 37008U 99025ECQ 18131.43990460  .00000405  00000-0  29376-3 0  9991
2 37008  99.1257 212.8635 0071255   6.7610 353.4499 14.01086031443776
1 37009U 99025ECR 16094.61266372  .00006053  00000-0  27556-2 0  9998
2 37009 102.3517 240.1277 0112444 146.8164 216.3439 14.18963920447285
1 37011U 99025ECT 18204.79422875 +.00001740 +00000-0 +41495-3 0  9994
2 37011 098.9328 046.5497 0061012 228.3766 131.2193 14.54035528442223
1 37012U 99025ECU 18202.87781566 +.00000762 +00000-0 +57974-3 0  9999
2 37012 098.5605 232.0818 0217314 211.2084 147.6020 13.85915761214461
1 37013U 99025ECV 18203.18601821  .00003165  00000-0  39131-3 0  9995
2 37013  98.4146 183.3987 0108453 301.9574  57.1127 14.79487053551795
1 37014U 99025ECW 18205.01476798 +.00000869 +00000-0 +43496-3 0  9990
2 37014 099.0046 231.0516 0033716 214.2051 145.6952 14.19129657445211
1 37017U 99025ECZ 18205.56710243 +.00000261 +00000-0 +82441-4 0  9999
2 37017 098.7237 122.6147 0355046 281.0851 075.0599 14.18778867227594
1 37018U 99025EDA 18201.18664993 +.00000948 +00000-0 +47367-3 0  9993
2 37018 098.5137 189.4411 0353518 342.7310 016.2070 13.91171832256541
1 37019U 99025EDB 18205.00514944 +.00000471 +00000-0 +19118-3 0  9993
2 37019 098.7460 283.5172 0200522 268.2600 089.5602 14.22176660480051
1 37020U 99025EDC 12092.76468176 +.00008233 +00000-0 +14885-2 0  9990
2 37020 097.7966 278.2827 0317096 292.7923 063.1028 14.38871371154388
1 37021U 99025EDD 18205.40700558 +.00000393 +00000-0 +16106-3 0  9995
2 37021 098.6671 261.9787 0197931 220.2585 205.4782 14.22666307479977
1 37022U 99025EDE 18177.95921503 +.00000947 +00000-0 +57717-3 0  9997
2 37022 098.4717 232.1774 0151492 014.0481 108.0789 14.02732317521874
1 37024U 99025EDG 18202.95864596  .00002251  00000-0  46693-3 0  9997
2 37024  99.3305 256.5815 0030984 342.5679  17.4452 14.61090126465726
1 37025U 99025EDH 14225.62686498 +.00001691 +00000-0 +92453-3 0  9998
2 37025 098.2409 010.1982 0058630 211.6795 148.1333 14.12310199364945
1 37026U 99025EDJ 18204.34810619 +.00000541 +00000-0 +23593-3 0  9995
2 37026 098.7973 253.5186 0056320 054.4630 306.1784 14.27202743494177
1 37027U 99025EDK 12269.99706184 -.00225168 +00000-0 -95582-1 0  9994
2 37027 098.8325 286.9156 0124832 037.2816 323.8819 14.22836690193952
1 37028U 99025EDL 18205.14662398 +.00000632 +00000-0 +39193-3 0  9999
2 37028 099.2608 336.9825 0042163 086.4339 274.1650 14.08508849223808
1 37029U 99025EDM 11154.27664917 +.00003802 +00000-0 +16653-2 0  9996
2 37029 099.7201 322.6126 0040909 144.7798 214.5503 14.23942953177686
1 37030U 99025EDN 18151.28840042  .00001761  00000-0  75430-3 0  9999
2 37030  99.7059 183.5702 0032686 231.5855 128.2385 14.26105178497794
1 37031U 99025EDP 13276.59222959 +.00003598 +00000-0 +12519-2 0  9996
2 37031 099.6938 202.3361 0054442 202.5395 157.4716 14.35336407267127
1 37032U 99025EDQ 18205.21385242 +.00003733 +00000-0 +35375-3 0  9995
2 37032 099.3735 010.3783 0089355 159.5626 200.9200 14.91430783565424
1 37033U 99025EDR 14010.74901544 +.00001926 +00000-0 +56596-3 0  9993
2 37033 099.6810 354.2668 0119936 182.1140 177.9553 14.41089992322574
1 37034U 99025EDS 10029.37010495 +.00001032 +00000-0 +36414-3 0  9990
2 37034 098.9503 074.3057 0108017 334.4475 031.7245 14.33842578122895
1 37035U 99025EDT 18205.27706826 +.00000984 +00000-0 +56926-3 0  9999
2 37035 100.6378 227.3133 0065270 218.8432 140.8032 14.10980529556209
1 37036U 99025EDU 18205.37274741 +.00000284 +00000-0 +20318-3 0  9996
2 37036 098.9314 260.1827 0129725 022.4858 338.1923 14.00995288259445
1 37038U 99025EDW 18171.04328661  .00001486  00000-0  65297-3 0  9995
2 37038  99.0355 266.5387 0061562 190.7915 169.1946 14.24144179526504
1 37039U 99025EDX 12238.29438248 +.00007539 +00000-0 +11388-2 0  9990
2 37039 098.9700 034.6354 0121923 268.8898 087.6090 14.69676837225162
1 37040U 99025EDY 18201.71835855  .00000683  00000-0  33554-3 0  9993
2 37040  99.5643 164.3626 0083995 314.6030 167.3650 14.19635218492217
1 37041U 99025EDZ 18195.95074527  .00000433  00000-0  32047-3 0  9992
2 37041  98.9794  91.4121 0163467 240.1763 118.3062 13.94410498548068
1 37042U 99025EEA 18155.33307557  .00000573  00000-0  20076-3 0  9997
2 37042  98.7401 195.1308 0105176   3.0831 357.0980 14.35968069554051
1 37043U 99025EEB 18205.04098533 +.00003154 +00000-0 +77369-3 0  9998
2 37043 099.3275 131.3453 0091576 003.2430 356.9336 14.50732534248782
1 37044U 99025EEC 18204.66294748 -.00000102 +00000-0 -29117-4 0  9993
2 37044 098.9401 158.9573 0595007 273.0440 080.2807 13.48052895476158
1 37045U 99025EED 18204.26640283 +.00000957 +00000-0 +59633-3 0  9990
2 37045 098.3215 210.0786 0130282 254.2087 104.4683 14.02942052538457
1 37046U 99025EEE 18204.31760024 +.00000286 +00000-0 +15993-3 0  9999
2 37046 098.7975 240.3069 0056130 168.5251 191.7217 14.17579979509005
1 37047U 99025EEF 18205.15274492 -.00000597 +00000-0 -48983-3 0  9994
2 37047 099.1534 337.0301 0280443 104.1090 259.1392 13.69107215552982
1 37048U 99025EEG 18204.35664444 +.00000096 +00000-0 +14056-3 0  9992
2 37048 098.9046 253.6347 0257370 348.4328 066.8829 13.62432838253881
1 37049U 99025EEH 18205.28584156 +.00000564 +00000-0 +29475-3 0  9998
2 37049 099.2820 024.0563 0049109 326.6091 033.1988 14.18124509253417
1 37051U 99025EEK 18205.37766082 +.00105021 +00000-0 +23387-2 0  9990
2 37051 098.9069 183.4298 0006255 174.0776 186.0542 15.43196781476237
1 37052U 99025EEL 18198.42133264  .00000113  00000-0  16498-3 0  9990
2 37052  98.7440 266.5597 0549043 334.0644  23.3876 13.21111334476253
1 37053U 99025EEM 18204.91376450 +.00000508 +00000-0 +19905-3 0  9993
2 37053 099.1477 094.5259 0058587 149.7375 267.8225 14.33134994494178
1 37054U 99025EEN 18203.34576517 +.00000038 +00000-0 +39081-4 0  9992
2 37054 098.6691 251.2914 0103867 327.7007 031.7835 14.16356717261800
1 37055U 99025EEP 18204.47296939 +.00000851 +00000-0 +24164-3 0  9993
2 37055 098.6175 288.0245 0106775 111.5947 249.6660 14.44768795510544
1 37056U 99025EEQ 18204.39176776 +.00000163 +00000-0 +43542-4 0  9999
2 37056 098.9817 059.1490 0301823 255.1022 101.6564 14.39810193264944
1 37057U 99025EER 18205.32174359 -.00000054 +00000-0 -35909-5 0  9999
2 37057 099.1928 235.4188 0291886 322.2208 035.8775 13.93189489470265
1 37058U 99025EES 18169.99996813  .00006490  00000-0  17165-2 0  9998
2 37058  96.6782 240.0191 0094640 223.7254 135.6420 14.46402725454681
1 37059U 99025EET 15249.98317232  .00010772  00000-0  11636-2 0  9991
2 37059  98.6068 326.5617 0132532 303.7366  55.1677 14.82262040353312
1 37060U 99025EEU 18201.83969662  .00000279  00000-0  22413-3 0  9995
2 37060  99.3259 199.7331 0082046 182.3157 177.7636 13.97612162542652
1 37061U 99025EEV 18204.15409474 +.00000469 +00000-0 +28509-3 0  9997
2 37061 098.0324 192.4052 0906972 023.9073 340.1540 12.89775030692180
1 37062U 99025EEW 13239.81117959 +.00000694 +00000-0 +18360-3 0  9992
2 37062 098.6149 244.9623 0218378 003.9261 002.7389 14.39013980259774
1 37064U 99025EEY 18201.36309391 +.00000796 +00000-0 +63178-3 0  9991
2 37064 098.9028 038.2200 0142363 347.1119 012.6416 13.89533836438170
1 37065U 99025EEZ 18189.65573240 -.00000223  00000-0 -17493-3 0  9991
2 37065 103.3171 130.1805 0317102 288.4044  68.2844 13.49103414517084
1 37067U 99025EFB 18204.47592997 +.00001017 +00000-0 +93004-3 0  9993
2 37067 099.3818 086.5004 0216805 030.6405 330.7202 13.75392417490503
1 37068U 99025EFC 18205.25806397 +.00008053 +00000-0 +56559-3 0  9994
2 37068 098.6278 008.4970 0098673 137.4976 223.3939 15.01527205510009
1 37069U 99025EFD 18204.26046956 +.00000631 +00000-0 +82820-3 0  9996
2 37069 095.8428 215.0282 0453935 235.4414 120.3092 13.27283117518124
1 37070U 99025EFE 14360.12828883 +.00008172 +00000-0 +16173-2 0  9994
2 37070 098.7814 123.3516 0150446 319.3414 029.8394 14.55620330274379
1 37074U 99025EFJ 10249.68255970 +.00008707 +00000-0 +80018-3 0  9996
2 37074 099.2133 071.4264 0218646 194.0568 165.4267 14.78642535095059
1 37076U 99025EFL 18174.83415751  .00000739  00000-0  45484-3 0  9990
2 37076  98.2978 198.3405 0161171 266.6509  91.6211 14.02127951495425
1 37077U 99025EFM 18204.92952443 +.00000101 +00000-0 +49578-4 0  9991
2 37077 099.0347 097.1927 0103359 322.8938 036.5131 14.35835070462545
1 37079U 99025EFP 18200.92846796 +.00000661 +00000-0 +32444-3 0  9996
2 37079 098.9307 249.3255 0024938 083.6213 276.7802 14.21089122260047
1 37080U 99025EFQ 18168.95447963 +.00000763 +00000-0 +47321-3 0  9990
2 37080 098.1593 078.8174 0174829 331.8728 027.3078 14.00466673494464
1 37081U 99025EFR 18204.13970105 +.00001456 +00000-0 +10498-2 0  9995
2 37081 098.7426 166.1584 0379703 070.4552 293.7184 13.68593720487423
1 37084U 93036BFE 18184.57818344 +.00000125 +00000-0 +18991-4 0  9995
2 37084 074.0333 158.3349 0142157 233.1726 125.6343 14.79660053259181
1 37085U 93036BFF 18205.33889255 +.00000566 +00000-0 +86727-4 0  9994
2 37085 073.9797 186.9759 0093323 315.9193 043.4565 14.73549292271051
1 37086U 93036BFG 18204.82606202 +.00000835 +00000-0 +17463-3 0  9996
2 37086 074.0038 009.8272 0056325 085.3428 275.4167 14.60496995434676
1 37087U 93036BFH 18204.40872338 +.00001793 +00000-0 +39807-3 0  9996
2 37087 074.0225 241.2420 0208695 287.1964 070.6444 14.45269045456672
1 37088U 93036BFJ 18204.11154142 +.00000934 +00000-0 +18511-3 0  9996
2 37088 074.0231 001.1043 0025716 089.1175 271.2939 14.63524858437267
1 37089U 93036BFK 18205.13859438 +.00000413 +00000-0 +15766-3 0  9991
2 37089 074.0415 011.2348 0208652 048.5775 313.3089 14.22483821275419
1 37092U 93036BFN 18204.88156912 +.00002523 +00000-0 +41700-3 0  9994
2 37092 074.0250 032.9482 0016433 031.1182 329.0958 14.70843450467360
1 36062U 93036AXZ 18176.24831944  .00232344  00000-0  12466-2 0  9995
2 36062  73.9023 267.2864 0010917   2.9340 357.1949 15.79459237504418
1 36064U 93036AYB 18200.46808574 +.00000887 +00000-0 +27031-3 0  9992
2 36064 073.8437 122.7984 0067116 196.6932 163.2015 14.42276797264002
1 36065U 93036AYC 10040.58142306 +.00003896 +00000-0 +27252-3 0  9992
2 36065 074.0137 012.2459 0221708 170.6541 189.4362 14.87854867037732
1 36067U 93036AYE 18203.98937657 +.00001278 +00000-0 +28572-3 0  9996
2 36067 074.0130 082.8198 0014207 089.2211 271.0581 14.57731451480860
