1 33816U 93036BH  18205.35665957 +.00000037 +00000-0 +43710-4 0  9993
2 33816 073.8985 339.1850 0275572 139.5064 222.6927 13.78148409474716
1 33817U 93036BJ  18205.20042758 +.00000443 +00000-0 +80395-4 0  9997
2 33817 074.0709 293.7659 0058518 001.4984 358.6350 14.68375719503273
1 33818U 93036BK  18205.36896628 +.00000237 +00000-0 +52002-4 0  9993
2 33818 074.1028 346.2395 0074821 357.7867 030.3620 14.61582027501921
1 33819U 93036BL  18205.44247510 +.00000274 +00000-0 +12405-3 0  9996
2 33819 074.1830 002.8472 0097846 254.9051 135.1070 14.24068320490260
1 33821U 93036BN  18205.23309310 +.00000296 +00000-0 +37881-4 0  9993
2 33821 074.0534 135.6964 0128031 178.5374 332.8662 14.80958493508134
1 33822U 93036BP  18205.00590899 +.00000428 +00000-0 +26107-3 0  9998
2 33822 074.0779 207.2127 0181531 189.0747 201.2248 14.01009539481790
1 33823U 93036BQ  18205.34747941 +.00000220 +00000-0 +15291-3 0  9990
2 33823 073.8128 167.3037 0220543 036.5196 112.9703 13.93379140479804
1 33824U 93036BR  18205.30613674 +.00000594 +00000-0 +11012-3 0  9993
2 33824 074.0230 324.4406 0090436 019.6180 008.3947 14.65120050501582
1 33825U 93036BS  18205.06890227 +.00000494 +00000-0 +13265-3 0  9999
2 33825 073.9947 087.5178 0119189 339.3113 088.7988 14.46794757497080
1 33826U 93036BT  18205.63285972 +.00000238 +00000-0 +97127-4 0  9994
2 33826 074.0659 301.7850 0121909 306.3897 118.3235 14.28755928490868
1 33828U 93036BV  18205.63344019 +.00000191 +00000-0 +72014-4 0  9990
2 33828 074.0487 174.1815 0033125 200.3786 274.1028 14.37541302494947
1 33832U 93036BZ  18205.35749413 +.00000458 +00000-0 +15382-3 0  9991
2 33832 074.0603 185.9085 0037879 183.2579 336.5174 14.39585262494603
1 33834U 93036CB  18205.56474919 +.00000561 +00000-0 +96215-4 0  9992
2 33834 074.0740 277.4006 0064914 331.0503 094.5389 14.70006972503833
1 33835U 93036CC  18205.45468928 +.00000305 +00000-0 +91078-4 0  9992
2 33835 074.0638 115.7819 0076933 141.1997 338.2533 14.45411622496954
1 33836U 93036CD  18205.47382265 +.00000399 +00000-0 +99813-4 0  9992
2 33836 074.0067 017.5694 0036259 168.2361 222.7703 14.54401326247111
1 33837U 93036CE  18205.06878252 +.00000120 +00000-0 +41094-4 0  9994
2 33837 074.0136 067.4181 0037385 223.0713 136.7518 14.45968744497562
1 33838U 93036CF  18205.47225900 +.00000136 +00000-0 +49371-4 0  9999
2 33838 074.0398 123.4786 0030489 192.8582 287.7696 14.41890338496339
1 33839U 93036CG  18205.32488815 +.00000007 +00000-0 +79575-5 0  9997
2 33839 074.0439 312.9609 0092935 033.4164 352.7123 14.58272458502044
1 33841U 93036CJ  18205.38478218 +.00000108 +00000-0 +47233-4 0  9999
2 33841 074.0373 187.5791 0022569 213.6009 297.0228 14.34750275493923
1 33842U 93036CK  18205.34418052 +.00000108 +00000-0 +43817-4 0  9990
2 33842 074.0352 159.1859 0051321 208.8348 307.7514 14.37880158495185
1 33844U 93036CM  18205.12261503 +.00000160 +00000-0 +72986-4 0  9992
2 33844 074.0682 269.0898 0053877 247.4087 126.8756 14.28561652491521
1 33845U 93036CN  18205.55298361 +.00005179 +00000-0 +71138-3 0  9994
2 33845 074.0449 046.3050 0040673 043.0497 317.3847 14.78037342499169
1 33848U 93036CR  18205.53235049 +.00000334 +00000-0 +13560-3 0  9992
2 33848 074.0357 256.1250 0056295 251.7174 177.0181 14.30617748491526
1 33849U 97051S   18205.49346706 +.00002923 +00000-0 +76959-3 0  9999
2 33849 086.1027 025.8762 0067610 173.4983 186.7114 14.47372924491700
1 33853U 97051W   18204.61859525 +.00000279 +00000-0 +16532-3 0  9998
2 33853 086.0027 079.7745 0241352 148.7866 242.6566 13.90242163477890
1 33854U 97051X   18205.46781428 +.00001239 +00000-0 +22604-3 0  9993
2 33854 086.2288 011.4809 0007405 204.5640 181.3456 14.65197132499952
1 33855U 97051Y   18205.55665945 +.00003561 +00000-0 +73057-3 0  9997
2 33855 086.3234 147.2280 0021629 010.3655 349.7996 14.60316115315516
1 33858U 97051AB  18205.58805647 +.00008154 +00000-0 +70070-3 0  9993
2 33858 086.1316 312.5697 0011031 319.6378 100.9690 14.97260938502999
1 33859U 97051AC  18205.44151215 -.00001020 +00000-0 -32284-3 0  9996
2 33859 086.3436 103.3862 0051194 025.1470 335.2205 14.40445850493520
1 33860U 97051AD  18205.19783356 +.00000444 +00000-0 +12263-3 0  9999
2 33860 086.3937 105.6368 0015745 357.6947 154.5004 14.44552911496251
1 33864U 97051AH  18205.55707105 +.00000624 +00000-0 +15604-3 0  9993
2 33864 086.2763 056.3212 0006020 090.6709 298.8323 14.49927000496725
1 33865U 97051AJ  18205.60615803 +.00002120 +00000-0 +39048-3 0  9994
2 33865 086.3462 074.5661 0037242 201.1661 188.3682 14.64671324498375
1 33866U 97051AK  18205.27216963 +.00000378 +00000-0 +17545-3 0  9993
2 33866 086.3022 137.9233 0129236 067.2968 089.2610 14.13531395486029
1 33869U 97051AN  18205.21938342 +.00001418 +00000-0 +42748-3 0  9991
2 33869 086.3661 129.8405 0067980 124.2515 236.5148 14.40520417491427
1 33870U 97051AP  18205.21155101 +.00000308 +00000-0 +10079-3 0  9996
2 33870 086.3814 118.4883 0025944 040.2464 112.7691 14.35083166493606
1 33876U 97051AV  18205.37542950 +.00001842 +00000-0 +22585-3 0  9990
2 33876 086.2026 358.8217 0010968 099.8175 286.1095 14.82513938500640
1 33878U 97051AX  18205.53156376 +.00003338 +00000-0 +96791-3 0  9995
2 33878 086.3073 115.0051 0103034 152.4467 208.2249 14.41058295490774
1 33879U 97051AY  18205.55805618 +.00001310 +00000-0 +20329-3 0  9990
2 33879 086.3606 065.5480 0029018 104.7841 255.6594 14.72046552248932
1 33881U 97051BA  18205.31626688 +.00000949 +00000-0 +38284-3 0  9991
2 33881 086.3948 154.2458 0088238 301.2931 211.6416 14.24924401488710
1 33884U 97051BD  18205.48789417 +.00000532 +00000-0 +14239-3 0  9994
2 33884 086.3821 098.9443 0015659 075.4727 044.7562 14.46403901496583
1 33887U 97051BG  18205.45953914 +.00000087 +00000-0 +23504-4 0  9990
2 33887 086.3033 082.3284 0008580 060.9076 057.2695 14.34976799494538
1 33888U 97051BH  18205.45080817 +.00000850 +00000-0 +25620-3 0  9992
2 33888 086.3267 101.4050 0049574 050.9129 309.6464 14.40687129492919
1 33889U 93036CS  18205.58317249 +.00005851 +00000-0 +37762-3 0  9994
2 33889 074.1036 165.7773 0033374 127.9930 232.4283 15.08029386507290
1 33890U 93036CT  18205.52470564 +.00000691 +00000-0 +16411-3 0  9995
2 33890 074.0183 032.0451 0048336 110.1421 250.4951 14.55193785499238
1 33892U 93036CV  18205.26189652 +.00000180 +00000-0 +96202-4 0  9993
2 33892 073.8070 303.6769 0123722 091.5933 298.6914 14.16382658486981
1 33893U 93036CW  18205.27310216 +.00001763 +00000-0 +30604-3 0  9998
2 33893 074.0250 129.6400 0161827 156.1350 007.3307 14.60756764495558
1 33894U 93036CX  18205.29167119 +.00000748 +00000-0 +83203-3 0  9998
2 33894 073.7684 167.5934 0597775 107.4334 259.2991 13.14316066452011
1 33896U 93036CZ  18205.33610824 +.00000435 +00000-0 +23125-3 0  9991
2 33896 073.7728 333.6186 0138303 237.0269 150.7247 14.11946903486026
1 33899U 93036DC  18205.50959186 +.00000330 +00000-0 +96657-4 0  9995
2 33899 074.0582 104.8959 0077027 135.9080 281.0252 14.46141893497365
1 33900U 93036DD  18205.55542687 +.00000214 +00000-0 +62280-4 0  9993
2 33900 074.0210 045.0012 0055551 138.9577 252.6911 14.49393603498957
1 33901U 93036DE  18205.27203776 +.00000742 +00000-0 +15816-3 0  9994
2 33901 073.7913 299.4623 0117536 206.7475 152.7598 14.56775699499386
1 33905U 93036DJ  18205.55132028 +.00000254 +00000-0 +11209-3 0  9990
2 33905 073.8873 222.2267 0066319 294.8030 233.4088 14.27326979491385
1 33906U 93036DK  18205.52296390 +.00000608 +00000-0 +22948-3 0  9996
2 33906 074.0385 254.8306 0055597 233.7467 194.7953 14.32656913492116
1 33907U 93036DL  18205.22818778 +.00001075 +00000-0 +55893-3 0  9998
2 33907 074.0566 133.8998 0156537 130.9427 019.1164 14.09682086484109
1 33908U 93036DM  18205.05911889 +.00000493 +00000-0 +30577-3 0  9992
2 33908 073.8444 223.2729 0265132 012.2984 348.4446 13.91706940478199
1 33909U 93036DN  18205.17556063 +.00008281 +00000-0 +87408-3 0  9993
2 33909 074.0557 105.1805 0030753 032.9396 327.3693 14.89057175497486
1 33911U 93036DQ  18205.37687212 +.00000651 +00000-0 +19896-3 0  9998
2 33911 074.1028 172.1374 0023387 132.0099 023.6467 14.43594089495242
1 33912U 93036DR  18205.33073698 +.00000180 +00000-0 +65548-4 0  9995
2 33912 074.0396 158.7020 0015375 183.9981 328.4616 14.39909035495283
1 33913U 93036DS  18205.31942834 +.00000196 +00000-0 +69513-4 0  9994
2 33913 074.0369 147.5607 0055404 194.9589 324.1372 14.39970003495560
1 33915U 93036DU  18205.61536506 +.00000252 +00000-0 +10309-3 0  9995
2 33915 074.0449 260.8943 0118282 290.8450 233.0373 14.28690996491798
1 33917U 93036DW  18205.37186841 +.00000508 +00000-0 +44266-3 0  9996
2 33917 074.1024 195.6211 0352597 206.0459 152.2542 13.63304663469314
1 33918U 93036DX  18205.29668274 +.00000796 +00000-0 +12527-3 0  9997
2 33918 074.0615 307.4436 0057693 329.3364 061.2483 14.73271363502666
1 33919U 93036DY  18204.93455837 +.00000880 +00000-0 +20745-3 0  9992
2 33919 074.0515 065.8704 0033234 102.6890 257.7991 14.55479905498167
1 33920U 93036DZ  18205.51249584 +.00000415 +00000-0 +15224-3 0  9999
2 33920 074.0692 239.0650 0055348 217.5037 142.2249 14.35037142492618
1 33921U 93036EA  18205.37977466 +.00003757 +00000-0 +47187-3 0  9996
2 33921 073.9852 304.3531 0007214 023.4400 336.7105 14.82494493501751
1 33922U 93036EB  18205.18906557 +.00000200 +00000-0 +67967-4 0  9998
2 33922 074.0511 124.4261 0026377 189.6571 335.5281 14.42504343496186
1 33928U 93036EH  18205.58196901 +.00000106 +00000-0 +39358-4 0  9990
2 33928 073.9261 064.6172 0065716 227.1356 132.4270 14.42829609496982
1 33929U 93036EJ  18204.76293759 +.00001169 +00000-0 +24358-3 0  9992
2 33929 074.0314 057.7846 0002653 296.1663 192.7097 14.61163694498572
1 33930U 93036EK  18205.57611434 +.00001287 +00000-0 +37214-3 0  9994
2 33930 074.0299 160.9362 0027788 121.6992 000.9462 14.45341507495216
1 33931U 93036EL  18205.34011600 +.00000877 +00000-0 +15163-3 0  9992
2 33931 074.0251 086.8937 0234679 129.3795 232.8416 14.53473208497168
1 33932U 93036EM  18205.48592979 +.00000188 +00000-0 +77896-4 0  9998
2 33932 074.0344 216.3665 0042054 232.1632 127.5711 14.32748843493113
1 33933U 93036EN  18205.57979199 +.00000159 +00000-0 +70683-4 0  9997
2 33933 074.0905 271.6487 0078318 251.7848 107.4765 14.29007502492099
1 33935U 93036EQ  18205.40465318 +.00000595 +00000-0 +12540-3 0  9995
2 33935 074.0088 352.7659 0044724 080.5477 280.0740 14.61193109500169
1 33936U 93036ER  18205.41324577 +.00000267 +00000-0 +79506-4 0  9990
2 33936 074.0221 074.1658 0035230 168.5779 191.6188 14.47477179497633
1 33938U 93036ET  18205.56391265 +.00000220 +00000-0 +79291-4 0  9996
2 33938 074.0487 158.4244 0019394 194.9701 287.4945 14.39198252495307
1 33939U 93036EU  18205.30655536 +.00000762 +00000-0 +22769-3 0  9991
2 33939 074.0264 147.9285 0022262 160.8653 352.5668 14.44475464495232
1 33940U 93036EV  18205.26016451 +.00000281 +00000-0 +92280-4 0  9997
2 33940 074.0468 140.4549 0017828 171.6762 338.8107 14.42721228495723
1 33941U 93036EW  18205.55047738 +.00014875 +00000-0 +52420-3 0  9997
2 33941 073.9733 010.7976 0028101 092.9978 267.4440 15.28902881511165
1 33944U 93036EZ  18205.45591403 +.00000134 +00000-0 +54315-4 0  9991
2 33944 074.0399 207.8048 0122222 247.9180 264.6944 14.33071615493448
1 33945U 93036FA  18205.49576349 +.00000047 +00000-0 +26757-4 0  9990
2 33945 074.0284 199.7794 0024295 221.9118 138.0175 14.32806269493577
1 33948U 93036FD  18205.40114986 +.00000077 +00000-0 +37393-4 0  9990
2 33948 074.0346 201.2240 0025180 218.2751 141.6614 14.33147190493491
1 33950U 97051BK  18205.41232098 +.00001970 +00000-0 +39742-3 0  9992
2 33950 086.3830 093.1068 0015244 151.7153 208.4889 14.60917558497607
1 33952U 97051BM  18205.08168835 +.00001156 +00000-0 +25818-3 0  9999
2 33952 086.3521 081.1218 0011971 251.0629 108.9282 14.55936168497710
1 33953U 97051BN  18205.55734181 +.00000387 +00000-0 +11955-3 0  9997
2 33953 086.3949 118.6260 0024409 019.0888 099.8883 14.38570820494023
1 33954U 97051BP  18204.98157087 +.00001349 +00000-0 +28884-3 0  9996
2 33954 086.3798 101.9913 0015575 139.4487 349.3229 14.57943596496420
1 33955U 97051BQ  18205.21723685 +.00003536 +00000-0 +62458-3 0  9992
2 33955 086.3573 096.4953 0035461 232.9109 126.8862 14.66771768496386
1 33956U 97051BR  18205.50153972 +.00005693 +00000-0 +85724-3 0  9998
2 33956 086.4111 105.9756 0042728 003.9250 049.7417 14.73641519248540
1 33959U 97051BU  18204.74740716 +.00000470 +00000-0 +16003-3 0  9996
2 33959 086.3668 131.8254 0060975 177.7573 182.3908 14.33361935490165
1 33960U 97051BV  18205.04765941 +.00000824 +00000-0 +22233-3 0  9994
2 33960 086.2726 056.0164 0006085 191.8840 320.1481 14.46729494496374
1 33961U 97051BW  18205.28454932 +.00002024 +00000-0 +37665-3 0  9995
2 33961 086.2711 045.2053 0018648 202.5880 157.4514 14.64534890498136
1 33962U 97051BX  18205.60992216 +.00002079 +00000-0 +41141-3 0  9998
2 33962 086.3529 077.8896 0016277 228.8099 131.1709 14.61819613498210
1 33965U 97051CA  18205.11892407 +.00001543 +00000-0 +38553-3 0  9996
2 33965 086.3700 094.1045 0006390 251.8143 108.2366 14.50945312496545
1 33966U 97051CB  18205.51219045 +.00000316 +00000-0 +92687-4 0  9998
2 33966 086.3968 110.2584 0009603 122.5512 358.4719 14.40604561495338
1 33971U 93036FE  18205.63427177 +.00000114 +00000-0 +48596-4 0  9999
2 33971 074.0258 175.9638 0020697 214.0068 261.6954 14.35687156493897
1 33972U 93036FF  18203.53247760  .00000612  00000-0  26995-3 0  9996
2 33972  73.9987  20.8641 0156183  85.5987 334.7877 14.19015218486702
1 33973U 93036FG  18204.69530843 +.00000035 +00000-0 +18255-4 0  9992
2 33973 074.0087 088.4436 0048174 194.4452 196.4640 14.43079007496597
1 33975U 93036FJ  18205.21436756 +.00000098 +00000-0 +75519-4 0  9996
2 33975 073.8034 126.1986 0197256 357.6588 002.3597 13.96718002481410
1 33980U 93036FP  18205.40009632 +.00000197 +00000-0 +62002-4 0  9995
2 33980 074.0265 085.4130 0036241 170.2085 242.5701 14.46455526496999
1 33981U 93036FQ  18205.07750890 +.00000969 +00000-0 +11660-3 0  9998
2 33981 073.8342 084.8188 0072633 356.0448 004.0144 14.83753790506978
1 33982U 93036FR  18205.54872771 +.00000159 +00000-0 +45183-4 0  9993
2 33982 074.0734 044.1059 0088054 073.7990 317.8714 14.51208697499584
1 33983U 93036FS  18205.25247590 +.00000125 +00000-0 +45560-4 0  9999
2 33983 074.0538 126.1453 0024882 187.0941 327.5275 14.42652602496597
1 33984U 93036FT  18205.53558045 +.00000347 +00000-0 +96427-4 0  9995
2 33984 074.0150 052.1587 0030914 184.7932 200.9851 14.49897504498552
1 33986U 93036FV  18205.48024293 +.00000308 +00000-0 +11895-3 0  9996
2 33986 074.0390 217.0286 0049971 233.7454 277.8986 14.33700391493439
1 33989U 93036FY  18205.32074802 +.00000614 +00000-0 +12248-3 0  9996
2 33989 074.0234 327.3151 0039563 088.0457 272.5241 14.63716666501469
1 33992U 93036GB  18205.55155557 +.00000255 +00000-0 +69776-4 0  9992
2 33992 074.0279 045.2607 0070553 114.3554 277.3371 14.50919683498933
1 33993U 93036GC  18204.85049512 +.00000971 +00000-0 +19560-3 0  9998
2 33993 074.0211 007.1612 0031320 085.9876 274.4870 14.62651700499942
1 33994U 93036GD  18205.49321937 -.00000009 +00000-0 +57312-5 0  9996
2 33994 074.0444 133.9923 0024400 219.9635 264.1643 14.39619852495796
1 33995U 93036GE  18205.30129169 +.00000147 +00000-0 +71871-4 0  9997
2 33995 074.0676 317.4220 0071462 282.5253 076.7906 14.24986092490123
1 33996U 93036GF  18205.46520510 +.00002408 +00000-0 +54109-3 0  9996
2 33996 074.1055 210.2785 0064766 113.1290 247.6717 14.55750407494420
1 33999U 93036GJ  18205.42149335 +.00000448 +00000-0 +11177-3 0  9997
2 33999 073.9381 008.9465 0074479 151.9451 208.5757 14.53001825499022
1 34000U 93036GK  18205.43490904 +.00000879 +00000-0 +20302-3 0  9991
2 34000 074.0427 062.2120 0026052 102.6531 324.1883 14.56576237498599
1 34001U 93036GL  18205.40447104 +.00000059 +00000-0 +30154-4 0  9990
2 34001 074.0384 187.9659 0021858 214.9781 296.7299 14.34549673494341
1 34003U 93036GN  18205.43288413 +.00000975 +00000-0 +74790-3 0  9991
2 34003 074.0803 094.4976 0305966 112.3012 251.0848 13.74518359472818
1 34004U 93036GP  18205.50804807 +.00000370 +00000-0 +14279-3 0  9996
2 34004 074.0387 235.6634 0041887 196.6104 314.7223 14.33224257492668
1 34005U 93036GQ  18205.31476894 +.00000016 +00000-0 +13865-4 0  9995
2 34005 074.0463 148.0879 0021768 219.0296 295.9481 14.38453575495650
1 34006U 93036GR  18205.35399237 +.00000773 +00000-0 +23917-3 0  9993
2 34006 074.0701 180.5223 0026265 144.0645 014.2093 14.42682192495006
1 34007U 93036GS  18204.74449066 +.00000269 +00000-0 +74568-4 0  9991
2 34007 074.0237 050.6721 0059290 131.4971 229.1300 14.50325811498571
1 34008U 93036GT  18205.50987216 +.00000034 +00000-0 +22569-4 0  9995
2 34008 074.0324 212.5620 0023312 145.6373 018.2576 14.31609553493401
1 34009U 93036GU  18205.51893417 +.00000053 +00000-0 +29580-4 0  9997
2 34009 074.0356 216.9751 0029367 225.0092 298.6866 14.31388681493252
1 34010U 93036GV  18205.03281646 +.00000612 +00000-0 +15664-3 0  9999
2 34010 074.0239 064.3282 0028764 140.1329 010.7822 14.52315494498163
1 34011U 93036GW  18205.53594740 +.00000358 +00000-0 +14298-3 0  9996
2 34011 074.0185 233.5404 0046963 242.5696 117.0674 14.31485566492564
1 34012U 93036GX  18204.69366235 +.00002845 +00000-0 +62804-3 0  9998
2 34012 074.0269 178.4301 0051775 154.1073 206.2700 14.56975097494478
1 34013U 93036GY  18205.50933960 +.00001816 +00000-0 +29365-3 0  9997
2 34013 074.0213 349.4400 0034584 034.8766 325.4662 14.71718320500683
1 34014U 93036GZ  18205.46479319 +.00000335 +00000-0 +85225-4 0  9999
2 34014 074.0243 019.6288 0052350 112.1422 277.4700 14.53761444499723
1 34015U 93036HA  18205.32571399 +.00000721 +00000-0 +22807-3 0  9991
2 34015 074.0317 159.0521 0032231 194.6829 317.1346 14.41686024495177
1 34017U 93036HC  18205.13524014 +.00007269 +00000-0 +70012-3 0  9999
2 34017 074.0046 010.7979 0018366 354.4722 005.6255 14.92987513499725
1 34018U 93036HD  18205.32176597 +.00000048 +00000-0 +52372-4 0  9998
2 34018 073.8803 329.5613 0271999 140.4143 250.9718 13.78202387474592
1 34019U 93036HE  18205.59759538 +.00000220 +00000-0 +10302-3 0  9998
2 34019 073.9592 277.7542 0070137 329.0370 099.6510 14.24827193490262
1 34020U 93036HF  18204.54297454 +.00001193 +00000-0 +20336-3 0  9996
2 34020 074.0384 326.4996 0037136 028.5917 331.7280 14.69756468501509
1 34021U 93036HG  18205.18242634 +.00000140 +00000-0 +49606-4 0  9991
2 34021 074.0417 113.8633 0023208 205.8972 304.6777 14.43079797496563
1 34022U 93036HH  18205.33966616 +.00000088 +00000-0 +39374-4 0  9994
2 34022 074.0539 183.6962 0024271 206.6265 223.2690 14.35765338494667
1 34023U 93036HJ  18205.35125028 +.00000132 +00000-0 +54396-4 0  9992
2 34023 074.0271 176.8877 0020788 211.1804 299.4749 14.35864979494558
1 34024U 93036HK  18205.41027990 +.00000073 +00000-0 +36009-4 0  9994
2 34024 074.0453 207.0703 0022841 207.9354 222.9016 14.32933479493568
1 34026U 93036HM  18205.19786630 +.00000242 +00000-0 +22958-3 0  9999
2 34026 073.7676 115.1094 0362851 034.3335 121.3887 13.59827842468063
1 34028U 93036HP  18205.29225803 +.00000121 +00000-0 +16067-3 0  9992
2 34028 073.8834 154.5169 0552320 022.5554 144.0549 13.18532805454436
1 34029U 93036HQ  18205.46314768 +.00001235 +00000-0 +12051-3 0  9997
2 34029 073.9464 085.0483 0079124 220.4143 139.1145 14.91447920508479
1 34030U 93036HR  18205.27882895 +.00002664 +00000-0 +78761-4 0  9997
2 34030 073.9531 142.0788 0090281 239.9104 272.3005 15.31610745517889
1 34031U 93036HS  18205.56851550 +.00000377 +00000-0 +12198-3 0  9994
2 34031 074.0194 138.6043 0032427 189.7951 223.7065 14.42107602495551
1 34032U 93036HT  18204.86386997 +.00000874 +00000-0 +25228-3 0  9995
2 34032 074.0335 167.2148 0053995 182.7635 204.5624 14.45273286494729
1 34033U 93036HU  18205.38003557 +.00001127 +00000-0 +34388-3 0  9991
2 34033 074.0067 190.6490 0061671 128.2367 030.8951 14.41985840493655
1 34035U 93036HW  18205.27173854 +.00000393 +00000-0 +15179-3 0  9990
2 34035 074.0721 262.6390 0060682 235.3092 242.1151 14.32413010491999
1 34036U 93036HX  18205.40693134 +.00000712 +00000-0 +22481-3 0  9993
2 34036 074.0450 186.4037 0048031 190.6294 169.3852 14.41396134494393
1 34037U 93036HY  18205.57485528 +.00000189 +00000-0 +84704-4 0  9993
2 34037 074.0534 270.1730 0061256 264.2783 095.1379 14.28163172491513
1 34038U 93036HZ  18204.96644505 +.00001152 +00000-0 +29105-3 0  9992
2 34038 074.0643 132.8336 0032068 114.5410 245.9100 14.51833449496096
1 34040U 93036JB  18205.37392828 +.00000467 +00000-0 +41827-3 0  9992
2 34040 073.9591 167.7516 0359719 295.2598 234.4519 13.61485196468521
1 34042U 93036JD  18205.37714370 +.00003811 +00000-0 +18464-3 0  9991
2 34042 073.8876 275.5702 0052620 131.2841 229.2904 15.17730394512452
1 34046U 93036JH  18205.60958969 +.00000558 +00000-0 +21374-3 0  9994
2 34046 074.0421 268.1330 0103154 291.0378 220.3076 14.30052937491462
1 34050U 93036JM  18205.24162368 +.00000132 +00000-0 +10122-3 0  9996
2 34050 074.0925 289.3700 0229599 282.5166 105.5294 13.90836290478732
1 34051U 93036JN  18205.53993028 +.00000884 +00000-0 +14081-3 0  9996
2 34051 073.9868 240.2515 0055447 012.6800 347.5751 14.72637171503703
1 34053U 93036JQ  18205.54703442 +.00000004 +00000-0 +21896-4 0  9995
2 34053 073.8445 255.6470 0428605 133.0913 230.6909 13.46321462463815
1 34054U 93036JR  18205.26179694 +.00000671 +00000-0 +15697-3 0  9992
2 34054 074.0378 043.9550 0032899 103.7514 013.6812 14.56293823498954
1 34055U 93036JS  18204.82294921 +.00000874 +00000-0 +17792-3 0  9998
2 34055 074.1116 069.2361 0088268 035.7024 089.2318 14.60166517498985
1 34056U 93036JT  18205.32296813 +.00001157 +00000-0 +63344-3 0  9996
2 34056 074.0673 144.0795 0150923 124.1048 037.4052 14.07313782483717
1 34057U 93036JU  18205.39318453 +.00001114 +00000-0 +26870-3 0  9995
2 34057 074.0201 075.9212 0030915 125.5866 284.9205 14.54135782497732
1 34059U 93036JW  18205.32833718 +.00000332 +00000-0 +11307-3 0  9996
2 34059 074.0438 157.8545 0023417 184.4956 328.0250 14.40216942495256
1 34061U 93036JY  18205.40223185 +.00000130 +00000-0 +53911-4 0  9993
2 34061 074.0402 183.0209 0022719 208.3219 304.9401 14.35700153494223
1 34062U 93036JZ  18205.08038330 +.00000527 +00000-0 +14943-3 0  9995
2 34062 074.0412 167.6006 0141966 201.4561 285.6007 14.42355261494791
1 34064U 93036KB  18205.46956597 +.00000194 +00000-0 +76646-4 0  9992
2 34064 074.0334 193.5621 0025608 204.1067 318.0737 14.35205426493814
1 34065U 93036KC  18205.61147256 +.00000046 +00000-0 +24927-4 0  9995
2 34065 074.0357 173.9146 0017889 217.0213 263.1538 14.35705284494662
1 34066U 93036KD  18205.55651622 +.00000488 +00000-0 +10642-3 0  9994
2 34066 073.9970 249.3589 0262069 326.4545 187.3462 14.41854413490784
1 34069U 93036KG  18204.95862037 +.00000879 +00000-0 +15549-3 0  9999
2 34069 074.0160 307.8195 0039790 042.9808 317.4459 14.68479256501779
1 34070U 93036KH  18205.30824556 +.00000517 +00000-0 +16210-3 0  9990
2 34070 074.0126 151.6029 0040972 192.9396 319.4808 14.42590221494999
1 34076U 97051CK  18205.53377844 +.00002874 +00000-0 +34124-3 0  9997
2 34076 086.3327 033.3324 0036863 058.5811 325.0119 14.83598572502665
1 34077U 97051CL  18205.53812766 +.00000340 +00000-0 +10279-3 0  9996
2 34077 086.3964 120.4652 0019432 346.1539 136.0208 14.39409231493584
1 34079U 97051CN  18205.46813837 +.00000300 +00000-0 +74344-4 0  9990
2 34079 086.3905 099.5968 0013121 066.9831 056.9340 14.48579338497259
1 34081U 97051CQ  18205.42728486 +.00008691 +00000-0 +51603-3 0  9997
2 34081 086.3100 008.6877 0018237 007.9341 022.0113 15.11038725505234
1 34082U 97051CR  18205.57071449 +.00002552 +00000-0 +62636-3 0  9992
2 34082 086.3671 150.6363 0132204 292.8380 065.8906 14.46851030489173
1 34086U 97051CV  18205.47295127 +.00000940 +00000-0 +27522-3 0  9990
2 34086 086.3868 120.0847 0026096 010.0153 039.5001 14.42770348494002
1 34090U 97051CZ  18205.39031354 +.00003143 +00000-0 +34825-3 0  9998
2 34090 086.4154 070.4399 0020040 097.1149 263.2355 14.86831300502529
1 34091U 97051DA  18205.28399295 +.00000715 +00000-0 +26290-3 0  9997
2 34091 086.3719 136.1746 0057951 200.5538 322.0210 14.30420412490230
1 34093U 97051DC  18205.42734345 +.00005404 +00000-0 +40650-3 0  9990
2 34093 086.2914 000.1549 0013947 266.7121 115.4973 15.02274796505608
1 34095U 97051DE  18205.19370395 +.00002460 +00000-0 +54053-3 0  9998
2 34095 086.3833 105.9135 0050231 285.2410 074.3248 14.56397262495428
1 34097U 97051DG  18205.43518597 +.00001505 +00000-0 +67090-3 0  9999
2 34097 086.2046 088.6800 0099847 353.1405 006.8408 14.19569488487346
1 34098U 97051DH  18205.54855282 +.00002624 +00000-0 +37164-3 0  9999
2 34098 086.1348 328.4808 0022195 121.5311 006.0676 14.76501077500594
1 34099U 97051DJ  18205.44635784 +.00001922 +00000-0 +40006-3 0  9991
2 34099 086.3650 088.5595 0011828 168.4954 246.2625 14.59517538497412
1 34101U 97051DL  18205.29545652 +.00002134 +00000-0 +67993-3 0  9992
2 34101 086.3786 153.2059 0109139 287.6568 071.2735 14.36050302488738
1 34102U 97051DM  18205.38946194 +.00001287 +00000-0 +50316-3 0  9998
2 34102 086.3790 166.2094 0121786 020.8003 144.0235 14.24870119486634
1 34103U 97051DN  18205.43932934 +.00001710 +00000-0 +39020-3 0  9992
2 34103 086.3477 087.5847 0031817 121.9306 000.5062 14.54922408496460
1 34104U 97051DP  18205.55037417 +.00002030 +00000-0 +33953-3 0  9993
2 34104 086.3424 058.9317 0023022 284.4493 103.6846 14.69205561500009
1 34105U 97051DQ  18205.32054227 +.00006376 +00000-0 +60977-3 0  9990
2 34105 086.3457 055.5086 0006725 280.4586 079.5884 14.93061076501172
1 34106U 97051DR  18205.60756194 +.00001159 +00000-0 +28722-3 0  9990
2 34106 086.3618 086.5948 0019640 054.7035 319.9671 14.50999119497141
1 34107U 97051DS  18205.42264108 +.00000763 +00000-0 +17878-3 0  9990
2 34107 086.3850 093.8808 0014573 029.2862 031.5349 14.53233807497272
1 34114U 93036KK  18205.25353569 +.00000589 +00000-0 +23536-3 0  9992
2 34114 074.0695 305.7328 0073468 267.0161 120.0890 14.29182159490819
1 34115U 93036KL  18205.41838624 +.00000272 +00000-0 +68337-4 0  9999
2 34115 074.0181 004.9310 0044273 137.1244 223.3386 14.55545642500098
1 34116U 93036KM  18205.30240490 +.00000261 +00000-0 +90273-4 0  9998
2 34116 074.0462 155.4630 0016240 183.0963 327.4468 14.40530537495461
1 34117U 93036KN  18205.47360899 +.00000272 +00000-0 +10946-3 0  9993
2 34117 074.0410 237.7143 0066762 255.6107 103.7627 14.31494172494531
1 34118U 93036KP  18204.98917978 +.00000621 +00000-0 +14261-3 0  9997
2 34118 073.9684 033.7775 0124343 135.6888 016.9776 14.53086537497552
1 34119U 93036KQ  18205.29234362 +.00001253 +00000-0 +34169-3 0  9993
2 34119 074.0452 160.0458 0032072 135.3751 019.6320 14.48116778494347
1 34120U 93036KR  18205.45238983 +.00000135 +00000-0 +10066-3 0  9994
2 34120 073.9921 196.2093 0188737 251.7328 266.0657 13.96194977483176
1 34122U 93036KT  18205.24690295 +.00000456 +00000-0 +13165-3 0  9990
2 34122 074.0449 135.4320 0114184 350.2220 159.9737 14.43832913496045
1 34123U 93036KU  18205.18661925 +.00000996 +00000-0 +25254-3 0  9993
2 34123 074.0280 109.2931 0017311 108.9051 042.2776 14.52098993496847
1 34124U 93036KV  18205.12794894 +.00001308 +00000-0 +30065-3 0  9994
2 34124 074.0268 085.9868 0021433 100.8277 259.5300 14.56360808497527
1 34126U 93036KX  18205.12305910 +.00000358 +00000-0 +64944-4 0  9991
2 34126 074.0038 262.5278 0059416 040.2502 342.0261 14.69071500503357
1 34127U 93036KY  18205.25315432 +.00000288 +00000-0 +15129-3 0  9998
2 34127 074.1918 132.5285 0139190 355.4276 156.8495 14.13449152485177
1 34128U 93036KZ  18205.44167764 +.00000831 +00000-0 +20742-3 0  9994
2 34128 074.0149 060.9807 0073721 126.0178 306.9341 14.51578241497969
1 34129U 93036LA  18205.60450615 +.00000427 +00000-0 +11179-3 0  9998
2 34129 074.0467 062.2878 0049879 112.7721 247.8721 14.51691601219984
1 34130U 93036LB  18205.63063535 +.00000980 +00000-0 +19816-3 0  9994
2 34130 074.0321 004.7236 0026041 085.0462 275.3677 14.62571378499665
1 34131U 93036LC  18205.49496097 +.00001326 +00000-0 +27764-3 0  9998
2 34131 074.1202 093.7731 0006655 016.4679 046.3482 14.60759344498310
1 34136U 93036LH  18205.54648072 +.00000257 +00000-0 +48468-4 0  9998
2 34136 074.0218 237.2667 0110380 323.5043 188.8676 14.66533575503970
1 34139U 93036LL  18205.46314818 +.00000606 +00000-0 +21123-3 0  9996
2 34139 074.0362 214.1247 0063538 232.0212 279.1712 14.36336073492631
1 34141U 93036LN  18205.20387869 +.00000494 +00000-0 +20270-3 0  9994
2 34141 074.0185 288.3672 0073425 294.3942 097.0803 14.28249845490298
1 34142U 93036LP  18205.61581413 +.00000592 +00000-0 +10823-3 0  9993
2 34142 073.9939 284.6563 0048311 048.2597 021.1754 14.67577958501984
1 34143U 97051DW  18205.44897168 +.00001472 +00000-0 +29613-3 0  9998
2 34143 086.3915 095.4340 0004118 159.0342 325.8480 14.60943657497142
1 34145U 97051DY  18205.58170953 +.00000508 +00000-0 +19198-3 0  9997
2 34145 086.2169 072.0407 0062158 202.1403 157.7103 14.28307402490272
1 34146U 97051DZ  18205.62356934 +.00000249 +00000-0 +77996-4 0  9991
2 34146 086.2880 081.1896 0039989 073.4089 316.2367 14.35964684492984
1 34147U 97051EA  18205.55075897 +.00005228 +00000-0 +69198-3 0  9996
2 34147 086.4355 127.1586 0056161 241.4922 118.0636 14.78638778496637
1 34148U 97051EB  18205.04280576 +.00005240 +00000-0 +37016-3 0  9991
2 34148 086.3879 067.5008 0012348 082.6963 277.5674 15.04649079501965
1 34150U 97051ED  18205.31375463 +.00003482 +00000-0 +73723-3 0  9995
2 34150 086.4837 156.8816 0095319 005.5919 147.4729 14.56148131494793
1 34155U 97051EJ  18205.27031628 +.00002713 +00000-0 +53570-3 0  9991
2 34155 086.4670 137.2281 0050693 202.9004 310.5979 14.61277547496361
1 34159U 97051EN  18205.51489741 +.00000206 +00000-0 +67876-4 0  9995
2 34159 086.3540 109.8589 0033540 085.6474 274.8552 14.32745319492826
1 34160U 97051EP  18205.58164086 +.00001662 +00000-0 +36006-3 0  9993
2 34160 086.4090 117.1091 0039309 325.7868 034.0808 14.57165625495223
1 34185U 92072R   18191.20529765 -.00000617  00000-0 -24253-2 0  9991
2 34185   7.9544 342.6543 7067063 313.7299   6.0689  2.41410495110902
1 34189U 92072V   18064.49344774  .00001912  00000-0  76887-1 0  9996
2 34189   5.3526 352.5780 6510270 131.9856  23.9822  2.90669687133479
1 34191U 92072X   18204.53889079 +.00000004 +00000-0 +25547-2 0  9991
2 34191 007.7832 286.0410 6511984 244.7737 090.6262 02.91987840137437
1 34195U 92072AB  18205.53842865 -.00000199 +00000-0 -81597-3 0  9993
2 34195 005.6405 048.2679 6575481 059.0477 031.6035 02.94658475054577
1 34196U 92072AC  18189.66575546 -.00000078 +00000-0 -57972-2 0  9993
2 34196 007.6488 081.7831 6455887 306.8769 256.6476 02.90582454124167
1 34201U 97070L   13223.53985288 +.01963372 +00000-0 +24252+0 0  9997
2 34201 046.4116 302.8662 4128994 242.4135 070.0282 07.13308270015522
1 34204U 99057RF  18205.38305141 +.00011810 +00000-0 +64491-3 0  9992
2 34204 098.2139 258.8381 0002583 070.0677 290.0831 15.14501213544264
1 34205U 99057RG  10131.35741025 +.00008397 +00000-0 +19700-2 0  9993
2 34205 098.4941 175.7095 0009459 071.8579 289.9205 14.54707145129105
1 34207U 99057RJ  18205.34104225 +.00002965 +00000-0 +38761-3 0  9993
2 34207 098.3011 242.6338 0013429 233.7801 126.2169 14.81206229556009
1 34208U 99057RK  18205.29047479 +.00003591 +00000-0 +38857-3 0  9997
2 34208 098.2795 237.0213 0008075 145.4630 214.7111 14.88934542558812
1 34209U 99057RL  18205.23389632 +.00002081 +00000-0 +34809-3 0  9998
2 34209 098.3247 204.8422 0004312 252.1856 107.8880 14.70941587563994
1 34211U 99057RN  18205.19629489 +.00000427 +00000-0 +96416-4 0  9998
2 34211 098.4490 204.0541 0075410 310.4213 049.0424 14.59997059270497
1 34213U 99057RQ  18205.27699271 +.00002293 +00000-0 +33419-3 0  9991
2 34213 098.2880 220.9426 0010776 131.9921 284.4703 14.76829789579091
1 34214U 99057RR  18204.99046525 +.00008463 +00000-0 +51131-3 0  9994
2 34214 098.2136 274.1563 0002368 096.8791 263.2706 15.10964024571687
1 34215U 99057RS  18205.16140178 +.00001278 +00000-0 +27492-3 0  9994
2 34215 098.3724 182.4484 0007163 011.4274 348.7087 14.60235576175556
1 34216U 99057RT  14043.15707469 +.00004570 +00000-0 +45308-3 0  9996
2 34216 098.1287 171.2447 0004596 219.1376 264.7215 14.92312977342733
1 34217U 99057RU  18203.45202203 +.00007074 +00000-0 +64766-3 0  9999
2 34217 098.2080 196.5407 0013364 154.3111 205.8774 14.95220946274223
1 34220U 01049PQ  15357.22596365  .00003417  00000-0  13459-3 0  9994
2 34220  98.1773 348.9789 0008434  86.5561 273.6640 15.26385840629193
1 34221U 01049PR  18205.35792950 -.00000133 +00000-0 -38403-5 0  9994
2 34221 098.5449 171.7451 0074834 340.4968 019.3393 15.01147235880642
1 34223U 02024H   18205.39571793 +.00000170 +00000-0 +13048-3 0  9999
2 34223 099.1813 188.3288 0133546 044.7512 316.4335 14.01915857807023
1 34224U 06006AP  18196.99354468  .00000160  00000-0  40634-3 0  9997
2 34224  52.1187 170.7273 5029327 133.6412 281.0537  5.26841465196278
1 34226U 06006AR  18049.49311893  .00002163  00000-0  19082-2 0  9993
2 34226  51.6700 110.1122 5027033 256.1729  45.1464  5.41300501191923
1 34227U 06006AS  18191.13175204 -.00000018  00000-0  16359-3 0  9990
2 34227  52.0055  82.8073 4916144 224.5519 336.8377  5.38469137199688
1 34228U 06006AT  11337.07599237 +.00086168 +00000-0 +30133-1 0  9998
2 34228 051.8664 211.9560 4577633 170.6514 354.1589 06.25036147076185
1 34229U 06006AU  18009.32360739  .00006549  00000-0  28097-2 0  9995
2 34229  51.4167 112.1454 4505833 210.6617 112.9037  6.34739125204789
1 34230U 06006AV  18106.15916284  .00000185  00000-0  20302-3 0  9990
2 34230  51.4138 119.3291 5051028 235.3600  66.3577  5.32398254193820
1 34231U 06006AW  17161.55389459 +.00001986 +00000-0 +94502-2 0  9995
2 34231 052.2249 251.6724 5061846 192.5310 150.8561 05.12434176167415
1 34232U 06006AX  10188.84941953 +.00027218 +00000-0 +13005-1 0  9997
2 34232 051.6387 013.0302 5062914 165.2742 218.0214 05.42263510042517
1 34233U 06006AY  18087.46868579  .00015499  00000-0  24027-1 0  9998
2 34233  52.2117 137.1761 4869952 158.0275 234.1058  5.58643941194060
1 34234U 06006AZ  18205.57698853 +.00001540 +00000-0 +82707-3 0  9992
2 34234 051.5522 191.2972 4831729 112.7946 304.3433 05.78203275206112
1 34235U 06006BA  18044.61826835  .00000515  00000-0  77905-3 0  9997
2 34235  51.6925 152.2920 5030396 221.8249  86.3350  5.36125851189922
1 34236U 06006BB  17247.12820478  .00000422  00000-0  34620-3 0  9999
2 34236  51.6575 160.2766 5004110 217.4451  94.2305  5.48815189183400
1 34237U 06006BC  14231.07464448 +.00002331 +00000-0 +35286-2 0  9994
2 34237 051.7761 025.4036 4999229 231.5630 072.0905 05.39101773120194
1 34238U 06006BD  18111.61863099  .00000795  00000-0  14402-2 0  9990
2 34238  51.6927 222.5978 5083257 182.7204 173.3308  5.24195058188596
1 34239U 06006BE  18203.55068982 +.00005918 +00000-0 +14728-1 0  9996
2 34239 050.5073 274.4115 2310691 199.3043 150.3703 09.77314575359024
1 34241U 06006BG  18191.33728624 -.00000294 +00000-0 -76810-3 0  9993
2 34241 051.8097 078.9370 4952297 261.2721 319.4077 05.35822368100452
1 34242U 06006BH  18202.18971677  .00004599  00000-0  18116+0 0  9999
2 34242  54.6738 145.3895 4838435 126.9768 356.4824  4.98356771191978
1 34243U 06006BJ  18183.23725882  .00000077  00000-0  11795-3 0  9996
2 34243  51.6381  91.6963 5090150 275.6031  30.9498  5.28477096203310
1 34244U 06006BK  18037.45010581  .00003510  00000-0  62069-2 0  9996
2 34244  51.9146  97.7482 4899581 206.3974 118.8597  5.52497676201752
1 34245U 06006BL  12141.60882022 +.00013363 +00000-0 +13065-1 0  9999
2 34245 051.8877 215.4324 4797855 176.0028 355.5973 05.76387557087708
1 34246U 06006BM  18205.10830255 +.00003933 +00000-0 +35118-2 0  9999
2 34246 051.5326 121.5283 4595485 165.4344 214.4364 06.10607753127652
1 34247U 06006BN  18200.06411887  .00000354  00000-0  88421-3 0  9996
2 34247  52.1297  77.2492 4962980 204.5516 342.1801  5.40779783205882
1 34248U 06006BP  18204.82524008 +.00001293 +00000-0 +56863-3 0  9993
2 34248 051.6235 161.7001 4882839 120.3517 296.7624 05.72334426124461
1 34250U 06006BR  18204.25193877 -.00000161 +00000-0 -15548-3 0  9999
2 34250 051.7054 112.5607 5086924 249.3127 050.5363 05.24839220203082
1 34252U 06006BT  18205.30187903 -.00000076 +00000-0 -23134-4 0  9997
2 34252 051.6438 097.0883 5117902 270.8549 033.5431 05.23005858201806
1 34254U 06006BV  18190.00446605  .00004054  00000-0  32157-2 0  9997
2 34254  51.5873  83.6240 4586842 188.4341 160.0447  6.13632580209926
1 34255U 06006BW  16102.88749763  .00002501  00000-0  39781-2 0  9991
2 34255  52.0959 325.6212 4872235 139.8572 268.9364  5.57912728152516
1 34256U 06006BX  18205.53203104 +.00000046 +00000-0 +97554-4 0  9990
2 34256 051.8831 255.4500 5089777 108.1542 011.3122 05.17450315190004
1 34257U 06006BY  18203.23913216 +.00000058 +00000-0 +91607-4 0  9994
2 34257 052.0986 223.7809 5063928 099.2461 353.8161 05.21414958192905
1 34258U 06006BZ  18205.03319497 -.00000008 +00000-0 +34812-4 0  9997
2 34258 051.8933 184.0883 5058650 162.2311 351.3468 05.22657223193434
1 34260U 06006CB  18182.29036385 +.00000777 +00000-0 +43451-2 0  9993
2 34260 051.9299 164.0182 4887960 169.1055 207.5122 05.35354671203118
1 34261U 06006CC  18203.72331570 +.00014091 +00000-0 +73741-2 0  9999
2 34261 052.1080 037.8121 4521994 128.8314 281.1109 06.29557229210289
1 34262U 06006CD  18201.17032037  .00000079  00000-0  25207-3 0  9999
2 34262  51.8261 201.8387 5031746 160.9837 228.1031  5.21203610189950
1 34263U 06006CE  18204.99683551 +.00001644 +00000-0 +10875-2 0  9999
2 34263 051.5915 201.3592 4797875 098.6815 316.5419 05.81145376207954
1 34270U 93036LQ  18205.49801562 +.00000494 +00000-0 +12623-3 0  9992
2 34270 074.0163 024.3516 0061098 119.0466 241.6835 14.52081123498424
1 34271U 93036LR  18205.42243328 +.00000472 +00000-0 +16032-3 0  9990
2 34271 074.0333 194.6745 0039936 196.9753 315.9269 14.38898746492429
1 34273U 93036LT  18205.42154025 +.00000305 +00000-0 +93757-4 0  9992
2 34273 074.0417 107.8227 0020502 178.8905 304.9317 14.45556562495466
1 34274U 93036LU  18205.18773973 +.00000363 +00000-0 +11022-3 0  9993
2 34274 074.0115 104.2003 0031829 179.4616 334.4047 14.45438356495722
1 34275U 93036LV  18205.57051469 +.00000923 +00000-0 +25486-3 0  9997
2 34275 074.0335 126.6863 0013330 142.4049 274.7507 14.48118595494893
1 34276U 93036LW  18205.40734090 +.00000260 +00000-0 +81800-4 0  9995
2 34276 074.0270 099.2842 0028195 184.4280 294.9980 14.45032078495351
1 34277U 93036LX  18205.02208438 +.00003195 +00000-0 +30783-3 0  9999
2 34277 073.6934 084.9689 0031815 186.1139 173.9659 14.93071773504986
1 34292U 93036MN  18204.79391589 +.00000979 +00000-0 +14006-3 0  9996
2 34292 074.0587 238.7646 0070249 282.8060 076.5271 14.76505492503602
1 34293U 93036MP  18205.51848251 +.00001992 +00000-0 +17747-3 0  9992
2 34293 073.9675 126.3637 0073394 335.2725 076.5454 14.94781819506263
1 34294U 93036MQ  18205.17667162 +.00018443 +00000-0 +56235-3 0  9999
2 34294 073.9038 105.0084 0031953 191.3828 168.6657 15.33395683506618
1 34295U 93036MR  18205.32017706 +.00001079 +00000-0 +19874-3 0  9995
2 34295 074.0190 335.1912 0081122 169.9837 217.2247 14.64787195500245
1 34297U 93036MT  18205.28577609 +.00000055 +00000-0 +28481-4 0  9993
2 34297 074.0474 187.9444 0018453 210.4707 211.6237 14.34713816493806
1 34298U 93036MU  18205.13780258 +.00001191 +00000-0 +27586-3 0  9990
2 34298 074.0531 101.4963 0039238 103.8973 256.6560 14.55758507496600
1 34299U 93036MV  18205.22976649 +.00000626 +00000-0 +12518-3 0  9993
2 34299 074.0257 129.0088 0226931 173.7529 186.6552 14.49094842495162
1 34300U 93036MW  18205.28401061 +.00000796 +00000-0 +20098-3 0  9993
2 34300 074.0213 151.4358 0147216 199.3358 160.2182 14.46458476494539
1 34301U 93036MX  18204.93926889 +.00000668 +00000-0 +21996-3 0  9991
2 34301 074.0233 191.4695 0036950 190.5978 200.0109 14.39700094493127
1 34302U 93036MY  18205.49911671 +.00000168 +00000-0 +73312-4 0  9992
2 34302 074.1874 318.8759 0088233 213.0628 272.1460 14.29031109491053
1 34303U 93036MZ  18205.51941711 +.00000445 +00000-0 +14185-3 0  9994
2 34303 074.0130 231.8878 0187247 293.8281 218.7996 14.33500014491646
1 34304U 93036NA  18205.35151809 +.00000154 +00000-0 +70437-4 0  9998
2 34304 074.0199 329.9707 0157313 022.0924 008.7833 14.22979383488122
1 34307U 93036ND  18205.26381667 +.00000083 +00000-0 +98961-4 0  9991
2 34307 074.0579 300.0659 0407079 354.1813 034.2971 13.49880747464142
1 34308U 93036NE  18205.26630830 +.00001046 +00000-0 +18170-3 0  9994
2 34308 073.9974 310.8338 0051000 039.0641 348.8480 14.68715718500721
1 34313U 93036NK  18205.10177656 +.00000687 +00000-0 +17994-3 0  9998
2 34313 074.0006 080.1258 0056118 153.1710 207.2373 14.50317225496425
1 34314U 93036NL  18205.03147538 -.00000142 +00000-0 -60663-4 0  9997
2 34314 074.0047 054.3866 0111451 055.2179 096.3069 14.12194146485219
1 34315U 93036NM  18205.54208930 +.00003240 +00000-0 +26375-3 0  9999
2 34315 074.1065 173.6703 0047189 141.8112 218.6435 14.99113147507602
1 34316U 93036NN  18205.61628656 +.00000520 +00000-0 +13358-3 0  9994
2 34316 074.0785 078.3644 0019440 171.3279 216.0560 14.52612841498162
1 34317U 93036NP  18205.24860277 +.00000108 +00000-0 +11670-3 0  9998
2 34317 073.9270 140.3650 0342826 280.7897 233.5637 13.61813135468989
1 34319U 93036NR  18205.39759408 +.00001401 +00000-0 +33517-3 0  9990
2 34319 074.0312 105.1726 0028312 113.5322 246.8820 14.54294617496590
1 34321U 93036NT  18205.49832383 +.00000129 +00000-0 +47974-4 0  9997
2 34321 074.0322 132.6200 0018355 202.5886 277.1248 14.41358686495500
1 34323U 93036NV  18205.33570382 +.00000625 +00000-0 +19106-3 0  9996
2 34323 073.9682 156.5353 0109885 101.1031 059.5337 14.40497423493846
1 34325U 93036NX  18205.45423056 +.00000460 +00000-0 +30264-3 0  9991
2 34325 073.8750 204.5056 0220550 009.3564 142.3708 13.93481571478839
1 34327U 93036NZ  18205.57477101 +.00000299 +00000-0 +69174-4 0  9999
2 34327 074.0094 334.4094 0052885 095.7188 036.2111 14.58831805500123
1 34330U 93036PC  18205.10214708 +.00000711 +00000-0 +17632-3 0  9994
2 34330 074.0354 074.2656 0014874 130.4448 022.7194 14.53699003497427
1 34331U 93036PD  18205.50691338 +.00001112 +00000-0 +29672-3 0  9990
2 34331 074.0307 144.5569 0048227 044.0374 316.4611 14.48938037495115
1 34333U 93036PF  18205.50152868 +.00007308 +00000-0 +41020-3 0  9996
2 34333 074.0280 145.2873 0024818 163.3159 315.2004 15.13243856507094
1 34337U 93036PK  18205.53472847 +.00001809 +00000-0 +13850-3 0  9995
2 34337 073.9800 033.3558 0100056 116.5649 244.5835 14.98839475509687
1 34340U 93036PN  18205.41982848 +.00000358 +00000-0 +29214-3 0  9992
2 34340 074.0790 100.2430 0306312 111.7905 005.8319 13.72987574471823
1 34342U 93036PQ  18205.52441955 +.00000453 +00000-0 +81812-4 0  9994
2 34342 074.1778 000.2225 0108877 034.5557 076.6738 14.65732884502117
1 34343U 93036PR  18205.47711897 +.00000397 +00000-0 +12125-3 0  9991
2 34343 074.0292 123.2204 0029529 349.9390 127.7071 14.44881340496080
1 34344U 93036PS  18204.36964942 +.00000536 +00000-0 +31669-3 0  9999
2 34344 073.9846 167.4792 0179314 220.4516 295.9847 14.02496472481521
1 34346U 93036PU  18203.64597510 +.00000681 +00000-0 +45259-3 0  9995
2 34346 074.0011 269.0918 0230499 315.8708 167.2021 13.91147837477976
1 34350U 97051ES  18205.61171810 +.00000218 +00000-0 +63339-4 0  9997
2 34350 086.3285 084.3110 0024040 035.8750 352.9730 14.39517349494365
1 34351U 97051ET  18205.41766136 +.00001370 +00000-0 +26741-3 0  9992
2 34351 086.4232 102.1842 0039787 189.9576 170.0852 14.61712314497878
1 34354U 97051EW  18205.43558181 +.00003933 +00000-0 +51364-3 0  9992
2 34354 086.2091 012.0742 0027746 021.9119 338.3282 14.79983731499005
1 34358U 97051FA  18204.43077812 +.00001446 +00000-0 +36284-3 0  9993
2 34358 086.3239 080.1025 0008133 286.2343 195.0908 14.50719957495519
1 34359U 97051FB  18205.58384409 +.00002495 +00000-0 +38744-3 0  9992
2 34359 086.3574 067.6363 0032269 315.5711 073.8579 14.72358026498980
1 34361U 97051FD  18205.40214217 +.00006346 +00000-0 +66989-3 0  9996
2 34361 086.3524 072.9029 0020932 051.6044 308.7058 14.88955835498516
1 34363U 97051FF  18205.20230875 +.00001712 +00000-0 +41509-3 0  9997
2 34363 086.3519 103.4613 0049423 002.3177 161.9440 14.51681413493457
1 34366U 97051FJ  18205.20819125 +.00000394 +00000-0 +12624-3 0  9992
2 34366 086.3784 116.4738 0029395 052.6307 100.4497 14.36713413493218
1 34367U 97051FK  18205.48871689 +.00002218 +00000-0 +47217-3 0  9999
2 34367 086.4152 116.3987 0024232 253.8963 159.0955 14.58416052495946
1 34368U 97051FL  18205.53655127 +.00004262 +00000-0 +10024-2 0  9999
2 34368 086.3823 127.9185 0081685 056.6283 001.9430 14.52123508492202
1 34375U 97051FT  18205.40322597 +.00000141 +00000-0 +61710-4 0  9997
2 34375 086.4341 184.7369 0109211 018.3192 133.0884 14.13408530485627
1 34376U 97051FU  18205.14459077 +.00000478 +00000-0 +15689-3 0  9999
2 34376 086.3114 096.8965 0040717 081.9319 278.6494 14.35746704492805
1 34378U 97051FW  18205.47509096 +.00002857 +00000-0 +71320-3 0  9991
2 34378 086.3542 115.3884 0057732 056.1647 304.5034 14.50260022491935
1 34383U 93036PY  18205.06302789 +.00000725 +00000-0 +18487-3 0  9998
2 34383 074.0391 067.2203 0018344 144.1688 006.4535 14.52279135496662
1 34386U 93036QB  18205.06373904 +.00000940 +00000-0 +24515-3 0  9996
2 34386 074.0284 109.6050 0015743 123.3999 298.2326 14.50815515495058
1 34387U 93036QC  18205.35229375 +.00000158 +00000-0 +59665-4 0  9997
2 34387 074.0424 155.9539 0042285 201.4548 323.2036 14.38605602493651
1 34388U 93036QD  18205.61551017 +.00000288 +00000-0 +10322-3 0  9998
2 34388 074.0431 175.0184 0017056 175.7530 305.4552 14.38234395492898
1 34389U 93036QE  18205.61848587 +.00000153 +00000-0 +61661-4 0  9994
2 34389 074.0205 178.2231 0032989 221.9362 261.4418 14.35792065492471
1 34390U 93036QF  18205.03469825 +.00000705 +00000-0 +16089-3 0  9992
2 34390 074.0914 063.0002 0075205 054.4498 100.6422 14.55991344497099
1 34395U 93036QL  18205.53840084 +.00001253 +00000-0 +29433-3 0  9998
2 34395 074.0418 097.4340 0011878 069.9434 003.0072 14.55460531494864
1 34396U 93036QM  18205.51419160 +.00000560 +00000-0 +17365-3 0  9995
2 34396 074.0416 150.7161 0018738 153.4291 324.4337 14.43308613492949
1 34397U 93036QN  18205.50532064 +.00001052 +00000-0 +12699-3 0  9996
2 34397 073.8519 090.6302 0076780 358.6146 059.6442 14.83260308504354
1 34398U 93036QP  18205.63979573 +.00001518 +00000-0 +17621-3 0  9998
2 34398 073.9818 273.3745 0121289 344.5541 171.7720 14.81262452501135
1 34400U 93036QR  18205.24993641 +.00000361 +00000-0 +70294-4 0  9992
2 34400 074.0055 286.4371 0068106 027.9253 332.5543 14.65497083501349
1 34401U 93036QS  18205.61697218 +.00000810 +00000-0 +19146-3 0  9992
2 34401 074.0480 066.2616 0068347 096.8766 286.8561 14.54382502498364
1 34409U 93036RA  18205.14317337 +.00000041 +00000-0 +16178-4 0  9998
2 34409 074.0649 005.2028 0085724 059.5210 060.4471 14.53654569499504
1 34410U 93036RB  18205.44390044 +.00000554 +00000-0 +11049-3 0  9999
2 34410 073.7649 205.6314 0066637 177.0842 333.5854 14.63311240500470
1 34411U 93036RC  18205.53917163 +.00001498 +00000-0 +18471-3 0  9991
2 34411 074.0350 229.9471 0083766 022.9438 130.5410 14.81428766503858
1 34412U 93036RD  18205.51120851 +.00000518 +00000-0 +15896-3 0  9990
2 34412 073.9529 248.0777 0241207 219.4452 138.8923 14.28950613489889
1 34413U 93036RE  18205.54062865 +.00000460 +00000-0 +23194-3 0  9990
2 34413 074.0363 046.5931 0111976 045.9932 343.6197 14.15857030488495
1 34420U 93036RM  18205.56800052 +.00000108 +00000-0 +25345-4 0  9998
2 34420 074.0344 252.1089 0115428 340.6007 170.7953 14.63386571502682
1 34422U 93036RP  18205.58144244 +.00002380 +00000-0 +37079-3 0  9996
2 34422 073.9435 166.9429 0237699 284.1888 073.2974 14.56394824492968
1 34424U 93036RR  18205.17740753 +.00000751 +00000-0 +12654-3 0  9992
2 34424 074.0178 281.4597 0049252 012.1112 010.6194 14.70697059501322
1 34425U 93036RS  18205.36081173 +.00000600 +00000-0 +17086-3 0  9995
2 34425 074.0333 091.6561 0033616 161.8160 198.4209 14.47161497496039
1 34426U 93036RT  18205.42225810 +.00002530 +00000-0 +36859-3 0  9994
2 34426 074.0413 324.9511 0016180 047.0453 063.6735 14.76333136500017
1 34427U 93036RU  18205.41760001 +.00001688 +00000-0 +28598-3 0  9994
2 34427 074.0183 006.9792 0044001 047.1719 313.3135 14.69496868498962
1 34428U 93036RV  18205.42820691 +.00000815 +00000-0 +21596-3 0  9990
2 34428 074.0392 110.6278 0040855 137.2266 346.6114 14.49895816494829
1 34429U 93036RW  18204.61861687 +.00000529 +00000-0 +12018-3 0  9992
2 34429 074.0113 007.0310 0046797 098.9836 020.0194 14.57900931498047
1 34430U 93036RX  18205.40141092 +.00000180 +00000-0 +72010-4 0  9995
2 34430 074.0516 208.3502 0067898 229.9124 129.6064 14.34024909492353
1 34431U 93036RY  18205.37597008 +.00000104 +00000-0 +56900-4 0  9990
2 34431 074.0795 340.4464 0074950 280.2389 079.0311 14.22115734487359
1 34432U 93036RZ  18204.29857750 +.00000264 +00000-0 +17775-3 0  9997
2 34432 073.8320 143.6316 0194547 345.4757 168.6731 13.96829769479451
1 34433U 93036SA  18205.38933911 +.00000319 +00000-0 +19890-3 0  9994
2 34433 074.0199 184.5290 0179899 213.1699 299.8693 14.01064025480722
1 34434U 93036SB  18204.87512289 +.00000763 +00000-0 +60402-3 0  9997
2 34434 074.0659 166.9016 0340409 196.9619 192.2216 13.69150717468787
1 34439U 93036SG  18205.44836012 +.00000656 +00000-0 +12210-3 0  9994
2 34439 074.0570 018.8059 0128441 033.6091 349.6169 14.62104625499282
1 34442U 93036SK  18205.62692222 +.00000404 +00000-0 +78858-4 0  9993
2 34442 074.0196 297.5953 0073503 021.6842 045.1832 14.64745299501232
1 34445U 93036SN  18205.35180944 +.00001251 +00000-0 +13454-3 0  9990
2 34445 074.0117 168.5216 0099679 222.2431 290.1932 14.86202923504403
1 34446U 93036SP  18204.57371883 +.00000061 +00000-0 +24173-4 0  9997
2 34446 074.0415 063.5576 0052847 155.8238 204.5418 14.46794580496409
1 34447U 93036SQ  18205.59392542 +.00000890 +00000-0 +12038-3 0  9992
2 34447 074.0245 284.0436 0026888 354.3611 072.8000 14.80456861501071
1 34448U 93036SR  18205.29046771 +.00006582 +00000-0 +51578-3 0  9996
2 34448 074.0384 276.6232 0002914 343.4647 053.8295 15.01179249501733
1 34449U 93036SS  18205.26172993 +.00000650 +00000-0 +18433-3 0  9993
2 34449 074.0521 139.2116 0069513 159.8513 352.5861 14.46103969494341
1 34451U 93036SU  18205.25144041 +.00000687 +00000-0 +19656-3 0  9996
2 34451 074.0618 149.7268 0070602 160.4096 199.9800 14.45534321493883
1 34452U 93036SV  18205.29040251 +.00000230 +00000-0 +32783-4 0  9990
2 34452 074.0433 144.0242 0121256 218.8374 304.1852 14.78687209505913
1 34453U 93036SW  18205.39087295 +.00000541 +00000-0 +15049-3 0  9991
2 34453 074.1669 177.9068 0042579 085.7203 067.2646 14.48168106494607
1 34454U 93036SX  18205.37539796 +.00000094 +00000-0 +41484-4 0  9994
2 34454 074.0583 187.3357 0038018 208.7000 151.2061 14.35486063493248
1 34456U 93036SZ  18205.37845841 +.00001406 +00000-0 +39102-3 0  9998
2 34456 074.0454 183.9859 0063420 186.3180 324.4255 14.46185796493072
1 34457U 93036TA  18205.33234956 +.00000535 +00000-0 +10423-3 0  9991
2 34457 074.0043 331.1806 0105709 042.4319 347.3102 14.62216884499554
1 34458U 93036TB  18205.48164676 +.00000996 +00000-0 +26830-3 0  9999
2 34458 074.0279 122.3834 0018994 129.5350 347.6385 14.49149209495146
1 34459U 93036TC  18205.42368595 +.00000169 +00000-0 +11709-3 0  9991
2 34459 074.0780 218.7664 0199594 216.6808 142.0526 13.97095767480023
1 34464U 93036TH  18204.98180733 +.00000377 +00000-0 +77191-4 0  9992
2 34464 074.0246 308.0929 0055289 059.3861 062.4744 14.63463579500840
1 34465U 93036TJ  18205.47391977 +.00000660 +00000-0 +16325-3 0  9998
2 34465 074.0740 124.4321 0097367 122.7593 238.2998 14.51222346495081
1 34468U 93036TM  18205.47413030 +.00000115 +00000-0 +41320-4 0  9995
2 34468 074.0153 101.8113 0081765 177.8065 182.3467 14.42643004495167
1 34469U 93036TN  18204.91466048 +.00001409 +00000-0 +28078-3 0  9992
2 34469 074.0187 030.1374 0015916 091.4340 268.8651 14.62927363497993
1 34472U 93036TR  18205.36584280 +.00000585 +00000-0 +50521-3 0  9997
2 34472 074.0820 183.0286 0349129 209.8051 148.2773 13.64005258468851
1 34473U 93036TS  18205.29484223 +.00000840 +00000-0 +24234-3 0  9992
2 34473 074.0317 148.7175 0025417 140.1816 015.6681 14.46009885494894
1 34474U 93036TT  18204.31528959 +.00000644 +00000-0 +40945-3 0  9999
2 34474 074.0814 285.4711 0232635 287.7402 138.2605 13.93366935478133
1 34476U 93036TV  18205.39554454 +.00001007 +00000-0 +82277-3 0  9997
2 34476 074.0135 204.6466 0374754 277.3033 078.5639 13.62839664467349
1 34477U 93036TW  18205.45086256 +.00000240 +00000-0 +74264-4 0  9991
2 34477 073.9825 093.0866 0092438 189.6000 224.7758 14.44340651495851
1 34478U 93036TX  18205.54871472 +.00000644 +00000-0 +16547-3 0  9991
2 34478 074.0631 110.8550 0098511 302.9474 121.0820 14.49503526495924
1 34481U 93036UA  18204.58037306 +.00000063 +00000-0 +36796-4 0  9992
2 34481 073.9811 275.1948 0077783 336.3798 090.7145 14.25290484489419
1 34482U 93036UB  18205.43416392 +.00000636 +00000-0 +21102-3 0  9994
2 34482 074.0490 207.1803 0078209 222.9221 288.5638 14.38126647492607
1 34486U 97051GB  18205.15972530 +.00000524 +00000-0 +12727-3 0  9998
2 34486 086.4120 103.3054 0017179 303.0332 210.8085 14.50968910496931
1 34487U 97051GC  18205.44074166 +.00000112 +00000-0 +29134-4 0  9993
2 34487 086.3454 088.5436 0033409 023.3734 099.5431 14.39812158493989
1 34488U 97051GD  18205.09174956 +.00000758 +00000-0 +17280-3 0  9997
2 34488 086.3449 070.3437 0023160 265.3570 094.4991 14.54377211497097
1 34489U 97051GE  18205.30163495 +.00001737 +00000-0 +55497-3 0  9998
2 34489 086.4150 154.7971 0077677 168.1920 192.1123 14.37413891489415
1 34490U 97051GF  18204.82872811 +.00003163 +00000-0 +41452-3 0  9996
2 34490 086.3263 061.7460 0047823 075.9824 047.5453 14.79204317497818
1 34492U 97051GH  18204.02270061 +.00001014 +00000-0 +58802-3 0  9999
2 34492 086.5007 288.1940 0309875 250.1508 231.8801 13.86719590473944
1 34493U 97051GJ  18205.54418902 +.00002419 +00000-0 +45249-3 0  9997
2 34493 086.2662 048.0186 0059887 115.9362 244.8038 14.63294580495285
1 34496U 97051GM  18205.13824908 +.00003079 +00000-0 +94677-3 0  9994
2 34496 086.3929 156.6222 0077965 266.5267 092.7012 14.39549696316532
1 34497U 97051GN  18205.49659843 +.00000259 +00000-0 +10946-3 0  9992
2 34497 086.2825 113.4340 0089466 317.7233 167.0734 14.19826415485416
1 34503U 97051GU  18205.55913146 +.00000545 +00000-0 +11463-3 0  9999
2 34503 086.3170 051.5997 0004943 034.6634 325.4896 14.57728028498219
1 34508U 97051GZ  18205.29207323 +.00000453 +00000-0 +18358-3 0  9996
2 34508 086.3811 145.3492 0075222 242.6563 116.6957 14.24083772488039
1 34511U 97051HC  18205.21477539 +.00001059 +00000-0 +28205-3 0  9995
2 34511 086.3894 113.0773 0026547 315.2262 196.9500 14.47438647493735
1 34517U 97051HJ  18205.39661419 +.00003090 +00000-0 +44895-3 0  9992
2 34517 086.3631 072.0873 0006667 342.1918 075.7812 14.75654009498090
1 34518U 97051HK  18205.45203667 +.00002310 +00000-0 +34525-3 0  9990
2 34518 086.3919 089.1055 0015085 199.8034 160.2600 14.74255669497598
1 34520U 97051HM  18205.39028696 +.00005232 +00000-0 +70219-3 0  9999
2 34520 086.3630 079.0096 0016729 095.4952 264.8178 14.79072999497454
1 34521U 97051HN  18204.51743068 +.00000475 +00000-0 +13654-3 0  9994
2 34521 086.3880 107.2217 0003996 273.4068 086.6676 14.42776604494408
1 34522U 97051HP  18205.47175840 +.00002696 +00000-0 +58399-3 0  9990
2 34522 086.3658 112.1581 0046097 006.4785 046.2044 14.57202658492981
1 34524U 97051HR  18205.14838399 +.00001243 +00000-0 +31646-3 0  9994
2 34524 086.3441 093.0633 0034575 323.8006 036.0858 14.49548259494161
1 34525U 97051HS  18204.95086788 +.00000158 +00000-0 +46773-4 0  9992
2 34525 086.3767 109.4641 0003759 337.8421 145.0879 14.36910753492902
1 34526U 97051HT  18205.37892387 +.00002889 +00000-0 +47591-3 0  9991
2 34526 086.3423 077.0386 0016978 150.5105 209.7072 14.70108708496560
1 34529U 97051HW  18204.91054305 +.00000098 +00000-0 +25954-4 0  9993
2 34529 086.3662 101.1805 0009750 067.6676 292.5554 14.37760996493427
1 34532U 97051HZ  18205.14701032 +.00003269 +00000-0 +64173-3 0  9997
2 34532 086.3399 098.9804 0044853 307.8587 051.8569 14.61790239493166
1 34535U 97051JC  18205.53383105 +.00002861 +00000-0 +40668-3 0  9990
2 34535 086.3355 051.4120 0019309 076.0142 313.0444 14.76443047499738
1 33816U 93036BH  18204.77594219 +.00000058 +00000-0 +59722-4 0  9993
2 33816 073.8986 340.1634 0275607 140.5974 221.5557 13.78148391474638
1 33817U 93036BJ  18204.92790583 +.00000439 +00000-0 +79750-4 0  9999
2 33817 074.0709 294.2918 0058510 002.0986 358.0418 14.68375440503234
