1 35404U 02024J   18212.80651715 -.00000031  00000-0  63450-5 0  9999
2 35404  98.9126 190.7346 0053110 150.6244 327.7865 14.19425491833692
1 35405U 02024K   18212.15766526 +.00000079 +00000-0 +60469-4 0  9992
2 35405 098.9607 192.4908 0127267 016.3674 344.1551 14.13824793829883
1 35413U 06029F   18212.50036632  .00000479  00000-0  24760-4 0  9995
2 35413  64.5066 238.4845 0034339 270.9741  88.7453 15.29321007843023
1 35414U 01055F   18212.68784971 -.00001721  00000-0 -50434-2 0  9993
2 35414  66.0170 303.0078 0060137 287.2167 226.0528 13.05449197776019
1 35417U 04012L   18212.92438868 +.00000742 +00000-0 +98366-4 0  9998
2 35417 097.7835 095.4839 0103483 202.7706 222.0261 14.79210627684644
1 35418U 06002Z   18212.76465571 +.00000185 +00000-0 +41662-4 0  9991
2 35418 097.8483 198.8264 0001589 090.3077 034.3757 14.66477055610932
1 35420U 01056M   18212.94332918 +.00000048 +00000-0 +94494-4 0  9995
2 35420 099.1191 020.1833 0023752 272.5080 240.5449 13.74837243831121
1 35428U 04045D   18208.68576253 +.00123930 +42111-6 +13890-3 0  9993
2 35428 039.0451 299.1249 3074922 184.2889 336.5338 09.48273245273062
1 35536U 01049QL  18212.55232045  .00000145  00000-0  10338-3 0  9994
2 35536  98.6903 127.6613 0428386 152.0154 210.4764 13.72417017753039
1 35537U 01049QM  11092.15069827 +.00000197 +00000-0 +75856-4 0  9990
2 35537 098.2031 067.3711 0090567 049.9616 311.3399 14.37725730338478
1 35538U 06006CF  18208.33647520 -.00001048 +00000-0 -48055-2 0  9994
2 35538 051.7245 342.7400 5110677 066.1259 344.7032 05.04930629097508
1 35540U 06006CH  18212.37418983 +.00000123 +00000-0 +26573-3 0  9998
2 35540 052.1161 202.2892 5055918 111.7662 009.5801 05.23396395123786
1 35541U 06006CJ  18204.04556698 -.00000165  00000-0 -23510-3 0  9996
2 35541  51.5328 149.4939 5139651 245.3922  53.7311  5.19218956192053
1 35542U 06006CK  18212.18342581 -.00000847 +00000-0 -66455-2 0  9996
2 35542 051.5673 301.8253 4987579 129.0779 347.7774 05.13074313191427
1 35543U 06006CL  18194.13303185  .00000476  00000-0  35332-2 0  9994
2 35543  52.7713  81.1405 5107529 222.4254 340.0250  4.99932795182110
1 35544U 06006CM  18175.06565511  .00012550  00000-0  15610-2 0  9992
2 35544  51.4401  71.1865 2974197 231.1105  98.4989  9.27588641255827
1 35545U 06006CN  18213.31576486  .00019459  00000-0  20086-2 0  9995
2 35545  51.5654 276.7013 1985253  25.1170 343.4214 11.26119007292388
1 35546U 06006CP  18213.46216213 -.00014855  00000-0 -20037-1 0  9993
2 35546  51.2673   5.5181 2695514  39.0972 337.6580  9.28284979224874
1 35547U 07003F   18213.30934702  .00000226  00000-0  21203-3 0  9998
2 35547  24.5048  69.5263 4778899 260.8663  44.1142  5.79434566132408
1 35548U 07003G   18206.50436875 -.00000000 +00000-0 +99234-3 0  9991
2 35548 026.2788 321.8780 7533346 271.3256 014.9333 01.82335820064865
1 35555U 07003P   18213.13900567  .01118565  00000-0  23119-1 0  9993
2 35555  26.1002 125.3013 4238293  12.6135 355.3683  7.08659357107236
1 35563U 07003X   18212.45084486 -.00000138  00000-0 -18722-2 0  9991
2 35563  22.3406 264.3970 7450014  98.7554   1.7320  1.88888043 68242
1 35567U 07042G   18212.18395227  .00000122  00000-0  85884-4 0  9992
2 35567  98.5306 197.2677 0016450 134.4008 225.8515 14.13907187543128
1 35568U 07047D   16320.92215511  .00000074  00000-0  00000+0 0  9993
2 35568  39.8879 190.7603 5057887 173.2435 198.1957  5.65401201152084
1 35571U 08053G   18212.23871526 +.00000533 +00000-0 +10573-3 0  9995
2 35571 097.6903 007.6952 0172708 243.4074 114.9339 14.57181172510952
1 35573U 08053J   18212.74612249 +.00000495 +00000-0 +93540-4 0  9991
2 35573 097.6807 035.6743 0168843 221.6023 137.2231 14.59892423510323
1 35574U 08056F   18212.84057401 +.00000173 +00000-0 +58405-4 0  9993
2 35574 098.4225 221.7519 0132144 040.8689 320.2319 14.44039181506627
1 35575U 08061B   18212.97511284  .00000236  00000-0  89835-4 0  9999
2 35575  97.7803 280.0444 0239247 152.3758 209.0377 14.23587721498651
1 35953U 09057C   18212.54316206  .00000243  00000-0  13953-3 0  9990
2 35953  98.6135 240.4551 0005179 149.8820   4.2072 14.17988408453775
1 35954U 09057D   18212.93742166 +.00000288 +00000-0 +16226-3 0  9997
2 35954 098.6270 243.4480 0005421 145.6696 334.5109 14.17743543453730
1 36090U 09061C   18212.97196851 +.00000379 +00000-0 +85828-4 0  9998
2 36090 098.1177 272.1892 0082110 140.8558 343.3573 14.59667311462246
1 36091U 09061D   18212.84886737  .00000454  00000-0  95826-4 0  9997
2 36091  98.0990 170.9375 0074413  42.5735 347.0699 14.62368150462784
1 36092U 09061E   18213.37533780  .00000236  00000-0  99508-4 0  9993
2 36092  98.4796 187.8083 0149116 196.7310 330.4592 14.28453457453471
1 36093U 09061F   18213.44650879  .00000245  00000-0  97754-4 0  9992
2 36093  98.0739  75.0641 0150256  98.2819 263.5434 14.30016981453808
1 36100U 09057F   18213.08311287  .00000719  00000-0  36075-3 0  9997
2 36100  98.6947 258.6416 0011916 147.0478 213.1443 14.19603912450964
1 36289U 08053K   18213.19370174 -.00000334  00000-0 -25304-4 0  9991
2 36289  97.7025 193.1746 0012744 270.6313  89.3448 14.94897156517879
1 36290U 08053L   18212.75548789  .00000101  00000-0  13422-4 0  9991
2 36290  97.6292 196.5244 0019928 234.0986 125.8388 14.98288271511438
1 36291U 08056G   18213.29029386 -.00000049  00000-0 -42749-5 0  9990
2 36291  98.4070  26.8875 0175175 288.8419  69.3823 14.02873312496048
1 36292U 08056H   18213.38983134  .00000246  00000-0  17230-3 0  9993
2 36292  98.5760  72.5715 0164651   7.6724 352.6904 14.00361385496778
1 36293U 01049QN  11360.11946871 +.00006660 +00000-0 +10944-2 0  9993
2 36293 097.8436 224.6670 0115746 126.8097 224.4155 14.66525754253419
1 36571U 06002AA  18212.87111515 +.00000169 +00000-0 +39057-4 0  9997
2 36571 097.8119 234.6452 0001660 089.0260 271.1134 14.65977814440721
1 36881U 05011C   18212.75433354 +.00000987 +00000-0 +32585-3 0  9991
2 36881 099.0236 324.2995 0001939 149.2059 210.9242 14.40443605457763
1 36958U 06006CQ  17158.45654172  .00000804  00000-0  48688-3 0  9998
2 36958  51.7761 208.0351 4823537 167.4002 211.2693  5.78167325894707
1 36959U 06006CR  18211.88155299 +.00020483 +00000-0 +36527-2 0  9996
2 36959 051.8401 350.6740 4054244 120.3701 346.1048 07.23111383118921
1 36963U 06006CV  18212.16976491  .00000395  00000-0  18625-3 0  9998
2 36963  51.5491 264.4743 4986761  62.5120 339.2199  5.55083574197983
1 36964U 06006CW  18182.02668931 +.00000365 +00000-0 +43183-3 0  9991
2 36964 052.1036 052.2187 4999580 237.5006 064.3827 05.44317249197139
1 36971U 07003AH  18211.08513007 -.00000142  00000-0 -10997-2 0  9990
2 36971  26.3089 357.1156 7604210 217.3812  51.9219  1.75719345 61868
1 37379U 01055G   18212.72352653 -.00002442  00000-0 -49160-2 0  9993
2 37379  66.1045 308.5941 0121058 150.2639   3.2999 13.29480358786147
1 37567U 10038C   18213.52092972  .00000451  00000-0  85945-4 0  9996
2 37567  97.9597 114.8962 0148985  92.7543  32.2509 14.61798811419700
1 37568U 10038D   18212.81092428 +.00000329 +00000-0 +81989-4 0  9992
2 37568 097.8275 056.0393 0183317 256.3205 101.7521 14.48423182417142
1 37569U 10038E   18212.83920899 +.00000361 +00000-0 +76650-4 0  9992
2 37569 097.7922 070.8555 0162750 139.2567 222.0939 14.56614558417691
1 37570U 10038F   18213.29006898  .00000373  00000-0  89627-4 0  9990
2 37570  97.7772  42.5995 0180673 227.8758 130.6962 14.49420943419473
1 37571U 08026C   18212.55404102 +.00000048 +00000-0 +72952-4 0  9995
2 37571 098.8078 062.8473 0249388 036.5741 352.5822 13.74591498306956
1 37572U 08026D   18213.46526775  .00000051  00000-0  75698-4 0  9992
2 37572  98.7140  33.7170 0244718 352.7267  35.2303 13.75383063500127
1 37573U 08026E   18212.43331288 +.00000089 +00000-0 +10445-3 0  9991
2 37573 098.7067 054.5999 0224622 288.3953 189.6569 13.79575668494908
1 37574U 08026F   18212.76907458 +.00000038 +00000-0 +65230-4 0  9993
2 37574 098.7631 041.9531 0254707 042.7861 319.2810 13.73135098294579
1 37586U 04025L   18212.53606892 +.00000354 +00000-0 +18542-3 0  9998
2 37586 098.2210 123.7651 0324333 255.1985 101.3043 13.96150456404102
1 37732U 11030C   18212.90934236 +.00000236 +00000-0 +99889-4 0  9995
2 37732 097.9936 091.9559 0166690 094.3590 329.8158 14.25826945367337
1 37733U 11030D   18211.95048021 +.00000225 +00000-0 +93459-4 0  9993
2 37733 098.2703 211.8266 0155017 137.6364 254.0223 14.28534760367597
1 37734U 11030E   18212.91748056 +.00000418 +00000-0 +97195-4 0  9991
2 37734 097.9291 184.6153 0089803 121.9869 264.3121 14.57302194374509
1 37735U 11030F   18212.79147675 +.00000545 +00000-0 +11820-3 0  9999
2 37735 098.4251 337.0616 0086369 201.7109 326.1023 14.60114132375009
1 37767U 11039C   18212.72005601  .00000227  00000-0  91773-4 0  9991
2 37767  97.9372 128.5222 0154755 108.1691 283.5499 14.29266503364881
1 37768U 11039D   18212.60590447  .00000287  00000-0  11416-3 0  9997
2 37768  98.2369 255.6705 0151468 189.2962 323.2629 14.29477177364977
1 37769U 11039E   18212.98534894  .00000468  00000-0  98005-4 0  9994
2 37769  98.5230  47.8019 0081013 259.9812 267.5032 14.62867170372615
1 37770U 11039F   18212.96066318 +.00000442 +00000-0 +10181-3 0  9995
2 37770 097.7612 208.7580 0094952 180.1772 208.7719 14.57058521371208
1 38174U 10047D   18211.98385821 +.00000256 +00000-0 +92506-4 0  9991
2 38174 097.8774 038.2402 0207481 258.3073 258.4920 14.29946854403948
1 38175U 10047E   18212.86830748  .00000139  00000-0  55657-4 0  9999
2 38175  98.0404  85.9014 0202223 268.8650  88.9362 14.31636863852758
1 38176U 11068D   18212.53351165 +.00000263 +00000-0 +93270-4 0  9990
2 38176 098.4325 245.4557 0122896 203.2684 156.2911 14.38328383347140
1 38177U 11068E   18213.21568552  .00000196  00000-0  74021-4 0  9995
2 38177  98.4928 207.4513 0138270 189.6807 231.7065 14.36677128346642
1 38178U 11068F   18212.88454911 +.00000106 +00000-0 +53092-4 0  9997
2 38178 098.5637 185.6678 0132878 254.9638 133.8620 14.30593770345952
1 38179U 11068G   18212.77790687  .00000100  00000-0  64279-4 0  9992
2 38179  98.7546 201.3922 0138147  65.9532  57.0980 14.17428542344864
1 38180U 11068H   18211.40108235 +.00000067 +00000-0 +47647-4 0  9997
2 38180 098.7379 189.6678 0150676 051.3810 105.6008 14.18357746342604
1 38184U 10051E   18213.47077513  .00000328  00000-0  64526-4 0  9990
2 38184  97.8496 108.2053 0156117 251.6618 106.7549 14.61730051413578
1 38187U 11069D   18212.54903379 -.00000101  00000-0  00000+0 0  9990
2 38187   2.1812 352.2061 3809445 182.1278 176.3477  1.71974805 39542
1 38262U 07019B   18212.84099126  .00000115  00000-0  44844-4 0  9996
2 38262  97.8243 336.1903 0185227 108.4672  41.9078 14.35185034558601
1 38263U 07019C   18213.55071644  .00000128  00000-0  56260-4 0  9990
2 38263  97.9322 325.8000 0226895 336.4578  22.6344 14.24889325579325
1 38264U 08061C   18212.06750324 +.00000252 +00000-0 +10320-3 0  9997
2 38264 097.9455 307.4580 0262759 291.2431 191.3185 14.17904267495630
1 38265U 09069B   18212.92740975 +.00000238 +00000-0 +94780-4 0  9990
2 38265 097.7677 027.2262 0239472 211.8156 146.8369 14.21789093442406
1 38266U 09069C   18213.42699474  .00000193  00000-0  84206-4 0  9996
2 38266  97.9066  57.4166 0260514 319.7633  38.4514 14.17034218441424
1 38269U 12020B   18213.52831942  .00005054  00000-0  19345-3 0  9991
2 38269  97.2465 236.5876 0082594   6.8307 353.4035 15.23822023340987
1 38270U 12020C   18212.86421047 +.00002084 +00000-0 +12062-3 0  9999
2 38270 097.2505 175.4228 0119542 100.6384 260.8333 15.07369355338017
1 38293U 10059C   18212.88071003 -.00000035 +00000-0 +46982-5 0  9994
2 38293 098.9407 239.2741 0012141 033.2694 326.9247 14.28631380395240
1 38294U 10059D   18212.42734147 +.00000197 +00000-0 +20588-3 0  9990
2 38294 098.7177 288.2034 0265081 249.8024 107.4439 13.71409849374384
1 38295U 10059E   18212.43342686 +.00000170 +00000-0 +18822-3 0  9994
2 38295 098.7216 282.2656 0271938 272.2654 148.3959 13.69138249274469
1 38296U 10059F   18212.26470846  .00000119  00000-0  13353-3 0  9993
2 38296  98.7923 319.4290 0245821 208.2937 150.4679 13.75071477384783
1 38297U 10059G   18212.52629309 +.00000152 +00000-0 +16003-3 0  9995
2 38297 098.7627 312.9741 0243533 192.3515 167.1599 13.75609884382331
1 38298U 10027C   18212.84174699 +.00000488 +00000-0 +82737-4 0  9993
2 38298 097.6538 065.2152 0187268 243.8420 114.3417 14.62779642424915
1 38299U 10027D   18212.70819662  .00000400  00000-0  69580-4 0  9990
2 38299  97.9569 123.4641 0187697 296.0526  62.1459 14.63013295428451
1 38300U 10027E   18212.37493262 +.00000629 +00000-0 +96454-4 0  9993
2 38300 097.5836 056.4106 0175578 184.1992 302.3496 14.67084964325784
1 38301U 10027F   18212.23455087 +.00000433 +00000-0 +68731-4 0  9992
2 38301 097.9018 123.2142 0173640 227.0934 288.1957 14.67867305422188
1 38302U 10027G   18212.25898169 +.00000602 +00000-0 +10157-3 0  9993
2 38302 097.5689 021.0568 0193998 242.2553 115.8858 14.61385908422397
1 38303U 10009G   18212.26173820 +.00000078 +00000-0 +17165-3 0  9998
2 38303 063.3971 089.5152 0320475 007.6679 352.9086 13.57159398185855
1 38304U 10009H   18212.91553671 -.00000035 +00000-0 +14195-3 0  9991
2 38304 063.3216 036.1648 0103583 321.7289 108.5098 13.03661913234149
1 38305U 10009J   18213.17692309  .00000018  00000-0  31667-3 0  9996
2 38305  63.4989 130.0672 0092748  57.5528  12.6047 12.99840721398677
1 38307U 11066E   18213.41651948  .00032370  00000-0  45496-3 0  9994
2 38307  97.4256 201.5777 0047332  69.6315 291.0014 15.55280509366523
1 38309U 11079C   18212.02023441  .00000256  00000-0  75090-4 0  9999
2 38309  98.2775 287.3285 0120694 152.4353 331.8347 14.47779879712285
1 38310U 11079D   18212.92358955 +.00000265 +00000-0 +82306-4 0  9999
2 38310 098.7963 011.3700 0128778 240.1576 274.8296 14.45298884345596
1 38311U 11079E   18213.02229262  .00000284  00000-0  97234-4 0  9997
2 38311  98.2952 272.5211 0122474 234.8948 245.0328 14.39440132719823
1 38312U 11079F   18213.36029316  .00000225  00000-0  86617-4 0  9991
2 38312  98.2636 253.5532 0122540 270.6920 145.6228 14.35234760714081
1 38313U 11043C   18212.58124156 -.00000006 +00000-0 +51183-4 0  9992
2 38313 099.5959 136.9059 0220068 278.2242 205.6770 13.50674206261802
1 38314U 11043D   18213.51288703  .00000002  00000-0  62802-4 0  9991
2 38314  99.4796  96.9085 0268521  22.8431  93.9146 13.41130119339265
1 38315U 11043E   18211.08051232 -.00000059 +00000-0 -18317-4 0  9993
2 38315 099.6746 149.8238 0218482 289.7680 068.0014 13.51039736239699
1 38316U 11043F   18212.62166934 -.00000012 +00000-0 +43692-4 0  9993
2 38316 099.6010 132.7632 0230277 309.1999 169.9142 13.48744423249730
1 38318U 12001E   18212.40939628  .00004903  00000-0  21107-3 0  9992
2 38318  97.5209 198.3891 0104051  69.3707 291.8648 15.18226273353162
1 38323U 08056J   18212.81278594  .00000073  00000-0  72622-4 0  9999
2 38323  98.5194 334.5424 0203636  90.3953  60.5683 13.92425826492095
1 38324U 08056K   18212.53036440 +.00001519 +00000-0 +26660-3 0  9997
2 38324 098.5129 310.2660 0107509 010.7899 349.5574 14.65622801277536
1 38325U 09072D   18213.50008372 -.00000051  00000-0 -39407-5 0  9995
2 38325 100.4497  85.2370 0157327  17.4817  99.6611 13.46111486361115
1 38326U 10051H   18212.33120706  .00000300  00000-0  68505-4 0  9996
2 38326  97.6906  49.2234 0185399 342.5854  16.9039 14.52415236403717
1 38327U 11068J   18213.51562799 -.00000005  00000-0  24803-4 0  9995
2 38327  98.6422  92.9634 0205429 315.5228 162.5297 13.91105874338866
1 38557U 06006CX  18210.00414050 +.00000205 +00000-0 +25704-3 0  9994
2 38557 051.7533 251.9599 4912386 036.6369 348.6658 05.54859172174626
1 38558U 06006CY  18083.43983241  .00064751  00000-0  53955-2 0  9997
2 38558  51.1225 144.5557 2544568 154.0408 221.4063 10.17593570238980
1 38559U 06006CZ  18210.37807227 +.00000035 +00000-0 +10966-3 0  9993
2 38559 052.0398 203.7380 5065002 123.8639 005.1200 05.21548757086840
1 38562U 06006DC  18017.66606241 +.00001262 +00000-0 +15679-2 0  9995
2 38562 051.8411 138.2763 4929373 214.3768 100.8163 05.53200294151987
1 38563U 06006DD  18084.45978830 +.00001312 +00000-0 +16357-2 0  9993
2 38563 051.7213 167.0190 5052192 215.4940 097.1349 05.33866842188420
1 38564U 06006DE  17027.17904237 -.00000038  00000-0  00000+0 0  9999
2 38564  51.6905  83.3323 5045808  13.0806 356.3999  5.31536711107581
1 38570U 08011R   14069.56236261 -.00000111  00000-0 -17831-2 0  9991
2 38570  48.6746 128.8135 6539415 301.5956  10.7349  3.01431193 27154
1 38574U 08011V   18213.42723965 -.00000056  00000-0  00000+0 0  9991
2 38574  49.1974  23.1832 6307198 355.1133   0.7854  3.01760759 76226
1 38576U 08011X   18211.08085027 -.00000055 +00000-0 +11077-3 0  9992
2 38576 049.1556 170.2462 6440410 166.0414 227.8299 03.21827316056692
1 38578U 08011Z   18210.02081315 -.00002134 +00000-0 -10393+0 0  9990
2 38578 047.5859 270.5393 6392525 145.7953 280.2220 03.00832189078731
1 38580U 08011AB  18212.20729191 -.00002155  00000-0 -59656-1 0  9996
2 38580  48.5005   5.2315 6517306  30.3405 354.9194  2.93305023 78251
1 38581U 08011AC  18213.40060699 -.00000115  00000-0 -51448-4 0  9999
2 38581  49.4551 351.9456 6010699 314.6345   9.7971  3.83595107 95878
1 38583U 08011AE  18212.30397651  .00000128  00000-0  50866-3 0  9994
2 38583  49.1711 196.6965 6522375 139.3914 294.4288  3.12685258 83451
1 38584U 08011AF  18212.61645904 -.00000400  00000-0 -41275-2 0  9994
2 38584  48.6891 247.6806 6502697 121.3724 312.0758  3.06350825 79109
1 38587U 08011AJ  13196.53044440  .00000266  00000-0  19257-2 0  9995
2 38587  48.7936 201.0213 6480353 237.7816 336.8672  3.08120861 25531
1 38595U 08011AS  15302.05614124  .00000000  00000-0  00000+0 0  9993
2 38595  49.7924 253.5313 6493810 120.9284 318.2576  3.08428684 52930
1 38598U 08011AV  16267.21248920 -.00000543  00000-0 -28023-2 0  9994
2 38598  48.9446 129.3579 6524337 255.5219 339.2934  3.08920699 62899
1 38603U 08011BA  16248.91477581 -.00000005  00000-0  00000+0 0  9998
2 38603  49.6932 117.5168 6464272 234.9531  46.6404  3.15038411 63078
1 38604U 08011BB  18212.45719441 +.00000352 +00000-0 +18560-2 0  9992
2 38604 049.0377 235.3816 6520879 109.6398 328.0990 03.09022329062575
1 38605U 08011BC  16082.79245447 -.00006854  00000-0 -22518+0 0  9993
2 38605  49.1320 223.5179 6384388 171.1367 356.3974  3.07032609 56860
1 38607U 08011BE  18212.54503185  .00000404  00000-0  10811-1 0  9999
2 38607  49.7599 312.1505 6433254  20.6087  12.5392  3.05911122 83867
1 38613U 08011BL  18211.26412788 -.00000172  00000-0  52722-4 0  9995
2 38613  48.8086 136.4491 6440249 217.3735 340.7418  3.30378066 77458
1 38614U 08011BM  16259.11426498 -.00000070  00000-0  00000+0 0  9997
2 38614  49.2620 234.0715 6222327 157.8053 249.7101  3.02923393 58193
1 38615U 08011BN  18210.92642823 +.00000079 +00000-0 +55166-3 0  9993
2 38615 049.0861 201.8400 6517075 139.6822 293.8416 03.11680060067731
1 38617U 08011BQ  18212.05832905 -.00000029 +00000-0 +72211-4 0  9990
2 38617 049.1898 165.5752 6390668 163.1997 236.0791 03.23528335081811
1 38623U 08011BW  15051.94803497 +.00000258 +00000-0 +20355-1 0  9999
2 38623 049.1140 027.4995 6323170 032.9139 353.9319 03.05494782037924
1 38628U 08011CB  16071.39190343 +.00001856 +00000-0 +52750-2 0  9995
2 38628 048.7897 173.5329 6533135 223.5434 141.3492 03.13123694049066
1 38630U 08011CD  15271.17731201 -.00001412  00000-0 -75793-2 0  9991
2 38630  49.2813 256.5100 6504270 137.2706 348.5675  3.11052931 42366
1 38632U 08011CF  18209.35626106 -.00000160 +00000-0 -26508-3 0  9994
2 38632 049.1058 189.0198 6490356 152.0678 359.9473 03.15461200055753
1 38634U 08011CH  15326.41706536 -.00000886 +00000-0 -34459-1 0  9993
2 38634 048.9656 302.0202 6434937 106.8842 010.5485 02.96690025050005
1 38635U 08011CJ  16060.28620741 +.00003757 +00000-0 +14457+0 0  9990
2 38635 048.7782 222.0968 6366002 182.1778 073.2633 03.07351425054822
1 38637U 08011CL  16276.86353254 -.00000006  00000-0  11785-2 0  9996
2 38637  48.9743 164.2496 6394995 221.7358  66.0179  3.06794811 61419
1 38638U 08011CM  15340.81164422  .00001692  00000-0  54234-2 0  9997
2 38638  48.6651 196.9694 6498491 206.7713  95.0822  3.16835269 52625
1 38642U 08011CR  18212.11949095 +.00000023 +00000-0 +15528-3 0  9994
2 38642 048.6944 256.3206 6461113 111.7616 358.3352 03.08229382061574
1 38644U 08011CT  15054.89036693  .00006627  00000-0  91808-2 0  9993
2 38644  49.3360 281.6706 6429062 113.1157 357.7154  3.31983178 45914
1 38657U 09072E   18213.13277962  .00000066  00000-0  25589-3 0  9993
2 38657 100.3392 303.5265 0133441 227.9863 250.1383 13.22298968412476
1 38658U 09072F   18212.07788374 -.00000315  00000-0 -80473-3 0  9992
2 38658 100.3773 167.1427 0137101  16.0486  42.8690 13.04901541402608
1 38659U 09072G   18212.78136899 -.00000452 +00000-0 -12097-2 0  9998
2 38659 100.3316 197.4239 0136220 040.3169 080.4146 13.05131572407405
1 38660U 09072H   18213.03664861 -.00000020  00000-0  78824-4 0  9996
2 38660 100.5841 152.4696 0155119 193.2631 229.0492 12.92316748398544
1 38661U 12029C   18213.08230694 -.00000009  00000-0  81484-4 0  9994
2 38661 100.2571 311.3906 0125417 114.3019 247.1253 13.19174899294139
1 38662U 12029D   18213.52418959 -.00000037  00000-0  14476-4 0  9994
2 38662 100.3305 321.1878 0131980 122.0907 239.3099 13.19022524294157
1 38663U 12029E   18212.38826551 +.00000291 +00000-0 +93696-3 0  9990
2 38663 100.1595 271.2305 0138697 193.7220 166.0101 13.08246077233558
1 38664U 12029F   18212.39746696  .00000094  00000-0  36042-3 0  9996
2 38664 100.0862 270.4465 0138231 153.9424 206.8730 13.12001801294907
1 38674U 06042D   17079.11633425  .00014492  00000-0  23176-3 0  9991
2 38674  39.8992 298.2758 4630707 328.7048  10.5631  6.40021775143916
1 38677U 08012D   18212.85551660  .00014498  00000-0  28421-3 0  9998
2 38677  40.0618  24.5251 4994622 171.9945 352.1522  5.76008630179195
1 38678U 09014D   18212.23966494  .00154806  32946-6  28113-3 0  9995
2 38678  40.0904 176.8097 3037569 208.3208 131.2637  9.54272791179551
1 38842U 05017F   18212.06715542  .00000273  00000-0  39279-4 0  9998
2 38842  97.9716 158.0397 0063490 128.8893 291.2759 14.82975958426713
1 38879U 12044L   12341.40151353 +.00033086 +17130-5 +10000-2 0  9999
2 38879 050.3167 350.8929 2505652 218.4632 120.8347 10.39923934004783
1 38907U 12044AQ  12335.42514951 +.00533393 +23217-4 +12536-1 0  9996
2 38907 049.9193 357.0839 2379252 216.9692 142.3996 10.68608655004579
1 38948U 12044CH  18213.01649639  .00013156  51786-5  27283-3 0  9999
2 38948  50.0688 203.0807 1746757 108.5819 271.2121 12.04018645238123
1 38957U 12044CQ  18212.68963929 +.00017056 +47053-5 +31448-3 0  9995
2 38957 050.0122 328.4406 1781888 021.0691 345.5014 11.97682310234684
1 38959U 12044CS  12344.36753397 +.00574484 +25319-4 +14382-1 0  9997
2 38959 050.0801 347.6370 2643477 223.0607 011.5103 10.14004847004928
1 38960U 12044CT  18212.16088541  .00007097  35244-5  17077-3 0  9995
2 38960  50.1340 119.4724 1926039 230.1530 111.3612 11.64442185231695
1 38961U 12044CU  18213.01363959  .00013793  51768-5  27742-3 0  9999
2 38961  50.0908 193.1875 1744818 111.5889 267.9425 12.04779633238438
1 38971U 12044DE  18210.07822542 +.00013682 +47248-5 +26045-3 0  9991
2 38971 050.0850 102.7555 1620014 186.8654 170.7244 12.32061887239686
1 38989U 12044DS  12343.36749356 +.00460866 +17806-4 +11798-1 0  9997
2 38989 050.0222 336.8270 2352548 231.3525 164.4036 10.73045609005104
1 39028U 12072C   18213.54019752  .00492431  12743-3  49780-3 0  9996
2 39028  97.1482 288.3371 0010332 241.9914 118.0326 16.10891846316731
1 39029U 12072D   18212.78641731 +.00006804 +00000-0 +11664-3 0  9995
2 39029 097.1353 240.5237 0023045 046.1829 314.1324 15.51227187314498
1 39119U 09049J   18212.22153757 -.00000027 +00000-0 +66226-5 0  9998
2 39119 098.4094 216.4771 0004949 037.4018 322.7504 14.21831464285581
1 39204U 13035C   18212.93243168 +.00000375 +00000-0 +89003-4 0  9999
2 39204 098.4464 036.5198 0090434 316.6206 042.7898 14.57662669267769
1 39205U 13035D   18213.48545986  .00000482  00000-0  11419-3 0  9998
2 39205  97.9829 298.9366 0096563 264.3969  94.6211 14.55666145267546
1 39213U 13037F   18212.80109482 +.00000032 +00000-0 +13219-4 0  9993
2 39213 097.9764 223.0299 0010610 276.3802 083.6196 14.70592240269896
1 39214U 13037G   18212.80293262 +.00000016 +00000-0 +11034-4 0  9999
2 39214 097.9975 215.7858 0012386 221.8102 138.2158 14.68412637269219
1 39224U 13035E   18212.93786612 +.00000206 +00000-0 +88690-4 0  9991
2 39224 097.8804 211.1547 0177790 113.2032 248.7985 14.24842475256874
1 39225U 13035F   18212.25527931 +.00000286 +00000-0 +12209-3 0  9994
2 39225 098.4620 309.1404 0179446 194.9092 164.6757 14.23979233256617
1 39231U 13037H   18213.50342471  .00000101  00000-0  58757-4 0  9991
2 39231  98.1225  84.9882 0254697 293.9037  63.5645 14.11547740254084
1 39327U 08011DE  18211.63009493  .00000289  00000-0  70781-2 0  9995
2 39327  49.8442 341.0576 6549367 357.7296   6.2897  2.94946684 69775
1 39329U 08011DG  14094.23208973  .00000258  00000-0  40004-2 0  9993
2 39329  48.8901 118.1387 6451277 309.5527   9.1345  3.06671036 27609
1 39331U 08011DJ  15295.02076717 +.00000025 +00000-0 +83052-3 0  9999
2 39331 048.7847 218.8898 6477118 182.6866 170.6102 03.16317968023257
1 39342U 10057G   18211.72137889 -.00000159 +00000-0 -10953-3 0  9990
2 39342 020.4788 020.6673 7198465 155.6112 353.5468 02.20572592038668
1 35404U 02024J   18211.17344074 -.00000033 +00000-0 +57838-5 0  9990
2 35404 098.9125 189.0916 0053000 155.2656 262.9076 14.19425449833463
1 35405U 02024K   18211.80382258 +.00000076 +00000-0 +59375-4 0  9990
2 35405 098.9606 192.1360 0127277 017.3669 343.1797 14.13824712829834
1 35413U 06029F   18211.45409433 +.00000455 +00000-0 +23943-4 0  9997
2 35413 064.5067 241.9676 0034311 270.9800 088.7398 15.29319393838411
1 35414U 01055F   18211.69427916 -.00001623 +00000-0 -47430-2 0  9999
2 35414 066.0171 305.1670 0059622 287.9343 236.3903 13.05451472775863
1 35417U 04012L   18212.52886755  .00000746  00000-0  98886-4 0  9997
2 35417  97.7835  95.1009 0103460 204.0726 275.7979 14.79210017684804
1 35418U 06002Z   18212.20700411  .00000192  00000-0  42894-4 0  9991
2 35418  97.8483 198.2929 0001536  88.8076 333.6290 14.66476844610838
1 35420U 01056M   18211.92649725 +.00000051 +00000-0 +97473-4 0  9993
2 35420 099.1189 019.2120 0023746 275.3445 247.6693 13.74837091830988
1 35428U 04045D   18181.92372105  .00118946  93534-6  14790-3 0  9996
2 35428  39.0451   3.1687 3106785 101.8002  13.6700  9.41521380270541
1 35536U 01049QL  18211.60453374 +.00000150 +00000-0 +10636-3 0  9996
2 35536 098.6904 126.7985 0428330 154.5472 207.7465 13.72416751751546
1 35538U 06006CF  18206.35766554 -.00001021 +00000-0 -46616-2 0  9995
2 35538 051.7255 344.0522 5111067 065.1535 347.7041 05.04934586189892
1 35540U 06006CH  18211.42050553  .00000081  00000-0  17862-3 0  9992
2 35540  52.1170 202.9581 5056029 111.2875  12.6198  5.23396061193874
1 35541U 06006CJ  18194.22617587  .00000138  00000-0  16960-3 0  9998
2 35541  51.5427 156.5055 5140914 240.1475  59.3816  5.19222613191541
1 35542U 06006CK  18211.20938314 -.00000932  00000-0 -73528-2 0  9997
2 35542  51.5675 302.4758 4987760 128.5894 348.6611  5.13075717191373
1 35543U 06006CL  18189.13290049  .00000858  00000-0  60855-2 0  9994
2 35543  52.7661  84.2984 5108550 220.2931 341.0074  4.99925086181862
1 35544U 06006CM  18171.07886716  .00010155  00000-0  12889-2 0  9996
2 35544  51.4250  78.4006 2973125 225.6365 105.9130  9.27510452255458
1 35545U 06006CN  18213.22699343  .00018270  00000-0  19076-2 0  9990
2 35545  51.5836 276.9568 1984218  25.0064 343.4923 11.26114948292373
1 35546U 06006CP  18212.49288682 -.00013248 +00000-0 -17695-1 0  9995
2 35546 051.2681 007.2208 2696804 037.7959 338.4564 09.28316040125387
1 35547U 07003F   18206.75723148  .00000267  00000-0  32401-3 0  9996
2 35547  24.4982  77.5811 4778517 246.9549  56.6930  5.79431598132020
1 35548U 07003G   18200.49391465 -.00000047 +00000-0 +28164-2 0  9992
2 35548 026.2813 323.4613 7533698 268.6774 029.6793 01.82334007064679
1 35555U 07003P   18212.85678490  .01097885  00000-0  22627-1 0  9992
2 35555  26.1016 125.7889 4242261  11.7854 355.6809  7.07960245107215
1 35563U 07003X   18211.38913045 -.00000130  00000-0 -96377-3 0  9999
2 35563  22.3400 264.7004 7450158  98.2280 359.7725  1.88888219 68226
