1 27007U 01056G   18213.39761355  .00000229  00000-0  28690-3 0  9993
2 27007  99.2124  17.4560 0011926 306.8075  53.1980 13.74454227833049
1 27097U 01049AR  18213.34196553  .00005425  00000-0  14706-3 0  9997
2 27097  97.5044 348.6836 0035470 175.0337 185.1267 15.37445250905896
1 27115U 01049BK  18213.43899795  .00019007  00000-0  20393-3 0  9996
2 27115  97.6678 276.8625 0009761 230.9676 251.8142 15.63800540913056
1 27119U 01049BP  18213.15638391  .00000452  00000-0  30831-4 0  9995
2 27119  97.8244 208.6100 0031977 279.2475  80.5138 15.11184198905149
1 27121U 01049BR  18213.40230391  .00001161  00000-0  64784-4 0  9996
2 27121  97.2922 265.4062 0041248 304.7231  55.0120 15.14804373897676
1 27123U 01049BT  18212.54437705  .00000052  00000-0  17721-4 0  9997
2 27123  97.3402  65.1334 0043429 310.5181  49.2243 14.63898407884773
1 27128U 01049BY  18213.08238428  .00001886  00000-0  11511-3 0  9999
2 27128  97.5810 337.8782 0056017 236.3915 123.1961 15.10285126899233
1 27129U 01049BZ  18212.93542715 +.00000832 +00000-0 +92602-4 0  9991
2 27129 097.9343 204.2089 0040351 139.8949 250.6162 14.89283531892150
1 27132U 01049CC  18213.50920765  .00000698  00000-0  49494-4 0  9995
2 27132  97.7387 190.4674 0046029 226.4811 283.7056 15.07409044915644
1 27133U 01049CD  18212.67273086  .00000044  00000-0  16967-4 0  9994
2 27133  97.7474 296.5124 0046721  49.4725 311.0533 14.63370178885081
1 27142U 01049CN  18212.84781832 +.00000161 +00000-0 +75265-4 0  9992
2 27142 097.3719 359.7173 0288389 028.3739 333.2805 14.10080944853235
1 27146U 01049CS  18212.86433906  .00000172  00000-0  31638-4 0  9992
2 27146  98.1761 187.5192 0050004 225.3588 164.1792 14.77340227890294
1 27147U 01049CT  18213.05824618  .00001627  00000-0  11412-3 0  9992
2 27147  97.5361 245.1467 0016765 304.1574  84.9822 15.06475208913578
1 27150U 01049CW  18212.72653103 +.00001075 +00000-0 +59519-4 0  9996
2 27150 097.9006 237.7225 0033885 104.3653 256.1344 15.15713055946406
1 27152U 01049CY  18213.41812878  .00000165  00000-0  27258-4 0  9995
2 27152  98.1298 193.2589 0037819  65.6163 294.8989 14.82802877892902
1 27153U 01049CZ  18213.42698403  .00000602  00000-0  62228-4 0  9995
2 27153  97.9825 195.5913 0040426  52.4296 308.0584 14.93439823899018
1 27160U 01049DG  18212.78706252 -.00000023 +00000-0 +50752-5 0  9991
2 27160 098.1580 156.7713 0047183 317.9577 071.6320 14.67651510888763
1 27216U 01049FL  18212.79341365  .00001400  00000-0  11068-3 0  9998
2 27216  98.1465 152.0529 0033239 242.2068 147.5955 15.02068948899039
1 27218U 01049FN  18212.88778101 +.00000821 +00000-0 +10309-3 0  9995
2 27218 099.0471 013.5846 0247306 201.8448 157.2063 14.66452425872929
1 27226U 01049FW  18212.91561722 +.00000255 +00000-0 +30334-4 0  9999
2 27226 097.9114 192.6458 0026851 158.2232 202.0135 14.92688439896675
1 27255U 01049HB  18212.89286733  .00000383  00000-0  45968-4 0  9995
2 27255  97.8420 187.7602 0042051 246.6680 143.0953 14.89230398896047
1 27267U 01049HP  18212.92928540 +.00000359 +00000-0 +43694-4 0  9998
2 27267 098.0480 200.4996 0044166 318.2732 041.5118 14.89234684894776
1 27305U 01049KB  18212.82114573 +.00000069 +00000-0 +19560-4 0  9996
2 27305 098.1809 169.0639 0043166 285.0026 104.8783 14.71617518889626
1 27353U 01049MA  18212.96019515 +.00000878 +00000-0 +56951-4 0  9997
2 27353 097.6619 211.1057 0024173 179.4985 180.6273 15.10533479898737
1 27530U 01049MV  18212.33727360 +.00002300 +00000-0 +66364-4 0  9990
2 27530 097.6155 345.6758 0026968 249.9136 109.9204 15.36488688896055
1 27533U 02036D   13247.66985865 +.00000055 +00000-0 +31562-3 0  9991
2 27533 082.4864 023.1677 0021605 023.6469 350.4011 12.44781683497877
1 27538U 01049MW  18213.45438117  .00000178  00000-0  14789-4 0  9996
2 27538  97.6681 189.0345 0043642 157.0657 203.2534 15.10126489895327
1 27580U 01049MY  18212.81239346  .00000026  00000-0  12039-4 0  9993
2 27580  98.0675 163.2491 0047861 143.3215 217.1284 14.72983757862497
1 27582U 01049NA  18212.95528072 +.00000214 +00000-0 +36385-4 0  9996
2 27582 098.2718 110.1546 0053863 344.8113 015.1478 14.78757619865592
1 27583U 01049NB  18211.98368071  .00001443  00000-0  81710-4 0  9997
2 27583  97.6105 219.5775 0013104 273.3279 116.7796 15.14606844874198
1 27585U 01049ND  18212.26602172 +.00000087 +00000-0 +20453-4 0  9994
2 27585 098.0585 146.6604 0062754 162.3120 198.0293 14.74738921876896
1 27586U 01049NE  18212.98212077  .00000765  00000-0  38849-4 0  9996
2 27586  97.2710 220.4383 0045976 357.9928   2.1115 15.18976747883679
1 27653U 01049NQ  18212.86993451 +.00000115 +00000-0 +22833-4 0  9995
2 27653 098.0778 175.3549 0065058 062.8702 320.8828 14.78283040863338
1 27655U 01049NS  18211.94716476 +.00000243 +00000-0 +72846-4 0  9996
2 27655 097.2778 111.4568 0177562 357.2602 002.7601 14.41066166844878
1 27657U 01049NU  18212.26009323  .00000487  00000-0  43601-4 0  9997
2 27657  97.9488 217.2747 0038274 241.6594 181.3425 15.00250166873243
1 27689U 01056H   18212.39573097 +.00000004 +00000-0 +96962-4 0  9991
2 27689 099.9267 270.5117 0207798 239.5918 183.3304 13.25712503804732
1 27690U 01056J   18212.37484662 -.00000040  00000-0  95034-5 0  9991
2 27690 100.3653 356.1196 0183379 124.9228 264.7467 13.30740116807731
1 27768U 02054D   18213.37344793  .00000204  00000-0  49380-4 0  9990
2 27768  98.2407   1.6549 0034096 228.0661 131.7633 14.62838780833627
1 27769U 02054E   18211.86364019 +.00000196 +00000-0 +44960-4 0  9995
2 27769 098.1788 000.5559 0036711 167.1955 193.0189 14.65625897834739
1 28055U 03048B   18212.90909644 +.00000428 +00000-0 +21393-3 0  9995
2 28055 098.6096 203.2847 0000532 289.8639 099.7429 14.21809764764639
1 28056U 03048C   18212.93772037 +.00000252 +00000-0 +13518-3 0  9998
2 28056 098.6100 203.3443 0001125 290.4767 069.6290 14.21284740764754
1 28080U 03048D   18212.88298819 +.00000463 +00000-0 +22024-3 0  9996
2 28080 098.5246 232.0143 0002963 266.5330 214.7878 14.23941892763134
1 28193U 04009D   18212.17110939  .00030900  18521-7  19967-3 0  9992
2 28193  38.8312 166.6726 3022175 236.6616  90.7983  9.49778265356405
1 28225U 04012F   18213.52935423  .00086950  00000-0  78759-3 0  9991
2 28225  97.4442  47.0943 0004988 105.0296 255.1517 15.67770413773958
1 28232U 04012J   18213.38632824  .00031350  00000-0  68066-3 0  9996
2 28232  97.9374 197.8552 0021468 264.0268  95.8532 15.44072517766809
1 28264U 03010D   16243.49348674 -.00000214  00000-0  00000+0 0  9994
2 28264  39.0360  33.8105 4923895 102.2584 315.1580  5.88254445231416
1 28354U 04021C   18212.82105715 -.00000045 +00000-0 -32888-5 0  9997
2 28354 070.9578 353.1878 0221414 063.0787 299.2745 13.68280390705639
1 28355U 04021D   18213.41805831 -.00000066  00000-0 -23929-4 0  9998
2 28355  70.9692  11.2465 0228057  36.7403 354.3939 13.67541111705484
1 28356U 04021E   18213.22631115 -.00000040  00000-0  26434-5 0  9996
2 28356  71.0634  40.3303 0221998 328.3461 140.5478 13.68738348706078
1 28357U 04021F   18212.80726976 +.00000016 +00000-0 +55257-4 0  9996
2 28357 071.0764 337.9346 0202237 247.2263 268.2459 13.72837866707965
1 28429U 01049NP  18212.88089166  .00001669  00000-0  87007-4 0  9997
2 28429  97.4157 238.2816 0013192 214.7603 145.2770 15.17270845806920
1 28430U 01049NW  18212.93627604 -.00000123 +00000-0 -42971-5 0  9998
2 28430 097.6255 198.5199 0036324 165.8367 194.3886 15.03692824823719
1 28432U 01049NY  18212.14577412  .00000317  00000-0  61309-4 0  9992
2 28432  97.7397 280.2874 0074607 275.4759  83.7940 14.68056862806008
1 28436U 01056K   18213.40810403 -.00000031  00000-0  17607-4 0  9990
2 28436  99.4240 359.8077 0191720 251.1944 121.6229 13.28640546806587
1 28437U 01056L   18212.81833563 -.00000002 +00000-0 +77640-4 0  9998
2 28437 099.4504 338.1625 0200668 305.8572 223.5462 13.27299605805514
1 28438U 02024E   18211.76844834 +.00000414 +00000-0 +17436-3 0  9993
2 28438 098.4758 200.8616 0023393 026.5377 333.6999 14.30641179841237
1 28481U 04046C   18213.22362613  .00000351  00000-0  11735-3 0  9996
2 28481  98.1593 314.4107 0129240 230.1709 159.1245 14.38673524716149
1 28482U 04046D   18212.95549029 +.00000254 +00000-0 +95329-4 0  9998
2 28482 098.7835 200.6190 0134247 112.7851 274.1145 14.35225280714637
1 28483U 04046E   18212.92179567 +.00000240 +00000-0 +75918-4 0  9999
2 28483 098.0584 016.3447 0113338 104.4952 048.0411 14.44567808719057
1 28484U 04046F   18212.89825678 +.00000044 +00000-0 +26975-4 0  9998
2 28484 098.6342 243.3625 0106503 328.5547 106.6548 14.41826242717575
1 28488U 04046G   07229.28095273 +.00006150 +00000-0 +10047-2 0  9996
2 28488 098.1779 246.7669 0026016 320.1533 049.2311 14.71014898146717
1 28739U 05024C   18212.74790824  .00002047  00000-0  13330-3 0  9991
2 28739  97.6056 316.7430 0091338 135.8610 224.9953 15.05676095701002
1 28740U 05024D   18212.82316707 +.00000635 +00000-0 +66338-4 0  9994
2 28740 097.8219 341.4419 0130918 064.1290 297.3357 14.87168868696744
1 28742U 05024F   18213.23981336  .00001208  00000-0  10801-3 0  9998
2 28742  97.7230   8.4592 0111500 295.0017  63.9656 14.93240195698245
1 28785U 05024G   18212.24457310  .00002946  00000-0  20862-3 0  9993
2 28785  97.7818   5.0793 0097185 228.3247 130.9630 15.01887555699487
1 28850U 01049PC  18211.87146478  .00003339  00000-0  13477-3 0  9998
2 28850  97.6313 232.9142 0013171 197.6424 162.4358 15.25456145766616
1 28851U 01049PD  18213.21205657  .00000205  00000-0  25340-4 0  9996
2 28851  97.9408 200.9956 0038589 271.2438  88.4360 14.92950602756717
1 28852U 01049PE  18212.10860133  .00000028  00000-0  12348-4 0  9997
2 28852  98.0890 162.4856 0045628 143.4414 280.0490 14.72883004813720
1 28853U 01049PF  18210.73742164 +.00000131 +00000-0 +22758-4 0  9999
2 28853 097.9976 178.1837 0035796 328.6309 154.3217 14.83307696777596
1 28855U 01049PH  18212.75596393 +.00000626 +00000-0 +66364-4 0  9996
2 28855 097.7433 195.4308 0001262 092.4445 267.6918 14.92543552869723
1 28856U 01049PJ  09318.18304321 +.00000267 +00000-0 +53812-4 0  9994
2 28856 097.7379 302.1955 0043603 282.1076 084.3433 14.68270261276861
1 28859U 01049PM  18211.82384769  .00001151  00000-0  72903-4 0  9999
2 28859  97.7132 216.3575 0017182 283.2932  76.6381 15.10939229823588
1 28897U 05043H   18213.10260549  .00000083  00000-0  24506-4 0  9990
2 28897  97.9114   3.2691 0014659 283.5995 131.1302 14.64017123672841
1 29042U 04035J   18212.84314254 -.00000079 +00000-0 -16850-5 0  9997
2 29042 097.7491 231.2055 0008702 021.8129 338.3462 14.97988885279873
1 29043U 04035K   18211.85682621 +.00000131 +00000-0 +16170-4 0  9995
2 29043 097.7624 232.1389 0009310 056.5033 303.7078 14.97754234687777
1 29104U 01049PN  18212.80177456  .00001868  00000-0  87749-4 0  9994
2 29104  97.5131 223.4158 0019919  70.1923 290.1457 15.20710999758090
1 29105U 04021G   18212.89573943 -.00000021 +00000-0 +18462-4 0  9995
2 29105 070.9236 291.6997 0214988 056.0961 306.0385 13.79068643255484
1 29106U 05049E   18199.86824756  .00000084  00000-0  00000+0 0  9991
2 29106   8.5329  51.0849 0009522 166.2241  52.5299  1.01168882 45662
1 29215U 02024F   18212.55628565  .00000041  00000-0  84879-4 0  9998
2 29215  98.8168 114.0765 0246493 217.8877 266.2418 13.62173488795871
1 29216U 02024G   18212.89176162  .00000059  00000-0  94365-4 0  9997
2 29216  98.8025 192.1262 0230662 116.2157 278.2838 13.67299052798836
1 29217U 05024H   18212.20596367  .00001047  00000-0  86512-4 0  9992
2 29217  97.6093 299.2260 0107133 281.9532  76.9696 14.96877754696835
1 29419U 03037D   13247.60541910 +.00000052 +00000-0 +29559-3 0  9991
2 29419 082.4735 014.9152 0024624 188.2064 188.7298 12.45651385453156
1 29421U 03037F   13281.19500608 +.00000012 +00000-0 +15703-4 0  9998
2 29421 082.4746 353.9503 0025727 117.3876 242.5210 12.45640837453542
1 29422U 04023D   18213.36384554  .00042583  51858-6  27881-3 0  9995
2 29422  38.8583 271.8604 3618012  60.3615 330.8701  8.32188616284308
1 29509U 06046E   18212.80877631 -.00000144 +00000-0 -76159-5 0  9999
2 29509 097.9822 219.7590 0046160 100.5819 260.0604 14.93562081638091
1 29519U 04029D   18213.42958847  .00006645  00000-0  10721-2 0  9997
2 29519  88.0797 196.7789 3655615 235.5828 328.3599  7.96125589203925
1 29524U 06050C   18213.53337767  .00000297  00000-0  16004-3 0  9991
2 29524  98.7812 237.9734 0004874 218.4437 295.8521 14.20067667606896
1 29525U 06050D   18212.88163103 +.00000261 +00000-0 +14129-3 0  9997
2 29525 098.7656 238.3791 0003440 213.7642 222.8117 14.20802041606945
1 29534U 05038D   18212.30504854 +.00000498 +00000-0 +95565-4 0  9997
2 29534 039.4261 255.5609 5854115 324.0937 008.0623 04.26973551184700
1 29536U 06015C   18211.46745146  .00000194  00000-0  48802-4 0  9997
2 29536  97.8560 290.1702 0164683  76.9530 284.9993 14.53111181643497
1 29537U 06015D   18213.53438698  .00000281  00000-0  68572-4 0  9992
2 29537  97.9704 326.2333 0171999 129.7136 231.9365 14.51067795642995
1 29538U 06015E   18212.87789431  .00000321  00000-0  67055-4 0  9993
2 29538  97.8628 358.6819 0144594 299.5400  59.1450 14.60183677645467
1 29539U 06015F   18212.16521098 +.00000371 +00000-0 +75849-4 0  9994
2 29539 097.8728 336.4923 0135254 268.3653 214.5435 14.61038932646674
1 29600U 06050BS  18212.92396045 +.00000558 +00000-0 +27278-3 0  9997
2 29600 098.7597 240.3201 0006302 239.4941 240.5305 14.21996394605243
1 29676U 05049F   18200.04349691 -.00000225 +00000-0 +00000-0 0  9995
2 29676 008.4413 050.6093 0034866 338.9675 185.9332 01.02231434044473
1 31131U 03049D   18212.80009219 +.00000129 +00000-0 +62065-4 0  9993
2 31131 098.6419 162.2939 0134038 236.3237 153.3387 14.29691583587788
1 31139U 03049E   18213.39129829  .00000280  00000-0  82921-4 0  9997
2 31139  98.1896 187.4136 0094356  92.8949 268.3048 14.48037839594868
1 31391U 06029D   18212.45624748 +.00000508 +00000-0 +25346-4 0  9995
2 31391 064.5003 231.5103 0036731 264.0107 095.6835 15.29910847652445
1 31392U 06029E   18213.51389483  .00000474  00000-0  24723-4 0  9998
2 31392  64.5003 235.3184 0033297 261.4263  98.3092 15.29177215654402
1 31409U 05024J   18213.36897836  .00000303  00000-0  18901-4 0  9992
2 31409  97.5255 260.0026 0010892 235.3960 124.6246 15.16712524697513
1 31794U 07029C   18212.92938388 +.00000041 +00000-0 +79328-4 0  9994
2 31794 071.0419 145.7653 0204763 075.3891 016.8745 13.71030704554904
1 31795U 07029D   18213.26420059 -.00000086  00000-0 -43498-4 0  9994
2 31795  70.9466 148.5054 0223253 165.3840 345.9900 13.67870360553734
1 31796U 07029E   18212.91766642 -.00000001 +00000-0 +39654-4 0  9992
2 31796 071.0414 183.8405 0214263 123.7264 269.1836 13.68180319553814
1 31799U 07029F   18213.56784987 -.00000029  00000-0  14380-4 0  9998
2 31799  70.9411 172.6727 0228480 210.7100 270.6620 13.65748778552708
1 32005U 04021H   18211.10089883  .00000612  00000-0  56351-3 0  9999
2 32005  71.0960  15.7955 0213976 280.6516  77.0555 13.76755703703703
1 32006U 04021J   18210.88219774 +.00000383 +00000-0 +35411-3 0  9997
2 32006 071.0990 293.3187 0186796 177.4709 182.7389 13.80804702258123
1 32033U 06006L   18212.98059050 -.00000081  00000-0 -68852-4 0  9997
2 32033  51.6737  80.7805 5107799 280.0052  28.3270  5.25226312217904
1 32036U 06006P   18206.15143347 -.00000104 +00000-0 -27679-4 0  9993
2 32036 051.6905 068.5277 5118847 287.2387 024.5679 05.25598531218544
1 32037U 06006Q   18212.29230110  .00001015  00000-0  40962-3 0  9990
2 32037  51.5899 167.0276 4958056 123.1824 294.3743  5.61009815228381
1 32040U 06006T   18212.18396144  .00000326  00000-0  18902-3 0  9995
2 32040  51.6171 282.7014 5007853  39.1058 348.1636  5.50055296224152
1 32041U 06006U   18052.27072839 +.00001336 +00000-0 +31895-3 0  9998
2 32041 051.7855 349.7431 4506221 235.2563 292.4674 06.41498818231009
1 32044U 06006X   18026.18931859 -.00002437 +00000-0 -10732+0 0  9996
2 32044 051.0968 047.3787 4955821 164.3053 219.5754 04.79906258190997
1 32473U 07042C   18212.43544464  .00000248  00000-0  72945-4 0  9995
2 32473  98.2385 285.3680 0111605 126.8048 234.3448 14.48284258561647
1 32474U 07042D   18212.64055417 +.00000345 +00000-0 +67337-4 0  9991
2 32474 098.6569 158.5837 0098896 308.9965 050.2461 14.67136805575413
1 32491U 06006AE  13320.37222416 +.00237901 +00000-0 +19370-1 0  9990
2 32491 051.4460 290.0775 3240588 236.8047 322.6474 08.82360017139311
1 32492U 06006AF  18020.95417419  .00000044  00000-0  62249-4 0  9998
2 32492  51.3619 216.9333 4979133 218.7071 339.3329  5.31555280210106
1 32493U 06006AG  18211.31792279 -.00000129  00000-0 -38732-4 0  9997
2 32493  51.6042 314.7509 5008076  21.1832 353.7966  5.44792110223260
1 32494U 06006AH  18203.10967455 -.00000017 +00000-0 +26391-4 0  9999
2 32494 051.6121 080.6253 5108141 283.8362 026.3348 05.25637319217991
1 32496U 06006AK  18181.21145522 +.00000012 +00000-0 +78768-4 0  9990
2 32496 051.7246 068.6328 5052182 282.4509 027.5028 05.35986754207271
1 32497U 06006AL  18065.46395795  .00000388  00000-0  45703-3 0  9996
2 32497  51.7043 134.2546 5054237 233.8777  68.2190  5.34364830202236
1 32498U 06006AM  17351.73456019  .00003767  00000-0  35438-2 0  9998
2 32498  51.6961 149.6245 4959895 225.1727  81.9343  5.51064894199382
1 32499U 06006AN  18210.60949655 +.00001104 +00000-0 +41650-3 0  9990
2 32499 051.6143 230.4480 4962949 074.6275 333.3853 05.60625740215397
1 33458U 06053D   18192.82033108 -.00000052 +00000-0 +00000-0 0  9991
2 33458 006.5994 056.2615 0079587 332.6311 264.9982 01.00297841036335
1 34220U 01049PQ  15357.22596365  .00003417  00000-0  13459-3 0  9994
2 34220  98.1773 348.9789 0008434  86.5561 273.6640 15.26385840629193
1 34221U 01049PR  18211.35695654 -.00000437  00000-0 -26182-4 0  9991
2 34221  98.5445 178.3415 0074502 320.2537  39.3239 15.01144608882870
1 34223U 02024H   18212.88946408 +.00000277 +00000-0 +19591-3 0  9997
2 34223 099.1826 195.8760 0133086 024.2018 336.5322 14.01919632808078
1 34224U 06006AP  18211.22301841  .00000313  00000-0  85032-3 0  9999
2 34224  52.1117 160.6441 5027056 140.8714 269.2838  5.26848695197026
1 34226U 06006AR  18049.49311893  .00002163  00000-0  19082-2 0  9993
2 34226  51.6700 110.1122 5027033 256.1729  45.1464  5.41300501191923
1 34227U 06006AS  18208.02959260 +.00000096 +00000-0 +54805-3 0  9992
2 34227 052.0115 070.5453 4915845 233.4243 333.1896 05.38472954200591
1 34228U 06006AT  11337.07599237 +.00086168 +00000-0 +30133-1 0  9998
2 34228 051.8664 211.9560 4577633 170.6514 354.1589 06.25036147076185
1 34229U 06006AU  18009.32360739  .00006549  00000-0  28097-2 0  9995
2 34229  51.4167 112.1454 4505833 210.6617 112.9037  6.34739125204789
1 34230U 06006AV  18106.15916284  .00000185  00000-0  20302-3 0  9990
2 34230  51.4138 119.3291 5051028 235.3600  66.3577  5.32398254193820
1 34231U 06006AW  17161.55389459 +.00001986 +00000-0 +94502-2 0  9995
2 34231 052.2249 251.6724 5061846 192.5310 150.8561 05.12434176167415
1 34232U 06006AX  10188.84941953 +.00027218 +00000-0 +13005-1 0  9997
2 34232 051.6387 013.0302 5062914 165.2742 218.0214 05.42263510042517
1 34233U 06006AY  18087.46882538  .00000741  00000-0  11975-2 0  9992
2 34233  52.1877 137.1998 4867383 157.4242 234.6232  5.58371902194061
1 34234U 06006AZ  18212.31973784  .00001394  00000-0  77148-3 0  9991
2 34234  51.5486 185.5862 4830702 117.0704 299.8050  5.78220280206449
1 34235U 06006BA  18044.61826835  .00000515  00000-0  77905-3 0  9997
2 34235  51.6925 152.2920 5030396 221.8249  86.3350  5.36125851189922
1 34236U 06006BB  17247.12820478  .00000422  00000-0  34620-3 0  9999
2 34236  51.6575 160.2766 5004110 217.4451  94.2305  5.48815189183400
1 34237U 06006BC  14231.07464448 +.00002331 +00000-0 +35286-2 0  9994
2 34237 051.7761 025.4036 4999229 231.5630 072.0905 05.39101773120194
1 34238U 06006BD  18111.61863099  .00000795  00000-0  14402-2 0  9990
2 34238  51.6927 222.5978 5083257 182.7204 173.3308  5.24195058188596
1 34239U 06006BE  18210.50359411 +.00004013 +00000-0 +98265-2 0  9993
2 34239 050.4932 260.9619 2314194 210.4236 133.9563 09.77400222359708
1 34241U 06006BG  18191.33728624 -.00000294 +00000-0 -76810-3 0  9993
2 34241 051.8097 078.9370 4952297 261.2721 319.4077 05.35822368100452
1 34242U 06006BH  18211.17787479  .00000005  00000-0  00000+0 0  9994
2 34242  54.6800 140.3554 4847471 129.8195 284.0959  4.98485631192414
1 34243U 06006BJ  18210.10325308 -.00000156  00000-0 -11477-3 0  9999
2 34243  51.6486  71.9894 5089275 290.2788  23.3599  5.28467317204738
1 34244U 06006BK  18037.45010581  .00003510  00000-0  62069-2 0  9996
2 34244  51.9146  97.7482 4899581 206.3974 118.8597  5.52497676201752
1 34245U 06006BL  12141.60882022 +.00013363 +00000-0 +13065-1 0  9999
2 34245 051.8877 215.4324 4797855 176.0028 355.5973 05.76387557087708
1 34246U 06006BM  18212.14519647 -.00000152  00000-0 -10227-3 0  9997
2 34246  51.5262 115.1404 4595820 170.1682 203.5073  6.10643762218215
1 34247U 06006BN  18212.08613714  .00000380  00000-0  84138-3 0  9994
2 34247  52.1483  68.3481 4964369 210.9580 346.9395  5.40790145206531
1 34248U 06006BP  18213.20867780  .00001021  00000-0  44456-3 0  9996
2 34248  51.6213 154.6855 4881967 125.5597 290.3307  5.72351731215761
1 34250U 06006BR  18204.25193877 -.00000161 +00000-0 -15548-3 0  9999
2 34250 051.7054 112.5607 5086924 249.3127 050.5363 05.24839220203082
1 34252U 06006BT  18205.30187903 -.00000076 +00000-0 -23134-4 0  9997
2 34252 051.6438 097.0883 5117902 270.8549 033.5431 05.23005858201806
1 34254U 06006BV  18208.89368147 +.00004054 +00000-0 +30589-2 0  9995
2 34254 051.6165 066.3172 4589231 201.2675 131.0367 06.13733699211084
1 34255U 06006BW  16102.88749763  .00002501  00000-0  39781-2 0  9991
2 34255  52.0959 325.6212 4872235 139.8572 268.9364  5.57912728152516
1 34256U 06006BX  18211.52382125  .00000051  00000-0  15957-3 0  9999
2 34256  51.8864 251.2810 5088101 111.1798  12.9661  5.17451418190319
1 34257U 06006BY  18211.30002257  .00000073  00000-0  16509-3 0  9999
2 34257  52.0982 218.1474 5062356 103.2918   4.9068  5.21416032193977
1 34258U 06006BZ  18212.30488788  .00000543  00000-0  14310-2 0  9997
2 34258  51.8994 178.9419 5057442 165.9929 353.4781  5.22655827193812
1 34260U 06006CB  18182.29036385 +.00000777 +00000-0 +43451-2 0  9993
2 34260 051.9299 164.0182 4887960 169.1055 207.5122 05.35354671203118
1 34261U 06006CC  18211.50214545 +.00012991 +00000-0 +66823-2 0  9996
2 34261 052.1138 030.3997 4522519 134.1944 273.3814 06.29721354108324
1 34262U 06006CD  18212.29105174 -.00000074  00000-0 -22840-3 0  9994
2 34262  51.8201 194.0988 5030537 166.7035 214.2914  5.21204269190538
1 34263U 06006CE  18212.91012526 +.00001245 +00000-0 +83804-3 0  9998
2 34263 051.5893 194.6436 4797349 103.6808 312.4300 05.81164894078984
1 35248U 07055C   18213.48181894  .00000425  00000-0  79996-4 0  9992
2 35248  97.8761  84.4872 0152582 240.9950 240.3269 14.62577095566736
1 35249U 07055D   18212.89617388 +.00000193 +00000-0 +61503-4 0  9996
2 35249 097.7874 239.0288 0245905 341.1479 018.0721 14.33903536556645
1 35251U 07055F   18213.21991013  .00000350  00000-0  90048-4 0  9997
2 35251  97.8973 301.4642 0204999 160.3514 232.0504 14.43891339560646
1 35268U 04035L   18212.94784986 +.00001425 +00000-0 +73224-4 0  9999
2 35268 097.6806 273.3418 0005485 103.2840 022.1541 15.18154648245650
1 35269U 04035M   18212.34996969 +.00000619 +00000-0 +10167-3 0  9990
2 35269 097.9072 345.8394 0148267 159.0429 201.6940 14.67108390731344
1 35270U 04035N   18212.93731807 +.00000324 +00000-0 +67255-4 0  9999
2 35270 097.7338 249.0721 0179589 000.8233 117.6572 14.56876274728844
1 35271U 05024K   18212.95470174 +.00000220 +00000-0 +14960-4 0  9998
2 35271 097.5180 257.4400 0011127 240.8914 239.8334 15.16000961665583
1 35272U 05024L   18212.92726942 +.00000276 +00000-0 +17617-4 0  9996
2 35272 097.5061 256.9805 0011996 231.1304 252.8911 15.16530306700032
1 35273U 05024M   18212.92424978 +.00000287 +00000-0 +17619-4 0  9995
2 35273 097.5037 259.0267 0012844 214.5057 145.5344 15.17721551738534
1 35274U 08056D   18212.91601852 -.00000084 +00000-0 -20546-4 0  9991
2 35274 099.0455 194.3952 0170076 355.3904 004.5690 14.06202670492869
1 35275U 08056E   18212.90648244 +.00000100 +00000-0 +56291-4 0  9990
2 35275 098.7917 198.3361 0140260 010.4463 349.9578 14.25084342498107
1 35335U 01049PT  12034.85550724 +.00000176 +00000-0 +38114-4 0  9994
2 35335 097.7722 002.3658 0048743 221.5748 116.7175 14.68335919350593
1 35336U 01049PU  15310.22555668  .00001460  00000-0  25698-3 0  9997
2 35336  97.7288 110.5233 0077542 135.1599 233.4363 14.67055962585070
1 35338U 01049PW  14107.23843678 +.00007045 +00000-0 +19110-2 0  9990
2 35338 097.9127 182.5090 0178274 012.9460 349.5390 14.38874493537127
1 35339U 01049PX  18213.29493963  .00000292  00000-0  96560-4 0  9990
2 35339  98.1265  40.3882 0183783 194.5172 165.0695 14.35780015825269
1 35341U 01049PZ  18211.98951948 +.00000470 +00000-0 +64925-4 0  9997
2 35341 097.8747 121.6772 0033105 290.0567 069.7084 14.82367989822471
1 35342U 01049QA  18213.30885878  .00000042  00000-0  38875-4 0  9994
2 35342  98.2378  44.6568 0366482  10.9528 349.9345 13.89527786710071
1 35344U 01049QC  18211.96844873 +.00000244 +00000-0 +54069-4 0  9993
2 35344 098.0127 280.0973 0055638 092.2057 268.5519 14.64408627274774
1 35345U 01049QD  18209.41740201 +.00000408 +00000-0 +89111-4 0  9999
2 35345 098.0735 195.9752 0063185 225.2246 134.3806 14.61819532290813
1 35346U 01049QE  18211.19156791 +.00000467 +00000-0 +13820-3 0  9991
2 35346 098.9079 203.9770 0037977 211.4320 148.4602 14.47996235839969
1 35347U 01049QF  18213.08108553  .00010049  00000-0  34536-3 0  9999
2 35347  98.3808 166.0990 0017004  44.1500 316.1091 15.30213480808304
1 35348U 01049QG  18211.20804185 +.00000595 +00000-0 +11122-3 0  9997
2 35348 098.0065 198.6686 0055022 062.2296 298.4473 14.67533887859896
1 35349U 01049QH  18211.26831545  .00001911  00000-0  92225-4 0  9991
2 35349  97.5439 220.2494 0021745 128.1713 232.1485 15.19733283645538
1 35350U 01049QJ  18212.66657920 +.00000154 +00000-0 +53036-4 0  9996
2 35350 098.4544 175.6578 0075059 128.3030 232.4943 14.47250025267017
1 35351U 01049QK  18213.52987297  .00000370  00000-0  12433-3 0  9991
2 35351  98.7597 116.0426 0005313  22.7031 337.4392 14.42989808790090
1 35374U 06046G   18212.74760190 +.00000523 +00000-0 +22783-4 0  9992
2 35374 097.4381 240.8325 0056166 276.3153 083.1689 15.25506903646570
1 35375U 06046H   18212.97649404 +.00000363 +00000-0 +34353-4 0  9990
2 35375 097.8723 224.2610 0028398 356.9869 026.1145 14.99686425639173
1 35376U 06046J   18213.43802295  .00000479  00000-0  10070-3 0  9999
2 35376  97.7555 273.2374 0195413 264.9538 161.0410 14.52814077619235
1 35378U 06046L   18213.33563384  .00000436  00000-0  81424-4 0  9998
2 35378  97.8445 347.9391 0172731 130.7409 230.8936 14.60461200617005
1 35379U 03049F   18208.57447024 +.00000040 +00000-0 +60241-4 0  9996
2 35379 099.0478 119.6518 0177241 171.2426 312.4373 13.88743551727039
1 35380U 03049G   18212.75145823  .00002242  00000-0  20985-3 0  9991
2 35380  97.9967 318.8281 0037402 173.8910 186.2773 14.94638400653595
1 35381U 03049H   18212.86989994 +.00000336 +00000-0 +68882-4 0  9990
2 35381 098.6593 184.5690 0097795 302.2289 087.0343 14.65146041774351
1 35382U 03049J   18213.55109655  .00000151  00000-0  84257-4 0  9995
2 35382  98.6921 135.5950 0154950 177.9212 182.2641 14.17924802745399
1 35383U 03049K   18212.58955043 +.00000001 +00000-0 +11589-4 0  9990
2 35383 098.4738 112.2383 0051129 353.4428 124.1816 14.56007381293338
1 35397U 07042E   18213.53757575  .00000372  00000-0  81716-4 0  9998
2 35397  98.6273 111.8962 0110484  48.5007 312.5609 14.60232016563111
1 35398U 07042F   18212.85715811  .00000924  00000-0  10321-3 0  9996
2 35398  98.5367 172.7037 0097091  21.2957   9.2004 14.86523375582775
1 27007U 01056G   18212.88805014 +.00000217 +00000-0 +27446-3 0  9992
2 27007 099.2123 016.9646 0011955 308.1125 051.8946 13.74453872832940
1 27097U 01049AR  18212.82128152 +.00004847 +00000-0 +13170-3 0  9990
2 27097 097.5044 348.1517 0035436 176.8689 183.2784 15.37438410905790
1 27115U 01049BK  18212.67840470 +.00016628 +00000-0 +17883-3 0  9993
2 27115 097.6679 276.0365 0009699 233.9751 289.7715 15.63771380912927
1 27119U 01049BP  18212.95773952 +.00000438 +00000-0 +29984-4 0  9996
2 27119 097.8244 208.4068 0031994 279.9668 079.7951 15.11183960905015
