1 42326U 95015JU  18212.80718909  .00001331  00000-0  64020-3 0  9996
2 42326  98.8304 226.6932 0013647 299.7127  60.2691 14.20496936145580
1 42393U 00055SM  18211.98191107 +.00000663 +00000-0 +45335-3 0  9998
2 42393 098.9830 279.1816 0056845 076.9750 283.7754 14.02430069123759
1 42455U 84072R   18211.20205134 +.00000205 +00000-0 +16292-3 0  9991
2 42455 082.5273 172.8253 0003778 211.5000 148.5936 13.86756118160044
1 42276U 95015GS  18209.11793477 -.00000036 +00000-0 +41511-5 0  9997
2 42276 098.8859 165.1574 0118111 041.7052 319.3039 13.91657785166756
1 42429U 00055TZ  18212.37866069 +.00000878 +00000-0 +55105-3 0  9992
2 42429 098.8837 275.1383 0038160 086.5642 273.9891 14.06726421099206
1 42309U 95015JB  18212.84360985 +.00002038 +00000-0 +81513-3 0  9999
2 42309 098.6926 219.1879 0042574 049.8994 310.5907 14.29003095169781
1 42377U 00055RV  18212.73447389 +.00001652 +00000-0 +77172-3 0  9993
2 42377 099.1036 313.3939 0034841 140.3904 219.9827 14.21466513088967
1 42260U 95015GA  18212.98136374  .00001438  00000-0  34156-3 0  9997
2 42260  98.7130 277.1062 0118092 188.4235 171.4979 14.51433752154284
1 42342U 00055QJ  17122.05226549  .00026146  00000-0  92584-2 0  9990
2 42342  99.0041 204.0625 0017336 106.0448 254.3218 14.34519994 53925
1 42413U 00055TH  18213.06835690  .00000589  00000-0  29863-3 0  9999
2 42413  98.8713 297.6909 0031600 186.4054 173.6722 14.19617098125105
1 42292U 95015HJ  18212.21806239  .00001286  00000-0  61247-3 0  9994
2 42292  98.7660 214.0701 0031153 120.8883 239.5364 14.20825402165928
1 42361U 00055RD  18213.37136050  .00000890  00000-0  53738-3 0  9992
2 42361  98.8873 274.0305 0091093 133.8063 227.0685 14.07061723128897
1 42296U 95015HN  16156.79985534 +.00001840 +00000-0 +92551-3 0  9990
2 42296 098.8071 160.8571 0016628 053.4994 306.8117 14.17605117037541
1 42299U 95015HR  18212.82384250 +.00001006 +00000-0 +48750-3 0  9996
2 42299 098.7742 216.6800 0028136 111.5211 248.8969 14.20437474148319
1 42329U 95015JX  18213.29332489  .00001137  00000-0  38141-3 0  9997
2 42329  98.6512 240.4349 0072089 267.0984  92.1951 14.37770683148760
1 42396U 00055SQ  18213.01110550  .00000627  00000-0  30045-3 0  9992
2 42396  98.8017 293.9981 0044326 158.3407 201.9658 14.22058374125709
1 42279U 95015GV  18212.95875229 +.00001166 +00000-0 +57793-3 0  9993
2 42279 098.7722 212.8136 0009194 265.1302 094.8824 14.19150579169762
1 42435U 66040BN  18211.76199093  .00000778  00000-0  16130-2 0  9996
2 42435 100.3090 322.6405 0062167 203.5307 156.2969 13.35138841 90652
1 42313U 95015JF  18212.88295621  .00001567  00000-0  91831-3 0  9992
2 42313  98.7451 189.2739 0055606 267.4511  92.0293 14.08892572167494
1 42380U 00055RY  18212.07270152  .00001300  00000-0  57458-3 0  9991
2 42380  98.8584 299.7434 0050169 155.4243 204.9342 14.24341222124459
1 42439U 66040BS  18212.56631858  .00000788  00000-0  15585-2 0  9993
2 42439 100.3503 340.1972 0046504 193.7233 166.2631 13.38517032136793
1 42263U 95015GD  18212.67272434 +.00000535 +00000-0 +43746-3 0  9996
2 42263 098.8137 158.7162 0128472 012.9707 347.4706 13.89990967167494
1 42345U 00055QM  18211.99078330  .00000946  00000-0  43528-3 0  9994
2 42345  98.7503 286.5736 0053773 213.0637 146.7175 14.22765905117300
1 42416U 00055TL  18212.45385072  .00000702  00000-0  39158-3 0  9993
2 42416  98.8957 289.6075 0021161 302.5420  57.3708 14.14070619119935
1 42295U 95015HM  18212.91975859 +.00000860 +00000-0 +46779-3 0  9999
2 42295 098.7697 200.1540 0036761 184.2559 175.8307 14.14514114164984
1 42364U 00055RG  18212.00038577  .00000725  00000-0  40793-3 0  9993
2 42364  98.8809 285.6909 0061791 306.7474  52.8033 14.12651266120038
1 42419U 00055TP  18212.42355729 +.00000875 +00000-0 +49782-3 0  9994
2 42419 098.8875 283.4950 0027943 341.6465 018.3696 14.12291813123328
1 42367U 00055RK  18212.43889139  .00000450  00000-0  28866-3 0  9993
2 42367  98.9358 282.9559 0026872  46.2181 314.1205 14.08170938119348
1 42302U 95015HU  18212.49677053 +.00001360 +00000-0 +53262-3 0  9997
2 42302 098.7049 228.9230 0038384 341.9547 018.0271 14.30706573156664
1 42332U 00055PY  18211.71286470  .00009104  00000-0  38006-2 0  9995
2 42332  99.0903 309.6847 0048221 289.9946  69.6044 14.25774433124171
1 42399U 00055ST  18212.39428019  .00000367  00000-0  22523-3 0  9990
2 42399  98.8593 284.2356 0011764 333.9645  26.0934 14.11843785121519
1 42282U 95015GY  18213.41583075  .00000592  00000-0  35517-3 0  9996
2 42282  98.7915 196.7313 0038695 220.8476 138.9793 14.10352870168139
1 42316U 95015JJ  18212.53551711 +.00001724 +00000-0 +59027-3 0  9998
2 42316 098.7088 242.5602 0056055 268.6914 090.7849 14.36676651173245
1 42383U 00055SB  18212.43725417 +.00000721 +00000-0 +41179-3 0  9992
2 42383 098.8894 283.1072 0058062 127.6900 232.9556 14.11903668123420
1 42442U 66040BV  18199.50769354  .00000968  00000-0  19984-2 0  9995
2 42442 100.3308 310.1691 0056851 236.5665 123.0014 13.34822297 76546
1 42266U 95015GG  18212.23688879  .00000616  00000-0  29196-3 0  9998
2 42266  98.7741 225.6200 0035677  62.9572 297.5240 14.22866839162337
1 42348U 00055QQ  18212.33503533 +.00000434 +00000-0 +31859-3 0  9990
2 42348 098.8051 258.2914 0078624 067.7001 293.2476 13.99311206125313
1 42351U 00055QT  18212.46832831 +.00000542 +00000-0 +24486-3 0  9992
2 42351 098.7330 291.2997 0055981 152.3503 208.0673 14.25297526120892
1 42422U 00055TS  18212.42635351 +.00000482 +00000-0 +27668-3 0  9993
2 42422 098.8787 289.2819 0014919 267.6415 092.3049 14.13995729118677
1 42370U 00055RN  18212.91918660 +.00001172 +00000-0 +82727-3 0  9990
2 42370 098.9173 260.1238 0115078 158.0009 202.6151 13.96721033127903
1 42335U 00055QB  18213.15138933  .00000505  00000-0  27134-3 0  9995
2 42335  98.7504 281.6268 0031646 248.2580 111.5225 14.17087622124174
1 42402U 00055SW  18212.03339869 +.00000624 +00000-0 +30394-3 0  9991
2 42402 098.9354 305.8090 0041166 184.7501 175.3290 14.21393708125510
1 42285U 95015HB  18213.16338598  .00000438  00000-0  27634-3 0  9999
2 42285  98.8663 206.3406 0037471 271.1228  88.5649 14.09009729161132
1 42319U 95015JM  18212.95393843 +.00000531 +00000-0 +32098-3 0  9991
2 42319 098.8626 208.0250 0034831 263.8372 095.8830 14.10582492170420
1 42386U 00055SE  18212.67862192 +.00000481 +00000-0 +26402-3 0  9998
2 42386 098.8290 288.2050 0025711 160.4071 199.8096 14.16315343126452
1 42446U 83044GG  18213.03222127  .00008156  00000-0  45389-3 0  9995
2 42446  64.9932  70.7808 0084116 245.4333 113.8009 15.11257082 89404
1 42269U 95015GK  18212.42853513 +.00001591 +00000-0 +30903-3 0  9992
2 42269 098.6740 285.5376 0133220 135.5435 225.6548 14.59190940175380
1 42451U 83044GM  18213.08431967  .00085539  00000-0  16156-2 0  9999
2 42451  64.9792  20.7201 0045250 244.9734 114.6706 15.46820311108584
1 42272U 95015GN  18213.21192643  .00000598  00000-0  33697-3 0  9993
2 42272  98.7653 200.4334 0027881 170.0622 190.1108 14.13881817159431
1 42354U 00055QW  18206.42194900 +.00000398 +00000-0 +28196-3 0  9993
2 42354 099.0243 281.6134 0015496 332.6272 027.4076 14.03594091118475
1 42425U 00055TV  18212.37253605  .00000249  00000-0  17695-3 0  9998
2 42425  98.8698 276.3295 0030195  72.6351 287.8115 14.06124438101167
1 42305U 95015HX  18210.44596231 +.00000609 +00000-0 +30789-3 0  9995
2 42305 098.7769 215.4560 0009556 056.1933 304.0151 14.19827541148477
1 42373U 00055RR  18212.57401262 +.00001252 +00000-0 +44359-3 0  9998
2 42373 098.9974 330.1702 0091705 129.2897 231.6464 14.34064194131325
1  4231U 69082CN  18212.96908371 +.00000144 +00000-0 +61604-4 0  9992
2  4231 070.2773 215.2608 0037923 318.9448 040.8830 14.41398618536285
1 42256U 93016DL  15053.40661193 +.00011073 +00000-0 +52194-2 0  9997
2 42256 070.9554 335.3796 0129353 304.8790 063.7745 14.15690330339448
1 42338U 00055QE  18213.01842065  .00001150  00000-0  49747-3 0  9992
2 42338  98.7585 291.8440 0053331 145.1925 215.2762 14.25551622126191
1 42405U 00055SZ  18213.04493022  .00000773  00000-0  37102-3 0  9997
2 42405  98.9863 311.5236 0039077 194.6444 165.3604 14.21545631122416
1 42409U 00055TD  18212.43223238  .00000689  00000-0  32029-3 0  9992
2 42409  98.7866 293.0547 0051993 144.6615 215.8027 14.23124079122541
1 42288U 95015HE  18213.33404204  .00000984  00000-0  32879-3 0  9992
2 42288  98.8065 265.7682 0077650 255.5889 103.6670 14.38118658169177
1 42357U 00055QZ  18212.45644785 +.00000716 +00000-0 +39815-3 0  9991
2 42357 098.8632 285.1882 0016115 138.9599 221.2790 14.14184294126977
1 42322U 95015JQ  18212.17828200  .00001058  00000-0  53405-3 0  9999
2 42322  98.7501 204.9486 0049163 135.3009 225.2145 14.17724311170989
1 42389U 00055SH  18212.24427564  .00004703  00000-0  17614-2 0  9999
2 42389  99.1202 323.3940 0043359 152.0547 208.2976 14.31706788225179
1 42325U 95015JT  18212.96286979 +.00000724 +00000-0 +38711-3 0  9992
2 42325 098.8306 218.5248 0012472 186.8792 173.2212 14.16297103143289
1 42392U 00055SL  18213.02687644  .00001049  00000-0  52418-3 0  9999
2 42392  98.9520 302.8734 0024445 194.5853 165.4619 14.18894112123283
1 42454U 84072Q   18204.23942315 +.00000509 +00000-0 +40868-3 0  9997
2 42454 082.5126 174.1740 0029503 200.5256 159.4724 13.88723865161212
1 42275U 95015GR  18212.96615371  .00001316  00000-0  29296-3 0  9994
2 42275  98.6198 268.2554 0123108 158.8916 201.7424 14.54160718174490
1 42428U 00055TY  18212.45075005 +.00000267 +00000-0 +15171-3 0  9993
2 42428 098.8809 296.9699 0028348 209.9695 149.9859 14.18040866082057
1 42308U 95015JA  18212.20848510  .00001015  00000-0  57163-3 0  9991
2 42308  98.7922 199.9428 0031292 261.6893  98.0731 14.12376244168052
1 42376U 00055RU  18213.32922472  .00001090  00000-0  91565-3 0  9997
2 42376  98.8447 239.2106 0129169 156.1578 204.5635 13.86280955127099
1 42255U 93016DK  18212.81832469 +.00000055 +00000-0 +50226-4 0  9991
2 42255 071.0064 263.2849 0011065 221.9492 259.5788 14.18268956242646
1 42259U 95015FZ  18212.25007638 +.00000395 +00000-0 +20344-3 0  9990
2 42259 098.7728 219.7948 0015204 004.1769 355.9532 14.20721572151127
1 42341U 00055QH  18213.45710623  .00000843  00000-0  38760-3 0  9999
2 42341  98.7657 291.5012 0056739 203.6111 156.2461 14.23011918128200
1 42412U 00055TG  18211.98566609  .00001074  00000-0  55721-3 0  9990
2 42412  98.8151 281.7981 0017386 261.4369  98.4836 14.16841455121897
1 42291U 95015HH  18213.20829729  .00001404  00000-0  67956-3 0  9997
2 42291  98.7528 208.9055 0026266 138.4772 221.8405 14.19910149160033
1 42360U 00055RC  18212.44091352 +.00001608 +00000-0 +73612-3 0  9994
2 42360 098.8863 298.0276 0086782 248.6106 110.5794 14.20868927130021
1 42298U 95015HQ  18208.41585692 +.00000561 +00000-0 +66771-3 0  9996
2 42298 098.7159 079.3994 0283899 215.5806 142.6111 13.55370247141989
1 42328U 95015JW  18213.15842975  .00001533  00000-0  83984-3 0  9992
2 42328  98.7653 197.3361 0039807 219.1801 140.6488 14.12947499143186
1 42395U 00055SP  18213.19728161  .00001024  00000-0  51705-3 0  9991
2 42395  98.9230 298.4533 0033632 147.3589 212.9674 14.18207433125231
1 42457U 84072T   18209.23270976 +.00000078 +00000-0 +55033-4 0  9994
2 42457 082.5336 176.1781 0014923 294.2786 065.6816 13.86003836080816
1 42278U 95015GU  18210.73412229 +.00000755 +00000-0 +45073-3 0  9994
2 42278 098.7933 192.4936 0042763 252.3649 107.2849 14.09808306158612
1 42431U 00055UB  18212.07954143 +.00001113 +00000-0 +57193-3 0  9995
2 42431 098.9830 301.2653 0046551 146.8660 213.5445 14.16846953099868
1 42312U 95015JE  18213.51487199  .00003998  00000-0  51955-3 0  9998
2 42312  98.7500 315.9846 0096091  61.1819 299.8995 14.78136571161473
1 42379U 00055RX  18212.46039189 +.00000932 +00000-0 +45682-3 0  9991
2 42379 098.9037 299.2391 0055164 240.6962 118.8695 14.19505151123992
1 42438U 66040BR  16296.48595033 +.00001068 +00000-0 +21961-2 0  9994
2 42438 100.3461 033.0808 0048242 287.6607 071.9253 13.34986491051265
1 42262U 95015GC  18212.00258464 +.00000771 +00000-0 +31518-3 0  9995
2 42262 098.6878 225.3600 0049750 347.8442 012.1536 14.29480110172074
1 42344U 00055QL  18213.00374088  .00000562  00000-0  26897-3 0  9990
2 42344  98.7739 291.5520 0049832 146.5450 213.8892 14.22363189117918
1 42415U 00055TK  18213.19654075  .00000652  00000-0  34342-3 0  9990
2 42415  98.9357 300.5392 0035352 157.1633 203.1123 14.17192655124623
1 42294U 95015HL  18212.76777953 +.00001034 +00000-0 +60848-3 0  9993
2 42294 098.8041 196.1126 0047368 262.2814 097.2976 14.09650452164469
1 42363U 00055RF  18212.97343828  .00000113  00000-0  10808-3 0  9991
2 42363  98.8858 262.6927 0081545 133.2804 227.5200 13.96958204125197
1 42418U 00055TN  18212.66680047 +.00000429 +00000-0 +25062-3 0  9993
2 42418 098.8423 285.0882 0014973 145.5503 214.6643 14.13586815123616
1 42366U 00055RJ  18212.73550466 +.00001004 +00000-0 +38246-3 0  9992
2 42366 098.8513 312.1369 0077554 137.4344 223.2885 14.31469555128426
1 42301U 95015HT  18212.58095904  .00001891  00000-0  55901-3 0  9996
2 42301  98.7296 255.4998 0076928 232.3564 127.0628 14.42995250160039
1 42331U 95015JZ  18212.97131253 +.00001080 +00000-0 +50510-3 0  9991
2 42331 098.7691 221.0926 0009388 351.0284 009.0725 14.22389333140598
1 42398U 00055SS  18212.40440606  .00000041  00000-0  51732-4 0  9991
2 42398  98.8186 269.3659 0037381  87.9297 272.6151 14.04807578124007
1 42281U 95015GX  18212.85456883 +.00000763 +00000-0 +32393-3 0  9997
2 42281 098.7264 229.6841 0043327 307.4446 052.2796 14.27757806170583
1 42437U 66040BQ  18176.52810121  .00001066  00000-0  21410-2 0  9992
2 42437 100.3303 290.7487 0050250 270.0737  89.4629 13.36543921133212
1 42315U 95015JH  18212.50915222  .00000569  00000-0  25986-3 0  9998
2 42315  98.7696 231.3867 0034201  17.3837 342.8505 14.25124147155774
1 42382U 00055SA  18212.15714690  .00000301  00000-0  20856-3 0  9994
2 42382  98.9639 283.6790 0049302  43.8332 316.6732 14.05945467122773
1 42441U 66040BU  18212.26759300  .00001025  00000-0  21505-2 0  9990
2 42441 100.3217 322.3201 0041811 201.6027 158.3333 13.33864352 78938
1 42265U 95015GF  18212.96305691 +.00000398 +00000-0 +21208-3 0  9998
2 42265 098.7872 217.3102 0007749 062.0587 298.1373 14.18938814138937
1 42347U 00055QP  18213.18985640  .00000764  00000-0  36389-3 0  9995
2 42347  98.8783 301.3860 0055273 213.7270 146.0385 14.21526928131327
1 42421U 00055TR  18212.91612043 +.00000452 +00000-0 +36284-3 0  9990
2 42421 098.8638 254.9180 0100181 137.8495 223.0425 13.93253448088336
1 42369U 00055RM  18213.18279449  .00000691  00000-0  37792-3 0  9990
2 42369  98.8579 289.2279 0009250 263.8768  96.1352 14.15248107126780
1 42334U 00055QA  18213.01987741  .00000494  00000-0  27128-3 0  9998
2 42334  98.8727 292.6530 0018485 206.6484 153.3741 14.16249970102800
1 42401U 00055SV  18212.03781429  .00000861  00000-0  37719-3 0  9994
2 42401  98.8933 306.7734 0070316 196.2354 163.6572 14.25036126125783
1 42284U 95015HA  18212.96117543  .00001907  00000-0  58879-3 0  9997
2 42284  98.8388 267.1878 0057582 269.9812  89.4778 14.41637252162332
1 42318U 95015JL  18213.15589994  .00000906  00000-0  93419-3 0  9997
2 42318  98.7245 105.9927 0238045 140.0047 221.8904 13.66561175149322
1 42385U 00055SD  18212.42144510 +.00000519 +00000-0 +28924-3 0  9990
2 42385 098.8110 283.8281 0009830 218.8461 141.2007 14.15251155118918
1 42445U 83044GF  18211.93020755 +.00033507 +00000-0 +11836-2 0  9991
2 42445 064.9672 049.9444 0064705 243.9419 115.5043 15.27053169102600
1 42268U 95015GJ  18212.08398443 +.00000813 +00000-0 +64861-3 0  9995
2 42268 098.7709 152.5638 0147470 011.6459 348.8051 13.88774684166135
1 42350U 00055QS  18213.00396571 -.00000017  00000-0  15674-4 0  9996
2 42350  98.8032 272.5688 0028043  79.6739 280.7588 14.05938078 91566
1 42271U 95015GM  18212.21665251  .00000863  00000-0  41847-3 0  9992
2 42271  98.7779 217.9199 0007936  73.1362 287.0684 14.20997544159410
1 42353U 00055QV  18213.46376541  .00001146  00000-0  47877-3 0  9996
2 42353  98.8059 300.8715 0060461 152.7996 207.6373 14.27119602130115
1 42424U 00055TU  18212.52070173  .00001333  00000-0  66819-3 0  9998
2 42424  99.0070 305.9040 0031457 162.4628 197.7641 14.18149778119032
1 42304U 95015HW  18212.49902614  .00001634  00000-0  67786-3 0  9993
2 42304  98.7491 228.3967 0019302 347.7672  12.3037 14.27815814158484
1 42372U 00055RQ  18212.45061800 +.00000490 +00000-0 +28293-3 0  9996
2 42372 098.9075 291.8026 0012483 290.3564 069.6267 14.13659507119135
1  4227U 69082CJ  18212.57259367 +.00000247 +00000-0 +42290-4 0  9992
2  4227 069.8806 286.0664 0037453 073.2511 287.2743 14.80927815553020
1 42337U 00055QD  18212.45696264 +.00000815 +00000-0 +35406-3 0  9990
2 42337 098.7724 295.6008 0071702 194.0123 165.9068 14.25540565128862
1 42404U 00055SY  18210.20498972 +.00000717 +00000-0 +11898-3 0  9992
2 42404 098.8688 355.8368 0203788 005.8534 354.4977 14.61179255128645
1 42408U 00055TC  18212.12947845 +.00000425 +00000-0 +27478-3 0  9994
2 42408 098.8845 280.1329 0021671 062.1342 298.2020 14.08071494121377
1 42287U 95015HD  18211.47411449  .00004021  00000-0  15710-2 0  9993
2 42287  98.7527 225.9957 0007191 341.3917  18.7001 14.30133562167502
1 42356U 00055QY  18212.46550891 +.00000841 +00000-0 +43442-3 0  9995
2 42356 098.8956 295.4552 0039961 272.3423 087.3176 14.17399755126923
1 42321U 95015JP  18212.88354906  .00001455  00000-0  55965-3 0  9997
2 42321  98.7212 234.3488 0040456 290.7685  68.9166 14.31495457172606
1 42388U 00055SG  18213.11737991  .00000465  00000-0  26970-3 0  9990
2 42388  98.7478 275.4362 0018136 290.8007  69.1223 14.13457425126259
1 42448U 83044GJ  18212.47249468  .00091585  00000-0  17039-2 0  9999
2 42448  64.9582  23.6681 0050575 250.8717 108.6945 15.46939610113345
1 42453U 84072P   18212.58883901 +.00000500 +00000-0 +41471-3 0  9990
2 42453 082.5335 171.6415 0012533 268.1251 091.8475 13.86962380177487
1 42274U 95015GQ  18212.49735402 +.00001347 +00000-0 +57584-3 0  9994
2 42274 098.7517 227.2291 0019893 343.1224 016.9292 14.26564312171183
1 42427U 00055TX  18212.52059671 +.00000904 +00000-0 +34588-3 0  9992
2 42427 098.8535 312.0804 0082118 129.7313 231.1144 14.31254448102525
1 42307U 95015HZ  18211.55701621  .00008739  00000-0  76216-3 0  9998
2 42307  98.7322 332.7737 0075866  10.2873 349.9876 14.94918584170360
1 42375U 00055RT  18212.66830387 +.00000370 +00000-0 +22331-3 0  9990
2 42375 098.8523 285.0567 0008060 117.8223 242.3766 14.12715592118602
1 42254U 93016DJ  18194.18098957  .00001601  00000-0  55998-3 0  9993
2 42254  70.9835  23.0076 0100785  66.0765 295.0885 14.33847680827996
1 42258U 95015FY  18210.01164025 +.00000815 +00000-0 +67892-3 0  9991
2 42258 098.7521 142.3837 0156233 044.0705 317.2782 13.85689508146973
1 42340U 00055QG  18213.47744618  .00000581  00000-0  37511-3 0  9993
2 42340  99.0442 292.6959 0053199 135.7165 224.8278 14.06235720124583
1 42411U 00055TF  18212.47408808 +.00001193 +00000-0 +53712-3 0  9990
2 42411 098.8622 299.6377 0045803 156.7009 203.6259 14.23655928125303
1 42290U 95015HG  18212.07950096  .00004508  00000-0  75867-3 0  9990
2 42290  98.8018 300.1140 0096298 120.2359 240.8420 14.67082766171611
1 42359U 00055RB  18212.04047419  .00000615  00000-0  32221-3 0  9991
2 42359  98.9078 297.6376 0023388 219.2681 140.6798 14.17925838120274
1 42324U 95015JS  18213.49561948  .00001467  00000-0  66685-3 0  9998
2 42324  98.7876 225.8033 0010216 327.3173  32.7372 14.23313927145673
1 42391U 00055SK  18212.21811788 +.00001335 +00000-0 +65104-3 0  9990
2 42391 099.0198 309.9924 0026855 192.5066 167.5446 14.19670130125922
1 42297U 95015HP  18212.75063055 +.00000755 +00000-0 +46094-3 0  9992
2 42297 098.7883 191.6181 0045994 266.5583 093.0325 14.08470671147936
1 42327U 95015JV  18213.44492283  .00000547  00000-0  28154-3 0  9998
2 42327  98.7794 217.7384 0008842  54.7200 305.4802 14.19338576143845
1 42394U 00055SN  18213.02589850  .00000819  00000-0  38019-3 0  9996
2 42394  98.8949 304.3114 0055129 208.9237 150.8882 14.22694921123749
1 42456U 84072S   18212.64047824 -.00000001  00000-0 -13163-4 0  9992
2 42456  82.5336 173.1225 0032836 229.1702 130.6611 13.86214771188089
1 42277U 95015GT  18213.33325366  .00002249  00000-0  71268-3 0  9992
2 42277  98.7275 250.5559 0050691 271.6485  87.8896 14.40359166161998
1 42430U 00055UA  18212.42638495 +.00001180 +00000-0 +64241-3 0  9998
2 42430 098.9068 287.9835 0004437 116.8338 243.3289 14.14196972099727
1 42310U 95015JC  18213.01273436  .00001508  00000-0  59255-3 0  9994
2 42310  98.7289 232.7533 0035990 298.6159  61.1405 14.30464930158012
1 42378U 00055RW  18213.47561012  .00000579  00000-0  29888-3 0  9994
2 42378  98.8533 295.1195 0028047 193.8902 166.1504 14.18801846124244
1 42261U 95015GB  18212.88336775  .00000085  00000-0  44195-4 0  9996
2 42261  98.6780 245.3797 0089135 275.2960  83.8059 14.34893740153015
1 42343U 00055QK  18211.18748272  .00001767  00000-0  88665-3 0  9995
2 42343  99.0341 298.3553 0050953  84.0993 276.5985 14.17220523116742
1 42414U 00055TJ  18212.74590847 +.00003848 +00000-0 +16341-2 0  9993
2 42414 099.0691 313.2722 0002186 193.8405 166.2714 14.25917317120851
1 42293U 95015HK  18213.25854543  .00000978  00000-0  43902-3 0  9996
2 42293  98.7929 231.8284 0017785 356.1631   3.9409 14.24663168148309
1 42362U 00055RE  18212.33123823  .00000865  00000-0  73702-3 0  9997
2 42362  98.8983 243.8250 0130828 154.6895 206.0748 13.85938053126852
1 42365U 00055RH  18212.47040813  .00000802  00000-0  37872-3 0  9991
2 42365  98.8984 302.9168 0057587 215.9207 143.8093 14.21766942127320
1 42300U 95015HS  18212.24466243  .00000581  00000-0  27769-3 0  9992
2 42300  98.7667 223.5015 0038100  66.4387 294.0786 14.22629488 90021
1 42330U 95015JY  18212.24466153 +.00001295 +00000-0 +57239-3 0  9993
2 42330 098.7549 223.6944 0014990 351.6289 008.4638 14.24925575147110
1 42397U 00055SR  18212.39850569  .00000689  00000-0  38580-3 0  9994
2 42397  98.8293 281.4481 0049899 311.3119  48.3764 14.13362579124721
1 42280U 95015GW  18213.50039832  .00001352  00000-0  63161-3 0  9992
2 42280  98.8061 226.7214 0011753 315.1325  44.8901 14.22002721169936
1 42436U 66040BP  18212.28912052 +.00000232 +00000-0 +53479-3 0  9996
2 42436 100.3558 332.5424 0055712 200.4616 159.4276 13.36652990154496
1 42314U 95015JG  18212.28331012  .00005401  00000-0  53571-3 0  9992
2 42314  98.7466 334.0277 0102156  20.0837 340.4351 14.88410516162217
1 42381U 00055RZ  18212.53055746 +.00001965 +00000-0 +82205-3 0  9998
2 42381 099.0096 318.8400 0051704 180.1280 179.9895 14.26567693124615
1 42440U 66040BT  18212.25882571 +.00000945 +00000-0 +19376-2 0  9998
2 42440 100.3237 324.1687 0062845 200.6877 159.1701 13.35227221118066
1 42264U 95015GE  18212.50435579 +.00002774 +00000-0 +40900-3 0  9996
2 42264 098.7123 308.6635 0135529 092.6827 268.9899 14.70159934176402
1 42346U 00055QN  18213.15075117  .00001770  00000-0  70155-3 0  9997
2 42346  99.0624 328.9947 0065164 145.3995 215.1452 14.29042702129958
1 42417U 00055TM  18211.97086615 +.00000568 +00000-0 +34525-3 0  9994
2 42417 098.8679 280.4091 0031242 000.3779 359.7410 14.10006774123116
1 42420U 00055TQ  18212.05841412 +.00001587 +00000-0 +79102-3 0  9994
2 42420 099.0320 308.0262 0029934 274.2415 085.5339 14.18217471123768
1 42368U 00055RL  18212.41837567 +.00000475 +00000-0 +28825-3 0  9992
2 42368 098.8840 285.3051 0011508 007.2075 352.9260 14.11077603119897
1 42303U 95015HV  18212.16060448  .00001361  00000-0  75683-3 0  9998
2 42303  98.6887 186.6969 0034386 223.0914 136.7565 14.12416547162591
1 42333U 00055PZ  18212.06790172  .00000451  00000-0  28685-3 0  9993
2 42333  98.9875 291.7920 0022008 106.8088 253.5498 14.08757961123152
1 42400U 00055SU  18212.38728957 +.00000372 +00000-0 +23143-3 0  9991
2 42400 098.8239 278.9551 0023427 340.6551 019.3728 14.10820896119594
1 42283U 95015GZ  18212.32719055  .00001156  00000-0  37916-3 0  9997
2 42283  98.7235 252.2618 0082231 241.1665 118.1249 14.38456235170850
1 42317U 95015JK  18212.51280576  .00000853  00000-0  36614-3 0  9994
2 42317  98.7834 236.0407 0030387 355.4968   4.5934 14.27153360154558
1 42384U 00055SC  18212.41177326 +.00000461 +00000-0 +26775-3 0  9997
2 42384 098.8344 283.8986 0016276 293.5107 066.4355 14.13579817123755
1 42443U 78064T   18212.85636402  .00004520  00000-0  10055-2 0  9994
2 42443 107.9590  97.5302 0055277  28.4809 331.9346 14.57463796134563
1 42267U 95015GH  18212.67117458  .00000954  00000-0  69597-3 0  9991
2 42267  98.7539 165.5100 0111035 343.7401  16.0210 13.95565365167344
1 42349U 00055QR  18212.13858031  .00000344  00000-0  21804-3 0  9994
2 42349  98.8620 282.1279 0009683  41.8473 318.3436 14.10454736120243
1 42270U 95015GL  18212.76699415 +.00001394 +00000-0 +73068-3 0  9990
2 42270 098.7663 202.7652 0037934 186.6378 173.4298 14.15496035161588
1 42352U 00055QU  18212.65872698 -.00000690 +00000-0 -34108-3 0  9997
2 42352 098.9164 289.9909 0019096 038.5360 321.7171 14.13664713119842
1 42423U 00055TT  18213.43577145  .00000891  00000-0  52181-3 0  9994
2 42423  98.9541 288.4138 0025267  11.7543 348.4213 14.10731792118404
1 42371U 00055RP  18212.56698988  .00001025  00000-0  46548-3 0  9998
2 42371  99.0582 320.5883 0053143 162.2545 198.0504 14.23376894130381
1 42336U 00055QC  18213.50123407 -.00006216  00000-0 -30714-2 0  9999
2 42336  99.0172 299.3803 0006099 180.2547 179.8625 14.17022090122013
1 42403U 00055SX  18212.19189960 +.00002069 +00000-0 +38576-3 0  9999
2 42403 098.8807 353.7769 0153290 028.4623 332.4839 14.58955344125233
1 42407U 00055TB  18212.68968138  .00000822  00000-0  47588-3 0  9997
2 42407  98.9942 295.2863 0019401   0.6007 359.5184 14.11686097119811
1 42286U 95015HC  18212.76116171  .00000542  00000-0  36269-3 0  9996
2 42286  98.8107 186.5844 0065427 274.6323  84.7374 14.04089300165198
1 42320U 95015JN  18213.27135796  .00000627  00000-0  30795-3 0  9998
2 42320  98.7684 220.8440 0014140   5.1500 354.9820 14.21272627171572
1 42387U 00055SF  18211.98670512  .00000661  00000-0  35964-3 0  9998
2 42387  98.8756 290.6034 0019393 256.2848 103.6167 14.15601095126288
1 42447U 83044GH  18212.62459781 +.00010615 +00000-0 +57669-3 0  9995
2 42447 064.9916 074.4802 0092142 243.2099 115.9579 15.11293736084164
1 42452U 84072N   18180.31163210  .00000878  00000-0  74172-3 0  9990
2 42452  82.5496 197.9346 0021235   5.9201 181.1941 13.86626268126992
1 42273U 95015GP  18212.23690319  .00001405  00000-0  61118-3 0  9995
2 42273  98.7547 224.6831 0015454 347.8073  12.2731 14.25634396162791
1 42355U 00055QX  18212.97869806  .00000096  00000-0  87650-4 0  9991
2 42355  98.8833 275.0779 0042056  63.2910 297.2553 14.03836902125877
1 42426U 00055TW  18212.39789505  .00000339  00000-0  21479-3 0  9999
2 42426  98.7695 272.4282 0016977 104.4841 255.8214 14.10321263101320
1 42306U 95015HY  18213.25171956  .00001158  00000-0  51310-3 0  9994
2 42306  98.7587 225.1757 0034587  62.7238 297.7457 14.24748954152372
1 42374U 00055RS  18213.01235123  .00000653  00000-0  38088-3 0  9996
2 42374  98.9015 285.9769 0016938  91.2656 269.0456 14.11945968118758
1 42253U 93016DH  18212.29124394  .00001316  00000-0  55399-3 0  9998
2 42253  70.9550 185.4845 0116135 198.9738 160.7046 14.24013593823145
1 42257U 95015FX  18213.09673822  .00000883  00000-0  30668-3 0  9997
2 42257  98.7951 261.7199 0067738 279.8844  79.4699 14.36838220144043
1 42339U 00055QF  18212.22045331 +.00000789 +00000-0 +41837-3 0  9995
2 42339 099.0247 307.1283 0023675 264.3923 095.4550 14.16512032117844
1 42406U 00055TA  18213.01502855  .00000167  00000-0  11047-3 0  9997
2 42406  98.8427 288.5089 0017063 265.5489  94.3734 14.14168089121828
1 42410U 00055TE  18213.00094250  .00000608  00000-0  29605-3 0  9995
2 42410  98.8156 294.4116 0046311 214.0642 145.7560 14.21299994125603
1 42289U 95015HF  18213.14827957  .00000746  00000-0  46427-3 0  9996
2 42289  98.8320 194.4464 0057323 284.3526  75.1284 14.07237791165593
1 42358U 00055RA  18212.41219745  .00000795  00000-0  46055-3 0  9993
2 42358  98.9157 285.8504 0054353 327.5555  32.2278 14.11048179 91692
1 42323U 95015JR  18212.19865742 +.00000020 +00000-0 +32764-4 0  9998
2 42323 098.7959 210.6646 0002217 326.2345 033.8687 14.15085652145423
1 42390U 00055SJ  18212.64809345 +.00000378 +00000-0 +21380-3 0  9996
2 42390 098.8162 286.8525 0018609 183.2703 176.8352 14.15971260125981
