1 00225U 61015BM  18212.42529860  .00000017  00000-0  36821-4 0  9994
2 00225  66.7989 225.9006 0115682 215.2822 144.0583 14.31209419945765
1 00227U 62002B   18213.15077558 -.00000069  00000-0  31353-4 0  9999
2 00227  48.1472 281.1922 0131600 111.6530 249.8438 14.38183764950773
1   228U 62002C   18212.63195327 -.00000040 +00000-0 +17212-4 0  9994
2   228 048.4294 278.3620 0014598 128.5000 231.7235 15.00873333008033
1 00230U 61015BN  18213.17996589 -.00000048  00000-0  20604-4 0  9996
2 00230  66.8833 274.8994 0086959  86.6971 274.4055 13.96061165904590
1   234U 61015BS  18212.78317550 -.00000012 +00000-0 +42355-4 0  9999
2   234 066.8772 105.9033 0065372 058.1761 302.5667 14.02112154907869
1   235U 61015BT  18212.54505096 +.00000059 +00000-0 +70720-4 0  9995
2   235 066.9550 275.2814 0168361 334.6401 024.6492 14.08503727915883
1 00243U 61015BY  18213.46375237  .00000171  00000-0  17998-3 0  9990
2 00243  66.4652  15.9755 0025000 143.6753 216.6029 13.96919186881611
1 00244U 61015BZ  18212.68102155 -.00000027  00000-0  36948-4 0  9999
2 00244  66.8415  92.2921 0073819 324.3354  35.2807 13.94572233898244
1 02334U 65020EH  18213.15946856  .00000242  00000-0  43658-3 0  9991
2 02334  55.6719 134.0346 0595400  94.7759 272.1386 13.09143094474527
1  2353U 66024C   18212.67785691 +.00000072 +00000-0 +54908-4 0  9993
2  2353 089.4174 198.8254 0156015 129.5667 231.9401 13.76050180619185
1 02386U 66024D   18213.22013933  .00000020  00000-0  78705-5 0  9999
2 02386  90.1385 303.1019 0132019  96.8532 264.7676 13.79927171306928
1 22426U 92093DT  18212.59329955 +.00000419 +00000-0 +20323-3 0  9997
2 22426 071.3522 172.2305 0136906 134.2122 339.0862 14.18779229314164
1 22430U 92093DX  18212.76941064 -.00000011 +00000-0 +22603-4 0  9995
2 22430 071.2335 243.5234 0114539 068.0119 049.0055 13.94668711299150
1 22432U 92093DZ  18213.13728344  .00000167  00000-0  13409-3 0  9997
2 22432  70.8356 106.5570 0106400 237.9863 275.5269 14.02081184302186
1 22433U 92093EA  18212.83543582  .00000914  00000-0  29271-3 0  9997
2 22433  71.1615 160.4681 0080791 226.9354 132.5002 14.40368165320678
1 22435U 92093EC  18213.57159837  .00000945  00000-0  29858-3 0  9992
2 22435  71.3405  58.6402 0080132  89.8493 302.3043 14.40814547318328
1 22436U 92093ED  18212.94884167 +.00000137 +00000-0 +41779-4 0  9994
2 22436 071.5134 037.6612 0059966 019.1137 130.1028 14.56594930344565
1 22437U 92093EE  18212.53265270 +.00000323 +00000-0 +11462-3 0  9990
2 22437 071.3347 247.2040 0044205 279.5854 080.0291 14.40829252333263
1 22438U 92093EF  18212.65756427 +.00002328 +00000-0 +30983-3 0  9999
2 22438 071.3288 290.5325 0032884 085.9158 065.2119 14.80443967331789
1 22442U 92093EK  18212.62683810  .00000455  00000-0  21169-3 0  9991
2 22442  71.1070 154.2394 0138945 252.0161 106.5781 14.20727054308626
1 22443U 92093EL  18212.60794205  .00000984  00000-0  35337-3 0  9990
2 22443  71.1001 275.9117 0071469 215.1865 297.9538 14.34867023315307
1 22444U 92093EM  18213.13657587  .00000148  00000-0  11411-3 0  9990
2 22444  71.3218  11.9442 0079419  41.8266  72.4487 14.05849869308139
1 22445U 92093EN  18213.32072972 -.00000023  00000-0  11804-4 0  9991
2 22445  71.2751 179.2147 0065696   1.4176 358.7120 14.11696081312339
1 22451U 92093EQ  18212.88458868 -.00000004 +00000-0 +27761-4 0  9998
2 22451 071.1374 164.8590 0130552 147.2304 246.0155 13.93460559298781
1 22453U 92093ES  18212.97670269 +.00000145 +00000-0 +14939-3 0  9998
2 22453 070.8036 198.5928 0173899 209.5243 182.0381 13.85397954288292
1 22454U 92093ET  18212.90924356 +.00000001 +00000-0 +31107-4 0  9999
2 22454 070.9160 194.2196 0104882 069.3332 291.8988 13.98258817302612
1 22455U 92093EU  18213.46333220  .00001202  00000-0  54353-3 0  9997
2 22455  70.8721  82.1673 0121906  46.7890  18.5865 14.20197953304927
1 22456U 92093EV  18212.75983899  .00000985  00000-0  45724-3 0  9991
2 22456  71.2535 135.8830 0123108 260.9904 127.1303 14.19102181303503
1 22458U 92093EX  18212.88076873 +.00000018 +00000-0 +41682-4 0  9999
2 22458 070.8538 016.9472 0072073 130.2413 019.2308 14.01402072305570
1 22459U 92093EY  18212.85125149 +.00000937 +00000-0 +29824-3 0  9991
2 22459 071.1784 004.4560 0084572 075.2274 074.0203 14.40347618315388
1 22468U 92093FH  18212.73684392 +.00000862 +00000-0 +32091-3 0  9995
2 22468 071.1640 240.4685 0102351 302.8511 056.2799 14.31947057307957
1 22471U 92093FL  18213.46723321  .00001375  00000-0  33693-3 0  9995
2 22471  71.1312  21.3950 0063914 192.9415 198.1033 14.53051354323764
1 22473U 92093FN  18212.11884321 +.00000886 +00000-0 +29506-3 0  9990
2 22473 071.3409 265.6484 0090153 290.6509 098.4276 14.37994184311368
1 22474U 92093FP  18212.81925230 +.00000861 +00000-0 +57774-3 0  9994
2 22474 071.3076 329.3362 0176203 258.6005 272.8826 13.96205884287006
1 22475U 92093FQ  18212.90508553 +.00001147 +00000-0 +20519-3 0  9995
2 22475 071.2927 032.9221 0038740 239.1774 120.5565 14.68645584338025
1 22476U 92093FR  18211.78393872 -.00000159  00000-0 -16561-3 0  9993
2 22476  71.5478 349.1666 0488756   9.9546 351.0792 13.20521444222886
1 22477U 92093FS  18213.37147465  .00000460  00000-0  82269-4 0  9998
2 22477  70.8689 184.1846 0068667  83.9581  66.7636 14.71385261351675
1 22478U 92093FT  18212.09485837 +.00001106 +00000-0 +20049-3 0  9990
2 22478 071.3184 096.2826 0037429 231.3305 128.4498 14.68152755336679
1 22480U 92093FV  18212.80139774  .00000372  00000-0  12852-3 0  9995
2 22480  71.1187 148.1374 0076113 333.4674  54.2416 14.40524507319040
1 22481U 92093FW  18212.70222924  .00005970  00000-0  56422-3 0  9995
2 22481  71.2595 108.9127 0029890  68.7962 291.6392 14.93771652324165
1 22493U 92093GC  18212.08112621 +.00000083 +00000-0 +37242-4 0  9991
2 22493 071.0408 092.7606 0107695 129.7653 231.3033 14.44436656354665
1 22494U 92093GD  18212.54856748 +.00000593 +00000-0 +41866-3 0  9990
2 22494 070.8234 274.0049 0186596 286.9781 139.6199 13.94085918286540
1 22495U 92093GE  18212.75279848 +.00001593 +00000-0 +44285-3 0  9993
2 22495 071.1808 319.3154 0016079 028.6852 128.7337 14.47849155318662
1 22496U 92093GF  18212.78489866  .00000019  00000-0  43454-4 0  9990
2 22496  71.2167 131.4704 0088761  64.8073 327.4875 13.97022844301197
1 22499U 92093GJ  18213.36661242  .00001314  00000-0  40238-3 0  9993
2 22499  71.4050 175.5175 0075018  28.4424 126.6658 14.41878190314488
1 22500U 92093GK  18212.12748064  .00000087  00000-0  58375-4 0  9995
2 22500  70.8496 109.7851 0064709 187.6174 172.3976 14.24136471320526
1 22502U 92093GM  18212.39076050 +.00000027 +00000-0 +54663-4 0  9995
2 22502 070.8172 054.3473 0153104 073.9356 353.1753 13.88133324294830
1 22503U 92093GN  18213.50895657  .00020974  00000-0  75327-3 0  9994
2 22503  71.1722 239.9270 0003408 152.9650 207.1712 15.28630087341681
1 22504U 92093GP  18212.15385512  .00000841  00000-0  23030-3 0  9994
2 22504  71.2965 277.3927 0062979  65.7978 322.5618 14.48823215324012
1 22509U 92093GU  18212.02266993 +.00000296 +00000-0 +17039-3 0  9992
2 22509 071.1334 214.0669 0126946 260.3068 132.2265 14.13035679307729
1 22532U 70025QN  18213.05838470  .00000315  00000-0  45256-3 0  9992
2 22532 100.0632 255.2947 0002680 278.1684 111.2815 13.64394322260839
1 22533U 70025QP  18213.35787112  .00000331  00000-0  46948-3 0  9999
2 22533 100.0870 245.9782 0002388 334.4411 144.0504 13.64870587260512
1 22537U 92093GX  18212.86007774 +.00000241 +00000-0 +16773-3 0  9999
2 22537 071.1753 110.1755 0113340 142.1507 218.7650 14.04806794299447
1 22543U 92093HD  18211.83231572 +.00001025 +00000-0 +38206-3 0  9993
2 22543 071.3612 266.5075 0091404 255.3519 227.1997 14.31910636308830
1 22544U 92093HE  18212.92017074 +.00001248 +00000-0 +47128-3 0  9994
2 22544 071.2456 019.8573 0126991 212.4682 301.0919 14.28818542301897
1 22545U 92093HF  18212.66116715 -.00000136 +00000-0 -11805-3 0  9998
2 22545 071.5618 289.3274 0415939 018.0916 132.7685 13.37336368236870
1 22546U 92093HG  18213.17694576  .00001082  00000-0  37621-3 0  9995
2 22546  71.3761 230.0223 0083467 175.7740 184.4120 14.35646734310778
1 22547U 92093HH  18212.86894238 +.00001379 +00000-0 +33116-3 0  9992
2 22547 071.4371 018.2995 0060587 178.4833 181.6509 14.54015648324725
1 22549U 92093HK  18212.97097317 +.00000019 +00000-0 +34732-4 0  9995
2 22549 071.2283 041.4578 0112889 338.5179 096.5066 14.09855009305248
1 22551U 92093HM  18213.28946000 -.00000001  00000-0  32214-4 0  9990
2 22551  70.8634 184.9800 0096424 215.1583 144.3143 13.96128634302070
1 22552U 92093HN  18212.99383924  .00001752  00000-0  26555-3 0  9991
2 22552  71.0650 335.0042 0020451 149.0573 211.1791 14.75536316335278
1 22554U 92093HQ  18212.23812948 +.00000944 +00000-0 +31407-3 0  9997
2 22554 071.4014 138.7523 0075203 039.9463 109.9094 14.38491899318333
1 22567U 93014C   18212.81472164 +.00000191 +00000-0 +61625-4 0  9991
2 22567 075.7551 160.7210 0163378 045.0244 336.5791 14.35349919320410
1 22568U 93014D   18212.24750674 +.00000215 +00000-0 +67857-4 0  9994
2 22568 075.7505 145.3673 0164346 040.3430 121.9424 14.35913456320730
1 22571U 92093HT  18212.30668298  .00001084  00000-0  49897-3 0  9999
2 22571  71.3559 320.5256 0138420 212.1872 147.0752 14.18262062292879
1 22574U 92093HW  18212.94689396 +.00000699 +00000-0 +42517-3 0  9997
2 22574 071.0873 044.7648 0143963 182.1803 329.4394 14.04535795296183
1 22575U 93016C   18212.88129993 +.00000010 +00000-0 +50594-4 0  9991
2 22575 071.0034 170.8411 0208473 287.2105 100.6349 13.72610333269312
1 22576U 93016D   18212.51370463 -.00000027 +00000-0 +15760-4 0  9997
2 22576 070.9954 152.6577 0202160 317.7361 160.9858 13.72893830269626
1 22579U 93016G   18212.83542102 +.00000006 +00000-0 +16791-4 0  9997
2 22579 071.0303 155.1976 0107177 359.6483 030.7737 14.44201116333758
1 22598U 92093HX  18213.09968844  .00000049  00000-0  61941-4 0  9990
2 22598  70.6444 255.3982 0089785 126.6549 234.2861 14.01570181304233
1 22599U 93014E   18212.80290184 +.00000249 +00000-0 +72540-4 0  9997
2 22599 075.7561 069.6415 0150299 272.1771 086.2190 14.41119776324190
1 22601U 93016K   18212.95569367 -.00000034 +00000-0 +70903-5 0  9996
2 22601 071.0439 035.5376 0175600 092.2814 269.8407 13.78399765274626
1 22602U 93016L   18212.90727883 -.00000003 +00000-0 +37849-4 0  9998
2 22602 071.0426 183.2351 0202546 238.3621 149.5483 13.73423762270013
1 22605U 93016P   18212.61966929 +.00000054 +00000-0 +75421-4 0  9998
2 22605 070.9993 021.1321 0132738 275.8488 215.3573 13.89848569284337
1 22606U 93016Q   18212.87236003  .00000055  00000-0  78176-4 0  9991
2 22606  71.0013 169.8562 0150917  25.8297   4.8030 13.86582449280187
1 22609U 93016T   18212.77548742 +.00000081 +00000-0 +99330-4 0  9993
2 22609 070.9941 133.5169 0138480 029.1608 001.2255 13.87048827280888
1 22610U 93016U   18213.44695673 -.00000025  00000-0  16343-4 0  9998
2 22610  71.0023 295.2560 0212675  32.7410 328.6661 13.67682386265549
1 22611U 93016V   18212.94009338 +.00000014 +00000-0 +51673-4 0  9992
2 22611 070.9931 030.0986 0172590 221.3580 291.8439 13.77592934273079
1 22612U 93016W   18212.67400759 +.00000636 +00000-0 +32352-3 0  9997
2 22612 070.9837 306.7566 0087557 006.5649 063.3325 14.17700724297276
1 22613U 93016X   18212.84853750 +.00000047 +00000-0 +82317-4 0  9993
2 22613 070.9992 165.7193 0199572 303.8171 081.7003 13.74847609269230
1 22614U 93016Y   18211.77887216 +.00000025 +00000-0 +55099-4 0  9992
2 22614 070.9999 127.0710 0130933 019.6369 011.3015 13.87453000280913
1 22615U 93016Z   18211.20850073 +.00000133 +00000-0 +13357-3 0  9992
2 22615 071.0037 124.4874 0137491 010.8299 139.0294 13.89923341281114
1 22616U 93016AA  18213.47892541 -.00000003  00000-0  38459-4 0  9998
2 22616  70.9951 139.8604 0189991 297.3597 180.0812 13.73299724270051
1 22617U 93016AB  18212.75976821 +.00000101 +00000-0 +11152-3 0  9991
2 22617 071.0025 139.5390 0138100 025.1323 002.4670 13.88573851280721
1 22618U 93016AC  18212.57128625 -.00000000 +00000-0 +36319-4 0  9995
2 22618 070.9917 270.0814 0156398 122.2286 239.4089 13.81958299276770
1 22645U 93016AF  18212.79925937 +.00000107 +00000-0 +12374-3 0  9991
2 22645 070.9888 331.2619 0173814 169.5491 353.2548 13.82653459274228
1 22665U 92093JA  18212.28049639  .00000176  00000-0  13461-3 0  9991
2 22665  71.0785 162.8168 0068263 141.3783  10.7549 14.05112070297369
1 22706U 93041C   18213.47404534  .00000149  00000-0  41325-4 0  9993
2 22706  89.2845 294.1006 0030103  22.7072 105.8726 14.41319624315254
1 22707U 93041D   18213.36289038  .00000079  00000-0  26770-4 0  9991
2 22707  90.1017 253.6325 0145437   3.8728 356.3552 14.23509425300193
1 22801U 93050C   18213.49474008  .00004544  00000-0  37369-3 0  9999
2 22801  98.9829  44.7025 0002577   2.7397  27.6127 14.99766658315141
1 22804U 93059C   18212.58050530 -.00000055 +00000-0 -10234-4 0  9998
2 22804 070.9736 056.2121 0212996 238.7459 150.3227 13.71315242244216
1 22805U 93059D   18212.65442878 -.00000076 +00000-0 -30774-4 0  9991
2 22805 070.9717 087.9632 0214643 292.0265 095.9671 13.70049101243171
1 22806U 93059E   18212.96106282 -.00000012 +00000-0 +27449-4 0  9996
2 22806 071.0191 040.2204 0200168 134.7788 014.9901 13.73210171246064
1 22807U 93059F   18212.08771358 -.00000036  00000-0  65247-5 0  9997
2 22807  71.0164  79.4097 0207593 190.2081 323.6420 13.71902523245007
1 22812U 92093JB  18212.94473486 +.00000341 +00000-0 +24867-3 0  9995
2 22812 070.6887 188.9959 0139334 212.9282 146.3096 13.98851401279761
1 22816U 92093JC  18212.54434914  .00000901  00000-0  42448-3 0  9995
2 22816  71.4610  59.1295 0127800  23.5668   6.1884 14.18139523297685
1 22840U 91009CK  18212.14584219 -.00000191 +00000-0 -12768-2 0  9992
2 22840 073.9572 109.5461 0177889 035.4667 117.7344 12.38288635173215
1 22841U 91009CL  18212.25065191 -.00000004  00000-0  10379-3 0  9997
2 22841  74.0437 132.8106 0129917 328.5734 193.1934 12.22917708223103
1 22842U 91009CM  18213.30272172  .00000029  00000-0  33845-3 0  9993
2 22842  73.8825  65.9915 0140385 134.9092 342.0225 12.35995603235143
1 22843U 91009CN  18209.90538598 +.00000097 +00000-0 +78080-3 0  9997
2 22843 074.0251 171.0298 0239184 005.8276 023.2150 12.37980175136706
1 22849U 92089D   18213.31925712  .00030971  10534-5  21076-3 0  9995
2 22849  34.9141 221.2229 2354946  70.7601 313.1635 10.86586677635542
1 22919U 88023D   18212.96737560 +.00000241 +00000-0 +18390-3 0  9992
2 22919 082.9474 032.3147 0034314 277.5810 235.4902 13.89593826407273
1 23007U 93036C   18213.55746544  .00000124  00000-0  46370-4 0  9999
2 23007  74.0269  63.0090 0011804 356.9955  24.9407 14.41486122315240
1 23089U 94023C   18212.69257882 -.00000069 +00000-0 -25874-4 0  9998
2 23089 071.0253 321.1649 0197233 096.5237 265.8359 13.73616146216448
1 23090U 94023D   18212.64841259 -.00000016 +00000-0 +24015-4 0  9999
2 23090 071.0330 284.9819 0191821 032.2926 328.9748 13.74990139217666
1 23091U 94023E   18212.67754119 +.00000014 +00000-0 +52840-4 0  9995
2 23091 070.9837 296.0605 0201448 167.4597 344.7372 13.73105857216006
1 23094U 94023F   18212.88468927 -.00000057 +00000-0 -13867-4 0  9995
2 23094 070.9868 286.5862 0199910 124.7944 354.9368 13.73617941216374
1 23250U 94057D   18212.63902928 +.00001011 +00000-0 +28721-3 0  9996
2 23250 098.2674 263.4783 0009430 117.1528 034.2606 14.47383725248362
1 23254U 90081CK  18213.49297987  .00000122  00000-0  56025-4 0  9991
2 23254  98.7628 217.6281 0072935 117.1720  34.5099 14.35986450272039
1 23258U 90081CP  18212.89741204 +.00000062 +00000-0 +51979-4 0  9990
2 23258 098.6608 237.4787 0022970 049.0688 311.2471 14.16903810351878
1 23259U 90081CQ  18211.84110098  .00000225  00000-0  11183-3 0  9999
2 23259  98.5589 233.8178 0019606 158.9088 201.2905 14.26017634399240
1 23260U 90081CR  18212.55383604  .00000907  00000-0  17507-3 0  9998
2 23260  98.0427 234.7209 0016004  46.7704 106.1249 14.65687108417798
1 23261U 90081CS  18212.53618990 +.00000488 +00000-0 +15936-3 0  9994
2 23261 098.4045 233.6214 0027427 107.3642 044.8630 14.42543953425491
1 23263U 91009CU  18211.80184494  .00000122  00000-0  14309-2 0  9990
2 23263  74.1488 152.4872 0156237 263.3212 124.2750 12.10435317 92146
1 23264U 91009CV  11247.18235453 -.00000004 +00000-0 +10000-3 0  9991
2 23264 074.0774 302.6485 0239508 199.8045 159.3673 12.11746773779443
1 23265U 91009CW  18212.44265212  .00000107  00000-0  10285-2 0  9993
2 23265  73.9987  25.1356 0155312 314.3715  69.7603 12.28309649226315
1 23275U 92093JF  18212.50424528 +.00000042 +00000-0 +59025-4 0  9997
2 23275 071.2443 237.6913 0104694 058.1827 302.9429 13.96283990259283
1 23282U 92093JG  18212.86203199 +.00000790 +00000-0 +34559-3 0  9997
2 23282 071.1865 162.4522 0087609 244.8512 149.1387 14.24740211261755
1 23292U 85118P   18212.84433179 -.00000040  00000-0 -57636-4 0  9991
2 23292  65.4213 357.9315 5522021  87.9473 331.1459  4.44960483411733
1 23293U 85118Q   18210.23317512 -.00000086 +00000-0 -18122-3 0  9991
2 23293 065.3973 297.0402 5679726 006.1845 005.8929 04.26825023382675
1 23297U 85118U   18209.53075191 +.00000048 +00000-0 +00000-0 0  9999
2 23297 067.1039 250.5590 4934030 096.1806 320.0814 04.68810575425340
1 23302U 92093JH  18212.33913248  .00000075  00000-0  68446-4 0  9994
2 23302  71.1291 329.1319 0127018  14.0779  17.1074 14.06047323249036
1 23303U 93059G   18213.30317692  .00000985  00000-0  13060-3 0  9998
2 23303  71.1076 155.9251 0021104 291.6204 228.8970 14.82529016318843
1 23308U 74105C   18213.22453052  .00000286  00000-0  21913-3 0  9996
2 23308  82.9462 299.0519 0023189 132.7547 246.9840 13.89897666276951
1 23309U 75052JY  18212.69346097 +.00000130 +00000-0 +60949-3 0  9999
2 23309 099.7129 116.7308 0384391 199.3643 189.1997 12.71217508260203
1 23310U 75052JZ  18212.92588002 -.00000003 +00000-0 +10797-3 0  9997
2 23310 099.8438 207.7238 0324059 011.5176 017.0936 12.89179650214129
1 23344U 94074C   18212.61253515 +.00000038 +00000-0 +19333-4 0  9996
2 23344 098.2858 265.8565 0128495 014.0574 139.7390 14.53748737254658
1 23345U 94074D   18212.33232733  .00000085  00000-0  39586-4 0  9999
2 23345  97.8217 243.1515 0196798 191.9424 232.3901 14.30262671236366
1 23346U 94074E   18212.89561221 +.00000101 +00000-0 +44834-4 0  9999
2 23346 098.3784 330.4333 0182019 004.6856 355.5980 14.33503176238548
1 23347U 94074F   18212.55234174 +.00000024 +00000-0 +15365-4 0  9998
2 23347 097.7703 073.0574 0136267 124.2006 267.1459 14.50743772252272
1 23406U 94077C   18212.64273447 -.00000039 +00000-0 +26503-5 0  9997
2 23406 071.0317 279.4341 0201506 052.1220 021.5540 13.72729566186169
1 23407U 94077D   18212.58718933 -.00000051 +00000-0 -77371-5 0  9999
2 23407 071.0328 270.4401 0199989 016.0260 054.2248 13.73090119186483
1 23408U 94077E   18212.67554667 +.00000042 +00000-0 +80345-4 0  9994
2 23408 070.9879 299.1202 0211873 130.8234 304.2140 13.70631703184364
1 23410U 94077G   18212.83841635 +.00000010 +00000-0 +52219-4 0  9993
2 23410 070.9816 006.0859 0223454 210.7550 222.4013 13.68132787182204
1 23418U 94077J   18212.51459073 +.00000112 +00000-0 +91255-4 0  9993
2 23418 071.0078 030.1190 0078355 192.4361 167.4827 14.07793208258192
1 23433U 94083C   18212.85172385 +.00000114 +00000-0 +45665-4 0  9998
2 23433 074.0070 221.8303 0010331 146.7929 282.0031 14.38785489235755
1 23434U 94083D   18213.40925205  .00000093  00000-0  42876-4 0  9995
2 23434  74.0315 356.7224 0011445 161.2774 229.9768 14.33645951232001
1 23457U 94089B   18212.82591287 +.00002438 +00000-0 +26714-3 0  9997
2 23457 098.9109 341.2423 0002378 143.5599 216.5777 14.88892688242212
1 23485U 94085H   18212.90721916 +.00000522 +00000-0 +15742-1 0  9996
2 23485 064.6580 193.5680 0142661 289.7712 068.7876 11.29612033972436
1 23486U 94085J   18212.03990435  .00000613  00000-0  19054-1 0  9996
2 23486  64.9137  61.1194 0165850  75.2088  77.1203 11.25102892968703
1 23487U 94085K   18213.13604940 -.00000038  00000-0  10826-3 0  9994
2 23487  64.9366 258.6034 0164634  27.3675   1.6335 11.30361783974081
1 23492U 94085Q   18212.55615409 -.00000042 +00000-0 +24146-4 0  9993
2 23492 064.9471 244.3648 0172070 012.2270 146.5667 11.31110187973856
1 23493U 94085R   18212.50483921 -.00000043  00000-0 -14026-4 0  9999
2 23493  64.9373 228.6901 0138428  23.8957 130.0811 11.31656247975060
1 23494U 94085S   18213.25933441  .00006561  00000-0  12489+0 0  9995
2 23494  64.9464 295.5576 0293219 276.1530 116.7865 11.55941535983548
1 23495U 94085T   18213.22873410 -.00000009  00000-0  89846-3 0  9999
2 23495  65.0238 282.9982 0189819 290.4897  97.1756 11.31027093974736
1 23535U 95015C   18212.87723878 +.00000836 +00000-0 +21912-3 0  9997
2 23535 098.6705 014.1297 0005452 063.7144 296.4610 14.51913289220634
1 23564U 94085V   18212.89725779 -.00000069 +00000-0 -67125-3 0  9995
2 23564 064.9943 160.0040 0200118 313.3336 080.9225 11.34801353961654
1 23706U 95058C   18213.30576097 -.00000077  00000-0 -32079-4 0  9998
2 23706  71.0024 319.5674 0199523 169.5761 223.1528 13.73683089140414
1 23707U 95058D   18212.89027277 -.00000027 +00000-0 +15828-4 0  9990
2 23707 070.9981 002.8082 0207319 231.0822 289.3160 13.71849035138692
1 23708U 95058E   18212.68381905 -.00000011 +00000-0 +27783-4 0  9995
2 23708 071.0522 295.0915 0185250 058.4746 091.7896 13.75999078142213
1 23709U 95058F   18212.82985170 -.00000004 +00000-0 +34564-4 0  9993
2 23709 071.0412 341.6563 0197589 138.6100 023.4729 13.74074084140408
1 23820U 66077D   18073.27111521  .00000006  00000-0  00000+0 0  9995
2 23820  88.8428 191.4913 0934390  65.9763 303.6024  8.87309266820701
1 23821U 66077E   13306.91394010 +.00000072 +00000-0 +12291-1 0  9997
2 23821 089.6241 284.5444 1378585 330.6787 022.3094 08.70869391493186
1 23829U 66077F   16302.40129637  .00000167  00000-0  34269-1 0  9993
2 23829  89.4636 274.4596 1261834 124.1391  30.2694  8.65518875737740
1 23830U 66077G   16127.87998881  .00000270  00000-0  27440-1 0  9994
2 23830  89.1085 103.2481 1706943   2.8659  16.8109  8.70772048692733
1 23832U 66077H   08072.29652558 -.00000000 +00000-0 +10000-3 0  9998
2 23832 088.9333 005.1218 1778761 311.3959 033.9561 08.68297062423485
1 23836U 78007D   18212.90859030  .00000258  00000-0  16955-3 0  9996
2 23836  82.9337 182.4237 0044111  17.0721  12.3414 13.97797365528111
1 23837U 66077J   13031.29337205 -.00000039 +00000-0 -84153-2 0  9995
2 23837 089.6082 148.8275 1287904 159.2802 246.0097 08.70352854111880
1 23838U 66077K   09165.53107625 +.00000007 +00000-0 +10000-3 0  9991
2 23838 087.7563 182.8860 1017861 082.4215 288.6825 08.84962651441626
1 23933U 61028G   16360.55419484 -.00000004  00000-0  00000+0 0  9997
2 23933  95.8896 286.5123 0760870 200.3341 286.6615  8.70687693814006
1 23952U 66077M   18127.30524675  .00001379  00000-0  15262-1 0  9995
2 23952  87.2583 318.0725 2279590 298.9701   0.8305  9.20565389794892
1 23975U 94029V   18213.17820614  .00001386  00000-0  13111-3 0  9992
2 23975  82.4449 121.5475 0184340 182.8645 177.1533 14.80809967146637
1 23986U 94029AG  18212.93232906 +.00000348 +00000-0 +26423-4 0  9996
2 23986 082.0454 067.8218 0071464 158.7866 266.8112 14.96958476197628
1 24007U 94029BC  18212.83945556 +.00000145 +00000-0 +12108-4 0  9992
2 24007 081.9267 338.2846 0081331 354.0393 171.3037 14.88880341195669
1 24051U 94029CY  18213.57068553  .00000411  00000-0  10904-3 0  9993
2 24051  81.2928 301.4469 0461768  19.9668  39.8459 13.98446060112320
1 24091U 94029EN  18212.60093168 +.00000185 +00000-0 +15741-4 0  9993
2 24091 081.9986 066.2428 0085854 346.1954 031.1402 14.89236292200705
1 24097U 94029EU  18213.23101717  .00000633  00000-0  38550-4 0  9990
2 24097  81.9975 133.6513 0069629 204.4842 155.3073 15.06605585205205
1 24102U 94029EZ  18212.91890610 +.00014403 +00000-0 +15132-3 0  9998
2 24102 081.8631 013.5181 0008024 290.6261 069.4135 15.64133253241667
1 24126U 94029FZ  18213.12534076  .00000242  00000-0  59932-4 0  9992
2 24126  81.8100 149.0401 0357895   8.1521  91.6241 14.16376241145006
1 24129U 94029GC  18213.55090237  .00000174  00000-0  44597-4 0  9993
2 24129  81.4795 248.5754 0593468 339.2201 175.7720 13.75614281103241
1 24138U 94029GM  18212.91911569 +.00001293 +00000-0 +10974-3 0  9996
2 24138 081.5591 075.8223 0118234 198.2847 161.4104 14.91839646168816
1 24151U 94029HA  18212.62156769  .00000212  00000-0  35037-4 0  9990
2 24151  82.0206  74.4005 0167456  57.2412 304.4798 14.56588818173542
1 24163U 94029HN  18213.51568500  .00000565  00000-0  36240-4 0  9990
2 24163  82.0577  50.5037 0049154  60.3457 328.8748 15.05503804201425
1 24165U 94029HQ  18213.07334477  .00000332  00000-0  61673-4 0  9997
2 24165  82.1854 331.8324 0275303  48.8442 313.6147 14.40411183141583
1 24197U 94029JY  18213.47082150  .00000158  00000-0  17476-4 0  9992
2 24197  82.0916 268.1719 0089191 311.8898 145.1461 14.78345496271093
1 24213U 94029KL  18212.57738909  .00000164  00000-0  38290-4 0  9995
2 24213  81.4663 254.9740 0586859  33.6363 330.0629 13.77976241764421
1 24227U 94029LA  18212.97935045  .00000139  00000-0  16862-4 0  9997
2 24227  82.0464   4.3861 0162259  83.9747  52.0444 14.66243389179639
1 24236U 94029LK  18212.55974346 +.00000353 +00000-0 +59458-4 0  9994
2 24236 081.4438 254.0678 0459576 145.3769 217.8267 14.15163711124796
1 24239U 94029LN  18213.02601792  .00000291  00000-0  52063-4 0  9998
2 24239  81.5240 208.0163 0226271  65.9297  17.5826 14.48172233157827
1 24284U 95058G   18212.56480183 +.00000006 +00000-0 +26578-4 0  9994
2 24284 070.8630 049.0801 0011603 157.6153 202.5480 14.18674042175457
1 24299U 96051C   18212.72900048 -.00000002  00000-0  36733-4 0  9990
2 24299  71.0403 325.2660 0189969 169.9996 190.4973 13.75202790 99331
1 24300U 96051D   18212.84449442 -.00000008 +00000-0 +32810-4 0  9990
2 24300 071.0318 352.3986 0197496 228.2217 286.8041 13.74022082097977
1 24301U 96051E   18212.96706677 -.00000020 +00000-0 +22134-4 0  9992
2 24301 070.9952 020.9179 0210669 287.5506 242.2297 13.71848421096292
1 24302U 96051F   18212.89831400 -.00000062  00000-0 -17844-4 0  9997
2 24302  70.9860  45.0174 0209648 342.5352  80.7865 13.70505005 95641
1 24312U 66077N   12337.99149101 +.00000003 +00000-0 +10000-3 0  9995
2 24312 089.7439 349.5203 0858811 027.1749 270.4482 08.64449957552882
1 24340U 94029NR  18212.90648465 +.00000983 +00000-0 +44302-3 0  9999
2 24340 081.5745 065.1577 0897315 259.1667 159.3598 13.00798418150192
1 24378U 94029QF  18212.70159205  .00000129  00000-0  20906-4 0  9994
2 24378  82.0316 115.2579 0174433 161.2238 199.5504 14.53232790280358
1 24487U 94029UL  18212.90270946 +.00014768 +00000-0 +17618-3 0  9992
2 24487 081.9350 192.6181 0019440 125.3096 234.9981 15.60654547205551
1 24529U 94029WD  18212.73560962 +.00000121 +00000-0 +11486-4 0  9996
2 24529 081.9794 126.1421 0124608 270.1947 118.0574 14.79565341826052
1 24581U 94029YH  18213.04646225  .00000193  00000-0  69998-4 0  9996
2 24581  81.5481 229.5811 0805966  51.2551 341.6626 13.21837112 54534
1 24594U 94029YW  18212.83321352 +.00000349 +00000-0 +83501-4 0  9996
2 24594 081.4719 156.8179 0531901 087.7295 307.4766 13.89216114106275
1 24602U 94029ZE  18212.94226963 +.00000484 +00000-0 +16349-3 0  9995
2 24602 081.5305 084.7387 0787766 113.5881 254.9958 13.30261379061692
1 24647U 66077P   13305.28733977 +.00000074 +00000-0 +17504-2 0  9997
2 24647 088.2561 307.0889 2101628 024.2155 023.3783 09.03226356147968
1 24676U 66077Q   17098.37110196 -.00002898  00000-0  10000-3 0  9996
2 24676  89.4534 235.6646 1227086  31.0010 335.7870  8.91350359698282
1 24679U 94085Y   18212.51229351 -.00000047 +00000-0 -11208-3 0  9994
2 24679 064.9813 230.0799 0190219 329.0903 106.4076 11.32227971140384
1 24682U 94029AAQ 18212.81442574 +.00001537 +00000-0 +19379-3 0  9993
2 24682 082.1258 352.6932 0166161 223.6246 135.1729 14.72037077157836
1 24703U 94085Z   18212.57315792 +.00000030 +00000-0 +21659-2 0  9993
2 24703 064.7333 070.6637 0218404 291.9461 088.7807 11.20685881187132
1 24752U 91006C   18211.98876774 +.00000122 +00000-0 +10209-3 0  9995
2 24752 082.9158 043.8916 0023900 183.1213 329.9023 13.80498340154197
1 24756U 97012B   18212.44682181 +.00010067 +00000-0 +49657-3 0  9999
2 24756 098.8243 030.8076 0006062 097.5281 293.2437 15.18160701127819
1 24778U 97012E   18212.64202815 +.00000234 +00000-0 +75688-4 0  9996
2 24778 098.7881 132.8059 0004645 135.5078 342.6470 14.48066408112479
