1   463U 61015EZ  18212.94631250 +.00000200 +00000-0 +85074-4 0  9990
2   463 066.7706 200.5119 0064760 276.9058 082.4683 14.42794024952908
1 04311U 69082DR  18213.24903430  .00000190  00000-0  53223-4 0  9993
2 04311  70.3375 314.2822 0067218  54.8744 305.8672 14.58756806556584
1 04326U 69082DZ  18213.38053792  .00000075  00000-0  51984-4 0  9995
2 04326  70.0566 110.5156 0068738 178.4111 181.7244 14.27911588526865
1 04421U 68097CF  18212.50967232  .00000071  00000-0  37878-4 0  9994
2 04421  62.7385 231.3930 0772521 121.9512 245.9016 13.61036698373306
1  4432U 69082ED  18212.28920005 +.00000033 +00000-0 +36399-4 0  9998
2  4432 069.9796 312.5456 0052321 114.7361 245.9219 14.26976759524226
1  4435U 69082EG  18212.89952182 +.00000279 +00000-0 +72167-4 0  9994
2  4435 070.0233 034.8070 0020511 140.6970 219.5663 14.59787480544931
1 04438U 69082EK  18212.98361802  .00000160  00000-0  51304-4 0  9999
2 04438  70.0998 176.0442 0054532  35.5896 324.8858 14.55215162555772
1 04449U 69082EU  18213.49958920  .00000127  00000-0  61845-4 0  9995
2 04449  69.9738 232.4008 0056460  60.8418 299.8342 14.36683578526980
1 04451U 69082EW  18213.13575262  .00000138  00000-0  56199-4 0  9991
2 04451  70.0369 262.8745 0039930 238.3731 121.3503 14.45190244539574
1 04453U 69082EY  18212.68453923  .00000123  00000-0  10020-3 0  9997
2 04453  70.1337 312.4269 0031273  75.1932 285.2643 14.09840721503306
1  4468U 69082FM  18212.80372487 -.00000024 +00000-0 +23564-4 0  9991
2  4468 070.0745 006.7687 0087497 358.1351 001.9410 13.84649472457382
1 04499U 68069G   18213.15420687 -.00000031  00000-0  86435-4 0  9998
2 04499 101.7317 277.7422 0028728 174.7914 214.0013 12.51223912283832
1 04519U 69082FW  18213.39375815  .00000837  00000-0  94419-4 0  9999
2 04519  70.0446 196.1787 0025048  33.3890 326.8838 14.90355238575786
1  4547U 69082GN  18212.46569594 +.00000131 +00000-0 +74659-4 0  9997
2  4547 069.9883 230.1967 0037903 208.8447 151.0581 14.28689411520426
1  4555U 66041F   18212.90154129 +.00000281 +00000-0 +86860-4 0  9994
2  4555 090.1413 016.0232 0052284 091.1846 269.5345 14.38357379009185
1 04603U 70025F   18213.28169191  .00000126  00000-0  16576-3 0  9996
2 04603  99.6731 232.8345 0016727 269.9827 150.3961 13.80425988395216
1  4612U 70025Q   18212.61734987 +.00000093 +00000-0 +95672-4 0  9991
2  4612 099.7003 275.5083 0090471 180.9790 179.1208 13.98646873442179
1 04616U 70089C   18212.28630449  .00000186  00000-0  17353-3 0  9998
2 04616  62.7977 104.7643 0991243 126.7987 242.8174 12.70153112196546
1 04621U 70089H   18213.10540717  .00000068  00000-0  76401-4 0  9993
2 04621  62.9351 249.9183 0667858 278.8265  73.7749 13.45828837293511
1 42979U 10041U   18210.41252031 +.00000036 +00000-0 +47501-3 0  9996
2 42979 065.1752 063.1914 5631813 067.1624 341.6080 04.25532185013872
1 42980U 10041V   18212.65619826  .00004388  00000-0  36100-1 0  9990
2 42980  65.4111  66.9889 5660010  65.7814 342.4081  4.18935599 13805
1 42981U 10041W   18212.74832453 +.00000034 +00000-0 +45469-3 0  9998
2 42981 065.7824 057.6837 5467537 059.4425 358.2549 04.48809758014442
1 42999U 74011C   18212.04805613 +.00000434 +00000-0 +21453-3 0  9996
2 42999 081.2288 334.1326 0037197 321.8449 038.0092 14.15558537105332
1 43000U 70093D   18205.02390250 -.00000146 +00000-0 +00000-0 0  9995
2 43000 009.7690 095.1307 1290940 143.0994 225.3227 01.20515770009785
1 43035U 17077B   18213.00923518  .00001379  00000-0  56176-4 0  9999
2 43035  97.3446 286.6106 0014970 266.2707  93.6820 15.26074223 36638
1 43036U 17077C   18212.68369311  .00001200  00000-0  55932-4 0  9990
2 43036  97.5616 291.5621 0012512 358.7454   1.3748 15.21813146 36470
1 43037U 17077D   18213.48186688  .00003608  00000-0  96345-4 0  9991
2 43037  97.5373 297.1340 0053337 179.6094 180.5201 15.37366057 36904
1 43038U 17077E   18212.88811056 +.00002538 +00000-0 +85802-4 0  9996
2 43038 097.3165 287.2488 0040462 157.4659 202.8371 15.30794744036672
1 43069U 17082E   18212.91923117 +.00000496 +00000-0 +17761-3 0  9991
2 43069 098.5035 284.4991 0031509 182.4747 177.6289 14.37918082031739
1 43085U 83044GN  18212.68144612 +.00005945 +00000-0 +45068-3 0  9994
2 43085 065.0008 094.8044 0111822 244.6996 114.2504 14.98278435032918
1 43086U 83044GP  18212.65525603 +.00006328 +00000-0 +47470-3 0  9990
2 43086 064.9986 094.6730 0111070 244.3554 114.6057 14.98659995032858
1 43095U 17084B   18212.68058422  .00001268  00000-0  54309-4 0  9992
2 43095  97.4402 289.4264 0009672 215.7374 144.3217 15.24597796 33055
1 43096U 17084C   18212.66233162 +.00001520 +00000-0 +61559-4 0  9993
2 43096 097.4643 290.6083 0015947 231.4116 128.5695 15.26149854033095
1 43097U 17084D   18212.18575989  .00002604  00000-0  71856-4 0  9992
2 43097  97.3377 289.8376 0050823 256.5015 103.0564 15.36757241 33237
1 43102U 18002D   18213.15029678  .00000724  00000-0  49873-4 0  9992
2 43102  97.4519 284.5316 0017373 152.0612 208.1553 15.08753083 30753
1 43103U 18002E   18212.43027698 +.00001409 +00000-0 +10587-3 0  9993
2 43103 097.6981 288.6996 0037040 224.2625 135.5636 15.03737711030544
1 43104U 18002F   18212.45629837  .00001442  00000-0  60279-4 0  9990
2 43104  97.4309 287.8817 0051956 341.2715  18.6609 15.24092261 30955
1 43105U 18002G   18213.16915374  .00001110  00000-0  51903-4 0  9990
2 43105  97.6879 294.5464 0047114 325.8223  33.9981 15.21115620 31008
1 43106U 17008DK  18212.49448952 +.00069744 +00000-0 +14031-2 0  9990
2 43106 097.4601 283.2495 0004717 012.7777 347.3591 15.46358073031903
1 43117U 88053E   18181.87345422  .00000022  00000-0  16150-4 0  9995
2 43117  74.0469 248.7602 0020797  40.0593 320.2308 14.36878713 25534
1 43147U 18006B   18213.08920791  .00001402  00000-0  63627-4 0  9990
2 43147  97.2492 327.5406 0014320 120.3077 239.9579 15.22314726 30382
1 43148U 18006C   18212.76622922  .00001446  00000-0  57311-4 0  9991
2 43148  97.3225 330.4478 0017481 304.4910  55.4677 15.26889071 30421
1 43149U 18006D   18212.79797425  .00002090  00000-0  74537-4 0  9991
2 43149  97.3871 332.9928 0021891   4.6687 355.4753 15.29832436 30431
1 43150U 18006E   18213.56148995  .00002643  00000-0  77083-4 0  9994
2 43150  97.4674 337.4550 0046939 320.9764  38.8096 15.35227986 30679
1 43151U 85119C   18212.75702827  .00000508  00000-0  42921-3 0  9994
2 43151  82.5387  27.5430 0015141 297.0045  62.9569 13.85895169 27729
1 43190U 09066H   18211.51032474  .00207958  00000-0  54118-2 0  9999
2 43190  97.3020 233.2126 0020482  46.8661 306.5828 15.37872082 11272
1 43191U 69082LJ  18213.17032605 -.00000019  00000-0  25291-4 0  9996
2 43191  70.0146 124.9846 0023037 274.6632  85.1834 13.95476352 47181
1 43206U 98067NN  18212.82035406  .00757479  27697-3  13980-2 0  9993
2 43206  51.6267 137.9954 0006242 209.6225 150.4432 16.00578352 27287
1 43213U 99025EYM 18211.95722518 +.00000464 +00000-0 +27806-3 0  9990
2 43213 098.9291 268.9918 0062889 327.2894 032.4389 14.10979297023164
1 43214U 99025EYN 18210.61058698 +.00000356 +00000-0 +21922-3 0  9997
2 43214 098.9287 267.6460 0063060 331.3334 028.4376 14.10970096023276
1 43237U 18025B   18211.55994593 +.00001095 +00000-0 +49102-4 0  9992
2 43237 097.2418 327.6440 0014960 300.7645 059.2118 15.23186580020527
1 43240U 18021D   18213.08414681  .00008109  00000-0  30507-3 0  9998
2 43240  97.2232 329.0849 0011266 191.5894 168.5088 15.27327989 19502
1 43263U 18031E   18212.64614916  .00000141  00000-0  32135-4 0  9996
2 43263  97.9846 285.7570 0046372 222.6272 137.1331 14.69136110 17988
1 43266U 18031H   18213.18091027  .00000202  00000-0  31474-4 0  9994
2 43266  98.0691 290.2918 0038144  35.8051 324.5708 14.83109801 18169
1 43270U 18031J   18210.43777088 +.00000021 +00000-0 +10449-4 0  9990
2 43270 098.0303 285.6150 0004420 222.8515 137.2350 14.76132657027746
1 43289U 64083T   18212.30831287 +.00004481 +00000-0 +13300-2 0  9999
2 43289 089.8648 154.6953 0112213 192.8696 166.9637 14.39552678148938
1 43290U 64083U   18212.28427424  .00017036  00000-0  31954-2 0  9997
2 43290  89.8627 155.2280 0091184  46.4168 314.4568 14.61996275228053
1 43291U 71120V   18213.43371376  .00001976  00000-0  37158-3 0  9999
2 43291  81.2362 109.5207 0012608  19.7462 340.4224 14.64271595186540
1 43292U 71120W   18212.04100769  .00000495  00000-0  90142-4 0  9990
2 43292  81.2333 109.0871 0018632 311.5866  48.3737 14.64600217186905
1 43293U 71120X   18212.45051319  .00002128  00000-0  41016-3 0  9992
2 43293  81.2413 113.1837 0015000  13.0019 347.1565 14.63182874180572
1 43295U 79057E   18212.94547136 +.00020596 +00000-0 +34914-2 0  9999
2 43295 098.4348 213.3214 0028684 065.4911 294.9279 14.68993522090179
1 43297U 80073R   18211.15097074 +.00000556 +00000-0 +25955-3 0  9994
2 43297 081.2189 004.8176 0043913 316.0491 043.7195 14.18741632182711
1 43298U 80073S   18211.78932021  .00001267  00000-0  59430-3 0  9999
2 43298  81.2173   3.5192 0033597 336.9864  22.9804 14.19343800229221
1 43299U 80073T   18213.12528021  .00000960  00000-0  43931-3 0  9999
2 43299  81.2199   1.3256 0032590 286.2380  73.5212 14.20481248193427
1 43300U 81043X   18212.76051574 +.00000652 +00000-0 +34182-3 0  9999
2 43300 081.2668 012.6180 0037696 357.6333 002.4654 14.12865587147248
1 43301U 81043Y   18210.14759440 +.00000595 +00000-0 +31528-3 0  9994
2 43301 081.2660 016.4813 0047848 008.4079 351.7883 14.11970014106794
1 43302U 81043Z   18210.14164975 +.00000820 +00000-0 +43578-3 0  9997
2 43302 081.2625 015.9132 0042664 001.7264 358.4047 14.12212563123106
1 43303U 83044GQ  18212.26012320  .00008349  00000-0  51116-3 0  9993
2 43303  64.9986  83.2977 0097040 247.9869 111.0922 15.06894215 67525
1 43304U 83044GR  18212.72649705 +.00004921 +00000-0 +32258-3 0  9996
2 43304 064.9977 086.1810 0100032 247.5114 111.5393 15.04812744057799
1 43305U 83044GS  18212.07193656  .00006429  00000-0  47380-3 0  9991
2 43305  65.0010  96.1347 0114313 245.5039 113.4125 14.99020482 33912
1 43306U 83044GT  18211.11234275  .00008266  00000-0  45572-3 0  9991
2 43306  65.0002  79.6767 0089142 249.9227 109.2286 15.11208462 54931
1 43307U 83044GU  18212.00559304  .00010475  00000-0  55723-3 0  9998
2 43307  64.9904  74.7755 0087594 247.5858 111.5971 15.12376366 47543
1 43308U 83044GV  18212.05278399 +.00011600 +00000-0 +63124-3 0  9991
2 43308 064.9922 077.9268 0088012 251.2978 107.8579 15.11482204073706
1 43309U 84072U   18212.30242409 +.00000928 +00000-0 +76651-3 0  9995
2 43309 082.5277 169.7565 0017507 249.9514 109.9764 13.87984035163043
1 43310U 84072V   18210.62375238 +.00000120 +00000-0 +91605-4 0  9998
2 43310 082.5407 175.8334 0007124 302.5615 057.4858 13.86082905184075
1 43311U 84072W   18212.60446490  .00000687  00000-0  57619-3 0  9992
2 43311  82.5370 173.2445 0030767 239.9450 119.8659 13.86625922145766
1 43312U 84106AE  18212.68597032  .00000319  00000-0  18942-3 0  9996
2 43312  71.0266 313.3303 0021017 303.6786  56.2332 14.14840781127051
1 43313U 85047CE  18208.34257038 +.00000024 +00000-0 +30885-3 0  9992
2 43313 073.6241 081.5624 0026590 234.7448 245.5651 12.40901828449975
1 43314U 85094Y   18210.08388115 +.00000166 +00000-0 +71156-3 0  9993
2 43314 082.5590 129.7817 0030303 091.6339 330.1127 12.76726979218049
1 43315U 85094Z   18212.96226656 +.00000102 +00000-0 +46802-3 0  9994
2 43315 082.5633 216.0554 0038314 072.6062 317.5963 12.68171489217034
1 43316U 85094AA  18212.86523326 +.00000170 +00000-0 +80642-3 0  9993
2 43316 082.6046 260.4136 0022317 145.4922 214.7627 12.69382842711024
1 43317U 85094AB  18210.10522619 +.00000162 +00000-0 +71460-3 0  9992
2 43317 082.5573 138.9949 0009670 218.1053 141.9362 12.74828624218062
1 43318U 85094AC  18203.12922855 +.00000203 +00000-0 +85307-3 0  9994
2 43318 082.5784 142.1413 0025616 034.3461 327.3866 12.79256596696482
1 43319U 86073H   18210.04795920  .00806449  00000-0  17636-1 0  9997
2 43319  98.7366 250.7267 0063373 154.4441 205.9957 15.39619416103045
1 43320U 86094C   18212.67530738  .00000026  00000-0  12015-3 0  9992
2 43320  82.6069 327.7999 0002718 215.3205 144.6708 12.42005272631563
1 43321U 86094D   18208.10661063 +.00000019 +00000-0 +65456-4 0  9992
2 43321 082.6084 330.8554 0004141 211.7921 267.3973 12.41991778633215
1 43322U 87020FK  18212.67506608 +.00000098 +00000-0 +84701-3 0  9993
2 43322 073.6023 303.2508 0029922 041.5186 318.8123 12.41537269089538
1 43323U 87027G   18208.07483950 +.00001520 +00000-0 +66008-3 0  9995
2 43323 070.9997 356.3466 0011825 345.6888 014.3903 14.25733412144865
1 43324U 87060AR  18211.39386207 -.00000057 +00000-0 +16109-4 0  9992
2 43324 065.0070 164.8990 0020106 282.3927 077.4907 14.31427080212644
1 43325U 87060AS  18213.26502982  .00000008  00000-0  40284-4 0  9997
2 43325  65.0111 156.0635 0019750 276.6659  83.2178 14.32075995186326
1 43326U 87060AT  18211.26147082 -.00000050 +00000-0 +18810-4 0  9990
2 43326 065.0102 164.9487 0019881 279.5534 080.3304 14.31543343044901
1 43327U 87060AU  18212.46500048 -.00000001  00000-0  36804-4 0  9998
2 43327  65.0109 157.9277 0019973 275.5519  84.3287 14.32120002103194
1 43328U 87060AV  18211.86473962 -.00000043 +00000-0 +21251-4 0  9992
2 43328 065.0100 161.6517 0019336 278.4671 081.4222 14.31753618216386
1 43329U 88006N   18212.91690045 +.00001399 +00000-0 +47874-3 0  9996
2 43329 099.0975 199.3857 0047821 121.0678 239.5213 14.37323302245274
1 43330U 88033L   18213.47271841  .00000005  00000-0 -89729-5 0  9990
2 43330  90.3577 285.2941 0195438  94.0770 268.2732 13.29417257277001
1 43331U 88033M   18073.82790719  .00000223  00000-0  40589-3 0  9994
2 43331  90.3552 279.4409 0174488   1.4131  56.0541 13.32723285675563
1 43332U 88033N   18135.15266667 +.00000231 +00000-0 +42460-3 0  9999
2 43332 090.3448 282.3964 0180932 206.1417 153.1036 13.31903198683029
1 43335U 89028C   18212.72089889  .00000393  00000-0  36513-3 0  9996
2 43335  82.9407 117.7279 0046658  47.7508 312.7593 13.79359671235869
1 43336U 89050C   18209.48290815 +.00000129 +00000-0 +11311-3 0  9990
2 43336 082.9534 229.9792 0045502 125.2615 235.2813 13.77661989152740
1 43343U 90010C   18212.45189746  .00005484  00000-0  38224-3 0  9998
2 43343  82.4850 210.6584 0009258  24.0559 336.1098 15.05204727 84051
1 43344U 94057G   18210.84573304 +.00000646 +00000-0 +34660-3 0  9997
2 43344 099.0621 230.1917 0013619 176.1173 184.0108 14.16633976091161
1 43345U 94057H   18212.04420560 +.00019200 +00000-0 +54352-2 0  9992
2 43345 099.1833 246.6256 0037493 134.3223 226.1050 14.45172006092051
1 43346U 94057J   18212.05106711  .00022733  00000-0  58021-2 0  9995
2 43346  99.1603 247.3993 0029137 167.4225 192.7700 14.50248023 91977
1 43347U 94074AK  18212.36279731 +.00001411 +00000-0 +16997-3 0  9999
2 43347 098.0863 263.8777 0004331 164.8420 195.2925 14.85504110112773
1 43348U 94074AL  18212.58531235 +.00002458 +00000-0 +31094-3 0  9991
2 43348 098.0699 258.8923 0001540 105.2854 254.8529 14.82771414062223
1 43349U 94074AM  18212.40140033 +.00002797 +00000-0 +32606-3 0  9991
2 43349 098.0958 263.2801 0002945 142.6566 217.4854 14.86051943082828
1 43350U 94074AN  18212.36930777  .00002894  00000-0  32477-3 0  9994
2 43350  98.0705 263.6446 0003725 182.6164 177.5033 14.87593516 82399
1 43351U 95021J   18212.73411878 +.00001816 +00000-0 +52395-3 0  9999
2 43351 098.7535 233.3161 0007152 132.9543 227.2248 14.45894079157142
1 43352U 95058M   18212.92450915 +.00003025 +00000-0 +11023-2 0  9992
2 43352 071.0115 188.0954 0008050 335.1272 024.9472 14.33882385197869
1 43353U 95058N   18212.41173202 +.00001008 +00000-0 +45930-3 0  9992
2 43353 071.0139 215.5135 0022200 004.1904 355.9404 14.23948399243110
1 43354U 96051P   18213.17880364  .00000016  00000-0  32033-4 0  9994
2 43354  71.1892 156.1217 0097078 233.9994 125.2101 14.12845598862131
1 43355U 97029D   18211.07418413  .00000100  00000-0  00000+0 0  9998
2 43355  14.3903  21.2358 0087712 317.9694  41.4095  1.00260686 13733
1 43356U 98008G   18212.04440057 +.00000179 +00000-0 +13587-2 0  9997
2 43356 051.9096 098.5687 0036983 136.8995 223.4781 12.74157420117870
1 43357U 98008H   18213.32210905  .00000207  00000-0  18548-2 0  9991
2 43357  51.9621 191.0882 0048779 228.3776 131.2904 12.56490033116266
1 43358U 99025EYP 18212.78408893 -.00000341 +00000-0 -40990-3 0  9994
2 43358 098.6921 331.0505 0385047 111.7982 252.4574 13.34104350177988
1 43359U 99025EYQ 18212.42490791 +.00000663 +00000-0 +42036-3 0  9992
2 43359 099.1903 215.2954 0094377 351.7189 008.2416 14.05375055098158
1 43360U 99040H   18123.60495047 -.00003307  00000-0 -17672-1 0  9997
2 43360  27.9939 100.7167 3743070 196.9116 146.2069  7.12479668147051
1 43361U 99040J   18029.99838601  .00002594  00000-0  13554-2 0  9993
2 43361  28.2555 303.4396 3964940 219.1775 104.1888  7.23803212 61882
1 43362U 99040K   18183.00566834  .00002347  00000-0  17801-2 0  9998
2 43362  28.2926 101.3318 4022653 184.0067 171.4808  7.07984049 61569
1 43363U 99040L   18212.40929887  .00001166  00000-0  89622-3 0  9996
2 43363  28.3369 248.6408 3472973 157.3729 222.7107  8.02870039156665
1 43364U 99040M   18146.15406378 -.00000692  00000-0 -21850-2 0  9993
2 43364  28.1881 100.5614 3880765 188.2622 162.8760  7.04368845937568
1 43365U 99040N   18207.87404368 +.00010577 +00000-0 +18674-2 0  9999
2 43365 028.4197 057.1036 4084297 244.2574 068.4679 07.17751386042931
1 43366U 99040P   18169.06813867 -.00000009  00000-0 -84422-4 0  9993
2 43366  28.2252  93.6334 3941669 200.1033 138.6443  7.02701678 63039
1 43367U 99040Q   18211.52948419 -.00000612  00000-0 -93895-3 0  9998
2 43367  28.2909   3.9325 3974676 345.1825   2.2728  7.04395076144299
1 43368U 00055UC  18212.77188114 +.00004337 +00000-0 +16175-2 0  9994
2 43368 099.1266 324.2582 0019391 339.1367 020.9022 14.32395502124680
1 43369U 01056N   18207.05669247 +.00000673 +00000-0 +37358-3 0  9999
2 43369 099.2649 290.6672 0096748 181.5748 301.8835 14.12436550698930
1 43370U 01056P   18210.71548481 +.00000126 +00000-0 +22952-3 0  9991
2 43370 099.3653 179.2616 0138025 326.4414 032.8037 13.55224357231702
1 43371U 02003F   18196.46362733 -.00000469  00000-0 -47053-3 0  9995
2 43371  29.0392   2.8949 5634523 350.9572 359.0596  4.44628321 69417
1 43374U 07029R   18209.59460477 +.00000608 +00000-0 +57317-3 0  9991
2 43374 071.0684 184.8152 0218065 108.2424 254.2543 13.74848509234611
1 43375U 07029S   18211.14519942  .00000420  00000-0  29494-3 0  9995
2 43375  70.9057 131.5696 0125598 269.9941 156.5882 14.00330177552095
1 43376U 07052AC  18052.38388107  .00000299  00000-0  19230-2 0  9998
2 43376  65.2868 324.7011 5771517   6.6687 358.5581  4.09354753 49002
1 43377U 07052AD  18209.06120326 +.00000794 +00000-0 +67460-3 0  9994
2 43377 064.3839 223.5450 5781003 017.8949 356.0911 04.25820223037511
1 43378U 07052AE  18205.02626682 +.00001740 +00000-0 +25581-2 0  9992
2 43378 064.1731 223.4578 5740553 025.8040 354.1935 04.27314578056684
1 43379U 07052AF  18211.48299490  .00001448  00000-0  14430-2 0  9999
2 43379  64.0685 210.5833 5749734  30.7815 352.9577  4.30063453 60251
1 43380U 07052AG  18047.17329153  .00003875  00000-0  68594-2 0  9990
2 43380  64.3565 285.8538 5738357  26.9564 353.9214  4.26292432 46425
1 43381U 08020C   18213.24947544 -.00000017  00000-0  00000+0 0  9991
2 43381  56.7671 103.7472 0443967 183.7851 175.9222  1.67813874 53789
1 43386U 09055M   18213.22304967  .00001846  00000-0  50058-3 0  9991
2 43386  98.4523 296.6801 0029515 219.8346 140.0681 14.48569686107380
1 43387U 09055N   18211.76055949  .00015431  00000-0  33411-2 0  9990
2 43387  98.6994 315.0425 0039037 150.2361 210.1069 14.57820428 96388
1 43388U 09055P   18212.76504653  .00049732  00000-0  58022-2 0  9999
2 43388  98.6844 330.6437 0026975 144.8427 215.4571 14.84708034 71060
1 43389U 09055Q   18186.30448708  .00182147  00000-0  72870-2 0  9993
2 43389  98.6127 313.1080 0038365 197.8959 162.0926 15.23619162 76758
1 43390U 09055R   18213.03515878  .00006637  00000-0  15833-2 0  9994
2 43390  98.5710 302.9897 0005947 261.9942  98.0579 14.54027787 85272
1 43391U 09055S   18213.22459121  .00005421  00000-0  14324-2 0  9998
2 43391  98.6924 308.9400 0014509 216.6705 143.3496 14.49229006 82085
1 43392U 09055T   18213.49489238  .00002129  00000-0  65513-3 0  9999
2 43392  98.5944 296.6566 0012161 222.9022 137.1220 14.42517250100831
1 43393U 10023C   18212.53821375  .00000847  00000-0  20039-2 0  9991
2 43393 100.3892  62.4815 0005684 148.7729 211.3728 13.26809713226963
1 43394U 10023D   18011.43749006  .00001237  00000-0  28196-2 0  9994
2 43394 100.4267 220.9987 0040066 290.8949  68.7884 13.27952810207490
1 43395U 11023J   18049.52743214 -.00000301 +00000-0 +00000-0 0  9996
2 43395 004.6148 062.4282 0147418 325.2667 034.0356 01.02865096022775
1 43396U 12002D   17364.00270595  .00000130  00000-0  00000+0 0  9992
2 43396   2.1149  78.4476 0150960 215.1275 204.1092  1.00237133 20464
1 43399U 12025S   18209.64821141 +.00001071 +00000-0 +12207-3 0  9999
2 43399 098.3185 230.8341 0010890 040.1275 320.0743 14.88390620061920
1 43400U 12026M   18049.18518875 -.00000128  00000-0  00000+0 0  9998
2 43400  12.8400  17.6679 4101926 308.9841  21.0336  1.76667666  6901
1 43401U 12026N   18211.34019182 -.00000135  00000-0  00000+0 0  9993
2 43401  12.3578   3.9856 4135585 332.1703 319.3807  1.75796693 38220
1 43402U 12052B   18212.98906937  .00000176  00000-0  69223-4 0  9998
2 43402  98.0727 131.1902 0244691 352.4329   7.3186 14.25177530301216
1 43403U 12052C   18213.21677150  .00000156  00000-0  61536-4 0  9995
2 43403  98.0168 129.3461 0224846 301.1029  56.8266 14.28741495302953
1 43404U 12066G   18212.63908645 -.00000073 +00000-0 +18298-4 0  9998
2 43404 063.3584 250.3935 0108741 218.8210 140.4941 12.92717873221348
1 43405U 12073C   18212.51437002  .00002218  00000-0  11534-3 0  9995
2 43405  98.2156 232.5318 0068870 319.8434  39.7718 15.15297924257042
1 43406U 12073D   18212.70216597  .00000560  00000-0  70983-4 0  9993
2 43406  97.9576 121.7944 0104633 145.9342 214.8645 14.82025903252907
1 43407U 13014D   18211.45897045 -.00000125 +00000-0 +00000-0 0  9991
2 43407 014.3785 297.9599 4858277 018.4553 354.3495 01.91511882020219
1 43408U 13052C   18212.66610844  .00000084  00000-0  97791-4 0  9998
2 43408  98.7593 168.9753 0223683 106.4689 256.1171 13.79542546236032
1 43409U 13052D   18212.27874933  .00000097  00000-0  11253-3 0  9999
2 43409  98.7539 154.2132 0241109 128.0667 234.2505 13.75586959235366
1 43410U 13052E   18213.10320408  .00000074  00000-0  95696-4 0  9996
2 43410  98.8320 168.0281 0247586 155.4223 205.8967 13.74159195235174
1 43411U 13052F   18211.50436781 -.00000016  00000-0  11680-4 0  9999
2 43411  98.6687 299.1981 0005438 153.0639 207.0824 14.26440329243934
1 43412U 13065C   18213.05445334  .00000034  00000-0  19661-3 0  9995
2 43412 100.4888 305.6566 0132736 334.7897  24.6777 13.17179312217489
1 43413U 13068B   18212.75966466 +.00000199 +00000-0 +71026-4 0  9995
2 43413 097.9716 144.7222 0131445 095.0054 266.6154 14.38675266237346
1 43414U 14007D   18213.37077239 -.00000117  00000-0  00000+0 0  9990
2 43414  14.2596 317.9814 4710451 303.3625  20.1909  1.89406827 26253
1 43416U 14015F   18213.48214988  .00000335  00000-0  18833-3 0  9995
2 43416  98.7730 233.2674 0010904 102.3178 257.9218 14.17058064219010
1 43417U 14016J   18181.26231813  .00162117  00000-0  79861-2 0  9997
2 43417  98.2131 207.6379 0025916 105.4479 254.9617 15.16929933 98810
1 43418U 14080G   18210.46135548 -.00000065 +00000-0 +40063-4 0  9990
2 43418 063.4095 160.0552 0124294 002.3268 357.8310 13.44481714157761
1 43419U 14080H   18206.90025241 +.00000290 +00000-0 +60997-3 0  9999
2 43419 063.4052 165.1875 0126142 001.1227 359.0059 13.45633823162946
1 43420U 14080J   18209.45694990 +.00000223 +00000-0 +50217-3 0  9997
2 43420 063.4059 159.2950 0127261 005.4915 354.7472 13.45528114166858
1 43421U 14080K   18213.40796022 -.00000048  00000-0  69489-4 0  9995
2 43421  63.4042 154.7860 0122368   2.3144 357.8423 13.43983409102472
1 43422U 15030C   18213.17604406  .00000847  00000-0  26295-4 0  9994
2 43422  97.4250 344.2106 0006307 144.6425 215.5239 15.36211971166956
1 43423U 15030D   18210.59452891 +.00000906 +00000-0 +27572-4 0  9992
2 43423 097.4236 341.7401 0007830 149.6415 210.5284 15.36664960161935
1 43424U 15040C   18212.35520904  .00000174  00000-0  59251-3 0  9996
2 43424 100.3405 258.5061 0151616  10.8800 349.5530 13.09932135135369
1 43425U 15040D   18212.45600996 +.00000023 +00000-0 +15644-3 0  9999
2 43425 100.4183 287.0498 0141953 348.3875 011.3980 13.21869325140250
1 43426U 15078B   18212.63269289 +.00000795 +00000-0 +85335-4 0  9998
2 43426 097.3989 154.6539 0204870 291.9304 066.0243 14.77309501138693
1 43427U 16033E   18212.54315729  .00001018  00000-0  10477-3 0  9995
2 43427  97.4822 242.4423 0214267 110.7901 251.6408 14.76790607106051
1 43428U 16043C   18212.87827875 +.00000222 +00000-0 +68538-4 0  9991
2 43428 074.9691 043.1222 0285053 298.7495 058.5289 14.25586228107817
1 43429U 16043D   18212.78998583 +.00000276 +00000-0 +76176-4 0  9993
2 43429 074.9728 023.9029 0241319 271.1366 086.2155 14.35088362107322
1 43430U 17034F   18212.85460947 -.00000024  00000-0  25665-4 0  9991
2 43430  43.0143  31.7054 0243563 321.3075  37.0521 14.51671991 55085
1 43431U 17034G   18212.82751503 +.00000002 +00000-0 +29696-4 0  9993
2 43431 043.1037 022.6572 0225120 334.0756 024.8933 14.55416793057601
1 43483U 18047H   18212.01929249 +.00103262 +00000-0 +27391-2 0  9990
2 43483 089.0526 230.2091 0010376 069.9691 290.2680 15.37868958010455
1 43487U 18048D   18212.44992629 +.00000202 +00000-0 +37406-4 0  9994
2 43487 097.9095 286.1559 0036168 063.5928 296.8986 14.74847374008735
1 43490U 18048E   18213.46217540  .00000103  00000-0  23114-4 0  9994
2 43490  98.1766 289.0864 0036494  62.2894 298.2009 14.74967665  8602
1 43498U 98067NS  18212.86288380  .00022625  00000-0  32353-3 0  9991
2 43498  51.6407 155.6999 0002582  49.7150 310.4067 15.56126613  7239
1 43499U 87101D   18211.20042010 -.00000008  00000-0  21544-4 0  9997
2 43499  66.0842 131.7944 0026010  68.0502 292.3365 14.55809241175301
1 43500U 87101E   18210.16294188 -.00000028 +00000-0 +16993-4 0  9993
2 43500 066.0875 131.9023 0025858 063.7290 002.8954 14.56158337248870
1 43501U 87101F   18212.42265226 -.00000025  00000-0  17883-4 0  9992
2 43501  66.0847 130.9417 0026431  67.5921  42.6353 14.55366760345375
1 43502U 90055E   18212.78558223 +.00010031 +00000-0 +11166-3 0  9990
2 43502 062.7752 336.0104 0044787 084.8337 275.7899 15.62236372263662
1 43503U 08061D   18212.09124475 +.00005354 +00000-0 +41784-3 0  9990
2 43503 097.7062 080.8590 0073890 304.1701 055.2531 14.99416366202083
1 43504U 17084E   18213.47127791  .00001343  00000-0  66278-4 0  9993
2 43504  97.5699 292.2564 0020012  83.0605 277.2905 15.19522883 33068
1 43505U 18025C   18213.12013956  .00001095  00000-0  56552-4 0  9997
2 43505  97.4805 332.3617 0019982  18.1439 342.0504 15.18270263 18262
1 43506U 18025D   18213.56590628  .00002177  00000-0  75040-4 0  9997
2 43506  97.4663 335.0228 0043154 174.9953 185.1728 15.30262069 18402
1 43507U 18025E   18212.78635841 +.00003486 +00000-0 +10124-3 0  9993
2 43507 097.2352 330.9739 0052783 192.9799 167.0090 15.34774491018494
1 43525U 10007X   18213.46475534  .00004745  00000-0  16094-1 0  9991
2 43525  66.1327 154.0854 5733891  42.4982 349.8581  4.19963433  2729
1 43526U 10007Y   18212.45290599  .00002839  00000-0  12143-1 0  9999
2 43526  65.2951 153.3703 5731873  44.3653 349.3332  4.17520411  2308
1 43528U 10007AA  18210.96439973 -.00000058  00000-0 -31098-3 0  9991
2 43528  64.8646 153.3513 5691577  43.9610 349.2743  4.17595653  2562
1 43535U 18056G   18212.97161360 +.00633552 +97168-4 +23202-2 0  9997
2 43535 097.8544 284.4906 0323517 081.6545 282.1222 15.38527180003486
1 43536U 18056H   18213.15000592  .00967107  22941-5  28904-2 0  9996
2 43536  98.2786 285.9326 0310078  97.9813 265.6736 15.44386410  3503
1 43543U 10007AC  18206.87330625 +.00004048 +00000-0 +10515-1 0  9997
2 43543 066.0052 156.1347 5758353 042.6078 349.7606 04.19679221002378
1 43544U 10007AD  18212.68411836  .00531417  70378-6  92705-2 0  9996
2 43544  65.5703 148.8254 5625420  39.9944   5.4270  4.72170354  2410
1 43555U 18056J   18211.66411691  .00019436  00000-0  20970-2 0  9992
2 43555  98.0492 282.2547 0033708 211.7497 148.1674 14.88002679  3063
