1 09987U 74089EE  18212.56355067  .00000060  00000-0  66968-3 0  9996
2 09987 101.4270  70.6428 0092671 313.2087  73.6281 12.49800872989763
1 09988U 74089EF  18212.78442598 -.00000485  00000-0 -30281-3 0  9999
2 09988 103.0564 207.0766 0270601 358.6305   1.4065 13.79425390106555
1  9987U 74089EE  18210.56233270 +.00000082 +00000-0 +81057-3 0  9995
2  9987 101.4273 068.7286 0092950 317.0247 069.6537 12.49800487989510
1  9988U 74089EF  18209.95594004 -.00000582 +00000-0 -37402-3 0  9994
2  9988 103.0563 203.1882 0270994 004.9984 355.3765 13.79427021105852
1  9988U 74089EF  18209.59331394 -.00000554 +00000-0 -35298-3 0  9995
2  9988 103.0563 202.6896 0271032 005.8162 354.6020 13.79427540106115
1  9987U 74089EE  18208.56119921 +.00000166 +00000-0 +13561-2 0  9995
2  9987 101.4276 066.8144 0093221 320.8338 066.0710 12.49800533989279
1  9988U 74089EF  18209.59331394 -.00000554 +00000-0 -35298-3 0  9995
2  9988 103.0563 202.6896 0271032 005.8162 354.6020 13.79427540105800
1  9987U 74089EE  18206.56021330 +.00000110 +00000-0 +99018-3 0  9990
2  9987 101.4281 064.9003 0093486 324.6222 063.1743 12.49799761989011
1  9988U 74089EF  18208.65048605 -.00000632 +00000-0 -41073-3 0  9996
2  9988 103.0560 201.3936 0271158 007.9332 352.5969 13.79427927105672
1  9987U 74089EE  18205.46025559 +.00000039 +00000-0 +53375-3 0  9991
2  9987 101.4283 063.8481 0093626 326.7026 154.2134 12.49799085988881
