1 00124U 61015J   18213.33986285  .00000020  00000-0  39994-4 0  9999
2 00124  66.5434 281.1362 0080619 320.4093  39.1133 14.30245703947509
1 00125U 61015K   18212.31137836 -.00000080  00000-0 -42482-6 0  9993
2 00125  66.8751 275.4275 0073360   3.1238 357.0291 14.05388611913143
1  1312U 65004C   18212.89873551 +.00000038 +00000-0 +46866-4 0  9997
2  1312 096.3505 095.8033 1121255 051.8342 317.8512 12.27370688373537
1 01313U 65004D   18211.65309861 -.00000204  00000-0 -27400-3 0  9998
2 01313  96.4196  97.4738 1175976 306.8273  43.0421 12.00341325341393
1 12255U 78026CY  18212.99308684 -.00000254  00000-0 -14304-3 0  9997
2 12255  98.6553 221.8169 0017567 117.0720 276.5384 14.00702939226769
1 12256U 78026CZ  18212.84717440 +.00000259 +00000-0 +16274-3 0  9997
2 12256 099.0546 173.9568 0097615 133.0857 227.8534 14.10650013906439
1 12257U 78026DA  18212.82816917 +.00000193 +00000-0 +14949-3 0  9999
2 12257 099.3909 070.2675 0102553 282.6965 076.2751 14.02567665912764
1 12262U 78026DF  18212.79120986 +.00000161 +00000-0 +11651-3 0  9997
2 12262 098.8309 339.2338 0111718 038.1763 127.5059 14.06329585898827
1 12263U 78026DG  18212.74514818 -.00001019 +00000-0 -13594-2 0  9996
2 12263 098.9317 315.0741 0443330 227.9102 128.3520 13.24079537787974
1 12265U 78026DJ  18213.13080162  .00000365  00000-0  18452-3 0  9992
2 12265  98.6494  11.9320 0148783 120.4503 329.4115 14.16141845904575
1 12266U 78026DK  18212.67034842  .00000203  00000-0  17785-3 0  9994
2 12266  98.8319 116.4760 0158673  40.6189 320.6683 13.90144467883679
1 12269U 78026DN  18212.51440788  .00000285  00000-0  64627-4 0  9998
2 12269  97.9242 228.3842 0063373 289.1180 224.4536 14.61980638971699
1 12270U 78026DP  18213.48469024 -.00000047  00000-0 -56328-5 0  9999
2 12270  98.7680 205.8376 0068029  79.3374  84.6316 13.90025305900792
1 12274U 76077DF  18212.54198543 -.00000041  00000-0  76354-5 0  9992
2 12274 102.0880 225.4732 0106886 104.7112  46.3990 12.22140372672670
1 12278U 78026DW  18212.95809765 +.00000308 +00000-0 +13801-3 0  9993
2 12278 099.1612 211.4162 0051459 053.4279 336.2188 14.29251556930813
1 12283U 78026EB  18213.39986014 -.00000002  00000-0  16756-4 0  9996
2 12283  98.5927 189.2781 0092026 323.9419 192.4457 14.25686780916807
1 12284U 78026EC  18213.24371622  .00000233  00000-0  18118-3 0  9992
2 12284  99.0057 304.3065 0102932 174.7749 209.2582 13.99568908901709
1 12285U 78026ED  18212.88466055 +.00000179 +00000-0 +12794-3 0  9990
2 12285 098.8254 190.6383 0053988 138.7056 221.8216 14.08421242758302
1 12288U 78026EG  18211.98330911 +.00000166 +00000-0 +10435-3 0  9990
2 12288 099.1169 092.5140 0085754 046.4632 077.4374 14.15813179923267
1 12290U 78026EJ  18212.36570684 -.00000001 +00000-0 +22581-4 0  9994
2 12290 098.7811 171.4707 0084193 136.8044 223.9772 14.10858236907778
1 12292U 78026EL  18212.91683252 -.00000047 +00000-0 -34070-5 0  9991
2 12292 098.6713 009.9686 0046524 339.5091 172.8410 14.00306447887253
1 12294U 78026EN  18212.77436675 +.00000063 +00000-0 +32588-4 0  9999
2 12294 098.2298 204.6956 0096741 284.5222 074.5251 14.39598779959506
1 12329U 78014C   18212.32525048 -.00000015 +00000-0 +28726-4 0  9996
2 12329 065.2664 179.5650 1884383 157.2623 212.4325 10.79396562576906
1 12331U 78014E   16328.00365907  .00000085  00000-0  13644-3 0  9994
2 12331  64.8230 322.7635 1822665 303.0903  65.1901 10.95547447540963
1 12343U 80030R   18212.90868813 +.00000327 +00000-0 +95573-4 0  9996
2 12343 066.4285 252.9090 0256136 154.0816 207.3381 14.39931287924502
1 12372U 78026EP  18213.45810247  .00000208  00000-0  74896-4 0  9992
2 12372  98.4542 199.4747 0041265 270.6993 243.0545 14.42995174885206
1 12373U 78026EQ  18213.13521014 -.00000087  00000-0 -28781-4 0  9998
2 12373  98.8246 172.8154 0013835 275.8768 148.1837 14.02012091888877
1 12404U 80022C   18213.31108631  .00000438  00000-0  16389-3 0  9996
2 12404  82.9197  59.1835 0015106 308.9668  51.0171 14.29776319953790
1 12406U 78014F   18212.87878304 +.00000561 +00000-0 +75820-3 0  9999
2 12406 065.8896 117.3659 1819176 091.9406 288.9677 10.89820927585800
1 12427U 78026ET  18212.95881127 +.00000244 +00000-0 +10758-3 0  9998
2 12427 099.1736 204.0252 0126433 032.7009 354.3526 14.28454810959927
1 12531U 76077DL  18212.80824174 -.00000008 +00000-0 +32169-3 0  9990
2 12531 101.8480 155.7281 0134461 253.1707 133.0103 12.18342892697125
1 12532U 76077DM  18212.29834574 +.00001240 +00000-0 +55314-2 0  9993
2 12532 102.1142 346.7128 0250030 199.9508 170.5062 12.72509176014138
1 12533U 76077DN  18213.00498659  .00000047  00000-0  61210-3 0  9991
2 12533 101.5705 230.8551 0116471   2.9866  24.3705 12.45935277798077
1 12534U 76077DP  18213.16943689 -.00000439  00000-0 -30355-2 0  9999
2 12534 102.0387 290.4527 0056256 358.7621  28.8120 12.37496686813806
1 12535U 76077DQ  18212.20342000 +.00000121 +00000-0 +23745-2 0  9995
2 12535 102.3362 104.1449 0402176 095.1486 056.3990 11.66235087727660
1 12536U 76077DR  18212.89941744 +.00001697 +00000-0 +21742-1 0  9994
2 12536 101.8379 285.6522 0491041 311.4827 129.7594 11.73002693715645
1 12537U 76077DS  18211.65947878 -.00000045 +00000-0 -16207-4 0  9993
2 12537 102.3548 270.0973 0161500 252.5207 262.3943 12.11394545688250
1 12538U 76077DT  18213.19578801 -.00000267  00000-0 -24389-2 0  9995
2 12538 102.7418 318.2432 0198330  58.3644  54.8137 12.05551068685933
1 12539U 76077DU  18211.42616574  .00000153  00000-0  83090-3 0  9997
2 12539 101.6075  22.4184 0286355 312.0074  61.7462 12.72244618762951
1 12540U 76077DV  18212.86856213 -.00000030 +00000-0 +12522-3 0  9991
2 12540 102.4902 184.4014 0041517 258.0190 130.6726 12.46648359742193
1 12543U 76067BA  18212.58027233  .00000453  00000-0  17693-2 0  9995
2 12543  66.0332  57.4857 0647237 211.7625 176.3493 12.42305903900489
1 12559U 81059B   18213.18848697  .00000230  00000-0  72321-4 0  9995
2 12559  98.9363 107.7388 0003603  40.3277 112.7923 14.49967069939833
1 12560U 81059C   18213.54279281  .00000242  00000-0  76047-4 0  9996
2 12560  98.9400 103.1907 0003370  42.3553  45.6601 14.49416810939564
1 12580U 76077DY  18212.41978256 -.00000026 +00000-0 +10496-3 0  9991
2 12580 102.4156 015.1551 0621009 104.1968 289.8706 11.28048308660436
1 12581U 76077DZ  18213.31207080 -.00000075  00000-0 -56497-3 0  9998
2 12581 102.4635 346.6452 0381966  62.0285 327.8984 11.70138673729136
1 12647U 76077EA  18211.68768065 -.00001379 +00000-0 -16526-1 0  9999
2 12647 100.6603 123.5075 0380928 300.8646 082.7872 11.84431715746969
1 12652U 81053G   18213.04746204  .00000311  00000-0  21463-3 0  9999
2 12652  82.9413  51.7680 0052746  38.5008 124.7657 13.95458013794135
1 12657U 81053M   18212.99547273  .00009700  00000-0  35518-3 0  9999
2 12657  82.7225 217.0055 0008806 283.4724  76.5534 15.27851770942302
1 12658U 81053N   18213.10036003  .00000488  00000-0  24618-3 0  9991
2 12658  82.9683 264.7971 0045320  90.2756 298.4149 14.13830325882565
1 12660U 81053Q   18213.06500637  .00000212  00000-0  23837-3 0  9995
2 12660  82.8536  57.2178 0141752  88.5840  77.0207 13.61877467830219
1 12661U 81053R   18213.47706115  .00000298  00000-0  31717-3 0  9990
2 12661  82.8005 259.0994 0125343 215.3334 213.3417 13.67956201836567
1 12663U 81053T   18212.88077920 +.00000225 +00000-0 +18547-3 0  9997
2 12663 082.9548 166.6339 0054844 055.1118 322.7380 13.84139641860825
1 12665U 81053V   18212.81945961 +.00000112 +00000-0 +89957-4 0  9990
2 12665 082.9686 168.5235 0036211 001.6991 014.2020 13.81884836861767
1 12666U 81053W   18212.95334257 +.00000081 +00000-0 +71394-4 0  9997
2 12666 082.8716 206.3137 0068962 320.9903 071.7710 13.72333422848232
1 12667U 81053X   18213.00184858  .00000145  00000-0  12375-3 0  9999
2 12667  82.8371  44.7696 0034486 243.8605 280.9784 13.80572875857444
1 12668U 81053Y   18213.18292580  .00000199  00000-0  12180-3 0  9994
2 12668  83.1051 100.4065 0055381 351.6437 169.9424 14.00303289883486
1 12669U 81053Z   18212.96597694 +.00000441 +00000-0 +31151-3 0  9993
2 12669 083.0019 207.9327 0076137 224.5442 164.3059 13.94489337862795
1 12671U 81053AB  18213.19711573  .00000069  00000-0  33963-4 0  9996
2 12671  82.9143 281.7299 0020502  74.7868 285.5569 14.02486797875999
1 12694U 81053AN  18211.81440635  .00000144  00000-0  16499-3 0  9994
2 12694  83.0838 341.1554 0116830 189.6210 329.9797 13.60157228831758
1 12695U 81053AP  18212.97183274 +.00000339 +00000-0 +35922-3 0  9994
2 12695 083.0081 198.1462 0114219 097.6556 291.5575 13.68644109834913
1 12696U 81053AQ  18212.71231156 +.00000168 +00000-0 +21905-3 0  9996
2 12696 083.0746 119.3391 0155354 038.5290 350.6344 13.51010029818892
1 12698U 81053AS  18212.41174425  .00000535  00000-0  26578-3 0  9999
2 12698  82.9129 203.9247 0015215  41.6701 318.5634 14.15393077883008
1 12699U 81053AT  18212.26832894  .00000338  00000-0  30996-3 0  9994
2 12699  82.9503 316.2096 0087319 248.9274 139.4006 13.78642395848200
1 12700U 81053AU  18212.83625649  .00000117  00000-0  63299-4 0  9996
2 12700  82.7862   5.2948 0045287 274.2110  85.3888 14.04327305882968
1 12701U 81053AV  18212.79304831 +.00000233 +00000-0 +18098-3 0  9994
2 12701 082.8524 328.5790 0039085 302.8020 210.2663 13.88444055864613
1 12703U 81053AX  18212.90165711 +.00000156 +00000-0 +87179-4 0  9992
2 12703 082.9722 276.2697 0015571 183.7344 227.5959 14.04711829882535
1 12704U 81053AY  18213.09308219  .00000148  00000-0  14943-3 0  9995
2 12704  82.9882  68.1548 0087002  27.8837 139.1550 13.68927070843627
1 12706U 81053BA  18212.21414876 -.00000403  00000-0 -41473-3 0  9991
2 12706  82.8832 299.4471 0112629 162.6130 216.7102 13.75671688843225
1 12707U 81053BB  18212.63513097 +.00000046 +00000-0 +40926-4 0  9997
2 12707 083.0117 283.4034 0130074 030.9074 134.7679 13.57911781828212
1 12711U 81053BF  18212.81054551  .00000133  00000-0  12696-3 0  9996
2 12711  82.9661 339.3197 0063496 229.7414 283.2474 13.72731408848565
1 12712U 81053BG  18212.29185479 +.00000314 +00000-0 +26907-3 0  9994
2 12712 082.9882 311.9960 0071247 350.3473 021.1719 13.82913851853083
1 12713U 81053BH  18212.85231100 +.00000578 +00000-0 +28083-3 0  9999
2 12713 082.9536 170.2725 0018022 162.8076 197.3718 14.16612857882304
1 12722U 81053BP  18212.67587691  .00000241  00000-0  19481-3 0  9997
2 12722  82.9025  99.0697 0068059 113.0421 276.9643 13.85149471860321
1 12723U 81053BQ  18212.77932910  .00001073  00000-0  39005-3 0  9995
2 12723  82.9462  62.0632 0012340 117.8241 242.4199 14.32412192897050
1 12724U 81053BR  18213.31605903 -.00000089  00000-0 -70686-4 0  9995
2 12724  82.9415 331.8897 0020106  13.4975  15.8584 14.00788223874807
1 12725U 81053BS  18213.12752330 -.00000016  00000-0 -29095-4 0  9990
2 12725  83.1396 267.5997 0106058 228.8368 148.9642 13.78412954844779
1 12729U 81053BW  18212.80671378 -.00000022  00000-0 -49243-4 0  9994
2 12729  83.0487 342.4343 0131693  41.2338 110.0165 13.57833943689171
1 12731U 81053BY  18213.31470001  .00000113  00000-0  96817-4 0  9992
2 12731  82.9355 211.7229 0083379 343.6957  79.3341 13.77310801855094
1 12732U 81053BZ  18213.09942959  .00000097  00000-0  65256-4 0  9998
2 12732  82.9873  76.2529 0054002  61.1258 102.9724 13.89482794277533
1 12733U 81053CA  18212.62334598 +.00000663 +00000-0 +30977-3 0  9991
2 12733 082.8670 087.2054 0023649 326.5636 033.4050 14.18935043886780
1 12735U 81053CC  18212.75246115 +.00000080 +00000-0 +72726-4 0  9996
2 12735 083.1449 315.6930 0093891 072.1929 079.7881 13.68234649840587
1 12736U 81053CD  18212.83524231 +.00000006 +00000-0 -13300-4 0  9996
2 12736 083.0336 341.8390 0132245 138.1100 014.8702 13.55626407825380
1 12737U 81053CE  18213.02333556  .00000294  00000-0  30240-3 0  9996
2 12737  82.9892 217.2953 0154504 156.2550 235.4263 13.67769408833181
1 12739U 81053CG  18213.36767944  .00000479  00000-0  19944-3 0  9990
2 12739  82.9424  90.9964 0010579 294.3715  65.6364 14.24431157894860
1 12740U 81053CH  18212.94963098 +.00000647 +00000-0 +29556-3 0  9990
2 12740 082.8433 034.6243 0020694 192.4860 331.0591 14.20040823887264
1 12741U 81053CJ  18212.82288654 +.00000187 +00000-0 +14635-3 0  9997
2 12741 082.9519 146.7026 0060889 346.9159 031.6460 13.86436354861834
1 12744U 81053CM  18213.47970492  .00000451  00000-0  22433-3 0  9999
2 12744  82.9331 240.0338 0028434 119.5353 240.8666 14.14806756882118
1 12745U 81053CN  18212.13094414  .00000540  00000-0  44785-3 0  9996
2 12745  83.1390  90.2592 0044102 264.8636 248.2458 13.86615958859904
1 12746U 81053CP  18212.93783061 +.00000576 +00000-0 +30018-3 0  9991
2 12746 082.9409 282.9260 0050054 237.8917 121.7396 14.12420603879370
1 12747U 81053CQ  18212.89131550 +.00000096 +00000-0 +10313-3 0  9990
2 12747 083.0687 007.2914 0132401 003.5425 148.3308 13.59800297827635
1 12748U 81053CR  18212.76639583 +.00000073 +00000-0 +61775-4 0  9990
2 12748 082.9907 329.1827 0046210 056.7452 109.5044 13.73486968851252
1 12749U 81053CS  18212.97296622 +.00000131 +00000-0 +12207-3 0  9997
2 12749 082.8100 086.0996 0061802 262.0900 161.3811 13.74216107850688
1 12752U 81053CV  18212.72535382 +.00000143 +00000-0 +15587-3 0  9990
2 12752 083.0235 298.3381 0125610 006.5544 146.7814 13.62806187828363
1 12753U 81053CW  18212.96502861  .00000284  00000-0  27635-3 0  9996
2 12753  82.8063 136.1419 0097763 117.2821   5.6187 13.74040827845770
1 12755U 81053CY  18212.85978784 +.00001021 +00000-0 +23695-3 0  9999
2 12755 082.9372 249.8930 0008014 323.3194 096.6041 14.54174230909281
1 12756U 81053CZ  18212.84594142 +.00000788 +00000-0 +20471-3 0  9999
2 12756 082.9864 237.4643 0018733 337.3002 078.7127 14.48524345914757
1 12757U 81053DA  18213.15455247  .00000141  00000-0  11914-3 0  9992
2 12757  82.9488 207.4003 0058499 223.9227 263.7073 13.80409563856412
1 12758U 81053DB  18212.15591672  .00000140  00000-0  12070-3 0  9998
2 12758  82.8626 101.5867 0058850   8.1928 143.7934 13.79234973854937
1 12759U 81053DC  18212.79976626  .00000447  00000-0  28977-3 0  9998
2 12759  82.8631 148.9797 0050573 354.8952  33.9839 14.00132082879410
1 12766U 81053DK  18213.56174861  .00000261  00000-0  28402-3 0  9990
2 12766  82.9444  64.6870 0101459 300.4938  87.1078 13.67387903838707
1 12767U 81053DL  18212.96542303 +.00000183 +00000-0 +10073-3 0  9992
2 12767 082.9609 203.9102 0034710 306.6606 083.0657 14.06330916886529
1 12768U 81053DM  18213.19419102  .00000148  00000-0  11731-3 0  9992
2 12768  82.9324 113.3026 0051804 359.5728 157.2889 13.84467350861452
1 12771U 81053DQ  18212.38699385 +.00000388 +00000-0 +43094-3 0  9992
2 12771 082.8685 087.1703 0161176 116.9194 294.4189 13.63594021827341
1 12772U 81053DR  18213.22874471  .00000534  00000-0  31030-3 0  9998
2 12772  82.9225 307.1492 0056178 119.5916 241.0872 14.06140978873501
1 12773U 81053DS  18212.87355358 +.00000330 +00000-0 +14020-3 0  9991
2 12773 082.9609 115.6297 0169194 359.2363 000.8530 14.15404380866194
1 12775U 81053DU  18213.05399602  .00000258  00000-0  30867-3 0  9990
2 12775  83.3315  64.4325 0156360   6.6125 147.1214 13.58352274821249
1 12779U 81053DV  18212.77040722  .00001579  00000-0  26210-3 0  9992
2 12779  82.5601 330.3358 0007186  29.7203 330.4411 14.69643890911906
1 12781U 81053DX  18213.49417781  .00000126  00000-0  10555-3 0  9990
2 12781  83.1741 225.6389 0075197 247.3781 267.7883 13.79480912852034
1 12782U 81053DY  18213.54480072  .00000143  00000-0  13958-3 0  9999
2 12782  82.9987  52.6464 0075952 310.8652  79.2276 13.71699145838957
1 12793U 81084C   18212.74455296 +.00000172 +00000-0 +40818-4 0  9994
2 12793 074.0335 328.5251 0003461 296.5706 063.5106 14.61417815947044
1 12825U 78026EW  18212.82158301 +.00000073 +00000-0 +89102-4 0  9997
2 12825 099.3305 346.1717 0060488 348.5516 173.5141 13.93772758904014
1 12833U 79058E   99259.60935984 +.00000698 +00000-0 +10000-1 0  9999
2 12833 065.4485 143.5608 6934732 157.5362 256.5492 02.00442819190149
1 12857U 77012H   18212.84037942 -.00000027 +00000-0 +16821-4 0  9993
2 12857 066.2938 215.5817 1691999 116.8405 325.8670 10.77538687461562
1 12858U 77106C   18212.51250869  .00000097  00000-0  13828-3 0  9996
2 12858  89.4945 135.3149 0019551 109.4672 316.2381 13.48603358904054
1 12860U 77121AN  18212.21552733 -.00000034  00000-0  52964-4 0  9995
2 12860  65.8090 142.5718 0138686 261.9938 247.6936 13.62602383919498
1 12861U 77121AP  18212.19610500 -.00000066  00000-0  14422-4 0  9992
2 12861  65.7736 117.6969 0106680 227.8946 291.2471 13.39311957885652
1 12862U 77121AQ  18212.67092389 +.00000101 +00000-0 +10450-3 0  9990
2 12862 066.2112 298.7270 0141542 114.7219 039.9274 14.05212177945794
1 12863U 77121AR  18212.65241969 -.00000018 +00000-0 +74382-4 0  9992
2 12863 065.7858 294.4164 0063030 356.3542 155.1764 13.65226874915784
1 12864U 77121AS  18212.30781333  .00000080  00000-0  13206-3 0  9994
2 12864  65.8349 326.8998 0099234 350.8039  42.0308 13.88018763918671
1 12865U 77121AT  18212.61500041 +.00000104 +00000-0 +20292-3 0  9994
2 12865 065.7739 064.1078 0071179 333.5787 060.0939 13.70787140702350
1 12866U 77121AU  18213.18932042 -.00000053  00000-0  32738-4 0  9991
2 12866  65.8175  54.5921 0114693 294.6370 160.8337 13.57803221913618
1 12867U 77121AV  18212.85350431  .00000097  00000-0  32460-3 0  9999
2 12867  65.9486 168.4673 0077389 133.2798 246.2339 13.35905923936441
1 12868U 77121AW  18212.75225869  .00000113  00000-0  21582-3 0  9997
2 12868  65.7662  92.0642 0057402  10.1218  98.1284 13.70409351 17534
1 12869U 77121AX  18212.45747799 +.00000081 +00000-0 +16805-3 0  9992
2 12869 065.7892 211.3201 0100920 257.4788 262.6056 13.73411431023413
1 12870U 77121AY  18212.39885595 +.00000121 +00000-0 +17159-3 0  9992
2 12870 065.7238 219.4989 0125193 327.5900 099.1604 13.84459970030619
1 12919U 78083F   11298.53669384 +.00000321 +00000-0 +00000-0 0  9999
2 12919 068.7990 206.2024 5150362 103.2016 031.2774 02.00112786230572
1 12942U 77121AZ  18212.84011062 -.00000034  00000-0  73238-4 0  9997
2 12942  65.8322 341.3000 0098130  90.6839  70.2779 13.36691594809133
1 12947U 81053EB  18211.67882892 +.00000726 +00000-0 +11209-2 0  9993
2 12947 083.0962 295.3345 0202292 248.1496 268.2261 13.42369797794700
1 12949U 81053ED  18213.53173420  .00000143  00000-0  98317-4 0  9992
2 12949  82.8430 239.3524 0031145  50.0335 101.8217 13.92431011860380
1 12950U 81053EE  18212.88249567 +.00000332 +00000-0 +16993-3 0  9996
2 12950 083.0138 171.2902 0053211 229.4577 159.5173 14.12109135894180
1 12952U 81053EG  18212.91831944 +.00000178 +00000-0 +12114-3 0  9997
2 12952 082.9617 016.1815 0009364 183.4915 329.3604 13.94720443861378
1 12962U 81053EH  18213.05409831  .00000350  00000-0  24291-3 0  9991
2 12962  82.9642  61.6287 0026359 189.8590 324.0238 13.96108316858638
1 12963U 81053EJ  18212.84176346  .00000127  00000-0  10497-3 0  9995
2 12963  82.9472 167.8220 0026674  59.6329 320.2425 13.81053226848706
1 12964U 81053EK  18213.47401890  .00000031  00000-0  15021-4 0  9994
2 12964  82.9457 105.0403 0037839 313.4725 165.0668 13.80164678852266
1 12966U 81053EM  18213.13735137  .00000180  00000-0  10651-3 0  9991
2 12966  82.9489 338.4822 0033558  91.8017  25.1123 14.01985308861442
1 13017U 81053EP  18213.14453971  .00000269  00000-0  18635-3 0  9991
2 13017  82.9330 350.2505 0032060 264.9145 215.3494 13.95393123855589
1 13018U 81053EQ  18212.70374125  .00000321  00000-0  24772-3 0  9994
2 13018  82.6769 118.2552 0051221 212.3148 177.3261 13.89600541845426
1 13019U 81053ER  18212.75358470  .00000355  00000-0  25672-3 0  9992
2 13019  82.9451 135.7316 0078737 341.9996  46.9491 13.92589700845312
1 13020U 81053ES  18212.64124394 +.00000201 +00000-0 +18194-3 0  9999
2 13020 082.6916 278.9522 0116068 253.5619 273.1266 13.76473851834230
1 13021U 81053ET  18212.97413808 +.00000377 +00000-0 +25026-3 0  9993
2 13021 083.1482 291.4936 0022285 343.9566 138.1932 13.98843750856772
1 13022U 81053EU  18211.98326837  .00000230  00000-0  11126-3 0  9993
2 13022  82.9173  33.2103 0045955 319.3821 198.8585 14.14014992878481
1 13024U 81053EW  18212.80636711 -.00000453  00000-0 -31852-3 0  9999
2 13024  82.9302 332.7994 0050366 192.2634 320.8803 13.99480979857418
1 13026U 81053EX  18212.54219837  .00000810  00000-0  28725-3 0  9998
2 13026  82.9379  58.5618 0017934 153.9447 235.1092 14.33372256880174
1 13029U 82001C   18212.84698800 +.00000225 +00000-0 +52175-4 0  9996
2 13029 073.9714 243.0511 0010648 277.4365 137.7840 14.60856160874711
1 13030U 82001D   18212.89372394 +.00000357 +00000-0 +50058-4 0  9994
2 13030 074.0194 244.5787 0011769 143.9258 278.6458 14.81519296942659
1 13053U 81053EY  18212.08250382 +.00000181 +00000-0 +18801-3 0  9992
2 13053 083.0795 328.2558 0123303 130.3221 350.9083 13.66596283829896
1 13073U 81053EZ  18212.89289618 +.00000062 +00000-0 +50593-4 0  9990
2 13073 082.9372 261.2180 0088421 168.8503 312.3059 13.71695881850792
1 13074U 81053FA  18212.88952642  .00000161  00000-0  13598-3 0  9997
2 13074  82.9474 176.5224 0032867  93.6828 295.8443 13.81555465859156
1 13131U 65027H   18211.99668093 +.00000155 +00000-0 +51267-3 0  9997
2 13131 090.3000 281.2552 0033601 086.1076 034.1040 12.96892272257520
1 13132U 78018C   18212.31048972 -.00000042  00000-0  15434-4 0  9990
2 13132  69.2059 174.3703 0211870 252.8980 259.7628 13.34791269969627
1 13133U 77012J   18210.07487678 +.00000161 +00000-0 +53965-3 0  9996
2 13133 065.8343 185.2428 1659994 140.3979 233.0895 10.87851206631163
1 13364U 61015KS  18212.91557678 +.00000147 +00000-0 +23232-3 0  9999
2 13364 066.2634 115.8872 0097031 025.8300 098.1908 13.73662282016626
1 13455U 81053FB  18212.86335732 +.00005847 +00000-0 +43073-3 0  9990
2 13455 082.8442 105.0402 0008789 071.8864 288.3319 15.03136909892499
1 13456U 81053FC  18212.92753817 +.00000786 +00000-0 +72153-3 0  9994
2 13456 082.8483 023.5028 0161071 213.3054 306.2438 13.76124043815313
1 13460U 81053FG  18212.96150198 +.00000178 +00000-0 +16435-3 0  9992
2 13460 083.1306 229.5986 0088529 163.2506 242.9638 13.75149277826942
1 13462U 81053FJ  18213.47100428  .00000324  00000-0  34399-3 0  9994
2 13462  82.8145  30.5745 0170803 193.4229 195.8497 13.65404262794296
1 13464U 81053FL  18212.74326080  .00000796  00000-0  38039-3 0  9997
2 13464  82.9160 211.9467 0044580 105.3277 309.4696 14.17482208847623
1 13465U 81053FM  18213.44304976  .00064793  00000-0  93128-3 0  9993
2 13465  82.9627 267.2334 0004949 149.1156 211.0392 15.55825446579830
1 13466U 81053FN  18212.89178333 +.00000023 +00000-0 +86894-5 0  9998
2 13466 083.0721 060.6629 0144216 142.5434 281.0653 13.57077161790406
1 13467U 81053FP  18213.04567267  .00000677  00000-0  26123-3 0  9997
2 13467  82.9502  64.5726 0025304 149.4775  13.1139 14.28762392876542
1 13468U 81053FQ  18212.53539317 +.00000183 +00000-0 +14239-3 0  9993
2 13468 082.7067 241.1799 0070331 077.8924 073.4047 13.85986282817809
1 13470U 81053FS  18213.02469926  .00000101  00000-0  14885-3 0  9996
2 13470  82.8181  45.5033 0238998 161.2968   3.9608 13.33539766759471
1 13471U 81053FT  18213.51577608  .00000331  00000-0  23577-3 0  9991
2 13471  82.8114 279.5094 0052930 333.5812 119.1442 13.94055301826304
1 13472U 81053FU  18212.78355896  .00000825  00000-0  42332-3 0  9991
2 13472  82.8565 140.4677 0014347 286.7980 102.5237 14.14280039841174
1 13473U 81053FV  18212.73182181  .00000376  00000-0  20057-3 0  9993
2 13473  82.8393 126.3267 0050291 330.9292  58.1705 14.10423810841266
1 13474U 78034C   18212.52325296 -.00000102 +00000-0 -47232-4 0  9996
2 13474 082.9282 126.0543 0019712 032.0265 090.1146 14.28808239049752
1 13475U 81053FX  94026.55792019 -.00007384 +00000-0 -75706-2 0  9997
2 13475 082.9538 074.8498 0043319 029.3774 327.9200 13.76116993680406
1 13476U 81053FW  18212.89107733  .00000377  00000-0  26619-3 0  9994
2 13476  82.8046 254.3003 0051761 260.4945 222.0990 13.94917913827747
1 13477U 81053FX  18213.43841184  .00000381  00000-0  18580-3 0  9994
2 13477  82.9973  63.2916 0066599   7.0630 353.1470 14.14585619836958
1 13478U 81053FY  18213.19868265 -.00000030  00000-0 -43554-4 0  9990
2 13478  82.8692 170.5246 0094118 202.3375 221.1902 13.78037383812809
1 13479U 81053FZ  18212.58562422  .00000814  00000-0  13955-3 0  9998
2 13479  82.8957 295.4162 0035930 111.7193 248.7845 14.67152996889606
1 13480U 81053GA  18212.43377703  .00000366  00000-0  27506-3 0  9999
2 13480  82.9653 199.3572 0074221  43.4361 113.6157 13.90564945821869
1 13481U 81053GB  18212.79706097 +.00000814 +00000-0 +30243-3 0  9991
2 13481 083.0010 226.3475 0044531 037.4791 322.9486 14.30557847851617
1 13482U 81053GC  18212.92894473 +.00003829 +00000-0 +74328-3 0  9994
2 13482 082.8924 025.7755 0043021 035.9318 324.4765 14.62405977857593
1 13483U 81053GD  18212.99741602  .00000388  00000-0  20570-3 0  9994
2 13483  82.9262 209.1472 0012167  40.3369 337.5724 14.11307589840931
1 13484U 81053GE  18213.53076125  .00000503  00000-0  35758-3 0  9990
2 13484  82.9204  49.4171 0035067  51.1562 338.3875 13.95441638824256
1 13485U 81053GF  18212.62773534 +.00000071 +00000-0 +53264-4 0  9991
2 13485 082.9435 152.2268 0068345 116.3209 000.4822 13.78772149817234
1 13486U 81053GG  18212.32217627 -.00000347 +00000-0 -11871-3 0  9990
2 13486 082.8935 340.5134 0013136 013.9345 346.2206 14.38777638854361
1 13487U 81053GH  18213.13903042  .00001033  00000-0  42622-3 0  9993
2 13487  82.9686 356.8779 0065482 181.4775 303.2909 14.24817326835209
1 13488U 81053GJ  18212.94401917 +.00000394 +00000-0 +57301-3 0  9995
2 13488 083.0853 276.5511 0203104 221.3307 260.7859 13.44991932765222
1 13489U 81053GK  18212.62568774 +.00000237 +00000-0 +35789-3 0  9998
2 13489 083.1390 091.4863 0237345 207.2367 181.2870 13.38328053756745
1 13490U 81053GL  18213.49872866  .00000045  00000-0  30249-4 0  9990
2 13490  82.8378 115.4859 0066741 196.2866 283.4143 13.75969559813624
1 13491U 77062D   18212.77598052 +.00000091 +00000-0 +80709-4 0  9995
2 13491 082.9323 322.0622 0019591 147.5255 005.6089 13.73623248857768
1 13497U 78063C   18212.72993486  .00000182  00000-0  48614-4 0  9998
2 13497  74.0546  64.3188 0012902 281.0862 197.2532 14.55238101910563
1 13498U 81041C   18212.56425770  .00000212  00000-0  52541-4 0  9995
2 13498  74.0189  51.9412 0009805 142.8634 248.5031 14.58061740984536
1 13499U 76069D   18212.87260260  .00000150  00000-0  43833-4 0  9990
2 13499  74.0572  10.5220 0016789 265.1346 245.4806 14.52354642999430
1 13500U 78019C   18212.48114869 +.00000211 +00000-0 +45867-4 0  9997
2 13500 074.0584 230.4758 0009535 359.1601 000.9549 14.64192246204085
1 13501U 76067BB  18212.81860441 +.00000807 +00000-0 +33061-2 0  9992
2 13501 066.0387 341.3702 0635767 260.9951 260.7722 12.37920304684575
1 13502U 61015KT  18212.33065084  .00000945  00000-0  10344-2 0  9999
2 13502  66.4630 143.2963 0318704 163.1437 283.1170 13.56714749758766
1 13503U 77121BA  18213.36208657 -.00000026  00000-0  68065-4 0  9990
2 13503  66.4722 354.0720 0082852 349.4668  36.7836 13.51172637768614
1 13504U 77121BB  18213.32646014 -.00000024  00000-0  47422-4 0  9992
2 13504  66.1177 323.4097 0210787 272.8489 116.3941 13.77026768 30258
1 13505U 77121BC  18201.46349194 -.00000056  00000-0  33734-4 0  9990
2 13505  65.3594 313.6878 0021969 166.0780 266.0072 13.55286431865100
1 13507U 76126BK  18213.30733896 -.00000169  00000-0 -54294-3 0  9997
2 13507  65.7589 318.9765 0881483 179.9274 213.5909 11.92034344618058
1 13510U 82087C   18212.97687205 +.00000083 +00000-0 +25599-3 0  9997
2 13510 044.5772 050.9487 0175394 080.0715 075.0104 13.55864112220461
1 13511U 61015KU  18212.91948345 +.00000012 +00000-0 +10494-3 0  9995
2 13511 065.8427 032.1402 0115324 138.4222 014.3502 13.66403811897883
1 13512U 61015KV  18212.13732567  .00000758  00000-0  45168-3 0  9990
2 13512  65.4936 239.7682 0050513 194.1670 251.4665 14.12739113933282
1 13513U 61015KW  18212.61665063  .00000256  00000-0  29478-3 0  9999
2 13513  65.6807 279.5549 0089031 131.6081  17.2121 13.84173735920781
1 13514U 61015KX  18213.17066238  .00000114  00000-0  24308-3 0  9991
2 13514  66.7166 129.1315 0239646  58.4164  11.9344 13.49393671876502
1 13515U 76067BC  18213.52754840  .00000067  00000-0  41799-3 0  9997
2 13515  65.8954 252.3974 0665899 194.6281 244.4731 12.40935151723154
1 13516U 76067BD  18212.03063053 -.00000071  00000-0 -53779-4 0  9991
2 13516  65.6598 217.4860 0724624  49.8148 347.5649 12.32329175170702
