1  3045U 65070G   18212.26224719 -.00000038 +00000-0 +34199-3 0  9998
2  3045 055.4353 142.1810 0290325 284.8485 240.3215 12.44146250330716
1 03051U 67114C   18212.66683153 -.00000036  00000-0  38753-4 0  9990
2 03051 101.2957 273.5612 0089636 145.4996   6.3946 12.62189576336649
1 30334U 99025AAV 18212.77286081  .00000319  00000-0  29807-3 0  9993
2 30334  98.8912  29.0541 0162244  49.4703  71.4325 13.82785784579667
1 30335U 99025AAW 18213.06935637  .00000088  00000-0  86543-4 0  9999
2 30335  98.9963 240.3041 0086907  37.4130 340.8919 14.00012360589409
1 30336U 99025AAX 18212.90968958 +.00000084 +00000-0 +64487-4 0  9993
2 30336 098.8948 242.1738 0046138 152.2153 331.4239 14.16017092594959
1 30338U 99025AAZ 18212.60757222 +.00000463 +00000-0 +11790-3 0  9991
2 30338 098.7844 262.5302 0346378 204.6893 311.9691 14.25492491596586
1 30339U 99025ABA 18213.02496152  .00000573  00000-0  32088-3 0  9996
2 30339  99.0437 237.5011 0032458 206.1951 183.6247 14.14537452592572
1 30340U 99025ABB 18211.98024330 +.00000045 +00000-0 +52601-4 0  9994
2 30340 099.2534 207.7093 0147831 023.9699 355.3753 14.03487633590143
1 30341U 99025ABC 18212.80224537 +.00000337 +00000-0 +21302-3 0  9995
2 30341 099.2176 324.2635 0069985 090.0312 060.7025 14.09755263589918
1 30342U 99025ABD 18213.34815458  .00000118  00000-0  15318-3 0  9991
2 30342 100.1524 169.5985 0174667 173.4059 340.3319 13.76444429578603
1 30343U 99025ABE 18212.81610248 +.00000635 +00000-0 +92780-4 0  9996
2 30343 099.0525 212.5286 0202049 190.3597 296.0434 14.67257128610178
1 30344U 99025ABF 18212.92154076 +.00000724 +00000-0 +33073-3 0  9999
2 30344 098.8892 195.3812 0015813 043.0168 345.5598 14.24626077595860
1 30345U 99025ABG 18213.37252517  .00000626  00000-0  31518-3 0  9992
2 30345  98.9058 178.3630 0023566  85.5394 274.8473 14.19952666594518
1 30346U 99025ABH 18212.61715517  .00000290  00000-0  17117-3 0  9999
2 30346  98.9350 273.4044 0076739 169.2595 357.3341 14.13955527592605
1 30347U 99025ABJ 18212.55003052 +.00000023 +00000-0 +45202-4 0  9998
2 30347 098.3965 240.9201 0150722 296.5208 218.6389 13.91614014585203
1 30348U 99025ABK 18211.94664782 +.00000562 +00000-0 +30386-3 0  9998
2 30348 099.0066 240.6453 0022733 174.3424 273.0484 14.16606777592948
1 30349U 99025ABL 18213.22304576 -.00000049  00000-0 -60446-5 0  9998
2 30349  98.6113 306.4115 0095425 359.1538  29.3738 13.97415935585634
1 30350U 99025ABM 18210.40370521 +.00000134 +00000-0 +13554-3 0  9999
2 30350 098.1157 007.9122 0230330 130.8600 260.4512 13.78398759578419
1 30352U 99025ABP 18212.75007758 -.00000029  00000-0  98931-5 0  9998
2 30352  99.0572 239.0546 0027740 294.8300 130.0542 14.05960884591029
1 30355U 99025ABS 18210.12060821 +.00000184 +00000-0 +12009-3 0  9991
2 30355 098.8040 254.3879 0058872 088.1143 288.8694 14.12799510592796
1 30356U 99025ABT 18213.39176642 -.00000018  00000-0  15013-4 0  9999
2 30356  98.8526 256.2053 0056269 339.5533 141.4162 14.07505927591384
1 30357U 99025ABU 18212.94149508 +.00000229 +00000-0 +17152-3 0  9999
2 30357 099.1213 236.4621 0049052 266.9312 213.5012 14.04155905590358
1 30358U 99025ABV 18213.20335698  .00000317  00000-0  20494-3 0  9998
2 30358  98.7430 103.6123 0096077 295.2361 218.3979 14.07624120589755
1 30359U 99025ABW 18212.61172760  .00000647  00000-0  59251-3 0  9991
2 30359 101.6267  87.1131 0188277  89.0008 302.2046 13.80437946578736
1 30360U 99025ABX 18210.58792789 +.00000359 +00000-0 +21600-3 0  9993
2 30360 098.9679 252.8407 0034848 264.7473 250.0138 14.12943686593033
1 30361U 99025ABY 18212.88782775  .00000376  00000-0  20752-3 0  9999
2 30361  98.8180 265.6387 0076156 205.3744 213.4613 14.15925214594794
1 30362U 99025ABZ 18212.75125507 +.00000675 +00000-0 +50233-3 0  9999
2 30362 099.0448 128.0174 0109259 214.0635 174.9523 13.95637016585101
1 30363U 99025ACA 18212.46710663 +.00000300 +00000-0 +20638-3 0  9992
2 30363 099.1970 216.0016 0095852 350.0085 009.9174 14.04978949589410
1 30364U 99025ACB 18212.48701352 +.00000321 +00000-0 +14318-3 0  9991
2 30364 098.0977 042.5524 0431097 354.3991 032.7669 13.88590592581061
1 30365U 99025ACC 18212.74712337 +.00000044 +00000-0 +39163-4 0  9994
2 30365 098.7388 244.3155 0171984 288.6237 133.8367 14.16387095594982
1 30366U 99025ACD 18213.35989187  .00000100  00000-0  58357-4 0  9991
2 30366  99.0279   3.3954 0069952  93.9903 296.8230 14.27346901599273
1 30368U 99025ACF 18213.05861667  .00000101  00000-0  13382-3 0  9991
2 30368  98.9943  58.6515 0188699 216.0398 297.8708 13.73657337577267
1 30369U 99025ACG 18212.89698240 +.00000104 +00000-0 +80422-4 0  9991
2 30369 098.8573 242.1013 0100961 260.6162 225.5035 14.10072425593090
1 30370U 99025ACH 18213.37784392  .00000363  00000-0  22225-3 0  9994
2 30370  99.0792 185.6998 0112166 315.3618 200.5074 14.09141849591320
1 30371U 99025ACJ 18212.95766897  .00000384  00000-0  20176-3 0  9994
2 30371  98.8207 252.2352 0007709 194.1074 235.4118 14.19922913596544
1 30372U 99025ACK 18212.82357921  .00000877  00000-0  19938-3 0  9996
2 30372  99.0624 164.5996 0067651 128.6116 232.1164 14.57484062606346
1 30373U 99025ACL 18212.93332067 +.00001362 +00000-0 +24602-3 0  9997
2 30373 099.0970 210.3135 0072973 025.0579 005.4879 14.66716555608163
1 30374U 99025ACM 18212.83368604  .00000511  00000-0  19264-3 0  9996
2 30374  99.2769 168.1370 0060495 135.0991 255.4275 14.35054986601720
1 30375U 99025ACN 18213.09373780  .00000122  00000-0  57446-4 0  9990
2 30375  98.5494 144.9841 0015902 275.1800  84.7571 14.35731808598341
1 30377U 99025ACQ 18212.53992942  .00000372  00000-0  28113-3 0  9992
2 30377  99.1721 241.0041 0123185 106.2812  49.2542 13.96687091586345
1 30379U 99025ACS 18212.56534675 -.00000088 +00000-0 -26131-4 0  9997
2 30379 099.0215 241.1582 0036092 260.9306 251.4760 14.05706514589896
1 30380U 99025ACT 18212.85963643 +.00000038 +00000-0 +22710-4 0  9994
2 30380 098.8966 089.1784 0193464 347.6533 011.9951 14.44565035606732
1 30381U 99025ACU 18207.50988389 +.00000413 +00000-0 +28219-3 0  9991
2 30381 099.0402 239.7400 0061090 069.8966 290.8761 14.04469976542527
1 30382U 99025ACV 18213.41051104  .00000226  00000-0  11615-3 0  9999
2 30382  98.7938 279.4866 0175050 191.8260 228.7394 14.16791236593832
1 30385U 99025ACY 18212.88354437  .00000067  00000-0  38803-4 0  9999
2 30385  99.0525  75.9989 0133436 244.7619 182.4786 14.33798750601876
1 30386U 99025ACZ 18212.52263951  .00000478  00000-0  60778-3 0  9992
2 30386  98.6532  50.9894 0322873 229.1456 157.0589 13.47943918565330
1 30387U 99025ADA 18213.06787990  .00000048  00000-0  50328-4 0  9991
2 30387  98.9230 241.8546 0000902 100.9753 288.0045 14.12491523593411
1 30388U 99025ADB 18212.57979358  .00000185  00000-0  93806-4 0  9998
2 30388  98.8922 246.1467 0236546 200.0157 313.6203 14.13997014593816
1 30389U 99025ADC 18212.96628619 +.00000539 +00000-0 +26866-3 0  9997
2 30389 098.9560 205.1057 0019202 088.2350 297.3648 14.21071109594139
1 30390U 99025ADD 18213.06349522  .00000407  00000-0  23220-3 0  9999
2 30390  99.0150 248.6257 0081257 282.9122  96.5411 14.13775908592708
1 30391U 99025ADE 18212.56098844 +.00000403 +00000-0 +25979-3 0  9991
2 30391 099.0197 250.4021 0078773 284.0350 233.0792 14.07354852589570
1 30392U 99025ADF 18212.91933194 -.00000003 +00000-0 +23996-4 0  9992
2 30392 099.0544 244.0106 0189905 306.5082 174.7817 14.02611818589114
1 30393U 99025ADG 18213.18576993  .00000253  00000-0  20578-3 0  9991
2 30393  99.3263 194.7772 0072564  43.3361  88.3376 13.98034493587495
1 30394U 99025ADH 18212.79623236  .00000155  00000-0  14622-3 0  9995
2 30394  99.2420 158.4354 0090695 177.9995 211.8574 13.93848207586285
1 30395U 99025ADJ 18213.00395302  .00000192  00000-0  16124-3 0  9991
2 30395  99.1975 242.6687 0164771 182.2324 206.4683 13.93494615585579
1 30396U 99025ADK 18212.57592858 -.00000008 +00000-0 +23508-4 0  9990
2 30396 098.3060 130.8911 0135332 000.2412 122.8629 13.86429804582828
1 30397U 99025ADL 18213.47300653  .00000218  00000-0  18384-3 0  9998
2 30397  98.3790 207.2298 0164518   9.6212 140.4231 13.90711269583397
1 30398U 99025ADM 18213.34682127 -.00000052  00000-0 -52573-5 0  9992
2 30398  99.7701 352.2925 0178648  62.9800 327.6106 13.75536981577704
1 30400U 99025ADP 18213.23727472  .00000899  00000-0  57196-3 0  9998
2 30400  99.1605 126.9618 0284232 106.9115  43.3070 13.88060206580561
1 30401U 99025ADQ 18212.80916660  .00000017  00000-0  24986-4 0  9994
2 30401  98.8978 335.9594 0109838 337.0308  22.5979 14.25946870599586
1 30403U 99025ADS 18212.95428938 +.00000517 +00000-0 +33457-3 0  9995
2 30403 099.1901 215.7706 0094438 350.5959 009.3437 14.05258409588941
1 30404U 99025ADT 18212.97680194 +.00000160 +00000-0 +27632-3 0  9994
2 30404 099.6656 036.2121 0388548 129.3625 023.6112 13.30623273222206
1 30405U 99025ADU 18212.41836649 +.00000456 +00000-0 +26051-3 0  9994
2 30405 098.9208 280.6527 0061812 287.7338 203.1162 14.13713374592618
1 30406U 99025ADV 18212.51841039  .00000260  00000-0  33819-3 0  9998
2 30406  98.5919  49.0314 0298371 129.6627 261.7606 13.51870037567641
1 30408U 99025ADX 12057.81159816 +.00002657 +00000-0 +22255-2 0  9992
2 30408 099.0583 001.7104 0127655 181.7986 178.2567 13.85370304257644
1 30409U 99025ADY 18213.28575878  .00000115  00000-0  95318-4 0  9993
2 30409  98.6111 333.0910 0172265 342.3610  47.3113 13.98885961588003
1 30411U 99025AEA 18212.58424364  .00000441  00000-0  33595-3 0  9991
2 30411  98.5601 272.9438 0148257  52.2095 309.2387 13.93207815584261
1 30413U 99025AEC 18212.79082385 +.00000618 +00000-0 +38224-3 0  9999
2 30413 102.0775 184.8218 0061593 175.9061 302.9019 14.10239006590543
1 30414U 99025AED 18213.48428987  .00000353  00000-0  21240-3 0  9995
2 30414  99.0473 288.1422 0076554 270.2691 211.2495 14.11949432591318
1 30415U 99025AEE 18212.54833069  .00000441  00000-0  51003-3 0  9991
2 30415  99.8122 230.7058 0244708 284.7262 242.0284 13.62987768571830
1 30416U 99025AEF 18213.05363449 -.00000208  00000-0 -10766-3 0  9993
2 30416  99.1526 241.7848 0054950  80.1550 280.5813 14.00881618589516
1 30417U 99025AEG 18212.58161267  .00000039  00000-0  44110-4 0  9996
2 30417  98.7778 245.0717 0065375 226.1541 288.3326 14.12003870594125
1 30418U 99025AEH 18212.57949163  .00000205  00000-0  46109-4 0  9990
2 30418  98.7914 134.3056 0163624 152.3805 334.8656 14.60108295612082
1 30419U 99025AEJ 18211.47994042  .00000212  00000-0  14043-3 0  9994
2 30419  99.3350  25.8525 0056065  11.9532   5.3083 14.11766610593333
1 30420U 99025AEK 18213.12328802  .00000314  00000-0  46142-4 0  9994
2 30420  98.9444 271.2322 0164601 322.3613  65.9609 14.75629255615672
1 30423U 99025AEN 18213.29087950  .00001038  00000-0  33546-3 0  9998
2 30423  98.5436 143.6781 0071026 122.5811  28.6287 14.39756904600451
1 30429U 99025AEQ 18212.71427935  .00001915  00000-0  24575-3 0  9997
2 30429  99.1527 308.4928 0063078 250.5504 108.8882 14.81368638613038
1 30432U 99025AET 18212.83487418 +.00000217 +00000-0 +92598-4 0  9991
2 30432 098.8689 345.2684 0091582 314.6104 199.6981 14.32881520601428
1 30434U 99025AEV 18213.04934649  .00000040  00000-0  65850-4 0  9995
2 30434  99.1089 252.9313 0123443 333.6371  55.0758 13.88478739583723
1 30435U 99025AEW 18212.79916274 +.00000213 +00000-0 +24830-3 0  9995
2 30435 099.0389 320.2934 0230433 001.0840 152.3271 13.68143913572752
1 30436U 99025AEX 18213.09861670  .00000666  00000-0  43542-3 0  9992
2 30436  98.4200 254.6133 0130922 225.5869 160.8851 14.01275599586336
1 30437U 99025AEY 18212.77860913 +.00000596 +00000-0 +19516-3 0  9992
2 30437 098.9814 036.6417 0077555 274.8991 207.1784 14.40809283602167
1 30438U 99025AEZ 18210.31133782 +.00000395 +00000-0 +35770-3 0  9995
2 30438 098.8417 338.1298 0143957 307.5332 051.2815 13.84777027579967
1 30439U 99025AFA 18213.56189027  .00000131  00000-0  10678-3 0  9997
2 30439  98.9924 243.7356 0038244 333.3024 179.2989 14.05897564589940
1 30441U 99025AFC 18211.97787752 +.00000082 +00000-0 +11319-3 0  9990
2 30441 098.9426 035.6362 0188989 188.9702 170.8055 13.74888145578673
1 30442U 99025AFD 18213.39632241  .00000425  00000-0  25826-3 0  9990
2 30442  98.9907 269.8918 0068767  12.0415 121.2169 14.10455307591699
1 30443U 99025AFE 18211.71508541 +.00000590 +00000-0 +32728-3 0  9992
2 30443 098.7973 131.2438 0033958 147.5042 212.8231 14.14702675592217
1 30444U 99025AFF 18213.42612230  .00000332  00000-0  13651-3 0  9992
2 30444  99.2850  14.7861 0251475  78.6311 311.0798 14.18218508591638
1 30445U 99025AFG 18212.30106950 +.00000079 +00000-0 +38033-4 0  9996
2 30445 098.9364 027.2631 0121951 101.6758 259.8143 14.39813172603982
1 30446U 99025AFH 18212.82830261 +.00000424 +00000-0 +19776-3 0  9999
2 30446 098.8214 256.1667 0047912 057.2399 303.3383 14.25102182597181
1 30447U 99025AFJ 18213.10059605  .00000595  00000-0  26629-3 0  9991
2 30447  98.9188 310.1747 0099834 321.0954 109.1797 14.23833944595917
1 30448U 99025AFK 18213.05889789  .00000514  00000-0  27877-3 0  9997
2 30448  99.0042 243.4275 0024247 174.1419 206.2359 14.16795032591479
1 30450U 99025AFM 18213.34500226  .00000291  00000-0  69026-4 0  9993
2 30450  98.3630 257.4607 0232256 197.0506 297.6108 14.46623634605904
1 30451U 99025AFN 18212.78350991 +.00001273 +00000-0 +32604-3 0  9995
2 30451 098.9311 047.1881 0059953 218.1741 205.4285 14.51245201603640
1 30452U 99025AFP 18212.63925619 +.00000670 +00000-0 +29447-3 0  9996
2 30452 099.3241 104.5938 0087911 105.8236 286.3578 14.25062282595544
1 30453U 99025AFQ 18213.06526681  .00000279  00000-0  16428-3 0  9991
2 30453  99.0383 245.3188 0132730 312.5993  74.2714 14.11797981591769
1 30454U 99025AFR 18213.43507209  .00000735  00000-0  47885-3 0  9996
2 30454  98.1353  81.6138 0214910 261.8736 224.3568 13.94425852583294
1 30455U 99025AFS 18213.37694710  .00010704  00000-0  28319-3 0  9992
2 30455  98.7934   8.3392 0068591 130.8194 229.9021 15.36223775625626
1 30462U 99025AFZ 18213.53711168  .00000192  00000-0  13524-3 0  9997
2 30462  98.8789 244.4651 0141983 232.7673 293.9169 14.04424128590326
1 30464U 99025AGB 18212.82236174 +.00000040 +00000-0 +47182-4 0  9999
2 30464 099.1488 220.4961 0109281 250.8778 235.4516 14.09433943591517
1 30465U 99025AGC 18213.02828399  .00000416  00000-0  23239-3 0  9992
2 30465  99.0076 242.0323 0023730 181.2230 208.5342 14.16306512592042
1 30466U 99025AGD 18212.60979314  .00000318  00000-0  18065-3 0  9992
2 30466  98.8948 259.0936 0133398 142.4499  11.4875 14.12253452592934
1 30467U 99025AGE 18212.92993355 +.00000203 +00000-0 +13794-3 0  9996
2 30467 098.9460 250.2651 0071448 191.2821 240.6867 14.09604090592098
1 30468U 99025AGF 18212.91601260 +.00000279 +00000-0 +18608-3 0  9999
2 30468 099.1256 246.2470 0086700 050.8656 024.2720 14.07526453588589
1 30469U 99025AGG 18212.81475334  .00000264  00000-0  21808-3 0  9990
2 30469  98.4889 245.3132 0172114  53.9351   1.0507 13.89710827583119
1 30471U 99025AGJ 18212.80426441 +.00000548 +00000-0 +37366-3 0  9998
2 30471 099.2187 245.4604 0095412 165.6978 250.1355 14.02077656586470
1 30472U 99025AGK 18212.79755803 +.00000346 +00000-0 +16186-3 0  9997
2 30472 098.8120 263.6683 0060648 066.0445 357.5714 14.25643613595241
1 30473U 99025AGL 18212.95636100 +.00000815 +00000-0 +35686-3 0  9991
2 30473 098.8857 208.1452 0014500 030.8604 357.6189 14.26519402595032
1 30474U 99025AGM 18212.93737227 +.00000573 +00000-0 +30581-3 0  9992
2 30474 099.0015 200.3472 0027741 158.5841 229.6885 14.17183269591350
1 30475U 99025AGN 18211.89402868  .00000389  00000-0  24960-3 0  9996
2 30475  98.9788 247.6436 0044724 333.5012 150.7096 14.08728253590248
1 30476U 99025AGP 18212.86306089 +.00000469 +00000-0 +29769-3 0  9994
2 30476 099.0394 167.7359 0050306 295.7280 092.3952 14.08236525588738
1 30477U 99025AGQ 18211.83849521  .00000114  00000-0  23635-3 0  9997
2 30477  99.4115 166.9345 0442472 221.9603 165.3983 13.18334778552341
1 30478U 99025AGR 18212.67551192 +.00001567 +00000-0 +23607-3 0  9997
2 30478 098.9269 156.0248 0055619 290.8507 190.3677 14.75108706607959
1 30480U 99025AGS 18213.44730418  .00000104  00000-0  50013-4 0  9994
2 30480  98.5437 286.0264 0173517 195.1631 229.7370 14.29944434602306
1 30481U 99025AGT 18212.92280272 +.00000095 +00000-0 +41098-4 0  9997
2 30481 098.6282 249.7014 0246742 321.9043 159.4801 14.30782903599487
1 30483U 99025AGV 18213.01944836  .00003878  00000-0  32132-3 0  9993
2 30483  98.9826 240.2572 0102110  35.4307 325.3637 14.95593007612710
1 30484U 99025AGW 18213.41917967  .00001644  00000-0  25844-3 0  9994
2 30484  99.0190 194.1038 0063170 303.6211  55.8976 14.72920424609794
1 30485U 99025AGX 18213.37012730  .00001132  00000-0  38597-3 0  9995
2 30485  98.9790 352.0934 0134488 179.0708 208.9145 14.33570232599125
1 30486U 99025AGY 18213.06001987  .00000357  00000-0  46411-4 0  9997
2 30486  98.8767 242.7611 0177072 225.5389 161.3756 14.78300716616424
1 30489U 99025AHB 18212.67092597 +.00000017 +00000-0 +28883-4 0  9999
2 30489 098.7852 284.2776 0144860 043.9062 114.5210 14.13219547593578
1 30490U 99025AHC 18212.66050047  .00000560  00000-0  13009-3 0  9990
2 30490  98.5031 278.9758 0219179 163.6743 353.9426 14.45363370602724
1 30491U 99025AHD 18213.07933360  .00001121  00000-0  41820-3 0  9991
2 30491 101.5184  78.4709 0037900  36.2339 324.1391 14.34599646596867
1 30492U 99025AHE 18212.52000097  .00000544  00000-0  31844-3 0  9996
2 30492 102.3382 235.9141 0174886 323.3788 197.2866 14.07646644587597
1 30493U 99025AHF 18212.29136757 +.00000317 +00000-0 +28873-3 0  9990
2 30493 098.5828 225.6360 0198086 357.3517 065.5668 13.81351467578407
1 30494U 99025AHG 18212.56115895 -.00000137  00000-0 -88009-4 0  9991
2 30494  99.5186 248.8929 0196131  66.8595 295.3087 13.73070326576129
1 30495U 99025AHH 18213.52425038  .00000444  00000-0  90386-3 0  9991
2 30495 102.2425 323.9013 0599933 320.8269  94.4891 12.87132011540301
1 30496U 99025AHJ 18213.42248634  .00000184  00000-0  32829-4 0  9996
2 30496  98.8428 195.3242 0187304 282.9275  75.1069 14.70559438615520
1 30497U 99025AHK 18212.54176288  .00005030  00000-0  45425-3 0  9994
2 30497  99.1301 252.5323 0046351  61.6665 298.9215 14.95253165609146
1 30498U 99025AHL 18210.39741216 +.00000530 +00000-0 +41202-3 0  9994
2 30498 099.2659 193.0605 0113019 304.9684 221.9261 13.94138684583476
1 30499U 99025AHM 18212.69961935  .00001351  00000-0  26615-3 0  9995
2 30499  98.9632 108.7887 0117789  64.7224 322.4887 14.60125306605004
1 30500U 99025AHN 18212.97767812  .00000549  00000-0  35208-3 0  9993
2 30500  99.2114 220.8151 0085312  93.6010 297.0543 14.05776977587781
1 30501U 99025AHP 18212.33247703  .00000332  00000-0  21149-3 0  9995
2 30501  98.9240 146.4303 0048585 256.9740 259.3859 14.09907159590243
1 30503U 99025AHR 18212.77802365  .00000099  00000-0  77163-4 0  9994
2 30503  99.0015 321.0968 0008015 284.3830 229.6532 14.13242735593433
1 30504U 99025AHS 18209.35527594 +.00000079 +00000-0 +60164-4 0  9994
2 30504 098.9673 167.0464 0118259 300.2238 214.1353 14.15391495593231
1 30505U 99025AHT 18212.56886266 +.00000465 +00000-0 +28832-3 0  9990
2 30505 099.1227 237.6428 0071751 269.6599 242.8632 14.09030805589283
1 30506U 99025AHU 18213.55980564 -.00000006  00000-0  22723-4 0  9993
2 30506  98.9590 243.1275 0072031 345.1324 169.2679 14.06278204590216
1 30507U 99025AHV 18212.95209458 +.00000694 +00000-0 +42818-3 0  9991
2 30507 099.2070 218.3447 0144365 103.9785 287.5218 14.03700242587487
1 30508U 99025AHW 18212.91618250 +.00000712 +00000-0 +22383-3 0  9998
2 30508 099.2321 006.7443 0270710 016.2908 134.5916 14.25100573592688
1 30509U 99025AHX 18210.08444729 +.00000276 +00000-0 +22363-3 0  9996
2 30509 098.4767 246.4818 0112878 044.1387 341.7781 13.94421842582270
1 30510U 99025AHY 18212.35420038  .00000137  00000-0  11672-3 0  9994
2 30510  99.0797 160.7361 0092168  58.2010  96.8931 14.00865947588302
1 30512U 99025AJA 18213.13072227  .00001195  00000-0  94709-4 0  9994
2 30512  98.7974 275.3035 0139827  49.0833 312.2394 14.95647564619325
1 30514U 99025AJC 18213.54933964  .00000049  00000-0  32820-4 0  9998
2 30514  98.7132 249.3193 0193050  73.9296 288.3046 14.26504629598079
1 30515U 99025AJD 18213.51769598  .00000264  00000-0  18095-3 0  9992
2 30515  98.4809  40.9063 0528222 286.9262  84.1523 13.54856665568834
1 30516U 99025AJE 18212.53982316  .00000537  00000-0  27885-3 0  9999
2 30516  98.9837 241.6650 0015283 130.2227  31.5430 14.19011602594224
1 30519U 99025AJH 18212.80188349 +.00000376 +00000-0 +51027-4 0  9993
2 30519 098.8643 217.9016 0162972 237.4827 121.0544 14.77593007616669
1 30520U 99025AJJ 18212.73836730  .00000404  00000-0  65981-4 0  9997
2 30520  98.6814 125.5383 0160842 335.7009  49.9894 14.69169921613802
1 30521U 99025AJK 18213.48921968  .00000167  00000-0  53113-4 0  9999
2 30521  98.9499 133.3449 0163564  25.3698 335.5410 14.46280323606978
1 30522U 99025AJL 18212.76293674  .00000862  00000-0  22882-3 0  9996
2 30522  99.3966 310.5328 0073035 322.4391 190.3591 14.50216969605608
1 30523U 99025AJM 18213.35167049 -.00000004  00000-0  13157-4 0  9994
2 30523  98.5256 256.6551 0255055  78.9830 342.3351 14.24224680598227
1 30524U 99025AJN 18212.54280562  .00000670  00000-0  66834-3 0  9998
2 30524  99.2847  63.5285 0249861 127.6278 234.7830 13.68373489572392
1 30525U 99025AJP 18212.96839935  .00000177  00000-0  23667-3 0  9998
2 30525  98.5772  47.0622 0310192  81.5579 282.0588 13.52104020567556
1 30526U 99025AJQ 18212.44261308 +.00000156 +00000-0 +24061-3 0  9991
2 30526 099.4210 026.6569 0317414 124.1669 238.9992 13.45954323564215
1 30527U 99025AJR 18212.94102058 -.00000099 +00000-0 -78965-4 0  9994
2 30527 100.2645 261.6198 0426374 089.2840 033.2020 13.26175349556486
1 30528U 99025AJS 18213.39188831  .00000077  00000-0  59046-4 0  9991
2 30528  98.2471 264.7716 0152117  40.9653  85.3554 14.09391605592372
1 30529U 99025AJT 18213.07007977  .00000272  00000-0  31009-3 0  9993
2 30529  98.4594  71.2412 0245795 171.3287 343.9895 13.64864096572998
1 30530U 99025AJU 18213.34995642  .00000084  00000-0  44686-4 0  9997
2 30530  98.7298 237.8814 0104583 182.2876 247.1975 14.33145201602551
1 30531U 99025AJV 18212.87606137 +.00000887 +00000-0 +46363-3 0  9997
2 30531 102.3311 350.0423 0052888 215.9012 295.8768 14.17987554592982
1 30532U 99025AJW 18211.39874352 +.00001342 +00000-0 +60428-3 0  9995
2 30532 096.9835 016.1644 0154822 265.2954 093.0530 14.17284613591307
1 30533U 99025AJX 18213.40760144  .00000324  00000-0  15921-3 0  9990
2 30533  98.9053 272.3581 0135976  44.0565  82.7512 14.19674393594429
1 30538U 99025AKC 18213.42789588  .00020618  00000-0  23228-3 0  9997
2 30538  99.1493 197.5868 0057373 214.2779 145.4765 15.60540368625358
1 30539U 99025AKD 18212.76041373 +.00000140 +00000-0 +51527-4 0  9999
2 30539 098.9350 040.2029 0141173 055.0183 306.4166 14.42889089604753
1 30540U 99025AKE 18211.11025785 +.00000546 +00000-0 +30855-3 0  9998
2 30540 098.9648 274.0678 0069873 187.8880 205.1492 14.13196711591243
1 30541U 99025AKF 18212.32708255 +.00000445 +00000-0 +25995-3 0  9990
2 30541 098.9172 251.5910 0020569 202.1221 157.9065 14.13496390592320
1 30542U 99025AKG 18212.87113691 +.00000217 +00000-0 +16021-3 0  9992
2 30542 099.1032 235.8594 0027042 296.6011 187.8501 14.05730898591028
1 30543U 99025AKH 18211.87232904  .00000171  00000-0  13816-3 0  9999
2 30543  99.0538 237.6459 0072451 320.1218 164.8475 14.02068636588645
1 30545U 99025AKK 18211.99972649 -.00000010  00000-0  33071-4 0  9990
2 30545  98.9910  34.6977 0476921  33.4703 119.2738 13.19134560554682
1 30546U 99025AKL 18213.13934413  .00000476  00000-0  96981-4 0  9990
2 30546  98.8918 162.3726 0144902 188.0342 231.3693 14.60007923610507
1 30547U 99025AKM 18211.76492962  .00000119  00000-0  56356-4 0  9992
2 30547  98.6942 319.1757 0100686 217.4265 299.7509 14.33738737601183
1 30548U 99025AKN 18213.17911174  .00000513  00000-0  30423-3 0  9995
2 30548  99.7218 197.4298 0081591 231.9292 187.6906 14.11091120590146
1 30549U 99025AKP 18213.16067862  .00000478  00000-0  29673-3 0  9996
2 30549  98.4442 181.8903 0330348 122.2426   7.4071 13.84947621579548
1 30550U 99025AKQ 18213.54638951  .00000433  00000-0  36521-3 0  9994
2 30550  99.1332 121.2732 0155566  47.1371  76.3083 13.87687036580156
1 30552U 99025AKS 18213.13119184  .00000906  00000-0  44091-3 0  9999
2 30552  98.8974 272.6677 0023613 153.8890 235.9139 14.20619729592513
1 30553U 99025AKT 18212.43483614 +.00000689 +00000-0 +26467-3 0  9999
2 30553 099.1516 079.1506 0038747 158.1321 202.1526 14.33530749596813
1 30554U 99025AKU 18213.09991384  .00001262  00000-0  39064-3 0  9996
2 30554  98.8192 311.5490 0033672 266.5057 170.3403 14.42738286598781
1 30555U 99025AKV 18211.10966133 +.00000360 +00000-0 +22841-3 0  9994
2 30555 098.9828 252.5159 0047899 343.9715 033.7409 14.09705514589130
1 30556U 99025AKW 18212.62714000  .00000048  00000-0  62207-4 0  9991
2 30556  98.9674 265.9554 0065130 142.6934  19.4358 13.98617123586262
1 30557U 99025AKX 18212.86361487  .00000598  00000-0  41956-3 0  9992
2 30557  99.1077 264.7993 0074993 147.3454 269.6327 14.00844701585748
1 30558U 99025AKY 18213.44335219  .00000501  00000-0  80478-3 0  9998
2 30558  99.4566 200.1597 0443420 233.1093 285.2405 13.20091987552147
1 30560U 99025ALA 18213.02214559  .00000037  00000-0  39885-4 0  9999
2 30560  98.7703 243.6073 0119891 348.7637  42.2091 14.14033034593246
1 30561U 99025ALB 18211.02243315  .00000207  00000-0  14336-3 0  9992
2 30561  98.9066 241.4260 0062826 158.3163 221.7179 14.08520110590606
1 30562U 99025ALC 18212.84845049 +.00000321 +00000-0 +20234-3 0  9997
2 30562 098.9611 267.7378 0068531 346.3312 072.9827 14.10122639589788
1 30563U 99025ALD 18212.64778954  .00001444  00000-0  26875-3 0  9990
2 30563  99.0897 195.3596 0064825  88.6932 324.6339 14.65612135606264
1 30564U 99025ALE 18212.83698049 +.00000160 +00000-0 +11128-3 0  9997
2 30564 099.0004 255.1984 0227086 043.6392 011.3566 13.99615838586068
1 30565U 99025ALF 18211.53884316  .00000432  00000-0  31343-3 0  9991
2 30565  98.4591 244.4332 0162493 348.4901 176.4427 13.95127822582841
1 30566U 99025ALG 18212.84744764  .00000371  00000-0  26815-3 0  9999
2 30566  99.1769 174.9326 0076631  57.2550 333.0515 14.01490933586072
1 30567U 99025ALH 18213.56521321  .00000139  00000-0  10473-3 0  9997
2 30567  98.8656 245.6158 0112165 202.2133 312.3461 14.06250730589476
1 30568U 99025ALJ 18212.68650877 +.00000802 +00000-0 +39557-3 0  9990
2 30568 098.9362 286.5822 0027638 070.4513 081.3299 14.20178301592511
1 30569U 99025ALK 18212.79862642 +.00000737 +00000-0 +30845-3 0  9996
2 30569 098.8148 263.7970 0026915 133.5402 226.8021 14.28964314595639
1 30570U 99025ALL 18213.30338046  .00000146  00000-0  10712-3 0  9997
2 30570  99.0151 241.0354 0035887 260.5000 228.5491 14.10385898590412
1 30571U 99025ALM 18213.47677640 -.00000023  00000-0  12633-4 0  9992
2 30571  99.0351 239.9676 0020186 247.0380 219.0504 14.08609795590259
1 30572U 99025ALN 18212.87764247 +.00000151 +00000-0 +11771-3 0  9998
2 30572 099.0806 236.1486 0023987 271.0850 165.3977 14.06910979589087
1 30573U 99025ALP 18212.83753111  .00000827  00000-0  56104-3 0  9992
2 30573  99.1511 171.4065 0105617 151.2379 239.5074 14.00324671584823
1 30574U 99025ALQ 18212.10149259  .00000541  00000-0  58430-3 0  9992
2 30574  99.3270  77.7029 0243778 151.8935 209.5620 13.65333578570017
1 30575U 99025ALR 18213.43199656  .00000279  00000-0  12639-3 0  9995
2 30575  99.1787 104.8833 0063642 103.6806 306.7647 14.29130736597229
1 30576U 99025ALS 18213.09478588  .00000779  00000-0  25095-3 0  9997
2 30576  99.0991  68.5440 0104883 143.7218   7.8121 14.39255589600968
1 30577U 99025ALT 18213.55209365  .00000155  00000-0  11895-3 0  9995
2 30577  99.0640 241.0317 0029500 278.5124 235.6871 14.07252737589276
1 30578U 99025ALU 18213.12870056  .00001004  00000-0  49221-3 0  9998
2 30578  99.0205 276.9326 0052085 247.4155 142.1103 14.19466572590767
1 30579U 99025ALV 18213.56674564 -.00000162  00000-0 -74924-4 0  9998
2 30579  99.1070 241.9818 0054979  32.0328 119.2950 14.02840934587605
1 30593U 99025ALY 18212.69822028 +.00001009 +00000-0 +38006-3 0  9996
2 30593 102.3984 153.1263 0012696 148.9876 329.8350 14.35200239597366
1 30594U 99025ALZ 18211.52176103 -.00000007  00000-0  16989-4 0  9999
2 30594  98.9874 324.6044 0198459  10.2422 350.2705 14.15317270595088
