1 30873U 99025AXK 18212.01174818 -.00000001 +00000-0 +19705-4 0  9998
2 30873 098.7756 241.0883 0112553 105.5150 255.8485 14.17068629590549
1 30874U 99025AXL 18211.07972493  .00000151  00000-0  99229-4 0  9993
2 30874  98.7860 282.1031 0044090 207.4360 269.7632 14.15382431589412
1 30875U 99025AXM 18212.31510952 +.00004713 +00000-0 +96142-3 0  9998
2 30875 099.0747 043.2182 0044579 013.7090 346.5307 14.60868750595967
1 30876U 99025AXN 18213.10008038 -.00000194  00000-0 -10555-3 0  9999
2 30876  98.9632 263.4598 0069999 161.6300 218.5164 13.97233726581597
1 30877U 99025AXP 18212.75845258  .00001895  00000-0  82698-3 0  9997
2 30877  98.7701 146.9918 0062716 225.5264 164.1286 14.24050701587366
1 30878U 99025AXQ 18213.07626826  .00000022  00000-0  39208-4 0  9993
2 30878  98.9003 247.6005 0041961 325.7728  60.6133 14.07272646585068
1 30879U 99025AXR 18213.32528553  .00001002  00000-0  33808-3 0  9998
2 30879  99.3869 252.0951 0414266 286.7397  68.8704 14.00538250579105
1 30880U 99025AXS 18212.31969015 +.00000427 +00000-0 +25088-3 0  9991
2 30880 099.0124 245.6516 0025740 210.9356 209.6507 14.13410281586035
1 30882U 99025AXU 18212.40300001 +.00000520 +00000-0 +91357-4 0  9994
2 30882 098.2895 274.5692 0242882 208.3612 150.4187 14.54841033603274
1 30883U 99025AXV 18211.22978101 -.00000004 +00000-0 +18282-4 0  9990
2 30883 098.3858 358.9889 0115168 024.4456 096.7045 14.12709405588861
1 30884U 99025AXW 18210.27240544 +.00000276 +00000-0 +92554-4 0  9992
2 30884 098.9426 027.6816 0111489 148.3488 212.4468 14.42019160596592
1 30885U 99025AXX 18211.48709670 +.00000458 +00000-0 +23133-3 0  9995
2 30885 098.9616 301.6188 0083355 074.1883 348.2405 14.19343248587518
1 30886U 99025AXY 18212.80024443 +.00000322 +00000-0 +20750-3 0  9993
2 30886 099.2038 337.3778 0038611 025.5263 334.7802 14.10010554583776
1 30887U 99025AXZ 18211.89119805 +.00000109 +00000-0 +37817-4 0  9995
2 30887 098.7353 252.0113 0307894 005.4832 354.9597 14.31495260595231
1 30888U 99025AYA 18212.49026273 +.00000283 +00000-0 +62954-4 0  9992
2 30888 099.4831 092.5707 0146527 049.3204 312.0619 14.60175995604560
1 30891U 99025AYD 18213.14130208  .00000074  00000-0  77368-4 0  9996
2 30891  99.0379 280.7364 0054845 118.2623 272.3700 14.00972278584827
1 30892U 99025AYE 18212.87472761  .00000047  00000-0  50170-4 0  9991
2 30892  99.7046 247.8215 0041611 104.3022 256.2774 14.15216473591050
1 30893U 99025AYF 18210.61066154 +.00000128 +00000-0 +92865-4 0  9994
2 30893 098.3242 131.6261 0332035 002.6224 115.0108 13.86613874577490
1 30895U 99025AYH 18213.21439995  .00000067  00000-0  37374-4 0  9998
2 30895  98.9296 200.6824 0232692  24.0281  38.7436 14.26311807594870
1 30898U 99025AYL 18211.09122041  .00000396  00000-0  96376-4 0  9998
2 30898  99.0515 168.3591 0135275 113.2791 248.2708 14.53716039601770
1 30899U 99025AYM 18213.17034903  .00000550  00000-0  31615-3 0  9995
2 30899  99.1383 331.3575 0037728 347.0545 132.5341 14.13331896587341
1 30900U 99025AYN 18211.22478525  .00000655  00000-0  37909-3 0  9992
2 30900  99.3501  14.4787 0078629 115.2734 245.6609 14.11097181585617
1 30901U 99025AYP 10123.43623962 +.00007370 +00000-0 +16860-2 0  9990
2 30901 099.0118 195.1604 0144348 002.0732 035.3151 14.49736275168187
1 30902U 99025AYQ 18211.46893031 +.00000336 +00000-0 +19734-3 0  9995
2 30902 100.2371 101.2418 0118551 061.3163 299.9862 14.12764682333698
1 30903U 99025AYR 18212.58392781  .00000312  00000-0  24895-3 0  9994
2 30903  99.3879 343.4516 0097153 182.9166 177.1440 13.96534786582951
1 30904U 99025AYS 10088.74591437 +.00000216 +00000-0 +16776-3 0  9997
2 30904 099.0437 078.4462 0093349 081.8083 282.9943 14.00675834157566
1 30905U 99025AYT 18211.96211724  .00000064  00000-0  65318-4 0  9994
2 30905  99.0708 262.4332 0069454  76.2636 284.6250 14.05310079583757
1 30906U 99025AYU 18208.06380268 +.00000076 +00000-0 +67916-4 0  9991
2 30906 098.9317 138.5376 0084812 274.3515 084.7968 14.08966831585219
1 30907U 99025AYV 18213.42828205  .00000364  00000-0  24760-3 0  9995
2 30907  99.9205 284.6024 0061421 255.0120 104.4241 14.06519037584896
1 30912U 99025AZA 18212.76678167  .00000374  00000-0  97093-4 0  9998
2 30912  98.9658 148.6170 0113400  24.7988 335.8597 14.52551030601661
1 30913U 99025AZB 18212.03041764 -.00000018  00000-0  17200-4 0  9994
2 30913  98.9933 272.6757 0050337 114.0948   4.1278 14.00435832582298
1 30914U 99025AZC 18213.37107653 -.00000267  00000-0 -37311-3 0  9994
2 30914  99.9405 259.4329 0543262   1.3416 358.9011 13.00513031540199
1 30915U 99025AZD 18212.95302604 +.00000485 +00000-0 +29096-3 0  9992
2 30915 099.1039 222.8589 0061067 220.4350 139.2273 14.10902264584646
1 30916U 99025AZE 18212.50483609 +.00000212 +00000-0 +16753-3 0  9993
2 30916 099.2523 221.2028 0079208 139.6429 012.3657 14.00880350580992
1 30918U 99025AZG 18210.43804525 +.00000177 +00000-0 +15687-3 0  9994
2 30918 098.3772 182.2700 0173094 033.8590 119.4931 13.88994775576042
1 30919U 99025AZH 18212.92200535 +.00000703 +00000-0 +29138-3 0  9993
2 30919 098.8124 283.4296 0054967 050.0194 003.8080 14.28951031590298
1 30920U 99025AZJ 18212.72128967  .00000763  00000-0  58875-3 0  9997
2 30920  98.8625  38.4694 0152874 321.4101  37.6210 13.90578338575448
1 30921U 99025AZK 18213.05242110  .00000507  00000-0  27925-3 0  9990
2 30921  99.0108 241.0264 0023349 181.3873 209.8750 14.16010648586376
1 30922U 99025AZL 18212.78779362  .00000118  00000-0  88797-4 0  9997
2 30922  98.9069 246.2717 0015913 145.7101 277.0602 14.11879524585910
1 30923U 99025AZM 18213.47110224  .00001018  00000-0  46375-3 0  9996
2 30923  98.9372 217.7659 0035511  59.1816 301.2849 14.23605446586842
1 30924U 99025AZN 18213.09385400  .00001087  00000-0  49537-3 0  9994
2 30924  98.9934 256.9927 0055286 195.4854 194.3127 14.23008752586664
1 30925U 99025AZP 18211.12081616  .00000466  00000-0  24725-3 0  9991
2 30925  98.9153 279.7197 0042724  91.2426 300.6628 14.17983618588072
1 30926U 99025AZQ 18212.25283823 +.00000150 +00000-0 +25523-4 0  9999
2 30926 098.8671 225.5698 0211639 214.7170 144.0071 14.72507263610508
1 30927U 99025AZR 18213.45170475  .00000667  00000-0  48106-3 0  9995
2 30927  99.2700 202.1971 0117741 189.5129 170.3803 13.97090949581050
1 30928U 99025AZS 18212.25979310 -.00000328  00000-0 -43663-3 0  9997
2 30928  98.8881 315.2686 0464985  80.2979 311.9187 13.17782221549101
1 30930U 99025AZU 18211.67187293 +.00000147 +00000-0 +66284-4 0  9998
2 30930 098.5392 286.5276 0118371 188.9939 333.4617 14.31930148597650
1 30931U 99025AZV 18212.93137657 -.00000078 +00000-0 -22451-4 0  9991
2 30931 099.3127 201.6134 0094678 188.5534 202.6907 13.96968609583205
1 30932U 99025AZW 18212.74751333 +.00000305 +00000-0 +20783-3 0  9990
2 30932 098.9049 130.3572 0078450 328.9550 058.2020 14.05808067584378
1 30933U 99025AZX 18212.75870632 +.00000935 +00000-0 +65590-3 0  9990
2 30933 099.0902 145.1452 0113919 273.1992 115.6805 13.97792686580207
1 30934U 99025AZY 18212.96132550  .00000212  00000-0  31162-3 0  9990
2 30934  98.7472  41.1367 0360895  39.1472 323.5185 13.39687366557261
1 30936U 99025BAA 18212.96221161 +.00000108 +00000-0 +72938-4 0  9990
2 30936 098.8799 243.1823 0051105 115.5588 002.0828 14.18417992589492
1 30937U 99025BAB 18211.98757844 -.00000207 +00000-0 -11673-3 0  9994
2 30937 099.3782 215.0511 0075727 168.6375 222.6117 13.94930012581839
1 30938U 99025BAC 18213.57385775  .00000093  00000-0  67870-4 0  9994
2 30938  98.8485 243.8824 0048749 140.7583  15.0900 14.16532149590430
1 30940U 99025BAE 18211.96825409 +.00000131 +00000-0 +10730-3 0  9996
2 30940 098.8850 273.3426 0042320 018.7252 107.1766 14.05082838583068
1 30941U 99025BAF 18212.66704422 +.00000635 +00000-0 +35548-3 0  9999
2 30941 098.6941 106.9346 0039836 146.8579 213.5101 14.13811670584725
1 30942U 99025BAG 18212.57598243  .00000047  00000-0  44960-4 0  9998
2 30942  98.8262 242.3801 0140839 211.6675 301.3393 14.12353149586440
1 30943U 99025BAH 18211.29866656 +.00000319 +00000-0 +23356-3 0  9990
2 30943 099.0677 241.4608 0050889 002.3401 357.7994 14.02516146579852
1 30944U 99025BAJ 18212.15535022 -.00000000  00000-0  13550-4 0  9991
2 30944  98.8295  96.2648 0156287 287.5886 227.3364 14.48560381600914
1 30945U 99025BAK 18213.49884293  .00000425  00000-0  25885-3 0  9990
2 30945  99.4101  48.1414 0039874  31.3336 358.3089 14.11612193583640
1 30946U 99025BAL 18212.23378668  .00000172  00000-0  67946-4 0  9990
2 30946  99.0257 123.8024 0099410 220.2683 294.2399 14.39450565595720
1 30947U 99025BAM 18212.81650617  .00000132  00000-0  60824-4 0  9996
2 30947  98.8239 342.3698 0101442 231.2928 127.9152 14.34081047598953
1 30949U 99025BAP 18213.02953097  .00000019  00000-0  31747-4 0  9996
2 30949  98.8097 243.1794 0121050  46.3842 344.7470 14.11767319585449
1 30950U 99025BAQ 18211.07949632  .00006590  00000-0  33567-3 0  9992
2 30950  99.2235  72.1552 0039380  75.1160 285.4423 15.16583297614123
1 30951U 99025BAR 18212.94091524 +.00000664 +00000-0 +14860-3 0  9999
2 30951 099.8957 209.6356 0134354 000.4674 029.3744 14.55868648602528
1 30952U 99025BAS 12364.99723220 +.00002514 +00000-0 +85997-3 0  9997
2 30952 099.7193 275.3899 0093753 229.0997 130.1815 14.34911016303978
1 30954U 99025BAU 18212.95433594 +.00000551 +00000-0 +33201-3 0  9995
2 30954 098.5209 031.3466 0142079 249.0355 268.1441 14.05661722585176
1 30955U 99025BAV 18210.89057368 +.00000907 +00000-0 +52752-3 0  9995
2 30955 098.7484 100.6653 0050240 232.5770 127.0823 14.10483482583770
1 30956U 99025BAW 18212.55229118  .00000368  00000-0  24368-3 0  9998
2 30956  98.9966 248.9403 0053764   1.9230 163.7708 14.07060997584138
1 30957U 99025BAX 18212.76371228 +.00002133 +00000-0 +37162-3 0  9990
2 30957 099.0759 149.8006 0065795 261.7411 097.6325 14.67925008600557
1 30958U 99025BAY 18212.76642340  .00001024  00000-0  36612-3 0  9994
2 30958  97.9678 201.3778 0138912 126.6091 234.7965 14.30667517590066
1 30959U 99025BAZ 18213.26061091  .00000592  00000-0  32165-3 0  9997
2 30959  99.7321 221.4035 0072284 170.0567 190.2053 14.15461494588375
1 30960U 99025BBA 18212.89670144  .00000253  00000-0  61991-4 0  9996
2 30960  99.0094 101.8964 0262610 303.2586  54.3686 14.43933522597227
1 30961U 99025BBB 18213.47494855  .00000248  00000-0  71961-4 0  9997
2 30961  98.9000  91.3795 0149220  82.8750 278.9381 14.47459999600576
1 30964U 99025BBE 18212.75875868 +.00000185 +00000-0 +16200-3 0  9991
2 30964 098.7119 314.2048 0160736 107.6148 044.8753 13.90667464579212
1 30966U 99025BBG 18211.24833424 +.00001598 +00000-0 +26375-3 0  9991
2 30966 099.1297 215.3140 0087318 003.1139 051.4904 14.69685426269633
1 30967U 99025BBH 18211.25300110 +.00000135 +00000-0 +50830-4 0  9994
2 30967 098.8588 014.6833 0118808 042.1286 318.8961 14.43569605600822
1 30968U 99025BBJ 18211.48059311  .00015064  00000-0  61108-3 0  9990
2 30968  99.4050 106.6909 0016979 263.4208  96.5090 15.24642602609346
1 30971U 99025BBM 18212.70093727  .00000074  00000-0  24940-4 0  9998
2 30971  99.1854 288.8535 0209794  49.0691 100.0092 14.54523067604848
1 30972U 99025BBN 18211.53024722 +.00000928 +00000-0 +42465-3 0  9997
2 30972 098.9581 247.2511 0025687 113.2309 247.1577 14.23792555589303
1 30973U 99025BBP 16102.58653814 +.00002757 +00000-0 +14514-2 0  9995
2 30973 099.7030 031.4815 0129767 044.0051 317.1361 14.10711744467672
1 30974U 99025BBQ 18213.07462165  .00001548  00000-0  33419-3 0  9995
2 30974  98.9376  84.3517 0058794 157.2904 203.0914 14.58931215600505
1 30975U 99025BBR 18213.52601025  .00000258  00000-0  11377-3 0  9992
2 30975  98.9814 318.2525 0221164 113.1827 249.2812 14.19400466588318
1 30976U 99025BBS 18212.03232704  .00000334  00000-0  16889-3 0  9990
2 30976  99.1758 276.1100 0175918  75.1851 286.8736 14.15001879585634
1 30977U 99025BBT 18204.39820692 +.00000344 +00000-0 +11977-3 0  9994
2 30977 099.0325 063.2009 0123990 235.9277 251.7402 14.38117869596701
1 30978U 99025BBU 18212.16538910  .00000422  00000-0  20114-3 0  9998
2 30978  98.3135 344.9093 0051004 228.5897 131.0894 14.23415176592434
1 30979U 99025BBV 18210.31165715 +.00000254 +00000-0 +49954-4 0  9990
2 30979 097.7680 245.1999 0291128 024.1025 033.9344 14.46833438600076
1 30980U 99025BBW 18212.80920594  .00019639  00000-0  77903-3 0  9993
2 30980  98.8876 207.5087 0021104  62.6736 297.6642 15.25230555608255
1 30981U 99025BBX 18104.99580555  .00001373  00000-0  79806-3 0  9993
2 30981  98.4665 177.0065 0139888 150.7848 210.1237 14.05349983566848
1 30982U 99025BBY 18211.34773328  .00000072  00000-0  28668-4 0  9990
2 30982  98.3000 244.6097 0194079 254.3970 162.0511 14.45246731600870
1 30984U 99025BCA 18210.31683795 +.00000303 +00000-0 +10231-3 0  9999
2 30984 098.5718 250.6404 0153584 187.7345 172.1472 14.37623892563751
1 30985U 99025BCB 18206.58956344 +.00000722 +00000-0 +41741-3 0  9992
2 30985 099.2355 335.6969 0056535 056.2563 006.8191 14.11496724583923
1 30986U 99025BCC 18210.32894854 +.00000198 +00000-0 +10985-3 0  9990
2 30986 098.8261 246.3832 0054486 094.3418 324.3380 14.21173905589936
1 30988U 99025BCE 18211.77063196  .00001083  00000-0  12654-3 0  9998
2 30988  98.5215 329.5871 0313302 168.0614 192.8238 14.58093743599834
1 30989U 99025BCF 18211.45185098 +.00000596 +00000-0 +39217-3 0  9992
2 30989 099.2328 219.7622 0103615 024.4996 336.1043 14.03278556581468
1 30992U 99025BCJ 07113.76852557 +.00000545 +00000-0 +39432-3 0  9993
2 30992 099.3922 105.8201 0042873 229.8622 130.0753 14.00747560006291
1 30993U 99025BCK 18213.04956314  .00000566  00000-0  30560-3 0  9990
2 30993  99.0049 241.6972 0023430 174.9042 214.8352 14.16670712586916
1 30994U 99025BCL 18212.73918120  .00000002  00000-0  26062-4 0  9997
2 30994  98.9284 240.5588 0017342 231.7814 128.1796 14.10408023586570
1 30996U 99025BCN 18212.32294434  .00000328  00000-0  15415-3 0  9999
2 30996  98.9890 348.0084 0057463 159.4111 231.2693 14.26037553591384
1 30997U 99025BCP 18212.89581400 +.00000978 +00000-0 +27710-3 0  9996
2 30997 099.0231 090.7069 0065356 220.6305 201.5640 14.46807103595920
1 30998U 99025BCQ 18212.92746341 +.00000721 +00000-0 +34625-3 0  9997
2 30998 098.9394 204.9762 0019590 077.0209 313.2438 14.21978933587777
1 30999U 99025BCR 18212.80335591  .00000231  00000-0  72484-4 0  9998
2 30999  99.0337 152.1503 0139909  92.9765 268.7445 14.45125498599001
1 31000U 99025BCS 18211.40518581 +.00000251 +00000-0 +15905-3 0  9995
2 31000 097.5994 279.7475 0175517 314.7480 102.9567 14.03549286321438
1 31001U 99025BCT 18212.92006176 +.00000123 +00000-0 +53667-4 0  9992
2 31001 099.3071 196.1186 0164870 069.5021 292.3772 14.35029282595576
1 31002U 99025BCU 18212.57359668 -.00000219 +00000-0 -12000-3 0  9994
2 31002 099.1370 241.7594 0101780 195.2884 317.1655 13.96981489580125
1 31003U 99025BCV 18213.53151649  .00000402  00000-0  24376-3 0  9992
2 31003  99.0212 250.1719 0046646 294.9884  64.6446 14.11650036584630
1 31005U 99025BCX 18213.40952892  .00000194  00000-0  20753-3 0  9992
2 31005  98.5849 198.0955 0196940  18.7853 138.8196 13.75811464572518
1 31007U 99025BCZ 18211.24018410  .00000629  00000-0  24001-3 0  9996
2 31007  98.2006 311.5434 0103963 226.2449 133.0096 14.31023355594153
1 31009U 99025BDB 18212.52909946  .00000043  00000-0  58872-4 0  9997
2 31009  99.0183 242.4721 0064505 115.2836  45.4271 13.98427848582555
1 31010U 99025BDC 18213.00069743  .00001069  00000-0  73267-3 0  9998
2 31010 101.7482 263.9409 0157345 288.4145  69.9957 13.97101080578612
1 31012U 99025BDE 18212.62830042 +.00000017 +00000-0 +25451-4 0  9990
2 31012 098.9915 351.6805 0085726 092.4384 331.5100 14.25759302593846
1 31013U 99025BDF 18213.17555818  .00001415  00000-0  30922-3 0  9998
2 31013  98.9714 106.3112 0051552 176.4756 183.6814 14.58772113599638
1 31014U 99025BDG 18213.07511472 -.00000063  00000-0 -14588-4 0  9997
2 31014  98.9179 256.0927 0090384  82.1199 308.8462 13.97550919582453
1 31015U 99025BDH 18212.23410646 +.00001452 +00000-0 +18750-3 0  9991
2 31015 098.7284 131.7343 0098370 030.4209 131.5988 14.79491884606627
1 31016U 99025BDJ 18213.33734181  .00000082  00000-0  48618-4 0  9992
2 31016  98.7111 243.1376 0117066 243.3974 181.5320 14.27156912593251
1 31017U 99025BDK 18212.36412244 +.00000188 +00000-0 +13258-3 0  9996
2 31017 098.8343 262.3369 0117049 019.4691 039.0738 14.05948156584563
1 31018U 99025BDL 18210.28321299 +.00000308 +00000-0 +21878-3 0  9996
2 31018 099.1951 239.9200 0070459 077.9933 282.9119 14.03953082581659
1 31019U 99025BDM 18212.97163647 +.00000084 +00000-0 +27998-3 0  9996
2 31019 098.6938 220.8432 1142490 039.6870 352.0715 11.77834491234607
1 31021U 99025BDP 18212.94974166 +.00000134 +00000-0 +24221-4 0  9995
2 31021 098.5750 253.1093 0352540 282.3294 073.8651 14.51138446342494
1 31022U 99025BDQ 18207.16776741 +.00000033 +00000-0 +62588-4 0  9999
2 31022 099.5097 336.0779 0113079 100.9915 260.3985 13.88253121575486
1 31023U 99025BDR 18212.93084493 +.00000101 +00000-0 +86591-4 0  9993
2 31023 098.8518 243.8698 0083233 217.3302 142.2064 14.05326227316974
1 31024U 99025BDS 18212.64615903  .00000073  00000-0  57258-4 0  9994
2 31024  99.1725   4.2738 0077566 198.8714 160.9581 14.17819319588610
1 31025U 99025BDT 18211.30742343 +.00000182 +00000-0 +99171-4 0  9997
2 31025 098.7191 254.1866 0185659 190.1824 169.5567 14.14659016262566
1 31026U 99025BDU 18213.12257156  .00000039  00000-0  69598-4 0  9994
2 31026  98.7967 310.0933 0135072 265.9711 213.4584 13.82256850574191
1 31027U 99025BDV 17049.38198583  .00000406  00000-0  21962-3 0  9997
2 31027  99.0183 109.1279 0078961 217.7757 141.6964 14.16710760510506
1 31028U 99025BDW 18212.06919509 +.00000008 +00000-0 +35680-4 0  9996
2 31028 098.7149 305.6353 0169798 102.1223 259.9015 13.87220707246707
1 31029U 99025BDX 18212.83307288  .00000063  00000-0  40584-4 0  9997
2 31029  98.9124 348.1495 0094713 353.6953 163.2209 14.30116058594046
1 31030U 99025BDY 18211.28431892 +.00000267 +00000-0 +16072-3 0  9996
2 31030 099.0187 234.0331 0030624 201.4663 219.6398 14.14971390585629
1 31031U 99025BDZ 18212.88478082 +.00000116 +00000-0 +80950-4 0  9996
2 31031 099.1925 006.1270 0028343 249.0796 270.5025 14.16985083587161
1 31032U 99025BEA 18210.33265378 +.00000237 +00000-0 +20565-3 0  9996
2 31032 099.2469 154.1754 0156681 291.6150 221.7019 13.90672075574556
1 31033U 99025BEB 18213.37774486 -.00000002  00000-0  15472-4 0  9992
2 31033  98.5330 261.7302 0160598  77.5535 346.0123 14.24410345590777
1 31035U 99025BED 18211.03111174 +.00000501 +00000-0 +16969-3 0  9998
2 31035 098.7195 291.7831 0249348 225.6236 261.1127 14.25348474588441
1 31036U 99025BEE 18212.24632677  .00000061  00000-0  29124-4 0  9998
2 31036  98.9066 127.5755 0146650  21.9085 129.0571 14.45407567599193
1 31037U 99025BEF 18210.42232565 +.00006298 +00000-0 +51143-3 0  9992
2 31037 099.0470 205.0823 0019372 030.5478 329.6865 14.99929120599721
1 31038U 99025BEG 18213.52777985  .00000140  00000-0  60114-4 0  9996
2 31038  99.0194 107.5523 0094120 235.6299 123.5958 14.37948082595530
1 31040U 99025BEJ 18212.57687267 +.00000012 +00000-0 +28441-4 0  9991
2 31040 098.7395 245.0364 0064943 343.3694 168.4311 14.14429579586394
1 31041U 99025BEK 18211.10896378  .00001262  00000-0  85064-3 0  9996
2 31041  99.1477 167.7223 0113803 211.7364 209.2189 13.99341135577386
1 31042U 99025BEL 18212.85321882 +.00001246 +00000-0 +23641-3 0  9998
2 31042 099.0429 179.5992 0068707 038.6440 321.9648 14.64868211599681
1 31043U 99025BEM 18213.31100903  .00000328  00000-0  23069-3 0  9994
2 31043  99.0328 243.8127 0042250 334.8185  84.2536 14.04727782582236
1 31044U 99025BEN 18211.66776291  .00002503  00000-0  24432-3 0  9992
2 31044  99.4204 104.9459 0060532 302.6164  56.9216 14.92329977605117
1 31046U 99025BEQ 18212.52958959  .00001048  00000-0  52165-3 0  9990
2 31046  99.0429 220.3835 0103076 311.5486 200.9732 14.16536655583255
1 31047U 99025BER 18213.05010799  .00000064  00000-0  60748-4 0  9995
2 31047  98.8464 245.3759 0025940 252.9038 136.6548 14.10156090584412
1 31048U 99025BES 18212.75727811 +.00000895 +00000-0 +40903-3 0  9994
2 31048 099.0616 306.2503 0072218 123.7411 027.4653 14.22748165592729
1 31049U 99025BET 18196.27242679 -.00000165 +00000-0 -78158-4 0  9993
2 31049 099.0577 227.0583 0054519 103.5876 257.1370 14.02043149231589
1 31051U 99025BEV 18213.30226713  .00000274  00000-0  20844-3 0  9998
2 31051  99.1728 243.0896 0057616  47.9586 312.6461 14.01344645581014
1 31053U 99025BEX 18213.35534758  .00000390  00000-0  36389-3 0  9996
2 31053  98.7423 185.5219 0340785 356.6558   3.2313 13.63926154567621
1 31054U 99025BEY 18212.93879811 -.00000017 +00000-0 +15367-4 0  9993
2 31054 098.9486 240.2769 0010280 175.1654 303.1249 14.10780037588126
1 31055U 99025BEZ 18212.57445649 -.00000043  00000-0  17204-5 0  9994
2 31055  99.0653 237.9470 0024394 272.3445 240.6789 14.07655220582664
1 31056U 99025BFA 18212.93997951 +.00000022 +00000-0 +35599-4 0  9995
2 31056 098.7456 253.5831 0028126 086.0367 035.4688 14.11217605588432
1 31057U 99025BFB 18211.38283934 +.00000285 +00000-0 +66448-4 0  9991
2 31057 099.2511 272.9175 0210609 086.0008 276.5228 14.51023263227345
1 31058U 99025BFC 18212.83995789 +.00000252 +00000-0 +69817-4 0  9998
2 31058 099.5854 082.7887 0138506 206.2492 153.1635 14.51829979603555
1 31060U 99025BFE 18213.12789914  .00003002  00000-0  32608-3 0  9998
2 31060  99.1633 330.7461 0072338 251.6137 107.7200 14.87213288608662
1 31062U 99025BFG 18212.59198098 +.00000010 +00000-0 +51377-4 0  9998
2 31062 099.2663 114.9742 0173992 221.3303 258.6474 13.74451409572549
1 31063U 99025BFH 18212.44051248 +.00000729 +00000-0 +25876-3 0  9999
2 31063 099.8651 082.5764 0040662 356.6085 127.4741 14.37691495355442
1 31064U 99025BFJ 18212.91362331 +.00000081 +00000-0 +46458-4 0  9991
2 31064 098.6302 250.8405 0251053 232.2179 254.6815 14.18355044590842
1 31065U 99025BFK 18213.39229243  .00000282  00000-0  15349-3 0  9996
2 31065  98.7288 264.7870 0038202 271.9863  87.6939 14.19535143591557
1 31066U 99025BFL 18212.35864079 +.00001218 +00000-0 +96701-4 0  9996
2 31066 099.0297 004.8026 0188387 144.6963 216.6899 14.90087215613279
1 31067U 99025BFM 18212.68735778 +.00005622 +00000-0 +30871-3 0  9994
2 31067 099.0587 018.4003 0062567 231.7577 127.8009 15.12996651612901
1 31068U 99025BFN 18211.35492753 +.00000052 +00000-0 +49502-4 0  9995
2 31068 098.7964 267.4712 0168862 177.3295 182.8815 14.07309405584729
1 31069U 99025BFP 18212.63969417  .00000224  00000-0  75825-4 0  9992
2 31069  99.0510 144.3811 0130608 154.1207 206.6591 14.42382172599416
1 31071U 99025BFR 18212.52526655 +.00000276 +00000-0 +10614-3 0  9997
2 31071 099.0550 091.8179 0070649 307.6508 051.8281 14.37346441267278
1 31072U 99025BFS 18212.53647622  .00000175  00000-0  87727-4 0  9995
2 31072  99.3412  58.6368 0236440 143.6204 249.0624 14.15630094588481
1 31073U 99025BFT 18212.75794451 +.00000543 +00000-0 +32866-3 0  9995
2 31073 099.0628 315.4724 0054919 300.3273 059.2472 14.10079907590418
1 31074U 99025BFU 18213.22651617  .00000444  00000-0  32951-3 0  9990
2 31074  99.0084 128.0597 0102096 170.2795 190.0375 13.97821033578842
1 31077U 99025BFX 18212.95620540 +.00000945 +00000-0 +15752-3 0  9999
2 31077 099.0131 213.9435 0107477 195.7774 164.0071 14.69158823604282
1 31078U 99025BFY 18212.21097521 +.00000165 +00000-0 +97041-4 0  9992
2 31078 099.0165 196.3273 0121877 263.8690 161.1097 14.17480144587270
1 31079U 99025BFZ 15253.31222079  .00001357  00000-0  89508-3 0  9996
2 31079  99.0846 284.2475 0062121 103.4289 251.3901 14.02529851434435
1 31080U 99025BGA 18205.44380296 +.00000380 +00000-0 +24672-3 0  9994
2 31080 099.0833 283.4435 0088364 116.1358 244.8933 14.06733947248987
1 31081U 99025BGB 18212.54858125 -.00000041 +00000-0 +21283-5 0  9997
2 31081 099.0483 237.7337 0048098 202.6830 312.4468 14.05824128586440
1 31082U 99025BGC 18206.34363480 +.00000382 +00000-0 +24806-3 0  9993
2 31082 098.8986 249.6243 0073426 257.1948 102.1009 14.07219906583268
1 31083U 99025BGD 18211.89123046 +.00000448 +00000-0 +19183-3 0  9997
2 31083 098.7460 272.9511 0050452 009.3325 048.6707 14.29103374590679
1 31085U 99025BGF 18212.80621255  .00000047  00000-0  35474-4 0  9993
2 31085  98.7651 320.6366 0088016 283.3541 234.4664 14.28597200593598
1 31086U 99025BGG 18212.06241588  .00000650  00000-0  89499-4 0  9995
2 31086  98.9729 250.3500 0124049  41.2997 349.8350 14.77383396607030
1 31087U 99025BGH 18212.91902984 +.00000306 +00000-0 +79106-4 0  9996
2 31087 098.4062 257.6739 0212564 248.3013 240.0084 14.44912409598109
1 31088U 99025BGJ 18211.83050149  .00000553  00000-0  32431-3 0  9997
2 31088  99.4371  76.2992 0038119  49.0262  11.0833 14.12370357584337
1 31089U 99025BGK 18213.47537361  .00000116  00000-0  11980-3 0  9997
2 31089  98.9832  92.9810 0211855 297.3616 188.0535 13.84494534576471
1 31090U 99025BGL 18212.16799484  .00000230  00000-0  37416-4 0  9990
2 31090  98.9872 291.5873 0171203  22.5597 338.3020 14.73347234609740
1 31091U 99025BGM 18211.57618409 +.00000126 +00000-0 +20215-3 0  9994
2 31091 099.3131 327.2884 0282572 304.0265 053.4328 13.51356298252560
1 31092U 99025BGN 18211.52918000 +.00000259 +00000-0 +38987-3 0  9992
2 31092 099.5339 057.4168 0341712 290.8426 065.6427 13.40869714557555
1 31093U 99025BGP 18212.52045618  .00000115  00000-0  13051-3 0  9996
2 31093  98.6206 247.0872 0212033 283.0909  74.6658 13.78233252574425
1 31094U 99025BGQ 18213.20015922  .00000235  00000-0  20548-3 0  9990
2 31094  99.0339 117.8527 0113926 236.0093 123.0202 13.92506560581795
1 31095U 99025BGR 18212.20634424 -.00000305 +00000-0 -46051-3 0  9991
2 31095 098.5860 134.7948 0502010 149.4069 213.7366 13.05724512543137
1 31097U 99025BGT 18209.62309788 +.00000519 +00000-0 +27165-3 0  9997
2 31097 098.9329 262.2246 0020601 153.1610 359.8226 14.18634396586595
1 31098U 99025BGU 18212.51136174  .00000739  00000-0  36528-3 0  9994
2 31098  98.9739 242.1261 0021894 134.8776 225.4182 14.20417586586647
1 31099U 99025BGV 18212.17274598  .00000047  00000-0  38676-4 0  9999
2 31099  98.9760 345.4669 0067039 112.2875  12.4305 14.24868401591188
1 31131U 03049D   18212.80009219 +.00000129 +00000-0 +62065-4 0  9993
2 31131 098.6419 162.2939 0134038 236.3237 153.3387 14.29691583587788
1 31137U 95021D   18213.38815562  .00000233  00000-0  86831-4 0  9993
2 31137  98.3803 175.7733 0004900  92.3024  65.4357 14.40462922758097
1 31138U 79101H   18212.62545399 -.00000141 +00000-0 +00000-0 0  9998
2 31138 009.5411 343.6719 4869390 333.0410 255.5316 01.83040354077957
1 31139U 03049E   18213.39129829  .00000280  00000-0  82921-4 0  9997
2 31139  98.1896 187.4136 0094356  92.8949 268.3048 14.48037839594868
1 31142U 66040AQ  18212.99942920  .00000471  00000-0  91731-3 0  9991
2 31142 100.6068  41.4714 0054887 179.8760 334.2955 13.42073942556355
1 31144U 99025BGW 13276.33812043 +.00000206 +00000-0 +16243-3 0  9998
2 31144 099.2351 319.5653 0098724 273.1648 086.6520 14.00794070335052
1 31146U 99025BGY 18212.65852086  .00000131  00000-0  66051-4 0  9991
2 31146  99.1643  12.8751 0230347 306.0605  51.9426 14.20728579585800
1 31147U 99025BGZ 18212.75138281  .00002513  00000-0  27556-3 0  9999
2 31147  99.1578 314.4573 0122971 185.4572 334.6832 14.83537200601287
1 31148U 99025BHA 18212.28398134  .00000097  00000-0  47324-4 0  9994
2 31148  98.8340 333.2814 0159612  34.6996 326.4476 14.32134563589529
1 31149U 99025BHB 18213.13775674  .00001151  00000-0  25590-3 0  9990
2 31149  99.1581 175.6816 0116906 307.0414 119.6061 14.55228554593955
1 31150U 99025BHC 18212.92351078 -.00000028 +00000-0 +93727-5 0  9998
2 31150 098.9161 240.7024 0014537 230.8775 248.8003 14.11333865583306
1 31151U 99025BHD 18212.81963704 +.00000526 +00000-0 +34581-3 0  9995
2 31151 099.0211 154.0783 0077274 012.3521 347.9517 14.04849934580414
1 31152U 99025BHE 18212.02735729 +.00000006 +00000-0 +16255-4 0  9995
2 31152 098.4422 240.7343 0133514 133.8447 258.2926 14.34265671594532
1 31154U 99025BHG 18212.31546414 +.00000850 +00000-0 +21564-3 0  9995
2 31154 098.6380 249.1169 0071785 349.3338 010.6330 14.52057639199782
1 31155U 99025BHH 18213.57905896  .00000306  00000-0  23317-3 0  9992
2 31155  99.2446 240.9058 0108143 220.3506 294.2616 13.98725878579957
1 31157U 99025BHK 18212.38425065 +.00000102 +00000-0 +65457-4 0  9993
2 31157 098.6257 264.5422 0103622 214.8186 207.9981 14.19573671587768
