1 03592U 65048F   18213.26805962  .00000072  00000-0  80763-4 0  9992
2 03592  89.9497 314.3943 0064503 164.8754 224.5053 13.61268693628919
1  3606U 68091Y   18212.66932080 -.00000128 +00000-0 -30865-4 0  9996
2  3606 062.2528 104.0690 0775313 003.5322 357.0723 12.99500256310148
1  3609U 68091AB  18212.87903849 -.00000086 +00000-0 +14122-4 0  9993
2  3609 062.2783 170.8852 0770846 163.5891 199.1675 13.55060528314083
1 03611U 66025E   18212.34598286  .00002373  00000-0  18739-3 0  9995
2 03611 144.5601  10.2759 0014221  70.1400 290.0844 14.91343878704848
1  3617U 68112C   18212.26233480 -.00000001 +00000-0 -41835-4 0  9995
2  3617 080.1826 318.9281 0047425 141.9456 246.6335 12.63355672287587
1 03618U 68112D   18212.36610394  .00000027  00000-0  11874-3 0  9995
2 03618  80.5381 350.0703 0085572 159.8778 229.0543 12.55733889274284
1 35921U 97051UE  18213.21089908  .00001890  00000-0  76384-3 0  9993
2 35921  86.4267 185.2945 0144892  56.9334 304.5673 14.21825302481107
1 35922U 97051UF  18212.93862364 +.00000892 +00000-0 +20771-3 0  9997
2 35922 086.3897 094.1991 0028210 238.9289 120.9149 14.53507189260198
1 35925U 97051UJ  18212.85332353  .00002643  00000-0  37497-3 0  9990
2 35925  86.3160  52.6363 0012852   7.3341 352.8064 14.76562466488657
1 35926U 97051UK  18212.04073879  .00001161  00000-0  23873-3 0  9994
2 35926  86.3454  68.6219 0005584 259.8508 100.2072 14.59760694479135
1 35929U 97051UN  18212.35045995  .00000656  00000-0  14879-3 0  9993
2 35929  86.3494  67.5364 0029316 224.0812 135.8058 14.54328209484863
1 35953U 09057C   18212.54316206  .00000243  00000-0  13953-3 0  9990
2 35953  98.6135 240.4551 0005179 149.8820   4.2072 14.17988408453775
1 35954U 09057D   18212.93742166 +.00000288 +00000-0 +16226-3 0  9997
2 35954 098.6270 243.4480 0005421 145.6696 334.5109 14.17743543453730
1 35955U 93061K   18213.08235773  .00000741  00000-0  19235-3 0  9991
2 35955  98.6926 258.4663 0005179 344.7462  45.2348 14.52738928462147
1 35956U 93036AUW 18213.07398713  .00001012  00000-0  71711-3 0  9996
2 35956  74.0949 106.7439 0316971 104.8428 258.8028 13.77286416444489
1 35959U 93036AUZ 18212.91674931 +.00000005 +00000-0 +11490-4 0  9990
2 35959 074.0313 188.7509 0023481 205.2578 154.7427 14.32557412463845
1 35960U 93036AVA 18212.44583173  .00001926  00000-0  17666-3 0  9990
2 35960  74.0109 125.3208 0065208 184.5677 175.4921 14.94087241491885
1 35961U 93036AVB 18201.71651158  .00000546  00000-0  35123-3 0  9993
2 35961  73.9293 217.0039 0213855 336.3187  22.8208 13.94902012466724
1 35962U 93036AVC 18212.28443786  .00001036  00000-0  31967-3 0  9991
2 35962  74.0093 184.9961 0046166 170.6856 189.5167 14.42017198484161
1 35965U 93036AVF 18212.53123309 +.00002572 +00000-0 +24102-3 0  9997
2 35965 074.0362 152.7093 0037110 228.4469 131.3531 14.94113525327381
1 35966U 93036AVG 18211.00482307  .00000485  00000-0  23054-3 0  9991
2 35966  74.0409  77.8482 0165863  92.9808 269.0327 14.14882641465201
1 35968U 93036AVJ 18212.83792647 +.00000766 +00000-0 +91096-4 0  9990
2 35968 073.7086 036.8565 0087666 029.6230 330.9869 14.83869605499956
1 35970U 93036AVL 18212.10341191  .00000462  00000-0  10467-3 0  9992
2 35970  74.0423   2.6605 0041772  69.3485 291.2151 14.58555810473143
1 35974U 93036AVQ 18213.23888575  .00000634  00000-0  16202-3 0  9997
2 35974  74.0301  63.6525 0018835 115.2186 245.0931 14.52435285495697
1 35975U 93036AVR 18212.97159246  .00000149  00000-0  85627-4 0  9993
2 35975  74.0571  68.5235 0137503  76.7979 284.8459 14.12446294474886
1 35976U 93036AVS 18208.32183286 +.00000388 +00000-0 +14103-3 0  9994
2 35976 074.0415 210.5933 0062676 226.5174 133.0758 14.35485642478323
1 35979U 93036AVV 18210.36308066 +.00000211 +00000-0 +53132-4 0  9990
2 35979 074.0213 344.0843 0082138 064.8763 327.0871 14.55527278494274
1 35980U 93036AVW 18213.11385521  .00000405  00000-0  13515-3 0  9994
2 35980  73.9198 122.2071 0075826 113.1203 247.7965 14.39107261466727
1 35982U 93036AVY 18213.16336001  .00000144  00000-0  41602-4 0  9999
2 35982  74.0605  28.0536 0078859  68.6921 292.2636 14.51583625471769
1 35983U 93036AVZ 18212.86648601  .00001455  00000-0  20007-3 0  9999
2 35983  74.0319 285.8000 0015381  12.5042 347.6513 14.79242621475226
1 35984U 93036AWA 18212.35822052 +.00002348 +00000-0 +19334-3 0  9991
2 35984 073.9731 225.3148 0130507 093.9829 267.6284 14.93278380240356
1 35986U 93036AWC 18161.21639270  .00001289  00000-0  26506-3 0  9991
2 35986  74.0209 113.6643 0019949 191.1361 231.0178 14.61558272464235
1 35987U 93036AWD 18202.52004456  .00000305  00000-0  12299-3 0  9996
2 35987  74.0032 242.1881 0061223 279.4365  79.9868 14.31153124483137
1 35988U 93036AWE 14151.49957873 +.00005700 +00000-0 +19139-2 0  9995
2 35988 074.0275 097.5582 0024882 030.1969 329.9003 14.37243969267579
1 35989U 93036AWF 18212.24927304 +.00000036 +00000-0 +21996-4 0  9990
2 35989 074.0380 177.1910 0023875 201.2751 158.7410 14.34401376485687
1 35991U 93036AWH 18209.47375956 +.00002690 +00000-0 +22724-3 0  9991
2 35991 073.9099 246.5322 0090052 193.4082 166.4710 14.95567678488006
1 35992U 93036AWJ 15151.06342420 +.00001165 +00000-0 +20536-3 0  9995
2 35992 073.9533 292.9072 0090633 355.1963 004.8325 14.66171244307811
1 35993U 93036AWK 18212.17355552  .00000234  00000-0  65874-4 0  9990
2 35993  74.0198  28.5488 0036700 156.3733 203.9124 14.50913848472084
1 35996U 93036AWN 18210.99414352  .00000251  00000-0  30784-4 0  9996
2 35996  74.0236  82.7859 0143298 156.3834 204.4012 14.82278504481289
1 35997U 93036AWP 18212.10958510 +.00000239 +00000-0 +83454-4 0  9999
2 35997 074.0489 142.7060 0019237 170.8781 189.2727 14.40364341320552
1 36000U 93036AWS 18213.09649172  .00000587  00000-0  17283-3 0  9997
2 36000  74.0201 131.2770 0081654 177.1544 183.0095 14.44012180468828
1 36001U 93036AWT 16191.27908683  .00005464  00000-0  96081-3 0  9998
2 36001  74.0303  44.7028 0014200 214.8759 144.6915 14.67807992360537
1 36002U 93036AWU 18213.39099280  .00000479  00000-0  81101-4 0  9992
2 36002  74.0117 229.3019 0076979 321.2187  38.3473 14.70560074487945
1 36004U 93036AWW 18212.34077771  .00001538  00000-0  74028-4 0  9996
2 36004  73.9149 198.0181 0098988  22.4516 338.0964 15.15658754496692
1 36005U 93036AWX 18212.59402480 +.00000044 +00000-0 +20305-4 0  9993
2 36005 074.0270 070.6513 0063883 147.4822 213.0297 14.44297549487107
1 36007U 93036AWZ 14124.23400568 +.00001073 +00000-0 +19168-3 0  9996
2 36007 074.0298 327.5711 0121860 095.1507 260.5509 14.63512499256328
1 36008U 93036AXA 18211.83080227  .00001009  00000-0  61832-3 0  9994
2 36008  74.0187 272.5792 0234585 303.5913  54.3019 13.94399156462858
1 36011U 97051US  18210.43902955 +.00000222 +00000-0 +71859-4 0  9992
2 36011 086.3437 101.3821 0022255 035.5257 089.2147 14.34296563467925
1 36012U 97051UT  18212.90750856 +.00001657 +00000-0 +99868-3 0  9990
2 36012 086.4578 266.1904 0305178 210.1409 148.1896 13.85587366279952
1 36015U 97051UW  11201.01377527 +.00002520 +00000-0 +73811-3 0  9996
2 36015 086.3751 102.0981 0043805 173.7838 185.9001 14.43033383100709
1 36016U 97051UX  14005.49459247 +.00001031 +00000-0 +31691-3 0  9990
2 36016 086.4004 087.2571 0004176 012.5011 342.0792 14.40680995229992
1 36017U 97051UY  18213.32554458  .00002292  00000-0  29916-3 0  9995
2 36017  86.3666  64.8940 0015389   3.3513 121.7156 14.80004005474387
1 36019U 97051VA  18212.12150066  .00000832  00000-0  18982-3 0  9990
2 36019  86.3936  92.6160 0008637 341.7290 177.1507 14.54612055471711
1 36021U 97051VC  18212.85053609 +.00002171 +00000-0 +74192-3 0  9991
2 36021 086.4226 168.4724 0128193 281.9879 076.6970 14.31430499197721
1 36023U 97051VE  18212.40268193  .00001123  00000-0  26769-3 0  9993
2 36023  86.3400  86.3390 0024833 252.0260 107.8239 14.52728109471228
1 36025U 97051VG  18212.64478951 +.00001740 +00000-0 +39749-3 0  9993
2 36025 086.5645 193.1950 0053757 355.9706 004.1061 14.54309648355630
1 36028U 97051VK  18213.32782186  .00000626  00000-0  14387-3 0  9993
2 36028  86.3355  62.5483 0032434 221.7203 138.1530 14.53550180479094
1 36030U 96051M   18211.94564943 +.00003745 +00000-0 +57906-3 0  9999
2 36030 070.8591 328.0937 0029741 098.8448 261.6074 14.73687681462368
1 36031U 96051N   18213.05484002  .00001614  00000-0  49166-3 0  9993
2 36031  70.8507 110.8370 0013192 178.2666 242.2501 14.43498670458373
1 36042U 93036AXD 18212.74431040  .00002980  00000-0  19045-3 0  9994
2 36042  73.8687 326.9181 0053092 199.3093 160.6088 15.08014425479345
1 36045U 93036AXG 18212.05060428 +.00000310 +00000-0 +10913-3 0  9999
2 36045 073.7752 106.8110 0095984 239.0595 120.1097 14.36794220266503
1 36046U 93036AXH 18212.06081225 +.00000118 +00000-0 +34090-4 0  9998
2 36046 074.0215 351.1638 0068559 083.1752 035.7573 14.53877172248106
1 36047U 93036AXJ 18212.91465436 +.00000543 +00000-0 +14234-3 0  9992
2 36047 074.0512 066.8587 0022217 119.7238 240.6138 14.51482589266641
1 36048U 93036AXK 18213.37159976  .00000069  00000-0  33716-4 0  9993
2 36048  74.0569 185.9423 0028525 192.4082 318.8243 14.34319913470350
1 36049U 93036AXL 18213.39342218  .00000326  00000-0  10361-3 0  9995
2 36049  74.0387 116.5248 0018870 149.7446 210.4804 14.43730946467578
1 36050U 93036AXM 18212.44681298 +.00000226 +00000-0 +32001-4 0  9991
2 36050 074.0395 123.5739 0132132 193.1494 166.6227 14.78085696271326
1 36052U 93036AXP 18213.10022036  .00000542  00000-0  15066-3 0  9998
2 36052  74.0311  97.3940 0017280 118.5432 241.7469 14.48730020473419
1 36053U 93036AXQ 18213.19897554  .00000670  00000-0  23875-3 0  9992
2 36053  73.8827 137.4120 0042980 272.6669  86.9563 14.35747413488784
1 36055U 93036AXS 18210.64251469 +.00001713 +00000-0 +89919-3 0  9990
2 36055 074.0441 286.1295 0239064 296.4841 061.1951 14.01349309450367
1 36057U 93036AXU 18212.89312622 +.00001329 +00000-0 +16191-3 0  9995
2 36057 073.9704 176.2970 0048362 299.3543 060.2808 14.83759342246511
1 36058U 93036AXV 18213.25136333  .00000165  00000-0  51159-4 0  9991
2 36058  74.0262  53.4843 0054914 129.3121 231.2926 14.47823327492454
1 36059U 93036AXW 18212.59612896  .00001028  00000-0  32320-3 0  9998
2 36059  74.0077 200.0503 0056993 205.1257 154.7124 14.40841666462369
1 36060U 93036AXX 18213.19737622  .00000101  00000-0  42842-4 0  9994
2 36060  74.0312 153.8419 0016641 191.4758 168.6018 14.36943377464065
1 36061U 93036AXY 18211.38483908  .00000080  00000-0  40900-4 0  9998
2 36061  74.0233 224.8328 0042442 236.9649 122.7420 14.29802288487215
1 36062U 93036AXZ 18179.22378300  .00270367  00000-0  13393-2 0  9995
2 36062  73.9009 260.4009 0011627 350.3571   9.7432 15.81106892504880
1 36064U 93036AYB 18210.38690941 +.00000802 +00000-0 +24498-3 0  9992
2 36064 073.8432 104.1855 0066890 175.5596 184.6168 14.42294403466417
1 36065U 93036AYC 10040.58142306 +.00003896 +00000-0 +27252-3 0  9992
2 36065 074.0137 012.2459 0221708 170.6541 189.4362 14.87854867037732
1 36067U 93036AYE 18212.29328942  .00001157  00000-0  25918-3 0  9998
2 36067  74.0133  67.0119 0014386  70.1897 290.0817 14.57751153482077
1 36069U 93036AYG 18212.01477639  .00007535  00000-0  24297-3 0  9993
2 36069  74.0175 341.7402 0031193  14.7804 345.4303 15.31837671483764
1 36070U 93036AYH 18212.68325065  .00002263  00000-0  31756-3 0  9994
2 36070  74.0249 335.5084 0009399   9.4349 350.7001 14.78071974473100
1 36071U 93036AYJ 18212.44171445  .00000821  00000-0  22702-3 0  9999
2 36071  74.0353 122.5998 0032788 128.6098 231.8005 14.47952595483419
1 36073U 93036AYL 18213.28328632  .00000050  00000-0  28261-4 0  9997
2 36073  74.0310 197.6325 0026454 201.5411 158.4630 14.32071776466432
1 36074U 93036AYM 18211.47879975  .00000353  00000-0  14421-3 0  9996
2 36074  73.9947 236.7354 0057053 232.3771 127.2193 14.30168379476639
1 36076U 93036AYP 18212.62241022 +.00001500 +00000-0 +27393-3 0  9999
2 36076 073.8400 308.9392 0044768 344.3463 015.6317 14.66326857472527
1 36077U 93036AYQ 18212.14466247 +.00000572 +00000-0 +73200-4 0  9992
2 36077 073.9826 145.3950 0084072 251.3105 107.8932 14.81729482210228
1 36079U 93036AYS 18212.12231775  .00002298  00000-0  18870-3 0  9996
2 36079  74.0501 132.7844 0042692 168.4832 191.7343 14.99165959480804
1 36080U 97051VM  18212.38978999  .00000291  00000-0  90915-4 0  9995
2 36080  86.3215  86.2150 0020439  22.9841 337.2266 14.37289957468585
1 36081U 97051VN  18212.92008066 +.00001023 +00000-0 +29462-3 0  9997
2 36081 086.2360 068.3606 0070303 083.5445 277.3754 14.42319097234358
1 36083U 97051VQ  18204.45884638 +.00000345 +00000-0 +11335-3 0  9991
2 36083 086.3478 103.7641 0032064 070.2577 290.2073 14.35047840467919
1 36090U 09061C   18212.97196851 +.00000379 +00000-0 +85828-4 0  9998
2 36090 098.1177 272.1892 0082110 140.8558 343.3573 14.59667311462246
1 36091U 09061D   18212.84886737  .00000454  00000-0  95826-4 0  9997
2 36091  98.0990 170.9375 0074413  42.5735 347.0699 14.62368150462784
1 36092U 09061E   18213.37533780  .00000236  00000-0  99508-4 0  9993
2 36092  98.4796 187.8083 0149116 196.7310 330.4592 14.28453457453471
1 36093U 09061F   18213.44650879  .00000245  00000-0  97754-4 0  9992
2 36093  98.0739  75.0641 0150256  98.2819 263.5434 14.30016981453808
1 36100U 09057F   18213.08311287  .00000719  00000-0  36075-3 0  9997
2 36100  98.6947 258.6416 0011916 147.0478 213.1443 14.19603912450964
1 36132U 87011K   18212.04698134 -.00000034 +00000-0 +24042-4 0  9995
2 36132 065.0120 010.7124 0021237 278.7327 081.1354 14.33779327266515
1 36136U 99025DRH 15288.56023627  .00003279  00000-0  97012-3 0  9992
2 36136  98.9861  62.0845 0059846 110.4589 250.3525 14.42432117351535
1 36137U 99025DRJ 13356.75518735  .00018457  00000-0  53591-2 0  9994
2 36137  98.9376  91.9417 0074479 191.4159 323.2091 14.42748185256047
1 36138U 99025DRK 18211.94963943  .00001159  00000-0  44677-3 0  9993
2 36138  99.1671  33.8345 0050254 156.8151 203.5313 14.31662454487917
1 36139U 99025DRL 18176.71483337  .00001404  00000-0  83559-3 0  9998
2 36139  97.9417 346.0930 0146248 223.8882 135.0595 14.03553350474196
1 36140U 99025DRM 18213.45869391  .00001328  00000-0  19865-3 0  9995
2 36140  98.4161 297.2965 0185317 186.5136 233.8281 14.65600606497898
1 36141U 99025DRN 18212.91692932 +.00000937 +00000-0 +59473-3 0  9995
2 36141 098.5038 261.7973 0143592 297.9248 060.7442 14.01193843262096
1 36142U 99025DRP 18212.39163351 +.00000436 +00000-0 +42759-3 0  9999
2 36142 098.3985 074.6920 0235522 043.7476 318.2074 13.71712149251872
1 36143U 99025DRQ 11048.59191816 +.00007902 +00000-0 +14513-2 0  9990
2 36143 098.3747 350.8563 0356794 341.8646 208.5238 14.32171721167396
1 36144U 99025DRR 11137.82219721 +.00002562 +00000-0 +18509-2 0  9998
2 36144 098.4101 002.7417 0142059 027.5362 333.2025 13.92717076110418
1 36145U 99025DRS 10129.93478077 +.00002245 +00000-0 +81840-3 0  9999
2 36145 098.9861 176.8643 0091005 066.2910 294.7788 14.31828427091337
1 36146U 99025DRT 11190.40338611 +.00003399 +00000-0 +78684-3 0  9993
2 36146 097.8622 054.7248 0245824 123.0051 248.6603 14.38775231172193
1 36147U 99025DRU 18213.47311158  .00000633  00000-0  67349-3 0  9995
2 36147  98.5371 299.3944 0464232 268.9200  85.8730 13.38602130458739
1 36148U 99025DRV 18212.67342191 +.00000304 +00000-0 +29737-3 0  9992
2 36148 098.4229 004.6524 0340782 342.2503 016.6971 13.62562547534331
1 36149U 99025DRW 18212.15428648  .00000585  00000-0  30814-3 0  9997
2 36149  99.6203 195.8447 0033099  69.0794 291.3916 14.18119003523583
1 36150U 99025DRX 14266.19014319 +.00001193 +00000-0 +98765-3 0  9999
2 36150 098.1781 253.4688 0272558 076.6532 286.5023 13.74565438347933
1 36152U 99025DRZ 18212.33178154  .00000358  00000-0  23223-3 0  9999
2 36152  98.9649 252.5058 0060407 253.9896 105.4614 14.08181638564028
1 36153U 99025DSA 18212.62702299  .00000442  00000-0  20064-3 0  9999
2 36153  98.7634 268.4535 0047467  49.2005 103.9891 14.26225897486799
1 36154U 99025DSB 18213.07677264  .00001006  00000-0  72253-3 0  9997
2 36154  97.7172 145.9915 0322406 139.4135 280.8458 13.76413304487018
1 36155U 99025DSC 18186.26499771 +.00000565 +00000-0 +30670-3 0  9999
2 36155 099.0405 203.8812 0025837 252.4496 107.3854 14.16376692256051
1 36156U 99025DSD 18212.40920319  .00000576  00000-0  24714-3 0  9997
2 36156  98.7971 272.2226 0051385  43.1624  13.9650 14.27974217505131
1 36159U 99025DSG 18212.45987432 +.00001325 +00000-0 +12117-3 0  9991
2 36159 099.5085 085.0119 0266207 043.0025 319.1651 14.74178722290924
1 36160U 99025DSH 18212.29381069 -.00000011  00000-0  14033-4 0  9991
2 36160  98.1688 249.1704 0138667 353.5829   6.3564 14.10701052541556
1 36161U 99025DSJ 11303.31866844 +.00003804 +00000-0 +91825-3 0  9993
2 36161 097.7173 129.3058 0232038 136.6413 225.3639 14.38552753207308
1 36162U 99025DSK 18212.91589890 +.00001004 +00000-0 +69319-3 0  9992
2 36162 097.6423 113.9900 0328297 098.9782 264.8679 13.77657485332944
1 36163U 99025DSL 18212.66803203 +.00001326 +00000-0 +68876-3 0  9996
2 36163 099.0762 288.8367 0079060 245.4290 113.8629 14.14952669508644
1 36165U 99025DSN 11012.67006549 +.00001336 +00000-0 +93657-3 0  9994
2 36165 098.0085 183.4237 0204325 328.0288 030.8547 13.90233081161115
1 36166U 99025DSP 18170.63358916  .00000462  00000-0  44547-3 0  9994
2 36166  97.5707 324.9572 0367407 152.9693 209.1120 13.56761292519971
1 36167U 99025DSQ 18213.12798082  .00000381  00000-0  14304-3 0  9997
2 36167  98.8429 345.5747 0084243 280.0038  79.1648 14.35654931500799
1 36169U 99025DSS 18212.44256076  .00002325  00000-0  26919-3 0  9990
2 36169  98.0003  31.8473 0108605  20.6900 339.8659 14.82332088564557
1 36170U 99025DST 18212.22002569  .00000508  00000-0  40377-3 0  9999
2 36170  97.9972  11.7724 0134021 337.6513  21.8844 13.90919581522320
1 36172U 99025DSV 18208.72881894 +.00000535 +00000-0 +44651-3 0  9996
2 36172 098.1510 025.0738 0221548 157.9423 203.1451 13.81063222527900
1 36173U 99025DSW 18176.54647537  .00000140  00000-0  74375-4 0  9994
2 36173  98.2726 284.7331 0153778 268.8538  89.5019 14.21243919548099
1 36177U 99025DTA 18204.94638196 +.00000330 +00000-0 +20715-3 0  9994
2 36177 098.8811 263.3399 0041881 327.5473 032.3124 14.10824279499688
1 36180U 99025DTD 18208.19524255  .00000159  00000-0  84075-4 0  9998
2 36180  98.3960   0.6938 0231853 232.8503 126.2754 14.13297299541314
1 36181U 99025DTE 18213.06261841  .00001387  00000-0  33736-3 0  9991
2 36181  98.9360  68.2509 0054445 198.6092 161.3112 14.53715848505576
1 36182U 99025DTF 18212.62064245 +.00000555 +00000-0 +28164-3 0  9997
2 36182 099.1346 357.6012 0025918 221.9315 137.9876 14.20151423496571
1 36184U 99025DTH 18213.55445863  .00000315  00000-0  23324-3 0  9998
2 36184  98.6454 324.9510 0140083 313.7844  45.1799 13.97580250527942
1 36186U 99025DTK 18210.00985248 +.00000983 +00000-0 +48044-3 0  9990
2 36186 099.0240 280.4970 0057442 267.3278 215.7356 14.19553038229581
1 36188U 99025DTM 18212.10405129 +.00000527 +00000-0 +21987-3 0  9991
2 36188 098.7528 264.6488 0078213 000.7872 359.3418 14.28772246494238
1 36189U 99025DTN 12036.06851140 +.00002808 +00000-0 +88705-3 0  9998
2 36189 098.9616 121.3044 0096676 332.4048 025.8088 14.38444906200063
1 36190U 99025DTP 18213.40312681  .00000373  00000-0  18455-3 0  9993
2 36190  98.8271 269.0409 0047784 118.9530 299.5911 14.22598423494714
1 36191U 99025DTQ 13288.07624279 +.00009348 +00000-0 +25727-2 0  9993
2 36191 098.9631 032.7587 0078303 005.0034 014.3805 14.45339165248739
1 36192U 99025DTR 18212.61749096 +.00001564 +00000-0 +31682-3 0  9991
2 36192 098.7437 345.0072 0149308 171.7576 188.6125 14.56042314577809
1 36194U 99025DTT 18153.02991968 +.00007218 +00000-0 +10145-2 0  9991
2 36194 099.0324 089.9399 0028089 312.9967 046.8886 14.77469740548469
1 36196U 99025DTV 18212.43145561 +.00000561 +00000-0 +31988-3 0  9997
2 36196 099.0328 292.8611 0039685 295.9317 063.7767 14.13558352265167
1 36197U 99025DTW 18210.35625320 +.00000433 +00000-0 +25276-3 0  9994
2 36197 098.9159 269.1343 0062202 313.2909 046.3084 14.12791599234974
1 36198U 99025DTX 18213.13538745  .00000338  00000-0  26066-3 0  9990
2 36198  98.6810 342.3542 0104241  65.1327 296.0632 13.96700431518208
1 36199U 99025DTY 18212.02051591 +.00000053 +00000-0 +37940-4 0  9995
2 36199 098.6093 285.2929 0097025 055.0053 306.0188 14.26298975265836
1 36200U 99025DTZ 18213.39040286  .00000904  00000-0  48058-3 0  9994
2 36200  99.4194  57.9735 0068050 100.0296 260.8563 14.15095114515598
1 36203U 99025DUC 18212.84987119 +.00000266 +00000-0 +71419-4 0  9990
2 36203 099.1567 219.6788 0126688 025.0090 335.7169 14.52906177242049
1 36204U 99025DUD 18212.90370613 +.00000458 +00000-0 +22881-3 0  9994
2 36204 099.2969 105.3064 0022030 285.3243 074.5498 14.22087121560864
1 36205U 99025DUE 11295.45276802 +.00001375 +00000-0 +74992-3 0  9993
2 36205 099.4200 034.7726 0093380 264.4067 094.5786 14.11790677211403
1 36206U 99025DUF 18213.01599779  .00000102  00000-0  73465-4 0  9996
2 36206  98.7696 279.0367 0033626 195.3365 164.6793 14.15931502550861
1 36207U 99025DUG 18212.89356848 +.00000692 +00000-0 +55291-3 0  9990
2 36207 098.5875 253.3041 0166478 189.4869 170.3133 13.87711557225289
1 36209U 99025DUJ 13099.82431060 +.00002928 +00000-0 +20441-2 0  9995
2 36209 098.9594 043.4199 0085947 352.7301 031.1569 13.97556870232980
1 36211U 99025DUL 18212.38246496  .00000085  00000-0  42292-4 0  9990
2 36211  98.6722 257.6408 0293272 112.2370 251.0188 14.17880527561732
1 36214U 99025DUP 18209.04141054 +.00000711 +00000-0 +34150-3 0  9995
2 36214 099.0488 302.6588 0063270 152.3145 208.1423 14.21107873261112
1 36216U 99025DUR 18212.30237007  .00000061  00000-0  52981-4 0  9995
2 36216  98.8942 241.4867 0047213 158.8998 201.4137 14.15705222546188
1 36217U 99025DUS 12115.81362206 -.00146116 +00000-0 -35315-1 0  9991
2 36217 099.0939 243.0267 0145269 137.5089 224.4337 14.47705461181288
1 36218U 99025DUT 18211.29093351 +.00000333 +00000-0 +98168-4 0  9995
2 36218 099.0473 157.1176 0107841 110.9110 250.3664 14.47436131200479
1 36219U 99025DUU 11314.51712922 +.00011233 +00000-0 +32465-2 0  9997
2 36219 099.0425 054.6491 0138383 256.1791 102.4738 14.39267131171335
1 36222U 99025DUX 18213.36629830  .00000353  00000-0  16615-3 0  9995
2 36222  98.7465 264.9638 0059955  50.6893 309.9580 14.25129396570006
1 36223U 99025DUY 18213.34770432  .00000817  00000-0  44806-3 0  9997
2 36223  98.3653 250.9318 0132667 130.6206 230.6594 14.09842378551076
1 36224U 99025DUZ 18213.22451843 -.00000022  00000-0  12239-4 0  9992
2 36224  99.1006 225.0071 0116887  25.3677 335.3170 14.11609246477185
1 36225U 99025DVA 18212.89463875 +.00000394 +00000-0 +95607-4 0  9994
2 36225 098.8430 094.5909 0112064 318.5388 040.7345 14.55512291273750
1 36226U 99025DVB 18203.34091452  .00000148  00000-0  12293-3 0  9999
2 36226  98.6370 338.3018 0108173  36.5570 324.2917 13.99547664507369
1 36228U 99025DVD 18212.13433359  .00000800  00000-0  23388-3 0  9996
2 36228  99.2973 184.8663 0132268 139.3094 221.8066 14.42222592509731
1 36229U 99025DVE 18213.35234062  .00000456  00000-0  36524-3 0  9995
2 36229 100.9153 252.5406 0125849 210.1660 209.2286 13.93998776547177
1 36230U 99025DVF 18212.39250945  .00000934  00000-0  97976-3 0  9997
2 36230  99.6572 262.7502 0229911 238.9697 118.8690 13.66824078536817
1 36231U 99025DVG 18212.30310990 -.00000049 +00000-0 -39209-5 0  9992
2 36231 098.7172 253.3658 0062750 071.8604 288.9387 14.10803960475844
1 36232U 99025DVH 18212.94252451 +.00000004 +00000-0 +24127-4 0  9991
2 36232 098.7731 250.4465 0122956 107.7492 253.7141 14.09773868238025
1 36234U 99025DVK 18211.11578419 -.00000010  00000-0  37397-4 0  9997
2 36234  98.9803 165.5300 0318677 335.8520  22.2647 13.44089306517616
1 36236U 99025DVM 18166.20283483  .00000033  00000-0  63674-4 0  9993
2 36236  98.8543 318.8704 0153438 139.7449 221.5186 13.80254150494967
1 36237U 99025DVN 18212.45300501 +.00001802 +00000-0 +35108-3 0  9999
2 36237 098.9258 098.4930 0059633 118.2830 242.4404 14.63340553201328
1 36238U 99025DVP 18212.38151856 -.00000052 +00000-0 -54017-5 0  9999
2 36238 098.6973 258.6663 0021928 038.8104 321.4638 14.11687874490409
1 36240U 99025DVR 11019.03930629 +.00002692 +00000-0 +74312-3 0  9993
2 36240 099.3841 106.8314 0365396 101.4675 257.3222 14.14911744114690
1 36241U 99025DVS 18211.21971174 +.00001242 +00000-0 +77145-4 0  9993
2 36241 098.3242 002.4798 0183101 331.3035 027.8204 14.99157394510302
1 36242U 99025DVT 18162.08746819  .00000231  00000-0  16806-3 0  9993
2 36242  98.1552 106.7398 0068814 263.5705  95.7625 14.03544422548301
1 36243U 99025DVU 18212.82289678  .00000591  00000-0  67387-4 0  9997
2 36243  99.2253  64.1427 0146277 347.5919  12.1703 14.83992010579416
1 36244U 99025DVV 18212.16802789  .00000276  00000-0  17806-3 0  9999
2 36244  98.9872 285.0167 0059232 355.4860   4.5769 14.10395728540128
1 36246U 99025DVX 11280.44747633 +.00000673 +00000-0 +39647-3 0  9994
2 36246 099.0174 275.0128 0133011 273.8003 076.1936 14.07157088274512
1 36247U 99025DVY 18210.42885929 +.00000027 +00000-0 +24284-4 0  9999
2 36247 098.5793 278.5820 0203177 061.1700 300.9712 14.27330351506598
1 36248U 99025DVZ 18209.92022518 +.00000566 +00000-0 +45102-3 0  9999
2 36248 098.1441 024.0498 0216608 135.2198 226.6672 13.83911428487269
1 36250U 99025DWB 13085.57901125 +.00013307 +00000-0 +37280-2 0  9994
2 36250 099.1267 213.7682 0084089 190.6674 168.9664 14.44115645212777
1 36254U 99025DWF 18212.36356599 +.00000597 +00000-0 +14526-3 0  9997
2 36254 099.5834 059.1639 0122247 237.8459 121.0826 14.53159178213953
1 36255U 99025DWG 18212.24612476 +.00000211 +00000-0 +10435-3 0  9992
2 36255 099.5039 222.9341 0073143 305.0671 115.8655 14.27478580255448
1 36257U 99025DWJ 18212.26806253  .00001101  00000-0  41563-3 0  9999
2 36257  99.1221  30.6990 0023078 263.1002  96.7555 14.33415431494609
1 36258U 99025DWK 18212.44413454 +.00000121 +00000-0 +27850-4 0  9992
2 36258 099.0494 286.2697 0207760 107.0703 255.3368 14.62350395514067
1 36259U 99025DWL 18212.35797748  .00000434  00000-0  20482-3 0  9994
2 36259  98.8621 258.1482 0002224 248.0502 169.8808 14.25006970498838
1 36260U 99025DWM 18212.86294102 -.00000032 +00000-0 +63945-5 0  9996
2 36260 098.8394 241.1497 0016434 010.4130 349.7380 14.13803193497743
1 36261U 99025DWN 18143.79676173  .00000052  00000-0  12894-3 0  9990
2 36261 101.3983 357.8701 0361632 333.5932  24.7152 13.43073551473620
1 36262U 99025DWP 18212.56147993 +.00000055 +00000-0 +42122-4 0  9997
2 36262 098.9301 337.2241 0064137 106.2169 254.6079 14.24742030511523
1 36263U 99025DWQ 18212.07829968 +.00000561 +00000-0 +26329-3 0  9995
2 36263 098.9517 323.2340 0051408 145.7771 214.6737 14.23498863495341
1 36265U 99025DWS 11139.42886204 +.00007978 +00000-0 +11728-2 0  9998
2 36265 099.4825 014.4538 0201480 238.6911 118.0926 14.62900854125353
1 36266U 99025DWT 18212.55956650 +.00000757 +00000-0 +47654-3 0  9991
2 36266 098.9124 132.6502 0071067 320.4389 039.1605 14.06135161230341
1 36267U 99025DWU 18212.75268480 +.00000290 +00000-0 +20619-3 0  9995
2 36267 098.5527 302.1166 0153680 221.7385 297.1025 13.99189341488264
1 36269U 99025DWW 18212.93837609 +.00000089 +00000-0 +49803-4 0  9995
2 36269 099.2267 021.0240 0259776 022.2699 338.9517 14.18163572495189
1 36270U 99025DWX 18212.91325033 +.00000748 +00000-0 +40634-3 0  9992
2 36270 099.0524 261.8557 0073453 217.5401 142.0630 14.14126459539746
1 36271U 99025DWY 18213.02340715  .00000686  00000-0  33717-3 0  9995
2 36271  99.1027 235.8702 0105500  39.4768 321.4032 14.18234235531573
1 36272U 99025DWZ 18212.11251782 +.00000216 +00000-0 +12187-3 0  9997
2 36272 099.0865 334.2548 0176102 283.4138 074.7458 14.13089776255704
1 36273U 99025DXA 18199.17304944  .00000042  00000-0  47491-4 0  9991
2 36273  99.6382 186.5389 0099139 295.7350  63.3612 14.13592666539834
1 36274U 99025DXB 18212.20906343 +.00001211 +00000-0 +79612-3 0  9991
2 36274 099.1880 203.9536 0077091 168.3765 254.0306 14.02439137251032
1 36278U 99025DXF 18199.22969912  .00000061  00000-0  56363-4 0  9993
2 36278  99.2427 354.0837 0063214 338.0268  21.8195 14.13719957554420
1 36279U 99025DXG 18213.36903326  .00000007  00000-0  26197-4 0  9995
2 36279  98.6959 267.8457 0062664 200.1324 159.7376 14.13494146512610
1 36280U 99025DXH 18212.34971271  .00000400  00000-0  28027-3 0  9998
2 36280  99.0121 258.4994 0067751  29.2960  28.1862 14.02974978486385
