1 02140U 66005C   18213.10072383  .00000072  00000-0  75327-4 0  9990
2 02140  89.8706  76.7518 0318857 200.2469 158.5799 13.47172025571432
1  2141U 66005D   18212.68384741 +.00000222 +00000-0 +12882-3 0  9990
2  2141 090.0858 208.0593 0128176 163.9905 196.5386 14.02009654665157
1 02154U 66008E   18212.61007134  .00000058  00000-0  19112-4 0  9999
2 02154  97.7662  86.2990 0053478 125.4840 235.1371 14.64726951778173
1 02177U 66026D   18213.35552926  .00000140  00000-0  33000-4 0  9994
2 02177  98.9770 252.0997 0164281 254.1764 104.1272 14.64216878741178
1 02223U 66016C   18213.07654243 -.00000041  00000-0  20619-4 0  9992
2 02223 101.1484 251.9331 0093197 206.2253 182.0042 12.87659760457085
1  2224U 66016D   18212.44217861 -.00000042 +00000-0 -97841-5 0  9998
2  2224 101.1353 289.9219 0137710 164.0630 260.0877 12.52079310385731
1  2226U 65109D   18212.46769079 +.00000053 +00000-0 +49607-4 0  9993
2  2226 089.0713 218.8961 0250783 087.1564 275.8257 13.50303239565239
1 21369U 75052CP  18212.73298066  .00001089  00000-0  50560-3 0  9992
2 21369  99.6747 293.8479 0094112 317.3146 207.4229 14.20800851382951
1 21370U 75052CQ  18213.13708278 -.00000033  00000-0  18977-4 0  9996
2 21370  99.8400  87.6659 0079520 205.3602 309.7942 13.27904946318176
1 21371U 75052CR  18212.19210918 -.00000027 +00000-0 +35535-4 0  9993
2 21371 099.7938 112.5848 0152464 331.2920 183.5506 13.14011010303963
1 21372U 75052CS  18212.52882045 -.00000024 +00000-0 +48045-4 0  9994
2 21372 100.5273 050.1609 0060890 235.1629 150.4430 13.33187547322665
1 21373U 75052CT  18212.78459628 +.00000038 +00000-0 +16592-3 0  9995
2 21373 099.9731 144.7683 0076366 039.4054 349.9070 13.31958223321175
1 21374U 75052CU  18213.36562664  .00000243  00000-0  32023-3 0  9991
2 21374  99.7259   2.4729 0264459 318.9801  67.8646 13.57860575343143
1 21377U 75052CX  18213.18419250  .00000072  00000-0  21589-3 0  9991
2 21377 100.1185 195.2323 0240147 344.8984  75.5523 13.29217338311192
1 21380U 75052DA  18212.97369307 +.00000141 +00000-0 +24175-3 0  9999
2 21380 099.3817 262.1893 0056243 329.5944 150.3768 13.60312855347198
1 21382U 75052DC  18213.14256901  .00003361  00000-0  45652-2 0  9995
2 21382  99.6076 272.6608 0385470 292.3772  63.6939 13.33285947275044
1 21383U 75052DD  18212.76504226 +.00000209 +00000-0 +89804-3 0  9995
2 21383 099.7074 136.8637 0364971 117.0044 263.0039 12.72632664262367
1 21384U 75052DE  18212.42751073 -.00000027  00000-0  24484-4 0  9996
2 21384  99.6311  17.6953 0302500 159.3730 230.6684 12.90498122279968
1 21386U 75052DG  18213.57940719  .00000135  00000-0  36565-3 0  9993
2 21386  99.5624  77.1712 0184412 270.2774 116.0593 13.25806489311793
1 21387U 75052DH  18213.43126251  .00000115  00000-0  26457-3 0  9993
2 21387  99.4663 283.8387 0046412 212.5563 210.5532 13.44904002333116
1 21388U 75052DJ  18212.60576597 -.00000007 +00000-0 +56135-4 0  9992
2 21388 099.6740 137.8375 0071052 217.9827 266.1947 13.50114125338961
1 21401U 91009BQ  18213.36206001  .00000063  00000-0  74350-3 0  9991
2 21401  74.1363 353.8462 0144885  59.0576 330.8397 12.16750153217304
1 21402U 91009BR  18212.47679668 +.00000008 +00000-0 +21212-3 0  9994
2 21402 074.0241 238.4597 0135093 130.0570 300.9669 12.18210151218268
1 21403U 91009BS  18213.00307376  .00000017  00000-0  26372-3 0  9991
2 21403  73.9330 219.3821 0135447 211.9135 175.7909 12.31357183230668
1 21404U 91009BT  18212.35493005 +.00000061 +00000-0 +53694-3 0  9990
2 21404 073.9613 344.8858 0184448 238.8575 151.4440 12.41205528239798
1 21406U 91009BV  18211.42428062 +.00000017 +00000-0 +26508-3 0  9995
2 21406 073.9122 204.3397 0135500 235.9183 294.8975 12.31359288226200
1 21407U 91009BW  18212.76570675 +.00000093 +00000-0 +86418-3 0  9992
2 21407 073.8524 128.1976 0175431 267.0115 122.8776 12.32178773232069
1 21408U 91009BX  18212.38957619 +.00000364 +00000-0 +36297-2 0  9998
2 21408 074.0275 296.7489 0200004 191.2182 298.8023 12.15630408215670
1 21420U 91041C   18213.53719032  .00000124  00000-0  47259-4 0  9997
2 21420  74.0663 251.4082 0005844 218.9853 295.1437 14.40640984421004
1 21434U 75052DS  18212.01089139 +.00000007 +00000-0 +19228-3 0  9990
2 21434 099.4370 238.5619 0656190 211.3327 177.9567 12.16045451208975
1 21437U 75052DV  18212.00750894 -.00000005 +00000-0 +79919-4 0  9998
2 21437 100.4577 032.6289 0057098 077.4047 075.2870 13.36444643327842
1 21438U 75052DW  18212.42535976 -.00000055 +00000-0 -29529-4 0  9995
2 21438 099.6667 271.7704 0079739 355.1220 071.5765 13.30046010321582
1 21439U 75052DX  18208.24097270 +.00001359 +00000-0 +26506-2 0  9997
2 21439 099.7839 303.4083 0383260 332.9242 050.4476 13.13441131232212
1 21441U 75052DZ  18211.24553894 -.00000027 +00000-0 +30433-4 0  9991
2 21441 099.7261 312.1048 0304010 036.4147 352.7380 12.83830006276105
1 21442U 75052EA  18213.52584116  .00000179  00000-0  58161-3 0  9990
2 21442  99.5523  55.9210 0365059   0.0022  27.1116 12.93546212265761
1 21443U 75052EB  18213.15757321 -.00000009  00000-0  68306-4 0  9996
2 21443  99.8285  96.8808 0068798  19.6497 132.7996 13.31308895323781
1 21444U 75052EC  18213.06937809  .00000077  00000-0  34852-3 0  9990
2 21444  99.6557  69.0973 0267004  61.2628  90.5069 12.93580526284943
1 21445U 75052ED  18212.63786094 -.00000026 +00000-0 +32828-4 0  9998
2 21445 099.7774 343.2686 0082490 105.7607 324.1034 13.28310839320675
1 21446U 75052EE  18212.74612346 +.00000108 +00000-0 +53011-3 0  9995
2 21446 099.7241 133.1566 0372309 160.2766 230.3505 12.71281277263746
1 21450U 75052EJ  18212.75742056  .00000018  00000-0  12211-3 0  9990
2 21450  99.9445 140.1517 0059589 311.8082  65.5717 13.34396223325829
1 21452U 75052EL  18212.98459586 -.00000714  00000-0 -31016-2 0  9998
2 21452  99.7580 266.2454 0584690 355.4305 119.3118 12.33825349220053
1 21453U 75052EM  18213.54974719 -.00000050  00000-0 -17275-4 0  9998
2 21453  99.9838 108.0290 0121843  42.4699  76.2910 13.26111422317746
1 21457U 75052ER  18212.71574552 -.00000032 +00000-0 +21782-4 0  9998
2 21457 099.9646 135.2204 0299935 270.8080 102.1529 13.35799769317317
1 21458U 75052ES  18212.85131818 +.00000115 +00000-0 +58888-3 0  9995
2 21458 099.7913 176.2878 0564449 134.4234 259.6084 12.43809197235774
1 21459U 75052ET  18212.51585830 -.00000028 +00000-0 +30290-4 0  9998
2 21459 099.9311 089.9257 0051699 281.5873 197.8909 13.40534446331441
1 21460U 75052EU  18212.40617078 +.00000026 +00000-0 +14401-3 0  9990
2 21460 099.7164 278.2233 0085655 092.9961 327.6939 13.27907359319764
1 21461U 75052EV  18212.73848807 -.00000091 +00000-0 -11331-3 0  9996
2 21461 099.7287 130.7410 0206739 358.7503 028.3340 13.19707872311068
1 21462U 75052EW  92030.94879011 +.00002633 +00000-0 +84908-2 0  9992
2 21462 099.7448 205.0688 0606933 254.5438 098.7871 12.53345277030456
1 21463U 75052EX  18212.41375104 +.00000078 +00000-0 +16414-3 0  9998
2 21463 099.9712 014.3910 0156994 185.4707 206.1637 13.55724691345302
1 21464U 75052EY  18213.24883008  .00000811  00000-0  22721-2 0  9990
2 21464  99.7985 314.9049 0225641 197.5446 190.7228 13.06632499286189
1 21465U 75052EZ  18212.65864323  .00000048  00000-0  15002-3 0  9991
2 21465  99.9227  99.8171 0069474 341.2603  47.4395 13.47331869337776
1 21466U 75052FA  18212.43852299 -.00000017 +00000-0 +50836-4 0  9999
2 21466 099.6989 181.5811 0138621 076.3234 081.8421 13.21075393311847
1 21467U 75052FB  18212.54037970 -.00000003  00000-0  64034-4 0  9993
2 21467  99.6949  63.3222 0025625 188.1539 201.2370 13.49142315340219
1 21469U 75052FD  18212.25972655 +.00000234 +00000-0 +96598-3 0  9995
2 21469 099.6894 131.1040 0369183 102.9732 046.3611 12.73888330264638
1 21470U 75052FE  18212.55384836  .00000030  00000-0  11554-3 0  9991
2 21470  99.7525  64.0486 0098781 204.6210 184.0369 13.48744957339074
1 21471U 75052FF  18211.35029278  .00000034  00000-0  92802-4 0  9995
2 21471  99.6398 343.4053 0253671 354.9331  29.5720 13.55074155346649
1 21472U 75052FG  18212.96737792 +.00000111 +00000-0 +18124-3 0  9991
2 21472 099.9095 023.9577 0255372 122.4174 027.7130 13.55518316341609
1 21473U 75052FH  18213.34363666  .00000259  00000-0  35067-3 0  9998
2 21473  99.6892 358.0034 0246140 349.7183  39.9841 13.57084041342643
1 21475U 75052FK  18213.41063750 -.00000026  00000-0  27156-4 0  9993
2 21475  99.6951  67.7003 0090849 243.9149 240.9270 13.53708080342496
1 21492U 75052FM  18213.15412866 -.00000047  00000-0 -98384-5 0  9995
2 21492  99.7519  87.7033 0061849 304.0348 210.8054 13.33228221325566
1 21493U 75052FN  18212.98754088  .00000732  00000-0  40059-2 0  9993
2 21493  99.5759 222.9396 0668179 313.6921  67.8185 12.13759830197427
1 21496U 75052FR  18212.48472719 +.00000015 +00000-0 +17897-3 0  9998
2 21496 099.7875 039.4712 0342042 235.7828 136.1203 12.81977757273726
1 21497U 75052FS  18212.94353332 -.00000032 +00000-0 +19013-4 0  9992
2 21497 099.7051 208.2744 0059841 053.3822 336.0134 13.32690086324718
1 21498U 75052FT  18212.57642765  .00000033  00000-0  20947-3 0  9990
2 21498  99.6643  67.9404 0268034  68.2033 320.3884 12.93782750284217
1 21499U 75052FU  18212.53416760  .00000830  00000-0  17104-2 0  9996
2 21499  99.6221 105.4814 0161960  27.5417  91.7983 13.30837912311142
1 21500U 75052FV  18212.69994795 +.00000669 +00000-0 +26054-3 0  9990
2 21500 100.0246 290.2241 0196569 221.2522 292.7081 14.23946046402111
1 21501U 75052FW  18212.69839032  .00000012  00000-0  17505-3 0  9996
2 21501  99.7626 219.1632 0552311  28.4820  30.4352 12.46905304238919
1 21504U 75052FZ  18212.57891167 -.00000187  00000-0 -60178-3 0  9992
2 21504  99.7962 244.4129 0551636   6.5063 146.7046 12.47769646236278
1 21506U 75052GB  18212.72487106 -.00000154  00000-0 -29246-3 0  9990
2 21506  99.6404 292.9979 0179180  15.3016 138.0799 13.13022799299157
1 21512U 75052GH  18212.92171564 -.00000036 +00000-0 +18217-4 0  9992
2 21512 100.1316 103.2157 0036343 299.9638 120.8922 13.39847693323431
1 21514U 75052GK  18213.49935668  .00000179  00000-0  48917-3 0  9996
2 21514  99.8374  54.2337 0322047  45.9499 344.9544 13.09530838285476
1 21515U 75052GL  18211.40772436 -.00000409  00000-0 -10655-2 0  9993
2 21515  99.7039 172.4488 0272873 280.2371 235.4013 12.97807877289260
1 21516U 75052GM  18212.90833601 -.00000011  00000-0  63546-4 0  9999
2 21516  99.8215  96.3663 0071519  29.5157  32.0524 13.32135766312274
1 21523U 75052GU  18212.42404706  .00000322  00000-0  19027-2 0  9991
2 21523  99.5614 203.0705 0715299 263.0719 268.9420 12.05794310162515
1 21529U 91045C   18212.90818214 +.00000128 +00000-0 +40332-4 0  9992
2 21529 089.5712 075.8209 0055345 019.9612 340.3733 14.34248815412734
1 21532U 91045D   18212.89372054 +.00000116 +00000-0 +36816-4 0  9990
2 21532 089.5230 359.8593 0070023 118.2392 033.8767 14.32154654410893
1 21542U 75052GW  18212.25283747 +.00000033 +00000-0 +15134-3 0  9998
2 21542 100.3266 356.1432 0050155 005.8635 112.8031 13.37297518328264
1 21543U 75052GX  18213.48526141  .00001308  00000-0  93204-3 0  9993
2 21543  99.5737 219.0574 0124083 332.1125  27.3421 13.95792758335646
1 21544U 75052GY  18212.86315133 +.00003363 +00000-0 +48510-3 0  9995
2 21544 099.9801 240.6292 0082405 308.6144 050.7700 14.74941750397431
1 21545U 75052GZ  18212.82518090 +.00000036 +00000-0 +16026-3 0  9990
2 21545 099.7011 163.4332 0232419 042.2734 348.5561 13.21345580312775
1 21546U 75052HA  18212.38227122  .00000130  00000-0  77532-3 0  9999
2 21546  99.5317  43.2399 0616149 355.6392 117.0087 12.26079558216125
1 21547U 75052HB  18212.45568704  .00000161  00000-0  24788-3 0  9991
2 21547  99.9731  36.5410 0255041 191.2877 203.8259 13.54063143341625
1 21548U 75052HC  18212.94120519 -.00000094 +00000-0 -17674-3 0  9997
2 21548 099.7378 200.3564 0248267 023.8936 002.9313 12.95195925286917
1 21549U 75052HD  18212.01442858 +.00000369 +00000-0 +10977-2 0  9990
2 21549 099.7700 039.0151 0204662 024.9067 128.3979 13.07509672296873
1 21550U 75052HE  18210.48579135 +.00000065 +00000-0 +39303-3 0  9998
2 21550 099.8064 214.8017 0553485 169.1016 346.3203 12.44964415234367
1 21551U 75052HF  18212.60096535 +.00000017 +00000-0 +13273-3 0  9998
2 21551 099.7058 255.5994 0105428 290.6634 223.2042 13.23832034313789
1 21565U 75052HK  18213.07627580 -.00000327  00000-0 -97595-3 0  9990
2 21565  99.8507 307.6361 0375409 136.2790 348.1612 12.78564545266670
1 21566U 75052HL  18211.99816171 +.00000018 +00000-0 +17398-3 0  9994
2 21566 099.5764 223.8487 0325394 040.7004 352.3098 12.83102969274450
1 21567U 75052HM  18212.92307035 +.00000408 +00000-0 +50879-3 0  9997
2 21567 099.5890 358.7868 0251276 296.3553 224.2499 13.58217478345105
1 21568U 75052HN  18212.91247623 -.00000148 +00000-0 -12297-3 0  9998
2 21568 099.7768 003.4961 0251158 099.2532 052.4644 13.55717787337431
1 21570U 75052HQ  18206.97468576 +.00000726 +00000-0 +43533-2 0  9998
2 21570 099.5076 012.1260 0704088 263.9311 260.7286 12.02983175001399
1 21598U 75052HS  18212.92433537 +.00000031 +00000-0 +21022-3 0  9998
2 21598 099.5548 207.6046 0354158 019.8176 009.1940 12.83363784274821
1 21599U 75052HT  14250.05080250 -.00000006 +00000-0 +10000-3 0  9998
2 21599 099.8016 339.9345 0441069 036.7453 326.2108 12.66830323073993
1 21601U 75052HV  18211.62660295  .00000069  00000-0  41201-3 0  9994
2 21601  99.8093 260.0491 0542529 316.4089 202.7500 12.49293549236825
1 21602U 75052HW  18213.05659102  .00000450  00000-0  75895-3 0  9999
2 21602  99.7993 252.3451 0086539 137.3860 252.4381 13.49933515325042
1 21623U 87036L   18212.08963962  .00001470  00000-0  10077-2 0  9994
2 21623  62.7338 114.3097 3043614 170.0806 197.7723  8.83257586859104
1 21636U 90065N   18212.52436299 -.00000130 +00000-0 -24029-3 0  9998
2 21636 018.0263 010.1450 7146911 026.6005 356.7713 02.33841974053606
1 21657U 87036M   18213.52633652  .00001235  00000-0  10850-1 0  9998
2 21657  64.9473  38.0712 1747408  53.7097 321.2828 10.18643274884595
1 21674U 75052JA  18213.53592775  .00000487  00000-0  20274-3 0  9994
2 21674 100.0664 312.0669 0148058 334.8048  91.0347 14.26345928398886
1 21677U 75052JD  18212.75672337  .00000027  00000-0  20727-3 0  9996
2 21677  99.9407 321.0246 0477903 254.8044 274.3807 12.71204847262690
1 21678U 75052JE  18212.53887683  .00000314  00000-0  68266-3 0  9994
2 21678  99.9618 232.0811 0372654 136.0876  16.6223 13.13326090298112
1 21680U 75052JG  18211.47798345 -.00000002  00000-0  10885-3 0  9994
2 21680  99.5633  42.0628 0381827  83.0591 309.9801 12.72045838258039
1 21682U 75052JJ  18212.70997406 +.00001757 +00000-0 +11158-1 0  9991
2 21682 099.3939 288.0276 0874712 164.9427 349.1679 11.73319353157376
1 21686U 75052JN  18213.12627102  .00000256  00000-0  19767-3 0  9994
2 21686 100.0023 280.3367 0199151 104.4175 257.9174 13.93548613352017
1 21691U 91045E   18212.99890547  .00000191  00000-0  48332-4 0  9998
2 21691  89.8182 325.0754 0014195 230.4744 183.4531 14.47627896424039
1 21711U 91041D   18213.08158236  .00000139  00000-0  46552-4 0  9994
2 21711  74.0199  73.7976 0013143 198.3324 321.2953 14.45940809424497
1 21712U 91045F   18212.69216815  .00000131  00000-0  49763-4 0  9992
2 21712  89.2755 111.8708 0133929 290.2180  97.4549 14.21561812400942
1 21721U 70025QG  18212.84491929  .00000227  00000-0  33594-3 0  9995
2 21721 100.1128 348.2195 0004106 343.7635 169.8990 13.65728037332105
1 21723U 71015DW  18212.64654628 +.00000651 +00000-0 +15057-3 0  9997
2 21723 065.6923 079.7848 0404616 104.5385 260.0933 14.22290327357693
1 21724U 91009BZ  18212.78261081 -.00000033  00000-0 -17287-3 0  9998
2 21724  73.9785 145.5281 0206871  99.4636 289.7433 12.20367759195782
1 21725U 87036N   18211.99931185  .00002172  00000-0  21577-1 0  9994
2 21725  64.8651 215.0540 1047740  13.8329 348.9099 11.20254084 20523
1 21750U 91009CQ  18209.05260918 +.00000357 +00000-0 +31691-2 0  9992
2 21750 074.0740 066.4841 0107545 224.4239 290.4522 12.28481254224038
1 21754U 75052JQ  18212.35478330  .00000050  00000-0  18199-3 0  9991
2 21754  99.8345 168.9509 0077301  12.1321 141.4218 13.34236333313778
1 21826U 91086C   18212.14993792 +.00004313 +00000-0 +37962-3 0  9992
2 21826 082.5776 003.3996 0710200 205.7371 150.6812 13.90948092248485
1 21827U 91086D   18213.51999567  .00001593  00000-0  12095-3 0  9998
2 21827  82.4421 199.9363 0647219 118.5106  18.2566 14.07004091252300
1 21836U 91082E   18212.92891139 +.00001461 +00000-0 +24961-3 0  9993
2 21836 098.7692 252.0985 0003331 184.6117 251.5162 14.70597028250318
1 21861U 91009CA  18212.63815288  .00000077  00000-0  81856-3 0  9997
2 21861  74.0247  88.9199 0135634 312.5250  76.7897 12.24694576224635
1 21905U 91086F   18213.42519623  .00003423  00000-0  36259-3 0  9998
2 21905  82.4995  91.7291 0799542  20.2176 342.8810 13.67647219236091
1 21910U 75052JR  18212.94715444 +.00000074 +00000-0 +38837-3 0  9997
2 21910 099.6311 212.6239 0332966 230.9387 155.5669 12.79691243255878
1 21911U 90081CH  18212.80358222 +.00000032 +00000-0 +28926-4 0  9992
2 21911 098.6298 250.2438 0055281 112.3448 311.0242 14.29902789438847
1 21913U 78100AR  18212.43817090 +.00000020 +00000-0 +14664-3 0  9994
2 21913 082.5453 211.5635 0017689 216.2459 299.5261 11.99263214163202
1 21914U 75052JS  18212.86894608  .00000007  00000-0  20641-3 0  9992
2 21914  99.4483 195.9197 0638116 345.3102  40.6208 12.13263172177979
1 21918U 91009CB  18211.96811729 +.00000016 +00000-0 +28466-3 0  9992
2 21918 074.0777 202.6651 0125671 343.3172 044.1419 12.21846962220639
1 21919U 91009CC  18210.62126338 +.00000038 +00000-0 +71274-3 0  9999
2 21919 074.0645 183.1221 0356904 169.8177 314.2569 11.74813911171751
1 21933U 75052JT  18212.89077723 -.00000175 +00000-0 -30372-3 0  9997
2 21933 099.3031 178.6954 0173069 002.6414 022.4743 13.22338016291821
1 21934U 75052JU  18212.03664969  .00000237  00000-0  83398-3 0  9991
2 21934  99.6208  50.3676 0294187   7.2736 146.7382 12.92508908271845
1 21936U 91009CD  18212.95531431 -.00000036 +00000-0 -24406-3 0  9995
2 21936 074.0653 303.3476 0261427 192.5007 288.6342 12.00982559163284
1 21943U 91009CE  18212.33809417 +.00000033 +00000-0 +44768-3 0  9995
2 21943 073.9541 154.2487 0137073 172.0697 355.1337 12.19192960219250
1 21955U 91009CF  18211.79819215 +.00000321 +00000-0 +36032-2 0  9998
2 21955 074.3123 325.9706 0163201 162.7491 356.9917 12.08028831207652
1 21957U 76067BV  18207.57146638 +.00000474 +00000-0 +99995-3 0  9997
2 21957 065.4606 272.5108 0740526 259.9253 091.7480 12.63880799232512
1 21958U 91009CG  18213.47603147 -.00000127  00000-0 -10945-2 0  9994
2 21958  73.9615 221.6853 0133898 235.4527 281.6940 12.16712918217069
1 21959U 91009CH  18209.94427987 -.00000007 +00000-0 +74196-4 0  9994
2 21959 073.9664 194.6979 0129270 196.0090 191.6520 12.18578301217903
1 21969U 75052JV  18213.17093205 -.00000144  00000-0 -19538-3 0  9998
2 21969  99.0426 103.3720 0115137 337.2278 183.4107 13.37658831315991
1 21970U 61015ML  18211.28283907  .00001028  00000-0  59439-4 0  9999
2 21970  65.9847 156.9344 0249114  93.0182 269.9477 14.95650339413564
1 21972U 75052JW  18213.41465101 -.00000132  00000-0 -28418-3 0  9991
2 21972  99.6023  18.9713 0337533  83.1614 308.5293 12.91520316243377
1 21985U 75052JX  18212.85144740  .00001076  00000-0  10839-2 0  9998
2 21985  99.5857 346.0889 0036162 244.6944 268.4545 13.79558891317358
1 21986U 61015MM  18213.22428781  .00000042  00000-0  72379-4 0  9996
2 21986  66.8771 140.1878 0100486 329.9865 181.3736 14.04741421348993
1 21997U 78100AS  18212.17065885  .00025993  00000-0  31273-1 0  9993
2 21997  82.5406 121.2638 0332760  77.7752 286.0439 13.45562631 24930
1 22025U 91009CJ  18212.43437997 +.00000039 +00000-0 +43814-3 0  9995
2 22025 073.9377 217.1967 0143733 199.1861 317.5356 12.31377578231064
1 22132U 91009CR  18212.21290983 -.00000024 +00000-0 -96366-4 0  9999
2 22132 074.0587 292.8944 0142296 135.2075 255.4066 12.16808242217044
1 22198U 91009CS  18211.01875110 -.00000015 +00000-0 +67535-5 0  9995
2 22198 073.9132 215.9563 0146683 246.9059 142.2388 12.30480775230058
1 22221U 92076C   18213.16993323  .00000050  00000-0  83969-4 0  9998
2 22221  71.0440 135.4805 0185436 306.5141 120.0220 13.76996249291465
1 22222U 92076D   18212.93706401 +.00000065 +00000-0 +10375-3 0  9998
2 22222 071.0004 307.6786 0216196 173.7308 186.6579 13.69986468284540
1 22223U 92076E   18212.89365602 -.00000010  00000-0  29469-4 0  9994
2 22223  71.0358 180.1748 0193814  25.0229   3.6777 13.75390616289844
1 22224U 92076F   18212.86458939 -.00000025 +00000-0 +15954-4 0  9998
2 22224 070.9899 161.5092 0193631 111.0833 251.1091 13.74427269289036
1 22289U 92093D   18213.13768146  .00000004  00000-0  20296-4 0  9994
2 22289  70.8326 105.7277 0059050  81.5810  67.5854 14.31446646336301
1 22290U 92093E   18212.70402653 -.00000092 +00000-0 -46461-4 0  9997
2 22290 071.0508 300.9719 0194049 070.2082 080.3445 13.74650521283004
1 22291U 92093F   18212.81176021 +.00000000 +00000-0 +40110-4 0  9999
2 22291 071.0129 349.6588 0208705 164.2492 271.9430 13.71812350281065
1 22292U 92093G   18212.94598477 -.00000008 +00000-0 +34191-4 0  9998
2 22292 071.0066 025.3850 0211994 221.3315 214.8865 13.70378897274678
1 22293U 92093H   18212.73928296 -.00000003 +00000-0 +36174-4 0  9990
2 22293 071.0588 323.0855 0195914 046.9660 314.7664 13.73991461277297
1 22296U 92093L   18212.91960531 +.00000642 +00000-0 +22856-3 0  9990
2 22296 070.8448 190.2210 0072775 196.2272 192.5726 14.36657061321014
1 22297U 92093M   18212.88945797 -.00000021 +00000-0 +15336-4 0  9992
2 22297 070.9485 013.9922 0101630 212.3363 147.1500 14.04935733309137
1 22326U 92093P   18212.63064834  .00000038  00000-0  60611-4 0  9995
2 22326  70.6609 275.2022 0149743 352.6096 159.0818 13.92479230293594
1 22329U 92093S   18212.85230101 +.00000472 +00000-0 +81272-4 0  9992
2 22329 070.9004 119.6175 0077042 326.6601 032.9710 14.72625086335806
1 22330U 92093T   18213.12947359  .00000189  00000-0  13766-3 0  9992
2 22330  70.4146 237.6934 0112945  81.5498   2.1184 14.06046894309612
1 22332U 92093V   18212.68795749  .00003287  00000-0  31754-3 0  9997
2 22332  70.5397  38.5759 0016483 179.6089 180.5087 14.93649413339158
1 22338U 92093AB  18213.32800550  .00000205  00000-0  52632-4 0  9998
2 22338  70.6197 274.8556 0089500 274.9588 210.8292 14.61063762354666
1 22341U 92093AE  18212.89519238 +.00000196 +00000-0 +17561-3 0  9993
2 22341 070.7452 254.7213 0135777 143.6468 270.8368 13.92188934297005
1 22342U 92093AF  18212.61884644  .00000034  00000-0  59505-4 0  9996
2 22342  70.6984 183.3064 0120911 204.2390 267.9219 13.92629564297425
1 22347U 92093AL  18212.09780301  .00000612  00000-0  44485-3 0  9990
2 22347  70.8370 242.9480 0180386 236.6005 154.7521 13.92862192288255
1 22348U 92093AM  18213.33996095 -.00000136  00000-0 -53310-4 0  9999
2 22348  71.2619 334.7999 0107040 142.7064 250.1870 14.06068223308979
1 22349U 92093AN  18212.67216733 +.00000073 +00000-0 +99406-4 0  9994
2 22349 070.8222 309.7120 0186144 249.2289 180.8899 13.80621924285515
1 22351U 92093AQ  18212.69866939  .00000015  00000-0  38813-4 0  9999
2 22351  70.9086  97.7872 0106088  12.5638  18.9876 14.01681507306408
1 22353U 92093AS  18213.12978142  .00000311  00000-0  20131-3 0  9992
2 22353  70.9696 105.7948 0118977 233.5997 277.5951 14.06931042306767
1 22356U 92093AV  18212.91032385 +.00001038 +00000-0 +29151-3 0  9999
2 22356 070.6817 026.4299 0054717 318.3806 191.3026 14.47639161322678
1 22357U 92093AW  18212.57495670 +.00000279 +00000-0 +47186-4 0  9997
2 22357 070.8677 264.1527 0072492 031.4072 117.2483 14.77620364341682
1 22359U 92093AY  18211.34019941  .00000431  00000-0  34378-3 0  9994
2 22359  70.7448  89.8900 0170649 260.8601 220.8364 13.90211730290695
1 22362U 92093BB  18212.78732060  .00000283  00000-0  26211-3 0  9993
2 22362  70.8985 127.1839 0200261 304.5035  88.0943 13.82115043283100
1 22363U 92093BC  18213.20017558  .00000036  00000-0  57327-4 0  9999
2 22363  71.0365 140.1947 0146749 358.8143   1.2597 13.92466433297787
1 22370U 92093BK  18212.75807221 +.00000010 +00000-0 +33483-4 0  9999
2 22370 070.9758 070.2396 0111351 187.3796 291.6142 14.04698716308172
1 22374U 92093BP  18213.45170802  .00000193  00000-0  18412-3 0  9995
2 22374  70.7871 216.2247 0183627 253.9688 259.1882 13.85545883288162
1 22376U 92093BR  18212.02358921 +.00000391 +00000-0 +20239-3 0  9999
2 22376 070.8916 069.7735 0061309 099.8787 049.8509 14.20137717316465
1 22377U 92093BS  18212.84327715  .00000176  00000-0  13104-3 0  9991
2 22377  71.0966 112.8628 0056108  41.8175 318.7209 14.06947621310707
1 22379U 92093BU  18213.10369574  .00000393  00000-0  26305-3 0  9990
2 22379  70.7053 261.1005 0091510 350.6992   9.2424 14.05238366305706
1 22381U 92093BW  18213.14295198  .00001971  00000-0  32880-3 0  9995
2 22381  70.5400 233.6755 0030965 330.1159  29.8220 14.71110742332043
1 22382U 92093BX  18212.66097403 +.00000063 +00000-0 +81858-4 0  9992
2 22382 070.8646 200.8619 0164248 073.8220 037.5689 13.87709213289933
1 22387U 92093CC  18212.96573535  .00000108  00000-0  95321-4 0  9995
2 22387  70.8925 139.1281 0111491  85.4974  38.0121 14.02282181303475
1 22388U 92093CD  18212.07834701 +.00000057 +00000-0 +57397-4 0  9997
2 22388 070.9545 098.3884 0109440 266.0444 162.8105 14.09049924306193
1 22392U 92093CH  18212.60795346  .00000092  00000-0  24818-4 0  9993
2 22392  70.8919 297.5906 0103936  63.2353   4.4978 14.70263412360052
1 22393U 92093CJ  18213.12505966  .00000087  00000-0  78887-4 0  9998
2 22393  71.1232   8.9802 0122874  55.2221  57.4921 14.03355238304206
1 22395U 92093CL  18212.90644531  .00000709  00000-0  31982-3 0  9992
2 22395  71.1498 175.4852 0088678 293.4829  97.0947 14.23461046309794
1 22396U 92093CM  18211.85636583 +.00001555 +00000-0 +23957-3 0  9997
2 22396 070.6515 097.5385 0013189 329.6109 153.8128 14.75204740338643
1 22397U 92093CN  18212.00078121  .00000140  00000-0  83775-4 0  9998
2 22397  70.8030 208.5655 0040499 229.1420 130.6194 14.22911312319867
1 22398U 92093CP  18211.77309532  .00000223  00000-0  16080-3 0  9991
2 22398  70.9545 143.0072 0116061 297.0241  61.9066 14.04039315304884
1 22400U 92093CR  18212.19188595  .00000017  00000-0  46685-4 0  9992
2 22400  71.2405 129.6896 0160425 251.2339 267.6096 13.87114541294009
1 22403U 92093CU  18213.00000459  .00000131  00000-0  10969-3 0  9990
2 22403  70.8929  62.4168 0083901  45.3729 106.1974 14.03492583305663
1 22404U 92093CV  18212.60878119  .00000296  00000-0  45557-4 0  9996
2 22404  71.0521  69.6098 0085102 284.5226 106.3583 14.80601180361200
1 22406U 92093CX  18213.03097060  .00000033  00000-0  65503-4 0  9996
2 22406  70.7514 216.1357 0177233 339.2441  50.8436 13.81576853286463
1 22407U 92093CY  18212.94195060 +.00000053 +00000-0 +79896-4 0  9997
2 22407 070.8617 310.3488 0181698 163.9686 196.7277 13.81932898286327
1 22408U 92093CZ  18212.48349784 -.00000082 +00000-0 -21526-4 0  9992
2 22408 071.0929 325.8155 0127846 096.2459 026.8951 14.05216458303135
1 22410U 92093DB  18212.76125705 +.00000029 +00000-0 +51595-4 0  9999
2 22410 071.0865 063.4460 0110784 318.6975 164.4219 13.95900273300145
1 22415U 92093DG  18212.17717830 -.00000015 +00000-0 +18440-4 0  9993
2 22415 071.1161 271.5223 0125916 345.7370 014.0202 14.03146503305035
1 22416U 92093DH  18212.83839060 -.00000163 +00000-0 -69231-4 0  9996
2 22416 070.9609 346.7229 0081387 318.4849 205.7678 14.05282054311309
1 22418U 92093DK  18212.58748594  .00000110  00000-0  96216-4 0  9994
2 22418  71.1275  57.1265 0131158  82.4369 310.5152 14.00621388302857
1 22419U 92093DL  18212.94216716 +.00000022 +00000-0 +47322-4 0  9997
2 22419 071.1772 199.5643 0107564 192.8954 166.9405 13.94530051299825
1 22420U 92093DM  18212.15429272 +.00000466 +00000-0 +73920-4 0  9990
2 22420 070.9886 109.7938 0068824 120.4780 028.7989 14.76541797339400
1 22421U 92093DN  18212.85052219 -.00000139 +00000-0 -50682-4 0  9990
2 22421 071.0358 348.0631 0096853 342.8933 180.9440 14.09136823311542
1 22422U 92093DP  18212.71020286 +.00000079 +00000-0 +82599-4 0  9998
2 22422 071.1857 103.0006 0092617 103.6553 277.3639 13.98541950301894
1 22425U 92093DS  18212.49800064 +.00000032 +00000-0 +55153-4 0  9991
2 22425 071.1743 236.6173 0115203 226.6127 284.6568 13.93426558297436
1  2140U 66005C   18212.06085448 +.00000077 +00000-0 +82107-4 0  9999
2  2140 089.8707 076.7654 0318764 203.2527 155.3931 13.47171894570849
