1   252U 61015CD  18212.86494671 -.00000086 +00000-0 -14935-4 0  9993
2   252 067.0775 128.3049 0052969 160.7985 288.3268 13.76073914855294
1 00253U 61015CE  18213.51781162  .00000634  00000-0  15378-3 0  9999
2 00253  66.9302  54.6100 0036093 273.0404  86.6581 14.59201196956344
1   254U 61015CF  18212.93617795 +.00000105 +00000-0 +58052-4 0  9995
2   254 066.7768 046.7871 0064351 100.1586 260.6786 14.41901091957989
1 00260U 61015CG  18212.07392982  .00000135  00000-0  77941-4 0  9996
2 00260  66.7691 234.8757 0043070 114.2287 246.3323 14.34139900943261
1   261U 61015CH  18212.89913809 -.00000034 +00000-0 +30071-4 0  9996
2   261 066.6819 024.1585 0085592 150.5581 210.0363 13.99855182909257
1 00262U 61015CJ  18213.13928603  .00000719  00000-0  23835-3 0  9991
2 00262  66.4666 310.6798 0090183 276.5532  82.5309 14.41542465942896
1   263U 61015CK  18212.67193466 +.00000054 +00000-0 +44536-4 0  9995
2   263 066.5322 297.1707 0102444 134.2338 302.0045 14.39932872968396
1  2498U 66052C   18203.73462489 +.00000467 +00000-0 +42826-3 0  9991
2  2498 040.6397 357.3258 2090581 203.6639 145.2320 10.52084147172550
1  2516U 66052D   18208.23696695 +.00000184 +00000-0 +46464-3 0  9998
2  2516 041.0118 150.9072 2221517 130.1407 251.6065 09.99836721035592
1  2518U 66087C   18212.91802637 -.00000038 +00000-0 -53308-5 0  9990
2  2518 100.7578 206.6361 0081878 094.6280 298.2047 12.42630837350030
1 02580U 66076C   18213.39823594  .00000108  00000-0  92840-4 0  9994
2 02580  89.1676 185.2891 0096742  33.9773 117.2903 13.77139261596270
1  2620U 63049H   18212.67376613 +.00000097 +00000-0 +12075-3 0  9999
2  2620 089.9165 099.1845 0015458 271.2715 119.7820 13.58367928699648
1 24817U 94029ABU 18212.75372943 +.00000899 +00000-0 +26277-3 0  9993
2 24817 081.6934 134.2066 0417863 042.1006 348.3045 14.02492376115944
1 24818U 77087C   18212.62028102 +.00000121 +00000-0 +10183-3 0  9997
2 24818 082.9668 078.6944 0029456 251.7190 140.7496 13.80081995052522
1 24866U 96051H   18212.96971367  .00000342  00000-0  21602-3 0  9992
2 24866  71.1228 187.6538 0062337 356.0298   4.0320 14.10078373126867
1 24893U 88032C   18212.78996157  .00000508  00000-0  48798-4 0  9996
2 24893  97.5095 244.5014 0037059 189.6939 230.1947 14.96746310398021
1 24911U 81070M   18212.88148531 +.00000057 +00000-0 -38952-4 0  9999
2 24911 090.0129 035.9199 6190464 092.1265 355.5880 03.52202518269392
1 24956U 66040C   18212.84553608  .00000513  00000-0  82411-3 0  9993
2 24956 100.4594 177.3675 0042189 235.9684 152.9973 13.54151002549701
1 24959U 66077R   17015.36855148  .00000001  00000-0  00000+0 0  9999
2 24959  90.1119 357.4056 1034747 199.3321 152.1320  8.67168537239678
1 24973U 94029ACF 18212.32079133 +.00000317 +00000-0 +70069-4 0  9998
2 24973 082.0193 159.2568 0337871 086.2752 063.4175 14.23951636138340
1 24974U 92053C   18212.86005781 +.00000114 +00000-0 +53200-4 0  9994
2 24974 074.0530 231.5559 0024315 231.9049 194.1925 14.30776151109668
1 24978U 94029ACL 18212.83313319  .00000430  00000-0  48093-4 0  9994
2 24978  81.4461 356.3962 0333550   2.3781 357.8900 14.52042636134227
1 24980U 94029ACN 18212.89198388  .00000685  00000-0  13470-3 0  9992
2 24980  81.5919 175.1699 0303156 127.8071 235.0982 14.35820441131444
1 24985U 94029ACT 18212.84408460  .00000235  00000-0  76823-4 0  9990
2 24985  81.5188 159.7004 0663646 329.1554  27.2113 13.54999505208227
1 24996U 94029ADD 18210.65453320 +.00000932 +00000-0 +22545-3 0  9999
2 24996 082.1949 100.7118 0341413 138.5143 224.2506 14.22061238084770
1 25001U 68081H   18212.89546645 -.00000180 +00000-0 +00000-0 0  9992
2 25001 005.0117 309.0402 0064440 035.1526 344.9143 01.01699667089068
1 25027U 92053D   18212.95418396 +.00000110 +00000-0 +45079-4 0  9995
2 25027 074.0321 027.8074 0003318 134.4607 019.1956 14.38140399115058
1 25028U 93036D   18212.96395352 +.00000106 +00000-0 +45293-4 0  9998
2 25028 074.0418 203.7346 0009457 030.2366 352.2691 14.36155966190355
1 25057U 90036C   18213.40966725  .00000086  00000-0  65171-4 0  9999
2 25057  82.9411   7.6783 0021585  37.7331 351.8596 13.82417379313595
1 25085U 91009CX  18211.49211032 +.00000086 +00000-0 +89867-3 0  9999
2 25085 074.1090 233.4886 0182384 303.1383 210.2773 12.22968717058947
1 25097U 66077S   18213.09732510  .00001669  00000-0  43443-1 0  9992
2 25097  88.0495 261.4725 2189261 112.2565 272.4161  8.90527557722975
1 25101U 67065D   13351.22551170 -.00000095 +00000-0 -59669-1 0  9991
2 25101 090.3864 295.0340 0068856 057.0312 303.7121 08.37771014550594
1 25122U 67065E   13349.70428030 -.00000125 +00000-0 -80581-1 0  9993
2 25122 090.1227 280.6447 0036730 207.2106 152.6804 08.34951246553295
1 25187U 87068N   18213.39738748  .00000886  00000-0  39729-3 0  9991
2 25187  82.5508 201.1279 0009153 232.5679 127.4669 14.21530756 49076
1 25199U 87068AA  18212.51731550  .00000226  00000-0  21332-3 0  9990
2 25199  82.3645  47.9948 0096359 153.7575 206.8510 13.75198621 22922
1 25203U 87068AE  18213.33795591  .00000249  00000-0  10482-3 0  9991
2 25203  82.2677 226.0683 0096554 268.7801  90.2316 14.20215720 56392
1 25204U 87068AF  18212.87354219  .00000230  00000-0  16335-3 0  9991
2 25204  82.4330   6.7673 0121361 123.3786  29.1258 13.90099530 29814
1 25205U 87068AG  18212.88553736  .00000110  00000-0  74473-4 0  9993
2 25205  82.5394 359.6234 0015953  57.2447  96.0217 13.91572114 36661
1 25214U 87068AR  18212.72998865 +.00000329 +00000-0 +20683-3 0  9997
2 25214 082.5462 310.9108 0012495 253.7386 258.4774 14.01758739040815
1 25221U 87068AY  18213.25015911  .00000108  00000-0  12568-3 0  9994
2 25221  82.2985 181.3303 0168071 141.1879 313.7813 13.53862404  9125
1 25225U 87068BC  18213.30434331  .00001466  00000-0  85820-3 0  9994
2 25225  82.5071 327.2816 0081802  84.9843 305.4629 14.06013698 37833
1 25227U 87068BE  18213.18969547  .00000821  00000-0  39461-3 0  9998
2 25227  82.5329 218.9814 0012830 327.3448  32.6937 14.17804536 47119
1 25246U 87068BP  18213.19016362  .00000309  00000-0  15349-3 0  9998
2 25246  82.2515 290.9155 0084324 179.0739 214.7188 14.12602997 50201
1 25254U 93059H   18211.91279694  .00000101  00000-0  68455-4 0  9998
2 25254  70.9880  27.5692 0014534  65.9298  83.6746 14.21333722 88658
1 25255U 81043D   18213.39392331  .00000205  00000-0  11175-3 0  9998
2 25255  81.2802  78.4873 0050154  73.8230 347.4906 14.07897523117296
1 25270U 68055E   18212.54824305  .00000241  00000-0  84764-3 0  9994
2 25270 120.6639  42.5673 2158552  44.4153 331.0907  9.99392971842602
1 25401U 98043H   18212.80338309 +.00000050 +00000-0 +59978-4 0  9991
2 25401 098.5390 158.0897 0164880 045.8054 347.1904 13.93700488019651
1 25402U 98043J   18212.84964359 +.00000206 +00000-0 +16768-3 0  9998
2 25402 099.3224 182.2826 0153559 253.6111 134.7360 13.95804799021147
1 25403U 98043K   18212.90830170 +.00000010 +00000-0 +40748-4 0  9998
2 25403 098.5179 023.1305 0212960 210.3972 319.2012 13.77714394008117
1 25409U 98045C   18212.81655419 +.00000005 +00000-0 +43553-4 0  9998
2 25409 071.0789 253.1079 0192421 035.2519 073.3972 13.74430359003457
1 25410U 98045D   18213.14523062  .00000061  00000-0  10004-3 0  9991
2 25410  70.9796 263.9166 0210727 238.3053 151.1254 13.70834641   925
1 25411U 98045E   18212.57624988 -.00000039  00000-0  43796-5 0  9999
2 25411  70.9864 275.7780 0212840 211.5367 147.2833 13.70619657   662
1 25412U 98045F   18212.46828706 -.00000022 +00000-0 +18096-4 0  9998
2 25412 071.0779 213.7496 0184677 033.3286 118.7599 13.76124253004397
1 25442U 94029ADX 18213.01338172  .00000408  00000-0  85764-4 0  9997
2 25442  81.7655 224.8493 0283618 357.4328   2.5382 14.35364506137641
1 25444U 87068BX  18211.88613924  .00000141  00000-0  96092-4 0  9998
2 25444  82.5577   2.0335 0017503 347.1027 167.7251 13.93482546 25098
1 25445U 94029ADZ 18212.47750623  .00000058  00000-0  62621-5 0  9997
2 25445  81.9903  26.8314 0155484  18.1446  12.8008 14.60707603115456
1 25449U 94029AED 18212.95400840 +.00000362 +00000-0 +18041-3 0  9990
2 25449 082.1288 210.7633 0980407 038.6054 328.1149 12.79416262931822
1 25454U 87068CC  18213.14613965  .00003485  00000-0  20840-2 0  9995
2 25454  82.1689 110.0446 0080001 112.0199 248.9495 14.05295399234326
1 25526U 66040D   18212.88999868  .00000606  00000-0  81605-3 0  9990
2 25526 100.5754   5.7203 0045499  97.5274  57.6306 13.64311412272639
1 25563U 90111D   18213.31612536  .00000144  00000-0  56359-4 0  9996
2 25563  74.0496 183.5070 0022246 268.5653 161.4684 14.37938277444696
1 25612U 66040E   18209.93823574 +.00000928 +00000-0 +12582-2 0  9992
2 25612 100.4597 201.4426 0044636 095.9915 293.4776 13.62151650042413
1 25613U 66040F   18212.31572580 +.00000499 +00000-0 +80940-3 0  9994
2 25613 100.4790 141.8714 0025710 285.1331 227.6981 13.53901198549052
1 25614U 66040G   18212.86925881 +.00000894 +00000-0 +14019-2 0  9993
2 25614 100.5019 175.1482 0062039 270.8828 117.9156 13.52843397079796
1 25655U 88032D   18213.07396698  .00000474  00000-0  38736-4 0  9993
2 25655  97.4653 252.0944 0046673  27.3566   2.3871 15.03131585633050
1 25684U 85118X   18027.02647829  .00005695  00000-0  25521-2 0  9996
2 25684  64.4495 287.7503 5379769 188.3600 156.8939  4.93127622346924
1 25750U 94029AEG 18213.08102593  .00002875  00000-0  15222-3 0  9993
2 25750  82.3679  82.8019 0070190 188.7884 171.2124 15.12857305 26693
1 25795U 80089CJ  18213.22503536  .00000044  00000-0  15075-4 0  9994
2 25795  64.9790 284.0039 0101046 310.4472  48.7869 15.06045582136462
1 25803U 87079N   16106.46317271  .00002606  00000-0  94342-3 0  9993
2 25803  64.8295 121.1891 5131789  40.0895 348.3757  5.33888755350554
1 25804U 87079P   18213.26510294  .00003552  00000-0  97623-3 0  9999
2 25804  64.9307 297.2357 4425184 333.5653   9.3958  6.53613780427827
1 25807U 87079S   18212.11032017 +.00000200 +00000-0 +72454-3 0  9999
2 25807 065.3471 101.2728 5410817 098.2425 323.5939 04.63831026335005
1 25808U 87079T   18208.76414454 +.00001838 +00000-0 +21460-2 0  9993
2 25808 065.1168 119.9680 4761530 062.8907 337.5494 05.80133322094751
1 25809U 87079U   18212.41389778  .00000761  00000-0  32017-3 0  9996
2 25809  65.1143 353.6151 4557145 319.4039  14.2589  6.27441326413181
1 25810U 87079V   18212.69916234 +.00003678 +00000-0 +23224-2 0  9990
2 25810 064.4063 096.1464 4646369 137.6963 269.5254 06.06512128381471
1 25825U 66040H   18211.62287611 +.00000269 +00000-0 +44198-3 0  9990
2 25825 100.3311 086.8850 0052934 096.7551 292.9719 13.57094735545630
1 25826U 66077T   18212.17884884 -.00000238 +00000-0 -22121-2 0  9996
2 25826 088.0260 172.2460 2571563 032.0513 341.3657 08.83236077620690
1 25827U 66077U   13270.65361210 +.00000006 +00000-0 +10000-3 0  9997
2 25827 089.5855 160.2027 1152442 072.8835 246.2358 08.75713636518871
1 25828U 66077V   11221.68160030 -.00000001 +00000-0 +10000-3 0  9998
2 25828 089.0988 108.0361 1335043 285.5003 058.4376 08.79832763451668
1 25834U 78100AW  18212.90771516 +.00012792 +00000-0 +77864-2 0  9993
2 25834 082.2120 009.8314 0036895 317.4697 195.3959 14.05686495941656
1 25837U 79104L   18213.08781939  .00007776  00000-0  39035-3 0  9996
2 25837  17.9828 132.8147 3028938 188.4301 327.4940  9.28487174561951
1 25862U 99039C   18212.78064134 +.00000033 +00000-0 +21085-4 0  9996
2 25862 097.7199 055.2331 0165966 296.7196 061.7089 14.39604390998443
1 25863U 99039D   18213.02603549  .00000098  00000-0  40011-4 0  9995
2 25863  98.7170 229.8795 0156499 218.0518 168.6626 14.42091370    50
1 25864U 99039E   18212.97309216 +.00000020 +00000-0 +20735-4 0  9999
2 25864 098.8252 215.7963 0173296 032.4335 357.7250 14.36739095996428
1 25865U 99039F   18213.37059529  .00000093  00000-0  40179-4 0  9998
2 25865  97.7742   2.4455 0188276 144.3458 249.9872 14.32698247993799
1 25882U 70034D   18212.58045735  .00000214  00000-0  37072-4 0  9990
2 25882  68.3773  60.8674 0761058  12.9448 349.0011 13.73796919940441
1 25904U 94016D   18213.50713064  .00007398  60468-6  13600-3 0  9991
2 25904  34.5096 287.1600 2778582  65.4802 320.9262  9.90334090592666
1 25931U 66077X   12216.85828019 +.00000007 +00000-0 +10000-3 0  9990
2 25931 089.0262 012.4751 1665761 161.7630 174.8357 08.72026265412229
1 25932U 66077Y   18112.05341795  .00000075  00000-0  84303-2 0  9996
2 25932  89.2499 148.2749 1313742 325.5276  47.8808  9.10976646616231
1 25992U 99067B   18213.17514644  .00000264  00000-0  11044-3 0  9990
2 25992  98.4301 282.2485 0005006 316.9699  63.7783 14.33723554970477
1 25993U 99067C   18212.79043617 +.00000379 +00000-0 +15122-3 0  9993
2 25993 098.3276 254.0438 0002978 353.3253 071.3198 14.33840006970005
1 25997U 75052BA  18212.67254245  .00000474  00000-0  22160-3 0  9999
2 25997  99.9862 116.7293 0162651 118.9665 271.6527 14.19063710261554
1 25999U 91068J   18213.10499057  .00000103  00000-0  51682-3 0  9997
2 25999  82.6979 113.3760 0060575 103.2913 326.6812 12.61461864865646
1 26000U 91068K   18213.08429234  .00000007  00000-0 -24635-4 0  9991
2 26000  82.7185 254.5208 0041008 351.1618  36.4673 12.45021804845806
1 26002U 91068M   18212.46603006  .00000221  00000-0  83804-3 0  9994
2 26002  81.9675 223.8498 0142763 171.8400 344.2059 12.83971413877567
1 26003U 91068N   18212.87792314 +.00001663 +00000-0 +87361-2 0  9993
2 26003 082.7105 170.6916 0187522 034.3076 357.9968 12.61399108861028
1 26004U 91068P   18213.01142119  .00000675  00000-0  33082-2 0  9996
2 26004  82.5775  45.9362 0092508 187.6899 327.7912 12.69605123865936
1 26005U 91068Q   18212.54430772 +.00000039 +00000-0 +16025-3 0  9992
2 26005 082.6008 058.0360 0057860 171.6358 216.7574 12.61305295865531
1 26009U 91068U   18212.48507260 +.00000187 +00000-0 +74656-3 0  9994
2 26009 082.4891 220.0673 0134143 104.6400 047.1618 12.79297972876498
1 26010U 91068V   18212.12432125  .00000041  00000-0  21587-3 0  9998
2 26010  82.7332 267.9971 0048980  10.0680  17.7921 12.44389025845968
1 26011U 91068W   18212.61958602 +.00000040 +00000-0 +17356-3 0  9994
2 26011 082.4267 317.2504 0055862 260.8571 162.4765 12.60790718865122
1 26013U 91068Y   18211.84936125 +.00000049 +00000-0 +23672-3 0  9993
2 26013 082.7153 172.4330 0025862 341.8626 046.5817 12.55212682861014
1 26015U 91068AA  18212.79250697 +.00000028 +00000-0 +98284-4 0  9992
2 26015 082.4824 336.6319 0068703 192.8089 322.7035 12.62146700234769
1 26016U 91068AB  18212.83193295 +.00000260 +00000-0 +90317-3 0  9994
2 26016 081.9091 159.7149 0241310 080.7544 310.1405 12.84616192251596
1 26018U 91068AD  18212.87898332  .00000005  00000-0 -39010-4 0  9996
2 26018  82.7120 246.5350 0019091  20.3493  96.6829 12.45338876223931
1 26019U 91068AE  18212.91913259 -.00000055 +00000-0 -44945-3 0  9996
2 26019 082.6511 277.7935 0277160 017.6801 103.3546 12.36451798218514
1 26020U 91068AF  18212.82410861 +.00000612 +00000-0 +31328-2 0  9996
2 26020 082.7328 161.4297 0114476 017.4951 010.1382 12.65650681232116
1 26021U 91068AG  18212.51338358  .00000175  00000-0  55189-3 0  9999
2 26021  81.7764  37.8393 0225941   8.0595  21.3501 12.91606768254716
1 26022U 91068AH  18212.82281632 +.00000085 +00000-0 +41524-3 0  9994
2 26022 082.4622 333.2645 0082794 175.5665 340.0108 12.61572868235090
1 26023U 91068AJ  18212.26605140  .00000311  00000-0  19646-2 0  9998
2 26023  82.5790 132.1863 0009861 193.0560 324.4164 12.50656294227834
1 26024U 91068AK  18212.83105689 +.00000184 +00000-0 +12337-2 0  9993
2 26024 082.7044 337.0193 0272896 101.6367 056.9575 12.33349389217704
1 26025U 91068AL  18211.79844330 -.00000102 +00000-0 -81867-3 0  9998
2 26025 082.7336 343.7271 0250828 061.1642 091.4196 12.34668951222470
1 26026U 91068AM  18212.82411049  .00000157  00000-0  79356-3 0  9999
2 26026  82.5135 349.9026 0095701 186.9274 327.4408 12.63092767873700
1 26027U 91068AN  18211.70139347  .00000117  00000-0  84656-3 0  9999
2 26027  83.2858 304.3900 0119213 218.6482 298.6446 12.34042248859461
1 26028U 91068AP  18212.51570100  .00000040  00000-0  21009-3 0  9994
2 26028  82.6959 236.4563 0021454  28.3680 126.7792 12.45709055875722
1 26029U 91068AQ  18212.93557154 +.00000025 +00000-0 +89902-4 0  9995
2 26029 082.5710 079.5886 0039899 345.4552 074.9850 12.56244271882176
1 26030U 91068AU  18209.34811522 +.00000058 +00000-0 +24618-3 0  9998
2 26030 082.6754 066.8478 0083631 039.5850 082.6371 12.66474718683544
1 26036U 75052KA  18212.84251648  .00000511  00000-0  18575-3 0  9994
2 26036  99.9749 261.8495 0127216  82.6289 278.9327 14.34126834 18851
1 26037U 87079W   18211.16026673 +.00001849 +00000-0 +87472-3 0  9996
2 26037 064.5666 156.9711 5660191 196.4152 133.0112 04.50349846331684
1 26049U 65108AH  18213.32323936 -.00000510  00000-0 -86159-3 0  9997
2 26049  27.1864 267.4046 4851920 120.9174 295.6369  5.59658035381999
1 26073U 00006C   18213.11213956 -.00000002  00000-0  36459-4 0  9991
2 26073  71.0773  93.5731 0193031 117.1555  32.3695 13.73993379927162
1 26074U 00006D   18213.17414535 -.00000001  00000-0  41594-4 0  9999
2 26074  70.9636 114.8069 0215749 332.4265  99.2085 13.69453281964930
1 26075U 00006E   18212.77000524  .00000001  00000-0  38945-4 0  9999
2 26075  71.0642  51.9636 0188819 131.2311 355.2802 13.75626778928162
1 26076U 99040E   17074.46332275  .00001517  00000-0  19240-3 0  9997
2 26076  28.4404 131.4014 4523444 168.3218 207.3582  6.44511073299833
1 26077U 00006G   18212.99023244 -.00000023  00000-0  19622-4 0  9995
2 26077  70.9697  52.9735 0206699 252.3280 180.4696 13.72593766926120
1 26078U 99040F   18208.42727957 +.00000316 +00000-0 +42257-4 0  9991
2 26078 028.4212 160.3135 4508742 215.9404 103.1577 06.43818684305198
1 26079U 00004G   18212.92095955 +.00000071 +00000-0 +38474-4 0  9994
2 26079 100.2116 356.4341 0034121 096.8783 065.6231 14.43678510971947
1 26111U 87020DS  18212.19791975  .00000032  00000-0  35513-3 0  9995
2 26111  73.6018 291.4989 0030798  35.8984 354.0229 12.42435169425423
1 26122U 99057J   18212.83995206 -.00000376  00000-0 -28192-3 0  9992
2 26122  98.9225 271.1196 0539486  85.4950 338.5251 13.37468482894951
1 26123U 99057K   18212.38265905 +.00000114 +00000-0 +38007-4 0  9994
2 26123 098.5780 097.4011 0068661 112.9038 247.9424 14.53699786971339
1 26125U 99057M   18212.84256247 +.00000223 +00000-0 +12746-3 0  9998
2 26125 099.0754 159.4955 0260200 357.8264 024.7514 14.03684843938379
1 26126U 99057N   18213.16376017  .00000183  00000-0  70835-4 0  9992
2 26126  98.6124 177.0544 0106474 107.3022  14.9764 14.38016912961703
1 26127U 99057P   18212.83258522  .00000297  00000-0  83953-4 0  9997
2 26127  98.1376 348.1766 0116335  27.1160 131.7258 14.48678371965326
1 26128U 99057Q   18213.19421576  .00000177  00000-0  30741-4 0  9993
2 26128  98.6416 114.0007 0036554 245.3065 276.0707 14.80967304987898
1 26132U 99057U   18212.94919567 +.00000479 +00000-0 +17344-3 0  9990
2 26132 098.8173 206.7030 0140598 179.2947 210.4754 14.32824744954095
1 26134U 99057W   18212.81313745  .00000221  00000-0  18873-3 0  9997
2 26134  98.9846 181.3934 0436290 249.2210 231.1580 13.59819403909433
1 26140U 99057AC  18212.82240473  .00000418  00000-0  12230-3 0  9991
2 26140  99.3633 166.3726 0200868 130.3616 262.0769 14.39012405958095
1 26142U 99057AE  18212.06332633 -.00000006  00000-0  19504-4 0  9995
2 26142  98.6757 247.6031 0308363  55.6260 339.0840 13.84036015925980
1 26143U 99057AF  18213.51331546  .00000056  00000-0  79272-4 0  9991
2 26143  98.9608  58.4444 0483363 211.4822 176.2645 13.45235176900764
1 26147U 99067E   18212.96308251 +.00000220 +00000-0 +77980-4 0  9998
2 26147 098.8103 118.1080 0005413 219.8514 199.2778 14.44121989973783
1 26150U 99057AL  18211.92149494 +.00000290 +00000-0 +21178-3 0  9992
2 26150 099.0125 004.1733 0360434 171.3358 343.9282 13.75813381919121
1 26152U 99057AN  18212.14958476 -.00000337  00000-0 -26130-3 0  9994
2 26152  99.2004  89.5738 0527673 245.7840 278.9761 13.35654560893684
1 26155U 99057AR  18212.42450281 +.00001027 +00000-0 +30931-3 0  9998
2 26155 098.6048 195.4990 0189043 121.1115 030.7276 14.34876488954455
1 26175U 99057BM  18212.85497951  .00000060  00000-0  68043-4 0  9994
2 26175  98.7224 230.6645 0337863 281.0939 204.5810 13.76792504922864
1 26178U 99057BQ  18212.60104230 +.00000797 +00000-0 +12376-3 0  9999
2 26178 098.4837 129.0907 0044446 143.0099 338.2791 14.75488682974546
1 26181U 99057BT  18212.14339140  .00000034  00000-0  17806-4 0  9990
2 26181  98.6417 267.1290 0014781 353.4267  32.0717 14.59703767977274
1 26184U 99057BW  18212.84468084 +.00000065 +00000-0 +36698-4 0  9994
2 26184 098.6853 167.5087 0109836 143.6817 247.6704 14.34634265960792
1 26187U 99057BZ  18213.21578318  .00000100  00000-0  21748-4 0  9991
2 26187  98.6287  36.9724 0057799 152.0755 208.3576 14.78420847988336
1 26188U 99057CA  18212.74817556 +.00002891 +00000-0 +20576-3 0  9995
2 26188 098.8176 145.4133 0024355 085.8655 291.3459 15.05412701981156
1 26191U 99057CD  18212.92084769 +.00000148 +00000-0 +57555-4 0  9992
2 26191 098.6354 185.5057 0099127 013.5923 010.3440 14.41122660963139
1 26193U 99057CF  18212.88818814  .00000376  00000-0  53379-4 0  9998
2 26193  98.5642 351.1520 0011499 267.0936 244.7326 14.83346768986181
1 26194U 99057CG  18212.97120354 +.00000100 +00000-0 +30077-4 0  9999
2 26194 097.8569 217.3701 0052854 035.6616 354.4127 14.59496738224291
1 26196U 99057CJ  18213.07507733 -.00000039  00000-0  17503-5 0  9995
2 26196  98.8343 262.5829 0344331 335.3543  50.3824 13.75896197921188
1 26198U 99057CL  18213.46907975  .00000144  00000-0  51955-4 0  9996
2 26198  98.5078 177.7179 0076007 160.8875 199.5196 14.45930963966138
1 26199U 99057CM  18213.40890365  .00000273  00000-0  76629-4 0  9993
2 26199  98.4970 197.9378 0085331 102.4317  53.5614 14.51768114967282
1 26200U 99057CN  18212.38181968 +.00000186 +00000-0 +46641-4 0  9998
2 26200 097.9375 190.6854 0056285 019.4237 340.9091 14.60752725975070
1 26202U 99057CQ  18212.62158771  .00000095  00000-0  47274-4 0  9995
2 26202  98.6020 146.1777 0111013 188.6887 296.8748 14.33624611959014
1 26203U 99057CR  18212.63418403 +.00000037 +00000-0 +28862-4 0  9996
2 26203 098.3144 090.8705 0111972 241.1145 146.3408 14.30220936957379
1 26205U 99057CT  18212.85413400 -.00000015 +00000-0 +22842-4 0  9993
2 26205 099.1704 172.9485 0651790 210.2680 145.9235 13.09398599876163
1 26207U 99057CV  18213.53427365  .00000401  00000-0  10797-3 0  9999
2 26207  98.6204 225.0101 0106703 301.1786 211.2369 14.50498609964179
1 26208U 99057CW  18212.82908553 +.00000047 +00000-0 +23625-4 0  9995
2 26208 098.1694 166.9808 0075279 303.4998 077.4382 14.49741365970046
1 26209U 99057CX  18212.93287306 +.00000033 +00000-0 +17668-4 0  9999
2 26209 098.6662 234.1035 0030661 356.0372 120.6916 14.60401777976967
1 26211U 99057CZ  18212.53457135 +.00000023 +00000-0 +53596-4 0  9996
2 26211 098.8892 234.8617 0547405 194.1781 323.1331 13.31318024891083
1 26218U 99057DG  18212.90492421 +.00000677 +00000-0 +14801-3 0  9991
2 26218 098.6879 162.2908 0078472 211.0447 148.6102 14.59469988969383
1 26231U 99057DV  18212.64737815 -.00000334 +00000-0 -21652-4 0  9991
2 26231 098.7166 275.7638 0044874 301.1689 211.9790 14.97449908994619
1 26233U 99057DX  18212.99903764  .00001144  00000-0  11157-3 0  9995
2 26233  98.5971  30.4678 0008057 160.9491 350.9269 14.94761094988616
1 26234U 99057DY  18213.17392161  .00000043  00000-0  22873-4 0  9995
2 26234  98.7309 196.7216 0012474  27.9723  81.7125 14.51881078972561
1 26235U 99057DZ  18212.84861292 +.00000422 +00000-0 +80827-4 0  9999
2 26235 098.5231 174.3952 0028792 094.4095 296.0956 14.68965404978466
1 26239U 99057ED  18212.89658824 +.00003528 +00000-0 +25835-3 0  9990
2 26239 097.9737 312.4877 0027233 063.4738 031.5126 15.03970249981899
1 26241U 99057EF  18212.69511670 +.00000015 +00000-0 +21167-4 0  9991
2 26241 098.6262 148.2233 0111710 198.6548 279.8536 14.32157530959582
1 26257U 99057ET  18212.88171914  .00000699  00000-0  70428-4 0  9994
2 26257  98.5332   2.6081 0012065 103.6591 256.5971 14.94816751988321
1 26259U 99057EV  18212.92984566 +.00000314 +00000-0 +89110-4 0  9998
2 26259 098.5901 208.1329 0088683 227.1706 162.6014 14.50429337965267
1 26260U 99057EW  18212.90931268 +.00000392 +00000-0 +10764-3 0  9993
2 26260 098.5367 205.6960 0085272 226.8058 132.5991 14.50689608965039
1 26262U 99057EY  18212.79162215 +.00000289 +00000-0 +77770-4 0  9996
2 26262 098.5393 207.6035 0066212 071.0304 052.9060 14.54230755967620
1 26265U 99057FB  18212.53651758 +.00000094 +00000-0 +43722-4 0  9990
2 26265 098.6957 177.6401 0105648 106.4785 320.1624 14.37778782960836
1 26266U 99057FC  18212.94839796 +.00000289 +00000-0 +83970-4 0  9991
2 26266 098.6173 206.1700 0100098 262.0401 096.9423 14.49403559964687
1 26268U 99057FE  18212.57919525  .00000398  00000-0  59477-4 0  9997
2 26268  98.7280  73.3127 0008492 208.5837 151.4908 14.80946605982638
1 26270U 99057FG  18212.45185337 +.00000597 +00000-0 +11816-3 0  9998
2 26270 098.3263 213.5696 0066492 248.5064 110.9039 14.64839369970954
1 26272U 99057FJ  18213.48001061  .00000366  00000-0  91075-4 0  9995
2 26272  98.5018 211.9374 0080192  45.0349 105.7077 14.55957405968379
1 26275U 99057FM  18212.47039255 +.00000608 +00000-0 +11410-3 0  9995
2 26275 098.2151 207.9465 0068072 174.6340 337.1788 14.66949968972042
1 26280U 99057FS  18212.82014758 +.00000015 +00000-0 +19899-4 0  9993
2 26280 098.6454 166.1179 0088898 057.6659 333.0510 14.36163913961273
1 26283U 99057FV  18212.89922418  .00000247  00000-0  79756-4 0  9999
2 26283  98.5771 189.4247 0088711 239.8470 150.8564 14.45806196964500
1 26284U 99057FW  18212.95298046 +.00000789 +00000-0 +11694-3 0  9997
2 26284 098.0988 215.9063 0047691 270.5516 089.0229 14.77308410976204
1 26286U 99057FY  18212.77369421 +.00000206 +00000-0 +62207-4 0  9996
2 26286 098.4762 188.2985 0075746 071.9490 047.7797 14.50922325968919
1 26300U 99057GL  18212.92631340 +.00000277 +00000-0 +77925-4 0  9993
2 26300 098.4697 193.1014 0081479 101.2829 281.1681 14.51683089967304
1 26306U 99057GP  18212.33531591 +.00000035 +00000-0 +26380-4 0  9992
2 26306 098.6403 162.7947 0100306 069.2589 082.8515 14.35908972960073
1 26310U 99057GT  18212.87882720 +.00000110 +00000-0 +46432-4 0  9993
2 26310 098.6569 188.4509 0099038 011.2893 018.7111 14.41309724962141
1 26313U 99057GW  18212.89703473  .00000212  00000-0  69349-4 0  9990
2 26313  98.5547 189.3551 0085623 220.1359 169.0334 14.46613000965161
1 26321U 99057HE  18212.72682501 +.00000916 +00000-0 +13453-3 0  9994
2 26321 098.0755 218.7685 0052216 003.7130 356.4457 14.77107929974761
1 26323U 99057HG  18212.87270378  .00000223  00000-0  70845-4 0  9997
2 26323  98.5452 188.8152 0079672 166.9055 223.6802 14.47662152966100
1 26329U 99057HN  18212.97044340 +.00000349 +00000-0 +89365-4 0  9998
2 26329 098.5187 210.8608 0084698 109.4197 279.2835 14.54622353966836
1 26333U 99057HS  18213.44727202  .00000537  00000-0  10735-3 0  9994
2 26333  98.2746 205.9825 0061979 190.9079 169.0784 14.64827262971546
1 26336U 99057HV  18212.90013802 +.00000321 +00000-0 +86587-4 0  9991
2 26336 098.3866 189.5949 0074718 086.3298 274.6438 14.52927347966212
1 26339U 99057HY  18212.93594854 +.00000578 +00000-0 +11250-3 0  9996
2 26339 098.2275 205.6921 0062037 178.8941 181.2410 14.65737795970949
1 26347U 99057JG  18213.42022159  .00000208  00000-0  68112-4 0  9994
2 26347  98.5451 188.2067 0063003 143.1742   7.9666 14.47395878964517
1 00252U 61015CD  18211.76264059 -.00000099  00000-0 -27629-4 0  9994
2 00252  67.0774 130.9001 0053031 161.6595 227.5974 13.76073829855595
1   253U 61015CE  18212.69531664 +.00000648 +00000-0 +15670-3 0  9997
2   253 066.9302 056.8442 0036103 273.6378 086.0609 14.59200079955810
1 00254U 61015CF  18212.51999992  .00000109  00000-0  59344-4 0  9990
2 00254  66.7768  47.8936 0064357 100.4999 260.3365 14.41900974958340
1   260U 61015CG  18209.49361210 +.00000148 +00000-0 +82450-4 0  9993
2   260 066.7693 241.6509 0043212 116.4204 244.1341 14.34138672942489
1 00261U 61015CH  18212.89913809 -.00000034  00000-0  30071-4 0  9996
2 00261  66.6819  24.1585 0085592 150.5581 210.0363 13.99855182909257
1 00262U 61015CJ  18211.68231932  .00000700  00000-0  23286-3 0  9991
2 00262  66.4666 314.6001 0090088 277.4895  81.5979 14.41540021942688
1 00263U 61015CK  18212.40309190  .00000056  00000-0  44919-4 0  9996
2 00263  66.5323 297.8903 0102466 134.4302 348.3808 14.39932817968927
