1 41237U 00055ES  18213.09775015  .00000772  00000-0  35162-3 0  9992
2 41237  98.9415 310.7087 0056392 150.0914 210.3506 14.23819005138299
1 41130U 00055BM  18212.67125958  .00000444  00000-0  23682-3 0  9992
2 41130  98.8827 296.1489 0026147 177.4126 182.7189 14.18216301137172
1 41282U 00055GJ  18212.33598728  .00000261  00000-0  20917-3 0  9997
2 41282  98.8732 261.3717 0072752  97.7504 263.1928 13.97864201132781
1 41162U 00055CV  18211.98544086 +.00000398 +00000-0 +25139-3 0  9994
2 41162 098.8623 279.4239 0038734 114.2750 246.2474 14.09328932136766
1 41221U 00055EA  18213.23109493  .00000420  00000-0  19223-3 0  9992
2 41221  98.8987 309.2835 0058637 182.6219 177.4661 14.25849578137218
1 41372U 00055JR  18213.52448973  .00000850  00000-0  33296-3 0  9993
2 41372  98.9699 323.3825 0082358 167.2601 193.0688 14.30301065132075
1 41266U 00055FS  18212.44086367  .00000437  00000-0  26138-3 0  9998
2 41266  98.8450 283.4852 0002792 354.3695   5.7445 14.12334565134335
1 41258U 00055FJ  18213.10285505  .00001017  00000-0  44206-3 0  9999
2 41258  98.9506 313.7287 0063723 198.6488 161.2355 14.25332348133820
1 41146U 00055CD  18212.42490232  .00000615  00000-0  35747-3 0  9997
2 41146  98.8876 284.8506 0033874 116.4252 244.0402 14.12051537137324
1 41205U 00055DJ  18213.02513887  .00000817  00000-0  43176-3 0  9991
2 41205  98.9408 298.3808 0027429 158.0027 202.2330 14.16456060135607
1 41298U 00055HA  18213.40088441  .00000504  00000-0  30195-3 0  9998
2 41298  98.8766 284.7796 0058453 317.3273  42.3366 14.10743900133598
1 41356U 00055HZ  18213.39196113  .00000540  00000-0  34870-3 0  9991
2 41356  98.8833 278.7076 0045144   9.0470 351.1502 14.06608380131519
1 41359U 00055JC  18213.03350365  .00000727  00000-0  35156-3 0  9991
2 41359  98.8776 300.5873 0039300 179.2097 180.9149 14.21307246128682
1 41245U 00055EV  18213.13681775  .00000197  00000-0  13695-3 0  9993
2 41245  98.8361 280.1537 0016964  20.1926 339.9912 14.09610541132255
1 41133U 00055BQ  18212.00120055 -.00000790  00000-0 -39025-3 0  9999
2 41133  98.9540 293.3572 0017754 138.5014 221.7510 14.14217772136415
1 41285U 00055GM  18212.40556018 +.00000509 +00000-0 +30042-3 0  9999
2 41285 098.8605 283.8239 0059041 312.1251 047.4911 14.11433868134202
1 41165U 00055CY  18212.93004571 +.00000417 +00000-0 +26342-3 0  9992
2 41165 098.7636 269.5035 0024359 005.4696 354.6736 14.09302518136918
1 41343U 00055HL  18212.98180398  .00000487  00000-0  27163-3 0  9996
2 41343  98.7625 279.6182 0027381 269.8406  89.9630 14.15320702129793
1 41224U 00055ED  18212.41639688  .00000825  00000-0  51104-3 0  9991
2 41224  98.9482 282.7920 0034667  26.5514 333.7421 14.07739001135367
1 41375U 00055JU  18210.09819013 +.00000994 +00000-0 +51225-3 0  9993
2 41375 098.9486 296.4536 0029525 157.3323 202.9163 14.17292813130216
1 41269U 00055FV  18212.40722472 +.00000696 +00000-0 +44163-3 0  9996
2 41269 098.9768 285.9617 0033000 092.8365 267.6581 14.06936005134128
1 41149U 00055CG  18213.09448688  .00001028  00000-0  41476-3 0  9997
2 41149  98.8979 313.0811 0076739 170.3440 189.9237 14.28554171139245
1 41208U 00055DM  18213.10403980  .00000218  00000-0  16190-3 0  9996
2 41208  98.8282 270.1463 0040470  99.1837 261.3912 14.04497980134490
1 41301U 00055HD  18212.38759516  .00000551  00000-0  35070-3 0  9996
2 41301  98.8185 272.2942 0027960  88.9608 271.4764 14.07605926133290
1 41211U 00055DQ  18212.01610076 +.00000186 +00000-0 +13398-3 0  9996
2 41211 098.8766 280.3335 0027865 006.3489 353.8028 14.08360231136059
1 41304U 00055HG  18213.47509700  .00000460  00000-0  29394-3 0  9999
2 41304  99.0434 296.6631 0052002 143.3666 217.1076 14.07863258133436
1 41362U 00055JF  18213.09373966  .00000695  00000-0  31947-3 0  9991
2 41362  98.8872 305.1780 0052745 150.1725 210.2477 14.23713369130644
1 41248U 00055EY  18212.38274369  .00000295  00000-0  24810-3 0  9999
2 41248  98.9285 257.4433 0096487 138.9076 221.9404 13.93246375130726
1 41136U 00055BT  18213.54498426  .00001695  00000-0  74132-3 0  9993
2 41136  99.0994 326.5526 0046645 171.1221 189.0792 14.24625012138427
1 41288U 00055GQ  18212.45225285  .00000287  00000-0  20089-3 0  9999
2 41288  98.9571 282.0460 0041807 108.7050 251.8662 14.05814418133594
1 41198U 00055DB  18212.43692653  .00000324  00000-0  22328-3 0  9994
2 41198  98.9398 279.4366 0036983  68.3505 292.1596 14.05979985134508
1 41346U 00055HP  18213.28749994  .00000118  00000-0  13296-3 0  9999
2 41346  98.8034 234.9293 0166625 144.8769 216.3506 13.81234692127450
1 41227U 00055EG  18213.45758126  .00000952  00000-0  46259-3 0  9994
2 41227  99.0162 312.9554 0040745 171.1189 189.0716 14.20308763136334
1 41378U 00055JX  18213.10212583  .00000393  00000-0  26240-3 0  9992
2 41378  98.8167 272.0280 0045772  15.8476 344.4112 14.06270782130821
1 41272U 00055FY  18212.38013543 +.00000371 +00000-0 +24347-3 0  9991
2 41272 098.8943 280.7788 0031810 021.5678 338.6824 14.07911455133852
1 41152U 00055CK  18212.66108923  .00000530  00000-0  29040-3 0  9998
2 41152  98.8709 292.1158 0015466 187.4774 172.6171 14.16140519137697
1 41155U 00055CN  18212.05960057  .00000444  00000-0  25128-3 0  9995
2 41155  98.8958 292.5653 0025043 159.9960 200.2200 14.15132564137515
1 41214U 00055DT  18213.45836203  .00000511  00000-0  26126-3 0  9995
2 41214  98.8224 293.2278 0037100 163.3775 196.8626 14.19608698136968
1 41307U 00055HK  18212.18775538  .00000931  00000-0  50401-3 0  9999
2 41307  98.9321 293.9181 0021426 301.3646  58.5431 14.14928131133692
1 41365U 00055JJ  18213.03520318  .00000766  00000-0  37405-3 0  9997
2 41365  98.8741 298.9814 0046450 215.7055 144.1012 14.20476046128359
1 41251U 00055FB  18213.03338390  .00000390  00000-0  25607-3 0  9992
2 41251  99.0020 289.5899 0061880  24.8655 335.5473 14.06899481134703
1 41139U 00055BW  18213.39147422  .00000339  00000-0  26376-3 0  9997
2 41139  98.9735 271.6464 0078461 104.1979 256.7917 13.97540077135883
1 41291U 00055GT  18212.07779831 +.00000870 +00000-0 +38827-3 0  9999
2 41291 098.9395 310.6071 0053959 178.3902 181.7459 14.24605473138239
1 41201U 00055DE  18213.12133803  .00000430  00000-0  30745-3 0  9993
2 41201  98.9397 277.4539 0049374 107.8487 252.8072 14.01920585135879
1 41349U 00055HS  18212.72358665  .00000773  00000-0  36658-3 0  9995
2 41349  98.8941 303.1531 0044775 201.6362 158.2924 14.22037183132003
1 41230U 00055EK  18213.51213688  .00000833  00000-0  39179-3 0  9995
2 41230  98.9324 308.0016 0043828 192.7709 167.2362 14.22248831136591
1 41397U 00055KA  18212.18131873  .00000699  00000-0  33885-3 0  9994
2 41397  98.8640 298.3622 0046331 207.0728 152.8031 14.21150761124461
1 41275U 00055GB  18212.37668214  .00000300  00000-0  19225-3 0  9995
2 41275  98.8302 278.6416 0025501 105.7708 254.6278 14.10473463134135
1 41400U 00055KD  18213.00067829  .00000542  00000-0  29929-3 0  9991
2 41400  98.8442 288.8085 0021235 260.0058  99.8719 14.15560347123824
1 41278U 00055GE  18213.03380144  .00001275  00000-0  56875-3 0  9999
2 41278  98.8590 300.0167 0045173 158.3936 201.9161 14.24009337135333
1 41158U 00055CR  18213.47225380  .00000557  00000-0  30413-3 0  9996
2 41158  98.9162 297.3285 0017694 188.8506 171.2358 14.16096057137800
1 41217U 00055DW  18210.93382078 +.00000214 +00000-0 +15923-3 0  9997
2 41217 098.8601 271.0161 0049872 112.1892 248.4578 14.04546994133945
1 41320U 12026G   18212.72530091 -.00000128  00000-0  00000+0 0  9993
2 41320  12.6799   4.0873 4159456 334.1044   9.8063  1.76040748 16696
1 41368U 00055JM  18213.18941443  .00000744  00000-0  40606-3 0  9995
2 41368  98.9729 300.7506 0033827 295.7371  64.0311 14.14974784129787
1 41262U 00055FN  18213.37497408  .00000216  00000-0  17458-3 0  9999
2 41262  98.8727 262.2423 0067463 109.3763 251.4710 13.99124649135180
1 41254U 00055FE  18213.13246337  .00001756  00000-0  82147-3 0  9994
2 41254  99.0791 318.5527 0038090 243.4916 116.2352 14.21258551133172
1 41142U 00055BZ  18213.49954499  .00000779  00000-0  34157-3 0  9996
2 41142  98.8305 301.6491 0068111 129.9496 230.7694 14.25263727139191
1 41294U 00055GW  18211.99135313  .00000946  00000-0  47798-3 0  9994
2 41294  98.8599 290.8149 0026565 164.9087 195.2886 14.18435723135042
1 41204U 00055DH  18213.14437456  .00000324  00000-0  21421-3 0  9992
2 41204  98.9070 284.6161 0026492 107.3437 253.0633 14.08366455136220
1 41352U 00055HV  18213.46770762  .00000595  00000-0  28272-3 0  9992
2 41352  98.8794 303.1463 0052443 144.2930 216.1773 14.22550365131592
1 41233U 00055EN  18213.12626141  .00000284  00000-0  19453-3 0  9990
2 41233  98.8538 276.5738 0044660  18.8801 341.4012 14.06922460135356
1 41126U 00055BH  18213.40569795 -.00000063  00000-0 -13873-4 0  9991
2 41126  98.8630 265.5491 0080221 127.9241 232.9210 13.99275282135748
1 41129U 00055BL  18212.50933496  .00001523  00000-0  52255-3 0  9993
2 41129  98.8735 318.3329 0092728 115.3638 245.7183 14.35230649138945
1 41403U 00055KG  18212.69829309 +.00000752 +00000-0 +37757-3 0  9998
2 41403 098.8751 296.9580 0030736 206.1283 153.8343 14.19336608128348
1 41281U 00055GH  18212.37187486  .00000797  00000-0  51582-3 0  9991
2 41281  98.8993 275.6351 0040999  82.3748 278.2073 14.05247190133432
1 41161U 00055CU  18213.14918890  .00000215  00000-0  15025-3 0  9992
2 41161  98.8694 280.5671 0041388 348.6394  11.3837 14.08272733136863
1 41220U 00055DZ  18212.63655303 +.00000287 +00000-0 +19021-3 0  9997
2 41220 098.8539 279.6524 0018950 096.3906 263.9422 14.09115878135757
1 41371U 00055JQ  18213.01750541 -.00004728  00000-0 -22053-2 0  9991
2 41371  98.9974 302.0410 0022805 133.6125 226.6947 14.19814261137646
1 41265U 00055FR  18213.09903664  .00000702  00000-0  45088-3 0  9997
2 41265  98.7736 265.5399 0037213  86.4492 274.0931 14.06062366133982
1 41257U 00055FH  18212.44433410  .00000986  00000-0  54508-3 0  9994
2 41257  98.9622 294.5699 0028055 326.1141  33.8238 14.13556664133037
1 41145U 00055CC  18212.60476881 +.00001083 +00000-0 +31519-3 0  9993
2 41145 099.0113 343.6756 0126353 117.7586 243.6481 14.41888247140324
1 41297U 00055GZ  18212.39913714  .00000513  00000-0  38039-3 0  9999
2 41297  98.9876 273.8702 0074653 138.1596 222.5307 13.98268399132307
1 41355U 00055HY  18212.43905411  .00000914  00000-0  49864-3 0  9997
2 41355  98.8770 286.3065 0010756 141.0500 219.1450 14.14592253130449
1 41236U 00055ER  18213.21582128  .00000867  00000-0  41922-3 0  9992
2 41236  99.0164 313.2940 0048117 158.3947 201.9274 14.20627928136755
1 41358U 00055JB  18213.39964101  .00000411  00000-0  24372-3 0  9996
2 41358  98.8228 283.4384 0017753 295.7684  64.1656 14.13029057128669
1 41244U 00055EU  18212.50450381 +.00000544 +00000-0 +30943-3 0  9990
2 41244 098.9667 298.3735 0012979 287.6634 072.3121 14.14107063132664
1 41132U 00055BP  18212.67080692 +.00000643 +00000-0 +29942-3 0  9995
2 41132 098.8157 297.0301 0052754 156.8537 203.5034 14.23242203137484
1 41284U 00055GL  18213.30703556  .00000384  00000-0  31560-3 0  9996
2 41284  98.8382 251.8589 0097620 139.2867 221.5643 13.92750763132414
1 41164U 00055CX  18212.37718489  .00000378  00000-0  28391-3 0  9991
2 41164  99.0078 276.9890 0073705 138.3842 222.2964 13.99112282135849
1 41324U 12026L   18212.49104853 -.00000123  00000-0  00000+0 0  9999
2 41324  12.6446   1.3956 4139481 341.3293   7.0079  1.79763649 16617
1 41223U 00055EC  18213.40285387  .00000056  00000-0  61197-4 0  9993
2 41223  98.8197 271.1006 0037856  93.3773 267.1726 14.04727740135268
1 41374U 00055JT  18212.98167168  .00000450  00000-0  29686-3 0  9992
2 41374  98.8956 280.1114 0037479  28.9209 331.4026 14.06482535129844
1 41268U 00055FU  18212.05563621  .00000480  00000-0  31703-3 0  9992
2 41268  98.9775 286.4135 0034615 109.1937 251.2982 14.06138458133877
1 41260U 00055FL  18212.98518701  .00000496  00000-0  31340-3 0  9999
2 41260  98.9317 287.0054 0025717  22.1628 338.0647 14.08531607135994
1 41148U 00055CF  18212.75297731 +.00001039 +00000-0 +33504-3 0  9994
2 41148 098.8782 324.0886 0096003 112.9209 248.2145 14.38813370139899
1 41207U 00055DL  18213.06303498  .00000897  00000-0  36061-3 0  9995
2 41207  98.8677 311.0123 0074325 152.0502 208.4701 14.29162786137939
1 41300U 00055HC  18212.94564571 +.00000329 +00000-0 +23518-3 0  9999
2 41300 098.8857 274.5446 0048119 056.8876 303.6896 14.03489541132729
1 41303U 00055HF  18212.81077418 +.00001418 +00000-0 +46123-3 0  9994
2 41303 098.9995 335.3485 0106310 143.7345 217.1107 14.37281429135752
1 41361U 00055JE  18212.40345798  .00000342  00000-0  23525-3 0  9998
2 41361  98.8692 274.7662 0040376 111.0597 249.4896 14.05518580126937
1 41247U 00055EX  18212.51761545 +.00001960 +00000-0 +84781-3 0  9993
2 41247 098.9091 304.3132 0073807 220.8101 138.7536 14.24082743133972
1 41135U 00055BS  18213.02761129  .00000869  00000-0  37188-3 0  9990
2 41135  98.8311 302.8654 0063485 144.3332 216.2114 14.26400687138681
1 41287U 00055GP  18213.40046888  .00000519  00000-0  35063-3 0  9990
2 41287  98.9008 275.0041 0042616  83.0689 277.5323 14.04376651133496
1 41197U 00055DA  18212.89795662 +.00000808 +00000-0 +52234-3 0  9993
2 41197 098.7700 260.4644 0046455 059.9416 300.6347 14.05088613134477
1 41345U 00055HN  18212.72085271 +.00001754 +00000-0 +62747-3 0  9999
2 41345 098.8536 313.3622 0079879 131.3125 229.4970 14.33560865131575
1 41226U 00055EF  18213.40830595  .00000388  00000-0  26013-3 0  9998
2 41226  98.8871 279.7213 0035792 107.8358 252.6720 14.06309876135431
1 41377U 00055JW  18212.45150518  .00000523  00000-0  30262-3 0  9991
2 41377  98.9023 290.5917 0024614 311.2524  48.6527 14.13137423131649
1 41271U 00055FX  18213.48048455  .00001201  00000-0  46729-3 0  9993
2 41271  98.7962 304.3108 0072381 134.5956 226.1163 14.30216001137540
1 41151U 00055CJ  18213.32632876 -.00000016  00000-0  18126-4 0  9994
2 41151  98.8848 262.2274 0080520  91.5059 269.5329 13.96898531136108
1 41210U 00055DP  18211.97430549  .00000454  00000-0  28836-3 0  9995
2 41210  98.8788 280.9901 0025297  24.6694 335.5680 14.08631054136421
1 41213U 00055DS  18213.21691492  .00001098  00000-0  57853-3 0  9999
2 41213  98.9838 301.6508 0030504 291.1431  68.6483 14.15891847136568
1 41306U 00055HJ  18212.51274405  .00001124  00000-0  43279-3 0  9992
2 41306  98.8925 314.5165 0082317 160.3324 200.1064 14.30518091135422
1 41364U 00055JH  18212.44327743  .00000550  00000-0  32127-3 0  9994
2 41364  98.8046 278.5706 0019106 121.1927 239.1121 14.12355253128023
1 41250U 00055FA  18212.02070375  .00001113  00000-0  66005-3 0  9996
2 41250  99.0608 295.8548 0054396 143.2969 217.1945 14.08947439134925
1 41138U 00055BV  18212.04038112  .00000403  00000-0  23686-3 0  9995
2 41138  98.8583 285.8202 0005779  26.2514 333.8950 14.13694108136306
1 41290U 00055GS  18212.70423915  .00001009  00000-0  50333-3 0  9998
2 41290  98.9883 306.8502 0029828 206.4500 153.5154 14.18987622134799
1 41200U 00055DD  18212.07809697  .00000977  00000-0  47871-3 0  9990
2 41200  98.8637 294.2253 0028837 186.1752 173.9072 14.19983221137117
1 41348U 00055HR  18212.41817164  .00000691  00000-0  38593-3 0  9993
2 41348  98.8471 282.2371 0042459 126.4600 234.0497 14.13653829129314
1 41229U 00055EJ  18213.42116318  .00000125  00000-0  10858-3 0  9992
2 41229  98.8850 268.3878 0078453  42.0349 318.6800 14.01296462134839
1 41396U 00055JZ  18213.55555615  .00001351  00000-0  38174-3 0  9991
2 41396  98.8509 328.9845 0123730  66.8269 294.5899 14.43013367132358
1 41274U 00055GA  18212.06304468  .00001194  00000-0  50611-3 0  9994
2 41274  98.8128 298.8789 0067826 198.7585 161.1094 14.26061719135568
1 41154U 00055CM  18213.11209463  .00000094  00000-0  92214-4 0  9991
2 41154  98.9207 271.0745 0068611  90.2745 270.6282 13.99211879136127
1 41277U 00055GD  18212.69929529 +.00000837 +00000-0 +40082-3 0  9991
2 41277 098.9040 302.6976 0049579 214.2329 145.5648 14.21173653135244
1 41157U 00055CQ  18212.43345930 +.00000638 +00000-0 +40639-3 0  9995
2 41157 098.9666 284.3011 0036204 053.9061 306.5451 14.06999690136784
1 41216U 00055DV  18212.92440460 +.00000285 +00000-0 +25675-3 0  9990
2 41216 098.8556 248.3541 0111965 150.5031 210.2508 13.88825450133977
1 41319U 12026F   18210.90206611 -.00000137  00000-0  00000+0 0  9997
2 41319  12.7395   4.9889 4135989 333.5046  10.0940  1.76694707 16736
1 41367U 00055JL  18213.48920261  .00000942  00000-0  45275-3 0  9999
2 41367  98.9354 305.3073 0054807 230.5301 129.1020 14.20527903128841
1 41261U 00055FM  18212.60051680 +.00000400 +00000-0 +27590-3 0  9994
2 41261 098.8325 269.9995 0043550 101.5544 259.0518 14.04326632134365
1 41253U 00055FD  18212.12949086  .00000989  00000-0  42263-3 0  9994
2 41253  98.9797 316.7975 0067121 200.3018 159.5490 14.26131891133674
1 41141U 00055BY  18213.05020840  .00001060  00000-0  44093-3 0  9995
2 41141  98.9530 316.6101 0070119 184.0664 175.9954 14.27234168138608
1 41293U 00055GV  18213.14726641  .00000293  00000-0  20293-3 0  9998
2 41293  98.9302 280.0584 0035748  91.6996 268.8268 14.06318744133720
1 41203U 00055DG  18212.40109083  .00000487  00000-0  31451-3 0  9995
2 41203  98.8737 278.7343 0035865   4.4688 355.6794 14.07288949135926
1 41351U 00055HU  18213.41359849  .00000263  00000-0  17289-3 0  9993
2 41351  98.7928 275.5730 0013981 103.4276 256.8454 14.10164609131587
1 41232U 00055EM  18210.44678266 +.00000188 +00000-0 +14837-3 0  9990
2 41232 098.9550 275.0067 0053480 073.6931 287.0107 14.02496525134412
1 41119U 11077AJ  18212.61885388 -.00000101 +00000-0 +00000-0 0  9996
2 41119 020.8274 212.5816 7252619 319.5430 004.5498 01.69755360022122
1 41399U 00055KC  18212.40815616  .00000199  00000-0  15123-3 0  9995
2 41399  98.8889 274.9877 0047397  48.1890 312.3311 14.04144056128837
1 41128U 00055BK  18211.18900827  .00000585  00000-0  33396-3 0  9999
2 41128  99.0425 301.1065 0012097 131.3611 228.8603 14.13642775136805
1 41402U 00055KF  18212.42543096 -.00000003  00000-0  24214-4 0  9999
2 41402  98.8568 273.8275 0037854 103.2310 257.3085 14.05431548126978
1 41280U 00055GG  18213.39953668  .00000028  00000-0  43236-4 0  9991
2 41280  98.7810 265.8521 0034870  74.6081 285.8936 14.05181476133844
1 41160U 00055CT  18212.39619422  .00000755  00000-0  45208-3 0  9991
2 41160  98.8894 281.0322 0027251 111.9888 248.4182 14.09926956136922
1 41219U 00055DY  18212.41817819  .00000389  00000-0  23270-3 0  9997
2 41219  98.8096 280.6755 0010487 134.2467 225.9568 14.12874553136354
1 41323U 12026K   18212.46287820 -.00000125  00000-0  00000+0 0  9993
2 41323  12.4917 359.6811 4159153 340.8035   7.1722  1.77769387 16712
1 41370U 00055JP  18213.06104477  .00000970  00000-0  35495-3 0  9994
2 41370  98.8816 317.8031 0091820 140.4155 220.3780 14.32916009139325
1 41264U 00055FQ  18213.13529959  .00000426  00000-0  25477-3 0  9995
2 41264  98.8231 281.9933 0003571  97.7872 262.3706 14.12343482134423
1 41256U 00055FG  18212.51028898 +.00001039 +00000-0 +52493-3 0  9992
2 41256 099.0718 314.1208 0025671 188.9759 171.0960 14.18353617133214
1 41144U 00055CB  18213.44995975  .00000336  00000-0  19954-3 0  9994
2 41144  98.7790 279.7539 0035600 127.2880 233.1547 14.13726828137817
1 41296U 00055GY  18213.44477104  .00000156  00000-0  11865-3 0  9994
2 41296  98.9053 282.7994 0029654  36.1467 324.1699 14.07239229133181
1 41354U 00055HX  18213.39003340  .00000378  00000-0  23946-3 0  9999
2 41354  98.8609 282.4871 0022602 354.2825   5.8084 14.09861466129239
1 41235U 00055EQ  18213.46922457  .00002401  00000-0  12083-2 0  9992
2 41235  99.0302 299.1756 0013724 273.1299  86.8304 14.17363909135897
1 41243U 00055ET  18212.66292888 +.00000432 +00000-0 +25812-3 0  9997
2 41243 098.8670 285.4763 0002872 022.9566 337.1733 14.12375793132586
1 41131U 00055BN  18212.36111967  .00000447  00000-0  33798-3 0  9996
2 41131  98.9030 267.1090 0070822 110.1860 250.6938 13.97854286135041
1 41283U 00055GK  18212.37828089 -.00000066 +00000-0 -16877-4 0  9994
2 41283 098.8250 258.1828 0070735 101.1128 259.7999 13.97333271133671
1 41163U 00055CW  18212.76727006 +.00000173 +00000-0 +84097-4 0  9997
2 41163 099.0182 325.8278 0076191 137.4291 223.2830 14.28978775138798
1 41222U 00055EB  18212.31190825 -.00000031 +00000-0 +73373-5 0  9997
2 41222 098.8215 259.5997 0062160 111.5897 249.1906 13.99529303134776
1 41373U 00055JS  18212.46326404  .00000651  00000-0  33221-3 0  9997
2 41373  98.8727 296.2442 0029724 208.3760 151.5798 14.18958914130909
1 41267U 00055FT  18213.00786264  .00000882  00000-0  38738-3 0  9998
2 41267  98.7879 296.8304 0062536 181.9147 178.1802 14.25071204136929
1 41259U 00055FK  18212.50782457  .00001457  00000-0  49968-3 0  9999
2 41259  98.8392 313.7358 0103081  93.7565 267.5413 14.34745341136879
1 41147U 00055CE  18213.38405857  .00000216  00000-0  18756-3 0  9991
2 41147  98.9634 263.7293 0093691 114.0522 247.0478 13.94277517135741
1 41206U 00055DK  18212.40187890  .00000350  00000-0  21571-3 0  9991
2 41206  98.8000 277.9978 0015947 119.8834 240.3924 14.11722755135311
1 41299U 00055HB  18213.13497359  .00000373  00000-0  24161-3 0  9991
2 41299  98.8773 281.0435 0051516 345.2441  14.7222 14.08092090133247
1 41357U 00055JA  18212.33914566  .00000154  00000-0  14227-3 0  9990
2 41357  98.9115 261.8019 0088662 112.7659 248.2900 13.94302021127799
1 41360U 00055JD  18213.04927212  .00000511  00000-0  29702-3 0  9996
2 41360  98.9212 292.8899 0027768 314.7522  45.1390 14.12987419129301
1 41246U 00055EW  18213.11923297  .00001145  00000-0  46591-3 0  9995
2 41246  98.9468 316.6255 0070279 135.8428 224.8392 14.28195767133914
1 41134U 00055BR  18213.43326782  .00000250  00000-0  17177-3 0  9996
2 41134  98.8713 281.1397 0029763  18.7049 341.5207 14.08001444136006
1 41286U 00055GN  18212.69165732  .00003235  00000-0  14375-2 0  9999
2 41286  98.9944 304.8436 0067208 250.2069 109.1853 14.22489271135085
1 41196U 00055CZ  18212.36819621  .00000721  00000-0  50601-3 0  9996
2 41196  98.8799 268.2594 0058785  80.5995 280.1810 14.00603958134024
1 41344U 00055HM  18212.72548450  .00000777  00000-0  38758-3 0  9990
2 41344  99.0137 311.1266 0034992 182.9497 177.1477 14.19618086129936
1 41225U 00055EE  18213.49632555  .00001281  00000-0  63284-3 0  9996
2 41225  98.9239 299.9551 0042561 243.2918 116.3897 14.18765161136626
1 41376U 00055JV  18213.45698482  .00000501  00000-0  28150-3 0  9997
2 41376  98.8575 289.8698 0020740 267.6168  92.2630 14.14948875131181
1 41270U 00055FW  18213.00563801  .00000683  00000-0  43633-3 0  9991
2 41270  99.0099 290.3809 0035913 112.2331 248.2653 14.06621118134050
1 41150U 00055CH  18212.46433895  .00000876  00000-0  38423-3 0  9991
2 41150  98.7857 296.2611 0064056 187.4995 172.5232 14.25120574138700
1 41209U 00055DN  18212.73047565 +.00000806 +00000-0 +32981-3 0  9997
2 41209 098.8534 308.4867 0073935 142.5925 218.0435 14.28541164136724
1 41302U 00055HE  18212.04234369  .00000449  00000-0  28702-3 0  9994
2 41302  98.8832 280.3693 0027245 109.6509 250.7604 14.08295958133104
1 41212U 00055DR  18212.98899587  .00000590  00000-0  32805-3 0  9992
2 41212  98.9190 295.3128 0020230 280.4631  79.4263 14.14862937136487
1 41305U 00055HH  18213.36147716  .00000509  00000-0  35346-3 0  9991
2 41305  98.7836 262.5264 0043253  98.3246 262.2829 14.02785622132848
1 41363U 00055JG  18213.09207954  .00000843  00000-0  41750-3 0  9993
2 41363  98.8954 298.8179 0029854 176.4546 183.6847 14.19764359128622
1 41249U 00055EZ  18212.11867452 +.00000819 +00000-0 +37246-3 0  9991
2 41249 098.9020 305.7258 0050616 168.8186 191.4129 14.23862460133422
1 41137U 00055BU  18212.99841751  .00000355  00000-0  22232-3 0  9991
2 41137  98.8496 281.1579 0031435 109.9351 250.5211 14.10604244137013
1 41289U 00055GR  18212.96888970  .00000308  00000-0  21735-3 0  9995
2 41289  98.8466 272.3796 0041027 102.7750 257.8007 14.04771378133557
1 41199U 00055DC  18213.36197033  .00000287  00000-0  22276-3 0  9990
2 41199  98.9090 269.7602 0068237  83.6498 277.2432 13.99169442135630
1 41347U 00055HQ  18213.13307068  .00000563  00000-0  33261-3 0  9994
2 41347  98.8428 281.8298 0023156 325.9547  34.0138 14.11722156129416
1 41228U 00055EH  18212.39809921  .00000572  00000-0  33905-3 0  9999
2 41228  98.8796 285.1404 0020711 334.8694  25.1467 14.11483104135357
1 41379U 00055JY  18213.07796394  .00000590  00000-0  29853-3 0  9998
2 41379  98.8370 294.2853 0035307 163.1238 197.1121 14.19599965132035
1 41273U 00055FZ  18212.07169056 +.00000880 +00000-0 +36304-3 0  9990
2 41273 098.8780 309.4972 0068475 162.9787 197.3713 14.28109313135982
1 41153U 00055CL  18213.01172169  .00000514  00000-0  28133-3 0  9996
2 41153  98.8583 291.1980 0023754 158.5387 201.6788 14.16158840137747
1 41156U 00055CP  18212.06755523 +.00001009 +00000-0 +42849-3 0  9994
2 41156 098.9077 309.9111 0061417 174.7902 185.3930 14.26581623138540
1 41215U 00055DU  18213.03014018  .00000547  00000-0  27740-3 0  9994
2 41215  98.8261 293.4603 0032954 170.6272 189.5525 14.19882799136939
1 41318U 12026E   18207.88033615 -.00000152 +00000-0 +00000-0 0  9999
2 41318 012.7333 005.0984 4143434 333.0955 010.2176 01.76518378016308
1 41366U 00055JK  18212.04958192  .00000910  00000-0  59291-3 0  9991
2 41366  98.9833 281.4843 0048638 114.3776 246.2478 14.04348948127211
1 41252U 00055FC  18212.41416456 +.00000028 +00000-0 +46713-4 0  9994
2 41252 098.9374 272.2017 0069989 109.3953 251.4794 14.00337791135329
1 41140U 00055BX  18212.17733308  .00000380  00000-0  17432-3 0  9997
2 41140  98.8047 298.4450 0069391 131.7782 228.9355 14.25749273139042
1 41292U 00055GU  18213.04950383  .00000794  00000-0  36119-3 0  9998
2 41292  98.9108 307.7081 0053181 155.6008 204.7705 14.23899053135620
1 41202U 00055DF  18212.38139593 -.00000055 +00000-0 -96066-5 0  9998
2 41202 098.8722 258.7859 0084150 118.9761 241.9869 13.94727811134945
1 41350U 00055HT  18212.21014366  .00000771  00000-0  40149-3 0  9996
2 41350  98.9847 304.3006 0029784 169.9786 190.1989 14.17434186129651
1 41231U 00055EL  18213.02578752  .00000773  00000-0  32819-3 0  9995
2 41231  98.8918 310.5905 0065664 164.8187 195.4983 14.27112306136984
1 04133U 69082CP  18212.63735539  .00000269  00000-0  54360-4 0  9990
2 04133  69.9157 289.4665 0036762 143.9890 216.3743 14.72076599564199
1 41398U 00055KB  18213.18363380  .00000591  00000-0  31910-3 0  9994
2 41398  98.8644 292.4618 0020544 231.6417 128.2912 14.16416600125234
1 41276U 00055GC  18212.44126083 +.00000232 +00000-0 +15522-3 0  9997
2 41276 098.8432 280.4057 0016083 085.9111 274.3898 14.10319182134206
1 41401U 00055KE  18212.61739252  .00000355  00000-0  23308-3 0  9991
2 41401  98.8153 273.5406 0025525  90.3499 270.0595 14.08112939128924
1 41279U 00055GF  18213.39195795  .00000297  00000-0  20953-3 0  9996
2 41279  98.9420 283.1284 0038119 100.6424 259.9040 14.05194850133636
1 41159U 00055CS  18212.99161676  .00000478  00000-0  25753-3 0  9993
2 41159  98.7930 286.5914 0024280 215.8361 144.1185 14.17336727137911
1 41218U 00055DX  18213.43128850  .00000704  00000-0  38879-3 0  9991
2 41218  98.8700 288.2520 0057152 288.5856  70.9115 14.13885335136429
1 41322U 12026J   18211.50563461 -.00000131  00000-0  00000+0 0  9991
2 41322  12.5422   1.3011 4132243 338.0338   8.3074  1.77209231 16633
1 41369U 00055JN  18213.15002757  .00000900  00000-0  49078-3 0  9995
2 41369  98.8439 283.1431 0029428 124.1752 236.2217 14.14444467130528
1 41263U 00055FP  18213.35437803  .00000573  00000-0  44548-3 0  9997
2 41263  98.9362 261.9785 0088770 126.9320 234.0014 13.94565232132747
1 41255U 00055FF  18212.69157853 +.00000587 +00000-0 +27480-3 0  9999
2 41255 098.7768 293.3765 0049932 163.3206 196.9629 14.23391938137496
1 41143U 00055CA  18212.95001445 +.00000460 +00000-0 +37992-3 0  9998
2 41143 098.8494 250.3400 0103561 143.8288 216.9934 13.91339126135495
1 41295U 00055GX  18212.39368328  .00000458  00000-0  29581-3 0  9992
2 41295  98.8399 275.6561 0029206  86.7509 273.7001 14.07640042133875
1 41353U 00055HW  18212.43873155 +.00000380 +00000-0 +23971-3 0  9992
2 41353 098.8786 283.1426 0026712 350.3549 009.7105 14.09988302129094
1 41234U 00055EP  18213.11197231  .00001206  00000-0  39818-3 0  9995
2 41234  98.8523 319.9470 0104546 107.1748 254.0915 14.36884103138110
1 41127U 00055BJ  18213.50026407  .00000963  00000-0  35044-3 0  9991
2 41127  98.8112 311.5239 0090066 123.7603 237.2202 14.33240942138971
