1 00136U 61015W   18212.73126456  .00000234  00000-0  11216-3 0  9994
2 00136  67.5302  62.3889 0048963 129.7469 230.7967 14.33211840944232
1   138U 61015Y   18212.93680505 -.00000010 +00000-0 +43747-4 0  9996
2   138 067.1563 321.7802 0037496 219.2010 140.6361 14.01495131899364
1   144U 61015AE  18212.62549172 -.00000001 +00000-0 +62871-4 0  9992
2   144 066.5009 296.0849 0037761 026.6792 333.6216 13.89965316884589
1 00155U 61015AR  18213.33982292  .00000149  00000-0  75205-4 0  9994
2 00155  66.8817 330.1366 0050194 319.9483  39.7923 14.38831126946668
1 01399U 65027E   18212.74170020  .00000563  00000-0  18887-2 0  9995
2 01399  90.3029 314.1736 0008326 325.7931  34.2653 12.98479800189347
1  1435U 65048D   18212.76559972 +.00000305 +00000-0 +33405-3 0  9996
2  1435 089.9555 315.0828 0065967 292.1698 221.8060 13.69705834632728
1  1479U 65020BD  18212.81150934 -.00000327 +00000-0 -43123-3 0  9999
2  1479 056.0325 011.4523 0763218 023.2105 340.1434 12.58591096433959
1  1504U 65065A   18212.64310727 +.00000023 +00000-0 +22605-4 0  9990
2  1504 089.8283 274.0178 0069365 106.8530 046.9329 13.39396829582417
1  1521U 65065K   18212.97668941 +.00000006 +00000-0 -69334-5 0  9992
2  1521 089.8749 224.9706 0071208 058.8198 329.1059 13.33143242576040
1  1529U 65051D   18211.76533675 -.00000016 +00000-0 +13367-4 0  9991
2  1529 098.9206 332.1942 0036485 198.3789 161.6072 14.22852291746105
1 13517U 65020FF  18212.46114366  .00000166  00000-0  22892-3 0  9994
2 13517  55.5715 234.0281 0554866 268.0555 249.1289 13.36204393750913
1 13518U 70025NR  18212.29789951  .00000319  00000-0  35300-3 0  9993
2 13518 100.0157 136.2872 0006611  45.9184 105.6847 13.80255311853183
1 13524U 73086GM  18212.86551522 -.00000088  00000-0 -25417-3 0  9997
2 13524 102.8130 342.2876 0047640 238.2328 275.0853 12.47633521718856
1 13525U 73086GN  18213.46433704  .00000069  00000-0  71629-3 0  9999
2 13525 101.5430 192.8840 0082205 109.6978  44.2271 12.50785067737605
1 13526U 74089EM  15304.79210043 +.00102750 +00000-0 +89811+0 0  9995
2 13526 101.0687 235.8005 0570825 004.9589 052.5642 11.90484597887686
1 13527U 74089EN  18212.86377566 -.00000034  00000-0  10499-3 0  9992
2 13527 102.9147 342.8352 0336039 342.0169 173.4004 12.39309671714541
1 13528U 74089EP  18213.19033256 -.00000118  00000-0 -27835-3 0  9991
2 13528 103.1235 102.8915 0078935  97.6122  56.8156 12.76468303762838
1 13529U 76077EB  18212.78938951 -.00000241  00000-0 -31964-2 0  9995
2 13529 101.8714 319.0486 0381253   3.7171 148.3828 11.65798406607101
1 13530U 76077EC  18212.61577191 +.00000002 +00000-0 +37135-3 0  9994
2 13530 102.3613 259.3782 0126395 189.7966 326.2011 12.36130592706839
1 13531U 76077ED  18212.78510743 -.00000033  00000-0  93814-4 0  9995
2 13531 102.3391 188.0652 0141455 121.9332 359.4584 12.17125802606183
1 13532U 76077EE  18211.79082819 +.00000166 +00000-0 +24467-2 0  9996
2 13532 102.2501 336.1449 0286491 178.4861 351.1321 11.93872618618122
1 13533U 76077EF  18212.83130872 -.00000246 +00000-0 -29824-2 0  9999
2 13533 101.8586 173.4198 0361897 348.2025 037.4309 11.74219907697691
1 13534U 76077EG  18212.88373762 +.00000009 +00000-0 +67171-3 0  9995
2 13534 101.8276 000.1893 0398125 223.5598 296.4224 11.68097580689340
1 13535U 76077EH  18212.06704932 -.00000043 +00000-0 +46854-5 0  9999
2 13535 101.8092 258.8697 0022423 281.6240 106.2864 12.39024183792324
1 13536U 76077EJ  18212.02787424 +.00000066 +00000-0 +13307-2 0  9991
2 13536 101.7955 135.1607 0419452 161.5737 269.8426 11.75746316719810
1 13537U 76077EK  18213.15317399 -.00000024  00000-0  16850-3 0  9999
2 13537 102.1370 186.5746 0076180  31.4460  32.4030 12.27029495780718
1 13538U 76077EL  18210.40704089 +.00000033 +00000-0 +70891-3 0  9995
2 13538 102.2362 274.9485 0108720 210.2052 215.3636 12.21768641694482
1 13539U 76077EM  18211.26243845 -.00000265 +00000-0 -35122-2 0  9995
2 13539 101.8887 325.0434 0414845 057.0278 333.1231 11.65145888618426
1 13561U 78026EY  18212.99228046  .00000890  00000-0  44069-3 0  9996
2 13561  98.9437 350.6803 0163602 236.6805 218.2610 14.13168818888613
1 13562U 78026EZ  18212.89199954  .00000183  00000-0  88115-4 0  9997
2 13562  98.6273 190.6218 0035791 248.7594 143.3811 14.29670438942320
1 13563U 78026FA  18212.88580757  .00000009  00000-0  24961-4 0  9998
2 13563  98.7279 192.4724 0043872 301.3260  88.1431 14.19992241874635
1 13564U 78026FB  18212.98640253  .00000174  00000-0  15906-3 0  9999
2 13564  98.8584 277.5510 0206590 228.0071 260.6312 13.85918078822172
1 13565U 78026FC  18213.13926750  .00000033  00000-0  54913-4 0  9993
2 13565  98.8470 268.1685 0067363 335.6115  43.4404 13.94722694835825
1 13566U 78026FD  18212.88947788 +.00000192 +00000-0 +90390-4 0  9994
2 13566 098.6514 192.4389 0034478 213.1791 176.7838 14.30279924873810
1 13567U 78026FE  18212.90049865  .00000174  00000-0  14022-3 0  9994
2 13567  98.8209  87.5816 0217106  89.1238 338.2299 13.91161578809974
1 13569U 78026FG  18212.94990917 +.00000357 +00000-0 +21758-3 0  9990
2 13569 099.2317 211.6566 0113938 022.9295 006.9493 14.09452772876911
1 13570U 78026FH  18213.46031969  .00000258  00000-0  10065-3 0  9992
2 13570  98.5629 200.3424 0049979 129.1886  21.9089 14.36894357936529
1 13571U 78026FJ  18213.44926924  .00000300  00000-0  99750-4 0  9992
2 13571  98.2256 197.9927 0023467  93.9500  57.2152 14.43998468936896
1 13572U 78026FK  18213.21715549  .00000561  00000-0  23119-3 0  9991
2 13572  99.1077 190.6936 0136118 258.5080 224.0293 14.26278243902074
1 13573U 78026FL  18212.29832876 -.00000007  00000-0  28576-4 0  9991
2 13573  99.0052 138.8456 0072947 165.4108 346.5220 13.88414943884204
1 13574U 78026FM  18213.38359446  .00000092  00000-0  70382-4 0  9995
2 13574  98.6889 177.4070 0040900  47.8838 121.1660 14.13954362899873
1 13575U 78026FN  18212.73853194 +.00000137 +00000-0 +11351-3 0  9993
2 13575 098.9753 173.4767 0019979 116.9385 243.3826 14.04382712901030
1 13579U 78026FS  18212.34531505  .00000123  00000-0  76197-4 0  9998
2 13579  98.5944 178.5868 0020049 129.7484 230.5463 14.21009360904720
1 13580U 78026FT  18200.72382074 +.00000159 +00000-0 +70484-4 0  9996
2 13580 098.5709 185.4245 0049094 228.2567 131.4416 14.34924977266806
1 13619U 81053GM  18212.16502872  .00000269  00000-0  16958-3 0  9991
2 13619  83.0377 153.7180 0031794 145.6256 313.4318 14.00350594819808
1 13720U 82116C   18212.66623756 +.00000028 +00000-0 +77625-5 0  9998
2 13720 081.2497 291.0971 0054516 256.9295 260.3501 14.15489958839308
1 13776U 71015CN  18212.61791934 -.00000111  00000-0 -15819-4 0  9995
2 13776  65.8596 266.5749 0504101  38.6016  35.8131 13.60863220749089
1 13796U 81053GQ  18212.90602613 +.00000332 +00000-0 +30468-3 0  9996
2 13796 083.0238 105.5653 0120110 308.2000 170.8168 13.77118802786162
1 13797U 81053GR  18213.37782566  .00000199  00000-0  16463-3 0  9995
2 13797  82.8395 345.4764 0053747 110.5786 279.9871 13.83526177805707
1 13798U 81053GS  18212.90649633 -.00000136 +00000-0 -15122-3 0  9995
2 13798 083.0100 066.3256 0083747 281.5538 077.6225 13.76034571846184
1 13799U 81053GT  18212.47758369 +.00000343 +00000-0 +33798-3 0  9992
2 13799 083.1351 269.5654 0088950 285.6724 136.5625 13.74512567788207
1 13800U 81053GU  18212.89025995 +.00000554 +00000-0 +64558-3 0  9995
2 13800 083.2301 009.8308 0177395 003.9593 149.6981 13.60636504762108
1 13801U 81053GV  18213.19118558  .00000361  00000-0  20713-3 0  9999
2 13801  82.8041 132.7073 0039037 166.9112 193.3085 14.06505377814278
1 13802U 81053GW  18212.67490382 +.00000280 +00000-0 +27032-3 0  9991
2 13802 082.8027 103.4465 0063290 336.0376 052.1353 13.75920309829359
1 13803U 81053GX  18212.82760713 +.00000453 +00000-0 +29186-3 0  9991
2 13803 082.8195 235.8202 0051542 019.6613 099.4722 14.00436618809121
1 13804U 81053GY  18213.16356330  .00000663  00000-0  35122-3 0  9996
2 13804  82.9543   2.6910 0049268  25.7562  28.1951 14.11714921813259
1 13807U 81053HB  18212.94707503  .00000042  00000-0  12200-4 0  9990
2 13807  82.9547 162.9766 0016351 100.0542 260.2483 14.16860987571313
1 13808U 81053HC  18213.52185646  .00000118  00000-0  85779-4 0  9999
2 13808  83.0369 333.0260 0065840  83.3947  46.6474 13.86550171791224
1 13809U 81053HD  18212.53359237 +.00000470 +00000-0 +11897-3 0  9999
2 13809 082.8305 326.9953 0036646 038.5987 092.0251 14.48661293855170
1 13810U 81053HE  18212.19181869  .00000228  00000-0  25726-3 0  9994
2 13810  83.0136 282.2477 0128452 358.2029  29.9944 13.63150960763871
1 13811U 81053HF  18212.28532009 +.00000466 +00000-0 +28016-3 0  9990
2 13811 082.9433 322.5500 0023372 318.9405 070.7497 14.04717539809450
1 13812U 81053HG  18213.28540775  .00000689  00000-0  35060-3 0  9995
2 13812  83.2582  46.2757 0044411  50.2367  71.8454 14.13990754817573
1 13813U 81053HH  18213.26861010  .00000522  00000-0  31561-3 0  9990
2 13813  82.9403 326.1183 0049672 317.4889  61.9459 14.04245199809310
1 13814U 81053HJ  18212.22125565  .00000632  00000-0  24499-3 0  9998
2 13814  82.9346 118.2744 0015485 352.5178 164.0621 14.28586695825348
1 13815U 81053HK  18212.92140439 +.00000425 +00000-0 +41501-3 0  9996
2 13815 083.0302 186.9224 0114981 222.1268 166.5798 13.74356615773487
1 13816U 81053HL  18212.86723674  .00000286  00000-0  23665-3 0  9994
2 13816  82.9874  58.4231 0162420  47.7543  11.5394 13.79589407778094
1 13817U 81053HM  18213.34777690  .00000311  00000-0  20004-3 0  9999
2 13817  82.9473 348.2041 0028793 135.0681 225.2826 13.99962517853128
1 13825U 78026FU  18212.13440683  .00000605  00000-0  25949-3 0  9998
2 13825  98.9810 274.5041 0138077 253.2091 134.8927 14.23638433827623
1 13826U 78026FV  18213.52472179  .00000274  00000-0  68338-4 0  9990
2 13826  98.0540 208.4269 0044471 149.5878 210.7915 14.58333709881297
1 13827U 78026FW  18212.96801347 +.00000168 +00000-0 +53577-4 0  9992
2 13827 098.2036 199.5926 0074161 355.7807 017.2188 14.50007794862264
1 13942U 61015KZ  18212.92840912 +.00000395 +00000-0 +10091-2 0  9991
2 13942 065.8621 188.3813 0381057 103.0314 291.1264 13.04809542692982
1 13943U 76126BM  18212.26775009  .00000487  00000-0  28398-3 0  9994
2 13943  65.5839 138.5123 0087249 231.3514 286.4598 14.15732390734168
1 13946U 76067BE  18212.25771376 +.00000636 +00000-0 +21557-2 0  9998
2 13946 066.0628 149.7912 0643937 095.9770 048.0344 12.49376605612897
1 13947U 76067BF  18212.62398490 -.00000031 +00000-0 +99906-4 0  9997
2 13947 065.7173 078.0754 0668876 013.6588 017.5447 12.24146879192046
1 13948U 77121BD  18211.75231731 +.00000171 +00000-0 +24079-3 0  9999
2 13948 065.7632 094.0814 0075838 299.8610 167.7125 13.79437352905724
1 13958U 65108X   18212.65489087 -.00000112 +00000-0 +76528-4 0  9994
2 13958 027.0393 300.8177 6817224 164.2196 359.2012 02.69818890140656
1 14047U 65027J   18212.18814280 -.00000110 +00000-0 -41351-3 0  9993
2 14047 090.3067 292.0337 0035198 109.7223 278.5411 12.95659580461233
1 14048U 65027K   18212.74450973 +.00000605 +00000-0 +20428-2 0  9999
2 14048 090.3036 305.2319 0011894 315.5863 199.5754 12.98093715680286
1 14049U 65027L   18212.55365925 -.00000603 +00000-0 -22048-2 0  9991
2 14049 090.3077 297.9707 0035065 160.0891 265.8043 12.93983604686082
1 14122U 70089CW  18212.90879389 +.00001491 +00000-0 +28079-3 0  9995
2 14122 062.8922 165.8776 0446575 019.1414 014.7316 14.20024419827266
1 14209U 83075C   18213.43459769  .00000211  00000-0  13536-4 0  9997
2 14209  97.3191 272.2279 0027627 156.4652 203.7853 15.18004105916067
1 14222U 83063C   18212.81944162 +.00000195 +00000-0 +34787-4 0  9998
2 14222 082.3750 152.4300 0020714 056.2873 304.0300 14.62090030856024
1 14223U 83063D   18212.83543525 +.00000163 +00000-0 +48594-4 0  9995
2 14223 081.6560 169.4999 0056597 114.0596 274.6071 14.37231035831722
1 14228U 81053HN  18212.89041934 +.00000403 +00000-0 +37729-3 0  9994
2 14228 082.9674 058.0292 0100767 117.5700 307.1845 13.77064427772378
1 14229U 83075D   18212.67863205  .00000010  00000-0  57334-5 0  9990
2 14229  97.4968 191.2556 0027269 315.5769  99.9847 14.97798002900062
1 14344U 82037C   18213.35509549  .00000177  00000-0  57853-4 0  9998
2 14344  74.0583 175.1924 0019163 287.5606 225.2900 14.45289016832966
1 14345U 79089C   18212.47135597  .00000239  00000-0  51576-4 0  9997
2 14345  74.0234 125.7301 0009850 175.1794 301.2690 14.63965290856380
1 14346U 81041D   18212.75044691  .00000260  00000-0  46117-4 0  9993
2 14346  74.0401  80.3611 0009266 223.1537 248.9281 14.72536464869437
1 14357U 81053HQ  18212.75288816 +.00000298 +00000-0 +16667-3 0  9994
2 14357 082.8559 123.9003 0030501 257.5070 131.1750 14.07577221798112
1 14358U 81053HR  18213.02797927  .00000810  00000-0  50899-3 0  9999
2 14358  82.8149  58.8624 0190001 114.0334  37.8895 13.94776724780820
1 14364U 81053HX  18212.11630861  .00000463  00000-0  25688-3 0  9990
2 14364  82.7833  80.7283 0035009 115.2419  38.5339 14.08920688821298
1 14398U 82051C   18213.18869948  .00000182  00000-0  52359-4 0  9998
2 14398  74.0471 120.6931 0004113 254.3705 267.1214 14.51575978935593
1 14405U 81053JA  18212.88979817 +.00000236 +00000-0 +21165-3 0  9991
2 14405 083.2686 000.1419 0071540 184.0002 331.5962 13.78907564848320
1 14406U 81053JB  18213.31273194  .00000412  00000-0  23188-3 0  9999
2 14406  82.8422 164.9342 0036125  63.0708  90.0714 14.07868061816145
1 14407U 81053JC  18212.29826532 +.00000402 +00000-0 +22441-3 0  9996
2 14407 082.7685 054.4036 0039492 131.3789 229.0792 14.08261097815637
1 14408U 81053JD  18212.74823799 +.00000306 +00000-0 +32286-3 0  9990
2 14408 082.9634 120.4021 0121157 072.2492 318.1130 13.68241140309508
1 14409U 81053JE  18213.11559993  .00000299  00000-0  32458-3 0  9997
2 14409  83.0282 256.8883 0127551 175.8693 218.8241 13.66314679904143
1 14410U 68091CL  18211.91060830 +.00000661 +00000-0 +42407-3 0  9997
2 14410 062.2252 173.1185 0453284 256.2767 132.5010 13.69880456706531
1 14412U 68091CN  18212.89494740 +.00000550 +00000-0 +72648-3 0  9995
2 14412 062.2879 153.2219 0795790 094.7368 274.4862 12.79086966718682
1 14417U 68091CT  18212.94580974 +.00003372 +00000-0 +27714-3 0  9990
2 14417 062.2464 190.9938 0238796 022.2821 338.8429 14.81655155789860
1 14420U 68097EB  18212.89311850 +.00000430 +00000-0 +65343-4 0  9992
2 14420 062.2489 137.4992 0237441 212.4828 146.1453 14.72245519809266
1 14430U 68091CV  18212.30693536 -.00000686  00000-0 -77875-3 0  9994
2 14430  62.2524 172.3507 0680545 260.0511 256.5004 12.92258147728878
1 14440U 81053JG  18212.49700241 +.00000147 +00000-0 +16705-3 0  9995
2 14440 082.9236 129.3801 0116001 349.1276 061.5647 13.61287308821807
1 14441U 81053JH  18212.70775535  .00000341  00000-0  21283-3 0  9991
2 14441  83.1204 300.1908 0048373 151.3005   0.8584 14.01465926869270
1 14442U 77121BE  18212.91871959 +.00000423 +00000-0 +53051-3 0  9992
2 14442 065.3700 180.8571 0007067 271.8651 119.6189 13.74981667005190
1 14443U 77121BF  18212.99124737  .00000241  00000-0  93170-4 0  9991
2 14443  65.5860 152.7446 0133400 180.7275 307.5960 14.43570195919242
1 14444U 77121BG  18212.84935226 -.00000073  00000-0  80923-5 0  9996
2 14444  65.7985 112.7360 0066102 274.6690 211.6810 13.72118097841469
1 14445U 77121BH  18212.18875008 +.00000736 +00000-0 +37651-3 0  9998
2 14445 066.4793 254.5939 0112549 251.0954 107.7907 14.17931374780826
1 14446U 71015CQ  18212.83578977 -.00000003 +00000-0 +98406-4 0  9996
2 14446 065.5716 147.9058 0070536 291.2959 101.1784 13.61990156252252
1 14454U 83109C   18212.97045086 +.00000023 +00000-0 +45473-5 0  9995
2 14454 081.1624 027.6873 0094445 283.3600 241.3587 14.25681311806920
1 14458U 78026FY  18211.48940398  .00000083  00000-0  75619-4 0  9996
2 14458  98.6060 200.9326 0069123 265.6019 254.0191 14.05122583806631
1 14460U 78026GA  18211.98563814  .00000044  00000-0  94581-4 0  9994
2 14460  98.7523  28.9526 0257122 312.5477 200.8316 13.57067231747903
1 14461U 78026GB  18212.67364765  .00000202  00000-0  11231-3 0  9992
2 14461  99.1673 143.0371 0097969  37.6794  81.1845 14.19720636911803
1 14463U 78026GD  18212.75129872 +.00000211 +00000-0 +13245-3 0  9998
2 14463 099.1411 042.9079 0129196 226.8018 264.2021 14.11226301891681
1 14464U 78026GE  18211.79842715 +.00000036 +00000-0 +61346-4 0  9991
2 14464 099.2986 337.7227 0061377 015.2555 150.5738 13.93332103819793
1 14465U 78026GF  18212.04408522 +.00000181 +00000-0 +12889-3 0  9993
2 14465 098.7276 068.4866 0122666 099.0055 061.7518 14.05038951813624
1 14466U 70025NS  18213.10848515  .00000714  00000-0  28312-3 0  9993
2 14466  99.9879 257.6019 0069228 196.7105 163.1792 14.31364852898955
1 14467U 70025NT  18212.75108588  .00000038  00000-0  10999-3 0  9994
2 14467  99.9793 315.3988 0001808  54.1221 112.8936 13.62520742769766
1 14469U 70025NV  18212.98981449 -.00000195  00000-0 -36558-3 0  9991
2 14469 101.6793 224.3774 0268392 185.9173 203.5871 13.06373457770465
1 14470U 73086GP  18213.09141530  .00000019  00000-0  28866-3 0  9991
2 14470 101.7708 295.6835 0116715 280.1261 198.3790 12.81283706663034
1 14471U 76077EN  18212.93334465 +.00000018 +00000-0 +54531-3 0  9995
2 14471 102.0992 199.9832 0128854 333.1917 040.7439 12.24809463586878
1 14472U 76077EP  18212.89349926 -.00000002 +00000-0 +40547-3 0  9995
2 14472 102.4001 183.6444 0155334 162.5686 224.2252 12.16245642583461
1 14473U 73086GQ  18212.56306552  .00000580  00000-0  45515-2 0  9994
2 14473 102.3763 234.2704 0220250 224.2840 293.0474 12.35949140578634
1 14474U 74089EQ  18209.46834066 -.00000216 +00000-0 -18149-2 0  9991
2 14474 100.6643 197.4325 0297498 357.3599 154.1589 12.06800568572781
1 14475U 74089ER  18212.27750925  .00000454  00000-0  28212-2 0  9990
2 14475 101.1015 127.5401 0122146 196.8939 316.1198 12.58741894621235
1 14478U 70025NW  18212.47648739  .00001417  00000-0  58124-2 0  9995
2 14478 100.8733 225.8385 0562867  86.8620 279.6668 12.44886965555681
1 14480U 73086GR  18212.87715781 +.00000624 +00000-0 +13314-2 0  9995
2 14480 102.6936 284.1897 0081283 038.0426 011.9131 13.35360780668776
1 14493U 77065FJ  18213.36988795  .00000153  00000-0  10033-4 0  9996
2 14493  28.9514 296.5485 0622817  23.8716 338.9485 13.79051508833568
1 14496U 77065FM  18212.01199362  .00000590  00000-0  16417-3 0  9990
2 14496  29.1600  78.2047 0317678 267.9454 236.7103 14.11339487828800
1 14501U 76126BN  18212.88460970 +.00000407 +00000-0 +85001-4 0  9998
2 14501 065.7056 206.9143 0419016 187.8501 171.5897 14.28235765748042
1 14502U 76126BP  18213.12430767  .00000026  00000-0  40499-4 0  9997
2 14502  65.7831  94.2394 0790140 277.3750 155.9859 13.33858254773558
1 14503U 76126BQ  18213.43266588  .00000146  00000-0  29479-3 0  9997
2 14503  65.8545 219.7461 1015668 287.8408  61.4444 12.30066851219391
1 14504U 81053JJ  18212.76979353  .00000838  00000-0  54817-3 0  9991
2 14504  83.1956 329.8155 0033062 238.2581 274.8259 14.00828117879164
1 14509U 76077EQ  18212.63202976 -.00000027 +00000-0 +17298-3 0  9995
2 14509 102.3671 260.9340 0158149 221.0455 295.4543 12.12116971583966
1 14510U 76077ER  18213.12077395  .00000081  00000-0  14165-2 0  9995
2 14510 102.3930 279.6059 0222389  54.3080 336.4884 11.99363855583164
1 14511U 77121BJ  18212.51492752 -.00000033 +00000-0 +10070-3 0  9997
2 14511 064.6809 047.2653 0133719 105.5274 287.6082 13.21618178728246
1 14512U 77012K   18207.46386970 -.00000068 +00000-0 -85404-4 0  9992
2 14512 065.7441 016.5908 1720536 355.3380 003.3131 10.76716029789680
1 14515U 65027M   18211.49188784  .00000139  00000-0  45857-3 0  9993
2 14515  90.3059 297.3883 0033741  83.3742 277.1217 12.96333140657736
1 14556U 81053JL  18212.48308140  .00000301  00000-0  33254-3 0  9994
2 14556  83.0131 260.7062 0136435 329.2397  95.0995 13.65075509719295
1 14557U 81053JM  18212.52519191  .00000855  00000-0  46660-3 0  9999
2 14557  82.7993 139.5982 0045572 188.1851 225.8132 14.10539581872719
1 14558U 81053JN  18213.11111661  .00000678  00000-0  31863-3 0  9998
2 14558  82.9292 168.2032 0017195 286.3566 203.3243 14.18672360884362
1 14559U 78026GG  18212.86914726  .00000705  00000-0  13446-3 0  9997
2 14559  99.0376  66.4976 0053368 118.4555   3.8537 14.66779337920237
1 14563U 77065FP  18212.87354913  .00000537  00000-0  67502-4 0  9997
2 14563  29.1637  41.2153 0499737 184.1024 175.5349 14.09806103379582
1 14565U 77065FR  18212.51374458 +.00000540 +00000-0 +87415-3 0  9994
2 14565 029.2101 351.6645 0876591 046.1827 012.9400 12.44331972682864
1 14568U 83001C   18212.32000132  .00000464  00000-0  19831-3 0  9990
2 14568  82.9000 331.8641 0020434 254.1386 105.7545 14.22948339886793
1 14569U 82087D   18212.75627566 -.00000096  00000-0  24030-4 0  9997
2 14569  44.8430 102.1976 0122205 163.3035 241.2761 13.55670658814225
1 14620U 81070J   18212.92020394  .00000103  00000-0  22617-3 0  9997
2 14620  90.0239  29.4111 6037491 146.4861 273.2345  3.80268303411517
1 14621U 81070K   18205.79368403 +.00000304 +00000-0 +45187-3 0  9991
2 14621 090.0097 030.3749 6086407 208.6474 096.9541 03.75622740368804
1 14627U 81053JQ  18212.61625236 +.00000440 +00000-0 +29276-3 0  9999
2 14627 082.7857 164.6195 0046140 082.2165 331.5222 13.98653209758420
1 14631U 83075E   18213.52820753  .00000460  00000-0  17331-4 0  9994
2 14631  97.7597  89.0887 0007585 195.7897 164.3108 15.32561275902711
1 14632U 77002E   18213.28195514 -.00000009  00000-0 -14138-4 0  9994
2 14632  81.2743  49.5100 0053136  28.8444  20.8578 14.00467057948296
1 14715U 65027N   18213.44809122 -.00000561  00000-0 -20238-2 0  9994
2 14715  90.2950 277.1046 0036135 118.4202 302.2018 12.95047516636919
1 14716U 65027P   18212.51665594 -.00000293  00000-0 -10208-2 0  9993
2 14716  90.3040 304.1539 0027243 350.5143  69.3895 12.98370263 66521
1 14717U 65027Q   18213.43793875 -.00000023  00000-0 -10663-3 0  9997
2 14717  90.3014 277.6660 0033485  91.1724  37.4207 12.96325713743556
1 14734U 81108E   18211.63714562  .00000662  00000-0  00000+0 0  9997
2 14734  70.8255 186.1351 5134812  40.4077  54.6141  2.01759614225565
1 14739U 81053JU  18212.82049555  .00000467  00000-0  34029-3 0  9991
2 14739  83.0089 231.8711 0059906 258.6142 100.8291 13.93452461860591
1 14740U 81053JV  18213.48757038  .00000519  00000-0  47512-3 0  9997
2 14740  83.1377 277.5670 0105217 271.7390 150.8666 13.78964774720913
1 14741U 81053JW  18211.94648451 +.00000245 +00000-0 +32922-3 0  9990
2 14741 082.9668 028.5462 0161414 320.2437 193.0592 13.51497282813871
1 14799U 76126BR  18212.90991076 -.00000148  00000-0 -65635-3 0  9990
2 14799  65.8100 171.4218 0890147 298.6610  80.8807 11.68973239484036
1 14801U 75112D   18213.38628774  .00000204  00000-0  53925-4 0  9994
2 14801  74.0615 178.2995 0004982  72.0190  89.1729 14.55098091 69117
1 14802U 77059C   18212.82910815 +.00000204 +00000-0 +46591-4 0  9996
2 14802 074.0616 351.5477 0010712 137.5897 012.8470 14.62102632945292
1 14803U 78019D   18212.78811951  .00000673  00000-0  56396-4 0  9994
2 14803  74.0259 330.4956 0001589  65.7171  86.6737 15.00739784  4426
1 14805U 79078C   18212.54996295 +.00000401 +00000-0 +52485-4 0  9995
2 14805 074.0588 136.5672 0001771 011.2057 042.3878 14.83976211896472
1 14806U 79078D   18213.20381817  .00000182  00000-0  52832-4 0  9990
2 14806  74.0349 119.7851 0004389 307.0226 206.1722 14.51151681122068
1 14807U 79089D   18212.96222806 +.00000606 +00000-0 +59971-4 0  9999
2 14807 074.0665 031.8458 0004261 272.8086 240.3082 14.94367659997159
1 14808U 80056C   18212.80925281  .00000135  00000-0  48418-4 0  9997
2 14808  74.0387 224.6003 0015038 184.6105 230.0478 14.42929881813656
1 14809U 80056D   18212.79554773 +.00000149 +00000-0 +47991-4 0  9990
2 14809 074.0361 091.5918 0009968 015.8914 095.8040 14.47396565875352
1 14810U 81084D   18212.07345608 +.00000121 +00000-0 +41409-4 0  9998
2 14810 073.9525 245.9933 0018015 312.9583 075.6191 14.46342394853238
1 14811U 82037D   18212.42562427 +.00000143 +00000-0 +50663-4 0  9993
2 14811 074.0261 212.2993 0020291 213.6517 298.1943 14.43093665890705
1 14812U 83031C   18212.91431618 +.00000115 +00000-0 +42274-4 0  9998
2 14812 074.0577 017.3464 0016665 145.5389 006.9417 14.42939161836499
1 14813U 83079C   18212.53297084  .00000128  00000-0  46854-4 0  9998
2 14813  74.0338 239.1079 0018453 225.3852 287.0023 14.42219098928150
1 14816U 76098C   18212.93945781 +.00000177 +00000-0 +48522-4 0  9990
2 14816 074.0362 062.1964 0013670 005.7270 059.5915 14.54311499016989
1 14817U 76098D   18212.83647753 +.00000412 +00000-0 +48286-4 0  9997
2 14817 074.0765 241.5454 0008891 212.7719 204.6290 14.88592222035220
1 14818U 77059D   18212.21411198 +.00000316 +00000-0 +50197-4 0  9997
2 14818 074.0670 298.0155 0005313 176.1320 212.2600 14.76482525990072
1 14839U 77065FS  18213.51300847 -.00000926  00000-0 -32152-2 0  9997
2 14839  28.9934 311.1623 1009350  55.3276  34.2422 11.88964548817079
1 14865U 75094E   18212.83679424  .00000193  00000-0  42130-4 0  9993
2 14865  74.0277   1.2650 0003348 342.1606 170.4969 14.64677491815848
1 14866U 79060C   18212.78200449  .00000411  00000-0  51783-4 0  9999
2 14866  74.0365 206.7599 0002805 276.4557 147.5396 14.85595208829327
1 14879U 74089ES  18213.46883286 -.00000035  00000-0  27568-4 0  9998
2 14879 101.2288  69.7887 0215284 321.8950 154.7793 12.15284369537932
1 14880U 74089ET  18211.42143696 -.00000024  00000-0  11714-3 0  9991
2 14880 101.1394  22.6303 0154913  70.6966 319.5463 12.30310381655543
1 14881U 74089EU  18212.04594506 -.00000025  00000-0  12237-3 0  9993
2 14881 101.5600 240.8745 0066171  44.9340 343.1744 12.42016315683639
1 14883U 73086GS  18213.08395431 -.00000385  00000-0 -39657-2 0  9996
2 14883 102.0252 257.2349 0242435  71.6272 320.3998 11.99545080282553
1 14904U 76077ES  18212.70407620  .00000519  00000-0  28715-2 0  9995
2 14904 102.7266 143.1862 0015575  53.2460  63.1039 12.70275663586394
1 14906U 77121BK  18213.53170175  .00000037  00000-0  12375-3 0  9993
2 14906  65.9533  19.9798 0114550 147.2641 318.9025 13.70876752736153
1 14907U 77121BL  18213.30811293 -.00000023  00000-0  75454-4 0  9996
2 14907  66.0297 316.3975 0061441 111.5150 284.4603 13.53827671812299
1 14908U 78026GH  18213.11955770  .00000375  00000-0  24040-3 0  9993
2 14908  99.1096 183.9824 0100537 300.4275  58.6988 14.07146301867743
1 14909U 78026GJ  18211.36370118 +.00000782 +00000-0 +57600-3 0  9996
2 14909 098.7660 347.4309 0158534 253.0187 136.1782 13.92650853844324
1 14910U 78026GK  18212.89715236 +.00000158 +00000-0 +97389-4 0  9997
2 14910 099.0911 085.0055 0018097 094.8408 033.0760 14.19208230782867
1 14913U 78026GN  18212.90609167 +.00000165 +00000-0 +86281-4 0  9994
2 14913 098.7184 192.5140 0096464 246.8031 141.9500 14.24555695836577
1 14914U 78026GP  18212.90066569 +.00000141 +00000-0 +63255-4 0  9998
2 14914 098.5639 199.1212 0046196 186.4922 203.4820 14.35725335904565
1 14919U 76067BG  18212.26206112 -.00000026 +00000-0 +10122-3 0  9992
2 14919 065.8034 132.8942 0716155 104.4674 341.2823 12.30303286280496
1 14925U 81053JX  18212.86442992 +.00000646 +00000-0 +31693-3 0  9997
2 14925 082.8614 096.2562 0028606 080.4823 279.9587 14.16153152871797
1 14928U 83075F   18212.93759840 +.00000123 +00000-0 +11232-4 0  9995
2 14928 097.9347 022.1202 0030856 259.2780 254.3602 15.12482241882010
1 14950U 77117C   18212.52511012 -.00000005  00000-0 -10509-4 0  9999
2 14950  81.2481 241.5932 0036258 151.8755  11.7844 14.08687267 87422
1 15033U 84056C   18212.93598622 +.00000119 +00000-0 +43457-4 0  9991
2 15033 074.0715 018.3878 0013643 255.6290 262.1036 14.43043749786795
1 15205U 84088E   18212.38932260 +.00000055 +00000-0 +24789-5 0  9993
2 15205 028.7315 348.1241 1925567 339.1753 032.0075 10.92853193922629
1 15340U 65027R   18212.18567948 +.00000039 +00000-0 +10675-3 0  9999
2 15340 090.3037 295.6791 0036250 057.3929 331.1304 12.97542238610136
1 15490U 85006C   18212.20967232 +.00000165 +00000-0 +46035-4 0  9997
2 15490 074.0338 039.2972 0003602 185.7905 174.3217 14.53714396764492
1 15491U 85006D   18211.00212104 +.00000112 +00000-0 +40720-4 0  9993
2 15491 074.0453 323.9100 0016585 028.8014 331.4055 14.43726053755240
1 15519U 68097EF  18212.82894369 -.00000152 +00000-0 -12511-4 0  9998
2 15519 062.3647 319.4741 0927452 064.3991 304.9875 13.03504411444157
1 15521U 74083C   18212.91378391 +.00000068 +00000-0 +32004-4 0  9998
2 15521 081.2109 114.4446 0037662 314.9457 166.1221 14.08957411253096
