1 00403U 61015EC  18212.84048104 -.00000068  00000-0  62489-5 0  9992
2 00403  66.8429 343.0645 0020474 356.4817 163.9329 13.80719084874395
1   405U 61015EE  18212.95064954 -.00000015 +00000-0 +66381-4 0  9993
2   405 066.8936 034.4422 0086237 350.7169 160.9511 13.65728177839195
1 00406U 61015EF  18213.18386472  .00000033  00000-0  11960-3 0  9993
2 00406  66.7800 275.3931 0119553 160.3633 231.4418 13.66661582828213
1 04026U 61004G   18212.73537324  .00000436  00000-0  14492-3 0  9997
2 04026  38.8407  96.4653 0570258 250.1528 103.6890 13.78329527733936
1 04028U 61015JQ  18212.13462930  .00000146  00000-0  56181-4 0  9995
2 04028  66.7527 254.7021 0102396  37.6656 323.1566 14.53196532954849
1 40221U 93036BVA 18212.05628852  .00000862  00000-0  12658-3 0  9991
2 40221  73.9069 349.9263 0189029 317.8081 160.1836 14.65966204364368
1 40223U 93036BVC 18212.16785972 +.00000821 +00000-0 +25665-3 0  9999
2 40223 073.9664 153.5371 0043537 205.4508 215.1276 14.41822258202767
1 40224U 93036BVD 18208.92816750 +.00000696 +00000-0 +14144-3 0  9998
2 40224 073.9984 025.3154 0144682 262.6890 251.7781 14.56911665204429
1 40225U 93036BVE 18213.20983973  .00000795  00000-0  18397-3 0  9992
2 40225  74.0473  43.6192 0016081  91.9008  28.6569 14.56759673343546
1 40226U 93036BVF 18213.50068497  .00002771  00000-0  28083-3 0  9990
2 40226  74.0735 259.3572 0056437 235.3982 192.1122 14.90283243348360
1 40227U 93036BVG 18204.81995322 +.00002772 +00000-0 +29737-3 0  9999
2 40227 074.0139 255.9209 0011677 000.0297 000.0882 14.89117813323350
1 40228U 93036BVH 18209.35280726 +.00000091 +00000-0 +39851-4 0  9990
2 40228 074.0560 174.0767 0025851 193.7248 318.5237 14.36452818337450
1 40229U 93036BVJ 15063.79224105 +.00012258 +00000-0 +18437-2 0  9996
2 40229 074.0119 105.2665 0077273 152.8421 219.3698 14.72486295272406
1 40230U 93036BVK 18212.85882528  .00000142  00000-0  55180-4 0  9990
2 40230  74.0472 163.5864 0022189 171.7051 219.1959 14.38123857376589
1 40231U 93036BVL 18213.20968163  .00001362  00000-0  14163-3 0  9991
2 40231  74.0121 137.6896 0064243 208.0277 151.7441 14.89546160400216
1 40232U 93036BVM 18211.10480704  .00001074  00000-0  18385-3 0  9999
2 40232  74.1301 356.4599 0032844 327.9406 152.0651 14.69773444360044
1 40233U 93036BVN 18212.38306916 +.00000333 +00000-0 +10925-3 0  9992
2 40233 073.9464 107.5270 0063274 061.7763 298.9761 14.41153859202536
1 40234U 93036BVP 18212.77378355  .00007837  00000-0  63139-3 0  9993
2 40234  74.0123 326.0904 0012053   0.9466 150.9923 15.00019558317118
1 40235U 93036BVQ 18171.42180649  .00000415  00000-0  12663-3 0  9998
2 40235  74.0276 185.3448 0020087 243.8539 185.2726 14.44934584343238
1 40236U 93036BVR 18212.19238489  .00000406  00000-0  47945-3 0  9996
2 40236  73.5412  39.1010 0554168 165.1757 196.6353 13.19469061202933
1 40237U 93036BVS 18213.10955127  .00000766  00000-0  21803-3 0  9998
2 40237  74.0465 115.5275 0014336 113.4893 313.6300 14.46923293247233
1 40238U 93036BVT 18213.30375731  .00000122  00000-0  15463-3 0  9999
2 40238  73.9927 198.0951 0581747 324.5375  31.8298 13.17694069373853
1 40239U 93036BVU 18212.03409986 +.00000005 +00000-0 +79385-5 0  9994
2 40239 074.0335 343.0409 0094222 050.9874 066.0852 14.54288383204297
1 40242U 94029AGJ 18213.21909496  .00000528  00000-0  14688-3 0  9996
2 40242  81.8763  35.1521 0432804 266.1334  89.0265 14.02202726747598
1 40243U 94029AGK 18212.43671585 +.00002244 +00000-0 +51688-3 0  9993
2 40243 081.9569 218.3552 0385944 220.1548 137.0526 14.18025891198533
1 40244U 94029AGL 18212.60303197  .00000627  00000-0  11491-3 0  9995
2 40244  81.9165 312.5476 0239708 143.8186 217.9498 14.47232193499338
1 40245U 08046T   18212.26788973  .00000202  00000-0  20713-3 0  9997
2 40245  65.2525 310.6142 5724811   7.3312 358.3671  4.35159984 63362
1 40248U 97082H   18213.03885789  .00009316  00000-0  91936-3 0  9997
2 40248  85.8465 315.4804 0030606 271.9158  87.8563 14.91510355206974
1 40249U 97082J   18213.33633090  .00000163  00000-0  49573-4 0  9999
2 40249  86.3909  82.4625 0002372 102.5732 257.5730 14.35751752216128
1 40251U 97082L   18211.17236342  .00001316  00000-0  76770-3 0  9990
2 40251  86.3412 111.8691 0170851 167.0416 193.5237 14.00714354200441
1 40252U 97082M   18212.05473897  .00001413  00000-0  27477-3 0  9995
2 40252  86.4018  65.3375 0044869 335.7764 177.7574 14.61788986208698
1 40254U 97082P   18212.86256457 -.00000119  00000-0 -83337-4 0  9999
2 40254  86.0302  64.9059 0196684 202.9479 156.2820 13.97287128199412
1 40255U 97082Q   18212.42820179 +.00001275 +00000-0 +75786-3 0  9990
2 40255 086.2816 107.7276 0227992 216.1162 142.4431 13.94677371199870
1 40256U 97082R   18212.68261766  .00043205  00000-0  13364-2 0  9992
2 40256  86.2745 359.5102 0018355 282.0682  77.8511 15.33149039213515
1 40263U 14059C   18212.67653107 +.00000503 +00000-0 +12980-3 0  9994
2 40263 098.2880 301.9027 0108251 250.8299 108.1154 14.51013407203120
1 40264U 14059D   18213.45710775  .00000561  00000-0  14357-3 0  9991
2 40264  97.7704 221.6214 0109115 194.7477 165.0529 14.50415747203209
1 40265U 14059E   18212.86198340 +.00000182 +00000-0 +86385-4 0  9994
2 40265 097.9065 171.0799 0196100 000.7360 359.4071 14.19769142198889
1 40266U 14059F   18212.89739375 -.00000003 +00000-0 +14788-4 0  9998
2 40266 098.2282 236.2343 0191124 035.6505 325.7265 14.20957883199046
1 40288U 14066C   18212.95928548 +.00000212 +00000-0 +96678-4 0  9998
2 40288 097.9017 208.5824 0189341 087.9685 274.3164 14.20510564194846
1 40289U 14066D   18213.46966061  .00000254  00000-0  71836-4 0  9993
2 40289  98.5585 359.0913 0106981   2.0195 358.1409 14.51171866199095
1 40290U 14066E   18213.48439030  .00000356  00000-0  91940-4 0  9999
2 40290  97.9352 278.8556 0093785 288.7243  70.3794 14.53196680199393
1 40291U 14066F   18213.19462769  .00000072  00000-0  42587-4 0  9991
2 40291  98.4512 295.8650 0177923 120.5504 241.3368 14.23816415195409
1 40317U 84072C   18212.86198877 +.00001313 +00000-0 +10850-2 0  9998
2 40317 082.5274 169.0164 0021527 312.4194 047.5146 13.88215305185729
1 40318U 84072D   18210.35433425 +.00000590 +00000-0 +49449-3 0  9995
2 40318 082.5338 174.1270 0014438 269.5679 243.8594 13.86680669189302
1 40326U 02005J   18213.11594693  .00010346  00000-0  11535-2 0  9996
2 40326  86.4108  88.6896 0019194 277.8190  82.0856 14.86821005196557
1 40327U 02005K   18213.15117030  .00001424  00000-0  32727-3 0  9991
2 40327  86.3867 101.8607 0008652 293.8061  66.2239 14.54805330193812
1 40328U 14000A   18213.12053354  .00000165  00000-0  00000+0 0  9991
2 40328  70.5536 220.7210 4544717  85.9409 323.0480  2.02608779 34701
1 40357U 91009DZ  16154.58381461  .00000158  00000-0  10000-3 0  9999
2 40357  73.9315 241.5768 0177894 337.7497  21.6336 12.28556721336213
1 40395U 95015G   18213.24514265  .00000194  00000-0  10668-3 0  9993
2 40395  98.7562 223.9633 0027925 359.5608   0.5541 14.22355972181093
1 40396U 95015H   18212.98899858 -.00000012  00000-0  15331-4 0  9991
2 40396  98.7715 216.8017 0015699  13.1312 347.0269 14.18576586180626
1 40397U 95015J   18212.96732431 +.00000376 +00000-0 +20223-3 0  9990
2 40397 098.7795 216.5374 0010897 053.0481 307.1691 14.18750046177484
1 40398U 95015K   18213.46498516  .00000015  00000-0  30020-4 0  9997
2 40398  98.7922 213.8465 0007727  78.1436 282.0604 14.16036059180369
1 40399U 95015L   18212.78590446  .00000409  00000-0  22122-3 0  9997
2 40399  98.7832 215.7817 0009668  19.1570 340.9967 14.18030315180448
1 40400U 95015M   18212.95568087 +.00000189 +00000-0 +81339-4 0  9996
2 40400 098.6548 223.9769 0152930 239.6890 118.9089 14.29803724178872
1 40401U 95015N   18213.39633434  .00000362  00000-0  25464-3 0  9994
2 40401  98.8228 187.6099 0059952 294.1341  65.3564 14.03534282177671
1 40402U 95015P   18213.47215641  .00000182  00000-0  91935-4 0  9997
2 40402  98.7564 219.1179 0161946  91.2994 270.6740 14.20441958179643
1 40403U 95015Q   18212.43419736 +.00000268 +00000-0 +14823-3 0  9999
2 40403 098.7770 218.0840 0012538 045.7838 314.4365 14.19409604177524
1 40404U 95015R   18212.95309529 +.00000062 +00000-0 +53344-4 0  9999
2 40404 098.7935 213.5068 0007059 084.5159 275.6820 14.16091337177205
1 40405U 95015S   18213.22956417  .00000293  00000-0  17285-3 0  9994
2 40405  98.8561 210.3930 0136794 179.9027 180.2193 14.10609523179478
1 40406U 95015T   18212.84953782 +.00003059 +00000-0 +12123-2 0  9992
2 40406 098.7396 226.5355 0004053 101.3318 258.8319 14.29593335178236
1 40407U 95015U   18212.98321300  .00000013  00000-0  29114-4 0  9990
2 40407  98.7932 213.0714 0007374  87.2625 272.9393 14.15888052180178
1 40408U 95015V   18212.78359537  .00002381  00000-0  72739-3 0  9992
2 40408  98.7442 239.2135 0028376 247.6065 112.2116 14.42588839182088
1 40409U 95015W   18212.84939779  .00000186  00000-0  11302-3 0  9992
2 40409  98.7852 214.6047 0003893  76.6883 283.4726 14.17650627180306
1 40410U 95015X   18213.41413963  .00000260  00000-0  15837-3 0  9990
2 40410  98.8110 211.9016 0018852 170.3152 189.8388 14.14510864179973
1 40411U 95015Y   18212.76847176  .00000313  00000-0  19644-3 0  9994
2 40411  98.8310 206.3165 0025004 245.2404 114.6165 14.11486337179500
1 40412U 95015Z   18212.98699010  .00000018  00000-0  29565-4 0  9997
2 40412  98.7708 218.6792 0019657   9.7242 350.4311 14.19264261180584
1 40413U 95015AA  18212.81821084 +.00000317 +00000-0 +16714-3 0  9991
2 40413 098.7781 222.5667 0016983 358.8260 001.2874 14.20723795177729
1 40414U 95015AB  18212.23196922 +.00000413 +00000-0 +21164-3 0  9996
2 40414 098.7746 221.0267 0014625 355.0816 005.0215 14.20772124177617
1 40415U 95015AC  18212.95541328 +.00000258 +00000-0 +14822-3 0  9990
2 40415 098.7849 214.8272 0008135 358.8520 001.2635 14.17704786177338
1 40416U 95015AD  18212.95936714 +.00000320 +00000-0 +18088-3 0  9996
2 40416 098.7862 213.9383 0006414 076.7690 283.4200 14.17121675177274
1 40418U 95015AF  18212.86286200 +.00000238 +00000-0 +13247-3 0  9996
2 40418 098.7718 219.1312 0011341 032.3544 327.8326 14.20128276177693
1 40431U 95015AH  18212.57291807 +.00001197 +00000-0 +34570-3 0  9995
2 40431 098.7002 259.3985 0097060 221.1842 138.1996 14.43854633179479
1 40434U 95015AL  18213.33061647  .00000163  00000-0  11111-3 0  9998
2 40434  98.7986 183.5840 0192690 352.7377   7.1008 14.03764054177560
1 40435U 95015AM  18212.78378494 +.00007178 +00000-0 +41032-2 0  9995
2 40435 098.3469 159.8177 0076049 317.7180 041.8144 14.08365423175021
1 40436U 95015AN  18213.21350719  .00000213  00000-0  24208-3 0  9995
2 40436  98.8747 126.1310 0235389 164.2046 196.6607 13.68512078173084
1 40437U 95015AP  18212.47179418 +.00001444 +00000-0 +64853-3 0  9995
2 40437 098.7532 222.6408 0027790 019.4921 340.7314 14.23757783177070
1 40438U 95015AQ  18212.89577884  .00000837  00000-0  45524-3 0  9990
2 40438  98.7458 198.1506 0028799 193.2556 166.7863 14.14762660178514
1 40439U 95015AR  18213.09921870  .00008404  00000-0  18386-2 0  9995
2 40439  98.9194 263.7584 0010276  75.6262 284.6074 14.57968950183424
1 40441U 95015AT  18212.94528109 +.00000296 +00000-0 +17856-3 0  9992
2 40441 098.8124 210.3063 0023032 173.1749 186.9742 14.14011086176078
1 40442U 95015AU  18212.83022644 -.00000013 +00000-0 +15842-4 0  9996
2 40442 098.8034 210.1242 0011498 149.7024 210.4816 14.14179955176181
1 40443U 95015AV  18212.47784063 +.00000012 +00000-0 +25534-4 0  9994
2 40443 098.7679 225.4565 0041002 027.2191 333.1123 14.21772506177007
1 40444U 95015AW  18212.87185580 +.00003319 +00000-0 +11025-2 0  9999
2 40444 098.7513 242.5381 0027229 304.2272 055.6335 14.38219144178323
1 40447U 95015AZ  18212.50342962  .00000283  00000-0  15282-3 0  9998
2 40447  98.7742 220.1964 0016826  24.3152 335.8815 14.20346304179414
1 40448U 95015BA  18213.19774849  .00000429  00000-0  27876-3 0  9992
2 40448  98.8151 193.7341 0045159 275.1089  84.4927 14.07380937177784
1 40449U 95015BB  18212.88863621 +.00000640 +00000-0 +37182-3 0  9991
2 40449 098.7522 193.6281 0028289 201.5532 158.4451 14.12002049175771
1 40450U 95015BC  18213.49704328  .00000342  00000-0  17842-3 0  9999
2 40450  98.7634 220.5527 0017353  32.9976 327.2281 14.20839197177925
1 40461U 95015BD  18211.05977792 +.00001402 +00000-0 +50103-3 0  9993
2 40461 098.7864 249.0525 0046065 316.2708 043.4831 14.35143925176929
1 40462U 95015BE  18212.41264359  .00000904  00000-0  55920-3 0  9991
2 40462  98.8588 198.8383 0054414 294.3075  65.2417 14.07092741177704
1 40463U 95015BF  18212.30341391 +.00000840 +00000-0 +32673-3 0  9991
2 40463 098.7710 247.5708 0053325 318.3668 041.3460 14.31762431177002
1 40464U 95015BG  18213.34225158  .00000446  00000-0  34146-3 0  9998
2 40464  98.8200 172.9543 0097431 335.6865  23.9717 13.96254662176410
1 40465U 95015BH  18213.17506426  .00000691  00000-0  43541-3 0  9991
2 40465  98.8666 201.5382 0046578 284.9231  74.6783 14.07051294177939
1 40466U 95015BJ  18212.83693838  .00001745  00000-0  58088-3 0  9991
2 40466  98.6780 239.9083 0058399 305.0900  54.4819 14.37980366181890
1 40467U 95015BK  18213.53102296  .00005461  00000-0  70101-3 0  9992
2 40467  98.7807 319.5774 0088390  78.5327 282.5792 14.78949036186100
1 40468U 95015BL  18212.23370475 +.00000575 +00000-0 +28765-3 0  9995
2 40468 098.7855 221.4648 0015155 354.3032 005.7970 14.20580090175820
1 40469U 95015BM  18212.84243312 +.00000716 +00000-0 +31249-3 0  9990
2 40469 098.7440 230.3888 0034483 339.6787 020.3019 14.26719470176497
1 40470U 95015BN  18212.88606710  .00000598  00000-0  38942-3 0  9996
2 40470  98.8317 192.1649 0053074 283.0065  76.5181 14.05542545177624
1 40471U 95015BP  18212.41733466  .00000535  00000-0  31709-3 0  9990
2 40471  98.8131 202.8162 0024886 243.0525 116.8104 14.11662398177476
1 40472U 95015BQ  18213.19352584  .00002106  00000-0  33686-3 0  9997
2 40472  98.7033 302.9310 0138664  99.9309 261.7577 14.66753294184009
1 40473U 95015BR  18213.07369241  .00000508  00000-0  41581-3 0  9990
2 40473  98.8023 156.8393 0136937   4.8241 355.4203 13.89627465174806
1 40474U 95015BS  18212.93638738 +.00002749 +00000-0 +78171-3 0  9999
2 40474 098.8664 275.0607 0066620 239.1751 120.2872 14.44932078178355
1 40475U 95015BT  18212.91851147 +.00000623 +00000-0 +38715-3 0  9998
2 40475 098.8436 197.5458 0052585 287.4400 072.1025 14.07990327174404
1 40476U 95015BU  18213.31867645  .00001213  00000-0  36410-3 0  9990
2 40476  98.6139 244.9855 0092458 239.6402 119.5621 14.42198813180476
1 40477U 95015BV  18213.26489282  .00000623  00000-0  29337-3 0  9996
2 40477  98.7591 224.6627 0031883  37.7644 322.5763 14.23266295178189
1 40478U 95015BW  18213.10646398  .00000783  00000-0  55195-3 0  9991
2 40478  98.8053 176.6053 0085669 313.6766  45.7320 13.99184111175172
1 40479U 95015BX  18212.94717361 +.00000168 +00000-0 +10660-3 0  9997
2 40479 098.7990 215.0015 0004086 011.6335 348.4933 14.16387932175235
1 40480U 95015BY  18212.13078923  .00001371  00000-0  88890-3 0  9991
2 40480  98.7659 179.8845 0084930 311.8366  47.5572 14.02571111175237
1 40481U 95015BZ  18212.76384536  .00001252  00000-0  75365-3 0  9992
2 40481  98.7756 190.3749 0057978 280.0479  79.4152 14.07756596175911
1 40487U 95015CA  18213.37355903  .00000767  00000-0  50418-3 0  9994
2 40487  98.8645 193.9205 0063344 300.3588  59.1325 14.03936148175121
1 40489U 95015CC  18212.13863716  .00001173  00000-0  72892-3 0  9997
2 40489  98.7883 187.4822 0062014 287.5498  71.8901 14.06007610174977
1 40490U 95015CD  18212.62017925 +.00000452 +00000-0 +41408-3 0  9994
2 40490 098.7978 139.3669 0177830 054.0978 307.6537 13.80749934170583
1 40491U 95015CE  18212.47216987  .00000731  00000-0  32141-3 0  9991
2 40491  98.7146 222.2261 0036797  10.1105 350.0807 14.26232505177493
1 40492U 95015CF  18212.80599936  .00000640  00000-0  30345-3 0  9990
2 40492  98.7717 224.8966 0035750  67.7168 292.7794 14.22698337177552
1 40493U 95015CG  18213.34521625  .00002789  00000-0  80029-3 0  9991
2 40493  98.6734 249.7904 0062293 242.3989 117.0866 14.44607970179584
1 40494U 95015CH  18213.45959067  .00003992  00000-0  81203-3 0  9991
2 40494  98.7923 286.4776 0088882 175.5267 184.6746 14.59216408181307
1 40495U 95015CJ  18213.32477623  .00001000  00000-0  34745-3 0  9998
2 40495  98.6943 245.2986 0071261 262.5368  96.7716 14.36334925179012
1 40496U 95015CK  18212.99381043  .00001451  00000-0  59460-3 0  9992
2 40496  98.7026 220.4927 0043145  34.7305 325.6679 14.28169860177808
1 40497U 95015CL  18212.87077980 +.00000573 +00000-0 +29388-3 0  9992
2 40497 098.7790 216.9828 0007730 049.8841 310.3011 14.19335877175339
1 40498U 95015CM  18212.78140127  .00000608  00000-0  35033-3 0  9990
2 40498  98.8030 202.3278 0036825 194.0364 165.9787 14.12518688175954
1 40499U 95015CN  18212.97319082  .00000642  00000-0  32786-3 0  9990
2 40499  98.7715 215.3405 0013036 323.9212  36.1083 14.19146593176682
1 40500U 95015CP  18213.26610957  .00001269  00000-0  67118-3 0  9994
2 40500  98.8685 221.3471 0028808 291.2343  68.5754 14.15372413176038
1 40501U 95015CQ  18213.01738577  .00001490  00000-0  27933-3 0  9994
2 40501  98.6485 284.9043 0134161 122.8215 238.5987 14.60780080181443
1 40502U 95015CR  18212.37126823 +.00003225 +00000-0 +85612-3 0  9994
2 40502 098.7794 265.0042 0077992 205.6598 154.0715 14.47597855178098
1 40504U 95015CT  18212.15983860 +.00000718 +00000-0 +46728-3 0  9993
2 40504 098.8495 192.4928 0055194 293.3226 066.2140 14.04923280173502
1 40508U 95015CU  18211.89317148 +.00000664 +00000-0 +43172-3 0  9997
2 40508 098.8658 195.8855 0054426 296.7512 062.8093 14.05301670172147
1 40509U 95015CV  18212.46322293 +.00000087 +00000-0 +61543-4 0  9991
2 40509 098.7854 223.6081 0024177 000.9534 359.1684 14.20015536173975
1 40510U 95015CW  18213.01986792  .00003104  00000-0  58347-3 0  9995
2 40510  98.7735 292.3446 0102046 143.5354 217.2853 14.62137300180935
1 40511U 95015CX  18212.21274580  .00000696  00000-0  38359-3 0  9996
2 40511  98.8479 215.4916 0018303 230.2463 129.7098 14.14788742176300
1 40513U 95015CZ  18212.96749618 +.00000174 +00000-0 +10907-3 0  9999
2 40513 098.7887 213.9661 0008250 084.8877 275.3239 14.16757317173629
1 40514U 95015DA  18212.61541575  .00007143  00000-0  16210-2 0  9999
2 40514  98.8901 268.2696 0041376 202.0891 157.8523 14.55840230182388
1 40515U 95015DB  18212.92572021 +.00000583 +00000-0 +33217-3 0  9992
2 40515 098.8075 206.4778 0024897 263.2532 096.5807 14.13492056173068
1 40516U 95015DC  18212.18849476 +.00000553 +00000-0 +30042-3 0  9992
2 40516 098.7734 206.5186 0028208 139.5466 220.7812 14.16164878173355
1 40517U 95015DD  18212.81280631 +.00000699 +00000-0 +32276-3 0  9997
2 40517 098.7482 223.6291 0028603 326.4593 033.4774 14.23989884174324
1 40518U 95015DE  18213.38089684  .00001317  00000-0  36139-3 0  9996
2 40518  98.7135 265.7162 0108625 197.3746 162.3716 14.45422013179842
1 40519U 95015DF  18213.38055601  .00001320  00000-0  29629-3 0  9999
2 40519  98.6963 279.4110 0128464 157.3023 203.3923 14.53389903180693
1 40520U 95015DG  18213.28961710  .00001010  00000-0  41984-3 0  9991
2 40520  98.7619 236.0691 0036089   4.5276 355.6224 14.28287704177656
1 40521U 95015DH  18212.28944418  .00000685  00000-0  29430-3 0  9996
2 40521  98.7609 235.5463 0039988 357.8019   2.2979 14.27595852177586
1 40522U 95015DJ  18213.25097157  .00001318  00000-0  60956-3 0  9996
2 40522  98.7668 220.4302 0006553  42.5632 317.6053 14.22574333176837
1 40523U 95015DK  18212.50010334  .00000684  00000-0  32143-3 0  9998
2 40523  98.7845 228.5542 0022112  18.4329 341.7645 14.23232715177083
1 40524U 95015DL  18213.00264102  .00001585  00000-0  51448-3 0  9999
2 40524  98.6197 233.0640 0071801 297.7432  61.6486 14.38840023179164
1 40525U 95015DM  18212.22334390  .00000631  00000-0  33127-3 0  9995
2 40525  98.8265 221.5441 0017586 316.3918  43.5866 14.17702056176293
1 40526U 95015DN  18212.96960983 +.00000603 +00000-0 +29046-3 0  9994
2 40526 098.7644 221.7787 0037314 073.0929 287.4334 14.22036688174372
1 40527U 95015DP  18213.15407039  .00000788  00000-0  49100-3 0  9992
2 40527  98.8017 191.6080 0048238 257.0005 102.5775 14.07190367175279
1 40528U 00047E   18213.37724751 -.00000085  00000-0  37200-5 0  9992
2 40528  67.9945 184.2132 0065739 241.8111 272.4917 14.92280328255463
1 40529U 00047F   18212.55743445 -.00000108 +00000-0 +16139-5 0  9997
2 40529 067.9943 183.5209 0065278 241.8667 117.5868 14.92614286183023
1 40530U 13057C   18212.80362858 +.00000308 +00000-0 +77265-4 0  9994
2 40530 075.0586 253.3152 0223983 204.6924 154.3388 14.40674600176525
1 40531U 13057D   18212.41919361 +.00000334 +00000-0 +84699-4 0  9997
2 40531 074.9765 245.1422 0233253 249.8783 107.7145 14.39143760176368
1 40532U 13057E   18212.36861493 +.00000278 +00000-0 +73069-4 0  9990
2 40532 074.8764 230.8395 0236073 268.9198 088.4908 14.38047127176341
1 40533U 13057F   18212.44221999  .00000279  00000-0  68849-4 0  9992
2 40533  74.9261 216.9582 0216236 239.0462 118.9294 14.43047523249669
1 40551U 65108DR  18210.18966837 -.00000841  00000-0 -69405-2 0  9996
2 40551  26.5574 143.6159 6909017 259.2119 334.1360  2.58178593 92331
1 40558U 95015DR  18213.41424528  .00000484  00000-0  31813-3 0  9992
2 40558  98.8167 191.6178 0052496 271.9642  87.5514 14.05941517173326
1 40559U 95015DS  18212.67271491 +.00001172 +00000-0 +69493-3 0  9999
2 40559 098.6299 175.1247 0052771 247.4929 112.0650 14.08788913171041
1 40560U 95015DT  18212.84690046  .00000603  00000-0  29193-3 0  9992
2 40560  98.7696 223.2835 0019046   0.2569 359.8615 14.22117565176734
1 40561U 95015DU  18212.42114841  .00003022  00000-0  85339-3 0  9993
2 40561  98.8834 273.7380 0066777 226.0866 133.4800 14.45176476177213
1 40562U 95015DV  18212.96053795 +.00001455 +00000-0 +70813-3 0  9992
2 40562 098.7783 214.2685 0008473 192.4346 167.6622 14.19740614172164
1 40563U 95015DW  18212.81797255 +.00000596 +00000-0 +29547-3 0  9996
2 40563 098.7620 217.6319 0026231 072.6548 287.7494 14.20763855172469
1 40564U 95015DX  18212.26509723  .00000949  00000-0  41847-3 0  9996
2 40564  98.7663 229.1404 0032910  43.4649 316.9116 14.25455853175324
1 40565U 95015DY  18212.63303516  .00000460  00000-0  44331-3 0  9999
2 40565  98.7961 132.0140 0188060  86.2796 275.9838 13.76904092171130
1 40566U 95015DZ  18212.88199318  .00001258  00000-0  40373-3 0  9998
2 40566  98.7215 253.1857 0083871 233.1695 126.1779 14.39297277177001
1 40567U 95015EA  18212.97546729  .00002330  00000-0  62647-3 0  9991
2 40567  98.7723 268.1426 0079594 222.2226 137.2818 14.47206269179021
1 40568U 95015EB  18212.43595243  .00000640  00000-0  35343-3 0  9993
2 40568  98.7701 201.8559 0036728 164.5495 195.6809 14.14580376174196
1 40569U 95015EC  18212.81174942  .00001610  00000-0  67517-3 0  9991
2 40569  98.7559 226.8059 0029391  50.7704 309.6078 14.27120888175397
1 40570U 95015ED  18212.80943122  .00001138  00000-0  51578-3 0  9991
2 40570  98.7515 221.4548 0019369 321.0919  38.8864 14.23848144175360
1 40571U 95015EE  18213.34827075  .00000921  00000-0  31353-3 0  9998
2 40571  98.7107 250.5020 0073998 270.1750  89.0957 14.37438500176774
1 40572U 95015EF  18212.86791729 +.00001490 +00000-0 +61684-3 0  9993
2 40572 098.7194 223.2890 0039535 039.9836 320.4244 14.27703279173087
1 40573U 95015EG  18212.83962975 +.00001742 +00000-0 +56607-3 0  9993
2 40573 098.6359 234.8302 0068554 303.5025 055.9624 14.38790175174298
1 40574U 95015EH  18212.90100331 +.00000981 +00000-0 +61485-3 0  9996
2 40574 098.8399 194.4618 0060438 300.0828 059.4356 14.06010576170520
1 40575U 95015EJ  18212.49817226 +.00000709 +00000-0 +32927-3 0  9996
2 40575 098.7538 223.4264 0022833 005.0702 355.0703 14.23657099172670
1 40576U 95015EK  18212.86021997 +.00000679 +00000-0 +30211-3 0  9990
2 40576 098.7656 232.0446 0038515 028.7380 331.5911 14.25765203172981
1 40577U 95015EL  18213.46451069  .00000852  00000-0  41092-3 0  9997
2 40577  98.7551 217.4091 0018155 331.4789  28.5393 14.21230164174757
1 40578U 95015EM  18212.43559911  .00001741  00000-0  52179-3 0  9995
2 40578  98.8820 278.0180 0085447 237.2745 122.0185 14.42089310179069
1 40579U 95015EN  18212.83254690  .00000960  00000-0  34928-3 0  9990
2 40579  98.6479 230.3279 0067191 315.8907  43.6930 14.34233706177635
1 40580U 95015EP  18212.94072087 +.00000558 +00000-0 +31711-3 0  9992
2 40580 098.7959 205.5205 0017200 261.1822 098.7403 14.13872765171584
1 40581U 95015EQ  18212.46331888  .00000633  00000-0  34462-3 0  9997
2 40581  98.8591 222.3931 0027116 311.8552  48.0308 14.15622128173932
1 40582U 95015ER  18213.11709877  .00000906  00000-0  63558-3 0  9999
2 40582  98.7502 171.2088 0100077 319.2978  40.0738 13.98407154171804
1 40583U 95015ES  18212.88034973 +.00000631 +00000-0 +26771-3 0  9992
2 40583 098.7717 240.4719 0042911 341.9046 018.0605 14.28440402173372
1 40585U 95015EU  18212.81194475  .00005957  00000-0  15847-2 0  9998
2 40585  97.8357 166.3039 0045431  85.3883 275.2499 14.48257036181427
1 40592U 64051F   18212.56778000 +.00001837 +00000-0 +10247-2 0  9998
2 40592 079.8936 346.9657 0082792 217.3712 142.1679 14.08964647168098
1 40594U 14088D   18213.04543610  .00000835  00000-0  26534-4 0  9991
2 40594  97.3445 302.3474 0003577 238.2175 121.8721 15.35469779196283
1 40600U 95015EX  18212.93989263 +.00000847 +00000-0 +50830-3 0  9991
2 40600 098.9120 214.1938 0048623 309.8085 049.8809 14.09108126168369
1 40601U 95015EY  18212.25524399  .00000715  00000-0  35627-3 0  9993
2 40601  98.7990 222.1853 0015061 333.4751  26.5653 14.20042132172890
1 40602U 95015EZ  18212.30015126 +.00001914 +00000-0 +69054-3 0  9996
2 40602 098.7626 244.9735 0039088 330.3038 029.5927 14.34402157171042
1 40603U 95015FA  18211.71983706  .00006169  00000-0  76314-3 0  9993
2 40603  98.6868 302.4253 0084562  75.1474 285.9083 14.80636491180615
1 40604U 95015FB  18213.39193869  .00001396  00000-0  28869-3 0  9992
2 40604  98.6811 283.6626 0133002 142.3733 218.6860 14.56637925177558
1 40605U 95015FC  18213.48102615  .00000428  00000-0  20633-3 0  9998
2 40605  98.7801 228.3821 0037460  56.8464 303.6299 14.23441664173614
1 40606U 95015FD  18212.97286284  .00001305  00000-0  59773-3 0  9999
2 40606  98.7654 221.3517 0008816  37.7928 322.3868 14.23094321173379
1 40608U 95015FF  18211.97142206 +.00000080 +00000-0 +55443-4 0  9995
2 40608 098.7527 222.9151 0032749 003.7368 356.4048 14.22294512169954
1 40609U 95015FG  18213.27046530  .00000646  00000-0  32867-3 0  9996
2 40609  98.7803 217.3756 0006333  48.2094 311.9622 14.19280618174601
1 40610U 95015FH  18212.78624437  .00000535  00000-0  27557-3 0  9998
2 40610  98.7754 215.3152 0033021 107.7426 252.7358 14.19012574174512
1 40611U 95015FJ  18212.20067346  .00000579  00000-0  31309-3 0  9994
2 40611  98.7840 208.3562 0035137 147.5725 212.7618 14.16097872173076
1 40612U 95015FK  18212.95063757 +.00000499 +00000-0 +26035-3 0  9990
2 40612 098.7806 216.5557 0008674 067.9455 292.2642 14.18961187169600
1 40641U 66040BE  18212.81127252  .00000471  00000-0  98310-3 0  9999
2 40641 100.4081 343.9858 0052450 189.8265 170.1838 13.37396812255694
1 40642U 66040BF  18212.85229373 +.00000920 +00000-0 +17219-2 0  9998
2 40642 100.3481 356.7007 0057059 176.5165 183.6370 13.41425092157855
1 40643U 66040BG  15204.71474409 +.00001365 +00000-0 +26821-2 0  9997
2 40643 100.4139 297.3936 0058702 252.2779 107.1932 13.37212767095402
1 40644U 66040BH  18212.80332004  .00000607  00000-0  12401-2 0  9991
2 40644 100.3756 338.2312 0060806 198.3502 161.5429 13.37277150158505
1 40645U 66040BJ  18212.79220541  .00000985  00000-0  19675-2 0  9991
2 40645 100.3892 337.6586 0056048 198.3559 161.5543 13.36970318220623
1 40646U 66040BK  18211.79054047  .00001011  00000-0  19143-2 0  9998
2 40646 100.3790 339.0700 0057096 179.0612 181.0631 13.40360935221264
1 40647U 66040BL  18212.78831728  .00000345  00000-0  75222-3 0  9998
2 40647 100.3397 332.5058 0052985 189.3562 170.6579 13.36581543181874
1 40648U 66040BM  18212.30068114  .00000799  00000-0  16114-2 0  9995
2 40648 100.3366 331.6335 0050795 191.8905 168.1024 13.37093776178561
1 40649U 15013F   16112.92530742 -.00000050 +00000-0 +00000-0 0  9992
2 40649 052.7812 202.5124 5584158 194.8970 137.7756 03.83508225014614
1 40650U 94074AF  18212.64303052  .00008882  00000-0  55583-3 0  9991
2 40650  98.0463 289.1828 0004804  23.2066 336.9377 15.09648977176783
