1 00416U 61015ER  18213.08941591 -.00000193  00000-0 -57602-4 0  9995
2 00416  66.5223  89.2772 0083254 291.5937  67.6294 14.12213581925749
1   417U 61015ES  18212.90385016 -.00000049 +00000-0 +16137-4 0  9997
2   417 066.7477 018.9842 0070428 005.7900 354.3989 14.17027184929506
1  4141U 69082AJ  18212.93529941 +.00000159 +00000-0 +43906-4 0  9992
2  4141 069.8822 341.4025 0052820 347.4169 012.5648 14.63695747561535
1 04143U 69082M   18212.76204043 -.00000084  00000-0 -14160-4 0  9997
2 04143  70.1137 122.7046 0019487  65.3112 295.0032 14.17282008510585
1  4144U 69082N   18212.83492368 +.00000213 +00000-0 +70644-4 0  9996
2  4144 070.0822 109.5678 0045379 331.6299 028.2365 14.49872833548418
1  4149U 69082T   18210.68768154 +.00000276 +00000-0 +16313-3 0  9992
2  4149 070.3065 109.1912 0036025 148.3189 212.0108 14.16831541510424
1 04155U 69082X   18212.72351977  .00000111  00000-0  62104-4 0  9995
2 04155  70.0495 106.2855 0063268 247.8882 111.5519 14.31588139527621
1 04157U 69082Z   18213.15190943  .00000199  00000-0  43418-4 0  9992
2 04157  70.0210 356.0885 0037651  51.1623 309.2872 14.71943379568439
1 04161U 69082AD  18213.12096858 -.00000031  00000-0  14986-4 0  9998
2 04161  70.0186 268.2329 0058394 100.6306 260.1385 13.98936710492774
1 04164U 69082AG  18212.65794516  .00000366  00000-0  18585-3 0  9992
2 04164  70.0824 104.4670 0039163 141.4026 218.9906 14.23006860501157
1  4169U 69082AM  18212.59127205 +.00000164 +00000-0 +55212-4 0  9990
2  4169 070.1880 279.2904 0041633 298.5056 061.1891 14.52361374550698
1  4171U 69082AP  18212.17481960 +.00000099 +00000-0 +58493-4 0  9999
2  4171 070.0768 211.2342 0037519 185.3949 174.6777 14.31242575526840
1  4173U 69082AR  18212.89703399 +.00000228 +00000-0 +62340-4 0  9993
2  4173 070.0754 023.5121 0038856 300.0560 059.6727 14.58959843552013
1  4174U 69082AS  18212.37676279 +.00000085 +00000-0 +54512-4 0  9996
2  4174 069.9935 346.5212 0049565 323.1461 036.6259 14.30087472529970
1 04177U 69082AV  18213.06065032  .00000610  00000-0  52433-3 0  9998
2 04177  70.0721 166.3774 0110580 140.6415 220.2790 13.88415823456873
1  4178U 69082AW  18212.42458918 +.00000145 +00000-0 +67198-4 0  9995
2  4178 069.8447 208.3434 0083327 273.9521 085.2082 14.36758378524958
1  4180U 69082AY  18212.83827631 +.00000053 +00000-0 +40340-4 0  9993
2  4180 069.9814 001.9247 0079098 247.5573 111.7161 14.31830340535627
1 41404U 00055KH  18213.22250592  .00000944  00000-0  45457-3 0  9990
2 41404  98.9652 308.5396 0041867 228.5165 131.2414 14.20775779126906
1 41405U 00055KJ  18212.53374976  .00000774  00000-0  44655-3 0  9997
2 41405  98.9054 286.4339 0015048 352.1268   7.9665 14.11994121126084
1 41406U 00055KK  18212.70072701 +.00000741 +00000-0 +34541-3 0  9995
2 41406 098.8849 303.4196 0047686 167.6971 192.5383 14.22925344126968
1 41407U 00055KL  18213.07950670  .00004598  00000-0  17101-2 0  9993
2 41407  99.0415 321.4457 0013331 160.9270 199.2414 14.32549200127592
1 41408U 00055KM  18212.40729311 +.00000525 +00000-0 +29325-3 0  9994
2 41408 098.8525 288.5923 0013916 240.2486 119.7303 14.15157148126672
1 41409U 00055KN  18212.46481208  .00000649  00000-0  34472-3 0  9997
2 41409  98.7900 283.6458 0037293 264.4541  95.2379 14.16670205126443
1 41410U 00055KP  18212.02965376  .00000483  00000-0  31433-3 0  9994
2 41410  98.8657 276.8029 0027263  84.0630 276.3645 14.06958435125950
1 41411U 00055KQ  18212.18811231 +.00000470 +00000-0 +25582-3 0  9996
2 41411 098.8627 292.2390 0020876 191.2312 168.8400 14.16993682127435
1 41412U 00055KR  18213.10070549  .00000394  00000-0  25576-3 0  9997
2 41412  98.7676 267.8525 0027795  27.9913 332.2744 14.08039523125708
1 41413U 00055KS  18212.02285209  .00000439  00000-0  26771-3 0  9997
2 41413  98.8395 279.7051 0025993 108.8682 251.5311 14.10942698126651
1 41414U 00055KT  18213.49099929  .00001052  00000-0  46097-3 0  9997
2 41414  98.9672 313.1279 0071797 207.7378 151.9963 14.24554331127240
1 41415U 00055KU  18212.39934702 +.00000471 +00000-0 +26891-3 0  9997
2 41415 098.8558 287.6167 0008656 183.5567 176.5545 14.14482623125395
1 41416U 00055KV  18211.98888944  .00000448  00000-0  24586-3 0  9991
2 41416  98.8494 289.3847 0039388 131.3416 229.1157 14.16346493125502
1 41417U 00055KW  18212.38980893  .00000468  00000-0  27317-3 0  9990
2 41417  98.8723 287.3531 0021812 300.2113  59.6900 14.13155334125286
1 41418U 00055KX  18213.51449186  .00000833  00000-0  39545-3 0  9994
2 41418  98.9550 309.5452 0041791 185.1667 174.9084 14.21839040126059
1 41419U 00055KY  18213.43422001  .00000601  00000-0  35874-3 0  9997
2 41419  98.8977 284.2358 0022756  94.2720 266.1052 14.10920489125410
1 41420U 00055KZ  18213.23377166  .00001386  00000-0  58360-3 0  9994
2 41420  98.9323 312.3236 0057409 154.9703 205.4279 14.26521455130144
1 41421U 00055LA  18212.51641815  .00001004  00000-0  46322-3 0  9992
2 41421  98.9032 303.8843 0054930 208.4811 151.3362 14.22533314126221
1 41422U 00055LB  18212.98541924  .00000513  00000-0  30973-3 0  9993
2 41422  98.8837 285.7326 0019682 116.6384 243.6805 14.10948501127085
1 41423U 00055LC  18212.42292143 +.00000429 +00000-0 +23859-3 0  9990
2 41423 098.8209 286.5739 0015739 201.4048 158.6470 14.16286167128527
1 41424U 00055LD  18213.47798499  .00000355  00000-0  20139-3 0  9998
2 41424  98.9103 296.9065 0032649 152.8941 207.3945 14.16070541125757
1 41425U 00055LE  18212.07310834  .00000889  00000-0  38907-3 0  9991
2 41425  98.9202 309.9100 0057624 177.7471 182.3978 14.25459500128710
1 41426U 00055LF  18212.99966045  .00000879  00000-0  50661-3 0  9994
2 41426  98.9485 290.3903 0025228 119.6198 240.7490 14.11607903126874
1 41427U 00055LG  18212.45750411 +.00000462 +00000-0 +30467-3 0  9994
2 41427 098.9648 282.8477 0039467 056.5691 303.9242 14.06280105124448
1 41428U 00055LH  18213.04234592  .00000551  00000-0  30494-3 0  9997
2 41428  98.8772 291.8509 0021531 154.0823 206.1433 14.15311374125558
1 41429U 00055LJ  18211.98029063 +.00000483 +00000-0 +28263-3 0  9999
2 41429 098.8705 286.7129 0019036 303.3652 056.5698 14.12987283125210
1 41430U 00055LK  18213.19414448  .00000802  00000-0  38386-3 0  9993
2 41430  98.9190 304.9847 0050193 216.9989 142.7723 14.21332393131087
1 41431U 00055LL  18213.15181710  .00001972  00000-0  78154-3 0  9999
2 41431  98.9666 318.7810 0062169 165.9823 194.3101 14.28988807130890
1 41432U 00055LM  18212.12579291  .00001672  00000-0  51098-3 0  9996
2 41432  98.8769 323.4061 0110007  80.8847 280.4767 14.39808781128820
1 41433U 00055LN  18212.04469615  .00001390  00000-0  66202-3 0  9996
2 41433  99.0012 309.1749 0035821 171.7427 188.4346 14.20686612129955
1 41439U 16012H   18213.50556940  .00001790  00000-0  11724-3 0  9995
2 41439  31.0078   4.4335 0011536 172.0492 188.0329 15.04878597128873
1 41444U 16012N   18212.77751107 +.00002999 +00000-0 +18353-3 0  9998
2 41444 031.0040 358.0107 0009641 202.7566 157.2644 15.08139306128881
1 41445U 16012P   18212.66743127  .00003295  00000-0  19359-3 0  9997
2 41445  31.0052 350.1222 0009472 214.2457 145.7571 15.09711009128939
1 41447U 16012R   18213.51078060  .00003409  00000-0  21414-3 0  9993
2 41447  31.0019 357.3006 0007622 217.1473 142.8637 15.07345395128950
1 41491U 00055LP  18213.36358795  .00000958  00000-0  71943-3 0  9999
2 41491  98.9104 258.7540 0114282 151.6565 209.0878 13.93762816122904
1 41492U 00055LQ  18212.86677839  .00000649  00000-0  57020-3 0  9994
2 41492  98.8238 237.2434 0131852 162.0791 198.5079 13.84915068122134
1 41493U 00055LR  18212.02426871 +.00000653 +00000-0 +32556-3 0  9993
2 41493 098.8611 296.1240 0037319 206.1417 153.7876 14.20061419122228
1 41494U 00055LS  18212.69001479 +.00000692 +00000-0 +33578-3 0  9998
2 41494 098.8860 300.9192 0038668 177.7556 182.3801 14.21299475122525
1 41495U 00055LT  18212.93486612 +.00000463 +00000-0 +31899-3 0  9992
2 41495 098.8331 269.2687 0044623 082.5996 278.0239 14.03677350122928
1 41496U 00055LU  18212.44497330  .00000617  00000-0  32972-3 0  9992
2 41496  98.8361 289.3788 0021575 223.7481 136.1984 14.16789687124133
1 41497U 00055LV  18212.39084393  .00000337  00000-0  23059-3 0  9993
2 41497  98.8398 275.4676 0038107  24.7623 335.5364 14.05945312123090
1 41498U 00055LW  18213.08067981  .00000537  00000-0  29656-3 0  9996
2 41498  98.9219 297.6250 0014452 233.3355 126.6491 14.15733013123875
1 41499U 00055LX  18212.44880823 +.00000688 +00000-0 +37503-3 0  9991
2 41499 098.8038 281.9121 0041397 290.1360 069.5362 14.15059229123683
1 41500U 00055LY  18212.22005143  .00000907  00000-0  43194-3 0  9991
2 41500  98.9557 307.6092 0046270 223.7516 135.9991 14.21387635124203
1 41501U 00055LZ  18213.00164746  .00000823  00000-0  35017-3 0  9996
2 41501  98.7191 291.1043 0060218 145.9545 214.5521 14.26912352125113
1 41502U 00055MA  18212.01416090  .00000269  00000-0  17674-3 0  9992
2 41502  98.8480 280.0215 0011206  58.0387 302.1872 14.10142779124488
1 41503U 00055MB  18212.45004045 +.00000737 +00000-0 +35953-3 0  9994
2 41503 098.8060 291.5279 0038352 205.3630 154.5665 14.20763133124460
1 41504U 00055MC  18212.41434077 +.00000436 +00000-0 +28278-3 0  9991
2 41504 098.8989 280.6050 0033998 015.9697 344.2536 14.07645840125012
1 41505U 00055MD  18212.46816511  .00000502  00000-0  27305-3 0  9998
2 41505  98.8712 291.5709 0048833 129.4772 231.0737 14.16131760128445
1 41506U 00055ME  18212.03310412  .00000966  00000-0  40948-3 0  9993
2 41506  98.8004 297.8552 0061312 141.2707 219.2892 14.26717448131990
1 41507U 00055MF  18212.47145188 +.00000739 +00000-0 +37992-3 0  9991
2 41507 098.8934 296.2088 0022829 186.8474 173.2392 14.18275956122185
1 41508U 00055MG  18213.44721401  .00000481  00000-0  26708-3 0  9995
2 41508  98.8835 293.7081 0031519 264.4757  95.2821 14.15647474118106
1 41509U 00055MH  18212.45655975  .00000510  00000-0  29423-3 0  9998
2 41509  98.8802 288.8113 0019433 299.0203  60.9022 14.13460979121728
1 41510U 00055MJ  18211.98608665  .00000410  00000-0  24653-3 0  9990
2 41510  98.8901 287.4402 0027809 317.7192  42.1835 14.12246957121706
1 41511U 00055MK  18212.99193616  .00000455  00000-0  28817-3 0  9993
2 41511  98.8788 281.9531 0027263  11.7550 348.4250 14.08744986121607
1 41512U 00055ML  18212.44933321  .00000657  00000-0  31117-3 0  9990
2 41512  98.8841 302.5651 0046279 165.3406 194.9125 14.22523165122634
1 41513U 00055MM  18212.33647768  .00000110  00000-0  10067-3 0  9991
2 41513  98.8428 263.6955 0067925  92.4849 268.4094 14.00294601120571
1 41514U 00055MN  18212.09864959  .00000686  00000-0  33536-3 0  9992
2 41514  98.8777 298.2139 0045544 146.8240 213.5806 14.20755289118451
1 41515U 00055MP  18212.72172588 +.00001644 +00000-0 +82113-3 0  9993
2 41515 099.0230 307.2049 0016027 235.6776 124.2882 14.18204295118045
1 41516U 00055MQ  18212.46536227 +.00000475 +00000-0 +26405-3 0  9992
2 41516 098.8264 286.6441 0018145 171.0106 189.1396 14.15732400117825
1 41517U 00055MR  18212.50526744  .00001308  00000-0  54254-3 0  9990
2 41517  98.8166 300.6982 0060270 147.9112 212.5760 14.27274952118866
1 41518U 00055MS  18212.06467370  .00001057  00000-0  53097-3 0  9996
2 41518  98.8571 290.8646 0031075 247.9995 111.7878 14.18467568118097
1 41519U 00055MT  18211.98958632  .00001009  00000-0  54277-3 0  9991
2 41519  98.8672 285.2703 0020867 132.4867 227.8073 14.15033067117988
1 41520U 00055MU  18212.66157032  .00000736  00000-0  43719-3 0  9999
2 41520  98.9313 285.4049 0055238 339.3828  20.5114 14.09928688117195
1 41521U 00055MV  18212.14241867  .00001456  00000-0  71413-3 0  9995
2 41521  98.8116 284.0918 0062985 272.6499  86.7467 14.18317047117787
1 41522U 00055MW  18213.04898428  .00000937  00000-0  46827-3 0  9991
2 41522  98.8832 295.5338 0031970 153.8768 206.4028 14.18990750117990
1 41523U 00055MX  18212.14946598  .00000482  00000-0  29088-3 0  9999
2 41523  98.8888 286.1370 0009600   2.4938 357.6279 14.11312441117059
1 41524U 00055MY  16240.00441139  .00000241  00000-0  13866-3 0  9995
2 41524  98.8815 311.1021 0033454  61.3223 299.1308 14.18105262 17945
1 41525U 00055MZ  18212.47603990  .00000511  00000-0  29676-3 0  9999
2 41525  98.8382 283.6773 0015975 143.4749 216.7516 14.13039477121755
1 41526U 00055NA  18213.48254801  .00000802  00000-0  40824-3 0  9996
2 41526  98.9366 302.6297 0031229 234.8565 124.9683 14.18496441122291
1 41527U 00055NB  18213.05546590  .00000985  00000-0  43789-3 0  9994
2 41527  98.9897 316.1734 0052254 189.3894 170.6312 14.24601042123792
1 41528U 00055NC  18213.00113317  .00001033  00000-0  54890-3 0  9997
2 41528  98.7966 279.6404 0024663 281.2712  78.5690 14.15571329121932
1 41529U 00055ND  18213.11328734  .00000391  00000-0  27432-3 0  9999
2 41529  98.8851 274.4902 0043779  93.3381 267.2795 14.03535450120974
1 41530U 00055NE  18212.00941615  .00001003  00000-0  37509-3 0  9994
2 41530  98.7611 301.4752 0097610 170.6322 189.6711 14.31400238118620
1 41531U 00055NF  18208.38927566 +.00000813 +00000-0 +52156-3 0  9993
2 41531 098.8564 270.4314 0036549 095.2507 265.2833 14.05755110117122
1 41532U 00055NG  18213.00981064  .00000419  00000-0  23797-3 0  9993
2 41532  98.8546 289.6678 0014765 162.6034 197.5648 14.15294129117780
1 41533U 00055NH  18212.49669401 +.00001429 +00000-0 +48774-3 0  9998
2 41533 098.8085 312.2731 0099800 145.4691 215.3031 14.35212583119281
1 41534U 00055NJ  18213.43136316  .00000357  00000-0  23564-3 0  9997
2 41534  98.8975 280.5119 0028361  94.6068 265.8342 14.07802778116444
1 41535U 00055NK  18212.20201579 +.00009372 +00000-0 +41887-2 0  9999
2 41535 099.0223 305.3684 0010825 099.3359 260.9043 14.22820079119110
1 41536U 00055NL  18213.05840890  .00000503  00000-0  27626-3 0  9992
2 41536  98.8433 289.8397 0016718 202.5644 157.4797 14.16173233130597
1 41537U 00055NM  18212.46369756 -.00000486  00000-0 -23573-3 0  9993
2 41537  98.8623 288.1424 0005568 234.0447 126.0209 14.13228066130271
1 41538U 00055NN  18212.92391152 +.00000587 +00000-0 +41674-3 0  9992
2 41538 098.8192 261.0697 0058326 083.7634 277.0172 14.00618629128314
1 41539U 00055NP  18213.17825330  .00000656  00000-0  33489-3 0  9993
2 41539  98.8383 293.0217 0029773 179.9366 180.1818 14.18924027128147
1 41540U 00055NQ  18212.39598764  .00000408  00000-0  27328-3 0  9996
2 41540  98.8786 277.3474 0038191  35.1820 325.1859 14.06029760117936
1 41541U 14087C   18212.56495061 +.00002829 +00000-0 +50146-4 0  9996
2 41541 097.3180 328.4249 0004474 047.3311 312.8318 15.51136891198931
1 41542U 14087D   16102.50593157  .00009121  00000-0  21035-3 0  9998
2 41542  97.2850 201.0270 0005174 222.2385 137.8466 15.42782739 68807
1 41543U 15075D   18164.60298571 -.00000071  00000-0  00000+0 0  9991
2 41543   1.8989  89.4580 0255446  84.9323 277.2250  1.05295050  9251
1 41544U 15075E   18211.66607704 -.00000190 +00000-0 +00000-0 0  9996
2 41544 001.9442 092.7907 0292930 083.6435 279.5542 01.05681237009813
1 41545U 15075F   17244.81185559 -.00000097  00000-0  00000+0 0  9993
2 41545   1.2577 100.4271 0258370  72.8643 290.4509  1.05636214  6286
1 41546U 15075G   18212.29861689 -.00000159  00000-0  00000+0 0  9996
2 41546   1.9394  96.6144 0239921  68.3504 294.0500  1.04639381  9699
1 41547U 15075H   18211.74056572 -.00000230  00000-0  00000+0 0  9993
2 41547   1.9623  97.4500 0266546  44.5333 317.4125  1.03192335  9560
1 41548U 15075J   18212.89177154  .00000033  00000-0  00000+0 0  9991
2 41548   2.3716  73.3761 0383095  60.1152 303.7692  1.02191618  9438
1 41561U 08067K   18203.67633523 +.00014865 +00000-0 +83181-1 0  9993
2 41561 065.2852 098.1497 5482945 035.9925 350.8262 04.49051416037566
1 41562U 08067L   18212.89895605 +.00000111 +00000-0 +55504-3 0  9998
2 41562 065.0747 122.1819 5728092 023.4771 354.6960 04.20233001035927
1 41642U 08067N   18213.10942341  .00000532  00000-0  76017-3 0  9991
2 41642  65.1838 103.8205 5749316  29.7401 353.2889  4.27435680 33774
1 41643U 08067P   18211.39016491 -.00000008  00000-0  00000+0 0  9993
2 41643  64.7756 136.6627 5335911  53.5915 344.6721  4.13561097 32638
1 41644U 08067Q   18212.56271869  .00014778  00000-0  77170-1 0  9998
2 41644  65.2611 106.4733 5597863  46.5325 348.1438  4.33783497 33571
1 41645U 08067R   18212.35236733  .00013137  00000-0  12336+0 0  9996
2 41645  65.2196 130.3812 5673582  42.5941 349.6381  4.15081184 32449
1 41646U 08067S   16292.16851197  .00000385  00000-0  26712-1 0  9995
2 41646  64.9818 342.8782 5408150  69.1096 334.3728  4.13669091  5494
1 41647U 08067T   18209.80226302 -.00000009 +00000-0 +00000-0 0  9996
2 41647 064.5296 147.8889 5112986 053.2587 343.5902 04.12087632031994
1 41648U 08067U   16256.32863924 -.00004794  00000-0 -30016+0 0  9996
2 41648  64.8281 353.6398 5416086  72.9197 337.6300  4.13243737  3757
1 41649U 08067V   18212.78387342 +.00011511 +00000-0 +29507+0 0  9992
2 41649 066.2351 137.5147 5550075 044.8661 348.4830 04.14786518032259
1 41650U 08067W   17023.20705350 -.23003682  00000-0  10000-3 0  9991
2 41650  65.3197 315.1788 5456152  63.0078 341.9668  4.14448087  3734
1 41651U 08067X   16274.43082585 -.00000048  00000-0  00000+0 0  9995
2 41651  64.8611 347.9234 5382139  70.2204 338.8755  4.13828431  4493
1 41652U 00055NR  18212.40209595 +.00000756 +00000-0 +46773-3 0  9994
2 41652 098.9287 281.6850 0048155 004.3164 355.8411 14.07729776117325
1 41653U 00055NS  18212.67472870 +.00000598 +00000-0 +32935-3 0  9991
2 41653 098.8886 292.4279 0008789 231.0014 129.0377 14.15391835118106
1 41654U 00055NT  18212.40044443 +.00000366 +00000-0 +21979-3 0  9993
2 41654 098.8025 278.8564 0048026 125.6636 234.9021 14.12316743117678
1 41655U 00055NU  18212.66890202 +.00000483 +00000-0 +26139-3 0  9997
2 41655 098.8308 289.4828 0023897 168.6934 191.4782 14.17054694118166
1 41656U 00055NV  18213.39494763  .00000952  00000-0  53835-3 0  9995
2 41656  98.9031 286.8334 0009452   2.7197 357.4025 14.12582797117780
1 41657U 00055NW  18213.00833182  .00000466  00000-0  26736-3 0  9996
2 41657  98.8008 281.5166 0017318 140.5521 219.6916 14.14088467117821
1 41658U 00055NX  18212.17471020 +.00000782 +00000-0 +40308-3 0  9995
2 41658 098.8953 294.2421 0035138 145.6196 214.7262 14.17729745118117
1 41659U 00055NY  18212.47347049 +.00000599 +00000-0 +33189-3 0  9997
2 41659 098.8955 291.6967 0021112 160.4819 199.7166 14.14971969117804
1 41660U 00055NZ  18212.45606874 +.00000541 +00000-0 +28661-3 0  9997
2 41660 098.8282 289.9722 0024021 192.4226 167.6360 14.17693557117983
1 41661U 00055PA  18212.19410344  .00000718  00000-0  37479-3 0  9997
2 41661  98.9507 301.4940 0030490 253.7083 106.0737 14.17502031117785
1 41662U 00055PB  18212.06487182  .00000938  00000-0  49667-3 0  9994
2 41662  98.9044 291.6013 0018910 142.4570 217.7928 14.16081947117667
1 41663U 00055PC  18212.98774606  .00000667  00000-0  34922-3 0  9993
2 41663  98.8537 291.9502 0021777 202.6736 157.3478 14.17649636118181
1 41664U 00055PD  18213.07532965  .00001203  00000-0  59815-3 0  9990
2 41664  98.9169 297.7328 0022645 164.5479 195.6392 14.18863539117741
1 41665U 00055PE  18212.39164403 +.00000234 +00000-0 +17164-3 0  9997
2 41665 098.8312 272.8616 0042242 027.3931 332.9451 14.04768019116720
1 41666U 00055PF  18212.69306905  .00000873  00000-0  42422-3 0  9990
2 41666  98.9045 298.6725 0032843 221.3776 138.4912 14.20629675117848
1 41667U 00055PG  18212.45155623 +.00000247 +00000-0 +14084-3 0  9992
2 41667 098.8395 293.6380 0032998 172.4118 187.7563 14.18316413119543
1 41668U 00055PH  18212.02536067  .00000951  00000-0  44629-3 0  9991
2 41668  98.9005 302.1779 0054089 217.8598 141.8770 14.21770834119391
1 41669U 00055PJ  18212.42551187 +.00000733 +00000-0 +37937-3 0  9998
2 41669 098.8008 285.7639 0030676 246.7476 113.0468 14.17809282118970
1 41676U 07052H   17293.19324567  .00003645  00000-0  11038+0 0  9997
2 41676  65.6862   1.7040 5483894 356.0781   5.3725  4.20436723 48760
1 41678U 07052K   16273.28858696  .00000856  00000-0  43665-2 0  9996
2 41678  65.8557 108.7922 5480019  36.8608 344.5427  4.50383187 34219
1 41679U 07052L   18207.02876338 +.00002016 +00000-0 +27330-2 0  9992
2 41679 064.2190 223.9152 5749272 024.2134 354.5875 04.26850868061198
1 41680U 07052M   16333.23774355  .00001267  00000-0  13651-1 0  9998
2 41680  64.2133  24.4426 4833597  31.4908 353.3541  5.30764298 40525
1 41682U 07052P   18042.99808065 -.00022716 +00000-0 -10711+0 0  9994
2 41682 065.2632 329.3644 5698839 008.4633 357.2628 04.20895337053372
1 41683U 07052Q   18212.47250677 +.00001516 +00000-0 +23215-2 0  9996
2 41683 063.9092 206.7219 5707491 036.9149 351.2767 04.32160365062149
1 41684U 07052R   18150.16903462 -.00003298  00000-0 -55045-1 0  9997
2 41684  62.9458 213.1034 5183933  24.7236 353.4874  4.71821960 62357
1 41685U 07052S   17118.22263069  .00174662  00000-0  21841+0 0  9997
2 41685  65.5686  49.1062 5735656  25.2129 354.2492  4.30107044 36272
1 41686U 07052T   18212.07095214  .00001419  00000-0  23602-2 0  9991
2 41686  64.2143 223.1008 5738476  24.9325 354.3673  4.26916009 61306
1 41688U 07052V   18208.01093079 +.00001506 +00000-0 +23169-2 0  9994
2 41688 064.1842 223.3649 5737261 025.3890 354.2778 04.27323761061021
1 41689U 07052W   18037.77969986  .01888812  00000-0  14051+0 0  9998
2 41689  64.9111 257.3614 4886402  14.7148 355.6075  5.86778452 55796
1 41690U 07052X   18111.47421640  .00018138  00000-0  97686-2 0  9993
2 41690  63.8917 241.4430 5765713  34.7125 352.0047  4.32641947 54112
1 41691U 07052Y   18211.98806889  .00002729  00000-0  16607-2 0  9996
2 41691  64.3918 208.5828 5765980  15.7523 356.4941  4.31928223 57569
1 41692U 07052Z   18211.04345103  .00001306  00000-0  95733-3 0  9999
2 41692  65.1964 225.7092 5797635 349.3585   2.3469  4.25739714 56402
1 41693U 07052AA  18014.31237017 +.00000720 +00000-0 +16605-2 0  9994
2 41693 065.6894 299.8858 5718846 348.4720 002.5764 04.28592805036151
1 41694U 07052AB  18213.11301836  .00000072  00000-0  23323-3 0  9991
2 41694  65.5127 243.3683 5754764 342.2200   4.0335  4.21423098 52973
1 41695U 10007M   17258.46786204  .00000057  00000-0  10000-2 0  9998
2 41695  65.0120 241.5735 5050318  79.9536 331.2490  4.44595654 50024
1 41696U 10007N   18209.89687661 -.00000244 +00000-0 -14250-1 0  9990
2 41696 064.6803 176.8081 5523543 081.7239 334.3733 04.06577766059157
1 41697U 10007P   18213.13230685  .00000085  00000-0  17091-2 0  9991
2 41697  65.2267 202.3184 5271430  56.9928 343.1275  4.12929087 60180
1 41698U 10007Q   18212.91416885 +.00000568 +00000-0 +60512-2 0  9997
2 41698 065.0670 129.5810 5517272 055.6237 344.9539 04.34536181063020
1 41700U 10007S   18211.88295010 -.00000064  00000-0 -45468-2 0  9997
2 41700  65.0488 188.4285 5532166  59.3161 343.7390  4.10592832 60003
1 41701U 10007T   18210.41786869 +.00000068 +00000-0 +10000-2 0  9999
2 41701 065.3117 200.3572 5421406 048.9666 346.6495 04.13207613060019
1 41702U 10007U   18210.21024174 +.00021760 +00000-0 +66524-1 0  9995
2 41702 065.8445 127.6042 5219013 050.6052 345.1390 04.95824401059971
1 41703U 10007V   18210.77873706 +.00000360 +00000-0 +37857-2 0  9991
2 41703 065.0696 136.3398 5553496 056.5493 344.8092 04.30046160050853
1 41704U 10007W   18210.44032123 -.00000126  00000-0 -28769-2 0  9990
2 41704  65.3014 153.3462 5398055  45.1551 347.7173  4.35056262 54641
1 41705U 00055PK  18212.45368558 +.00000214 +00000-0 +13321-3 0  9995
2 41705 098.8466 289.5749 0015563 222.7988 137.1975 14.15142068118007
1 41706U 00055PL  18213.36986267  .00000176  00000-0  13495-3 0  9999
2 41706  98.8778 276.6556 0038450  40.6430 319.7596 14.05048472124159
1 41707U 00055PM  18212.06864076  .00000691  00000-0  34726-3 0  9991
2 41707  98.8416 293.3303 0034399 222.0356 137.8180 14.19483919118218
1 41708U 00055PN  18210.99280036 +.00000535 +00000-0 +30254-3 0  9999
2 41708 098.8901 288.0172 0019782 148.6837 211.5518 14.14345396117629
1 41709U 00055PP  18213.46933509  .00000627  00000-0  32892-3 0  9997
2 41709  98.9661 302.2355 0038064 148.6651 211.6802 14.17510209122672
1 41710U 00055PQ  18212.69820038 +.00000544 +00000-0 +26370-3 0  9997
2 41710 098.8714 300.2377 0042648 202.6685 157.2609 14.22088341118943
1 41711U 00055PR  18212.66650548 +.00000604 +00000-0 +32587-3 0  9996
2 41711 098.8510 289.7430 0017838 226.7013 133.2674 14.16416378118375
1 41712U 00055PS  18212.04676097  .00000593  00000-0  33518-3 0  9998
2 41712  98.8876 286.3182 0054597 119.6382 241.0244 14.13243215117308
1 41713U 00055PT  18212.29668848 +.00000416 +00000-0 +33837-3 0  9999
2 41713 098.8822 253.1301 0117707 165.6928 194.7613 13.92050678112130
1 41714U 00055PU  18212.33798672  .00001070  00000-0  85176-3 0  9994
2 41714  98.9898 254.4631 0125880 174.2202 186.0444 13.89657372111503
1 41715U 00055PV  18212.39572881  .00000476  00000-0  27983-3 0  9994
2 41715  98.7555 273.8128 0012094 318.8919  41.1342 14.12728237118557
1 41716U 00055PW  18212.41871408 +.00000418 +00000-0 +24562-3 0  9991
2 41716 098.8368 284.6756 0007214 149.4826 210.6767 14.13443797118551
1 41717U 00055PX  18212.99574060  .00000701  00000-0  36308-3 0  9995
2 41717  98.8503 292.5010 0024578 175.2987 184.8423 14.18021816119079
1 41718U 15020F   18212.99561439  .00000079  00000-0  23422-3 0  9991
2 41718  82.4910 313.1566 0228059 259.3405  98.1948 12.91187349148564
1 41719U 15020G   18212.64917759 +.00000029 +00000-0 +85284-4 0  9994
2 41719 082.4940 336.9548 0221589 319.8334 038.6564 12.75061038145721
1 41720U 15020H   18212.58410631  .00000009  00000-0 -14132-6 0  9991
2 41720  82.4906 313.8526 0229077 261.2611  96.2492 12.90876793147443
1 41721U 15020J   18209.11716398 +.00000004 +00000-0 -21659-4 0  9991
2 41721 082.4954 339.8851 0245323 328.1182 030.5262 12.74562357145145
1 41722U 15020K   18213.08742831  .00000008  00000-0 -66775-5 0  9997
2 41722  82.4916 343.6010 0179120 338.1380  21.2138 12.70387488126465
1 41723U 15020L   18212.00529024 +.00000273 +00000-0 +87945-3 0  9999
2 41723 082.4904 313.2609 0224020 260.6024 096.9697 12.91709210127615
1 41734U 65065U   18212.68431325 +.00000877 +00000-0 +63314-3 0  9999
2 41734 090.0325 012.2758 0043384 214.3700 145.4669 13.95566632132764
1 41735U 09055C   18212.90036262 +.00001357 +00000-0 +44916-3 0  9994
2 41735 098.5196 291.0809 0018730 011.6612 348.5006 14.39423546106694
1 41736U 09055D   18213.54410854  .00000955  00000-0  32630-3 0  9992
2 41736  98.5185 291.4891 0004537 119.3376 240.8264 14.38582086106785
1 41737U 09055E   18213.21198096  .00004381  00000-0  12298-2 0  9992
2 41737  98.5768 299.7831 0019101 202.6172 157.4180 14.46368604107060
1 41738U 09055F   18212.73955644 +.00006598 +00000-0 +12878-2 0  9995
2 41738 098.6053 317.8049 0047077 202.3931 157.5215 14.62595481107956
1 41739U 09055G   18210.93673731  .00639906  00000-0  14261-1 0  9992
2 41739  98.5644 341.6803 0033744 206.3103 153.6427 15.40598688108532
1 41740U 09055H   18213.19394091  .00002517  00000-0  77174-3 0  9990
2 41740  98.5884 297.5214 0004876 163.3111 196.8239 14.42563629106907
1 41741U 09055J   18213.17036805  .00000739  00000-0  25265-3 0  9993
2 41741  98.5538 292.8480 0010102  89.9399 270.2946 14.39220720106749
1 41742U 09055K   18212.99751446  .00000340  00000-0  12270-3 0  9998
2 41742  98.4972 292.3821 0009519 262.3252  97.6855 14.39631726106674
1 41743U 09055L   18213.03368253  .00002557  00000-0  81828-3 0  9992
2 41743  98.5383 293.3487 0009127 140.0444 220.1417 14.40431150106624
1 41768U 06062J   18208.10453723 +.00000155 +00000-0 +27252-3 0  9996
2 41768 064.3221 345.4086 5815259 008.2772 010.0750 04.22496955028411
1 41798U 14016B   18212.54729155  .00003495  00000-0  41774-3 0  9990
2 41798  98.1654 242.3617 0059936 342.5293  17.3857 14.83606633103464
1 41804U 14016H   18212.53010568  .00002900  00000-0  37603-3 0  9994
2 41804  98.1789 240.4244 0054120 350.9114   9.1113 14.80603230103439
1 41805U 06062K   18212.60158441 -.00000030  00000-0  76273-4 0  9998
2 41805  65.4140 348.4051 5784076 346.8998   2.8140  4.26390782 28926
1 41808U 06062N   16342.72621571  .00000000  00000-0  00000+0 0  9991
2 41808  64.6620 208.7305 4990304  23.4653 353.1895  5.73249200  6129
1 41810U 06062Q   18208.45571180 +.00013163 +00000-0 +18585-2 0  9991
2 41810 064.6851 311.6777 5487497 356.7621 000.7812 04.84585472032541
1 41811U 06062R   18213.28713402  .00013259  00000-0  24207-2 0  9998
2 41811  64.6023 318.0166 5601098 359.5862   0.0974  4.65142349 31495
