1  3931U 65020EV  18212.48321760 -.00000099 +00000-0 -64477-4 0  9996
2  3931 056.0605 218.8229 0193737 271.8450 251.7931 12.35120437421619
1 03932U 61015JG  18212.77967890 -.00000041  00000-0  56420-4 0  9994
2 03932  65.8009 124.7325 0296749 314.4576  73.8392 13.24120781771060
1 03938U 68097BS  18212.96832502  .00000173  00000-0  10916-3 0  9993
2 03938  62.9981 172.2198 1173514 113.5549 354.3844 12.52013543210684
1  3965U 65020EY  18212.51052045 +.00000154 +00000-0 +19116-2 0  9992
2  3965 056.2973 243.8036 0269601 301.9244 210.7737 12.26533111396190
1 03974U 68069E   18212.54408635 -.00000043  00000-0  25276-4 0  9995
2 03974 102.1354 248.6956 0035104 287.8535 239.4048 12.53215776287154
1  3975U 68069F   18210.63083302 -.00000035 +00000-0 +73710-4 0  9991
2  3975 101.9541 258.3823 0042969 321.4013 191.1460 12.53479913287207
1  3978U 65082SE  18212.92375295 +.00000091 +00000-0 +11050-4 0  9995
2  3978 032.5666 054.8239 0036085 075.5814 284.8841 14.65738213024089
1 39294U 66040BC  18212.84365871  .00000476  00000-0  97599-3 0  9998
2 39294 100.4120 352.6671 0060013 188.8897 171.1170 13.38289147274250
1 39295U 66040BD  18212.35869499 +.00000670 +00000-0 +13239-2 0  9994
2 39295 100.4742 002.7252 0063938 205.0770 154.7246 13.38994436234082
1 39296U 68081AG  18212.83400834 -.00000171 +00000-0 +00000-0 0  9996
2 39296 005.8554 311.9651 0161180 336.1140 035.7507 01.00599964022755
1 39297U 68081AH  18194.45262137  .00000059  00000-0  00000+0 0  9999
2 39297   6.0548 313.3100 0224850 327.2292  31.5916  1.00364665 37291
1 39298U 68081AJ  18194.54123208  .00000100  00000-0  00000+0 0  9992
2 39298   6.0158 313.3569 0174750 340.1174 226.2639  1.00139397 37369
1 39299U 68081AK  17194.04319979 -.00000091 +00000-0 +00000-0 0  9990
2 39299 006.6217 315.1952 0115075 025.3038 317.7498 01.00382662034444
1 39300U 92093JR  18212.05623931  .00000030  00000-0  52614-4 0  9996
2 39300  71.1234 112.6218 0107243 270.0469  88.8355 13.95496780789374
1 39301U 92093JS  18204.15525122 +.00000215 +00000-0 +14703-3 0  9993
2 39301 070.8835 120.8290 0035993 267.9552 091.7446 14.10565418818403
1 39302U 92093JT  18210.65185395 +.00000635 +00000-0 +34723-3 0  9990
2 39302 070.9696 298.5242 0155008 009.3835 059.5181 14.09797572699649
1 39303U 92093JU  18212.62614664 +.00000354 +00000-0 +21667-3 0  9997
2 39303 070.9191 194.3511 0061246 151.2018 209.2506 14.11669932245926
1 39304U 92093JV  18212.29524484 +.00000083 +00000-0 +82247-4 0  9992
2 39304 071.2068 080.7600 0090790 048.2947 067.8409 14.00532637257813
1 39305U 92093JW  18212.23583513 -.00000001 +00000-0 +29640-4 0  9994
2 39305 070.9623 160.8716 0095070 304.8044 119.0786 14.00726676854112
1 39306U 94029AER 18213.12552763  .00000530  00000-0  11665-3 0  9991
2 39306  81.7675 147.5174 0346211 169.8185 191.0257 14.24657358787924
1 39307U 94029AES 18211.39240329  .00000737  00000-0  10292-3 0  9995
2 39307  81.9608 200.1702 0241751 328.9541  29.7553 14.58367019821635
1 39308U 94029AET 18212.64325607  .00001043  00000-0  25675-3 0  9990
2 39308  81.9674  89.8412 0454508 112.4416 252.5545 14.03432355274648
1 39309U 94029AEU 18205.58200672 +.00000213 +00000-0 +46457-4 0  9990
2 39309 081.7461 151.1378 0271793 235.2279 122.3054 14.34082461750213
1 39310U 94029AEV 18180.65283664 +.00000303 +00000-0 +62999-4 0  9993
2 39310 081.8234 315.3023 0298368 102.5800 260.8926 14.32161467426070
1 39311U 94029AEW 18212.77435880  .00000561  00000-0  10082-3 0  9993
2 39311  81.4344 235.8021 0232030  91.7340 271.0443 14.48893030803493
1 39312U 94029AEX 18212.85251084  .00000220  00000-0  34598-4 0  9996
2 39312  81.9877 257.2804 0259385  33.0153 328.6936 14.47726174747395
1 39313U 94029AEY 18212.72947570 +.00001287 +00000-0 +11119-3 0  9992
2 39313 081.7890 231.4452 0106773 255.0201 103.9178 14.92162378280961
1 39314U 94029AEZ 18210.44059226 +.00000219 +00000-0 +35966-4 0  9993
2 39314 081.6603 245.7989 0213089 056.3223 305.8091 14.52052510241204
1 39315U 94029AFA 18211.36384323 +.00000408 +00000-0 +13524-3 0  9990
2 39315 081.4957 077.6070 0439755 158.3002 203.7456 13.92564674260570
1 39316U 94029AFB 18210.60530272 +.00001093 +00000-0 +73326-4 0  9991
2 39316 082.0100 151.4688 0070058 226.3982 258.9191 15.03872480783214
1 39317U 94029AFC 18212.96086765 +.00001376 +00000-0 +73407-4 0  9990
2 39317 081.9551 091.6369 0067013 091.1348 269.7560 15.12331693873738
1 39318U 94029AFD 18212.09053448 -.00000024  00000-0 -78591-5 0  9998
2 39318  81.9551 351.3700 0202769  26.8475  91.7203 14.58083026860410
1 39319U 94029AFE 18212.60978516 +.00000066 +00000-0 +72421-5 0  9998
2 39319 081.9475 327.2966 0199840 329.4830 029.4859 14.59866810858114
1 39320U 94029AFF 18212.89904711 +.00000294 +00000-0 +74759-4 0  9995
2 39320 081.7623 283.8119 0313151 221.9742 135.7058 14.22798410317265
1 39321U 94029AFG 18212.81759163 +.00000063 +00000-0 +16246-4 0  9998
2 39321 082.2897 027.3445 0458461 020.2641 341.6070 13.87594889254659
1 39322U 94029AFH 18211.04619477  .00000160  00000-0  29134-4 0  9994
2 39322  81.9356 321.0854 0285448  84.2261  36.6850 14.35812878794892
1 39323U 94029AFJ 18213.35180680  .00000329  00000-0  57898-4 0  9995
2 39323  81.9913 232.9741 0227845 307.5589  50.5098 14.49692910797528
1 39327U 08011DE  18211.63009493  .00000289  00000-0  70781-2 0  9995
2 39327  49.8442 341.0576 6549367 357.7296   6.2897  2.94946684 69775
1 39329U 08011DG  14094.23208973  .00000258  00000-0  40004-2 0  9993
2 39329  48.8901 118.1387 6451277 309.5527   9.1345  3.06671036 27609
1 39331U 08011DJ  15295.02076717 +.00000025 +00000-0 +83052-3 0  9999
2 39331 048.7847 218.8898 6477118 182.6866 170.6102 03.16317968023257
1 39342U 10057G   18211.72137889 -.00000159 +00000-0 -10953-3 0  9990
2 39342 020.4788 020.6673 7198465 155.6112 353.5468 02.20572592038668
1 39447U 78083T   18212.87072830 -.00000382  00000-0  00000+0 0  9995
2 39447  68.1430  67.1976 5984033  41.0299 349.8568  2.00458767 34340
1 39535U 99025EWC 16300.43033965  .00000416  00000-0  30618-3 0  9995
2 39535  99.1283   3.3428 0055572 109.2333 225.5021 14.00536197194337
1 39536U 99025EWD 18208.09906984 +.00000100 +00000-0 +15076-3 0  9998
2 39536 099.7473 174.8285 0252818 269.0960 088.1210 13.63597860249722
1 39537U 99025EWE 18212.42025977  .00000463  00000-0  46902-3 0  9999
2 39537  99.1268  75.6177 0194115 282.8977  75.0555 13.74280941260140
1 39539U 99025EWG 18212.35630485  .00001000  00000-0  11958-3 0  9990
2 39539  98.9609 261.1693 0107374  20.7821 339.7705 14.83005298274504
1 39540U 99025EWH 18212.56683052  .00001428  00000-0  20396-2 0  9992
2 39540 106.1837 344.9848 0451075 225.3687 201.1115 13.24602540333685
1 39541U 99025EWJ 18199.85843853 +.00000218 +00000-0 +13306-3 0  9996
2 39541 098.9724 227.5641 0076087 227.6441 131.8273 14.14672047207295
1 39542U 99025EWK 15301.24878129 +.00001873 +00000-0 +14621-2 0  9994
2 39542 098.2292 227.7271 0283666 116.1640 242.2010 13.76015015130155
1 39543U 99025EWL 18212.17298668  .00000322  00000-0  29505-3 0  9991
2 39543  99.1081 350.4217 0351870 318.2612  39.2171 13.65111516224206
1 39544U 99025EWM 18212.57294672 -.00000098  00000-0 -34745-4 0  9992
2 39544  98.9182 125.6946 0055418 319.0883  40.6130 14.02251726232823
1 39545U 93036BUB 18213.18536087  .00000574  00000-0  32373-3 0  9997
2 39545  73.9357 163.5070 0210298 277.3833 141.8848 14.02109016351219
1 39546U 93036BUC 18212.61718338  .00000282  00000-0  62363-4 0  9995
2 39546  74.0049 301.4525 0074227  43.2252 317.4706 14.60393330406171
1 39547U 93036BUD 18213.02334785  .00000664  00000-0  18760-3 0  9997
2 39547  74.0203  99.1473 0015739 130.1995 292.6427 14.47564603326173
1 39548U 93036BUE 18212.88974802  .00001345  00000-0  27825-3 0  9990
2 39548  74.0127  43.5222 0010541 319.8680 102.4943 14.61310880340547
1 39549U 93036BUF 18210.93464212  .00001236  00000-0  27065-3 0  9999
2 39549  74.0230  63.2393 0015830 322.1050  99.2442 14.58729311365414
1 39550U 93036BUG 18212.66928371  .00000555  00000-0  16277-3 0  9990
2 39550  74.1137 212.6727 0115993 167.2184 193.1960 14.42353592280569
1 39552U 93036BUJ 18212.03664733  .00000531  00000-0  10984-3 0  9995
2 39552  74.0376 333.8269 0036639 103.1999  17.5439 14.62512120364956
1 39553U 93036BUK 18212.83218977 +.00000667 +00000-0 +44685-3 0  9994
2 39553 074.0281 263.6389 0225558 286.6556 070.9920 13.91251022381286
1 39554U 93036BUL 18212.95844078 +.00000610 +00000-0 +15037-3 0  9992
2 39554 074.0362 035.5913 0021890 127.7765 028.8485 14.54209451250020
1 39582U 93036BUM 18212.80963391  .00000692  00000-0  14737-3 0  9993
2 39582  74.0222 356.6551 0076448  54.9328 305.8976 14.59175433310663
1 39583U 93036BUN 18213.36226381  .00000617  00000-0  18890-3 0  9998
2 39583  73.9373 206.4155 0202455 188.9855 170.7655 14.32848401398878
1 39584U 93036BUP 18213.06805878  .00001007  00000-0  16574-3 0  9991
2 39584  74.1021 335.0214 0044759  73.2329  48.9520 14.71294606250745
1 39585U 93036BUQ 18213.04708839  .00000045  00000-0  17406-4 0  9996
2 39585  74.0447 349.9439 0072409  72.3149 288.5901 14.53225046453958
1 39586U 93036BUR 18210.08828910 -.00000159 +00000-0 -63427-4 0  9993
2 39586 074.0128 357.8526 0107641 032.4950 086.6193 14.16681093467002
1 39587U 93036BUS 18212.03406057  .00000654  00000-0  48881-4 0  9990
2 39587  74.0137 341.5185 0109798  50.7424 310.3441 15.00626586447807
1 39588U 93036BUT 18213.41597316  .00000390  00000-0  12676-3 0  9992
2 39588  74.1305 224.4518 0075716 156.7016 274.1935 14.40337031337160
1 39589U 93036BUU 18212.30919275  .00003186  00000-0  30693-3 0  9997
2 39589  74.0065 197.1161 0032203 272.1137 152.9514 14.93029241458826
1 39590U 93036BUV 18212.07654480 +.00001093 +00000-0 +25974-3 0  9998
2 39590 074.0298 079.2992 0019253 086.8076 063.7787 14.55013124233957
1 39591U 93036BUW 18212.56618321 +.00000139 +00000-0 +56588-4 0  9993
2 39591 074.0225 163.5491 0032965 207.7187 271.5900 14.35959653231061
1 39592U 70025QT  18212.24699947 +.00000210 +00000-0 +38290-3 0  9994
2 39592 099.9867 137.3033 0004353 022.3683 337.7641 13.53043124219376
1 39594U 97051AAG 18212.48493170  .00000705  00000-0  19117-3 0  9996
2 39594  86.4077 112.7571 0008599 220.3421 139.7145 14.46303876246973
1 39595U 97051AAH 18212.97737040  .00002245  00000-0  43169-3 0  9993
2 39595  86.3747 100.2038 0053148 200.3487 159.5608 14.62289972287389
1 39596U 99057TA  18212.14047150  .00001623  00000-0  33639-3 0  9997
2 39596  98.3479 178.8189 0007159  38.9076 321.2638 14.61590056286155
1 39600U 10057X   18210.41276857 -.00000091 +00000-0 -66334-4 0  9991
2 39600 020.2335 319.2174 7228134 270.5036 015.1649 02.24491106038468
1 39601U 12044DU  18213.49387135  .00177488  13957-4  10314-2 0  9990
2 39601  49.8690 359.5385 0561920 144.3093 219.6804 14.79440169241217
1 39602U 79095CD  18208.15093012 +.00001147 +00000-0 +55181-3 0  9996
2 39602 081.2085 133.5208 0029955 038.8447 321.4873 14.17992947258660
1 39603U 79095CE  18212.48701925  .00000717  00000-0  37366-3 0  9994
2 39603  81.2161 138.7719 0016767  45.0868 315.1662 14.13532383258615
1 39604U 79095CF  18212.04696824  .00002914  00000-0  38698-3 0  9998
2 39604  81.2037 104.9946 0012066 293.8235 130.5123 14.79524768811384
1 39605U 79095CG  18213.05851076  .00000755  00000-0  36395-3 0  9996
2 39605  81.1994 122.3023 0016950  25.1839  31.9764 14.17750427306455
1 39606U 79095CH  18213.42113614  .00000753  00000-0  35600-3 0  9993
2 39606  81.1956 114.4949 0032002 329.5725  30.3592 14.18620494295263
1 39607U 79095CJ  15224.40242439 +.00007031 +00000-0 +32618-2 0  9990
2 39607 081.2080 109.1706 0016895 246.3328 115.8184 14.20536630154544
1 39608U 79095CK  18213.48049679  .00000820  00000-0  39895-3 0  9995
2 39608  81.2008 123.5434 0023296  36.6395 323.6367 14.17250814320067
1 39609U 65027FS  18211.74425951  .00000470  00000-0  16046-2 0  9997
2 39609  90.3057 304.0113 0029663  78.1303  74.9778 12.96853555323697
1 39610U 91050S   18212.85181690  .00001206  00000-0  31499-3 0  9994
2 39610  98.3997 171.8068 0028747  89.7873 270.6615 14.50968997236980
1 39626U 14014C   18212.96503629 +.00000277 +00000-0 +73622-4 0  9990
2 39626 097.9546 207.5176 0105985 010.6173 349.7226 14.52573860229537
1 39627U 14014D   18212.81238776  .00000227  00000-0  10164-3 0  9999
2 39627  98.1178 153.3701 0179922 190.0608 169.6952 14.22614905225008
1 39628U 14014E   18212.67892006 +.00000218 +00000-0 +60482-4 0  9995
2 39628 098.3451 288.9140 0105505 065.2855 295.9280 14.52980371229535
1 39629U 14014F   18212.85593805  .00000265  00000-0  11531-3 0  9993
2 39629  98.3644 219.0799 0175106 226.5306 132.1199 14.23780609225214
1 39637U 87060E   18212.34055621 -.00000038 +00000-0 +23319-4 0  9993
2 39637 065.0100 159.3223 0020205 278.6324 081.2472 14.31892199225457
1 39638U 87060F   18213.45179600 -.00000053  00000-0  17953-4 0  9995
2 39638  65.0091 159.6301 0019125 284.2038  75.6922 14.31388724227038
1 39639U 87060G   18212.27023572 -.00000045  00000-0  20836-4 0  9996
2 39639  65.0060 162.0759 0019256 277.6156  82.2741 14.31446077409460
1 39640U 87060H   18212.29692885 -.00000055  00000-0  16929-4 0  9998
2 39640  65.0099 158.6779 0020240 276.5492  83.3288 14.31993989226276
1 39641U 87060J   18212.33405847 -.00000041  00000-0  22077-4 0  9990
2 39641  65.0065 161.4542 0019884 280.9316  78.9531 14.31517029977255
1 39642U 87060K   18212.86178160 -.00000035  00000-0  24634-4 0  9998
2 39642  65.0096 161.6393 0020376 277.9900  81.8872 14.31353712227019
1 39643U 87060L   18212.20477228 -.00000020 +00000-0 +29775-4 0  9999
2 39643 065.0109 159.4136 0019681 276.7994 083.0851 14.31987448225447
1 39644U 87060M   18212.22094018 -.00000035  00000-0  24239-4 0  9990
2 39644  65.0099 158.8458 0019965 275.9191  83.9618 14.32030459226949
1 39645U 87060N   18213.44994066 -.00000054  00000-0  17380-4 0  9998
2 39645  65.0114 158.6694 0019655 279.5572  80.3291 14.31583080226745
1 39646U 87060P   18213.35430872 -.00000033  00000-0  25224-4 0  9992
2 39646  65.0101 158.5089 0019691 277.7155  82.1694 14.31605742227193
1 39647U 87060Q   18212.36827266 -.00000034 +00000-0 +24919-4 0  9991
2 39647 065.0101 163.5079 0020344 276.6427 083.2342 14.31295648225365
1 39654U 87060R   18212.27557428 -.00000031  00000-0  25844-4 0  9994
2 39654  65.0070 162.2236 0020281 279.6419  80.2374 14.31442715224598
1 39655U 87060S   18213.21896791 -.00000044  00000-0  21216-4 0  9992
2 39655  65.0060 158.7210 0018890 279.0051  80.8895 14.31535781225387
1 39656U 87060T   18212.27297737 -.00000031  00000-0  25895-4 0  9996
2 39656  65.0072 160.4442 0019774 280.0472  79.8381 14.31697444225191
1 39657U 87060U   18213.45979696 -.00000038  00000-0  23361-4 0  9992
2 39657  65.0081 157.2206 0018808 282.1159  77.7818 14.31699168225317
1 39658U 87060V   18212.46072139 -.00000052 +00000-0 +17949-4 0  9990
2 39658 065.0108 159.4257 0020342 278.8507 081.0274 14.31844945224535
1 39659U 87060W   18213.21148905 -.00000031  00000-0  25970-4 0  9990
2 39659  65.0106 157.1443 0019225 283.3667  76.5274 14.31862518226281
1 39660U 87060X   18212.36347156 -.00000023 +00000-0 +28979-4 0  9999
2 39660 065.0087 161.9364 0020029 279.1501 080.7318 14.31506259224461
1 39661U 87060Y   18212.29292402 -.00000039 +00000-0 +22930-4 0  9993
2 39661 065.0091 159.8740 0019950 277.8766 082.0054 14.31809497224440
1 39662U 87060Z   18212.32769554 -.00000044  00000-0  20913-4 0  9990
2 39662  65.0087 159.9492 0018650 282.0491  77.8504 14.31792279225431
1 39663U 87060AA  18212.28409760 -.00000010  00000-0  33786-4 0  9991
2 39663  65.0093 161.6870 0019237 281.4361  78.4562 14.31553962225491
1 39664U 87060AB  18212.20803428 -.00000030 +00000-0 +26404-4 0  9994
2 39664 065.0060 161.3983 0018853 280.5748 079.3212 14.31568195224394
1 39665U 87060AC  18212.33427194 -.00000045  00000-0  20711-4 0  9992
2 39665  65.0063 160.9728 0019298 282.1437  77.7485 14.31578766225791
1 39666U 87060AD  18213.20679360 -.00000030  00000-0  26299-4 0  9995
2 39666  65.0105 157.1229 0019029 282.5158  77.3798 14.31878273225642
1 39667U 87060AE  18212.45804096 -.00000055  00000-0  16845-4 0  9991
2 39667  65.0135 160.3098 0019405 282.5620  77.3294 14.31782893225450
1 39668U 87060AF  18212.45770809 -.00000058 +00000-0 +15663-4 0  9996
2 39668 065.0102 159.7716 0019728 277.4056 082.4787 14.31783551224464
1 39669U 87060AG  18212.36128647 -.00000033 +00000-0 +25093-4 0  9995
2 39669 065.0134 160.8980 0019587 281.1561 078.7322 14.31748341224508
1 39670U 87060AH  18213.47278386 -.00000026  00000-0  27846-4 0  9996
2 39670  65.0108 157.2421 0019207 282.7067  77.1871 14.31753846225596
1 39671U 87060AJ  18212.34858535 -.00000028 +00000-0 +27115-4 0  9993
2 39671 065.0117 160.9914 0019542 280.8009 079.0876 14.31692019224434
1 39672U 87060AK  18212.24212642 -.00000045 +00000-0 +20819-4 0  9999
2 39672 065.0060 160.9964 0019165 278.7045 081.1868 14.31620285224468
1 39673U 87060AL  18212.85150294 -.00000030 +00000-0 +26352-4 0  9993
2 39673 065.0116 160.5724 0019003 281.9938 077.9016 14.31555034224837
1 39674U 87060AM  18212.30305689 -.00000018  00000-0  30689-4 0  9998
2 39674  65.0103 161.9934 0019878 279.7019  80.1820 14.31567281225496
1 39675U 87060AN  18212.45849585 -.00000039 +00000-0 +23070-4 0  9992
2 39675 065.0078 160.3223 0019182 279.0450 080.8464 14.31663578224500
1 39676U 87060AP  18212.35534393 -.00000029  00000-0  26760-4 0  9998
2 39676  65.0106 161.2585 0019438 282.5075  77.3835 14.31625909225500
1 39677U 87060AQ  18212.34491771 -.00000031  00000-0  26051-4 0  9996
2 39677  65.0051 160.8303 0019614 280.8729  79.0148 14.31570782225409
1 39688U 76004E   18207.46193337 -.00000028 +00000-0 +00000-0 0  9996
2 39688 010.1761 307.7516 0042434 137.2160 269.8766 01.00313990013877
1 39689U 76004F   18213.21679240 -.00000263  00000-0  00000+0 0  9999
2 39689  10.1964 308.0049 0128005 334.8363  24.6548  1.00262759 38044
1 39690U 77055C   18212.80720084  .00000362  00000-0  29095-4 0  9994
2 39690  75.8285 248.0157 0029484  99.4585  21.6678 15.01993962256972
1 39691U 91009DE  18209.05005861 +.00000168 +00000-0 +16737-2 0  9993
2 39691 074.0564 235.0037 0139601 068.2605 293.3223 12.21298404168151
1 39692U 91009DF  18212.02539861 +.00000138 +00000-0 +11591-2 0  9997
2 39692 074.0906 232.1447 0104703 271.5705 087.3349 12.37848697193622
1 39693U 91009DG  18207.27728219 -.00000013 +00000-0 +93075-5 0  9999
2 39693 074.0316 184.9090 0128803 051.1062 010.5330 12.20815398190787
1 39694U 91009DH  17261.49540642  .00000006  00000-0  19171-3 0  9999
2 39694  74.1082 320.1662 0124077 176.5148 184.2626 12.18339401589292
1 39695U 91009DJ  14188.70614749 -.00000008 +00000-0 +52396-4 0  9999
2 39695 074.0640 324.1278 0142732 046.6414 314.6408 12.18269099435966
1 39696U 91009DK  17284.49673994  .00000203  00000-0  19576-2 0  9990
2 39696  74.0517 209.6833 0175837  91.6796  26.1794 12.21252757534509
1 39697U 91009DL  18207.01012687 +.00000074 +00000-0 +81845-3 0  9996
2 39697 074.0551 222.2500 0144174 045.1112 316.1522 12.20579913596364
1 39698U 91009DM  18212.70596247 +.00000032 +00000-0 +41776-3 0  9991
2 39698 074.0448 214.3833 0181972 048.5377 068.7588 12.20900991191062
1 39699U 91009DN  18212.34312069 -.00000150 +00000-0 -13327-2 0  9993
2 39699 074.0981 336.7507 0144807 110.4023 251.2629 12.16805127190430
1 39700U 91009DP  18162.08811974 +.00000161 +00000-0 +14915-2 0  9994
2 39700 073.9662 057.3498 0121333 022.1311 338.4903 12.28529703004938
1 39701U 91009DQ  18207.96374052 +.00000116 +00000-0 +11611-2 0  9993
2 39701 073.9893 070.2003 0134317 002.2086 060.2154 12.24475680209659
1 39702U 91009DR  18212.13515815 -.00000044 +00000-0 -29607-3 0  9990
2 39702 074.2322 110.3258 0187888 359.9112 000.1857 12.14693419108025
1 39703U 91009DS  18210.52838346 -.00000007 +00000-0 +66391-4 0  9999
2 39703 073.8554 268.5993 0194487 079.5930 347.3105 12.26811393596227
1 39706U 92060H   18211.58801815 -.00000178 +00000-0 +00000-0 0  9998
2 39706 007.7594 050.4748 7045919 097.5244 020.9228 02.16026120033811
1 39707U 92093JX  18212.08077904  .00000074  00000-0  58426-4 0  9998
2 39707  71.1159 113.7335 0107423 279.8039  79.0968 14.15738437237172
1 39708U 92093JY  18212.22228274  .00000227  00000-0  43368-4 0  9992
2 39708  71.2878  34.8931 0086707 314.1323 167.7658 14.72927878820752
1 39709U 92093JZ  18211.99417960  .00000085  00000-0  93739-4 0  9997
2 39709  71.1496 323.5985 0143967  10.6738 349.7371 13.91459888716631
1 39710U 92093KA  18211.03559241  .00000353  00000-0  22667-3 0  9992
2 39710  71.2181 343.3285 0085744 293.1416  66.0686 14.07940364734648
1 39711U 92093KB  18212.05628165  .00000034  00000-0  53064-4 0  9990
2 39711  70.8378  99.0011 0095025 184.2771 175.7542 14.00232413781464
1 39712U 92093KC  18211.70551778 +.00000164 +00000-0 +12209-3 0  9996
2 39712 071.1191 315.6256 0093935 153.3980 207.2005 14.06233527194902
1 39713U 92093KD  18209.86051958  .00000328  00000-0  21270-3 0  9996
2 39713  71.1125 277.2012 0089115 124.6925 236.2632 14.07791602699551
1 39714U 92093KE  18212.75359123  .00000014  00000-0  26743-4 0  9997
2 39714  71.0860   0.5775 0098590 297.7279  61.3874 14.21914154243310
1 39715U 92093KF  18212.36621736 +.00000115 +00000-0 +67515-4 0  9991
2 39715 071.0121 216.5596 0006185 235.4431 187.1456 14.26866499223492
1 39716U 92093KG  17048.28844711 +.00000391 +00000-0 +26303-3 0  9994
2 39716 071.1354 019.7223 0102496 224.4094 134.8799 14.04114982646179
1 39717U 92093KH  18212.07483864 +.00000070 +00000-0 +77273-4 0  9991
2 39717 070.6908 009.7322 0102085 106.6390 254.5960 13.99559086219427
1 39718U 92093KJ  18212.84553255 +.00000233 +00000-0 +95794-4 0  9998
2 39718 071.1955 007.1883 0037920 133.3625 227.0680 14.36117160224507
1 39719U 92093KK  18212.80261757 -.00000039  00000-0  34801-5 0  9996
2 39719  71.2958 249.3479 0099974 301.4176 170.1482 13.95576838238945
1 39720U 92093KL  18213.53951698  .00000210  00000-0  75895-4 0  9996
2 39720  70.7906 283.3052 0030355  32.8205 327.4809 14.44330005247056
1 39721U 92093KM  18212.53783264  .00000033  00000-0  54179-4 0  9993
2 39721  71.1899 249.1652 0128539 172.1845 188.1314 13.93997823776778
1 39722U 92093KN  18212.28375178  .00000066  00000-0  73602-4 0  9995
2 39722  70.8940 185.7316 0106924 164.4861 261.5729 13.99188934239344
1 39723U 92093KP  18210.87511842  .00000407  00000-0  21649-3 0  9991
2 39723  71.0884  41.4173 0058776 317.2883  41.4140 14.18463285678411
1 39724U 92093KQ  18212.34450951  .00000076  00000-0  79778-4 0  9998
2 39724  70.8513 101.5368 0090832 186.3651 173.6317 14.00433111822465
1 39725U 92093KR  18207.99365426 -.00000305 +00000-0 -14344-3 0  9990
2 39725 071.1764 333.7921 0093722 024.3223 336.2277 14.09171078240667
1 39726U 92093KS  18213.51500208 -.00000022  00000-0  17148-4 0  9996
2 39726  71.1570 276.8954 0124354 307.6514 112.6651 13.90483924238161
1 39777U 97051AAJ 18212.65101223  .00001666  00000-0  67220-3 0  9998
2 39777  85.9809 349.1047 0083788 263.4904  95.6742 14.25539028243612
1 39778U 97051AAK 18212.45311589 +.00000280 +00000-0 +83528-4 0  9996
2 39778 086.3843 108.7712 0008198 293.4877 066.5460 14.39437837218793
1 39779U 97051AAL 18212.96290601 +.00001098 +00000-0 +36698-3 0  9997
2 39779 086.2952 096.7357 0066907 107.9080 313.9454 14.35297249322911
1 39781U 97051AAN 18183.48959787  .00001369  00000-0  84013-3 0  9996
2 39781  86.3817 251.6014 0279557 335.5424  83.5397 13.87614194342708
1 39782U 97051AAP 18213.41793088  .00001580  00000-0  26728-3 0  9998
2 39782  86.4147  89.6489 0015499 156.3076 328.5443 14.68652987346706
1 39783U 97051AAQ 18212.28855530  .00000939  00000-0  30249-3 0  9994
2 39783  86.1685  43.5763 0069700 134.6176 351.7434 14.36834943332868
1 39784U 97051AAR 15164.96945914 +.00026349 +00000-0 +69316-2 0  9998
2 39784 086.3833 256.0269 0088362 250.2654 082.3773 14.46628153174917
1 39785U 97051AAS 18124.26512822  .00016015  00000-0  12422-2 0  9994
2 39785  86.3825 120.3373 0026513 314.3215 104.3546 15.01000634333373
1 39786U 97051AAT 18211.93172633 +.00001805 +00000-0 +32215-3 0  9992
2 39786 086.3700 079.9372 0010181 068.7357 353.1767 14.66420327221689
1 39787U 97051AAU 18208.29109003 +.00000967 +00000-0 +24218-3 0  9991
2 39787 086.2104 034.9400 0042280 352.1364 132.4480 14.49891138340464
1 39788U 97051AAV 18206.08103545 +.00162452 +00000-0 +62280-2 0  9990
2 39788 086.3017 126.9484 0020570 193.0753 166.9963 15.25635923398751
1 39790U 97051AAX 18212.14493873  .00000688  00000-0  14207-3 0  9992
2 39790  86.1912   8.8128 0041172 256.3269 103.3354 14.58392614492245
1 39791U 97051AAY 18212.20752492 +.00004942 +00000-0 +15171-2 0  9992
2 39791 086.3641 188.7175 0154307 192.3841 225.4995 14.34799005315146
1 39792U 97051AAZ 18213.00171909  .00001561  00000-0  84665-3 0  9999
2 39792  86.4325 221.0005 0174511 299.7038  58.6868 14.04456417226891
1 39793U 97051ABA 18212.83688168 +.00011794 +00000-0 +62132-3 0  9994
2 39793 086.3490 041.0268 0003937 247.6072 112.4751 15.15484210226613
1 39794U 97051ABB 17259.54997174 +.00005591 +00000-0 +59500-3 0  9996
2 39794 086.3565 186.4072 0037937 334.3608 036.2776 14.88231416299505
1 39796U 97051ABD 16199.35914276 +.00009090 +00000-0 +23995-2 0  9997
2 39796 086.3762 061.6930 0075019 309.1445 048.0273 14.47154394054040
1 39798U 08046K   18212.29531596 -.00000443  00000-0 -22592-2 0  9993
2 39798  64.6968 345.3014 5671639  36.4216 351.2542  4.23044565 64461
1 39799U 08046L   18208.40455499 -.00000383 +00000-0 -11187-2 0  9990
2 39799 064.9542 348.8544 5720216 026.0978 353.9684 04.21555148064159
1 39802U 08046P   18210.17538216 +.00047846 +00000-0 +37859-2 0  9998
2 39802 064.8459 281.7168 5649610 014.2484 356.7673 04.62182229066653
1 39803U 08046Q   18212.37769194 -.00000413  00000-0 -26120-2 0  9994
2 39803  64.7338 350.6004 5653102  35.6911 351.3899  4.22638114 64358
1 39804U 08046R   18206.45404403 -.00000292 +00000-0 -43827-3 0  9995
2 39804 065.8563 332.9674 5654600 348.1284 002.6652 04.32872192065537
1 39805U 87020ED  18207.16626406 +.00000005 +00000-0 +16218-3 0  9997
2 39805 073.5943 268.7916 0021967 041.8896 350.0575 12.42609869569741
1 39806U 87020EE  18213.09018663  .00000231  00000-0  18767-2 0  9998
2 39806  73.6324 106.0533 0071770 130.7533 229.9769 12.38585536708730
1 39807U 87020EF  18208.75827928 +.00000017 +00000-0 +39362-4 0  9996
2 39807 074.0265 351.3965 0026644 009.7206 055.6398 13.78351278647931
1 39808U 87020EG  18210.65426135 +.00000080 +00000-0 +69210-3 0  9998
2 39808 073.6242 321.0434 0053264 009.3020 052.9905 12.43315384699474
1 39809U 87020EH  12152.59511325 -.00000001 +00000-0 +10000-3 0  9994
2 39809 073.7216 232.5543 0132436 276.1102 092.1765 12.58155751337271
1 39810U 87020EJ  18212.91124039 +.00000049 +00000-0 +48454-3 0  9992
2 39810 073.6983 061.1615 0031717 291.8461 067.9211 12.41236282190310
1 39811U 87020EK  18207.57518845 +.00000048 +00000-0 +46046-3 0  9995
2 39811 073.6313 278.0471 0034602 324.9760 102.2209 12.45265583664320
1 39812U 87020EL  18211.15054761 -.00000021  00000-0 -27111-4 0  9993
2 39812  73.6192  16.6194 0039875  70.2257 290.3079 12.39510817657998
1 39813U 87020EM  18211.80391385 +.00000128 +00000-0 +98978-3 0  9996
2 39813 073.6382 250.1705 0036738 277.7315 202.7223 12.47280043188897
1 39814U 87020EN  18211.90162941 -.00000002 +00000-0 +11234-3 0  9994
2 39814 073.6078 291.3248 0027202 003.6581 356.4657 12.42763582188411
1 39815U 87020EP  18126.20881087  .00000036  00000-0  38656-3 0  9995
2 39815  73.6048  56.0284 0028409 165.6751 264.6287 12.41816550337062
1 39816U 87020EQ  18212.60699496  .00000080  00000-0  14373-4 0  9997
2 39816  74.0457 311.2492 0032307 155.1283 205.1460 14.82748909729916
1 39817U 87020ER  18212.29743150  .00000090  00000-0  69805-3 0  9990
2 39817  73.7150 184.3182 0013541  72.3421 354.6042 12.51004211646426
1 39818U 87020ES  18213.33317784  .00000119  00000-0  90499-3 0  9992
2 39818  73.6158 209.4918 0036312 267.2462  92.4430 12.49223839698028
1 39819U 87020ET  18197.83122356 -.00000125  00000-0 -77917-3 0  9997
2 39819  73.6722 355.6901 0024271 301.9137  57.9547 12.42933876580227
1 39820U 87020EU  18212.82711031 +.00000061 +00000-0 +55118-3 0  9996
2 39820 073.6318 259.1628 0025179 291.9875 187.2951 12.45029651189073
1 39821U 87020EV  18210.98696029  .00000084  00000-0  53656-3 0  9991
2 39821  73.2355 323.6867 0097046 300.1261  59.0204 12.67852216216788
