1 30596U 99025AMB 18212.56822795  .00000025  00000-0  21808-4 0  9996
2 30596  98.5672 245.3793 0263768 324.7153 188.6150 14.29073239601244
1 30597U 99025AMC 18212.81924406  .00001158  00000-0  42088-3 0  9997
2 30597  98.9393 333.1819 0129791 222.6243 136.4810 14.30709434597790
1 30599U 99025AME 18212.53581845  .00000176  00000-0  74399-4 0  9994
2 30599  98.8657 251.1664 0331446 107.3593 256.4111 14.11050885591801
1 30600U 99025AMF 18212.50935289  .00000473  00000-0  26397-3 0  9993
2 30600  98.3655  53.9312 0451640  49.4390 314.5176 13.72980560572832
1 30602U 99025AMH 18213.24112303  .00000782  00000-0  36363-3 0  9998
2 30602  99.0423 316.0857 0035054  97.7833 283.8167 14.23259769593600
1 30603U 99025AMJ 18213.25757064  .00000042  00000-0  71503-4 0  9994
2 30603  98.4689 130.2049 0196052 306.0821 207.6322 13.76587558578715
1 30604U 99025AMK 18213.04070810  .00000150  00000-0  74102-4 0  9997
2 30604  98.7165 289.7552 0219061 244.7442 238.6935 14.19564026597088
1 30606U 99025AMM 18212.87086567 +.00000141 +00000-0 +39272-4 0  9994
2 30606 098.3764 265.5589 0258553 075.0022 343.4772 14.42594674603430
1 30607U 99025AMN 18213.13379120  .00000917  00000-0  36422-3 0  9999
2 30607  98.9151 278.6766 0047116  68.5987 292.0213 14.30638292592817
1 30609U 99025AMQ 18213.12078467  .00000193  00000-0  15781-3 0  9991
2 30609  98.5438 273.8010 0147070  26.8598 334.0084 13.94865128581659
1 30611U 99025AMS 18213.17853611  .00001204  00000-0  58171-4 0  9996
2 30611  98.6392 196.1534 0177222 223.2228 135.4976 15.08556836620696
1 30612U 99025AMT 18212.87937595 +.00000435 +00000-0 +10067-3 0  9993
2 30612 099.1337 225.5111 0115979 344.4058 134.9327 14.57233753607735
1 30613U 99025AMU 18212.63642277  .00000771  00000-0  17903-3 0  9997
2 30613  98.5170 276.6620 0223302 187.3277 172.4633 14.43886243602727
1 30616U 99025AMX 18211.68927804  .00000300  00000-0  44997-3 0  9997
2 30616  98.6502 293.6014 0400693 133.0000 230.5449 13.30585568558809
1 30619U 99025ANA 18213.35513520  .00000112  00000-0  42553-4 0  9990
2 30619  98.6132 246.0487 0231309 172.9640 187.4889 14.35331588603159
1 30621U 99025ANC 18210.72141271 +.00000624 +00000-0 +48946-3 0  9990
2 30621 098.6851 289.8160 0168189 179.2281 334.5297 13.88959004580944
1 30622U 99025AND 18213.23644659  .00001417  00000-0  92508-3 0  9992
2 30622 101.0110 313.3934 0109853 209.0987 182.0462 14.01650833585334
1 30623U 99025ANE 18212.91632063 +.00000122 +00000-0 +22618-3 0  9990
2 30623 098.8410 014.0282 0408792 248.6263 274.8542 13.27228485555036
1 30624U 99025ANF 18213.43564148  .00000920  00000-0  45537-3 0  9998
2 30624  98.8970 197.2316 0035665 172.3145 187.8584 14.19485411590671
1 30625U 99025ANG 18211.21474111 +.00000946 +00000-0 +57546-3 0  9994
2 30625 098.9201 129.6254 0085563 026.9246 333.6325 14.06786378586152
1 30627U 99025ANJ 18213.50944474  .00001506  00000-0  21307-3 0  9993
2 30627  98.9138 160.2532 0056987 254.9856 104.5040 14.77833209608249
1 30628U 99025ANK 18212.89873794 +.00000541 +00000-0 +21142-3 0  9996
2 30628 099.3802 191.9876 0034552 192.5593 167.4731 14.33870587596933
1 30629U 99025ANL 18211.11381385  .00000652  00000-0  29580-3 0  9998
2 30629  99.2726  80.3819 0010595  61.9212  95.5708 14.25658254593695
1 30630U 99025ANM 18212.73129205  .00000157  00000-0  10709-3 0  9993
2 30630  98.9518 310.5617 0030386 134.4830  29.5020 14.13303452591368
1 30631U 99025ANN 18213.26881740  .00001115  00000-0  47982-3 0  9990
2 30631  99.0397 333.5422 0052205 174.0808 204.6988 14.26011626593504
1 30632U 99025ANP 18213.07770594  .00000153  00000-0  88539-4 0  9999
2 30632  98.9026 262.5303 0030197 130.8100 259.4873 14.22434099593074
1 30633U 99025ANQ 18213.57200598  .00000665  00000-0  46777-3 0  9992
2 30633  98.4171 253.1589 0139475 247.9146 275.2774 13.96708323584274
1 30634U 99025ANR 18212.75801943 +.00000626 +00000-0 +47301-3 0  9994
2 30634 099.1654 146.8561 0148131 252.9151 135.5995 13.92885548580616
1 30636U 99025ANT 18212.86150433  .00001660  00000-0  13075-3 0  9999
2 30636  98.7361 184.0781 0062011 260.0480  99.3738 15.01084862614053
1 30637U 99025ANU 18212.75877669 +.00000753 +00000-0 +14466-3 0  9992
2 30637 098.9127 146.8336 0087936 304.1681 076.7251 14.64748653607036
1 30639U 99025ANW 18212.78183234  .00000344  00000-0  21759-3 0  9994
2 30639  99.0919 252.7386 0090226 330.6054  29.0057 14.08839725587306
1 30640U 99025ANX 18213.44418191  .00000354  00000-0  24543-3 0  9998
2 30640  99.2304 213.2553 0093718  20.8369 137.8606 14.03508218586315
1 30641U 99025ANY 18212.96915519 +.00000171 +00000-0 +38123-4 0  9998
2 30641 099.0112 222.7308 0177490 137.7680 254.5064 14.61853943611224
1 30642U 99025ANZ 18213.34630546  .00001289  00000-0  24964-3 0  9994
2 30642  99.0179 158.5359 0061360  90.0091  62.9222 14.64142555605420
1 30645U 99025APC 18212.98899624  .00003448  00000-0  32595-3 0  9998
2 30645  98.9789 217.9902 0038797 188.7304 200.2262 14.93971719609791
1 30646U 99025APD 18213.40195247  .00000108  00000-0  93091-4 0  9996
2 30646  98.9300 275.7489 0050783  32.3981 328.0287 14.05014321588182
1 30647U 99025APE 18212.86457006 +.00000558 +00000-0 +24366-3 0  9997
2 30647 099.0187 349.4870 0049886 102.7322 054.6547 14.27339698594239
1 30648U 99025APF 18213.44196469  .00000431  00000-0  20315-3 0  9996
2 30648  98.7933 270.3795 0050249  85.0977  40.5133 14.24307912594570
1 30649U 99025APG 18212.90658097 +.00000501 +00000-0 +28577-3 0  9993
2 30649 098.9372 278.4872 0061771 297.2365 117.1600 14.13347643589404
1 30650U 99025APH 18212.83497933 +.00000431 +00000-0 +29921-3 0  9993
2 30650 099.1407 170.6642 0085135 087.0935 294.1796 14.02472156584890
1 30652U 99025APJ 18213.29477028  .00000130  00000-0  10503-3 0  9991
2 30652  99.1109 233.4765 0007502 234.9101 257.1726 14.07027344588532
1 30654U 99025APL 18213.20290193  .00000333  00000-0  21989-3 0  9995
2 30654  99.3158   3.3452 0038003  39.3359 321.0558 14.08529296587660
1 30655U 99025APM 18213.12962191  .00001106  00000-0  47753-3 0  9997
2 30655  98.7666 158.5457 0022758 349.5331 130.9915 14.26362512590992
1 30656U 99025APN 18212.91024889 +.00000783 +00000-0 +40850-3 0  9998
2 30656 098.9776 293.3454 0051116 257.2531 102.2927 14.16865924588276
1 30657U 99025APP 18212.58698691  .00000537  00000-0  28598-3 0  9992
2 30657  99.0000 244.2856 0023826 167.3713 345.7576 14.17567038589642
1 30658U 99025APQ 18213.24597383  .00000372  00000-0  35949-3 0  9998
2 30658  98.4807 131.2245 0203615 335.9553 178.7233 13.76628600576680
1 30659U 99025APR 18213.54195812  .00000501  00000-0  60419-4 0  9998
2 30659  99.0209 319.0315 0153577 322.6691 103.5253 14.81720249615338
1 30660U 99025APS 18212.56823330  .00000222  00000-0  40821-4 0  9999
2 30660  98.4156 238.5162 0194933 213.7354 299.5464 14.64884350612473
1 30661U 99025APT 18212.81808171  .00000005  00000-0  23021-4 0  9996
2 30661  99.4377 171.1450 0148690  63.1745 298.4546 14.19250300597419
1 30662U 99025APU 18212.87043821  .00000551  00000-0  33691-3 0  9995
2 30662  99.0638 184.0286 0039441 290.8432  97.9089 14.09814853586455
1 30663U 99025APV 18212.01117811 +.00000638 +00000-0 +57158-3 0  9993
2 30663 099.2785 053.1517 0709774 050.7941 315.4039 13.07786288537552
1 30664U 99025APW 18213.08702218  .00001624  00000-0  29864-3 0  9992
2 30664  98.9933 148.7573 0051730  69.9478 290.7281 14.66393628602898
1 30665U 99025APX 18212.78798993 +.00000218 +00000-0 +17263-3 0  9992
2 30665 099.0408 141.0712 0089552 080.8641 310.4592 13.99581480582326
1 30666U 99025APY 18212.59372212 -.00000229  00000-0 -12410-3 0  9997
2 30666  98.9331 249.0677 0061586  73.5515  77.3901 14.00313821584381
1 30667U 99025APZ 18213.32034088  .00002879  00000-0  15354-3 0  9997
2 30667  98.8912 344.7304 0095557  38.4642 322.3345 15.12367634617604
1 30668U 99025AQA 18212.72985972  .00000862  00000-0  58968-3 0  9996
2 30668  99.2445 213.9311 0092964 124.0192 291.2361 14.00399689583152
1 30669U 99025AQB 18213.48249024  .00000004  00000-0  31263-4 0  9990
2 30669  98.6429 295.4143 0143073  76.3443 349.1318 13.91763438579619
1 30670U 99025AQC 18212.49495140 -.00000003  00000-0  21763-4 0  9998
2 30670  99.0466 227.2926 0039821 155.8486   5.1016 14.14804292591050
1 30671U 99025AQD 18212.87997983 +.00000280 +00000-0 +25497-3 0  9996
2 30671 099.4545 225.0693 0139566 064.2444 054.2829 13.87525509578146
1 30672U 99025AQE 18212.83191578  .00001889  00000-0  23394-3 0  9999
2 30672  99.0588 253.8422 0061332 216.2855 143.4189 14.82928051607934
1 30673U 99025AQF 18213.52765775 -.00000180  00000-0 -86598-4 0  9994
2 30673  99.2470 228.6243 0053304  26.3380 126.1428 14.02168511589089
1 30674U 99025AQG 18213.02329085  .00001131  00000-0  54348-3 0  9992
2 30674  99.0048 242.7097 0062699 241.2703 118.2163 14.19928438588613
1 30675U 99025AQH 18212.88213816 +.00000537 +00000-0 +30608-3 0  9992
2 30675 098.9267 272.2190 0061577 292.7306 121.3601 14.13152628587830
1 30676U 99025AQJ 18212.87578326 -.00000045  00000-0 -55580-5 0  9996
2 30676  98.2978   7.8148 0507985  59.3632 305.6589 13.64395503572253
1 30677U 99025AQK 18213.35235546  .00000610  00000-0  27638-3 0  9992
2 30677  98.3117 347.3345 0079349 217.9057 162.0857 14.23610872596470
1 30678U 99025AQL 18212.73386185  .00001059  00000-0  72802-3 0  9991
2 30678  99.0289 137.3425 0100483 168.3506 221.8352 13.99206221580936
1 30679U 99025AQM 18212.01017205 +.00000152 +00000-0 +18238-3 0  9993
2 30679 099.6282 221.0747 0175449 285.5344 099.2769 13.76311829574635
1 30680U 99025AQN 18213.35577133 -.00001512  00000-0 -18645-2 0  9998
2 30680  99.5531 345.6252 0353807 357.3199   2.6029 13.40279916561532
1 30683U 99025AQR 18213.32790948  .00000193  00000-0  17543-3 0  9998
2 30683  99.2657 157.7392 0158413 294.3759 218.8074 13.89972138581112
1 30684U 99025AQS 18213.05128539  .00000494  00000-0  57557-3 0  9993
2 30684  99.7390 242.2966 0240176 292.2796  94.3944 13.62405404570530
1 30686U 99025AQU 18212.55498845  .00000283  00000-0  68949-4 0  9993
2 30686  98.9900 154.3203 0203368 342.9575  70.2984 14.50061551605071
1 30687U 99025AQV 18212.62464567  .00039728  00000-0  95997-3 0  9994
2 30687  98.9686 270.1234 0010090  56.0267 304.1932 15.41016095612077
1 30688U 99025AQW 18213.08423081  .00000465  00000-0  25526-3 0  9999
2 30688  98.8819 263.2807 0021153 141.1614 249.5273 14.16565261591057
1 30689U 99025AQX 18212.56798098  .00000242  00000-0  15675-3 0  9992
2 30689  98.8059 252.3438 0116345 161.5486 354.7717 14.08137605590255
1 30690U 99025AQY 18212.72036212  .00000135  00000-0  13180-3 0  9995
2 30690  99.1116 132.1922 0113924 226.3267 163.1383 13.92678148582105
1 30691U 99025AQZ 18212.83314194  .00000228  00000-0  22664-3 0  9996
2 30691  98.8515 341.3835 0146762 324.0847 189.3049 13.83230064579104
1 30693U 99025ARB 18212.04275984  .00000121  00000-0  92024-4 0  9994
2 30693  98.7722 250.9053 0029513 259.8183  99.9659 14.10405159589827
1 30694U 99025ARC 18212.86705743 +.00000303 +00000-0 +60066-4 0  9999
2 30694 099.0830 231.1171 0197544 281.1906 076.7143 14.59720231606886
1 30695U 99025ARD 18212.76784632  .00023662  00000-0  66231-3 0  9995
2 30695  98.9199 285.2027 0018603 296.8225  63.1112 15.36495511613068
1 30696U 99025ARE 18212.91283771 +.00000348 +00000-0 +13653-3 0  9997
2 30696 098.6805 251.7636 0106492 199.6696 287.1234 14.32458787596949
1 30697U 99025ARF 18209.55537983 +.00000635 +00000-0 +41971-3 0  9994
2 30697 099.0892 246.8845 0100397 143.5981 013.2701 14.02853874584038
1 30699U 99025ARH 18212.64277723 +.00000578 +00000-0 +27523-3 0  9996
2 30699 099.3135 106.8856 0005572 052.9474 307.2212 14.23605743591707
1 30700U 99025ARJ 18212.28288613  .00000021  00000-0  29090-4 0  9994
2 30700  98.8594 237.5030 0088933   9.6249 350.6607 14.21652798593599
1 30701U 99025ARK 18213.52568966 -.00000045  00000-0  21172-6 0  9997
2 30701  99.0557 228.1502 0034931 168.4887 343.5035 14.13788484591118
1 30702U 99025ARL 18213.13485733 -.00000285  00000-0 -16533-3 0  9994
2 30702  99.0319 271.7639 0078490 190.5557 199.2038 13.98096106586396
1 30703U 99025ARM 18213.30027750  .00000168  00000-0  11533-3 0  9998
2 30703  98.9425 144.5075 0136738 297.5260 215.1358 14.08052457586399
1 30704U 99025ARN 18213.55833851  .00000016  00000-0  39821-4 0  9996
2 30704  99.0151 243.3959 0074660   5.1396 148.5577 14.00111736584797
1 30705U 99025ARP 18213.09217605  .00000085  00000-0  14206-3 0  9994
2 30705 102.2037 266.7968 0218943 108.3944 284.5951 13.70655650571029
1 30706U 99025ARQ 18212.81118753  .00000512  00000-0  27186-3 0  9994
2 30706  99.0795 342.0556 0030317 227.8841 131.9755 14.17997310590768
1 30707U 99025ARR 18211.56035509 +.00000498 +00000-0 +29690-3 0  9998
2 30707 099.4306 075.8684 0036218 049.5360 343.3854 14.11996838586981
1 30708U 99025ARS 18213.02548436  .00000022  00000-0  37232-4 0  9995
2 30708  98.9517 240.0872 0007458 255.6970 134.4591 14.10825360588840
1 30709U 99025ART 18212.27102966  .00000738  00000-0  52298-3 0  9998
2 30709  99.0796 147.3644 0099882 165.7630 356.2487 13.98538850582802
1 30710U 99025ARU 18213.20093845  .00000831  00000-0  68645-3 0  9996
2 30710 102.7546 201.7937 0262404 204.1029 225.0202 13.78787769577121
1 30714U 99025ARY 18213.01390225  .00000625  00000-0  45430-3 0  9999
2 30714  99.0641 282.6790 0072972 164.4430 318.8160 13.98810087583962
1 30715U 99025ARZ 18213.53834398  .00000047  00000-0  58151-4 0  9994
2 30715  99.1832 240.2731 0079662  97.4474 263.5751 14.02490741583797
1 30716U 99025ASA 18213.46337844  .00000418  00000-0  19119-3 0  9993
2 30716  98.8446 289.2122 0056844  95.9905  31.8217 14.25889398592339
1 30717U 99025ASB 18212.90343764 +.00000666 +00000-0 +40879-3 0  9992
2 30717 099.1413 206.0172 0053062 262.4065 097.1074 14.08654041585612
1 30718U 99025ASC 18213.05395590  .00000558  00000-0  32991-3 0  9990
2 30718  99.0673 243.1312 0067279 216.9897 171.8415 14.10903105587825
1 30719U 99025ASD 18212.93331776 +.00000580 +00000-0 +29012-3 0  9998
2 30719 098.9325 263.2357 0018405 089.1349 271.1936 14.20666132590204
1 30720U 99025ASE 18213.06758366  .00000175  00000-0  10094-3 0  9993
2 30720  98.8641 309.8837 0036594 151.4836 335.6635 14.20832672592713
1 30721U 99025ASF 18213.12096792  .00000528  00000-0  22646-3 0  9997
2 30721  98.8039 267.1938 0058193  32.7578 357.3969 14.28137931592407
1 30722U 99025ASG 18213.10690917  .00003417  00000-0  97842-3 0  9995
2 30722  98.3118 162.7364 0322371  44.1339 318.5083 14.19356783580397
1 30723U 99025ASH 18212.70910889  .00000583  00000-0  29732-3 0  9998
2 30723  98.9853 218.5846 0019103 108.4628 313.3419 14.19620357590563
1 30724U 99025ASJ 18213.37552946  .00000100  00000-0  53598-4 0  9992
2 30724  99.2717 170.6817 0102459 116.8618  37.2553 14.31170785601813
1 30725U 99025ASK 18212.97448965 +.00000361 +00000-0 +24260-3 0  9995
2 30725 099.1910 221.1456 0101947 342.4995 046.5652 14.04788067584827
1 30726U 99025ASL 18213.32103574  .00000444  00000-0  31776-3 0  9992
2 30726  99.1167 156.7836 0088436  93.7771  60.8955 14.00514493583305
1 30728U 99025ASN 18213.54167625 -.00000017  00000-0  11702-4 0  9990
2 30728  98.7455 240.7123 0099208 331.0040  28.5648 14.22561839594471
1 30730U 99025ASQ 18212.61415556  .00000438  00000-0  23674-3 0  9995
2 30730  98.8787 252.2694 0089598 213.2253 311.3502 14.15679217588660
1 30731U 99025ASR 18212.92864260 +.00000648 +00000-0 +32531-3 0  9995
2 30731 098.9631 205.0168 0021796 096.8509 293.4793 14.20005481590170
1 30732U 99025ASS 18213.05806142 -.00000245  00000-0 -12429-3 0  9995
2 30732  99.1014 245.5245 0132735 118.7712 272.8915 14.01181659585093
1 30733U 99025AST 18212.88916515 +.00001416 +00000-0 +25485-3 0  9997
2 30733 099.0539 192.3893 0068614 017.7638 342.5940 14.66973554604361
1 30734U 99025ASU 18212.10309210 +.00005285 +00000-0 +38621-3 0  9995
2 30734 098.9712 267.8986 0062202 112.3514 248.4315 15.02632359609682
1 30735U 99025ASV 18210.09170344 +.00000501 +00000-0 +29769-3 0  9995
2 30735 098.9541 266.6967 0070965 344.0246 045.3042 14.10827449586690
1 30736U 99025ASW 18212.08053284 +.00000356 +00000-0 +44145-3 0  9993
2 30736 098.8199 136.8435 0296487 170.6462 312.2950 13.53559596563712
1 30737U 99025ASX 18212.62725086 +.00000066 +00000-0 +55701-4 0  9999
2 30737 098.6855 258.3868 0023824 308.7597 213.0669 14.15281172589451
1 30738U 99025ASY 18212.15416426  .00001159  00000-0  52043-3 0  9992
2 30738  99.3807  95.1631 0063003 358.5884   1.5105 14.23548738589534
1 30739U 99025ASZ 18213.56978684  .00000027  00000-0  35960-4 0  9991
2 30739  98.7625 247.7907 0106791  61.3902  90.9802 14.11590039589139
1 30740U 99025ATA 18212.10935043 +.00000506 +00000-0 +23648-3 0  9995
2 30740 098.8082 268.4885 0050410 096.5569 264.1352 14.24052772591644
1 30741U 99025ATB 18213.30249137  .00000033  00000-0  42184-4 0  9993
2 30741  98.9122 240.6368 0006242 188.1687 232.2063 14.11855663589493
1 30742U 99025ATC 18213.11788080  .00000083  00000-0  82696-4 0  9995
2 30742  99.0729 261.7013 0083625 153.4021 233.6795 14.00690911583501
1 30744U 99025ATE 18213.08547168  .00000769  00000-0  31211-3 0  9990
2 30744  98.8282 255.8123 0019205  25.3176   3.6788 14.30490467593720
1 30745U 99025ATF 18213.22045836  .00000832  00000-0  31999-3 0  9996
2 30745  99.2446 113.9113 0028087 147.4841   3.8311 14.33134493593354
1 30746U 99025ATG 18212.74505861 +.00000276 +00000-0 +14476-3 0  9995
2 30746 098.8629 311.6508 0049788 135.7947 022.8612 14.21415198591642
1 30749U 99025ATK 18212.04046843 -.00000223  00000-0 -12147-3 0  9998
2 30749  99.1988 234.8793 0058258  89.4035 271.3803 13.99043544583857
1 30750U 99025ATL 18213.26557965  .00000450  00000-0  26452-3 0  9991
2 30750  99.0749 216.2470 0048979 181.5827 244.6558 14.12713238586898
1 30751U 99025ATM 18213.10230321 -.00000014  00000-0  18333-4 0  9996
2 30751  99.0507 258.9881 0064190  78.7355 311.0348 14.04702894584280
1 30752U 99025ATN 18211.68157859  .00000695  00000-0  26492-3 0  9990
2 30752  98.8805 289.3295 0027070   4.9197 151.6781 14.33968102593284
1 30753U 99025ATP 18212.93487892 +.00000164 +00000-0 +12738-3 0  9992
2 30753 099.0339 249.0114 0060123 340.9566 018.9353 14.05247514585021
1 30755U 99025ATR 18211.92850785 +.00000097 +00000-0 +41987-4 0  9991
2 30755 098.4329 257.9998 0173756 073.9433 049.8311 14.35748905597579
1 30756U 99025ATS 18212.95403505 +.00000557 +00000-0 +35155-3 0  9990
2 30756 099.1539 216.5668 0081743 300.7645 088.4126 14.06911777584808
1 30758U 99025ATU 18213.50417175  .00000143  00000-0  11005-3 0  9991
2 30758  99.0115 296.1129 0044046   6.9915 114.8801 14.07739104586107
1 30759U 99025ATV 18212.17131572  .00000286  00000-0  14078-3 0  9999
2 30759  99.2749  94.8409 0017866  18.6291 132.6484 14.25811661591441
1 30760U 99025ATW 18212.56285638 -.00000031 +00000-0 +82622-5 0  9998
2 30760 098.9534 241.8806 0053026 301.3688 058.2297 14.03389354584617
1 30761U 99025ATX 18212.64549759 +.00000271 +00000-0 +12683-3 0  9998
2 30761 099.0616 004.7724 0096331 178.5623 181.5850 14.26104147593182
1 30762U 99025ATY 18212.40112836 -.00000214 +00000-0 -10734-3 0  9999
2 30762 099.0206 254.9209 0206327 146.1397 342.6885 13.94813930580941
1 30763U 99025ATZ 18212.44246424  .00001083  00000-0  53627-3 0  9996
2 30763  98.8825 187.2861 0036237 169.9549 343.5110 14.19073122587274
1 30764U 99025AUA 18212.96696978 +.00000338 +00000-0 +42540-4 0  9992
2 30764 098.8242 218.8030 0188337 160.6316 231.3685 14.78403194612176
1 30765U 99025AUB 18212.57651987 +.00000139 +00000-0 +10566-3 0  9992
2 30765 099.0593 243.1316 0073024 226.5309 285.9244 14.08029889590277
1 30766U 99025AUC 18211.99474719 -.00000149 +00000-0 -64509-4 0  9994
2 30766 098.8921 265.7608 0089962 079.6039 039.7521 14.04135597249802
1 30768U 99025AUE 18213.12874966  .00000454  00000-0  21146-3 0  9997
2 30768  98.7892 266.3332 0039708  71.8412 309.2516 14.24957638594872
1 30770U 99025AUG 18212.92944904 +.00000047 +00000-0 +48933-4 0  9999
2 30770 098.8671 243.1497 0014368 033.1234 038.7079 14.12871583588898
1 30771U 99025AUH 18213.03130388  .00000705  00000-0  37549-3 0  9997
2 30771  98.8069 137.9485 0032887 124.6193 235.8090 14.16308393588377
1 30783U 99057NS  18212.88382241 +.00000100 +00000-0 +50211-4 0  9995
2 30783 098.1904 080.2996 0048760 231.3905 193.0432 14.33574198597228
1 30789U 99057NY  18213.35309450  .00000333  00000-0  11310-3 0  9999
2 30789  98.4932 163.9437 0008205 118.2375  33.2711 14.42797880600305
1 30791U 99057PA  18212.86692406  .00000348  00000-0  10982-3 0  9993
2 30791  98.4840 173.1723 0006574  98.1002 292.0222 14.46130000601264
1 30792U 99057PB  18212.81000019  .00000001  00000-0  15586-4 0  9994
2 30792  98.5303 152.0908 0006215 207.2627 180.0190 14.35499894598632
1 30800U 99025AUJ 18212.25798240 +.00001867 +00000-0 +36722-3 0  9992
2 30800 099.0097 132.6382 0045805 168.5799 343.6248 14.63342007599620
1 30802U 99025AUL 18213.33477951  .00000499  00000-0  27582-3 0  9991
2 30802  99.0110 241.7780 0024545 182.6887 305.2716 14.15968172590758
1 30803U 99025AUM 18213.10306920  .00000675  00000-0  46111-3 0  9999
2 30803  99.1542 169.0135 0118006  65.3190 354.3352 13.99930775582701
1 30804U 99025AUN 18211.91258368 +.00000076 +00000-0 +29954-4 0  9991
2 30804 098.8962 093.6185 0209082 345.9837 074.6709 14.45629664605215
1 30805U 99025AUP 18213.12787167  .00000453  00000-0  33825-3 0  9991
2 30805  99.0609 279.7443 0070108 163.5178 227.3484 13.98775974583617
1 30806U 99025AUQ 18211.58266296 +.00000274 +00000-0 +29581-3 0  9990
2 30806 099.0971 349.5273 0274143 318.0432 101.0165 13.66358829568957
1 30809U 99025AUT 18212.63661426  .00000515  00000-0  29355-3 0  9991
2 30809  98.9346 274.5789 0060255 296.6503  62.8505 14.13303913590099
1 30810U 99025AUU 18210.38424415 -.00002251 +00000-0 -18077-2 0  9997
2 30810 098.7099 185.9429 0231093 195.8164 163.5687 13.78001983571409
1 30811U 99025AUV 18212.26622360  .00000398  00000-0  48677-3 0  9994
2 30811  98.8189 137.5184 0295628 165.0361 195.9764 13.53792793564646
1 30813U 99025AUX 18213.49298447  .00001764  00000-0  27050-3 0  9997
2 30813  98.9045 143.9116 0056850 307.7725  51.8338 14.74089696604318
1 30814U 99025AUY 18212.96639377 +.00000605 +00000-0 +26728-3 0  9994
2 30814 099.1210 015.4318 0052521 146.4920 007.4282 14.26424999591832
1 30815U 99025AUZ 18213.22291073  .00000854  00000-0  37111-3 0  9996
2 30815  99.3099 113.7044 0003222   9.1572 142.1968 14.27068391591569
1 30816U 99025AVA 18213.55731543  .00000538  00000-0  35496-3 0  9997
2 30816  99.1041 248.8774 0062768  36.3391 125.7576 14.05170662585337
1 30817U 99025AVB 18212.61042283 -.00000252 +00000-0 -14359-3 0  9990
2 30817 098.9647 263.5608 0067464 144.1839 216.3876 13.98242566582825
1 30820U 99025AVE 18212.74673519 +.00000425 +00000-0 +28451-3 0  9998
2 30820 098.5826 018.4953 0061021 258.3356 223.1303 14.05146902585144
1 30821U 99025AVF 18212.76442361  .00000158  00000-0  63716-4 0  9997
2 30821  99.0623 139.6615 0098846 228.0256 164.5916 14.39596210600240
1 30822U 99025AVG 18212.87681804  .00000135  00000-0  10242-3 0  9997
2 30822  99.0362 239.5989 0075366 303.2018 182.2019 14.08476564588138
1 30823U 99025AVH 18212.65035034 -.00000113 +00000-0 -45275-4 0  9995
2 30823 098.7554 093.4727 0141100 037.2142 344.5399 13.99503686583704
1 30826U 99025AVL 18212.32243781 +.00000278 +00000-0 +51971-4 0  9992
2 30826 098.8210 156.6651 0197486 052.5816 098.5617 14.62148477608331
1 30827U 99025AVM 18212.76045577 +.00000768 +00000-0 +45685-3 0  9992
2 30827 098.9203 142.9540 0064776 269.5604 089.8143 14.09388114584548
1 30828U 99025AVN 18212.63622154 +.00000389 +00000-0 +74099-4 0  9992
2 30828 098.5898 272.6969 0330212 101.2607 055.2434 14.40298377596849
1 30829U 99025AVP 18212.87741421  .00000272  00000-0  19351-3 0  9998
2 30829  98.8887 246.2202 0036620 335.4903  24.4523 14.05356236586413
1 30830U 99025AVQ 18213.34285108  .00000006  00000-0  27914-4 0  9998
2 30830  98.8013 245.8251 0030945 258.7033 165.8200 14.09818576588687
1 30831U 99025AVR 18211.01305027 +.00000070 +00000-0 +48427-4 0  9997
2 30831 099.2761 151.3543 0057811 185.6419 174.4115 14.26583825268260
1 30832U 99025AVS 18212.33193841  .00000563  00000-0  52015-3 0  9997
2 30832 100.3556 251.9589 0179087 273.2427  84.8248 13.80682777573699
1 30833U 99025AVT 18211.21940186  .00000157  00000-0  95374-4 0  9991
2 30833  99.8592   5.6171 0036017 139.9959 220.3877 14.21598150592655
1 30835U 99025AVV 18212.09385127 +.00001106 +00000-0 +67622-4 0  9998
2 30835 098.7484 270.0935 0131388 285.3264 073.3472 15.06206465616926
1 30836U 99025AVW 18212.34086674  .00000111  00000-0  89964-4 0  9990
2 30836  99.0483 237.6717 0026047 267.4061  92.4127 14.08993868587408
1 30837U 99025AVX 18213.06145052  .00000055  00000-0  53713-4 0  9997
2 30837  98.7616 250.1575 0033131 238.0216 151.4903 14.11529679588513
1 30838U 99025AVY 18212.30557749  .00000372  00000-0  18449-3 0  9992
2 30838  99.0523 339.0283 0056164  26.0541 334.3444 14.22561128590405
1 30840U 99025AWA 18211.62396014  .00000093  00000-0  28029-4 0  9991
2 30840  98.3273 271.5616 0265588   4.3004 356.0382 14.45450410601431
1 30841U 99025AWB 18211.96189802  .00000225  00000-0  32737-3 0  9991
2 30841  98.7341  35.9385 0359828  33.6739 328.6704 13.39939380557419
1 30843U 99025AWD 18212.94197047 -.00000009 +00000-0 +11549-4 0  9992
2 30843 098.8357 106.4371 0156622 295.5871 062.9204 14.48270708603464
1 30844U 99025AWE 18213.36393034  .00001792  00000-0  38656-3 0  9990
2 30844  98.7733   2.0132 0045453 102.3894 288.3761 14.59102048599635
1 30845U 99025AWF 18211.56268784  .00000031  00000-0  62509-4 0  9994
2 30845  98.4597 125.6422 0196023 338.2737 143.3721 13.75093772572795
1 30846U 99025AWG 18212.06600988 +.00000199 +00000-0 +95290-4 0  9995
2 30846 099.2705 153.3228 0063407 190.1806 230.8466 14.29499882593916
1 30847U 99025AWH 18212.57492538  .00000495  00000-0  33890-3 0  9998
2 30847  98.7423  79.7254 0079901 357.8746  31.6585 14.02634185582486
1 30848U 99025AWJ 18213.25553950  .00000388  00000-0  19918-3 0  9997
2 30848  98.9013 312.7712 0054218 158.7345 201.6101 14.20329320590518
1 30849U 99025AWK 18212.89187605 +.00000497 +00000-0 +31790-3 0  9990
2 30849 099.1107 195.0374 0056543 348.7684 040.0326 14.07485550584309
1 30850U 99025AWL 18213.56715743  .00000483  00000-0  33061-3 0  9995
2 30850  98.3877 239.3232 0141338 254.2604 259.4545 13.99296398580575
1 30851U 99025AWM 18212.18804378 +.00001125 +00000-0 +38888-3 0  9992
2 30851 098.5231 127.7356 0065819 181.2237 178.8799 14.36460203593039
1 30852U 99025AWN 18213.54947591 -.00000130  00000-0 -50533-4 0  9998
2 30852  99.0105 244.2929 0058223 232.6351 126.9506 14.06528200585496
1 30856U 99025AWS 18213.44437828  .00000821  00000-0  46403-3 0  9993
2 30856  98.2423 196.7233 0145463 127.0198  26.4284 14.07299870585623
1 30857U 99025AWT 18212.78540491  .00000556  00000-0  34479-3 0  9996
2 30857  98.9233 147.6068 0083586  28.6969 331.8762 14.07546624586234
1 30858U 99025AWU 18212.96864344 +.00000102 +00000-0 +77140-4 0  9993
2 30858 099.0760 223.2553 0031152 182.2853 206.9286 14.14195402589208
1 30859U 99025AWV 18213.16283170  .00000769  00000-0  40225-3 0  9991
2 30859  98.8977 179.4848 0051759 232.9778 126.6655 14.16658531587631
1 30860U 99025AWW 18212.01060915  .00000490  00000-0  28756-3 0  9992
2 30860  99.0825 220.9715 0045170 267.7849  91.8150 14.12503773584608
1 30862U 99025AWY 18212.81024600  .00000762  00000-0  41111-3 0  9995
2 30862  99.0416 214.0826 0075921 307.0968 177.4580 14.14368012585134
1 30863U 99025AWZ 18211.71062437 -.00000118 +00000-0 -20527-3 0  9999
2 30863 099.1875 293.6326 0885971 100.8805 046.0032 12.32742769265070
1 30867U 99025AXD 18212.50642727  .00000559  00000-0  34250-3 0  9992
2 30867  97.8491  45.5836 0059997 288.9252  90.9986 14.08244788585656
1 30868U 99025AXE 18211.10776616  .00000061  00000-0  52184-4 0  9998
2 30868  98.2702 272.1104 0138996  26.7462   4.7638 14.09643899588063
1 30870U 99025AXG 18212.74310030  .00007352  00000-0  42790-3 0  9997
2 30870  98.9605 243.3885 0025727  97.9277 262.4870 15.12151630609788
1 30871U 99025AXH 18212.79729785 +.00005141 +00000-0 +51402-3 0  9998
2 30871 099.1767 265.1739 0064313 120.9090 239.8468 14.90470357603538
1 30872U 99025AXJ 18212.56841772 +.00000273 +00000-0 +13135-3 0  9997
2 30872 099.1977 080.3958 0048535 235.9119 153.2835 14.26680062592695
