1 00085U 61004C   18212.50497510  .00001692  00000-0  39334-3 0  9992
2 00085  38.7761 280.4843 0389055 250.0980 105.7452 14.18936818833412
1 00732U 63053H   18212.73131044  .00000749  00000-0  29258-3 0  9995
2 00732  78.5813 115.2519 0541859 310.8258  44.7067 13.71020158597039
1 00745U 63038E   18212.80480792 -.00000039  00000-0 -71068-4 0  9998
2 00745  90.0846 326.0122 0018212  40.0461 112.3705 13.54366044701957
1   753U 63049F   18212.12549163 +.00000063 +00000-0 +78922-4 0  9993
2   753 089.9172 099.1430 0029079 299.5347 222.2296 13.53669587691054
1   805U 64026B   18212.84453900 +.00000201 +00000-0 +78025-4 0  9997
2   805 089.9162 004.2086 0031814 332.6625 027.2893 14.26811341779043
1 00903U 64063F   18213.44370531  .00000201  00000-0  19504-3 0  9998
2 00903  90.1495  15.7365 0023627 179.0219 208.6522 13.76418112678716
1   956U 64083B   18212.88841694 +.00000077 +00000-0 +82401-4 0  9996
2   956 089.9758 181.9781 0025648 289.8771 098.5195 13.66023944663202
1   967U 64083F   18212.88134375 +.00000126 +00000-0 +14197-3 0  9990
2   967 089.9809 183.4751 0025078 298.7572 089.9516 13.65899109663114
1 00976U 64064C   18213.00464708  .00000036  00000-0  17593-4 0  9994
2 00976  79.3157 107.2078 0120073  56.0688 305.1819 14.04848175739229
1 00977U 64064D   18212.95467939 -.00000041  00000-0 -46898-4 0  9995
2 00977  80.0459 286.7369 0128574  26.5385 334.2270 13.77385897693779
1  7488U 73086FU  18212.70066055 +.00012219 +00000-0 +29915-1 0  9996
2  7488 102.3308 122.9541 0337302 157.3740 204.2630 13.02713595288747
1 07489U 73086FV  18211.88068594 -.00000034  00000-0  90674-4 0  9991
2 07489 102.3151 178.4888 0061417  64.1411 324.5916 12.29540747  5920
1  7559U 73088E   18209.69682414 +.00000031 +00000-0 +29353-3 0  9991
2  7559 096.7997 110.8551 0049273 063.3411 324.3348 12.55981701049503
1  7560U 72062D   18212.52929060 +.00000040 +00000-0 +13556-4 0  9990
2  7560 082.9735 239.2318 0068304 136.6618 223.9957 14.05887269235089
1 07654U 75010C   18212.51812810 -.00000114  00000-0  22932-4 0  9994
2 07654  49.8437 253.9629 0175048 128.7808 232.8873 13.94180978208568
1  7655U 75010D   18212.25914790 -.00000032 +00000-0 +74852-4 0  9993
2  7655 049.8036 287.9566 0182126 236.7286 121.6046 13.93248371206911
1 07850U 72058W   18213.37941372  .00000313  00000-0  91360-4 0  9993
2 07850  98.0909 245.1536 0207589 198.0538 161.3202 14.38834020225016
1  7851U 72058X   18212.91717902 +.00003865 +00000-0 +22578-3 0  9992
2  7851 098.6026 299.7874 0064645 133.5486 227.1135 15.10879580243504
1 07865U 72058AM  18213.16766183  .00035091  00000-0  45605-3 0  9992
2 07865  97.9550 357.7567 0017540  78.6323 281.6901 15.58544137268678
1 07890U 72058BG  18212.82784917  .00000409  00000-0  91101-4 0  9995
2 07890  98.8935  66.1434 0166504 253.8259 104.4557 14.55074537239830
1 07892U 72058BJ  18212.81131471  .00000066  00000-0  21456-4 0  9992
2 07892  98.5900 331.7739 0112884  49.6697 311.4299 14.64556556283950
1  7933U 72058CB  18212.84941605 +.00000190 +00000-0 +73778-4 0  9991
2  7933 098.7710 172.0639 0309897 123.9819 239.1215 14.17235152187812
1 07938U 75051D   18212.10079525 -.00000003  00000-0  32300-4 0  9994
2 07938  94.9856 267.9651 0039316  62.6775 326.5828 12.72083050  2476
1  7939U 75051E   18208.93742160 +.00000050 +00000-0 +32833-3 0  9994
2  7939 095.1896 087.2969 0026423 156.3109 336.2901 12.64480999990319
1 07940U 72058CF  18213.12719128 -.00000225  00000-0 -71807-4 0  9996
2 07940  98.0194 167.9582 0338227 225.1024 132.2234 14.02166141337132
1  8004U 72058DF  18212.79258184 +.00000177 +00000-0 +67555-4 0  9999
2  8004 097.6236 162.4261 0216986 347.1373 012.4328 14.28588585362835
1  8039U 75064C   18212.74603448 -.00000071 +00000-0 -48508-4 0  9991
2  8039 081.2980 331.5319 0020481 102.2779 258.0686 14.08919554212464
1  8084U 72058DK  18212.61974944 +.00000282 +00000-0 +20097-3 0  9993
2  8084 098.6175 268.3502 0555060 224.7734 130.7325 13.48021318233543
1  8110U 75064D   18212.87641932 -.00000069 +00000-0 -45087-4 0  9991
2  8110 081.3478 015.5868 0032892 271.5283 088.2121 14.11015823215734
1  8137U 74089F   18212.95945521 -.00000004 +00000-0 +19028-3 0  9999
2  8137 100.9003 208.9130 0096092 314.2309 071.7112 12.70979575025171
1  8141U 74089K   18212.81656017 +.00000048 +00000-0 +68659-3 0  9999
2  8141 101.4734 166.9975 0089306 106.8447 282.0512 12.36127182971904
1 08143U 74089M   18212.85377851  .00000046  00000-0  46667-3 0  9994
2 08143 101.3875 185.8753 0195608 115.8900 246.2485 12.60889374 10250
1  8144U 74089N   18212.93779083 -.00000001 +00000-0 +24722-3 0  9997
2  8144 101.3882 189.6444 0149879 043.5610 342.9089 12.53566392998851
1  8151U 74089R   18212.77771049 +.00000123 +00000-0 +58191-3 0  9992
2  8151 101.7740 142.1822 0337122 116.2474 276.4963 12.80708414040365
1  8152U 74089S   18212.84110167 -.00000032 +00000-0 +74960-4 0  9992
2  8152 101.5381 179.6795 0057135 213.7877 176.8966 12.59759954008329
1  8153U 74089T   18209.14336226 +.00000013 +00000-0 +49067-3 0  9995
2  8153 100.9560 282.1087 0283431 247.9888 137.0996 12.09231884930145
1  8154U 74089U   18212.82939903 -.00000029 +00000-0 +96080-4 0  9992
2  8154 101.7101 171.5527 0006185 048.3003 339.9082 12.52354202997967
1  8156U 74089W   18212.61191247 -.00000205 +00000-0 -81069-3 0  9999
2  8156 101.8389 094.3340 0071179 281.3170 193.5900 12.67459085018645
1  8157U 74089X   18211.89007242 +.00000052 +00000-0 +63762-3 0  9998
2  8157 101.8013 177.1074 0134195 215.0208 169.1780 12.47238000988964
1  8158U 74089Y   18212.12036126 +.00000046 +00000-0 +51179-3 0  9991
2  8158 101.7174 273.3660 0068303 129.0402 246.7672 12.61388952010820
1  8159U 74089Z   18212.95939709 +.00000708 +00000-0 +40862-2 0  9993
2  8159 101.5460 227.3269 0088716 329.6800 029.9165 12.63318837994917
1 08160U 74089AA  18212.70020535 -.00000013  00000-0  17550-3 0  9995
2 08160 101.7111 293.1148 0140504 347.6956 167.7721 12.63311724 14737
1  8161U 74089AB  18205.99986498 +.00000378 +00000-0 +43206-2 0  9997
2  8161 101.2382 256.0963 0369928 249.6029 231.5607 11.98180577906933
1 08162U 74089AC  18212.79801078  .00000187  00000-0  14931-2 0  9995
2 08162 100.7818 321.7163 0173177 138.8290  15.6509 12.45034111961626
1 08163U 74089AD  18211.75911390 -.00000119  00000-0 -45427-3 0  9992
2 08163 102.5364 125.6852 0333636 249.5758 106.9181 12.36255782955033
1  8165U 74089AF  18212.49579800 -.00000036 +00000-0 +37917-4 0  9995
2  8165 101.3632 215.3346 0022205 041.0863 112.0382 12.49901008993333
1  8166U 74089AG  18212.90328834 -.00000041 +00000-0 +17266-4 0  9992
2  8166 101.6722 181.7181 0040325 094.0256 294.3321 12.51147789994279
1  8167U 74089AH  18209.25163625 +.00001841 +00000-0 +48451-2 0  9998
2  8167 101.5401 125.4638 0118105 176.2615 336.9257 13.15554744046564
1 08169U 74089AK  18212.30173872 -.00000191  00000-0 -51191-3 0  9990
2 08169 102.5320 154.1208 0153589 122.1879  40.1796 12.87748656 30252
1 08170U 74089AL  18212.43019976  .00002116  00000-0  26214-2 0  9994
2 08170 101.6306 281.5495 0105257 188.2258 242.8454 13.64241931 92962
1  8173U 74089AP  18212.39159545 +.00000033 +00000-0 +49173-3 0  9995
2  8173 101.6130 177.9378 0108329 247.5564 269.0647 12.51446115994962
1  8174U 74089AQ  18212.77189910 +.00000025 +00000-0 +42661-3 0  9993
2  8174 101.5742 185.3979 0066032 107.0392 012.8547 12.52979687997810
1  8175U 74089AR  18211.67682844 -.00001141 +00000-0 -61085-2 0  9998
2  8175 102.5558 278.6287 0219663 050.8325 102.0884 12.55422014967279
1 08178U 74089AU  18212.33635942  .00000849  00000-0  53748-2 0  9991
2 08178 102.3498 159.1049 0237555  27.4955 124.2419 12.49202384966213
1  8181U 74089AX  18212.80731662 -.00000037 +00000-0 +31183-4 0  9994
2  8181 101.4905 063.2070 0070614 059.9887 002.0225 12.39957879977703
1  8182U 74089AY  18210.55041962 +.00001398 +00000-0 +66372-2 0  9998
2  8182 100.4042 114.9355 0158485 080.4631 043.2507 12.72570647999990
1 08185U 74089BB  18213.38341648 -.00000072  00000-0 -22185-3 0  9994
2 08185 101.4408 264.9497 0069498 242.6629 184.4850 12.40189251978322
1 08296U 74089BD  18212.56797639  .00000110  00000-0  12160-2 0  9993
2 08296 102.4018 329.7806 0206953 304.9157 122.9106 12.31592351994827
1 08299U 74089BG  18213.03290319  .00000401  00000-0  44766-3 0  9993
2 08299 102.1874  51.3749 0478912 129.8164 234.6136 13.37863466 85065
1  8300U 74089BH  18210.64204764 +.00000503 +00000-0 +55592-2 0  9990
2  8300 100.8882 252.8765 0357691 165.0371 354.0268 11.99412593196760
1  8301U 74089BJ  18212.77086567 -.00007599 +00000-0 -59485-2 0  9995
2  8301 102.9913 154.2217 0126473 070.3765 291.0978 13.87828900143675
1  8303U 74089BL  18210.69303691 +.00000333 +00000-0 +23982-2 0  9996
2  8303 101.5062 119.2506 0036752 355.7236 033.2994 12.52128190992516
1  8306U 74089BP  18211.73768319 +.00000167 +00000-0 +13944-2 0  9999
2  8306 101.9236 305.0280 0076254 198.5187 321.0757 12.49483261987214
1 08314U 72058EG  18213.06699906  .00000114  00000-0  23151-4 0  9990
2 08314  98.4435 261.9632 0097575  91.7433 269.4955 14.77123777442501
1 08394U 74089BW  18212.64789260 -.00000033  00000-0  10861-3 0  9994
2 08394 102.4487 275.1762 0173808   3.6069 151.2485 12.20236432588690
1 08395U 74089BX  18212.83404339  .00000328  00000-0  19499-2 0  9998
2 08395 100.6350 330.2171 0060859 337.0239 178.8915 12.65800953995252
1 08396U 74089BY  18212.82435396 -.00000041  00000-0  45104-4 0  9992
2 08396 102.3906 204.1625 0063914 348.5212 132.8838 12.42636911985636
1  8397U 74089BZ  18210.95685528 +.00002540 +00000-0 +22181-2 0  9992
2  8397 101.6618 037.9061 0029938 026.9185 139.6284 13.86935203105199
1  8399U 74089CB  18212.08460814 -.00000142 +00000-0 -71342-3 0  9991
2  8399 101.8387 260.8428 0153983 329.1729 058.4051 12.38623355978758
1  8400U 74089CC  18212.01045779 -.00000007 +00000-0 +25640-3 0  9995
2  8400 101.5965 235.9303 0050903 256.2826 132.2935 12.44409266987225
1 08401U 74089CD  18212.60904762 -.00000123  00000-0 -39857-3 0  9992
2 08401 101.7293 251.7318 0062586  37.9041 131.3668 12.66683051 21274
1  8403U 74089CF  18212.48825623 -.00000018 +00000-0 +16259-3 0  9991
2  8403 101.3174 050.5780 0054158 196.1819 193.3291 12.46674097990896
1 08404U 74089CG  18212.73602230  .00000296  00000-0  12094-2 0  9996
2 08404 101.3314 133.6348 0099149 354.6452  38.5505 12.94414932 25068
1 08405U 74089CH  18212.64237305  .00000578  00000-0  99988-2 0  9994
2 08405 102.7161 148.5152 0707160  48.6031 317.3599 11.29681682806810
1 08406U 74089CJ  18211.73456376  .00000303  00000-0  20776-2 0  9990
2 08406 101.4167 127.4869 0025125  70.4309 318.6794 12.56874115   519
1 08407U 74089CK  18213.53414591  .00000125  00000-0  80343-3 0  9993
2 08407 101.2318 193.9731 0231554 159.0541 278.9948 12.66014244 21421
1 08435U 74089CL  18212.12425946 -.00000032  00000-0  69854-4 0  9997
2 08435 101.5974 270.7181 0165335  32.7733 355.2396 12.20713155948318
1 08437U 74089CN  18211.85854635 -.00000046  00000-0 -69900-5 0  9998
2 08437 101.5582 173.6864 0045148 323.6586  63.8405 12.58106623  6978
1 08438U 74089CP  18213.12170278 -.00002127  00000-0 -19445-2 0  9993
2 08438 101.6904 150.1409 0176906  27.7897 333.2561 13.74576509130188
1  8439U 74089CQ  18212.77598939 +.00004695 +00000-0 +16832-1 0  9998
2  8439 102.3920 333.1500 0064253 338.8131 021.0304 12.94736967043635
1 08495U 72058FQ  18212.16358704  .00014008  00000-0  24123-2 0  9993
2 08495 101.4881 340.0857 1116971 170.6607 191.7302 12.90172641881699
1  8533U 72058GG  18212.31778388 +.00000406 +00000-0 +86818-4 0  9995
2  8533 098.4916 248.3348 0130949 257.2095 101.4444 14.59528787113577
1 08539U 72058GN  18212.81791522  .00000243  00000-0  11145-3 0  9990
2 08539  97.3031 337.0847 0209382 254.1607 103.6401 14.17085056366626
1 08542U 72058GR  18212.21562689  .00000011  00000-0  26396-4 0  9996
2 08542  97.9769 121.2762 0358428 224.7459 132.4270 13.83899259321273
1  8544U 72058GT  18212.36296718 +.00000039 +00000-0 +66339-4 0  9992
2  8544 097.4469 104.9147 0848123 015.4290 347.1039 12.72709104151776
1  8555U 74089CS  18212.79302296 +.00000026 +00000-0 +43106-3 0  9998
2  8555 101.2870 049.8860 0060432 281.2878 145.0607 12.53060739992751
1  8556U 74089CT  18212.62376551 +.00000029 +00000-0 +44159-3 0  9998
2  8556 101.3555 094.6865 0084905 071.2247 318.9699 12.52990053996660
1 08560U 74089CX  18212.75048148  .00000011  00000-0  91214-4 0  9991
2 08560 102.1051 313.9244 0409687 152.0721 210.3049 13.30668705111145
1 08561U 74089CY  18213.22221161  .00000024  00000-0  36684-3 0  9996
2 08561 101.6476 208.7908 0071531 127.2966 299.0200 12.65355004 11387
1 08562U 74089CZ  18212.84249816  .00000061  00000-0  93342-3 0  9996
2 08562 101.6361 167.7883 0263914 353.8694  32.5647 12.15092805  6088
1  8563U 74089DA  18212.47659388 +.00000007 +00000-0 +30220-3 0  9991
2  8563 101.2005 038.5721 0084373 082.0676 306.8551 12.52865896995679
1  8564U 74089DB  18212.28880959 +.00000466 +00000-0 +26915-2 0  9995
2  8564 101.2494 146.8969 0059090 064.5358 089.8047 12.65857104009197
1 08566U 74089DD  18212.63747024  .00000097  00000-0  74423-3 0  9999
2 08566 101.6526 267.0544 0083851  51.3799 108.4267 12.66509122 17948
1 08567U 74089DE  18212.35136427 -.00002341  00000-0 -37731-1 0  9993
2 08567 100.6631 157.7442 0698851 284.8756 239.9330 11.30865240800133
1  8592U 74089DF  18212.47143106 -.00000013 +00000-0 +23019-3 0  9995
2  8592 101.6366 025.7920 0128637 356.4974 028.1606 12.31599104963780
1  8593U 74089DG  18212.91178549 -.00000051 +00000-0 -12367-4 0  9992
2  8593 101.9855 009.8523 0224184 060.0261 094.9434 12.71049843026526
1  8594U 74089DH  18212.58361198 +.00000020 +00000-0 +31127-3 0  9998
2  8594 101.7318 085.6025 0135924 072.2703 305.0615 12.72676400027420
1  8595U 74089DJ  18212.94102149 -.00000046 +00000-0 -60491-4 0  9995
2  8595 101.4464 250.6574 0148141 022.1584 097.0608 12.25285761955007
1  8596U 74089DK  18212.84424794 -.00000002 +00000-0 +22549-3 0  9990
2  8596 101.6837 335.2296 0087781 240.6655 275.0072 12.68538518021941
1  8678U 75004F   18212.47126807 +.00000090 +00000-0 +62507-4 0  9997
2  8678 097.6272 231.3436 0175980 252.3695 105.8192 14.09005247233228
1  8679U 75004G   18212.82369211 +.00000295 +00000-0 +67791-4 0  9992
2  8679 098.7941 252.7174 0211324 312.8222 045.5377 14.51370883221816
1  8682U 75004J   18212.93360620 +.00000022 +00000-0 +25428-4 0  9992
2  8682 097.7439 190.7113 0154670 301.6748 056.9425 14.18036364242295
1 08756U 74071C   18213.05306915  .00000331  00000-0  52926-4 0  9994
2 08756  74.0518 167.5825 0005439 253.3404 106.7173 14.76001541463725
1 08757U 75094D   18213.50170732  .00000456  00000-0  51855-4 0  9995
2 08757  74.0242 237.9553 0002520 274.3646  85.7247 14.89510538471923
1 08764U 70102E   18213.42797632  .00000052  00000-0  65495-4 0  9990
2 08764  74.0375 114.7556 0022636 281.2392 198.2813 13.85463575403543
1 08784U 74089DL  18212.11919993  .00003146  00000-0  93091-2 0  9999
2 08784 100.8076  81.2756 0277144  64.7468  85.0050 12.96678596154344
1 08785U 74089DM  18212.86831288  .00000238  00000-0  26370-2 0  9997
2 08785 101.0017 341.6742 0266248 317.9344 196.6897 12.11935505732444
1  8786U 74089DN  18212.21019015 -.00000022 +00000-0 +15968-3 0  9997
2  8786 101.9474 305.0858 0052581 010.1830 017.6344 12.44052264982318
1 08788U 74089DQ  18212.68903209 -.00000135  00000-0 -66748-3 0  9995
2 08788 102.2171 284.3592 0070462   3.7084 166.0551 12.39694452978846
1  8789U 74089DR  18211.87815957 -.00000002 +00000-0 +30740-3 0  9993
2  8789 101.7361 180.1618 0105104 203.8754 183.9868 12.38878126976021
1 08790U 74089DS  18213.15780365 -.00000029  00000-0  91590-4 0  9992
2 08790 101.5522 180.9841 0040905 303.2394 125.2098 12.58748808  6931
1 08791U 66087F   18212.45908764  .00000138  00000-0  97232-3 0  9997
2 08791 101.3252 190.8708 0138310 151.9575   1.7352 12.62663864381254
1  8828U 70106C   18212.85411994 +.00000072 +00000-0 +87836-3 0  9999
2  8828 101.9079 177.9035 0029190 058.5349 330.5369 12.38933998154916
1  8829U 74071D   18212.70978602 +.00000171 +00000-0 +44853-4 0  9996
2  8829 074.0641 322.5921 0014239 142.2906 217.9259 14.56537282393461
1  8867U 76047C   18212.50937459 +.00000024 +00000-0 +90603-4 0  9997
2  8867 099.3748 148.2112 0075286 045.6779 018.0814 13.56547341085617
1  8868U 76047D   18212.25832881 +.00000106 +00000-0 +14712-3 0  9990
2  8868 100.0086 131.4551 0050565 149.3996 004.2735 13.80343740120365
1 08908U 70025NJ  18212.52504240  .00001722  00000-0  12537-2 0  9997
2 08908 101.6805  47.2920 0141136 134.0583 227.2292 13.93534519342640
1  8951U 75004AH  18212.36302305 +.00000067 +00000-0 +21987-4 0  9999
2  8951 097.8441 177.0075 0031461 231.5521 128.2857 14.62800849230009
1 08954U 75004AL  18212.44800176  .00000262  00000-0  94809-4 0  9990
2 08954  97.6944 244.6538 0136577 191.2577 168.5548 14.35274761197565
1  8958U 75004AQ  18212.94002863 +.00000057 +00000-0 +22087-4 0  9997
2  8958 097.9003 257.0705 0039481 097.8066 262.7619 14.57105448242287
1  8959U 75004AR  18212.76723935 +.00000040 +00000-0 +24312-4 0  9993
2  8959 098.4272 135.5006 0067576 101.5522 259.3265 14.43772760227006
1  8968U 75004BA  18212.76210696 +.00000077 +00000-0 +43081-4 0  9992
2  8968 097.6884 134.0541 0137912 072.3997 289.2195 14.25181880198252
1  8969U 75004BB  18212.79416235 +.00000101 +00000-0 +46719-4 0  9992
2  8969 097.6179 216.7595 0126032 188.4836 171.4221 14.32334761203478
1  8970U 75004BC  18212.84400224 +.00000206 +00000-0 +72546-4 0  9994
2  8970 097.2998 355.0664 0117878 108.8851 252.5163 14.38489949204887
1 08981U 75004BP  18213.07702771  .00000159  00000-0  59804-4 0  9993
2 08981  97.6876 261.0888 0130190 330.6519  28.7401 14.38250111201613
1 09003U 75004CM  18213.18176528  .00000127  00000-0  25493-4 0  9998
2 09003  98.1210 299.3528 0029060 160.6335 199.5986 14.77136046263113
1  9040U 75004DE  18212.51544180 -.00000034 +00000-0 +17158-5 0  9996
2  9040 097.8460 062.9550 0046825 200.8633 159.0651 14.47165024197012
1 09293U 75004DU  18212.91223931  .00000041  00000-0  18932-4 0  9995
2 09293  97.8603  87.9580 0083475 206.9867 152.6979 14.55909684243863
1  9313U 75004EQ  18212.13069325 +.00000006 +00000-0 +14000-4 0  9990
2  9313 097.6026 338.5168 0087684 337.3458 022.3871 14.37631143222022
1  9320U 75004EX  18212.74647035 +.00000021 +00000-0 +13776-4 0  9991
2  9320 098.3924 142.2597 0057394 114.8617 245.8567 14.63917946148760
1  9323U 73088F   18212.75908369 +.00000047 +00000-0 +38601-3 0  9996
2  9323 097.0431 146.0078 0023178 315.5097 072.3025 12.58972771954477
1 09567U 75004FP  18213.34717022 -.00000021  00000-0  74459-5 0  9992
2 09567  97.8780 178.6557 0126009 315.2237  43.8825 14.20161548199223
1 09568U 73086FW  18212.28492437  .00001862  00000-0  18399-1 0  9993
2 09568 101.4642 326.4722 0342708 317.8018  66.3037 12.05784057958091
1 09569U 73098D   18212.54063256  .00000354  00000-0  46749-4 0  9997
2 09569  74.0517 266.3230 0011700 348.2952  11.7953 14.84139796483068
1  9570U 73086FX  18212.58824447 -.00000041 +00000-0 +58782-5 0  9992
2  9570 101.5349 246.3328 0068191 085.1704 069.5187 12.41215970020846
1 09572U 75112C   18213.52882572  .00000914  00000-0  67134-4 0  9992
2 09572  74.0275 281.8967 0002988 219.8757 140.2213 15.05199881268452
1  9619U 75004FU  18212.81626372 +.00000201 +00000-0 +71563-4 0  9999
2  9619 097.4145 170.4245 0114237 249.5598 109.3297 14.39131530256666
1 09650U 76126G   18212.55100473  .00000090  00000-0  45197-4 0  9990
2 09650  65.8128 219.1575 0913629 258.5464  91.1724 13.22330842973175
1 09653U 76126K   18213.19485463 -.00000265  00000-0 -68215-4 0  9991
2 09653  65.7703 291.4966 0832935   8.8681 352.6074 13.18482861964032
1 09655U 76126M   18213.48822194 -.00000096  00000-0  49842-5 0  9998
2 09655  65.7921 353.4566 0730420  38.9527 326.1878 13.62286353995365
1  9656U 76126N   18212.93412257 +.00000067 +00000-0 +93905-4 0  9998
2  9656 065.8200 186.5255 0895099 222.3942 130.4494 12.84934439912021
1  9663U 77002C   18212.78969760 -.00000021 +00000-0 -21782-4 0  9995
2  9663 081.2680 346.8406 0008119 128.1201 232.0699 14.02469881126289
1 09664U 77002D   18212.84543320 -.00000033  00000-0 -29873-4 0  9995
2 09664  81.2676   0.2797 0008863 177.9660 182.1544 14.01905132125710
1 09666U 70025NK  18213.42650730  .00000355  00000-0  50845-3 0  9991
2 09666  99.2810 280.1078 0124782 150.9355 273.9829 13.59442650361533
1 09668U 70025NM  18213.10151499  .00000686  00000-0  21035-3 0  9992
2 09668 100.1270 266.8140 0063087  14.7132 345.5871 14.44730080163173
1 09674U 72058HQ  18213.31261850  .00000819  00000-0  40383-4 0  9999
2 09674  97.9866 159.4898 0050756 173.6147 186.5744 15.20106522469355
1  9681U 75004GC  18212.78556638 -.00000008 +00000-0 +94791-5 0  9996
2  9681 097.9061 054.8616 0057436 051.3136 309.3172 14.41451730229112
1  9695U 74089DU  18212.75951439 +.00000184 +00000-0 +32121-3 0  9999
2  9695 103.0033 050.3194 0298960 029.3624 332.3931 13.45926716052570
1  9696U 74089DV  18212.97572403 +.00000112 +00000-0 +13378-2 0  9997
2  9696 100.8176 025.6100 0185935 336.2620 180.1185 12.21408197947663
1 09697U 74089DW  18212.78908417  .00000149  00000-0  11757-2 0  9994
2 09697 101.7452 308.5888 0144664 238.0910 277.0678 12.53285058999262
1 09699U 74089DY  18211.75136816 -.00000035  00000-0  58992-4 0  9997
2 09699 101.6446 121.1250 0123937 265.4206 107.5463 12.29198601964126
1  9701U 73086FZ  18212.94518941 +.00001602 +00000-0 +49243-2 0  9999
2  9701 102.6898 217.0372 0061032 156.9229 236.0582 13.07278624071904
1 09702U 73086GA  18212.05798874  .00000171  00000-0  29263-2 0  9997
2 09702 103.1003  53.7190 0717916 125.0025  26.1609 11.39063524862890
1  9703U 73086GB  18212.93071068 +.00000002 +00000-0 +92619-4 0  9994
2  9703 065.7221 149.0187 0121236 138.6787 310.8952 13.66700614190708
1 09704U 76069C   18213.19807147  .00000433  00000-0  48221-4 0  9991
2 09704  74.0551 294.8248 0005431 312.6317  47.4406 14.90572218535228
1  9710U 75004GU  18212.50777434 +.00000020 +00000-0 +23493-4 0  9991
2  9710 097.6530 055.1900 0158951 164.1232 196.5013 14.17557262956147
1 09722U 76126T   18212.57000039  .00000601  00000-0  13270-2 0  9992
2 09722  65.7597  48.9322 0804569  76.3536 292.5678 12.49449261877116
1 09723U 76126U   18213.51162815  .00000475  00000-0  57416-3 0  9999
2 09723  65.7579  51.1996 0729321  54.5789 312.1131 12.93980702925734
1  9724U 76126V   18212.90090128 +.00000319 +00000-0 +18191-3 0  9993
2  9724 065.8222 178.3524 0819293 015.5014 346.9570 13.15379501958187
1  9726U 73086GC  18209.38343787 +.00000008 +00000-0 +46359-3 0  9999
2  9726 102.3409 180.0019 0082234 055.3792 100.3340 12.26297727928593
1  9730U 74089DZ  18212.19168410 +.00000365 +00000-0 +10319-2 0  9991
2  9730 101.7591 102.8313 0070893 287.5379 225.0518 13.19929434061927
1 09795U 74089EA  18213.12628590  .00000122  00000-0  78937-3 0  9998
2 09795 101.9986  79.5535 0302018  76.3187  77.5877 12.62019851  9821
1  9797U 76126X   18211.89593181 -.00000037 +00000-0 +22766-4 0  9999
2  9797 065.8173 168.5291 0930634 308.3203 043.7610 12.76627272902105
1  9798U 76126Y   18212.84935257 -.00000017 +00000-0 +77239-4 0  9993
2  9798 065.7555 093.8247 0120630 071.9371 051.0865 13.60874640056815
1 09799U 76126Z   18212.96380433 -.00000057  00000-0  11246-4 0  9997
2 09799  65.6046  24.4287 1019444 313.4226  38.6165 12.77382561281938
1 09807U 76126AA  18212.80189163  .00000699  00000-0  15984-3 0  9990
2 09807  65.7905 354.0550 0538791 240.0877 114.5653 13.98880529 28537
1  9816U 76126AC  18212.66402682 +.00000057 +00000-0 +38267-4 0  9996
2  9816 065.8010 298.9190 0674861 359.6056 000.4386 13.69592564011171
1 09818U 76126AE  18212.75868770  .00001433  00000-0  18334-3 0  9993
2 09818  65.7474  81.0319 0297376  17.5023 343.6065 14.58651062 61603
1  9819U 76126AF  18212.93440162 +.00000302 +00000-0 +83037-4 0  9992
2  9819 065.8915 050.9450 0563286 293.8306 060.4702 13.94520468031215
1  9821U 76126AH  18212.68133991 +.00000762 +00000-0 +14761-3 0  9993
2  9821 065.7702 314.4775 0402182 139.9466 223.2034 14.28791053047552
1 09822U 76126AJ  18213.39497011  .00000083  00000-0  74038-4 0  9999
2 09822  65.7828 202.5192 0957001 231.6714 119.4483 12.89938406936116
1 09823U 76126AK  18211.75768388  .00000177  00000-0  11554-3 0  9993
2 09823  65.8014 336.5560 0935960 177.8226 182.7347 12.94045965942407
1 09824U 76126AL  18213.48245010  .00000119  00000-0  51872-4 0  9992
2 09824  65.8115 224.7684 0913599 256.9286  92.8346 13.22236823973089
1 09826U 76126AN  18213.27338832  .00000076  00000-0  54020-4 0  9996
2 09826  65.8436 175.0329 0801349 202.1871 154.2604 13.33295422977124
1  9827U 76126AP  18212.74737976 +.00000203 +00000-0 +56228-4 0  9994
2  9827 065.7990 337.7503 0384968 085.5749 278.9212 14.31595412047803
1  9835U 73086GD  18211.80186147 +.00000596 +00000-0 +10491-1 0  9993
2  9835 101.3480 312.0464 0664526 239.8495 281.5040 11.33042892260509
1  9902U 76105P   93004.71873481 -.00000754 +00000-0 +10000-3 0  9995
2  9902 064.5621 291.0928 7203762 192.8685 127.6131 01.98028326005637
1 09907U 77024C   18213.14893210  .00000179  00000-0  45923-4 0  9992
2 09907  82.9192 112.3597 0007453 155.2133 204.9421 14.45220090108722
1 09951U 76126AR  18213.41908576  .00000182  00000-0  99375-4 0  9999
2 09951  65.8210 220.0342 0837872 320.8209  33.4926 13.20409149679417
1  9953U 76126AT  18212.43466835 -.00000336 +00000-0 -11118-3 0  9990
2  9953 065.8282 014.2101 0877451 036.4822 329.2828 13.05614096951953
1  9954U 76126AU  18212.94279877 -.00000089 +00000-0 -18687-5 0  9990
2  9954 065.7011 043.0823 0909696 160.3989 203.4543 13.00584473252616
1 09955U 76126AV  18212.62416379 -.00000014  00000-0  31117-4 0  9995
2 09955  65.8477 299.9351 1077665 280.2856  67.8571 12.62892011634883
1  9956U 76126AW  18209.69576411 -.00000103 +00000-0 -78598-4 0  9997
2  9956 065.7957 095.9263 0931293 328.3094 026.4901 12.36242433875013
1  9958U 76126AY  18212.60944885 +.00000117 +00000-0 +20853-3 0  9991
2  9958 065.8700 290.6265 0905761 338.3485 018.1391 12.59056989900894
1  9960U 76126BA  18212.91499729 +.00000124 +00000-0 +14758-3 0  9995
2  9960 065.8706 027.6579 0870122 131.8498 236.0204 12.83434364908471
1 09961U 76126BB  18212.99911995  .00000327  00000-0  11965-3 0  9990
2 09961  65.8042 193.6544 0631548  33.2514 330.6613 13.68947273  4904
1  9964U 76126BE  18212.79322063 +.00000694 +00000-0 +41067-3 0  9996
2  9964 065.8032 138.2288 0836545 107.3725 262.0479 13.05586139949162
1 09966U 76126BG  18211.73852639  .00000477  00000-0  20963-3 0  9999
2 09966  65.7873 316.5573 0708410 255.2215  96.9359 13.44021874983072
1  9973U 68097DV  18212.51952004 -.00000177 +00000-0 -16169-4 0  9992
2  9973 062.4100 042.1885 0653999 358.2836 001.5943 13.56508895639052
1  9975U 73086GE  18211.50611047 +.00000081 +00000-0 +91147-3 0  9995
2  9975 102.5238 052.4008 0098603 076.9538 313.5258 12.42598643735697
1 09976U 73086GF  18212.81197031  .00000076  00000-0  96546-3 0  9995
2 09976 102.1777 184.9769 0045835  55.4834  61.5301 12.34900767941195
1  9977U 73086GG  18212.91472424 +.00000066 +00000-0 +70602-3 0  9993
2  9977 102.0400 241.2842 0063904 290.2286 190.8429 12.52962736963032
1  9978U 73086GH  18212.96378244 -.00000007 +00000-0 +28739-3 0  9994
2  9978 101.7244 219.2199 0051406 217.7736 171.1526 12.32949686938043
1 09979U 73086GJ  18211.50565068  .00000147  00000-0  26930-2 0  9990
2 09979 101.9160 224.2291 0591959 190.7530 328.5194 11.49665888 75874
1 09981U 77012E   18212.07597650  .00000125  00000-0  43237-3 0  9997
2 09981  65.2036  82.3258 1697323 221.5144 124.3924 10.83359588638494
1 09982U 77012F   18213.20250959 -.00000039  00000-0 -10088-4 0  9997
2 09982  65.9029  35.0139 1710791  53.6667 321.0323 10.80293227635676
1  9983U 77012G   18164.21624750 -.00000231 +00000-0 -56903-3 0  9997
2  9983 065.5990 096.8511 1713696 298.3823 045.4827 10.75104616623094
1  9984U 74089EB  18212.35906307 -.00000035 +00000-0 +66243-4 0  9999
2  9984 101.9339 170.9481 0095559 071.2383 082.7285 12.40358436980606
1  9985U 74089EC  18212.83549243 +.00000008 +00000-0 +34116-3 0  9997
2  9985 101.5923 177.9592 0048339 116.1626 274.6236 12.48779455993467
1 09986U 74089ED  18212.83229841  .00010308  00000-0  13070-1 0  9995
2 09986 103.3846 342.4180 0507085 312.4622  43.4651 13.20315788 49033
