1   167U 61017D   18212.57602005 -.00000287 +00000-0 -57512-4 0  9991
2   167 047.8462 086.4078 0091936 217.8871 141.5518 14.22682365954813
1 00172U 61015AY  18213.15199220  .00000066  00000-0  17714-3 0  9992
2 00172  67.0672 261.1294 0140006 303.9490  54.8329 13.57308790814876
1 00178U 61015BC  18213.34554408 -.00000044  00000-0  24637-4 0  9992
2 00178  66.8642 186.8316 0086517 248.1959 110.9900 13.92320416897126
1 01590U 65073G   18212.19797630 -.00000591  00000-0 -31604-2 0  9995
2 01590  56.0909 286.6414 0170837 137.3436 254.4202 12.48250807399142
1 01591U 65073H   18212.52530703 -.00000342  00000-0 -17335-2 0  9998
2 01591  56.0563 249.1046 0154472 101.2014  47.6600 12.42081824391526
1  1608U 64083H   18212.58715603 +.00000164 +00000-0 +14417-3 0  9996
2  1608 089.8273 134.7030 0016263 219.4002 261.7616 13.81426853677222
1 01634U 65020ED  18212.34108273  .00000062  00000-0  30307-3 0  9993
2 01634  56.1595 328.1879 0835136 175.3526 185.5784 12.47301874403754
1  1722U 65082CD  18212.66533306 +.00000083 +00000-0 +10666-4 0  9993
2  1722 032.4202 326.9925 0029192 018.4801 341.6904 14.60000684777960
1  1829U 65082DU  18212.87089165 +.00000161 +00000-0 +16553-4 0  9991
2  1829 032.2910 139.1118 0030114 119.9562 240.4086 14.77528936793741
1 01835U 65082EA  18212.54038605  .00000189  00000-0  14255-4 0  9992
2 01835  32.3932 289.0148 0015768  46.6018 313.5951 14.92024121837444
1 15523U 76067BH  18211.94374052 -.00000076 +00000-0 -45799-4 0  9992
2 15523 065.9333 045.7829 0748106 335.0900 086.0653 12.47506279296792
1 15528U 82109D   18212.13986375 +.00000194 +00000-0 +52876-4 0  9993
2 15528 074.0229 143.7035 0012393 226.2661 195.0454 14.53817728797954
1 15529U 65027S   18210.72182549 +.00000579 +00000-0 +19479-2 0  9995
2 15529 090.3022 296.6299 0032169 022.1003 137.9201 12.98055330784684
1 15530U 65027T   18213.25253490 -.00000332  00000-0 -11718-2 0  9999
2 15530  90.3008 320.8522 0031943  56.8682 332.2357 12.97230402684578
1 15534U 68091CX  04112.17730939 +.00001877 +00000-0 +37247-3 0  9998
2 15534 062.6103 047.8806 0404235 232.7041 123.6613 14.24404109119189
1 15535U 68091CY  18212.63411279  .00000475  00000-0  12353-3 0  9993
2 15535  62.3996  68.3758 0455852 240.1410 115.3609 14.13688318547097
1 15540U 76077EU  18212.92411774 +.00000085 +00000-0 +15599-2 0  9995
2 15540 102.6798 016.9816 0565855 237.5001 285.7946 11.66428194163310
1 15541U 81053JZ  18212.89779222  .00000139  00000-0  10874-3 0  9999
2 15541  82.8915   2.8683 0031792 240.2348 273.1632 13.85050980723659
1 15542U 81053KA  18212.98382876  .00000252  00000-0  23387-3 0  9994
2 15542  83.0058  31.3184 0075181 165.6587 355.5642 13.77198610830535
1 15555U 76126BT  18210.34337284 -.00000037 +00000-0 +24761-4 0  9994
2 15555 065.7847 112.2617 0975785 235.3147 115.2132 12.51108042206463
1 15558U 61015LE  18213.28138895 -.00000064  00000-0  15907-4 0  9993
2 15558  65.5876 159.5155 0059664 329.3834  30.3763 14.03440598720702
1 15559U 77121BM  18213.07605926 -.00000034  00000-0  54640-4 0  9994
2 15559  65.5795  77.8172 0129257 201.1264 312.8479 13.64360008668159
1 15614U 85021D   18212.58082628 -.00000052 +00000-0 +19937-4 0  9997
2 15614 108.2245 259.6193 0013315 090.8302 269.4379 14.68535170773446
1 15615U 85021E   18212.38731574 -.00000007 +00000-0 +36770-4 0  9991
2 15615 107.8400 037.4886 0043480 132.0431 347.1198 14.46217588751629
1 15616U 85021F   18213.13201367  .00001691  00000-0  11189-3 0  9993
2 15616 107.4664 275.6335 0026806 256.4525 103.3672 15.11814543772215
1 15756U 83079D   18212.84349209  .00000201  00000-0  42346-4 0  9990
2 15756  74.0517 357.6713 0009212 186.9398 173.1645 14.66000642755441
1 15762U 76126BU  18211.75776535  .00000070  00000-0  26218-3 0  9990
2 15762  65.6643 322.7095 0747387 166.0225 196.2773 12.58380798340226
1 15764U 73081C   18212.57006597  .00000087  00000-0  85938-4 0  9997
2 15764  90.4299 149.1478 0186569  68.0728 346.5155 13.64324440744205
1 15766U 81053KB  18212.15380336  .00000555  00000-0  23522-3 0  9997
2 15766  82.9432 111.5885 0010246  12.4017 347.7417 14.23816689703328
1 15767U 81053KC  18212.88406585 +.00000700 +00000-0 +26927-3 0  9997
2 15767 082.9194 102.6222 0011788 078.1696 282.0812 14.29077040703612
1 15768U 81053KD  18212.84182861  .00000616  00000-0  37689-3 0  9995
2 15768  83.0742 255.9217 0056628 186.8695 227.7717 14.03632004688923
1 15769U 81043C   18211.47009616 +.00000055 +00000-0 +24837-4 0  9998
2 15769 081.2753 088.9590 0061605 119.5619 241.1710 14.06873182749775
1 15775U 68091DA  18212.68965316 -.00000654  00000-0 -64981-3 0  9995
2 15775  62.2952 306.0578 0728595  81.3940  60.8483 12.90591550195543
1 15780U 81053KE  18213.47913786  .00000235  00000-0  17631-3 0  9999
2 15780  82.8195 322.3365 0058015  98.1106  32.7005 13.89695292680313
1 15783U 61015LG  18212.69627953  .00000172  00000-0  60495-4 0  9996
2 15783  67.0435 309.7508 0053837 112.3184  41.8482 14.55579494762307
1 15784U 79060D   18212.88455083 +.00000242 +00000-0 +49508-4 0  9990
2 15784 074.0005 171.0907 0005055 297.9320 092.8650 14.66323865769146
1 15785U 84019C   18212.93966427 +.00000188 +00000-0 +46701-4 0  9997
2 15785 074.0363 038.6097 0008920 093.3274 266.8911 14.58637331913536
1 15788U 78026GT  18212.03448902 +.00000079 +00000-0 +92943-4 0  9993
2 15788 098.7263 235.5105 0124851 175.6108 213.4464 13.88824544803390
1 15789U 73086GT  18212.80731799 -.00010158  00000-0 -57591-1 0  9997
2 15789 103.8212 312.5255 0474072  61.4730  89.5089 12.32022065479605
1 15950U 85066D   18212.80188013  .00001456  00000-0  11237-2 0  9990
2 15950  89.9177 331.5502 0115099 223.7876 290.0109 13.89442846641384
1 15951U 85066E   18212.76200720 +.00000568 +00000-0 +49048-3 0  9991
2 15951 089.8153 223.0036 0147757 148.9841 276.2626 13.80344872635699
1 16020U 85066F   18212.16303936 +.00000011 +00000-0 +45752-5 0  9999
2 16020 090.2784 304.2209 0140552 207.3408 236.8444 13.40343101610325
1 16202U 82055D   18212.78803226  .00000026  00000-0  78469-4 0  9997
2 16202  65.8297 125.3757 0081376  10.3784  22.8851 13.96493213836080
1 16211U 82055N   18212.53479262 -.00000064 +00000-0 +17201-4 0  9999
2 16211 065.8332 233.9292 0025498 025.1773 053.4138 13.69968995638436
1 16266U 85094K   18212.61133287 +.00000143 +00000-0 +70396-3 0  9998
2 16266 082.6032 289.3026 0009870 122.4764 306.7374 12.65710263513343
1 16267U 85094L   18212.86956736  .00000742  00000-0  22021-2 0  9994
2 16267  82.5899 344.6310 0070842 122.8780  39.7022 13.05877344169118
1 16268U 85094M   18212.89091567 +.00000127 +00000-0 +69805-3 0  9999
2 16268 082.7130 182.4715 0082927 113.4625 275.6367 12.55572373495626
1 16269U 85094N   18212.80963764 -.00000002 +00000-0 -71296-4 0  9990
2 16269 082.6251 335.6503 0011922 162.6943 351.6952 12.62152928510624
1 16271U 85094Q   18212.70467440 +.00000032 +00000-0 +11574-3 0  9995
2 16271 082.6096 305.5415 0006121 176.9099 339.2789 12.62971452512260
1 16272U 85094R   18213.45017575  .00000091  00000-0  37922-3 0  9999
2 16272  82.6174 203.5110 0044272 129.6374  25.1468 12.73874154522211
1 16376U 82055Q   18213.04047719  .00000097  00000-0  14043-3 0  9991
2 16376  65.8285  85.1693 0011895  63.2632   6.9603 13.92605048659290
1 16377U 82055R   18213.14344476  .00000175  00000-0  17675-3 0  9994
2 16377  65.8243 242.7278 0030332  60.6688  42.9496 13.99914652663975
1 16378U 82055S   18213.48763083 -.00000053  00000-0  26857-4 0  9990
2 16378  65.8329  73.4433 0030439 172.4647 263.4793 13.80860513651151
1 16380U 82055U   18212.91249943 -.00000062 +00000-0 +20163-4 0  9998
2 16380 065.8365 148.8653 0042029 058.0211 029.0723 13.63844644632098
1 16382U 82055W   18212.97980253  .00000559  00000-0  28064-3 0  9999
2 16382  65.7449 195.2035 0042484 289.6890 103.6122 14.24027195679109
1 16384U 82055Y   18213.36729206 -.00000034  00000-0  51577-4 0  9999
2 16384  65.8337 299.4426 0038683   3.5148  87.3124 13.69384225637027
1 16385U 82055Z   18213.08416992  .00000108  00000-0  17165-3 0  9999
2 16385  65.8289 192.0361 0038375 274.8216 214.5802 13.83510954648190
1 16389U 85097C   18212.81419340 -.00000043 +00000-0 +78322-6 0  9996
2 16389 071.0005 070.0907 0189635 322.3792 036.4167 13.76064334645183
1 16390U 85097D   18212.90683160 -.00000022 +00000-0 +19193-4 0  9997
2 16390 070.9717 184.9802 0207101 161.4141 199.4671 13.72044300640093
1 16391U 85097E   18212.97139465 -.00000070 +00000-0 -23611-4 0  9993
2 16391 070.9962 047.6857 0191584 343.1586 169.3552 13.76542262645802
1 16392U 85097F   18213.17096237 -.00000052  00000-0 -87800-5 0  9997
2 16392  70.9691  97.9864 0199094  71.3293  93.2855 13.74350523643069
1 16715U 70025PA  18213.44742167  .00000026  00000-0  97808-4 0  9998
2 16715  99.9840 285.5386 0006817  69.9840 355.7421 13.60195053654517
1 16867U 86052E   18212.27054087 +.00000328 +00000-0 +54029-4 0  9993
2 16867 074.0223 162.5341 0014307 070.6430 289.6289 14.74711493702223
1 17000U 76077EX  18212.62648362  .00001238  00000-0  22037-1 0  9995
2 17000 102.5035 355.2608 0671572 317.8044 103.2426 11.29581159412108
1 17018U 76067BJ  18211.34962256  .00000842  00000-0  30278-2 0  9999
2 17018  66.0270 335.0335 0641867 220.7517 169.6618 12.44995274525228
1 17023U 74089EW  18212.96321799 +.00000006 +00000-0 +26741-3 0  9990
2 17023 101.1755 212.7381 0050567 281.9012 104.3205 12.63824114545141
1 17024U 77065FT  18212.23285165  .00000438  00000-0  89321-3 0  9996
2 17024  29.4349 236.9721 0874400  75.2123 294.3559 12.32250052 79498
1 17025U 81053KF  18213.45464944  .00000231  00000-0  20994-3 0  9990
2 17025  82.8266  95.8377 0073539 197.9854 226.3561 13.78415968667778
1 17026U 81053KG  17314.62292282  .00000333  00000-0  27636-3 0  9998
2 17026  83.1342   7.6592 0075107 307.8044 205.8506 13.84752658632189
1 17093U 65027U   18213.53985167  .00000639  00000-0  21872-2 0  9999
2 17093  90.3065 298.5713 0023239  49.2529  14.9491 12.97054172576420
1 17103U 82055AE  18212.96389271 +.00000008 +00000-0 +91226-4 0  9993
2 17103 065.8296 062.7384 0029111 333.2324 094.6190 13.75783057642461
1 17104U 82055AF  18212.96505878 -.00000034 +00000-0 +49168-4 0  9995
2 17104 065.8342 061.7986 0044512 283.3465 144.8517 13.74753997642543
1 17105U 82055AG  18213.17868516 -.00000010  00000-0  74348-4 0  9993
2 17105  65.8319 120.0318 0026620   5.7607 144.2845 13.73911613641288
1 17106U 82055AH  18212.89388494 -.00000011  00000-0  64187-4 0  9995
2 17106  65.8312   3.6978 0019439 178.7667 339.6413 13.84243188822118
1 17107U 82055AJ  18212.57715972 +.00000168 +00000-0 +17055-3 0  9999
2 17107 065.8211 243.6223 0015926 067.9273 100.0413 14.00555510663561
1 17108U 82055AK  18213.29007845  .00000188  00000-0  26037-3 0  9995
2 17108  65.8323 272.3524 0028328 286.5561 199.7435 13.79606574646380
1 17118U 86019N   18213.57763927  .00000139  00000-0  77968-4 0  9997
2 17118  98.7419 251.2372 0142860  45.7258 106.2946 14.19648060625945
1 17128U 86019X   18212.85407376  .00001048  00000-0  15129-3 0  9991
2 17128  98.3550 347.2780 0051201 150.5307 209.8806 14.77648398655604
1 17155U 86019AJ  18213.32934265  .00001850  00000-0  20356-3 0  9995
2 17155  99.0306 352.4675 0033118  88.8260 294.0346 14.88736082665752
1 17164U 85066G   18212.33487385 +.00000045 +00000-0 +65315-4 0  9992
2 17164 089.3626 034.3638 0202747 346.8178 086.4481 13.32604294602969
1 17168U 85094S   18212.79236181 +.00001579 +00000-0 +50584-2 0  9996
2 17168 082.5829 355.7153 0019038 319.0936 109.3858 13.02034171527695
1 17203U 86019BF  18212.68710483 -.00000022 +00000-0 +13389-4 0  9991
2 17203 098.9713 277.4221 0131814 312.6305 213.0310 14.05370425621566
1 17212U 86019BQ  18212.77718442  .00001955  00000-0  18521-3 0  9991
2 17212  98.5198 149.5493 0018311  53.6497 338.6382 14.94849616671579
1 17219U 86019BR  18213.50037413  .00000249  00000-0  81476-4 0  9997
2 17219  98.6735  45.7555 0040580 207.6758 181.4546 14.46624687658021
1 17233U 86019CF  18212.86862705  .00000586  00000-0  86349-4 0  9999
2 17233  98.4502  75.3144 0016150  48.6664  79.6321 14.79316434677603
1 17268U 86101C   18213.50280868  .00000133  00000-0  86064-4 0  9997
2 17268  82.6133  40.9324 0027976 182.1701 207.2770 13.95587766605308
1 17269U 86101D   18212.85580861  .00000149  00000-0  11142-3 0  9992
2 17269  82.6381 168.7411 0014579 237.5973 151.4488 13.88486303597629
1 17270U 86101E   18212.83896013 +.00000107 +00000-0 +73355-4 0  9990
2 17270 082.4322 243.8296 0003632 058.9483 062.5349 13.90889100600458
1 17271U 86101F   18213.12362667  .00000109  00000-0  64430-4 0  9993
2 17271  82.4077  91.3297 0028280 122.1955  31.3724 13.99389887609510
1 17272U 86101G   18213.55421169  .00000275  00000-0  16021-3 0  9990
2 17272  82.4935 143.7887 0012853  13.7809 346.3711 14.05378910613392
1 17273U 86101H   18212.65758281  .00000189  00000-0  10384-3 0  9999
2 17273  82.5368 182.4053 0009022 313.2321 169.8320 14.06962540614664
1 17274U 86101J   18212.91988563 +.00000152 +00000-0 +10744-3 0  9997
2 17274 082.5285 016.0786 0032815 145.9957 006.4393 13.91617864598733
1 17316U 86019CY  18213.24602507  .00000510  00000-0  74442-4 0  9994
2 17316  98.0531 313.1629 0007477  97.7954 289.8123 14.80048608681228
1 17423U 86019FJ  18210.68097101 -.00000121 +00000-0 -47094-4 0  9999
2 17423 099.0288 271.8804 0176868 111.7403 039.2157 13.99331419612311
1 17429U 86019FQ  18212.56477491 +.00000397 +00000-0 +11681-3 0  9993
2 17429 099.0910 186.5496 0066588 007.2908 352.9235 14.48598007652953
1 17478U 86019HR  18213.15587216  .00000065  00000-0  43200-4 0  9995
2 17478  98.5388 278.9198 0038931 257.3741 132.2909 14.28035370646372
1 17543U 86019HX  18212.86171927 +.00000005 +00000-0 +25381-4 0  9997
2 17543 098.7968 277.9768 0121655 030.3854 031.0157 14.10540586626070
1 17614U 81053KH  18211.90060029 +.00000481 +00000-0 +31579-3 0  9996
2 17614 082.7904 190.3908 0053176 138.7323 250.4513 13.99366408684546
1 17615U 81053KJ  18212.49418066  .00000446  00000-0  26656-3 0  9991
2 17615  82.8614 229.8204 0044237 199.4293 315.4832 14.04608170688138
1 17616U 81053KK  18212.92295465 +.00000242 +00000-0 +26316-3 0  9993
2 17616 083.0400 270.6896 0123093 168.7372 312.8175 13.65673189649014
1 17617U 81053KL  18213.39024486  .00000368  00000-0  40269-3 0  9991
2 17617  82.8592  80.0651 0186006 104.2217  15.6224 13.62613554650249
1 17618U 81053KM  18213.06773601 -.00000134  00000-0 -99147-4 0  9999
2 17618  82.8486 248.9270 0051729 324.0658  63.9279 14.00783161690535
1 17619U 81053KN  18212.86226880  .00000706  00000-0  33195-3 0  9992
2 17619  82.9499 170.3022 0020549 188.7919 202.0507 14.18651158706048
1 17620U 81053KP  18212.91166065 +.00000751 +00000-0 +34794-3 0  9994
2 17620 083.1812 187.3627 0030374 038.2935 322.0395 14.19335339703737
1 17621U 81053KQ  18212.01898228 +.00000885 +00000-0 +42117-3 0  9995
2 17621 082.7922 062.2711 0044529 335.0552 024.8474 14.17891466697823
1 17623U 81053KS  18212.24774608  .00000277  00000-0  20639-3 0  9997
2 17623  82.8061 308.4156 0060227 125.7053 264.2678 13.90542663678952
1 17624U 81053KT  18212.20371558  .00000374  00000-0  14940-3 0  9997
2 17624  82.8523 291.6368 0013517 357.0119  24.2423 14.26101389712369
1 17625U 81053KU  18213.51186948  .00000354  00000-0  25299-3 0  9997
2 17625  82.7894 230.1204 0042607 271.3131 247.3500 13.94309603367218
1 17626U 81053KV  18211.66334038  .00000302  00000-0  35702-3 0  9990
2 17626  82.8687 101.4786 0144102 182.3391 207.0920 13.60558288647844
1 17627U 81053KW  18212.71665258  .00000272  00000-0  19164-3 0  9999
2 17627  82.9287  48.9320 0049476 101.0415 259.6322 13.93848286684356
1 17629U 81053KY  18212.42639698 +.00000380 +00000-0 +42717-3 0  9998
2 17629 082.9896 291.2810 0168018 169.0433 309.4253 13.62567851645849
1 17631U 81053LA  18212.82435201 +.00000506 +00000-0 +59103-3 0  9996
2 17631 082.9315 165.2136 0134221 053.1028 334.8804 13.62927046649373
1 17632U 81053LB  18211.62984730 +.00000549 +00000-0 +68243-3 0  9992
2 17632 083.0862 083.7952 0147583 167.5313 222.0790 13.58530800644498
1 17633U 81053LC  18212.82276814 +.00001167 +00000-0 +11244-2 0  9998
2 17633 083.0711 077.2959 0184515 196.1205 282.6828 13.72028031645243
1 17635U 81053LE  18212.83235762  .00000606  00000-0  34435-3 0  9993
2 17635  82.8277 167.6619 0052685 157.7001 202.6482 14.07692995692352
1 17637U 81053LG  18212.99355906  .00000398  00000-0  47888-3 0  9999
2 17637  83.0695  54.1420 0137914 202.2380 313.9462 13.60463318644888
1 17638U 81053LH  18212.82715226  .00000438  00000-0  48100-3 0  9990
2 17638  82.9919 225.4244 0121605 266.4731 149.8995 13.67235152651453
1 17639U 81053LJ  18212.76911088 +.00000166 +00000-0 +19303-3 0  9999
2 17639 083.0018 015.7970 0161018 080.1429 342.5645 13.57242652640329
1 17640U 81053LK  18211.78191963  .00000641  00000-0  30587-3 0  9999
2 17640  82.9164 140.3736 0023805 223.2680 136.6631 14.17751083401902
1 17641U 81053LL  18212.91875429 +.00000569 +00000-0 +32400-3 0  9997
2 17641 082.7567 076.8066 0058507 268.6256 150.8711 14.07499755705803
1 17642U 81053LM  18212.68422284 +.00000500 +00000-0 +20739-3 0  9996
2 17642 082.8714 310.8993 0038647 245.6193 114.0955 14.24456367725644
1 17648U 61015LH  18212.45206807 +.00000653 +00000-0 +40338-3 0  9990
2 17648 065.7231 211.9023 0075136 168.7321 191.5464 14.10781912349606
1 17658U 69082KU  18211.21379838 +.00000148 +00000-0 +14378-3 0  9995
2 17658 070.3577 041.8916 0059989 264.6281 210.4244 13.95464771169231
1 17666U 65027V   18212.73728664 +.00000940 +00000-0 +32690-2 0  9998
2 17666 090.3068 301.0310 0041654 091.8185 062.7398 12.96005772576938
1 17702U 86019LU  18212.35977612 +.00000091 +00000-0 +36017-4 0  9996
2 17702 098.3931 265.9816 0004669 290.5699 069.4993 14.48385121661824
1 17713U 61015LR  18212.46320927 -.00000031  00000-0  36794-4 0  9997
2 17713  66.2129  10.6302 0061864  41.6315 351.3383 13.96422974698291
1 17716U 70025PE  18212.55829890  .00001026  00000-0  38553-3 0  9992
2 17716  99.5247  62.1548 0029859 123.6805 264.2514 14.33841040703961
1 17717U 70025PF  18212.69178051 +.00000294 +00000-0 +67296-4 0  9997
2 17717 099.9716 300.6072 0090388 018.8118 341.6382 14.63247229740467
1 17719U 70025PH  18212.94315991 +.00001176 +00000-0 +46254-3 0  9993
2 17719 099.0773 019.8166 0099540 130.6230 021.0967 14.28547829706621
1 17720U 70025PJ  18212.84450409  .00000870  00000-0  57460-3 0  9999
2 17720  99.6569 226.6552 0036352 201.5115 283.7594 14.04335240700556
1 17722U 65027W   18210.21090286 +.00000930 +00000-0 +31895-2 0  9999
2 17722 090.3010 282.4256 0009856 052.7551 335.6068 12.97210682570737
1 17725U 70089DC  18212.59242858 -.00000155 +00000-0 -66752-5 0  9997
2 17725 062.7338 276.8471 0843714 076.9744 060.9712 13.28988706591543
1 17728U 74089EX  18212.79319917 -.00000006  00000-0  28296-3 0  9990
2 17728 101.5451 146.8795 0107780 263.9150 123.1831 12.34697358507462
1 17732U 77121BP  18212.01409976  .00000317  00000-0  27970-3 0  9997
2 17732  65.8101  72.7452 0188883 226.2487 132.2818 13.90413297689116
1 17754U 85079C   18212.22788400  .00000138  00000-0  47364-4 0  9998
2 17754  74.0401  44.3008 0016096 112.0118  10.7203 14.44885984723995
1 17755U 82116D   18212.54905100 -.00000031  00000-0 -22097-4 0  9991
2 17755  81.2571 323.6240 0068131 278.2560 210.0942 14.14248891838133
1 17764U 78026GW  18211.14877580 +.00000047 +00000-0 +50600-4 0  9997
2 17764 098.9361 185.2237 0048143 034.7302 023.1443 14.10871323714021
1 17765U 78026GX  18212.54165690 -.00000176 +00000-0 -92385-4 0  9996
2 17765 099.0604 307.2570 0041432 290.1784 191.6247 13.97616117697896
1 17768U 78026HA  18213.45237513  .00000034  00000-0  24230-4 0  9999
2 17768  98.4005 194.0302 0082736  67.9044  85.8451 14.38833003908665
1 17792U 81053LN  18212.51383772 +.00000383 +00000-0 +23446-3 0  9999
2 17792 082.9554 334.9851 0014504 002.9453 127.9035 14.03445508692177
1 17793U 81053LP  18212.43249159  .00000121  00000-0  18414-3 0  9990
2 17793  83.1473 252.2057 0279861  72.7587 351.3077 13.28818071614643
1 17794U 82055AL  18212.02374109 +.00000602 +00000-0 +52860-3 0  9990
2 17794 065.8215 067.9321 0054066 316.3719 117.3157 13.92235890650677
1 17795U 82055AM  18212.84742782 -.00000094 +00000-0 -22299-4 0  9998
2 17795 065.8342 346.9183 0062733 124.9457 039.1656 13.59726622627004
1 17796U 82055AN  18212.35117479 -.00000052  00000-0  21786-4 0  9997
2 17796  65.8240 340.3615 0047335 316.4840  72.9830 14.03750432327333
1 17797U 82055AP  18213.53465411  .00000168  00000-0  21380-3 0  9997
2 17797  65.8293   6.0463 0019403 242.2164 207.4349 13.87143987652680
1 17798U 82055AQ  18212.64266707 -.00000085 +00000-0 -99348-5 0  9997
2 17798 065.8365 026.6713 0067361 128.2707 348.6363 13.59093070626040
1 17799U 82055AR  18212.67622927  .00000099  00000-0  14237-3 0  9996
2 17799  65.8393  93.3621 0016169  48.1648 343.5306 13.92513012658838
1 17800U 82055AS  18212.86806017 -.00000058 +00000-0 +24004-4 0  9994
2 17800 065.8330 222.7221 0026385 028.7469 027.6085 13.70271712638401
1 17801U 82055AT  18213.47073454 -.00000059  00000-0  15223-4 0  9998
2 17801  65.8333  77.3320 0037541 300.0061  59.7300 14.18574970676200
1 17802U 82055AU  18212.51896039 -.00000098  00000-0 -17059-4 0  9998
2 17802  65.8325  50.3422 0048933 281.5971 104.4416 13.75737473642352
1 17803U 82055AV  18213.10440031 -.00000022  00000-0  57541-4 0  9998
2 17803  65.8306 196.6341 0049609 222.6432 232.5945 13.79456964646895
1 17804U 82055AW  18213.42593961  .00000265  00000-0  25560-3 0  9998
2 17804  65.8186 191.6062 0028598 243.4891 196.9012 13.95697568655445
1 17805U 82055AX  18213.21056980  .00000247  00000-0  23994-3 0  9990
2 17805  65.8219 142.8198 0026346 263.7824 167.0533 13.96409494656540
1 17806U 82055AY  18212.54335360 -.00000051  00000-0  29221-4 0  9992
2 17806  65.8344  52.0819 0053824 162.7330 230.5584 13.80457383649506
1 17807U 82055AZ  18212.62911740 +.00000056 +00000-0 +13360-3 0  9994
2 17807 065.8322 072.0069 0064176 302.1749 088.8185 13.78618160642455
1 17815U 86019ME  18212.65465465 +.00000109 +00000-0 +49750-4 0  9990
2 17815 098.3592 271.7915 0029173 153.9518 359.2394 14.37984576648508
1 17838U 76067BK  18213.30699862  .00000654  00000-0  24311-2 0  9999
2 17838  65.9876 321.5713 0642566 318.2039  69.1298 12.43909787137799
1 17842U 86030C   18212.95353870 +.00000138 +00000-0 +49420-4 0  9998
2 17842 074.0234 192.0420 0017628 302.7289 088.2768 14.42714100650731
1 17843U 86030D   18212.91155693 +.00000124 +00000-0 +45015-4 0  9999
2 17843 074.0325 193.5199 0016047 272.3568 108.9865 14.43057674689409
1 17844U 86101K   18213.17140140  .00000272  00000-0  15758-3 0  9993
2 17844  82.5070 156.2641 0016775 328.3130  95.5087 14.05674134613693
1 18131U 87054C   18212.69034784 +.00000072 +00000-0 +59811-4 0  9990
2 18131 082.9186 288.9600 0031614 043.8529 113.3516 13.74163760557824
1 18231U 86019RN  18208.77453251 -.00000537 +00000-0 -59076-2 0  9998
2 18231 098.8288 118.2166 4677073 275.0799 304.0339 05.53323730598575
1 18232U 76077EY  18213.49397858  .00003359  00000-0  55921-2 0  9995
2 18232 102.8705 219.8867 0024877 111.1993  42.1366 13.47447509637995
1 18257U 87006C   18213.56589931  .00000195  00000-0  48966-4 0  9997
2 18257  74.0365  67.4544 0006097 194.5392 165.5598 14.57744082735146
1 18268U 65027X   18210.67096284 +.00000224 +00000-0 +75502-3 0  9999
2 18268 090.3064 293.8038 0033008 091.3848 269.1053 12.96483619288697
1 18269U 65027Y   18210.69379150 +.00000050 +00000-0 +15305-3 0  9990
2 18269 090.3113 301.7125 0033937 170.6745 189.5011 12.94727467197156
1 18270U 65027Z   18213.01468961 -.00000004  00000-0 -40209-4 0  9993
2 18270  90.3041 289.0800 0033627 105.8994  14.9192 12.96034612543788
1 18271U 65027AA  18212.69648515  .00000157  00000-0  52319-3 0  9993
2 18271  90.3067 296.8626 0035979 126.1553  27.3157 12.96114270516595
1 18272U 76067BL  18212.98853814  .00000038  00000-0  30688-3 0  9995
2 18272  65.8519 202.5136 0697169 286.9989  96.0703 12.39562170407646
1 18274U 86052F   18212.13996168  .00000179  00000-0  45620-4 0  9998
2 18274  74.0472 213.7512 0029412 137.3752 342.6439 14.57496061688168
1 18275U 81053LQ  18213.21818528 -.00000201  00000-0 -25060-3 0  9991
2 18275  82.9283 128.0614 0134784 295.1307 220.4769 13.64793054663673
1 18276U 87054D   18212.94651803  .00000077  00000-0  63523-4 0  9995
2 18276  82.9295 272.8891 0012846 329.0424  94.1500 13.76361512559905
1 18278U 82055BA  18213.40444529  .00000199  00000-0  23932-3 0  9994
2 18278  65.8323   1.7781 0041079 199.1791 193.3628 13.86894563652779
1 18279U 82055BB  18211.97308948 +.00000772 +00000-0 +68040-3 0  9995
2 18279 065.7991 242.1728 0052588 355.9537 081.7145 13.90468055646392
1 18282U 85094T   18212.85341529  .00000261  00000-0  11708-2 0  9996
2 18282  82.6249 245.1387 0021759 113.8876   7.5673 12.75170886519695
1 18290U 86019RY  18211.45935078  .00000034  00000-0  21497-4 0  9992
2 18290  97.9369 282.9660 0092720 252.2356 106.8701 14.43696078751883
1 18302U 78026HD  18213.13952917  .00000022  00000-0  51183-4 0  9995
2 18302  98.8360  93.9940 0242064 330.3486 184.3579 13.78154706676894
1 18365U 87080E   18213.30838130  .00000106  00000-0  14234-3 0  9991
2 18365  90.3204 337.0116 0112422 109.3112 281.0693 13.51266550519124
1 18410U 87041C   18212.85480772 -.00000034 +00000-0 +79964-5 0  9997
2 18410 070.9865 005.3245 0203267 171.6972 339.0212 13.73377328563809
1 18411U 87041D   18212.75118413 +.00000006 +00000-0 +44191-4 0  9998
2 18411 071.0346 328.7919 0189545 005.2963 146.2021 13.75701738566436
1 18412U 87041E   18212.93831938 -.00000082 +00000-0 -34991-4 0  9996
2 18412 071.0288 312.6142 0193398 028.6981 332.4599 13.76147767566742
1 18413U 82055BC  18212.93449890 +.00000148 +00000-0 +26133-3 0  9998
2 18413 065.8234 180.7422 0068182 105.1211 287.8525 13.68208848631002
1 18414U 82055BD  18211.46411760  .00000001  00000-0  78997-4 0  9995
2 18414  65.8299 210.6606 0026500 253.3244 275.0660 13.80342626647688
1 18415U 82055BE  18213.15378684  .00000091  00000-0  19061-3 0  9996
2 18415  65.8291  87.9448 0062071  67.5348  14.2642 13.70089606632898
1 18416U 87027C   18213.06393220 -.00000053  00000-0 -79541-5 0  9995
2 18416  71.0341 162.1021 0189414 258.0680 201.6276 13.76848042575898
1 18417U 87027D   18213.47404903 -.00000023  00000-0  18022-4 0  9994
2 18417  70.9960 230.4673 0201101  43.2937 104.3959 13.73938788572543
1 18418U 70025PL  18212.79994134 +.00000416 +00000-0 +50298-3 0  9994
2 18418 100.1451 153.8738 0005403 088.1311 300.7330 13.73149216395050
1 18426U 86088C   18212.08536443  .00000164  00000-0  16206-3 0  9997
2 18426  89.1464 155.7541 0070396 156.1201 303.4790 13.72714645586245
1 18427U 65027AB  18210.71629285 +.00001413 +00000-0 +45765-2 0  9992
2 18427 090.3004 292.2160 0014859 330.6895 186.6134 13.01446477583577
1 18428U 76067BM  18213.02233321  .00000568  00000-0  17175-2 0  9992
2 18428  65.7335  49.3120 0798916 273.4566 255.5664 12.33524326394680
1 18429U 76077EZ  18212.18113343 -.00000183  00000-0 -14743-2 0  9994
2 18429 102.7810 294.3376 0228328  29.8631 359.3118 12.06109810367524
1 18431U 68097EJ  18210.22825796 +.00000204 +00000-0 +12528-3 0  9997
2 18431 062.3598 294.9377 0839844 273.5831 076.9604 13.16812539068812
1 18463U 76077FA  18211.88280198 -.00000019 +00000-0 +22185-3 0  9998
2 18463 102.1709 186.9125 0094821 327.5049 063.7640 12.23617592876421
1 18467U 78026HE  18212.18203885 +.00000016 +00000-0 +24856-4 0  9994
2 18467 098.6846 190.0969 0097019 081.0495 343.1179 14.22914069735311
1 18468U 68091DD  18212.96064935 +.00000143 +00000-0 +29064-3 0  9999
2 18468 062.2604 212.7534 0773040 195.0838 162.5864 12.77119743231558
1 18469U 78026HF  18210.39323128 -.00000170 +00000-0 -91482-4 0  9992
2 18469 098.7745 254.2128 0045686 254.4554 172.9179 13.96764365703996
1 18470U 73086GU  18211.48148104 +.00000167 +00000-0 +22375-2 0  9992
2 18470 101.7439 222.0817 0180905 123.5357 037.0169 12.06599115472196
1 18471U 76067BN  18212.80949955 -.00000040  00000-0  31572-4 0  9997
2 18471  65.7546 158.8024 0980713 239.6166 122.8149 12.19394264376414
1 18472U 73086GV  18212.00803272 -.00000033  00000-0  61133-4 0  9997
2 18472 101.4676 242.8527 0014751 199.5238 193.5791 12.77464901557096
1 18475U 75004HK  18212.66303173 +.00000033 +00000-0 +17716-4 0  9996
2 18475 098.0398 294.7873 0048834 195.1021 164.8722 14.55434526729142
