1  3874U 68091BH  18209.68671611 -.00000115 +00000-0 -28272-4 0  9996
2  3874 062.2723 093.9450 0640093 265.8117 086.9529 13.08509553323408
1 03898U 68097BK  18212.29696121  .00000052  00000-0  15639-3 0  9992
2 03898  62.2706 164.5394 0761674 183.0140 176.6113 12.84641016303344
1 03899U 68097BL  18213.30482879  .00002079  00000-0  19681-3 0  9991
2 03899  62.1669 185.1834 0183183 119.4508 242.4995 14.85370061385795
1 03900U 68097BM  18213.30703191  .00000546  00000-0  10605-3 0  9991
2 03900  62.2147 111.4694 0408459 133.4296 230.1530 14.32540858473031
1  3901U 68097BN  18212.61106202 -.00000056 +00000-0 +28787-4 0  9993
2  3901 061.2745 295.4891 0841722 150.3527 214.8033 12.91677336305458
1  3908U 68091BL  18212.59204809 -.00000211 +00000-0 -17115-3 0  9999
2  3908 063.3769 057.1018 0373805 006.6048 011.4047 13.32572910397726
1  3911U 68091BP  18211.89915338 +.00000245 +00000-0 +11898-3 0  9998
2  3911 062.9350 326.1675 0814345 160.4853 202.9361 13.28690147283886
1 03912U 68091BQ  18211.12876245  .00000226  00000-0  43087-3 0  9992
2 03912  62.2515 255.8193 0790920 182.3555 177.3603 12.70028249282012
1 03923U 68091BR  18212.83395416 -.00000036  00000-0  41888-4 0  9997
2 03923  62.2347 146.3715 0620331 234.1169 120.0727 13.33694589351145
1 03927U 61004F   18213.49741267 -.00000094  00000-0  33018-5 0  9991
2 03927  38.9266  11.6646 0471644  73.7226 291.4851 13.98068163720840
1 38583U 08011AE  18212.30397651  .00000128  00000-0  50866-3 0  9994
2 38583  49.1711 196.6965 6522375 139.3914 294.4288  3.12685258 83451
1 38584U 08011AF  18212.61645904 -.00000400  00000-0 -41275-2 0  9994
2 38584  48.6891 247.6806 6502697 121.3724 312.0758  3.06350825 79109
1 38587U 08011AJ  13196.53044440  .00000266  00000-0  19257-2 0  9995
2 38587  48.7936 201.0213 6480353 237.7816 336.8672  3.08120861 25531
1 38595U 08011AS  15302.05614124  .00000000  00000-0  00000+0 0  9993
2 38595  49.7924 253.5313 6493810 120.9284 318.2576  3.08428684 52930
1 38598U 08011AV  16267.21248920 -.00000543  00000-0 -28023-2 0  9994
2 38598  48.9446 129.3579 6524337 255.5219 339.2934  3.08920699 62899
1 38603U 08011BA  16248.91477581 -.00000005  00000-0  00000+0 0  9998
2 38603  49.6932 117.5168 6464272 234.9531  46.6404  3.15038411 63078
1 38604U 08011BB  18212.45719441 +.00000352 +00000-0 +18560-2 0  9992
2 38604 049.0377 235.3816 6520879 109.6398 328.0990 03.09022329062575
1 38605U 08011BC  16082.79245447 -.00006854  00000-0 -22518+0 0  9993
2 38605  49.1320 223.5179 6384388 171.1367 356.3974  3.07032609 56860
1 38607U 08011BE  18212.54503185  .00000404  00000-0  10811-1 0  9999
2 38607  49.7599 312.1505 6433254  20.6087  12.5392  3.05911122 83867
1 38613U 08011BL  18211.26412788 -.00000172  00000-0  52722-4 0  9995
2 38613  48.8086 136.4491 6440249 217.3735 340.7418  3.30378066 77458
1 38614U 08011BM  16259.11426498 -.00000070  00000-0  00000+0 0  9997
2 38614  49.2620 234.0715 6222327 157.8053 249.7101  3.02923393 58193
1 38615U 08011BN  18210.92642823 +.00000079 +00000-0 +55166-3 0  9993
2 38615 049.0861 201.8400 6517075 139.6822 293.8416 03.11680060067731
1 38617U 08011BQ  18212.05832905 -.00000029 +00000-0 +72211-4 0  9990
2 38617 049.1898 165.5752 6390668 163.1997 236.0791 03.23528335081811
1 38623U 08011BW  15051.94803497 +.00000258 +00000-0 +20355-1 0  9999
2 38623 049.1140 027.4995 6323170 032.9139 353.9319 03.05494782037924
1 38628U 08011CB  16071.39190343 +.00001856 +00000-0 +52750-2 0  9995
2 38628 048.7897 173.5329 6533135 223.5434 141.3492 03.13123694049066
1 38630U 08011CD  15271.17731201 -.00001412  00000-0 -75793-2 0  9991
2 38630  49.2813 256.5100 6504270 137.2706 348.5675  3.11052931 42366
1 38632U 08011CF  18209.35626106 -.00000160 +00000-0 -26508-3 0  9994
2 38632 049.1058 189.0198 6490356 152.0678 359.9473 03.15461200055753
1 38634U 08011CH  15326.41706536 -.00000886 +00000-0 -34459-1 0  9993
2 38634 048.9656 302.0202 6434937 106.8842 010.5485 02.96690025050005
1 38635U 08011CJ  16060.28620741 +.00003757 +00000-0 +14457+0 0  9990
2 38635 048.7782 222.0968 6366002 182.1778 073.2633 03.07351425054822
1 38637U 08011CL  16276.86353254 -.00000006  00000-0  11785-2 0  9996
2 38637  48.9743 164.2496 6394995 221.7358  66.0179  3.06794811 61419
1 38638U 08011CM  15340.81164422  .00001692  00000-0  54234-2 0  9997
2 38638  48.6651 196.9694 6498491 206.7713  95.0822  3.16835269 52625
1 38642U 08011CR  18212.11949095 +.00000023 +00000-0 +15528-3 0  9994
2 38642 048.6944 256.3206 6461113 111.7616 358.3352 03.08229382061574
1 38644U 08011CT  15054.89036693  .00006627  00000-0  91808-2 0  9993
2 38644  49.3360 281.6706 6429062 113.1157 357.7154  3.31983178 45914
1 38655U 88005AY  18212.26594045 +.00000703 +00000-0 +44734-3 0  9992
2 38655 082.5375 039.7093 0024442 057.9647 066.7415 14.02324349256918
1 38656U 88005AZ  18213.27051011  .00001052  00000-0  78012-3 0  9990
2 38656  82.5097  58.1513 0014573 208.1351 151.9029 13.94298456488327
1 38657U 09072E   18213.13277962  .00000066  00000-0  25589-3 0  9993
2 38657 100.3392 303.5265 0133441 227.9863 250.1383 13.22298968412476
1 38658U 09072F   18212.07788374 -.00000315  00000-0 -80473-3 0  9992
2 38658 100.3773 167.1427 0137101  16.0486  42.8690 13.04901541402608
1 38659U 09072G   18212.78136899 -.00000452 +00000-0 -12097-2 0  9998
2 38659 100.3316 197.4239 0136220 040.3169 080.4146 13.05131572407405
1 38660U 09072H   18213.03664861 -.00000020  00000-0  78824-4 0  9996
2 38660 100.5841 152.4696 0155119 193.2631 229.0492 12.92316748398544
1 38661U 12029C   18213.08230694 -.00000009  00000-0  81484-4 0  9994
2 38661 100.2571 311.3906 0125417 114.3019 247.1253 13.19174899294139
1 38662U 12029D   18213.52418959 -.00000037  00000-0  14476-4 0  9994
2 38662 100.3305 321.1878 0131980 122.0907 239.3099 13.19022524294157
1 38663U 12029E   18212.38826551 +.00000291 +00000-0 +93696-3 0  9990
2 38663 100.1595 271.2305 0138697 193.7220 166.0101 13.08246077233558
1 38664U 12029F   18212.39746696  .00000094  00000-0  36042-3 0  9996
2 38664 100.0862 270.4465 0138231 153.9424 206.8730 13.12001801294907
1 38665U 71035E   18200.40655640  .00000006  00000-0  10981-4 0  9994
2 38665  74.0464 221.4194 0031176 333.0476  26.9057 14.36888922766225
1 38666U 71035F   18212.65558539 -.00000015 +00000-0 +38760-5 0  9991
2 38666 074.0459 212.6468 0028248 332.7680 027.1990 14.36506971200071
1 38667U 74071E   18212.28822533 -.00000008 +00000-0 +61610-5 0  9994
2 38667 074.0492 204.4072 0020916 006.2313 353.9096 14.35702735264925
1 38673U 86010H   18208.60618536 +.00001760 +00000-0 +42210-2 0  9991
2 38673 030.7762 003.7360 6741635 200.1120 056.4748 02.87799093124578
1 38674U 06042D   17079.11633425  .00014492  00000-0  23176-3 0  9991
2 38674  39.8992 298.2758 4630707 328.7048  10.5631  6.40021775143916
1 38677U 08012D   18212.85551660  .00014498  00000-0  28421-3 0  9998
2 38677  40.0618  24.5251 4994622 171.9945 352.1522  5.76008630179195
1 38678U 09014D   18212.23966494  .00154806  32946-6  28113-3 0  9995
2 38678  40.0904 176.8097 3037569 208.3208 131.2637  9.54272791179551
1 38682U 79009E   18210.09931121 -.00000096 +00000-0 +00000-0 0  9996
2 38682 008.8935 099.9353 3635678 172.5388 194.7161 01.68527337062191
1 38683U 79009F   18211.06364101 -.00000117  00000-0  00000+0 0  9996
2 38683   8.6600  79.9931 3712949 215.5712 112.8294  1.69465691 50252
1 38684U 80018E   18211.53969725 -.00000106  00000-0  00000+0 0  9992
2 38684   7.3416 223.7417 4503463 300.4061  22.4992  1.77225930 55551
1 38685U 80018F   18212.55986220 -.00000098  00000-0  00000+0 0  9995
2 38685   7.8244 262.5197 4488717 229.1307  82.1778  1.76306137 68081
1 38687U 79101W   18207.25668502 -.00000103 +00000-0 +00000-0 0  9997
2 38687 009.5477 077.1169 4694294 135.8365 272.7896 01.80261351063171
1 38688U 79101X   18211.92168752 -.00000147  00000-0  00000+0 0  9996
2 38688   9.8241  12.5713 4844944 270.3961  36.5671  1.80569551 53830
1 38689U 79101Y   18015.35660510 -.00000073  00000-0  00000+0 0  9993
2 38689   9.2210  65.5873 4777973 163.7387 219.2645  1.81048061 64023
1 38690U 68081Q   18213.22285316 -.00000217  00000-0  00000+0 0  9993
2 38690   6.1008 315.5433 0276743 344.1153  15.1970  0.99327510 50539
1 38691U 68081R   18212.41314951 +.00000063 +00000-0 +00000-0 0  9991
2 38691 004.8587 312.3817 0199227 309.6955 048.7871 01.00711907022389
1 38692U 68081S   18205.67909337 -.00000392 +00000-0 +00000-0 0  9996
2 38692 006.1281 316.0984 0326800 310.7435 046.6447 00.99202103012764
1 38693U 68081T   18212.15026749 -.00000173  00000-0  00000+0 0  9991
2 38693   3.8327 305.9342 0106820 273.8976  85.1531  1.02822856 40022
1 38694U 68081U   18209.76720348 -.00000169 +00000-0 +00000-0 0  9997
2 38694 004.9556 302.9356 0096129 153.3345 207.4043 01.03529430040180
1 38695U 68081V   18205.32896501 -.00000065 +00000-0 +00000-0 0  9996
2 38695 005.7389 315.9051 0451482 294.8628 061.6026 00.99353449034680
1 38696U 68081W   18212.47763115 -.00000003  00000-0  00000+0 0  9996
2 38696   5.6535 315.4432 0225459 300.8267  57.1725  0.99500039 38365
1 38697U 68081X   18212.17389852 -.00000110  00000-0  00000+0 0  9995
2 38697   3.8898 337.1837 0759894 120.3764 247.6317  1.01482325 45665
1 38699U 68081Z   18210.57850010 -.00000006  00000-0  00000+0 0  9992
2 38699   5.3341 311.5580 0101970 324.7726  49.7155  1.00850063 31092
1 38700U 68081AA  18212.22842061 -.00000262  00000-0  00000+0 0  9990
2 38700   4.6094 305.7809 0113482 277.5439  81.3959  1.02730382 35145
1 38701U 68081AB  18139.55915618 -.00000094  00000-0  00000+0 0  9997
2 38701   4.9371 311.6871 0161965 325.5338  33.3562  1.01156656 33187
1 38702U 68081AC  18205.39442460 -.00000150 +00000-0 +00000-0 0  9998
2 38702 005.8715 307.0787 0193996 087.1008 275.3021 01.02211557040234
1 38703U 68081AD  18212.82994197 -.00000161  00000-0  00000+0 0  9995
2 38703   3.8701 295.7096 0261945 160.6658 200.5635  1.05422429 45705
1 38704U 68081AE  18212.15327381 -.00000217  00000-0  00000+0 0  9999
2 38704   2.8122 309.5406 0199507 288.7559  69.4674  1.02202918 46619
1 38705U 68081AF  18210.60721006 -.00000075 +00000-0 +00000-0 0  9993
2 38705 003.7835 308.8132 0258792 086.2723 276.9765 01.02056396045718
1 38714U 99025ETF 18213.05217370  .00001618  00000-0  39099-3 0  9997
2 38714  97.9108 153.8603 0222219  81.6885 280.9435 14.40376203406257
1 38715U 99025ETG 18213.08829362  .00000892  00000-0  53312-3 0  9998
2 38715  98.2076 170.9785 0161927 110.1043 251.7632 14.02930056551895
1 38716U 99025ETH 18173.27615707  .00000337  00000-0  38927-3 0  9990
2 38716  98.4192 345.8586 0274801  15.1294 345.7866 13.59896320434919
1 38717U 99025ETJ 18212.35275619 +.00000121 +00000-0 +99834-4 0  9994
2 38717 099.0287 159.9630 0070847 327.5878 184.4973 14.05467920205115
1 38718U 99025ETK 18105.21758463  .00000571  00000-0  52375-3 0  9991
2 38718  98.6052 112.7611 0211204 303.6383  54.4778 13.77163551503422
1 38720U 99025ETM 18213.00141105  .00001309  00000-0  62606-3 0  9998
2 38720  99.1512 281.8238 0053528 300.6066  58.9836 14.20236681421543
1 38721U 99025ETN 18212.38653426  .00000567  00000-0  30185-3 0  9995
2 38721  98.9511 278.5377 0081082 146.8774 213.7514 14.15705189459979
1 38722U 99025ETP 18212.85809975  .00000723  00000-0  27415-3 0  9996
2 38722  99.3854  75.3490 0247936 244.8042 112.7238 14.19151477450671
1 38723U 99025ETQ 18212.76621904  .00000705  00000-0  28999-3 0  9999
2 38723  99.4782 197.3086 0041406 252.1480 107.5181 14.30152799385847
1 38724U 99025ETR 18211.76310975  .00001205  00000-0  92378-3 0  9990
2 38724  98.7443 313.9542 0159249 320.5496  38.4155 13.89336608354282
1 38725U 99025ETS 18213.38892981  .00000481  00000-0  25678-3 0  9997
2 38725  98.9195 279.3541 0049056  99.6822 260.9898 14.17322684385397
1 38726U 99025ETT 18204.66957798 +.00000802 +00000-0 +35515-3 0  9995
2 38726 099.2031 015.3316 0090479 102.3967 258.7354 14.23941980378887
1 38727U 99025ETU 18212.79767897 +.00000612 +00000-0 +46861-3 0  9993
2 38727 098.7036 328.6622 0120924 128.7984 032.2351 13.93443566342737
1 38728U 99025ETV 18212.92458541 +.00000300 +00000-0 +90678-4 0  9992
2 38728 099.2704 250.3661 0109978 174.8705 310.7325 14.47332650265492
1 38729U 99025ETW 18150.14211210  .00000165  00000-0  13838-3 0  9999
2 38729  99.1788 116.2221 0097175 320.8458  38.5702 13.99697917446502
1 38783U 99025ETX 18212.35653992 +.00000525 +00000-0 +12840-3 0  9990
2 38783 098.6619 268.4282 0308843 263.9745 092.6169 14.32248467412342
1 38784U 99025ETY 18212.88880912  .00001616  00000-0  32338-3 0  9999
2 38784  99.4217 352.6755 0077314 214.6114 302.7417 14.61695281365380
1 38785U 99025ETZ 18182.73905525 +.00000958 +00000-0 +59495-3 0  9999
2 38785 098.0081 359.9686 0219504 330.5270 028.3664 13.95858487439346
1 38786U 99025EUA 18211.56683952 +.00002019 +00000-0 +18962-2 0  9994
2 38786 099.5939 126.9582 0286735 033.1715 328.7050 13.65869685187831
1 38787U 99025EUB 18210.73776944 +.00000355 +00000-0 +36659-3 0  9992
2 38787 098.3295 034.4232 0244899 085.7467 334.7350 13.68686651426661
1 38788U 99025EUC 13272.64096877 +.00005550 +00000-0 +15853-2 0  9990
2 38788 097.9457 057.9692 0206911 195.4651 169.0590 14.33690671159943
1 38789U 99025EUD 18212.57210855  .00000059  00000-0  30281-4 0  9999
2 38789  98.8047 330.8156 0245284  27.0000  28.8992 14.32434037413426
1 38790U 99025EUE 18213.37532893  .00000484  00000-0  27857-3 0  9995
2 38790  98.9718 267.9996 0083493 206.9465 152.7358 14.12275950423273
1 38791U 99025EUF 14249.56237221 +.00001857 +00000-0 +93251-3 0  9995
2 38791 099.2129 005.8109 0023924 308.9751 050.9292 14.17697075184139
1 38792U 99025EUG 18210.46419477 +.00001020 +00000-0 +13247-3 0  9991
2 38792 099.6198 208.0769 0104067 316.7533 042.5537 14.80173187416974
1 38793U 99025EUH 18212.38093927  .00000946  00000-0  28226-3 0  9992
2 38793  98.7081 268.1826 0114549 141.0934 278.1889 14.41674991346578
1 38794U 99025EUJ 18210.20323388  .00000515  00000-0  51439-3 0  9993
2 38794  99.0529   4.0104 0217337 252.5593 106.6558 13.72525367390622
1 38795U 99025EUK 18212.38732598 -.00000350  00000-0 -37940-3 0  9992
2 38795  98.7275 268.2123 0527298  23.3008 339.1099 13.20227087429220
1 38796U 99025EUL 15071.13344642 +.00013818 +00000-0 +32955-2 0  9996
2 38796 098.9131 206.6190 0067903 266.2018 093.1102 14.52426093236003
1 38797U 99025EUM 18200.55332372 -.00000133  00000-0 -95343-4 0  9997
2 38797  99.5899 117.2886 0250009 251.1494  99.3846 13.59789607366177
1 38798U 99025EUN 18212.13560486  .00000463  00000-0  71486-3 0  9999
2 38798  98.8150 339.4534 0417093 242.1306 113.6982 13.25769910409827
1 38799U 99025EUP 18213.42322476  .00000079  00000-0  38529-4 0  9993
2 38799  98.6295 286.6203 0211413  61.4237 300.8043 14.30367805409670
1 38801U 99025EUR 18212.62730418  .00000409  00000-0  11983-3 0  9998
2 38801  98.4194 349.5812 0387384 214.5700 211.3992 14.13417730437496
1 38802U 99025EUS 17106.39671985  .00000208  00000-0  11022-3 0  9998
2 38802  98.5701 167.6672 0046104  32.0447 328.4115 14.13138297412980
1 38803U 99025EUT 18209.27438378 +.00000762 +00000-0 +49035-3 0  9998
2 38803 099.0233 152.1106 0084826 023.8547 336.6516 14.04433403222500
1 38804U 99025EUU 18209.11890862 +.00000118 +00000-0 +12149-3 0  9993
2 38804 097.5354 322.5963 0401282 099.5042 265.1680 13.56011829458544
1 38806U 99025EUW 15132.23433412 +.00002204 +00000-0 +15398-2 0  9990
2 38806 098.5611 298.2737 0140796 359.9035 001.2428 13.94834523234004
1 38807U 99025EUX 18213.41047671  .00000769  00000-0  76863-3 0  9991
2 38807  98.4671  77.2682 0235375 142.6683 219.1085 13.68871071388850
1 38808U 99025EUY 18212.95154824  .00000760  00000-0  25389-3 0  9997
2 38808  98.8201 273.4304 0164104 337.3499  22.0500 14.33269701500329
1 38809U 99025EUZ 18213.31336531 -.00000053  00000-0 -38877-5 0  9991
2 38809  98.8251 257.7768 0240575  90.3784 272.4956 14.12039220380650
1 38810U 99025EVA 18212.55253652  .00000447  00000-0  31453-3 0  9996
2 38810  99.3316 321.4930 0134056 235.5062 182.6980 13.99335083395967
1 38811U 99025EVB 18208.32996139 +.00000949 +00000-0 +49738-3 0  9993
2 38811 099.0623 241.4439 0050479 297.7355 061.8703 14.16144057259062
1 38812U 99025EVC 18211.94193152 +.00000412 +00000-0 +47474-3 0  9990
2 38812 098.4254 016.2954 0275950 284.6979 233.4549 13.59224720095500
1 38813U 99025EVD 18208.35665371 +.00000131 +00000-0 +93279-4 0  9992
2 38813 099.3449 056.1696 0006809 132.3294 227.8455 14.14793732100985
1 38814U 99025EVE 18175.51048774  .00002781  00000-0  11666-2 0  9997
2 38814  98.3592 280.7544 0114985 124.9145 243.0275 14.23141078450166
1 38815U 99025EVF 15250.35375413 +.00005697 +00000-0 +12659-2 0  9996
2 38815 099.7063 295.5489 0037512 304.9683 051.8222 14.57074174330314
1 38816U 99025EVG 18209.90232629 +.00000697 +00000-0 +25527-3 0  9990
2 38816 098.8609 245.0258 0109240 007.3347 352.9404 14.32915465404436
1 38817U 99025EVH 18207.34564453 +.00000429 +00000-0 +53956-3 0  9990
2 38817 098.5842 031.0972 0308661 172.0397 188.5805 13.50335570293821
1 38818U 99025EVJ 18212.45793003  .00000156  00000-0  69211-4 0  9993
2 38818  98.5566 291.9970 0096581 183.5766 234.7174 14.33077406312572
1 38819U 99025EVK 18208.34612448 +.00000090 +00000-0 +66720-4 0  9999
2 38819 098.7429 244.6840 0085269 008.7058 047.1825 14.14851851253292
1 38820U 99025EVL 18212.30570899  .00000889  00000-0  68537-3 0  9998
2 38820  98.2342  25.4835 0284457 275.1218 207.1000 13.77873225300158
1 38821U 99025EVM 18178.34931892  .00000703  00000-0  55967-3 0  9996
2 38821  98.5209 221.5011 0125198 192.5970 229.7404 13.90544948298451
1 38822U 99025EVN 18172.85697008  .00000829  00000-0  61627-3 0  9994
2 38822  98.1394  43.3719 0128082  79.6580 281.8993 13.93504087496348
1 38823U 99025EVP 18213.27738268  .00000334  00000-0  25432-3 0  9996
2 38823  99.2978 227.6504 0117008 198.3296 161.3632 13.97555057502647
1 38824U 99025EVQ 18213.37868498  .00000454  00000-0  35524-3 0  9993
2 38824  99.3126 269.1541 0120926   5.1187 355.1179 13.94136417356405
1 38825U 99025EVR 18211.22258368 +.00000065 +00000-0 +87283-4 0  9993
2 38825 098.9736 354.0957 0228066 117.8373 003.7636 13.76645655223175
1 38826U 99025EVS 18212.21919250  .00000528  00000-0  25428-3 0  9994
2 38826  99.8926   1.5991 0055162 129.7503 230.8550 14.23009196384062
1 38827U 99025EVT 18209.40324909 +.00000373 +00000-0 +14246-3 0  9997
2 38827 098.6917 269.2696 0247916 259.4703 097.8459 14.21367696394158
1 38828U 99025EVU 18212.15856444  .00001397  00000-0  25195-3 0  9990
2 38828  99.5366 183.4116 0301239 201.0393 157.8183 14.43213162385083
1 38829U 99025EVV 18212.86962833 +.00000221 +00000-0 +16436-3 0  9992
2 38829 099.0101 246.8754 0042780 011.4917 348.7217 14.04725737263184
1 38831U 99025EVX 17123.79508164 +.00000448 +00000-0 +31362-3 0  9996
2 38831 099.2328 119.6423 0059276 193.9694 291.5662 14.02916298440577
1 38832U 99025EVY 18213.14366028  .00000301  00000-0  24028-3 0  9997
2 38832  99.2386 178.5652 0097642 193.7316 166.1187 13.96660927358000
1 38836U 80073N   18212.13554663  .00001351  00000-0  58746-3 0  9996
2 38836  81.2169 354.1612 0037318 275.6452 206.8143 14.23271714301260
1 38837U 80073P   18212.04495549 +.00001003 +00000-0 +37886-3 0  9990
2 38837 081.2135 329.5215 0037935 220.5456 263.2061 14.30283072266249
1 38838U 80073Q   18212.06973766 +.00001006 +00000-0 +24348-3 0  9997
2 38838 081.2143 119.1151 0019642 347.5279 012.5426 14.52334669810630
1 38839U 83022L   18212.06793658  .00005854  00000-0  65015-3 0  9996
2 38839  98.4529 306.7475 0005475  58.2111 301.9636 14.87619132319521
1 38840U 83022M   18212.83358976 +.00000675 +00000-0 +22555-3 0  9991
2 38840 098.4491 218.8458 0011137 310.0548 172.8650 14.40524160359069
1 38841U 83022N   18212.87001363  .00001736  00000-0  40109-3 0  9995
2 38841  98.3757 246.4864 0012485 176.4557 306.6355 14.56427529361399
1 38842U 05017F   18212.06715542  .00000273  00000-0  39279-4 0  9998
2 38842  97.9716 158.0397 0063490 128.8893 291.2759 14.82975958426713
1 38843U 74029D   16029.71129368 -.00000003 +00000-0 +64117-4 0  9990
2 38843 064.9749 135.9858 0053305 225.1907 134.3498 13.95535389359772
1 38845U 88019G   18184.18068305 -.00000058  00000-0  27634-4 0  9997
2 38845  65.0429  28.3019 0035097 151.2163 209.0050 13.80277831332354
1 38879U 12044L   12341.40151353 +.00033086 +17130-5 +10000-2 0  9999
2 38879 050.3167 350.8929 2505652 218.4632 120.8347 10.39923934004783
1 38907U 12044AQ  12335.42514951 +.00533393 +23217-4 +12536-1 0  9996
2 38907 049.9193 357.0839 2379252 216.9692 142.3996 10.68608655004579
1 38948U 12044CH  18213.01649639  .00013156  51786-5  27283-3 0  9999
2 38948  50.0688 203.0807 1746757 108.5819 271.2121 12.04018645238123
1 38957U 12044CQ  18212.68963929 +.00017056 +47053-5 +31448-3 0  9995
2 38957 050.0122 328.4406 1781888 021.0691 345.5014 11.97682310234684
1 38959U 12044CS  12344.36753397 +.00574484 +25319-4 +14382-1 0  9997
2 38959 050.0801 347.6370 2643477 223.0607 011.5103 10.14004847004928
1 38960U 12044CT  18212.16088541  .00007097  35244-5  17077-3 0  9995
2 38960  50.1340 119.4724 1926039 230.1530 111.3612 11.64442185231695
1 38961U 12044CU  18213.01363959  .00013793  51768-5  27742-3 0  9999
2 38961  50.0908 193.1875 1744818 111.5889 267.9425 12.04779633238438
1 38971U 12044DE  18210.07822542 +.00013682 +47248-5 +26045-3 0  9991
2 38971 050.0850 102.7555 1620014 186.8654 170.7244 12.32061887239686
1 38989U 12044DS  12343.36749356 +.00460866 +17806-4 +11798-1 0  9997
2 38989 050.0222 336.8270 2352548 231.3525 164.4036 10.73045609005104
1 39028U 12072C   18213.54019752  .00492431  12743-3  49780-3 0  9996
2 39028  97.1482 288.3371 0010332 241.9914 118.0326 16.10891846316731
1 39029U 12072D   18212.78641731 +.00006804 +00000-0 +11664-3 0  9995
2 39029 097.1353 240.5237 0023045 046.1829 314.1324 15.51227187314498
1 39046U 88006M   18213.06529010  .00000387  00000-0  21773-3 0  9993
2 39046  98.7246  66.6804 0082594 314.6491 203.2909 14.14420454288862
1 39052U 99057SZ  18213.38700817  .00000010  00000-0  86270-5 0  9997
2 39052  98.7228 270.2007 0064809 306.8582  52.6701 14.88149342316111
1 39054U 92047AV  18212.67708698  .00028647  00000-0  50294-1 0  9996
2 39054  65.7968  95.5930 2744574  96.9542 294.7436  9.11924205190438
1 39055U 90081DP  18199.27780417  .00000204  00000-0  12244-3 0  9996
2 39055  98.6212 215.7372 0010951  77.3074 342.3603 14.17128564312313
1 39056U 81053NA  16236.01305489  .00000474  00000-0  56650-3 0  9998
2 39056  82.9534 344.6348 0130057 171.7619 188.5709 13.61628377187330
1 39095U 73086HH  18210.72721220  .00000032  00000-0  64089-3 0  9990
2 39095 102.2419 181.2072 0058877   4.6351 355.5240 12.30679552608639
1 39096U 73086HJ  18211.65677757 -.00000295  00000-0 -19557-2 0  9991
2 39096 101.3732 291.6140 0081413  87.5974 273.4408 12.37078160691690
1 39097U 73086HK  18212.88623931 -.00000036 +00000-0 +69640-4 0  9995
2 39097 102.2392 184.4100 0031628 057.7849 330.6843 12.33877655250121
1 39098U 77065GH  18212.30931436 +.00000240 +00000-0 +25599-4 0  9997
2 39098 029.0385 271.3080 0608979 020.2063 342.1557 13.84779196224326
1 39099U 77065GJ  18213.11609631  .00004220  00000-0  10502-2 0  9995
2 39099  28.3598 150.1342 0332402  80.5233 283.2738 14.21363249806785
1 39100U 77065GK  18206.84115875 +.00000680 +00000-0 +60818-4 0  9995
2 39100 029.3051 087.5139 0480603 209.6316 147.6207 14.25976443317065
1 39101U 77065GL  18212.44687418 +.00001171 +00000-0 +85027-4 0  9991
2 39101 029.3132 338.5319 0347691 273.5722 082.5176 14.59959560201382
1 39102U 77065GM  18208.87703912 +.00000128 +00000-0 +11050-4 0  9998
2 39102 028.9881 073.5125 0931340 168.3078 194.0764 13.02239433179883
1 39103U 86019VR  18209.97491007 +.00000062 +00000-0 +34066-4 0  9998
2 39103 098.3597 268.4853 0026094 122.3411 000.9013 14.38239807861799
1 39104U 86019VS  18211.45260824  .00000238  00000-0  76142-4 0  9992
2 39104  98.3131 285.5577 0045271 100.4684 260.1615 14.47304371741518
1 39105U 86019VT  18212.38471270  .00000105  00000-0  79846-4 0  9992
2 39105  98.8567 279.0428 0120160 165.0469 195.4305 14.09059506788454
1 39106U 86019VU  18206.42774208 -.00000004 +00000-0 +18613-4 0  9992
2 39106 098.7258 280.1503 0066376 098.4159 262.4548 14.18422025724196
1 39107U 86019VV  18212.37844405 +.00000343 +00000-0 +21120-3 0  9992
2 39107 098.9668 266.1784 0158910 189.2354 170.5883 14.05891067259883
1 39109U 93036BTY 18212.66207267  .00000135  00000-0  35173-4 0  9995
2 39109  74.0506 324.0312 0072731  38.6324  22.8589 14.57724086351318
1 39110U 93036BTZ 18177.02106774 +.00000136 +00000-0 +30490-4 0  9996
2 39110 073.9624 293.5667 0110156 085.9618 033.8049 14.62981785225474
1 39111U 93036BUA 18213.13193347  .00000698  00000-0  20101-3 0  9992
2 39111  74.0343 117.9705 0024468 127.7375 232.6006 14.46451073290290
1 39112U 99025EVZ 18212.87927237  .00000604  00000-0  23736-3 0  9994
2 39112  99.1682  82.8890 0048073  88.6146 272.0543 14.32604727286749
1 39113U 99025EWA 18176.18892759  .00000288  00000-0  19654-3 0  9990
2 39113  99.0239 263.2880 0047124 116.4642 244.1372 14.07168860276641
1 39114U 99025EWB 18204.39918400 +.00000969 +00000-0 +49541-3 0  9992
2 39114 099.0112 274.7990 0079592 201.3270 158.4580 14.16384487280846
1 39119U 09049J   18212.22153757 -.00000027 +00000-0 +66226-5 0  9998
2 39119 098.4094 216.4771 0004949 037.4018 322.7504 14.21831464285581
1 39204U 13035C   18212.93243168 +.00000375 +00000-0 +89003-4 0  9999
2 39204 098.4464 036.5198 0090434 316.6206 042.7898 14.57662669267769
1 39205U 13035D   18213.48545986  .00000482  00000-0  11419-3 0  9998
2 39205  97.9829 298.9366 0096563 264.3969  94.6211 14.55666145267546
1 39213U 13037F   18212.80109482 +.00000032 +00000-0 +13219-4 0  9993
2 39213 097.9764 223.0299 0010610 276.3802 083.6196 14.70592240269896
1 39214U 13037G   18212.80293262 +.00000016 +00000-0 +11034-4 0  9999
2 39214 097.9975 215.7858 0012386 221.8102 138.2158 14.68412637269219
1 39224U 13035E   18212.93786612 +.00000206 +00000-0 +88690-4 0  9991
2 39224 097.8804 211.1547 0177790 113.2032 248.7985 14.24842475256874
1 39225U 13035F   18212.25527931 +.00000286 +00000-0 +12209-3 0  9994
2 39225 098.4620 309.1404 0179446 194.9092 164.6757 14.23979233256617
1 39231U 13037H   18213.50342471  .00000101  00000-0  58757-4 0  9991
2 39231  98.1225  84.9882 0254697 293.9037  63.5645 14.11547740254084
1  3874U 68091BH  18207.69981511 -.00000060 +00000-0 +30308-4 0  9999
2  3874 062.2724 098.9565 0640302 265.3701 087.3938 13.08509847322424
1  3898U 68097BK  18211.28505839 +.00000055 +00000-0 +15973-3 0  9999
2  3898 062.2705 166.9926 0761750 182.8041 176.8551 12.84640951302919
1  3899U 68097BL  18211.95844171 +.00001762 +00000-0 +16977-3 0  9990
2  3899 062.1666 189.7292 0183300 119.0759 242.8822 14.85363604385591
1  3900U 68097BM  18212.81841778 +.00000482 +00000-0 +96803-4 0  9994
2  3900 062.2147 112.9870 0408506 133.2973 230.2930 14.32539882473519
1 03901U 68097BN  18211.75954196 -.00000040  00000-0  40530-4 0  9993
2 03901  61.2746 297.6545 0841785 150.0042 215.2048 12.91677291323863
1 03908U 68091BL  18212.01897194 -.00000204  00000-0 -16212-3 0  9990
2 03908  63.3757  58.5461 0373775   6.5921 142.2155 13.32572876398045
1 03911U 68091BP  18211.89915338  .00000245  00000-0  11898-3 0  9998
2 03911  62.9350 326.1675 0814345 160.4853 202.9361 13.28690147286788
1  3912U 68091BQ  18210.49888901 +.00000233 +00000-0 +44085-3 0  9990
2  3912 062.2516 257.3083 0790959 182.2190 177.5197 12.70027864279191
1  3923U 68091BR  18210.28477887 -.00000064 +00000-0 +23572-4 0  9998
2  3923 062.2344 153.0981 0620586 233.5015 120.7296 13.33694284350809
1  3927U 61004F   18212.85445785 -.00000144 +00000-0 -99351-5 0  9995
2  3927 038.9266 014.8215 0471714 069.6045 295.4706 13.98067707720271
1 38583U 08011AE  18211.34502754 +.00000048 +00000-0 +32846-3 0  9998
2 38583 049.1712 197.0600 6522713 139.0751 294.9731 03.12685422083300
1 38584U 08011AF  18209.06466882 -.00000068  00000-0 -70656-3 0  9991
2 38584  48.6859 248.9674 6503927 120.2223 354.9008  3.06351572 78998
1 38595U 08011AS  12279.34726264  .00000855  00000-0  88317-2 0  9992
2 38595  50.1446 293.4165 6476520 141.5674 288.7952  3.09835091 18154
1 38598U 08011AV  16267.21248920 -.00000543 +00000-0 -28023-2 0  9994
2 38598 048.9446 129.3579 6524337 255.5219 339.2934 03.08920699062899
