1 32184U 99025CUE 18201.01186691  .00000551  00000-0  67671-4 0  9999
2 32184  98.2483 267.4302 0264901  59.3517 303.3514 14.65496604584540
1 32185U 99025CUF 18204.54482036 +.00000526 +00000-0 +11409-3 0  9992
2 32185 098.7333 327.5387 0482128 344.0654 014.5788 14.09059391564751
1 32186U 99025CUG 18204.73862562 -.00000067 +00000-0 -16849-4 0  9996
2 32186 099.6574 181.0625 0285079 343.8617 137.3682 13.71852212255675
1 32187U 99025CUH 18204.97416588 +.00000034 +00000-0 +89081-4 0  9996
2 32187 099.3262 021.7189 0298156 060.3187 089.1285 13.48791373298624
1 32188U 99025CUJ 18176.50398502  .00002222  00000-0  82498-3 0  9994
2 32188  99.0488 271.1769 0070082 138.9811 224.3761 14.31863522565290
1 32189U 99025CUK 18204.31664852 +.00001007 +00000-0 +49363-3 0  9994
2 32189 099.0242 235.5183 0034070 234.3664 125.4336 14.19892517259805
1 32190U 99025CUL 18204.79001007 +.00001235 +00000-0 +32851-3 0  9992
2 32190 098.9731 062.1303 0058851 258.6215 100.8362 14.49558795320300
1 32191U 99025CUM 18204.30508213 +.00000395 +00000-0 +22532-3 0  9992
2 32191 098.9456 247.2502 0107940 328.3096 031.1607 14.12561158262960
1 32192U 99025CUN 18204.62660712 +.00000150 +00000-0 +16013-3 0  9997
2 32192 098.6634 260.2181 0184291 266.1518 091.8550 13.80530953554547
1 32193U 99025CUP 18183.19836022  .00000902  00000-0  43895-3 0  9998
2 32193  98.4815 326.0984 0106588  81.9164 279.4088 14.17568992562827
1 32194U 99025CUQ 18204.04364794 +.00000684 +00000-0 +18369-3 0  9994
2 32194 099.0982 148.0388 0076961 196.4545 163.4148 14.50062794578547
1 32195U 99025CUR 18185.89655939 +.00000005 +00000-0 +30435-4 0  9996
2 32195 098.9571 218.4067 0071817 358.0719 002.0161 14.04421951561616
1 32197U 99025CUT 18204.86675345 +.00000106 +00000-0 +53829-4 0  9994
2 32197 098.9961 348.6817 0174979 131.0823 022.2883 14.27276069558869
1 32198U 99025CUU 18176.78235619 +.00000436 +00000-0 +32797-3 0  9996
2 32198 098.3278 165.2719 0105200 056.6605 304.4577 13.96335580563747
1 32199U 99025CUV 18172.69784418  .00001974  00000-0  41426-3 0  9996
2 32199  99.1595 130.7774 0121161  76.1368 285.3272 14.56468484572335
1 32200U 99025CUW 18204.88298355 +.00000420 +00000-0 +27465-3 0  9998
2 32200 099.0357 242.7631 0043168 331.2488 028.6301 14.07350634564624
1 32201U 99025CUX 18202.31187167  .00000231  00000-0  15635-3 0  9999
2 32201  99.1936 221.2793 0149452 150.4575 210.5141 14.04658073581371
1 32202U 99025CUY 18204.41300790 +.00001529 +00000-0 +69657-3 0  9996
2 32202 098.3811 272.5088 0125700 134.7280 226.4213 14.18859104263083
1 32203U 99025CUZ 18204.84888786 +.00001504 +00000-0 +80632-4 0  9990
2 32203 097.0439 345.1607 0354826 198.0194 160.8175 14.75589503349001
1 32204U 99025CVA 18204.40499366 +.00003266 +00000-0 +91651-3 0  9994
2 32204 099.3414 072.0162 0128555 037.7759 323.2366 14.42016271316031
1 32205U 99025CVB 18204.55903872 +.00000029 +00000-0 +39732-4 0  9990
2 32205 098.8715 232.8327 0011956 048.9430 104.9621 14.12389137563847
1 32207U 99025CVD 18177.51761868  .00000115  00000-0  58406-4 0  9999
2 32207  99.8393  73.3569 0092604 350.7847 130.6814 14.34341246572251
1 32208U 99025CVE 18202.88030383 +.00002242 +00000-0 +43131-3 0  9991
2 32208 098.9518 079.0572 0033496 165.4420 194.7753 14.64394462578845
1 32209U 99025CVF 18204.70042848 +.00000822 +00000-0 +11050-2 0  9990
2 32209 099.4353 297.3224 0349274 238.7463 117.9015 13.40370356537632
1 32210U 99025CVG 18204.30145200 +.00000621 +00000-0 +41870-3 0  9995
2 32210 099.1124 238.2088 0078924 137.0003 223.7367 14.02792098234710
1 32211U 99025CVH 18142.41698010  .00000505  00000-0  39878-3 0  9997
2 32211  98.6009 203.9363 0134363   9.3836  47.7302 13.91623935546266
1 32212U 99025CVJ 18204.13328997 +.00000220 +00000-0 +90158-4 0  9993
2 32212 099.5808 322.9307 0151641 271.2357 214.0746 14.32808528573473
1 32213U 99025CVK 14237.28036838 +.00000396 +00000-0 +27232-3 0  9998
2 32213 099.2220 248.1361 0183412 027.9138 333.1397 13.97395130361001
1 32214U 99025CVL 18203.81257397 +.00000582 +00000-0 +57263-3 0  9994
2 32214 099.0282 322.7547 0229450 015.7060 136.0947 13.71643996252654
1 32216U 99025CVN 18204.33227112 +.00000922 +00000-0 +34669-3 0  9999
2 32216 099.5497 254.3137 0052618 245.7429 113.8250 14.33570119237432
1 32217U 99025CVP 18204.81338070 +.00000709 +00000-0 +26706-3 0  9995
2 32217 099.1385 061.9504 0051822 080.5791 280.1245 14.34041852571642
1 32218U 99025CVQ 18204.53029031 +.00000267 +00000-0 +10001-3 0  9999
2 32218 098.6341 303.0898 0084339 205.4328 221.5905 14.37668787574019
1 32219U 99025CVR 10291.26267109 +.00000828 +00000-0 +38835-3 0  9996
2 32219 098.8394 293.4115 0086757 273.6268 090.0703 14.20944452167235
1 32220U 99025CVS 14321.03979087 +.00001588 +00000-0 +10801-2 0  9992
2 32220 099.2673 257.6674 0228324 031.3800 330.0753 13.89663064369825
1 32221U 99025CVT 18204.71025993 +.00000063 +00000-0 +24459-4 0  9993
2 32221 098.3749 300.1443 0164551 139.9835 221.3621 14.51284382581130
1 32222U 99025CVU 18204.56897451 +.00000671 +00000-0 +30883-3 0  9995
2 32222 099.1242 339.4208 0103982 124.4121 236.6938 14.21770790259558
1 32223U 99025CVV 18204.38941064 +.00000465 +00000-0 +29294-3 0  9991
2 32223 099.0084 261.8675 0056842 028.2019 029.4198 14.08405503562787
1 32224U 99025CVW 18204.27514595 +.00000083 +00000-0 +49223-4 0  9996
2 32224 099.0874 025.7754 0080953 359.7670 000.3460 14.29904706572609
1 32225U 99025CVX 18203.10138979 +.00000094 +00000-0 +76082-4 0  9991
2 32225 099.0520 161.2191 0072881 218.9793 140.6111 14.11019805300149
1 32226U 99025CVY 18203.46588075  .00007770  00000-0  81988-3 0  9995
2 32226  99.4743  25.4983 0030323 165.2045 195.0062 14.89316772586862
1 32227U 99025CVZ 18204.37593409 +.00000568 +00000-0 +77891-4 0  9991
2 32227 099.4846 162.5075 0142988 236.8395 278.8456 14.77199192592974
1 32228U 99025CWA 18204.41264065 +.00000661 +00000-0 +18884-3 0  9990
2 32228 098.6384 268.0150 0094979 093.8525 267.3532 14.45930751581246
1 32230U 99025CWC 18201.14770400 +.00000465 +00000-0 +22486-3 0  9990
2 32230 098.8887 270.7111 0090031 040.5368 349.8545 14.21215019220725
1 32232U 99025CWE 18204.16625500 +.00002522 +00000-0 +57958-3 0  9995
2 32232 097.0681 182.4311 0118923 198.5330 161.1520 14.51864760576891
1 32233U 99025CWF 18204.34182932 +.00000050 +00000-0 +42415-4 0  9990
2 32233 097.6640 257.0099 0261819 016.9856 343.9874 14.00069651563128
1 32234U 99025CWG 18204.03170936 +.00000444 +00000-0 +38292-3 0  9992
2 32234 098.5406 234.6450 0146299 194.4670 165.2279 13.86444956558947
1 32235U 99025CWH 18204.85331225 +.00000938 +00000-0 +16041-3 0  9999
2 32235 099.0637 227.0827 0113499 260.2983 226.4204 14.67712302602894
1 32238U 99025CWL 18204.75785183 +.00001171 +00000-0 +79471-4 0  9994
2 32238 098.8928 313.7666 0144006 021.2274 339.4839 15.00995833597440
1 32241U 99025CWP 18204.08120952 +.00000436 +00000-0 +22750-3 0  9991
2 32241 098.9693 149.9478 0180271 322.5631 036.3094 14.11712487556042
1 32242U 99025CWQ 18204.60443802 +.00000108 +00000-0 +12266-3 0  9999
2 32242 097.2737 337.6205 0171022 326.6852 032.3633 13.78211595555817
1 32243U 99025CWR 18204.18554394 +.00000557 +00000-0 +33525-3 0  9991
2 32243 098.3195 110.6421 0323129 086.0374 277.7654 13.86922525560646
1 32245U 99025CWT 18203.20542003  .00000230  00000-0  67796-4 0  9995
2 32245  98.4999 298.4502 0154360 315.1603  43.7200 14.46772332581597
1 32303U 99025CWU 18203.11739741  .00001418  00000-0  90756-3 0  9997
2 32303  97.8353 324.4689 0127873 194.2436 165.5114 14.00741107547285
1 32304U 99025CWV 18137.23148543  .00000369  00000-0  14659-3 0  9993
2 32304  99.4362 154.2075 0063569 344.4598  15.4631 14.34330668565078
1 32305U 99025CWW 18204.26933885 +.00001511 +00000-0 +90974-3 0  9997
2 32305 098.0005 020.0789 0216597 247.1584 110.6579 13.97057589545797
1 32308U 99025CWZ 18202.99416785  .00000810  00000-0  60510-3 0  9997
2 32308  97.7754 274.9733 0121409 184.4622 175.5470 13.93562234544062
1 32311U 99025CXC 18204.35890198 +.00000297 +00000-0 +50489-3 0  9990
2 32311 101.7517 046.1743 0428362 305.4048 050.7759 13.24458948532403
1 32312U 99025CXD 18178.59522054 +.00000568 +00000-0 +46170-3 0  9993
2 32312 098.7648 309.2774 0136812 254.0450 166.6643 13.89668919568795
1 32313U 99025CXE 18204.32911649 +.00000440 +00000-0 +33138-3 0  9996
2 32313 099.1921 255.4130 0145200 279.3040 079.1727 13.94856220558508
1 32314U 99025CXF 18204.47665734 +.00000382 +00000-0 +79945-4 0  9996
2 32314 098.8877 084.9948 0224749 110.9876 251.5521 14.51552717580950
1 32315U 99025CXG 18202.23052070 +.00000012 +00000-0 +69251-4 0  9991
2 32315 100.8232 001.5014 0229922 258.0256 099.5026 13.65350531242154
1 32316U 99025CXH 18204.45879951 +.00000762 +00000-0 +29644-3 0  9996
2 32316 099.5236 266.5091 0046413 219.2037 268.2229 14.32560026570026
1 32317U 99025CXJ 18182.22612130  .00001086  00000-0  40994-3 0  9992
2 32317  97.9800 173.9496 0148856 246.9407 111.6022 14.27222757565619
1 32318U 99025CXK 18204.47508509 +.00015065 +00000-0 +77611-3 0  9997
2 32318 097.3110 097.4501 0016272 001.7599 358.3688 15.16364738584962
1 32319U 99025CXL 18204.25051793 +.00001182 +00000-0 +13456-3 0  9994
2 32319 099.1437 355.6878 0124408 070.8913 290.5719 14.83265538271561
1 32320U 99025CXM 18199.89013872 +.00000313 +00000-0 +15859-3 0  9999
2 32320 100.3756 241.6537 0065403 312.6676 046.8997 14.24043195236031
1 32322U 99025CXP 18204.76866793 +.00000058 +00000-0 +11246-3 0  9994
2 32322 098.3529 184.1585 0433304 037.6094 325.4517 13.30134457535177
1 32323U 99025CXQ 18204.17842424 +.00000618 +00000-0 +55323-3 0  9991
2 32323 098.5623 181.9963 0185123 020.3903 340.4520 13.80264263229042
1 32324U 99025CXR 18204.54431431 +.00000287 +00000-0 +20530-3 0  9999
2 32324 099.5302 114.4577 0051624 223.7881 135.9186 14.05254280260576
1 32325U 99025CXS 18201.66488118  .00000915  00000-0  30192-3 0  9997
2 32325  98.9806   3.8062 0070857 109.3445 251.5419 14.39212805577044
1 32326U 99025CXT 18204.85893367 +.00000181 +00000-0 +15422-3 0  9992
2 32326 098.4565 072.6757 0399253 114.5637 249.7662 13.64613011263381
1 32329U 99025CXW 18195.63196381 +.00000526 +00000-0 +27486-3 0  9998
2 32329 099.9561 345.3832 0054329 256.8321 102.6785 14.18854555194221
1 32330U 99025CXX 18204.42015803 +.00000278 +00000-0 +19838-3 0  9993
2 32330 098.0508 060.6758 0184867 198.8689 160.5564 13.96010960257880
1 32331U 99025CXY 18204.33037116 +.00001050 +00000-0 +52925-3 0  9998
2 32331 099.2045 345.8317 0040754 338.8523 021.0965 14.18249891220730
1 32332U 99025CXZ 18184.32925127  .00000664  00000-0  41190-3 0  9995
2 32332  99.3518 218.4592 0314761  93.7141 273.2609 13.86504611553768
1 32333U 99025CYA 18204.53656320 +.00000842 +00000-0 +61945-3 0  9996
2 32333 097.8831 311.1393 0125328 268.5734 090.1071 13.94215193559228
1 32334U 99025CYB 18202.87990334 -.00000151  00000-0 -72339-4 0  9993
2 32334  99.2660 171.6840 0069468 106.1775 254.7047 13.98529432561609
1 32336U 99025CYD 11116.43215084 +.00002109 +00000-0 +67324-3 0  9996
2 32336 098.9945 205.8822 0139046 032.0357 328.7671 14.35469826202863
1 32337U 99025CYE 18185.00647323  .00001263  00000-0  15259-2 0  9997
2 32337  99.2963 268.5483 0329014 153.7155 211.3832 13.47619296536372
1 32338U 99025CYF 18185.10441933 +.00000329 +00000-0 +13535-3 0  9996
2 32338 098.8346 302.2120 0071580 034.0162 326.5579 14.32163386260907
1 32339U 99025CYG 18204.32394934 +.00000448 +00000-0 +20196-3 0  9994
2 32339 098.8031 249.6985 0049961 064.2006 296.4316 14.26456508562242
1 32340U 99025CYH 18204.26179218 +.00000615 +00000-0 +22014-3 0  9992
2 32340 099.0306 023.0664 0066697 044.3953 316.2551 14.36571993582257
1 32342U 99025CYK 18204.91596331 -.00000038 +00000-0 +33076-5 0  9997
2 32342 098.9039 232.5133 0008843 093.4198 026.6513 14.12489702556119
1 32343U 99025CYL 18204.33896894 +.00000064 +00000-0 +48616-4 0  9994
2 32343 098.6948 241.8229 0158907 335.1351 024.2225 14.15888286264853
1 32344U 99025CYM 18203.99270012 +.00001114 +00000-0 +90709-4 0  9991
2 32344 100.2839 286.4421 0123501 018.7108 341.8586 14.97209804603968
1 32345U 99025CYN 11269.62775281 +.00012723 +00000-0 +35452-2 0  9995
2 32345 098.4148 204.8029 0254989 039.5651 322.3942 14.29038528223053
1 32346U 99025CYP 18178.36525238  .00000534  00000-0  44592-3 0  9991
2 32346  97.8311 228.5222 0161503 117.0837 244.6904 13.85783652551913
1 32350U 99025CYT 18203.92892521 +.00000283 +00000-0 +64215-4 0  9995
2 32350 098.5937 253.3797 0322204 142.1451 220.2875 14.36366394586654
1 32351U 99025CYU 18204.84937761 +.00001151 +00000-0 +69189-4 0  9994
2 32351 099.0095 065.0165 0144411 359.8451 000.2703 15.05398495597519
1 32352U 99025CYV 18204.21207593 +.00000153 +00000-0 +62824-4 0  9999
2 32352 098.9078 358.7747 0130070 224.4866 134.5817 14.36837454578264
1 32353U 99025CYW 18204.40958605 +.00000416 +00000-0 +35052-3 0  9992
2 32353 098.9927 075.9874 0149580 019.8003 340.8878 13.88250377256274
1 32354U 99025CYX 18184.65068027 +.00000116 +00000-0 +93035-4 0  9990
2 32354 102.9367 120.2307 0213436 283.3197 074.4238 14.08857236565620
1 32355U 99025CYY 18204.89369304 +.00001036 +00000-0 +39283-3 0  9998
2 32355 100.3888 230.2164 0141773 145.5566 338.1118 14.28541608577475
1 32356U 99025CYZ 18204.13779115 +.00000370 +00000-0 +33517-3 0  9995
2 32356 102.5077 176.1164 0150097 338.1847 078.8750 13.88803201565011
1 32357U 99025CZA 18199.97931980 -.00000105  00000-0 -36689-4 0  9993
2 32357  98.9073 108.5095 0570160 305.9048 109.8831 13.46750621543146
1 32360U 99025CZD 18202.83948858 +.00001163 +00000-0 +86311-3 0  9998
2 32360 098.1295 339.6762 0281169 219.2339 138.8138 13.79645127274316
1 32361U 99025CZE 18204.82211887 +.00000650 +00000-0 +28300-3 0  9999
2 32361 098.8150 159.6465 0073953 020.2997 009.5923 14.26040687577061
1 32362U 99025CZF 18203.06986139  .00000646  00000-0  77697-3 0  9992
2 32362  99.7919 146.1817 0313250 198.4881 160.4662 13.51709827545577
1 32363U 99025CZG 18204.82594902 +.00000930 +00000-0 +10244-3 0  9992
2 32363 098.3576 334.4193 0225953 235.8804 122.0785 14.73650229576596
1 32364U 99025CZH 18204.28437224 +.00000411 +00000-0 +28503-3 0  9997
2 32364 098.3385 219.6021 0143282 267.5790 090.8966 13.99149519258423
1 32366U 99025CZK 18204.31273483 -.00000013 +00000-0 +79228-5 0  9999
2 32366 096.7633 245.6946 0166201 342.9243 016.6377 14.03633671552573
1 32368U 99025CZM 18201.06890635  .00000254  00000-0  15893-3 0  9996
2 32368  97.8638 294.1619 0297358 358.3831   1.6344 13.91551529546422
1 32369U 99025CZN 12073.10414363 +.00003594 +00000-0 +24864-2 0  9990
2 32369 098.3789 181.2688 0427152 263.4938 091.8139 13.63326831221124
1 32370U 99025CZP 18204.20592746 +.00003906 +00000-0 +17246-3 0  9991
2 32370 099.0595 003.8581 0103003 338.0122 021.6703 15.17887844594296
1 32371U 99025CZQ 18204.31904977 +.00001515 +00000-0 +31505-3 0  9995
2 32371 099.2774 233.3824 0106645 330.0941 029.4189 14.58408658256828
1 32372U 99025CZR 18179.95540774  .00000150  00000-0  21018-3 0  9990
2 32372  97.3175  83.7579 0476773 221.6855 134.7013 13.27936004535808
1 32406U 99025CZS 18204.70455668 +.00010464 +00000-0 +28967-3 0  9996
2 32406 098.3772 018.9522 0127681 163.6201 196.9222 15.29326401596570
1 32407U 99025CZT 18200.78687142  .00002464  00000-0  12553-3 0  9990
2 32407  98.4984  36.7081 0203482 227.9681 130.4067 15.01802015589296
1 32408U 99025CZU 14157.53128552 +.00001623 +00000-0 +33684-3 0  9990
2 32408 098.8083 271.7243 0270850 209.0429 151.4088 14.41217124364286
1 32409U 99025CZV 18204.14361172 +.00000740 +00000-0 +23755-3 0  9999
2 32409 099.5567 333.3726 0075597 167.3834 316.9006 14.41355130574540
1 32410U 99025CZW 18177.39164098  .00011468  00000-0  82658-3 0  9991
2 32410  97.8519  30.9467 0084154 323.1233  36.4221 15.01469895568318
1 32411U 99025CZX 18204.44383880 +.00000337 +00000-0 +21066-3 0  9990
2 32411 098.4144 287.0644 0130444 150.2873 210.5788 14.06356811278481
1 32412U 99025CZY 09177.68115178 +.00001109 +00000-0 +31886-3 0  9998
2 32412 098.2446 128.3054 0256544 261.6721 094.8246 14.29378516088309
1 32414U 99025DAA 18204.38889069 +.00000107 +00000-0 +88983-4 0  9993
2 32414 099.0595 247.4630 0053335 039.5194 016.9653 14.07484960556783
1 32416U 99025DAC 18201.51559293  .00000071  00000-0  13204-3 0  9993
2 32416 100.7789 318.8252 0247739  23.7378  37.2148 13.61686070546087
1 32418U 99025DAE 18204.24118547 +.00001029 +00000-0 +78746-3 0  9997
2 32418 098.2096 009.1403 0281925 286.0342 070.9935 13.78262493256318
1 32419U 99025DAF 18204.41853027 +.00000172 +00000-0 +90397-4 0  9991
2 32419 097.9223 078.9653 0298391 246.8706 110.0765 14.04277360256474
1 32422U 99025DAJ 18204.13590459 -.00000114 +00000-0 -40175-4 0  9998
2 32422 097.8420 337.3220 0309669 039.1360 323.1765 13.94756504546455
1 32425U 99025DAM 18202.37954635  .00000120  00000-0  60199-4 0  9998
2 32425  96.7181 265.8451 0249584 118.8797 243.7670 14.11285070551070
1 32426U 99025DAN 11284.47345555 +.00002401 +00000-0 +24138-2 0  9993
2 32426 098.2688 030.8916 0302044 225.3839 132.3573 13.60063636207829
1 32427U 99025DAP 17237.77311365  .00010786  00000-0  89727-3 0  9994
2 32427  96.7643 231.7554 0027771 266.4936  93.3112 14.98531309517658
1 32428U 99025DAQ 13232.18032926 +.00007781 +00000-0 +20432-2 0  9992
2 32428 099.0014 359.5398 0085265 072.8102 286.2620 14.47296344319601
1 32429U 99025DAR 18157.38529183  .00001071  00000-0  59315-3 0  9991
2 32429  99.1022 223.9703 0068232 164.1387 196.1942 14.12308167564451
1 32430U 99025DAS 16190.17239802  .00000222  00000-0  17950-3 0  9997
2 32430  98.6998 172.7393 0418618 275.7800  79.6277 13.56286381438851
1 32431U 99025DAT 18199.66322979 +.00000692 +00000-0 +36168-3 0  9994
2 32431 099.5486 144.3499 0073584 145.7234 339.2268 14.16681893569632
1 32432U 99025DAU 18204.54886529 +.00000125 +00000-0 +52655-4 0  9996
2 32432 098.3429 317.9874 0246525 062.3399 300.2569 14.25428079320592
1 32433U 99025DAV 18203.34213378 +.00000876 +00000-0 +23448-3 0  9990
2 32433 098.2253 241.6027 0283006 054.0854 308.6241 14.29436032083226
1 32435U 99025DAX 18203.92128169 +.00002672 +00000-0 +19477-3 0  9992
2 32435 099.4942 245.7865 0116098 028.0302 332.7102 14.99715586277316
1 32437U 99025DAZ 16009.18884539 -.00049426 +00000-0 -11238-1 0  9999
2 32437 099.4427 001.6259 0071081 178.4594 181.6831 14.54673549443067
1 32438U 99025DBA 18204.28682502 +.00000774 +00000-0 +28184-3 0  9997
2 32438 099.4513 219.5848 0037264 219.1168 140.7319 14.36043748574629
1 32440U 99025DBC 18204.83369267 +.00000665 +00000-0 +76183-3 0  9992
2 32440 099.1445 227.7463 0365030 105.8693 258.2989 13.47546726540880
1 32441U 99025DBD 18181.49392774  .00000500  00000-0  27312-3 0  9996
2 32441  97.7952 275.9401 0298693 165.0014 196.0254 13.94980633565275
1 32443U 99025DBF 18204.27328437 +.00000357 +00000-0 +20337-3 0  9995
2 32443 102.1190 229.2781 0085275 066.6505 294.3601 14.17763845571271
1 32444U 99025DBG 18204.35252579 +.00002075 +00000-0 +82623-3 0  9993
2 32444 099.1686 255.0891 0085490 026.9737 333.5848 14.27798494564428
1 32445U 99025DBH 18204.84486120 +.00005334 +00000-0 +57850-3 0  9994
2 32445 099.3675 352.4144 0035548 107.5378 252.9723 14.88269784569588
1 32447U 99025DBK 18175.31495435  .00000053  00000-0  71921-4 0  9993
2 32447  99.2078 201.8446 0079365 305.6997 116.9862 13.94779609568682
1 32448U 99025DBL 18185.19191153  .00002071  00000-0  64067-3 0  9995
2 32448  98.9805 311.1070 0019154 271.2114 211.0997 14.42312046558287
1 32449U 99025DBM 11068.68469795 +.00003586 +00000-0 +26030-2 0  9992
2 32449 099.2663 030.4816 0346132 208.1092 147.0464 13.72029686185387
1 32450U 99025DBN 18202.04001294  .00000962  00000-0  68210-3 0  9999
2 32450  99.1027 137.4916 0099707 208.3661 151.2052 13.97820509565920
1 32451U 99025DBP 18204.71251527 +.00000723 +00000-0 +72491-3 0  9993
2 32451 100.0110 021.7403 0215522 299.1384 058.8344 13.71743147246462
1 32453U 99025DBR 18204.61579084 +.00000329 +00000-0 +25772-3 0  9997
2 32453 099.4619 349.6797 0102547 336.2314 081.8991 13.97098226560557
1 32454U 99025DBS 18204.04842798 +.00000719 +00000-0 +29965-3 0  9991
2 32454 098.5286 298.4203 0290870 336.8627 021.9662 14.08910327193696
1 32455U 99025DBT 18181.83309197  .00000799  00000-0  67910-3 0  9994
2 32455 101.7293  49.4474 0281836 248.6864 108.3976 13.74857075550968
1 32456U 99025DBU 18183.70286541 -.00000077 +00000-0 -78059-5 0  9999
2 32456 103.6615 116.0351 0395325 339.5205 019.0430 13.30313201535204
1 32457U 99025DBV 18197.90167252 +.00000593 +00000-0 +91024-3 0  9990
2 32457 100.3323 239.5042 0434910 184.6690 175.0306 13.23492724181093
1 32458U 99025DBW 18204.31553868 +.00000498 +00000-0 +18855-3 0  9992
2 32458 099.0798 038.3574 0064964 070.7946 290.0253 14.34639606575604
1 32459U 99025DBX 18204.94025733 +.00000181 +00000-0 +63109-4 0  9999
2 32459 098.5730 243.9979 0240851 311.7824 046.2999 14.32586836558403
1 32460U 99025DBY 18202.83940597 +.00000128 +00000-0 +12659-3 0  9995
2 32460 098.0305 338.2014 0198675 051.8458 310.0418 13.83106751278661
1 32461U 99025DBZ 18202.98521028  .00000286  00000-0  31262-3 0  9992
2 32461  98.3322  20.7419 0248121 133.0511  17.9571 13.66240823537279
1 32464U 99025DCC 18198.93265320 +.00000409 +00000-0 +80346-4 0  9999
2 32464 097.4520 093.1176 0204976 259.5392 098.2653 14.55139159212267
1 32467U 99057RB  18204.16439624 +.00000935 +00000-0 +19870-3 0  9997
2 32467 098.3830 190.5773 0009111 019.8196 340.3356 14.61417515260471
1 32468U 99057RC  18203.84827469 +.00003903 +00000-0 +41263-3 0  9999
2 32468 098.2645 226.7953 0007273 150.6429 209.5197 14.89823727577035
1 32469U 99057RD  12334.17014041 +.00010668 +00000-0 +28807-2 0  9993
2 32469 098.2276 307.8508 0010892 137.8300 225.3659 14.47955305274472
1 32470U 99057RE  18204.90746871 +.00001461 +00000-0 +28775-3 0  9997
2 32470 098.3545 190.9829 0004209 345.0773 015.0304 14.64073031581741
1 32473U 07042C   18204.42117617 +.00000346 +00000-0 +97284-4 0  9993
2 32473 098.2386 277.5511 0111255 151.0201 209.7231 14.48279805559865
1 32474U 07042D   18204.32018861 +.00000488 +00000-0 +90850-4 0  9993
2 32474 098.6565 149.7976 0099544 335.0666 024.5745 14.67129625574190
1 32491U 06006AE  13320.37222416 +.00237901 +00000-0 +19370-1 0  9990
2 32491 051.4460 290.0775 3240588 236.8047 322.6474 08.82360017139311
1 32492U 06006AF  18020.95417419  .00000044  00000-0  62249-4 0  9998
2 32492  51.3619 216.9333 4979133 218.7071 339.3329  5.31555280210106
1 32493U 06006AG  18204.34339209 -.00000098 +00000-0 +88834-5 0  9995
2 32493 051.6103 320.1306 5008073 017.1784 354.9733 05.44792939222883
1 32494U 06006AH  18203.10967455 -.00000017 +00000-0 +26391-4 0  9999
2 32494 051.6121 080.6253 5108141 283.8362 026.3348 05.25637319217744
1 32496U 06006AK  18181.21145522 +.00000012 +00000-0 +78768-4 0  9990
2 32496 051.7246 068.6328 5052182 282.4509 027.5028 05.35986754207271
1 32497U 06006AL  18065.46395795  .00000388  00000-0  45703-3 0  9996
2 32497  51.7043 134.2546 5054237 233.8777  68.2190  5.34364830202236
1 32498U 06006AM  17351.73456019  .00003767  00000-0  35438-2 0  9998
2 32498  51.6961 149.6245 4959895 225.1727  81.9343  5.51064894199382
1 32499U 06006AN  18203.47557680  .00001546  00000-0  58914-3 0  9991
2 32499  51.6137 236.2608 4963089  70.3044 335.5196  5.60608050214993
1 33458U 06053D   18192.82033108 -.00000052 +00000-0 +00000-0 0  9991
2 33458 006.5994 056.2615 0079587 332.6311 264.9982 01.00297841036335
1 33502U 99025DCF 18204.75440406 +.00000449 +00000-0 +31448-3 0  9993
2 33502 098.9955 126.4078 0105424 130.5039 258.6270 14.00728762490229
1 33589U 91003S   18199.60478451 -.00000117  00000-0  40453-3 0  9993
2 33589   7.1165 139.3853 6790955 317.6703   6.4162  2.63761088116075
1 33590U 91003T   18204.82545899 +.00000434 +00000-0 +76651-2 0  9996
2 33590 007.7506 352.9734 6786052 234.5809 039.2622 02.66862995053415
1 33599U 99025DCG 18204.31176236 +.00000787 +00000-0 +10524-3 0  9995
2 33599 096.6072 032.6486 0309564 138.1192 224.4145 14.53234812565935
1 33600U 99025DCH 18204.80812183 +.00001719 +00000-0 +18392-3 0  9997
2 33600 096.2712 211.7047 0276596 136.8699 225.4546 14.65382006198191
1 33601U 99025DCJ 18204.93476933 +.00000681 +00000-0 +44404-3 0  9991
2 33601 098.2806 201.7311 0173991 204.3419 185.2264 13.98162907528937
1 33603U 99025DCL 18204.25198124 +.00000073 +00000-0 +16289-4 0  9997
2 33603 098.8712 224.9171 0246680 246.7367 110.7696 14.70889093591148
1 33604U 99025DCM 11211.95132915 +.00009429 +00000-0 +89398-3 0  9996
2 33604 099.0468 034.3812 0174254 272.5949 085.5413 14.83026305170732
1 33605U 99025DCN 18190.08161584  .00000442  00000-0  30406-3 0  9990
2 33605  98.9175 240.6452 0060524 124.0565 265.9569 14.03579478541719
1 33612U 99025DCV 18204.23396028 +.00000274 +00000-0 +22154-3 0  9998
2 33612 098.6635 306.9714 0124627 060.7503 300.6053 13.94146264189844
1 33613U 99025DCW 18204.93236419 +.00000701 +00000-0 +38422-3 0  9993
2 33613 098.9144 255.9529 0037246 276.6636 083.0298 14.14830030262169
1 33614U 99025DCX 18180.26713303  .00007464  00000-0  69580-3 0  9997
2 33614  96.5373   8.0455 0057906  83.3948 277.3862 14.93167471564201
1 33617U 99025DDA 18204.55824080 +.00002749 +00000-0 +89940-4 0  9998
2 33617 098.0316 324.6451 0148395 265.4762 092.9509 15.22761575366411
1 33618U 99025DDB 18204.71239299 +.00000364 +00000-0 +92484-4 0  9997
2 33618 098.6855 186.3334 0211867 030.1515 331.1674 14.44636332577024
1 33619U 99025DDC 18203.61855021 +.00000087 +00000-0 +78476-4 0  9990
2 33619 099.0434 252.9476 0060836 073.5765 079.7735 14.06031658255930
1 33621U 99025DDE 18204.28493769 +.00000220 +00000-0 +92447-4 0  9997
2 33621 098.1574 238.4601 0309103 201.4569 157.3413 14.11857399260974
1 33622U 99025DDF 18202.32117797  .00000707  00000-0  37972-3 0  9996
2 33622  99.0111 252.3602 0037577 256.2048 103.4942 14.15961366567008
1 33623U 99025DDG 18200.12378725 +.00000717 +00000-0 +45404-3 0  9993
2 33623 098.1880 148.6480 0081081 177.5965 182.5610 14.05138913231422
1 33624U 99025DDH 18199.35618667  .00001206  00000-0  17518-3 0  9997
2 33624  98.1870 250.1680 0383431 307.9260  48.7840 14.38487250537541
1 33625U 99025DDJ 18202.97690043  .00000280  00000-0  69366-4 0  9999
2 33625  98.8364 216.3118 0300699 302.4278  54.8148 14.37082899555404
1 33628U 99025DDM 18204.05852027 +.00001630 +00000-0 +18966-3 0  9994
2 33628 098.2667 301.4047 0164811 200.1672 159.2977 14.77571183556314
1 33629U 99025DDN 18204.12572843 +.00005870 +00000-0 +49318-3 0  9993
2 33629 098.5905 321.2642 0105434 240.4702 118.5971 14.94498497544955
1 33630U 99025DDP 18202.32488259  .00000118  00000-0  77595-4 0  9991
2 33630  98.4031  43.1188 0141518 271.1986  87.2978 14.13186330529738
1 33632U 99025DDR 18204.49317666 +.00001277 +00000-0 +34306-3 0  9995
2 33632 099.0458 093.6833 0053916 319.3510 040.3662 14.49179908538427
1 33633U 99025DDS 18204.05598973 +.00000183 +00000-0 +14046-3 0  9994
2 33633 099.2026 236.5897 0102173 114.2655 276.6408 14.02955599527372
1 33636U 99025DDV 18204.93529347 +.00000142 +00000-0 +79772-4 0  9996
2 33636 098.7223 241.2268 0075317 047.9978 072.8932 14.23177198316257
1 33637U 99025DDW 18204.34855594 +.00000420 +00000-0 +19697-3 0  9996
2 33637 098.7576 252.5252 0101995 109.5685 251.6539 14.22502878263582
1 33638U 99025DDX 18204.77778013 +.00000395 +00000-0 +42846-3 0  9997
2 33638 098.4303 044.2640 0278741 219.6658 138.3803 13.62422171547818
1 33639U 99025DDY 18199.35590799 +.00000657 +00000-0 +32404-3 0  9998
2 33639 098.8633 252.3791 0067272 206.3735 153.4010 14.19796556220698
1 33640U 99025DDZ 18204.92236213 +.00000250 +00000-0 +94768-4 0  9999
2 33640 098.9513 012.7265 0102170 227.6520 131.5979 14.37467218535136
1 33641U 99025DEA 09198.89632304 +.00001626 +00000-0 +52887-3 0  9992
2 33641 099.0148 242.1468 0112466 178.2805 182.5577 14.36727616106609
1 33642U 99025DEB 18179.22483052 +.00063221 +00000-0 +97097-3 0  9994
2 33642 099.2722 335.2718 0031243 329.0197 030.9207 15.53492594555973
1 33643U 99025DEC 18204.81237829 +.00000567 +00000-0 +75378-4 0  9991
2 33643 099.1018 338.3858 0157792 044.7803 316.6015 14.76544534570483
1 33644U 99025DED 15109.67483947 +.00001876 +00000-0 +18075-3 0  9995
2 33644 099.5576 184.5556 0044093 330.5429 029.3301 14.93951255397352
1 33645U 99025DEE 18204.73686915 +.00001496 +00000-0 +35032-3 0  9992
2 33645 099.5539 125.9402 0356804 263.7358 092.3072 14.24154288534493
1 33646U 99025DEF 18202.40635479 +.00000113 +00000-0 +11061-3 0  9995
2 33646 098.5901 270.8315 0125726 108.4067 312.5253 13.92127815343764
1 33647U 99025DEG 18204.66357146 +.00000628 +00000-0 +52028-3 0  9997
2 33647 098.2068 012.5679 0276165 274.9154 082.0526 13.75827476529972
1 33648U 99025DEH 18204.87322213 +.00000045 +00000-0 +49212-4 0  9993
2 33648 098.8644 232.9136 0068779 264.1108 095.2220 14.10607139263182
1 33649U 99025DEJ 18179.34630469  .00036429  00000-0  11609-2 0  9994
2 33649  98.9254 226.0127 0018259  87.1173 273.2154 15.32298623574445
1 33650U 99025DEK 18204.14734805 +.00000420 +00000-0 +39038-3 0  9991
2 33650 099.0802 085.9232 0163254 140.4203 220.9005 13.81609763314719
1 33651U 99025DEL 18201.81446589  .00000036  00000-0  37376-4 0  9999
2 33651  98.9863 217.1053 0119271 238.0407 120.9128 14.18583084551867
1 33655U 99025DEQ 18204.82959259 +.00000493 +00000-0 +12427-3 0  9996
2 33655 098.8560 055.4395 0110115 018.2089 342.3000 14.52524706574293
1 33656U 99025DER 18201.29290775  .00000124  00000-0  77914-4 0  9990
2 33656  98.6964 235.8023 0093773 279.2233 142.2269 14.18427939561823
1 33658U 99025DET 18200.81407090 +.00000716 +00000-0 +87401-3 0  9997
2 33658 099.5358 056.7211 0309963 149.2332 212.7385 13.50571993215607
1 33660U 99025DEV 18204.44641528 +.00000078 +00000-0 +91595-4 0  9990
2 33660 098.6427 283.5912 0114132 110.4056 307.9138 13.89115726540525
1 33661U 99025DEW 18202.04583097  .00000334  00000-0  36421-3 0  9992
2 33661  98.3789  38.9410 0246040 157.8314 355.0272 13.65885941516764
1 33663U 99025DEY 18204.07137940 +.00001272 +00000-0 +70140-3 0  9999
2 33663 098.9246 150.1812 0166959 160.6497 260.2815 14.06424071259423
1 33664U 99025DEZ 17091.67378529  .00000036  00000-0  21288-4 0  9996
2 33664  98.7993 347.9620 0166182 289.0704  69.3133 14.00663130462320
1 33665U 99025DFA 18202.73445154  .00000125  00000-0  52209-4 0  9994
2 33665  98.7329  24.8787 0514901 325.2536  31.5971 13.88356740551018
1 33666U 99025DFB 18177.83185566  .00001341  00000-0  26813-3 0  9997
2 33666  98.8850  41.7027 0081351  83.8280 337.1925 14.61669479564516
1 33668U 99025DFD 18204.35200229 +.00000762 +00000-0 +10045-3 0  9997
2 33668 099.0191 265.9961 0183987 071.3825 290.7261 14.72642316560359
1 33671U 99025DFG 11341.43004073 +.00005503 +00000-0 +10762-2 0  9997
2 33671 099.5270 226.0968 0148785 106.2655 110.6625 14.56499551213865
1 33673U 99025DFJ 18204.13466615 +.00000082 +00000-0 +96832-4 0  9996
2 33673 099.3347 172.7660 0111516 302.5113 115.0418 13.91529138523235
1 33674U 99025DFK 18203.77108608 +.00000298 +00000-0 +33215-3 0  9995
2 33674 098.6190 134.8106 0226140 231.0359 127.0448 13.67964414514684
1 33675U 99025DFL 18202.70617477 +.00000707 +00000-0 +23456-3 0  9998
2 33675 099.1490 119.8929 0052853 070.1718 290.5155 14.40411908289574
1 33676U 99025DFM 18204.44613691 +.00000023 +00000-0 +22502-4 0  9999
2 33676 099.0572 072.7130 0212503 028.3529 092.8906 14.32604643266406
1 33677U 99025DFN 11269.42251406 +.00003034 +00000-0 +98037-3 0  9994
2 33677 098.8860 337.2006 0103259 351.6297 008.4373 14.36884197199400
1 33678U 99025DFP 18204.42673917 +.00000096 +00000-0 +39773-4 0  9994
2 33678 099.0528 081.8351 0235912 260.1634 097.2843 14.35817523562816
1 33679U 99025DFQ 18204.04608969 +.00000767 +00000-0 +12085-3 0  9999
2 33679 099.3933 246.5347 0328511 141.2421 221.2837 14.45855341547812
1 33680U 99025DFR 18204.70563955 +.00001978 +00000-0 +33403-3 0  9991
2 33680 099.4469 001.4416 0069545 267.2368 149.3510 14.69338268589456
1 33681U 99025DFS 18203.53947174  .00000215  00000-0  17949-3 0  9991
2 33681  99.3177 213.0972 0103014 230.2954 285.9507 13.96993638525822
1 33682U 99025DFT 18204.07024345 +.00000364 +00000-0 +22515-3 0  9998
2 33682 099.4319 062.8415 0037591 077.9300 282.6078 14.11674346539946
1 33683U 99025DFU 18204.58830311 +.00001251 +00000-0 +39797-3 0  9999
2 33683 098.3188 076.6625 0073907 089.5751 271.3906 14.39993902540180
1 33684U 99025DFV 18204.72681188 +.00000458 +00000-0 +66184-4 0  9991
2 33684 099.1410 038.6282 0432346 075.3516 289.5178 14.33585612544403
1 33686U 99025DFX 18204.44867237 +.00001695 +00000-0 +31070-3 0  9992
2 33686 098.8697 093.4293 0064875 025.2033 335.2311 14.65949031294027
1 33687U 99025DFY 18204.26179133 +.00000625 +00000-0 +77714-4 0  9992
2 33687 099.0473 219.0744 0254204 153.7709 207.6629 14.66795443316626
1 33688U 99025DFZ 18204.13215395 +.00000754 +00000-0 +37101-3 0  9998
2 33688 099.3764 082.3476 0079528 037.8126 322.8599 14.19252313531127
1 33689U 99025DGA 18203.38458598  .00000207  00000-0  98992-4 0  9998
2 33689  99.5533 256.7232 0055713 345.9856  70.4715 14.29921814536787
1 33690U 99025DGB 18204.12111937 +.00000489 +00000-0 +21856-3 0  9992
2 33690 098.7537 265.7513 0051313 077.4487 283.2426 14.26407378551933
1 33691U 99025DGC 18204.57589083 +.00000541 +00000-0 +36183-3 0  9991
2 33691 099.0108 134.9214 0089907 053.3345 307.6044 14.03218230525012
1 33692U 99025DGD 18204.00090369 +.00003170 +00000-0 +60469-3 0  9999
2 33692 099.1204 121.0558 0022122 273.0104 148.1891 14.64669115539369
1 33693U 99025DGE 18203.67416872 +.00000291 +00000-0 +33832-3 0  9998
2 33693 099.3687 092.2903 0240624 157.9099 261.1272 13.64786816514080
1 33697U 99025DGJ 17191.02877159  .00000240  00000-0  18576-3 0  9997
2 33697  99.1355 264.9792 0082940 163.8626 196.5207 14.00665109500249
1 33698U 99025DGK 18204.93950465 +.00000115 +00000-0 +41528-4 0  9991
2 33698 099.6022 103.3527 0152107 246.1307 112.3880 14.49118209565041
1 33699U 99025DGL 18204.11349598 +.00004711 +00000-0 +11248-2 0  9991
2 33699 098.5031 167.0505 0064694 082.6305 337.3688 14.52867968267396
1 33700U 99025DGM 18204.05892074 +.00001427 +00000-0 +18181-3 0  9994
2 33700 099.1034 293.1519 0104754 273.7513 085.1722 14.79818514561432
1 33701U 99025DGN 18203.21741448  .00000135  00000-0  12450-3 0  9998
2 33701  98.6738 296.4124 0154112 108.2152 285.4756 13.91641583529967
1 33704U 99025DGR 11263.94608017 +.00003596 +00000-0 +36927-3 0  9993
2 33704 099.0095 081.7428 0172973 118.4356 191.4705 14.80683163195741
1 33706U 99025DGT 18204.32446701 +.00001495 +00000-0 +36709-3 0  9993
2 33706 098.9761 043.9675 0123873 191.5597 168.2744 14.49505819553951
1 33707U 99025DGU 18204.89628888 +.00001162 +00000-0 +19808-3 0  9996
2 33707 099.0839 233.2802 0108083 270.3940 088.4877 14.67670105583549
1 33708U 99025DGV 18203.56958665  .00002229  00000-0  32094-3 0  9996
2 33708  99.4770  64.1724 0066404 113.3694 247.4514 14.76182709579250
1 33709U 99025DGW 18204.39776624 +.00006865 +00000-0 +48263-3 0  9997
2 33709 099.0393 268.0566 0045528 206.9224 152.9635 15.04672447235077
1 33710U 99025DGX 18204.00485649 +.00000578 +00000-0 +39169-3 0  9991
2 33710 099.0549 283.0854 0058747 125.3601 235.3075 14.03380497297261
1 33711U 99025DGY 18204.89538708 +.00000541 +00000-0 +40692-3 0  9997
2 33711 099.2936 186.3080 0105587 205.7243 184.4986 13.96278500542282
1 33713U 99025DHA 18204.35570029 +.00000613 +00000-0 +97470-4 0  9999
2 33713 099.0755 246.4246 0171175 297.5364 060.8534 14.67527876555497
1 33714U 99025DHB 18204.89088706 +.00001157 +00000-0 +38465-3 0  9997
2 33714 099.9194 090.1332 0058620 353.5034 006.5383 14.39121262253188
1 33716U 99025DHD 18203.23708804 +.00000046 +00000-0 +34280-4 0  9992
2 33716 099.0292 008.5116 0095208 304.9878 054.2392 14.30707462265290
1 33718U 99025DHF 18204.49750183 +.00000446 +00000-0 +33698-3 0  9995
2 33718 099.6991 092.5252 0114819 054.7850 306.3996 13.96694856314152
1 33719U 99025DHG 18204.85674975 +.00000468 +00000-0 +26482-3 0  9997
2 33719 099.0139 226.2341 0034037 213.2803 273.1983 14.14824451537846
1 33720U 99025DHH 18204.37181920 +.00000283 +00000-0 +11414-3 0  9993
2 33720 098.4914 260.1971 0091025 203.6156 217.3455 14.33024710563352
1 33721U 99025DHJ 18204.20404688 +.00000452 +00000-0 +87044-4 0  9996
2 33721 098.7799 117.3201 0132865 168.5999 191.8262 14.63620358582354
1 33722U 99025DHK 18202.54246938  .00000101  00000-0  65276-4 0  9998
2 33722  98.8158 243.6108 0173266  74.1354 287.8842 14.14155322539409
1 33723U 99025DHL 18204.81198007 +.00000600 +00000-0 +42557-3 0  9994
2 33723 099.2962 212.4838 0114432 207.4395 279.7844 13.98663291536968
1 33724U 99025DHM 18204.89473760 +.00000149 +00000-0 +98668-4 0  9998
2 33724 098.8392 236.8175 0029072 356.9630 126.4364 14.15301778565317
1 33726U 99025DHP 18204.86097490 +.00000236 +00000-0 +13027-3 0  9991
2 33726 098.5301 069.8596 0202851 179.2756 244.1990 14.09688962538746
1 33727U 99025DHQ 18204.86749789 +.00002494 +00000-0 +52483-3 0  9994
2 33727 099.7551 084.1843 0032274 127.5408 232.8727 14.60355855565035
1 33728U 99025DHR 18202.69196931  .00000174  00000-0  29720-4 0  9991
2 33728  98.9681 279.1325 0207696  26.6265 123.7341 14.70571927585543
1 33730U 99025DHT 18204.36484243 +.00000507 +00000-0 +18783-3 0  9992
2 33730 099.0903 059.4469 0065507 074.2057 286.6337 14.35615225567662
1 33731U 99025DHU 18202.36029135  .00000305  00000-0  27754-3 0  9990
2 33731  99.3299 159.4104 0142208  93.8182  57.4690 13.86509154529944
1 33733U 99025DHW 18203.51874101  .00001215  00000-0  74375-3 0  9993
2 33733  99.1805 197.1544 0108169 180.0970 306.9227 14.04946177523488
1 33734U 99025DHX 18203.12553757 +.00000517 +00000-0 +25735-3 0  9992
2 33734 098.9399 274.6054 0129083 131.6507 229.5806 14.17006926523562
1 33735U 99025DHY 18204.38965813 +.00000914 +00000-0 +38809-3 0  9999
2 33735 098.9822 262.0832 0035046 118.8107 241.6599 14.27543384527100
1 33736U 99025DHZ 18202.36266874 +.00001226 +00000-0 +38593-3 0  9994
2 33736 099.6892 358.9311 0042027 315.0741 044.7046 14.42064313285786
1 33737U 99025DJA 18204.05413701 +.00000293 +00000-0 +22612-3 0  9994
2 33737 098.3743 228.0640 0137084 288.2688 125.7425 13.95546248510241
1 33738U 99025DJB 18204.21463257 +.00000503 +00000-0 +34974-3 0  9992
2 33738 099.3638 202.6181 0196065 169.6729 251.8260 13.94631330515683
1 33739U 99025DJC 18203.65246054 +.00001577 +00000-0 +34677-3 0  9996
2 33739 098.9683 094.1282 0057617 203.5456 156.3101 14.58094704532758
1 33740U 99025DJD 18204.32662390 -.00000019 +00000-0 +14493-4 0  9994
2 33740 098.9456 231.4611 0000898 192.8954 167.2194 14.11072328520669
1 33741U 99025DJE 18204.60097412 +.00000336 +00000-0 +25959-3 0  9992
2 33741 098.5585 265.7628 0149202 069.6846 292.0279 13.93759548500463
1 33745U 99025DJJ 18204.85350438 +.00000369 +00000-0 +23399-3 0  9995
2 33745 099.0237 158.8644 0062926 303.4519 056.0644 14.09237816278878
1 33747U 99025DJL 18203.60189444 +.00000178 +00000-0 +13977-3 0  9995
2 33747 099.2007 237.7156 0111896 157.1625 002.3964 14.01429852521971
1 33748U 99025DJM 18204.55398575 +.00000468 +00000-0 +23544-3 0  9991
2 33748 098.8453 243.9396 0043383 144.3762 216.0323 14.20741853529804
1 33758U 93036F   18204.94242135 +.00000358 +00000-0 +12596-3 0  9994
2 33758 074.0330 176.2223 0022258 186.9152 203.6367 14.38324086494136
1 33759U 93036G   18204.85266520 +.00001098 +00000-0 +29453-3 0  9991
2 33759 074.0205 113.7287 0024523 154.1461 243.9715 14.49183437496503
1 33761U 93036J   18204.95208226 +.00000161 +00000-0 +63850-4 0  9994
2 33761 074.0375 181.6145 0026210 208.0949 182.9831 14.36303752494437
1 33762U 93036K   18204.45321414 +.00000012 +00000-0 +13850-4 0  9995
2 33762 074.0400 200.6562 0016035 209.4056 267.8005 14.32946771493783
1 33763U 93036L   18204.77704962 +.00001504 +00000-0 +32882-3 0  9996
2 33763 073.9362 059.0643 0018752 094.1091 030.5133 14.58580662497345
1 33770U 93036T   18204.71346656 +.00001068 +00000-0 +24688-3 0  9990
2 33770 074.0325 073.2921 0039462 110.9504 281.7625 14.55973095497224
1 33779U 93036U   18204.34539811 +.00000953 +00000-0 +30267-3 0  9997
2 33779 074.0475 177.6382 0030611 179.7650 332.1469 14.41077122494642
1 33782U 93036X   18204.93946169 +.00000176 +00000-0 +71222-4 0  9998
2 33782 074.0338 194.6978 0023333 204.7236 182.0607 14.34786249493796
1 33785U 93036AA  18204.86372361 +.00000674 +00000-0 +21639-3 0  9999
2 33785 073.8829 117.7804 0031772 259.3523 138.2715 14.41182450494635
1 33793U 93036AJ  18204.74435366 +.00000132 +00000-0 +71284-4 0  9991
2 33793 073.9872 330.6584 0087123 007.1496 061.1695 14.20212793488357
1 33795U 93036AL  18204.69744271 +.00000202 +00000-0 +42123-4 0  9993
2 33795 074.0468 292.1026 0078201 358.6091 152.5638 14.65043269502849
1 33796U 93036AM  18204.85177459 +.00005243 +00000-0 +10789-2 0  9991
2 33796 074.0229 166.1724 0049362 131.8687 228.6708 14.60025712494568
1 33798U 93036AP  18204.92617873 +.00000020 +00000-0 +14008-4 0  9998
2 33798 074.0307 107.1140 0095234 170.0183 316.4475 14.42030979496738
1 33799U 93036AQ  18204.92518837 +.00000703 +00000-0 +20533-3 0  9996
2 33799 074.0417 129.6556 0044800 160.5540 317.9122 14.45304863496256
1 33804U 93036AV  18204.91886931 +.00001402 +00000-0 +19094-3 0  9992
2 33804 074.0197 231.1335 0055868 307.8629 051.7499 14.78728646504594
1 33805U 93036AW  18204.89269367 +.00000089 +00000-0 +28275-4 0  9990
2 33805 074.0331 011.2324 0066472 154.0984 206.3531 14.52302401500094
1 33806U 93036AX  18204.81790694 +.00000624 +00000-0 +11382-3 0  9990
2 33806 074.0856 349.0562 0058855 352.8950 063.4512 14.67157704501609
1 33812U 93036BD  18204.86062256 +.00002486 +00000-0 +14347-3 0  9990
2 33812 074.0121 160.7473 0120271 176.7398 183.4607 15.07017090506646
1 33813U 93036BE  18204.46142228 +.00000589 +00000-0 +90931-4 0  9991
2 33813 074.0462 229.1512 0097123 282.1414 204.8671 14.72846301504888
1 33815U 93036BG  18204.84550572 +.00000955 +00000-0 +32385-3 0  9995
2 33815 073.9861 219.5090 0057683 212.4252 210.6313 14.37153210492636
1 33816U 93036BH  18204.77594219 +.00000058 +00000-0 +59722-4 0  9993
2 33816 073.8986 340.1634 0275607 140.5974 221.5557 13.78148391474638
1 33817U 93036BJ  18204.92790583 +.00000439 +00000-0 +79750-4 0  9999
2 33817 074.0709 294.2918 0058510 002.0986 358.0418 14.68375440503234
1 33818U 93036BK  18204.75995667 +.00000245 +00000-0 +53592-4 0  9992
2 33818 074.1026 347.3996 0074815 359.1207 065.9309 14.61581695501833
1 33819U 93036BL  18204.90469191 +.00000281 +00000-0 +12670-3 0  9999
2 33819 074.1829 003.8071 0097868 256.0052 258.0918 14.24067999490180
1 33821U 93036BN  18204.80528014 +.00000287 +00000-0 +36848-4 0  9991
2 33821 074.0534 136.5396 0128053 179.4930 212.0046 14.80958182348160
1 33822U 93036BP  18204.45123810 +.00000442 +00000-0 +26926-3 0  9996
2 33822 074.0779 208.1721 0181545 190.1728 283.6624 14.01009027481645
1 33823U 93036BQ  18204.89133138 +.00000216 +00000-0 +15015-3 0  9995
2 33823 073.8127 168.0955 0220527 037.3885 344.8583 13.93378962479810
1 33824U 93036BR  18204.78302029 +.00000582 +00000-0 +10804-3 0  9998
2 33824 074.0231 325.4479 0090426 020.7746 129.2354 14.65119351501503
1 33825U 93036BS  18204.78635218 +.00000510 +00000-0 +13688-3 0  9992
2 33825 073.9947 088.0471 0119187 339.9019 057.1534 14.46794572497049
1 33826U 93036BT  18204.73999096 +.00000238 +00000-0 +97129-4 0  9995
2 33826 074.0660 303.4023 0121859 308.2253 205.8383 14.28755492490730
1 33828U 93036BV  18204.92139431 +.00000190 +00000-0 +71838-4 0  9993
2 33828 074.0485 175.4908 0033159 201.8621 189.1617 14.37540980494842
1 33832U 93036BZ  18204.38286517 +.00000470 +00000-0 +15750-3 0  9997
2 33832 074.0602 187.7054 0037920 185.3192 325.4786 14.39584430494612
1 33834U 93036CB  18204.54319708 +.00000545 +00000-0 +93528-4 0  9999
2 33834 074.0741 279.3766 0064865 333.3002 088.4616 14.70005753503541
1 33835U 93036CC  18204.74553649 +.00000299 +00000-0 +89582-4 0  9997
2 33835 074.0638 117.1016 0076935 142.7257 248.1646 14.45411156496852
1 33836U 93036CD  18204.94687590 +.00000393 +00000-0 +98551-4 0  9994
2 33836 074.0067 018.5678 0036274 169.3654 343.7560 14.54400836247039
1 33837U 93036CE  18204.79203859 +.00000116 +00000-0 +40054-4 0  9998
2 33837 074.0136 067.9352 0037393 223.6433 136.1767 14.45968669497523
1 33838U 93036CF  18204.90234189 +.00000151 +00000-0 +54034-4 0  9994
2 33838 074.0398 124.5347 0030499 194.1124 209.3834 14.41890236496254
1 33839U 93036CG  18204.73187512 +.00000002 +00000-0 +69159-5 0  9993
2 33839 074.0439 314.0889 0092927 034.7111 119.5076 14.58272341501950
1 33841U 93036CJ  18204.94304622 +.00000107 +00000-0 +47006-4 0  9994
2 33841 074.0373 188.3883 0022582 214.4908 175.4388 14.34750176493865
1 33842U 93036CK  18204.36296865 +.00000118 +00000-0 +47047-4 0  9997
2 33842 074.0351 160.9927 0051358 210.8710 268.6470 14.37879894495042
1 33844U 93036CM  18204.57299949 +.00000146 +00000-0 +67501-4 0  9996
2 33844 074.0683 270.0848 0053875 248.5232 180.3180 14.28561409491448
1 33845U 93036CN  18204.94381325 +.00004859 +00000-0 +66795-3 0  9996
2 33845 074.0450 047.5005 0040707 044.3047 316.1374 14.78030545498885
1 33848U 93036CR  18204.84334668 +.00000332 +00000-0 +13473-3 0  9993
2 33848 074.0358 257.3789 0056280 253.1153 228.5171 14.30617292491428
1 33849U 97051S   18204.73297660 +.00002889 +00000-0 +76094-3 0  9990
2 33849 086.1028 026.2275 0067505 176.0183 184.1572 14.47368630491540
1 33853U 97051W   18204.61859525 +.00000279 +00000-0 +16532-3 0  9998
2 33853 086.0027 079.7745 0241352 148.7866 242.6566 13.90242163477890
1 33854U 97051X   18204.94555954 +.00001229 +00000-0 +22416-3 0  9998
2 33854 086.2288 011.7210 0007312 206.5717 306.3853 14.65195854499875
1 33855U 97051Y   18204.80290853 +.00003277 +00000-0 +67183-3 0  9993
2 33855 086.3233 147.5630 0021798 010.7283 349.4387 14.60312293315407
1 33858U 97051AB  18204.86859014 +.00006940 +00000-0 +59630-3 0  9990
2 33858 086.1313 312.9266 0011058 323.3961 181.7928 14.97248803502887
1 33859U 97051AC  18204.88577870 -.00000970 +00000-0 -30738-3 0  9997
2 33859 086.3437 103.6244 0051221 026.8980 333.4857 14.40447341493444
1 33860U 97051AD  18204.91692428 +.00000441 +00000-0 +12181-3 0  9993
2 33860 086.3938 105.7563 0015789 358.5794 133.7100 14.44552657496217
1 33864U 97051AH  18204.66118907 +.00000602 +00000-0 +15044-3 0  9994
2 33864 086.2764 056.7181 0005968 092.1263 304.1050 14.49925879496682
1 33865U 97051AJ  18204.87341358 +.00002101 +00000-0 +38693-3 0  9997
2 33865 086.3463 074.8923 0037146 203.8452 284.5766 14.64668238498260
1 33866U 97051AK  18204.89468670 +.00000390 +00000-0 +18142-3 0  9992
2 33866 086.3021 138.0798 0129243 068.4621 328.3836 14.13531180485975
1 33869U 97051AN  18204.87206389 +.00001424 +00000-0 +42924-3 0  9994
2 33869 086.3661 129.9884 0067939 125.3662 235.3912 14.40519536491378
1 33870U 97051AP  18204.84027406 +.00000304 +00000-0 +99482-4 0  9992
2 33870 086.3814 118.6444 0025977 041.3756 354.7255 14.35082964493556
1 33876U 97051AV  18204.57449729 +.00001846 +00000-0 +22639-3 0  9995
2 33876 086.2027 359.2028 0010986 101.6513 332.4829 14.82511204500592
1 33878U 97051AX  18204.90661686 +.00003206 +00000-0 +92968-3 0  9996
2 33878 086.3072 115.2758 0102824 154.5577 206.0737 14.41053948490688
1 33879U 97051AY  18204.81030651 +.00001303 +00000-0 +20211-3 0  9997
2 33879 086.3606 065.8834 0028883 107.1061 253.3323 14.72044682500251
1 33881U 97051BA  18204.86979334 +.00000949 +00000-0 +38281-3 0  9996
2 33881 086.3948 154.4297 0088270 302.7623 081.3208 14.24923598488653
1 33884U 97051BD  18204.86494410 +.00000546 +00000-0 +14614-3 0  9993
2 33884 086.3822 099.2110 0015635 077.1399 041.4288 14.46403406496586
1 33887U 97051BG  18204.96063953 +.00000085 +00000-0 +22954-4 0  9996
2 33887 086.3033 082.5425 0008609 062.3080 000.2243 14.34976779494467
1 33888U 97051BH  18204.89516633 +.00000852 +00000-0 +25677-3 0  9993
2 33888 086.3268 101.6443 0049581 052.6136 307.9562 14.40686255492833
1 33889U 93036CS  18204.85342517 +.00005519 +00000-0 +35650-3 0  9994
2 33889 074.1034 167.2727 0033369 129.8071 230.6067 15.08020580507405
1 33890U 93036CT  18204.83722967 +.00000699 +00000-0 +16580-3 0  9990
2 33890 074.0183 033.3484 0048337 111.6250 249.0072 14.55192840498570
1 33892U 93036CV  18204.72021633 +.00000130 +00000-0 +72450-4 0  9991
2 33892 073.8071 304.6536 0123728 092.6720 056.6715 14.16382397487046
1 33893U 93036CW  18204.90837670 +.00001737 +00000-0 +30165-3 0  9998
2 33893 074.0251 130.3375 0161834 156.9297 249.3366 14.60755482495509
1 33894U 93036CX  18204.68276643 +.00000633 +00000-0 +70701-3 0  9995
2 33894 073.7684 168.5239 0597734 108.4529 258.2464 13.14315455451937
1 33896U 93036CZ  18204.79377513 +.00000440 +00000-0 +23378-3 0  9991
2 33896 073.7728 334.5915 0138302 238.0871 274.0444 14.11946441485941
1 33899U 93036DC  18204.74378545 +.00000326 +00000-0 +95625-4 0  9993
2 33899 074.0582 106.3232 0077031 137.5542 254.1283 14.46141391497315
1 33900U 93036DD  18204.65931466 +.00000212 +00000-0 +61711-4 0  9996
2 33900 074.0211 046.6840 0055568 140.8811 256.9208 14.49393200498718
1 33901U 93036DE  18204.72265380 +.00000732 +00000-0 +15623-3 0  9997
2 33901 073.7913 300.5210 0117553 207.8999 151.5831 14.56774804499300
1 33905U 93036DJ  18204.49021444 +.00000267 +00000-0 +11725-3 0  9998
2 33905 073.8873 224.1647 0066295 296.9332 181.0688 14.27326435491177
1 33906U 93036DK  18204.89160883 +.00000599 +00000-0 +22596-3 0  9990
2 33906 074.0385 255.9832 0055580 235.0218 178.5721 14.32656099492021
1 33907U 93036DL  18204.77860556 +.00001066 +00000-0 +55457-3 0  9994
2 33907 074.0565 134.6896 0156507 131.8514 257.5405 14.09681083484043
1 33908U 93036DM  18204.48407734 +.00000484 +00000-0 +30038-3 0  9999
2 33908 073.8444 224.2669 0265123 013.3969 347.4018 13.91706333478176
1 33909U 93036DN  18204.83963535 +.00007498 +00000-0 +79204-3 0  9995
2 33909 074.0555 105.8507 0030728 033.5582 326.7537 14.89051143497384
1 33911U 93036DQ  18204.86675017 +.00000651 +00000-0 +19904-3 0  9991
2 33911 074.1028 173.0815 0023384 133.1487 252.5154 14.43593452495173
1 33912U 93036DR  18204.89096583 +.00000184 +00000-0 +66911-4 0  9992
2 33912 074.0395 159.5142 0015395 184.9193 208.8314 14.39908892495224
1 33913U 93036DS  18204.67680874 +.00000199 +00000-0 +70388-4 0  9990
2 33913 074.0368 148.7480 0055429 196.3122 232.8584 14.39969723495474
1 33915U 93036DU  18204.54627409 +.00000248 +00000-0 +10167-3 0  9996
2 33915 074.0450 262.8331 0118237 293.0338 134.4063 14.28690510491649
1 33917U 93036DW  18204.41791914 +.00000525 +00000-0 +45682-3 0  9995
2 33917 074.1023 197.1700 0352622 207.8142 150.3725 13.63303706469005
1 33918U 93036DX  18204.42111354 +.00000758 +00000-0 +11964-3 0  9995
2 33918 074.0616 309.1473 0057646 331.3043 097.3954 14.73269777502346
1 33919U 93036DY  18204.93455837 +.00000880 +00000-0 +20745-3 0  9992
2 33919 074.0515 065.8704 0033234 102.6890 257.7991 14.55479905498167
1 33920U 93036DZ  18204.11823682 +.00000391 +00000-0 +14377-3 0  9992
2 33920 074.0692 241.6154 0055331 220.3345 139.3699 14.35035868492835
1 33921U 93036EA  18204.70495323 +.00003592 +00000-0 +45141-3 0  9994
2 33921 073.9850 305.6918 0007247 025.6046 334.5488 14.82489047501656
1 33922U 93036EB  18204.90155271 +.00000198 +00000-0 +67543-4 0  9992
2 33922 074.0510 124.9590 0026386 190.2628 282.4686 14.42504231496147
1 33928U 93036EH  18204.74993292 +.00000101 +00000-0 +38060-4 0  9999
2 33928 073.9262 066.1722 0065741 228.8544 130.6928 14.42829395496865
1 33929U 93036EJ  18204.76293759 +.00001169 +00000-0 +24358-3 0  9992
2 33929 074.0314 057.7846 0002653 296.1663 192.7097 14.61163694498572
1 33930U 93036EK  18204.86610521 +.00001272 +00000-0 +36774-3 0  9995
2 33930 074.0298 162.2599 0027760 123.2797 266.5258 14.45339609495069
1 33931U 93036EL  18204.85830779 +.00000846 +00000-0 +14656-3 0  9995
2 33931 074.0252 087.8051 0234683 130.4158 231.7743 14.53472289497099
1 33932U 93036EM  18204.71786529 +.00000202 +00000-0 +83015-4 0  9996
2 33932 074.0343 217.7692 0042067 233.7509 125.9752 14.32748575493008
1 33933U 93036EN  18204.87972332 +.00000161 +00000-0 +71583-4 0  9994
2 33933 074.0905 272.9151 0078325 253.2082 106.0465 14.29007276492041
1 33935U 93036EQ  18204.51460391 +.00000595 +00000-0 +12530-3 0  9991
2 33935 074.0088 354.4703 0044768 082.4890 278.1359 14.61192006500031
1 33936U 93036ER  18204.65299183 +.00000262 +00000-0 +78257-4 0  9996
2 33936 074.0222 075.5889 0035261 170.2097 189.9757 14.47476793497523
1 33938U 93036ET  18204.31814144 +.00000225 +00000-0 +80838-4 0  9998
2 33938 074.0485 160.7212 0019445 197.6099 312.9791 14.39197616495129
1 33939U 93036EU  18204.26123221 +.00000776 +00000-0 +23186-3 0  9995
2 33939 074.0263 149.8750 0022280 163.1995 316.6407 14.44473927495081
1 33940U 93036EV  18204.81938640 +.00000279 +00000-0 +91610-4 0  9993
2 33940 074.0468 141.2724 0017833 172.6593 209.4433 14.42720981495872
1 33941U 93036EW  18204.89612409 +.00011181 +00000-0 +39494-3 0  9999
2 33941 073.9734 012.1934 0028113 094.6485 265.7928 15.28884550511064
1 33944U 93036EZ  18204.88157484 +.00000132 +00000-0 +53936-4 0  9990
2 33944 074.0398 208.8541 0122231 249.1012 181.6511 14.33071439493367
1 33945U 93036FA  18204.51826690 +.00000052 +00000-0 +28428-4 0  9992
2 33945 074.0283 201.5653 0024323 223.8798 136.0422 14.32806129493432
1 33948U 93036FD  18204.42388531 +.00000081 +00000-0 +38749-4 0  9991
2 33948 074.0345 203.0097 0025209 220.2479 139.6807 14.33147034493355
1 33950U 97051BK  18204.86436333 +.00001958 +00000-0 +39514-3 0  9991
2 33950 086.3830 093.3468 0015108 153.6868 206.5113 14.60915452497527
1 33952U 97051BM  18203.63838451 +.00001148 +00000-0 +25645-3 0  9995
2 33952 086.3520 081.7545 0012011 257.2135 102.7730 14.55933014497351
1 33953U 97051BN  18204.24220038 +.00000372 +00000-0 +11473-3 0  9992
2 33953 086.3949 119.1799 0024559 023.1892 129.1853 14.38569786493834
1 33954U 97051BP  18204.91267389 +.00001336 +00000-0 +28610-3 0  9999
2 33954 086.3798 102.0214 0015561 139.6759 347.7170 14.57943372496413
1 33955U 97051BQ  18204.87612879 +.00003391 +00000-0 +59887-3 0  9996
2 33955 086.3574 096.6472 0035444 234.1382 125.6538 14.66768992496330
1 33956U 97051BR  18204.90472875 +.00005229 +00000-0 +78726-3 0  9996
2 33956 086.4110 106.2402 0042887 005.7058 123.8967 14.73634517248457
1 33959U 97051BU  18204.74740716 +.00000470 +00000-0 +16003-3 0  9996
2 33959 086.3668 131.8254 0060975 177.7573 182.3908 14.33361935490165
1 33960U 97051BV  18204.89210972 +.00000824 +00000-0 +22232-3 0  9994
2 33960 086.2726 056.0851 0006064 192.4527 229.9588 14.46729240496354
1 33961U 97051BW  18204.87459546 +.00001984 +00000-0 +36908-3 0  9998
2 33961 086.2711 045.3915 0018600 204.1403 155.8939 14.64533211498141
1 33962U 97051BX  18204.92539788 +.00002013 +00000-0 +39831-3 0  9994
2 33962 086.3529 078.1924 0016237 231.5288 128.4468 14.61816598498112
1 33965U 97051CA  18204.84306444 +.00001561 +00000-0 +39014-3 0  9999
2 33965 086.3700 094.2239 0006396 253.1925 106.8579 14.50944596496509
1 33966U 97051CB  18204.73035427 +.00000318 +00000-0 +93341-4 0  9991
2 33966 086.3969 110.5885 0009528 124.6637 264.1979 14.40604156495222
1 33971U 93036FE  18204.92100808 +.00000115 +00000-0 +48691-4 0  9996
2 33971 074.0257 177.2732 0020724 215.4309 175.2677 14.35686963493796
1 33972U 93036FF  18203.53247760  .00000612  00000-0  26995-3 0  9996
2 33972  73.9987  20.8641 0156183  85.5987 334.7877 14.19015218486702
1 33973U 93036FG  18204.69530843 +.00000035 +00000-0 +18255-4 0  9992
2 33973 074.0087 088.4436 0048174 194.4452 196.4640 14.43079007496597
1 33975U 93036FJ  18204.21165035 +.00000102 +00000-0 +78185-4 0  9992
2 33975 073.8034 127.9498 0197234 359.5762 000.5169 13.96717720481105
1 33980U 93036FP  18204.77478117 +.00000186 +00000-0 +58789-4 0  9997
2 33980 074.0265 086.5813 0036253 171.5559 226.3785 14.46455241496909
1 33981U 93036FQ  18204.67296414 +.00000967 +00000-0 +11635-3 0  9990
2 33981 073.8342 085.6302 0072618 356.9286 003.1434 14.83752943506912
1 33982U 93036FR  18204.93516383 +.00000156 +00000-0 +44409-4 0  9996
2 33982 074.0734 045.2578 0088043 075.1248 352.3837 14.51208441499499
1 33983U 93036FS  18204.48326566 +.00000126 +00000-0 +45760-4 0  9997
2 33983 074.0538 127.5710 0024917 188.7214 292.5879 14.42652386496486
1 33984U 93036FT  18204.79634188 +.00000340 +00000-0 +94647-4 0  9990
2 33984 074.0150 053.5485 0030933 186.3784 302.4176 14.49896952498440
1 33986U 93036FV  18204.83518315 +.00000303 +00000-0 +11720-3 0  9999
2 33986 074.0390 218.2081 0049979 235.0593 188.5608 14.33699972492825
1 33989U 93036FY  18204.43223151 +.00000615 +00000-0 +12266-3 0  9991
2 33989 074.0233 329.0219 0039581 090.0212 270.5491 14.63715537501320
1 33992U 93036GB  18204.93804578 +.00000252 +00000-0 +69037-4 0  9994
2 33992 074.0279 046.4151 0070577 115.7277 312.7191 14.50919335498841
1 33993U 93036GC  18204.85049512 +.00000971 +00000-0 +19560-3 0  9998
2 33993 074.0211 007.1612 0031320 085.9876 274.4870 14.62651700499942
1 33994U 93036GD  18204.92182966 -.00000006 +00000-0 +64970-5 0  9995
2 33994 074.0444 135.0468 0024420 221.1319 182.8893 14.39619846495717
1 33995U 93036GE  18204.66945533 +.00000153 +00000-0 +74476-4 0  9997
2 33995 074.0676 318.5592 0071438 283.8092 075.5112 14.24985839490039
1 33996U 93036GF  18204.84671054 +.00002379 +00000-0 +53470-3 0  9994
2 33996 074.1056 211.4457 0064765 114.4735 246.3202 14.55747496494011
1 33999U 93036GJ  18204.87068255 +.00000447 +00000-0 +11161-3 0  9998
2 33999 073.9381 009.9922 0074499 153.1202 207.3851 14.53001307498757
1 34000U 93036GK  18204.75813914 +.00000873 +00000-0 +20156-3 0  9996
2 34000 074.0427 063.4958 0026012 104.1123 015.4253 14.56575065498556
1 34001U 93036GL  18204.96267779 +.00000063 +00000-0 +31510-4 0  9990
2 34001 074.0382 188.7749 0021871 215.8569 175.1799 14.34549629494286
1 34003U 93036GN  18204.85063463 +.00000968 +00000-0 +74299-3 0  9998
2 34003 074.0804 095.4619 0305927 113.4031 249.9575 13.74517207472694
1 34004U 93036GP  18204.93371817 +.00000366 +00000-0 +14116-3 0  9997
2 34004 074.0387 236.7128 0041901 197.7755 231.4299 14.33223814492586
1 34005U 93036GQ  18204.87264609 +.00000017 +00000-0 +14334-4 0  9997
2 34005 074.0462 148.9022 0021783 219.9200 166.4779 14.38453548495594
1 34006U 93036GR  18204.91311727 +.00000778 +00000-0 +24081-3 0  9990
2 34006 074.0701 181.3387 0026268 145.0481 244.4028 14.42681611494872
1 34007U 93036GS  18204.74449066 +.00000269 +00000-0 +74568-4 0  9991
2 34007 074.0237 050.6721 0059290 131.4971 229.1300 14.50325811498571
1 34008U 93036GT  18204.73223472 +.00000050 +00000-0 +28585-4 0  9998
2 34008 074.0323 213.9794 0023346 147.2887 330.4278 14.31609546493299
1 34009U 93036GU  18204.79796042 +.00000050 +00000-0 +28746-4 0  9992
2 34009 074.0356 218.2888 0029384 226.4519 183.5545 14.31388561493158
1 34010U 93036GV  18204.82257428 +.00000615 +00000-0 +15750-3 0  9995
2 34010 074.0240 064.7248 0028763 140.5926 351.5545 14.52315269498132
1 34011U 93036GW  18204.90697720 +.00000360 +00000-0 +14358-3 0  9998
2 34011 074.0185 234.6879 0046955 243.8322 115.7995 14.31485111492289
1 34012U 93036GX  18204.69366235 +.00002845 +00000-0 +62804-3 0  9998
2 34012 074.0269 178.4301 0051775 154.1073 206.2700 14.56975097494478
1 34013U 93036GY  18204.82958071 +.00001801 +00000-0 +29134-3 0  9999
2 34013 074.0213 350.7627 0034611 036.4196 323.9320 14.71715737500587
1 34014U 93036GZ  18204.93738536 +.00000330 +00000-0 +84202-4 0  9998
2 34014 074.0243 020.6260 0052358 113.2963 037.2329 14.53761032499648
1 34015U 93036HA  18204.88420622 +.00000716 +00000-0 +22644-3 0  9996
2 34015 074.0317 159.8702 0032245 195.6384 185.6496 14.41685361495119
1 34017U 93036HC  18204.86720756 +.00006902 +00000-0 +66509-3 0  9998
2 34017 074.0045 011.3380 0018355 354.9810 005.1186 14.92983551499689
1 34018U 93036HD  18204.74938868 +.00000047 +00000-0 +52358-4 0  9993
2 34018 073.8802 330.5266 0272017 141.4842 291.1055 13.78202247474514
1 34019U 93036HE  18204.33346405 +.00000201 +00000-0 +94854-4 0  9998
2 34019 073.9593 280.0439 0070078 331.6279 095.4207 14.24826662490083
1 34020U 93036HF  18204.54297454 +.00001193 +00000-0 +20336-3 0  9996
2 34020 074.0384 326.4996 0037136 028.5917 331.7280 14.69756468501509
1 34021U 93036HG  18204.74402465 +.00000142 +00000-0 +50264-4 0  9996
2 34021 074.0417 114.6772 0023222 206.8160 187.1465 14.43079694496500
1 34022U 93036HH  18204.37981944 +.00000101 +00000-0 +43699-4 0  9999
2 34022 074.0537 185.4556 0024311 208.5677 302.1131 14.35765203494317
1 34023U 93036HJ  18204.91021775 +.00000133 +00000-0 +54823-4 0  9993
2 34023 074.0270 177.6975 0020801 212.0689 179.7553 14.35864866494459
1 34024U 93036HK  18204.85128750 +.00000072 +00000-0 +35649-4 0  9995
2 34024 074.0452 208.0908 0022859 209.0423 219.3558 14.32933370493486
1 34026U 93036HM  18204.45393698 +.00000254 +00000-0 +23988-3 0  9992
2 34026 073.7676 116.3349 0362819 035.6643 079.5797 13.59827484467963
1 34028U 93036HP  18204.88406084 +.00000093 +00000-0 +12838-3 0  9998
2 34028 073.8834 155.1404 0552306 023.2463 006.4603 13.18532758454187
1 34029U 93036HQ  18204.85944988 +.00001177 +00000-0 +11506-3 0  9991
2 34029 073.9464 086.2656 0079161 221.7716 137.7407 14.91446294508170
1 34030U 93036HR  18204.93152490 +.00002514 +00000-0 +74444-4 0  9998
2 34030 073.9530 142.8237 0090289 240.7287 157.3537 15.31608674517830
1 34031U 93036HS  18204.26391660 +.00000374 +00000-0 +12101-3 0  9992
2 34031 074.0193 141.0254 0032486 192.6214 290.6796 14.42106543495526
1 34032U 93036HT  18204.86386997 +.00000874 +00000-0 +25228-3 0  9995
2 34032 074.0335 167.2148 0053995 182.7635 204.5624 14.45273286494729
1 34033U 93036HU  18204.93868677 +.00001128 +00000-0 +34411-3 0  9991
2 34033 074.0067 191.4685 0061671 129.1888 259.7619 14.41984921493593
1 34035U 93036HW  18204.91060795 +.00000396 +00000-0 +15304-3 0  9992
2 34035 074.0721 263.2967 0060674 236.0464 179.8894 14.32412737491948
1 34036U 93036HX  18204.71287584 +.00000708 +00000-0 +22360-3 0  9995
2 34036 074.0449 187.6883 0048053 192.1186 167.8819 14.41395119494145
1 34037U 93036HY  18204.87437486 +.00000188 +00000-0 +84258-4 0  9998
2 34037 074.0533 271.4411 0061227 265.7080 093.7071 14.28162889491412
1 34038U 93036HZ  18204.89753832 +.00001152 +00000-0 +29112-3 0  9996
2 34038 074.0643 132.9632 0032060 114.6928 245.7578 14.51833308496083
1 34040U 93036JB  18204.90157101 +.00000466 +00000-0 +41731-3 0  9996
2 34040 073.9590 168.5231 0359747 296.1223 079.2669 13.61484690468146
1 34042U 93036JD  18204.71797975 +.00003805 +00000-0 +18437-3 0  9993
2 34042 073.8877 276.9595 0052628 132.8842 227.6791 15.17725220512351
1 34046U 93036JH  18204.63033418 +.00000552 +00000-0 +21141-3 0  9995
2 34046 074.0422 269.9131 0103099 293.0564 218.9142 14.30051755491530
1 34050U 93036JM  18204.69278300 +.00000135 +00000-0 +10328-3 0  9999
2 34050 074.0925 290.3030 0229590 283.5775 237.4821 13.90836152478860
1 34051U 93036JN  18204.86059753 +.00000853 +00000-0 +13608-3 0  9999
2 34051 073.9868 241.5781 0055423 014.2055 346.0659 14.72635891503603
1 34053U 93036JQ  18204.58106678 -.00000009 +00000-0 +96335-5 0  9993
2 34053 073.8448 257.1962 0428689 134.8070 228.8742 13.46321416463358
1 34054U 93036JR  18204.71280837 +.00000666 +00000-0 +15578-3 0  9995
2 34054 074.0378 044.9963 0032895 104.9537 015.5002 14.56293083498878
1 34055U 93036JS  18204.82294921 +.00000874 +00000-0 +17792-3 0  9998
2 34055 074.1116 069.2361 0088268 035.7024 089.2318 14.60166517498985
1 34056U 93036JT  18204.79903353 +.00001141 +00000-0 +62494-3 0  9998
2 34056 074.0672 144.9958 0150920 125.1552 262.9741 14.07312684483477
1 34057U 93036JU  18204.85827189 +.00001106 +00000-0 +26684-3 0  9990
2 34057 074.0202 076.9333 0030895 126.7638 004.6802 14.54134577497657
1 34059U 93036JW  18204.88563897 +.00000335 +00000-0 +11376-3 0  9993
2 34059 074.0438 158.6723 0023433 185.4462 192.7088 14.40216652495189
1 34061U 93036JY  18204.96042212 +.00000132 +00000-0 +54778-4 0  9997
2 34061 074.0401 183.8313 0022725 209.2071 181.4705 14.35700034494165
1 34062U 93036JZ  18204.72037604 +.00000540 +00000-0 +15282-3 0  9990
2 34062 074.0412 168.2683 0141978 202.2187 216.2650 14.42354924494727
1 34064U 93036KB  18204.95614389 +.00000193 +00000-0 +76475-4 0  9994
2 34064 074.0333 194.5034 0025628 205.1377 185.3906 14.35205220493746
1 34065U 93036KC  18204.89699108 +.00000056 +00000-0 +28311-4 0  9994
2 34065 074.0357 175.2255 0017915 218.4605 170.3739 14.35705227494555
1 34066U 93036KD  18204.91272881 +.00000503 +00000-0 +10930-3 0  9997
2 34066 073.9970 250.5565 0262032 327.8114 085.6477 14.41853862490692
1 34069U 93036KG  18204.68611772 +.00000880 +00000-0 +15563-3 0  9995
2 34069 074.0161 308.3472 0039790 043.5915 316.8386 14.68478722501735
1 34070U 93036KH  18204.86898157 +.00000497 +00000-0 +15624-3 0  9993
2 34070 074.0126 152.4191 0040986 193.8793 198.2221 14.42589640495079
1 34076U 97051CK  18204.95273883 +.00002858 +00000-0 +33944-3 0  9991
2 34076 086.3328 033.6000 0036948 060.3937 101.9476 14.83595410502579
1 34077U 97051CL  18204.75544419 +.00000358 +00000-0 +10870-3 0  9992
2 34077 086.3963 120.7951 0019542 348.7230 040.2620 14.39408864493479
1 34079U 97051CN  18204.91619933 +.00000290 +00000-0 +71648-4 0  9992
2 34079 086.3905 099.8332 0013120 068.4108 059.0512 14.48578991497103
1 34081U 97051CQ  18204.91982400 +.00007763 +00000-0 +46084-3 0  9994
2 34081 086.3102 008.9330 0018365 009.8408 141.5277 15.11029581505159
1 34082U 97051CR  18204.80996015 +.00002474 +00000-0 +60685-3 0  9997
2 34082 086.3670 150.9635 0132410 295.4049 063.3496 14.46847119489065
1 34086U 97051CV  18204.50264726 +.00000938 +00000-0 +27471-3 0  9994
2 34086 086.3869 120.4970 0026242 012.8466 040.1492 14.42768566493723
1 34090U 97051CZ  18204.44808639 +.00003029 +00000-0 +33561-3 0  9990
2 34090 086.4153 070.8662 0019943 099.9082 260.4395 14.86825403502385
1 34091U 97051DA  18204.76823449 +.00000725 +00000-0 +26671-3 0  9996
2 34091 086.3722 136.3905 0057900 202.2579 186.0856 14.30419790490164
1 34093U 97051DC  18204.91881646 +.00004920 +00000-0 +36994-3 0  9998
2 34093 086.2914 000.3987 0013909 268.8024 245.0500 15.02269194505522
1 34095U 97051DE  18204.78146282 +.00002427 +00000-0 +53313-3 0  9999
2 34095 086.3832 106.0927 0050316 286.7057 072.8632 14.56395199495365
1 34097U 97051DG  18204.94177746 +.00001471 +00000-0 +65566-3 0  9999
2 34097 086.2047 088.8921 0099919 354.6984 005.3135 14.19567861487277
1 34098U 97051DH  18204.80756858 +.00002505 +00000-0 +35470-3 0  9992
2 34098 086.1347 328.8363 0022188 123.6883 027.8650 14.76497125500481
1 34099U 97051DJ  18204.96753737 +.00001892 +00000-0 +39383-3 0  9998
2 34099 086.3651 088.7698 0011735 170.2778 250.2606 14.59515649497180
1 34101U 97051DL  18204.80770136 +.00002119 +00000-0 +67514-3 0  9997
2 34101 086.3782 153.4110 0109160 289.2859 069.6557 14.36048254488308
1 34102U 97051DM  18204.87145868 +.00001317 +00000-0 +51510-3 0  9991
2 34102 086.3790 166.4236 0121847 022.4039 006.9724 14.24869003486627
1 34103U 97051DN  18204.88922502 +.00001670 +00000-0 +38109-3 0  9992
2 34103 086.3478 087.8257 0031722 123.6959 359.3056 14.54920429496286
1 34104U 97051DP  18204.66639685 +.00001990 +00000-0 +33286-3 0  9992
2 34104 086.3422 059.3287 0023145 287.8884 107.8223 14.69202027500082
1 34105U 97051DQ  18204.85139292 +.00005843 +00000-0 +55872-3 0  9999
2 34105 086.3457 055.7269 0006787 282.9980 077.0490 14.93055093501235
1 34106U 97051DR  18204.87051557 +.00001128 +00000-0 +27943-3 0  9999
2 34106 086.3618 086.9144 0019667 056.7739 070.3361 14.50997317497035
1 34107U 97051DS  18204.88442590 +.00000743 +00000-0 +17403-3 0  9994
2 34107 086.3851 094.1135 0014639 030.9477 095.9360 14.53232932497190
1 34114U 93036KK  18204.71769294 +.00000587 +00000-0 +23479-3 0  9992
2 34114 074.0695 306.7038 0073439 268.1129 243.1563 14.29181449490705
1 34115U 93036KL  18204.86853779 +.00000276 +00000-0 +69329-4 0  9991
2 34115 074.0180 005.9740 0044290 138.3209 222.1343 14.55545318500188
1 34116U 93036KM  18204.86263705 +.00000264 +00000-0 +91196-4 0  9990
2 34116 074.0462 156.2757 0016255 184.0386 206.8300 14.40530315495409
1 34117U 93036KN  18204.84464243 +.00000267 +00000-0 +10798-3 0  9990
2 34117 074.0410 238.8602 0066756 256.8886 102.4808 14.31493802494719
1 34118U 93036KP  18204.90435250 +.00000626 +00000-0 +14375-3 0  9998
2 34118 073.9684 033.9383 0124348 135.8725 293.2336 14.53086459497540
1 34119U 93036KQ  18204.65166201 +.00001260 +00000-0 +34366-3 0  9995
2 34119 074.0452 161.2445 0032043 136.8142 279.5402 14.48115237494251
1 34120U 93036KR  18204.44158701 +.00000150 +00000-0 +10970-3 0  9992
2 34120 073.9919 197.9530 0188766 253.6859 225.4758 13.96194672482889
1 34122U 93036KT  18204.80808095 +.00000451 +00000-0 +13029-3 0  9994
2 34122 074.0449 136.2476 0114163 351.1440 039.0687 14.43832472496050
1 34123U 93036KU  18204.90513920 +.00000993 +00000-0 +25181-3 0  9999
2 34123 074.0280 109.8237 0017286 109.5439 010.7867 14.52098430496803
1 34124U 93036KV  18204.09756069 +.00001312 +00000-0 +30146-3 0  9996
2 34124 074.0268 087.9426 0021371 103.0972 257.2579 14.56358195497324
1 34126U 93036KX  18204.60341045 +.00000344 +00000-0 +62720-4 0  9997
2 34126 074.0039 263.5358 0059411 041.4117 113.7578 14.69071039502998
1 34127U 93036KY  18204.26337917 +.00000287 +00000-0 +15080-3 0  9995
2 34127 074.1919 134.2636 0139197 357.4063 160.4902 14.13448584485037
1 34128U 93036KZ  18204.95788278 +.00000833 +00000-0 +20800-3 0  9995
2 34128 074.0149 061.8927 0073740 127.0644 298.7608 14.51577497497575
1 34129U 93036LA  18204.70863153 +.00000417 +00000-0 +10930-3 0  9996
2 34129 074.0468 063.9737 0049881 114.7249 245.9116 14.51690783498130
1 34130U 93036LB  18204.87822517 +.00000963 +00000-0 +19471-3 0  9990
2 34130 074.0320 006.1655 0026057 086.7160 273.6987 14.62569758499557
1 34131U 93036LC  18204.89080792 +.00001294 +00000-0 +27117-3 0  9998
2 34131 074.1203 094.9213 0006630 017.4143 109.6393 14.60757616498223
1 34136U 93036LH  18204.79019767 +.00000255 +00000-0 +48037-4 0  9997
2 34136 074.0217 238.7263 0110359 325.1431 156.0679 14.66533195503587
1 34139U 93036LL  18204.81777852 +.00000593 +00000-0 +20692-3 0  9990
2 34139 074.0361 215.3100 0063541 233.3641 182.0880 14.36335239492546
1 32184U 99025CUE 18199.98772814 +.00000571 +00000-0 +69834-4 0  9994
2 32184 098.2484 266.4010 0264939 062.5581 300.2298 14.65495302584420
1 32185U 99025CUF 18203.55074304 +.00000462 +00000-0 +10180-3 0  9991
2 32185 098.7334 326.5709 0482211 346.8915 012.0078 14.09058000564618
1 32186U 99025CUG 18203.19352119 -.00000054  00000-0 -62436-5 0  9997
2 32186  99.6575 179.5051 0285228 347.8348  66.6280 13.71852168551411
1 32187U 99025CUH 18200.42508437 +.00000034 +00000-0 +88363-4 0  9999
2 32187 099.3245 017.4614 0298262 071.7035 320.4288 13.48790617298013
