1 30833U 99025AVT 18204.25158786 +.00000207 +00000-0 +11809-3 0  9990
2 30833 099.8581 357.8426 0035794 158.8416 201.4247 14.21595310591663
1 30835U 99025AVV 18204.38769508 +.00001332 +00000-0 +80248-4 0  9990
2 30835 098.7490 261.3492 0131734 311.0081 047.9810 15.06185482615762
1 30836U 99025AVW 18204.52956101 +.00000028 +00000-0 +42426-4 0  9991
2 30836 099.0485 229.8289 0026063 290.3554 069.4816 14.08991579239698
1 30837U 99025AVX 18204.57961376 +.00000110 +00000-0 +83908-4 0  9999
2 30837 098.7619 241.8738 0032845 262.9342 250.1545 14.11527720587176
1 30838U 99025AVY 18204.56874287 +.00000386 +00000-0 +19059-3 0  9993
2 30838 099.0516 331.0833 0057015 048.3534 312.2505 14.22555070589225
1 30840U 99025AWA 18204.63263478 +.00000128 +00000-0 +34196-4 0  9992
2 30840 098.3277 264.6920 0266076 025.5450 335.8617 14.45448377340355
1 30841U 99025AWB 18204.19649440 +.00000269 +00000-0 +38082-3 0  9994
2 30841 098.7341 029.2283 0360204 053.2030 310.1589 13.39935147555944
1 30843U 99025AWD 18204.92788315 +.00000002 +00000-0 +14123-4 0  9998
2 30843 098.8371 098.0547 0156932 319.8197 039.1476 14.48269884602308
1 30844U 99025AWE 18204.88371817 +.00002201 +00000-0 +47251-3 0  9999
2 30844 098.7726 353.0576 0045863 127.1349 025.4969 14.59071150597944
1 30845U 99025AWF 18204.57722316 +.00000029 +00000-0 +60737-4 0  9991
2 30845 098.4601 119.4392 0196446 357.0780 122.9891 13.75092914571836
1 30846U 99025AWG 18204.78064765 +.00000231 +00000-0 +10755-3 0  9991
2 30846 099.2702 145.5734 0063078 211.5187 178.5801 14.29496519593085
1 30847U 99025AWH 18204.11074265 +.00000315 +00000-0 +22504-3 0  9993
2 30847 098.7432 071.5993 0080593 021.1101 132.4743 14.02626869581037
1 30848U 99025AWJ 18204.73153958 +.00000462 +00000-0 +23359-3 0  9991
2 30848 098.9009 304.1935 0053683 182.5646 177.5263 14.20322245588919
1 30849U 99025AWK 18203.94004469 +.00000398 +00000-0 +25922-3 0  9992
2 30849 099.1102 186.0103 0057325 013.4046 042.0141 14.07478599583188
1 30850U 99025AWL 18204.55754900 +.00000532 +00000-0 +36159-3 0  9998
2 30850 098.3880 231.0624 0140775 280.0964 233.4862 13.99287078579187
1 30851U 99025AWM 18203.20233300 +.00001120 +00000-0 +38768-3 0  9998
2 30851 098.5235 118.8424 0065229 209.1353 150.6187 14.36439801591749
1 30852U 99025AWN 18204.51514588 +.00000273 +00000-0 +18908-3 0  9996
2 30852 099.0105 235.2957 0057872 258.3282 101.1388 14.06525979584092
1 30856U 99025AWS 18204.48070326 +.00001473 +00000-0 +81844-3 0  9995
2 30856 098.2418 188.5402 0144262 152.5612 334.2938 14.07281914583123
1 30857U 99025AWT 18204.46848784 +.00001001 +00000-0 +60042-3 0  9999
2 30857 098.9236 139.3906 0083288 050.5927 310.2578 14.07533562584931
1 30858U 99025AWU 18204.97395958 +.00000141 +00000-0 +97863-4 0  9992
2 30858 099.0758 215.1345 0030602 205.0652 184.9807 14.14192943588079
1 30859U 99025AWV 18203.83985200 +.00000853 +00000-0 +44426-3 0  9998
2 30859 098.8975 170.1620 0052204 261.0260 098.5003 14.16644086585902
1 30860U 99025AWW 18204.50203482 +.00000546 +00000-0 +31738-3 0  9991
2 30860 099.0822 213.3600 0045282 289.8148 069.8145 14.12495741583541
1 30862U 99025AWY 18203.94882772 +.00000801 +00000-0 +43088-3 0  9990
2 30862 099.0410 205.1119 0077031 332.5971 057.3215 14.14353761583870
1 30863U 99025AWZ 18204.73102824 +.00000042 +00000-0 +13955-3 0  9999
2 30863 099.1875 288.3415 0886402 115.3225 031.4475 12.32744276264216
1 30867U 99025AXD 18204.07200649 +.00000825 +00000-0 +49560-3 0  9994
2 30867 097.8495 038.2409 0060546 313.9042 170.7720 14.08232420584464
1 30868U 99025AXE 18204.67249950 -.00000084 +00000-0 -23961-4 0  9996
2 30868 098.2707 266.1929 0139343 045.1306 107.6851 14.09643905586735
1 30870U 99025AXG 18204.53753453 +.00008065 +00000-0 +47043-3 0  9993
2 30870 098.9611 233.7698 0025811 122.7339 237.6380 15.12027529608542
1 30871U 99025AXH 18204.60682773 +.00006233 +00000-0 +62289-3 0  9992
2 30871 099.1776 255.6678 0064438 145.8041 214.7349 14.90377934602316
1 30872U 99025AXJ 18204.10675473 +.00000325 +00000-0 +15305-3 0  9990
2 30872 099.1992 071.5069 0048391 260.6152 253.4344 14.26674697591840
1 30873U 99025AXK 18204.88031828 +.00000031 +00000-0 +34702-4 0  9993
2 30873 098.7760 234.0476 0112432 125.6748 235.4955 14.17067774590025
1 30874U 99025AXL 18204.42327725 +.00000156 +00000-0 +10178-3 0  9996
2 30874 098.7864 275.5438 0043614 226.6094 192.4991 14.15379943588470
1 30875U 99025AXM 18203.95890031 +.00005369 +00000-0 +10946-2 0  9992
2 30875 099.0767 034.0669 0045701 037.9920 322.4486 14.60792768591237
1 30876U 99025AXN 18204.95723559 +.00000336 +00000-0 +26498-3 0  9993
2 30876 098.9635 255.5168 0069423 183.6853 300.0213 13.97232000580072
1 30877U 99025AXP 18204.34572309 +.00002109 +00000-0 +91799-3 0  9998
2 30877 098.7705 138.5976 0064121 252.1948 233.7344 14.24019183586173
1 30878U 99025AXQ 18203.57417338 +.00000105 +00000-0 +88136-4 0  9999
2 30878 098.9009 238.2412 0042548 352.9535 160.8072 14.07268601583533
1 30879U 99025AXR 18204.32399299 +.00000891 +00000-0 +30296-3 0  9994
2 30879 099.3866 242.8197 0414256 311.5123 045.1175 14.00519996577849
1 30880U 99025AXS 18204.81501462 +.00000470 +00000-0 +27363-3 0  9991
2 30880 099.0126 238.0915 0025070 232.7033 183.2994 14.13403292585384
1 30882U 99025AXU 18204.35594131 +.00000568 +00000-0 +99204-4 0  9999
2 30882 098.2899 266.5782 0242387 233.2358 124.6370 14.54832993602106
1 30883U 99025AXV 18204.21803333 +.00000049 +00000-0 +44677-4 0  9990
2 30883 098.3849 352.4217 0115429 044.4794 076.8022 14.12709259587873
1 30884U 99025AXW 18204.92954945 +.00000396 +00000-0 +12687-3 0  9995
2 30884 098.9423 022.0857 0111164 164.0788 196.3940 14.42015862595826
1 30885U 99025AXX 18204.21818644 +.00000563 +00000-0 +27927-3 0  9992
2 30885 098.9615 294.2664 0084131 094.5232 287.2765 14.19336126586483
1 30886U 99025AXY 18204.78172243 +.00000455 +00000-0 +28228-3 0  9998
2 30886 099.2030 329.1783 0039417 048.1289 312.3233 14.10004180583506
1 30887U 99025AXZ 18204.55226118 +.00000156 +00000-0 +47778-4 0  9995
2 30887 098.7360 244.6150 0308447 027.0489 334.6397 14.31492734594189
1 30888U 99025AYA 18204.88414340 +.00000360 +00000-0 +76766-4 0  9994
2 30888 099.4842 083.8748 0146587 071.9997 289.7112 14.60170805603456
1 30891U 99025AYD 18204.43515257 +.00000020 +00000-0 +42244-4 0  9995
2 30891 099.0379 272.1212 0054890 141.3075 283.9508 14.00970949581455
1 30892U 99025AYE 18204.32012690 +.00000078 +00000-0 +65922-4 0  9998
2 30892 099.7056 238.5192 0041526 127.3169 233.1797 14.15214915589846
1 30893U 99025AYF 18202.01177262  .00000195  00000-0  12937-3 0  9997
2 30893  98.3247 123.9543 0332550  26.2807  31.1231 13.86610514576293
1 30895U 99025AYH 18204.93090227 +.00000087 +00000-0 +43453-4 0  9995
2 30895 098.9288 192.2285 0233054 047.9440 345.3709 14.26309873592847
1 30898U 99025AYL 18204.07060240 +.00000508 +00000-0 +12006-3 0  9992
2 30898 099.0512 160.7729 0134990 134.3192 226.9164 14.53709866268125
1 30899U 99025AYM 18204.10932035 +.00000554 +00000-0 +31765-3 0  9991
2 30899 099.1378 322.1064 0038405 013.5342 109.2429 14.13321387586069
1 30900U 99025AYN 18204.70140993 +.00000710 +00000-0 +40887-3 0  9993
2 30900 099.3492 007.6905 0078695 132.9752 227.8051 14.11088343258813
1 30901U 99025AYP 10123.43623962 +.00007370 +00000-0 +16860-2 0  9990
2 30901 099.0118 195.1604 0144348 002.0732 035.3151 14.49736275168187
1 30902U 99025AYQ 18204.45767627 +.00000323 +00000-0 +19050-3 0  9994
2 30902 100.2345 093.2400 0118441 080.1726 281.2790 14.12759184332708
1 30903U 99025AYR 18204.55964831 -.00000004 +00000-0 +29521-4 0  9994
2 30903 099.3860 335.2676 0096934 204.7327 154.9170 13.96531025581837
1 30904U 99025AYS 10088.74591437 +.00000216 +00000-0 +16776-3 0  9997
2 30904 099.0437 078.4462 0093349 081.8083 282.9943 14.00675834157566
1 30905U 99025AYT 18204.34395127 +.00000466 +00000-0 +30869-3 0  9996
2 30905 099.0719 254.8126 0069866 096.8856 264.0266 14.05306660582685
1 30906U 99025AYU 18204.01604817 +.00000247 +00000-0 +16344-3 0  9999
2 30906 098.9313 134.5251 0084900 285.8500 073.3323 14.08965332259944
1 30907U 99025AYV 18201.40634163  .00000467  00000-0  30926-3 0  9993
2 30907  99.9213 271.4311 0060736 288.2493  71.2069 14.06510769583203
1 30912U 99025AZA 18204.77628913 +.00000524 +00000-0 +13064-3 0  9996
2 30912 098.9655 140.0815 0113687 048.6849 312.4062 14.52544584600504
1 30913U 99025AZB 18204.02851012 -.00000011 +00000-0 +21641-4 0  9996
2 30913 098.9952 264.8023 0049813 136.0118 342.1723 14.00436235581172
1 30914U 99025AZC 18202.37064776 -.00000361  00000-0 -52903-3 0  9999
2 30914  99.9353 249.3075 0544906  26.3415 336.4340 13.00518572538760
1 30915U 99025AZD 18203.45024332 +.00000506 +00000-0 +30272-3 0  9998
2 30915 099.1036 213.2288 0060357 247.9800 111.4951 14.10892996583305
1 30916U 99025AZE 18204.50572494 +.00000222 +00000-0 +17415-3 0  9992
2 30916 099.2525 213.1007 0078645 161.1032 352.0508 14.00876586580158
1 30918U 99025AZG 18204.86685427 +.00000258 +00000-0 +21566-3 0  9995
2 30918 098.3767 177.2555 0173280 049.0741 341.6225 13.88992174575272
1 30919U 99025AZH 18204.16925736 +.00000796 +00000-0 +32747-3 0  9999
2 30919 098.8126 274.5845 0055926 075.1291 338.3176 14.28938169589043
1 30920U 99025AZJ 18204.73472198 +.00000799 +00000-0 +61442-3 0  9990
2 30920 098.8624 030.8493 0153602 343.3845 016.2313 13.90565969574002
1 30921U 99025AZK 18204.08427647 +.00000547 +00000-0 +29999-3 0  9990
2 30921 099.0109 231.9551 0022393 206.6366 213.8589 14.16000702585004
1 30922U 99025AZL 18204.58460500 +.00000148 +00000-0 +10507-3 0  9993
2 30922 098.9072 238.1243 0015411 167.5341 343.5700 14.11876391584331
1 30923U 99025AZM 18199.48452047 +.00001105 +00000-0 +50192-3 0  9991
2 30923 098.9368 203.5575 0035703 095.9136 264.6113 14.23574887584740
1 30924U 99025AZN 18204.09838279 +.00001194 +00000-0 +54295-3 0  9997
2 30924 098.9934 247.8062 0054041 221.1675 192.4998 14.22988193585185
1 30925U 99025AZP 18204.65304817 +.00000528 +00000-0 +27705-3 0  9992
2 30925 098.9153 273.2256 0043248 108.7453 045.4138 14.17976991586583
1 30926U 99025AZQ 18203.01128398 +.00000184 +00000-0 +29440-4 0  9997
2 30926 098.8671 215.4817 0211183 243.7206 114.2165 14.72502974609140
1 30927U 99025AZR 18204.42793051 +.00000466 +00000-0 +34589-3 0  9990
2 30927 099.2704 193.0960 0116849 214.5955 144.7565 13.97081629578976
1 30928U 99025AZS 18204.76784773 -.00000464 +00000-0 -63596-3 0  9999
2 30928 098.8877 308.9214 0466068 098.3390 050.0176 13.17786406547592
1 30930U 99025AZU 18204.68263566 +.00000176 +00000-0 +76585-4 0  9996
2 30930 098.5395 279.6467 0117865 209.6526 304.3149 14.31927867596658
1 30931U 99025AZV 18204.19887823 +.00000422 +00000-0 +32398-3 0  9998
2 30931 099.3118 192.7688 0094074 212.4074 206.1412 13.96964068582647
1 30932U 99025AZW 18204.70536365 +.00000666 +00000-0 +42230-3 0  9994
2 30932 098.9051 122.4513 0079480 350.9054 038.2591 14.05799900583247
1 30933U 99025AZX 18204.74144071 +.00001107 +00000-0 +77013-3 0  9996
2 30933 099.0898 137.2060 0115374 295.4216 092.3940 13.97775906579082
1 30934U 99025AZY 18203.99953260 +.00000248 +00000-0 +35545-3 0  9990
2 30934 098.7474 033.3844 0361198 061.6565 302.0499 13.39682722555007
1 30936U 99025BAA 18204.76856292 +.00000165 +00000-0 +10018-3 0  9991
2 30936 098.8799 234.9810 0050875 138.3885 283.4476 14.18415175588339
1 30937U 99025BAB 18204.95813625 +.00000073 +00000-0 +86392-4 0  9993
2 30937 099.3780 207.9060 0075335 187.6381 202.5219 13.94931159580853
1 30938U 99025BAC 18204.09056278 +.00000096 +00000-0 +69729-4 0  9992
2 30938 098.8488 234.4524 0048217 167.3892 255.3417 14.16529519589093
1 30940U 99025BAE 18203.99199368 +.00000221 +00000-0 +16274-3 0  9997
2 30940 098.8853 265.5292 0042691 040.8097 081.1471 14.05078543581946
1 30941U 99025BAF 18204.66991911 +.00000675 +00000-0 +37628-3 0  9996
2 30941 098.6949 099.1563 0038961 170.3307 189.8624 14.13801374583573
1 30942U 99025BAG 18204.57076715 +.00000086 +00000-0 +64639-4 0  9992
2 30942 098.8266 234.4917 0140434 234.5053 278.9415 14.12351424585255
1 30943U 99025BAH 18204.30741706 +.00000234 +00000-0 +17918-3 0  9995
2 30943 099.0673 234.5015 0051388 021.7642 338.5692 14.02511690581045
1 30944U 99025BAJ 18204.48181978 +.00000033 +00000-0 +21057-4 0  9991
2 30944 098.8311 088.2404 0156572 310.8372 171.1249 14.48559536599691
1 30945U 99025BAK 18204.22076639 +.00000477 +00000-0 +28716-3 0  9991
2 30945 099.4103 038.4171 0040235 056.2687 009.9559 14.11603050582330
1 30946U 99025BAL 18204.24010187 +.00000180 +00000-0 +70353-4 0  9996
2 30946 099.0262 115.3860 0099279 244.1012 270.5537 14.39447370594577
1 30947U 99025BAM 18204.58350517 +.00000128 +00000-0 +59578-4 0  9996
2 30947 098.8224 333.9692 0101148 255.7234 103.2701 14.34078253597772
1 30949U 99025BAP 18203.62188525 +.00000037 +00000-0 +40670-4 0  9992
2 30949 098.8101 233.9365 0121416 072.8335 051.9119 14.11766413584005
1 30950U 99025BAQ 18204.81145917 +.00008009 +00000-0 +40778-3 0  9999
2 30950 099.2258 064.5414 0039277 095.0626 265.5087 15.16501302613179
1 30951U 99025BAR 18204.84789446 +.00000897 +00000-0 +19535-3 0  9998
2 30951 099.8951 200.0495 0134791 024.1979 093.0670 14.55856440601349
1 30952U 99025BAS 12364.99723220 +.00002514 +00000-0 +85997-3 0  9997
2 30952 099.7193 275.3899 0093753 229.0997 130.1815 14.34911016303978
1 30954U 99025BAU 18204.46322471 +.00000232 +00000-0 +15343-3 0  9996
2 30954 098.5213 023.3582 0141932 273.3013 139.7735 14.05654640583986
1 30955U 99025BAV 18204.50617494 +.00000898 +00000-0 +52290-3 0  9994
2 30955 098.7499 094.4502 0050754 251.6703 107.8943 14.10471476205261
1 30956U 99025BAW 18204.58523203 +.00000215 +00000-0 +15324-3 0  9997
2 30956 098.9970 241.0119 0054513 024.3033 127.2652 14.07054663582936
1 30957U 99025BAX 18203.76606999 +.00002818 +00000-0 +48725-3 0  9993
2 30957 099.0758 139.8315 0067158 290.1455 069.2530 14.67884638599448
1 30958U 99025BAY 18204.72339768 +.00001161 +00000-0 +41397-3 0  9996
2 30958 097.9681 194.0004 0137920 150.5109 210.3946 14.30650475588919
1 30959U 99025BAZ 18204.21260057 +.00000691 +00000-0 +37146-3 0  9999
2 30959 099.7319 211.5332 0071358 195.1578 164.7455 14.15449812587093
1 30960U 99025BBA 18203.47278083  .00000304  00000-0  71498-4 0  9996
2 30960  99.0118  91.9075 0263351 331.3402  27.3523 14.43925927595866
1 30961U 99025BBB 18204.90326092 +.00000271 +00000-0 +77420-4 0  9994
2 30961 098.9011 082.3629 0149062 108.3839 253.3626 14.47455262257970
1 30964U 99025BBE 18204.77228184 +.00000200 +00000-0 +17282-3 0  9996
2 30964 098.7113 306.7120 0161050 129.2264 021.7134 13.90664203578104
1 30966U 99025BBG 18204.23751366 +.00002135 +00000-0 +34838-3 0  9997
2 30966 099.1294 207.4790 0088375 024.4774 038.7041 14.69661254602902
1 30967U 99025BBH 18204.39111689 +.00000197 +00000-0 +67481-4 0  9990
2 30967 098.8580 007.5456 0119157 062.4301 298.8932 14.43566988599831
1 30968U 99025BBJ 18204.52348269 +.00015331 +00000-0 +62536-3 0  9993
2 30968 099.3994 097.9866 0017763 289.9848 069.9470 15.24437328608286
1 30971U 99025BBM 18204.02809206 +.00000141 +00000-0 +36498-4 0  9997
2 30971 099.1856 279.3287 0210130 075.0386 046.6715 14.54520396603607
1 30972U 99025BBN 18204.08111299 +.00001042 +00000-0 +47444-3 0  9995
2 30972 098.9579 239.6645 0025627 132.1329 228.2032 14.23777981588232
1 30973U 99025BBP 16102.58653814 +.00002757 +00000-0 +14514-2 0  9995
2 30973 099.7030 031.4815 0129767 044.0051 317.1361 14.10711744467672
1 30974U 99025BBQ 18204.09008264 +.00001728 +00000-0 +37209-3 0  9994
2 30974 098.9384 074.6883 0057895 185.3317 174.7271 14.58902382594092
1 30975U 99025BBR 18204.07996777 +.00000437 +00000-0 +18068-3 0  9996
2 30975 098.9811 308.6687 0221396 139.9237 221.8510 14.19393860586199
1 30976U 99025BBS 18204.39560283 +.00000587 +00000-0 +28095-3 0  9998
2 30976 099.1754 268.2553 0177296 096.4167 265.7227 14.14995687584550
1 30977U 99025BBT 18204.39820692 +.00000344 +00000-0 +11977-3 0  9994
2 30977 099.0325 063.2009 0123990 235.9277 251.7402 14.38117869596701
1 30978U 99025BBU 18204.57362364 +.00000454 +00000-0 +21546-3 0  9997
2 30978 098.3125 337.7350 0050376 251.2242 108.3468 14.23408565591355
1 30979U 99025BBV 18204.29568465 +.00000398 +00000-0 +72860-4 0  9990
2 30979 097.7686 239.6699 0291683 042.6633 019.2246 14.46829955599088
1 30980U 99025BBW 18204.21414032 +.00021219 +00000-0 +84937-3 0  9996
2 30980 098.8875 197.3146 0021427 087.5225 272.8460 15.24900872606945
1 30981U 99025BBX 18104.99580555  .00001373  00000-0  79806-3 0  9993
2 30981  98.4665 177.0065 0139888 150.7848 210.1237 14.05349983566848
1 30982U 99025BBY 18204.58164747 +.00000094 +00000-0 +33793-4 0  9996
2 30982 098.3005 237.9884 0193970 275.0914 238.7522 14.45245081320285
1 30984U 99025BCA 18204.88799516 +.00000404 +00000-0 +13212-3 0  9997
2 30984 098.5720 245.2246 0153127 203.9142 155.4880 14.37620365562979
1 30985U 99025BCB 18204.19076684 +.00000673 +00000-0 +39110-3 0  9999
2 30985 099.2356 333.2291 0056844 062.8914 057.6887 14.11493131583589
1 30986U 99025BCC 18204.34431775 +.00000260 +00000-0 +13805-3 0  9998
2 30986 098.8248 240.3997 0054290 110.6932 306.5021 14.21171042251270
1 30988U 99025BCE 18204.77078033 +.00001417 +00000-0 +16367-3 0  9992
2 30988 098.5192 322.4026 0312804 189.6578 169.8519 14.58079746598760
1 30989U 99025BCF 18203.96532962 +.00000452 +00000-0 +30415-3 0  9997
2 30989 099.2319 212.1647 0104273 044.9514 316.0035 14.03269751580415
1 30992U 99025BCJ 07113.76852557 +.00000545 +00000-0 +39432-3 0  9993
2 30992 099.3922 105.8201 0042873 229.8622 130.0753 14.00747560006291
1 30993U 99025BCK 18204.01508414 +.00000612 +00000-0 +32859-3 0  9996
2 30993 099.0049 232.5549 0022494 200.0886 219.5069 14.16659698585647
1 30994U 99025BCL 18204.36815540 +.00000075 +00000-0 +67018-4 0  9995
2 30994 098.9289 232.2446 0017098 256.6129 103.3136 14.10407236585396
1 30996U 99025BCN 18204.83970583 +.00000378 +00000-0 +17493-3 0  9995
2 30996 098.9877 340.3339 0057030 180.6246 334.7463 14.26032301590280
1 30997U 99025BCP 18204.87282788 +.00001057 +00000-0 +29841-3 0  9998
2 30997 099.0241 082.1629 0065411 245.2866 173.2900 14.46791239595000
1 30998U 99025BCQ 18204.90590637 +.00000834 +00000-0 +39743-3 0  9992
2 30998 098.9389 196.8472 0019383 097.5937 292.5233 14.21966869586634
1 30999U 99025BCR 18203.80239968 +.00000251 +00000-0 +77698-4 0  9993
2 30999 099.0331 142.5767 0139610 119.5341 241.9851 14.45120711597460
1 31000U 99025BCS 18204.00399600 +.00000333 +00000-0 +20396-3 0  9993
2 31000 097.5994 273.5517 0175817 336.2707 146.3259 14.03544415581179
1 31001U 99025BCT 18204.90180391 +.00000160 +00000-0 +64675-4 0  9995
2 31001 099.3059 187.4748 0164935 092.6063 269.4012 14.35026545594428
1 31002U 99025BCU 18204.55278022 +.00000252 +00000-0 +20375-3 0  9996
2 31002 099.1374 233.7867 0101124 217.2544 299.3751 13.96981127579072
1 31003U 99025BCV 18204.52997215 +.00000443 +00000-0 +26585-3 0  9997
2 31003 099.0214 241.1208 0046902 321.3523 038.4295 14.11642644583361
1 31005U 99025BCX 18204.94744913 +.00000256 +00000-0 +26289-3 0  9993
2 31005 098.5843 190.4616 0197496 041.3219 347.0697 13.75807565571119
1 31007U 99025BCZ 18204.73751969 +.00000702 +00000-0 +26658-3 0  9997
2 31007 098.2000 305.4037 0103368 245.7306 113.3053 14.31015151593221
1 31009U 99025BDB 18204.36587042 -.00000234 +00000-0 -13087-3 0  9991
2 31009 099.0191 234.4443 0064106 137.5438 349.1800 13.98428728581175
1 31010U 99025BDC 18204.33563121 +.00000847 +00000-0 +58987-3 0  9998
2 31010 101.7483 252.8907 0157304 310.0948 048.6503 13.97082159577403
1 31012U 99025BDE 18204.85591525 +.00000033 +00000-0 +31879-4 0  9995
2 31012 098.9900 343.7106 0085698 114.5724 038.2202 14.25758460592733
1 31013U 99025BDF 18204.67020558 +.00001597 +00000-0 +34773-3 0  9990
2 31013 098.9722 097.1309 0050976 203.5051 156.3816 14.58747543598414
1 31014U 99025BDG 18204.93188749 +.00000345 +00000-0 +26555-3 0  9996
2 31014 098.9181 248.1844 0090569 104.3200 019.0615 13.97547517581327
1 31015U 99025BDH 18204.58461983 +.00001787 +00000-0 +22872-3 0  9991
2 31015 098.7288 123.4306 0098579 054.1799 069.9228 14.79469324605495
1 31016U 99025BDJ 18204.93512826 +.00000100 +00000-0 +55725-4 0  9996
2 31016 098.7113 234.7647 0116837 268.1785 212.6798 14.27154739589514
1 31017U 99025BDK 18204.39318582 -.00000130 +00000-0 -49988-4 0  9999
2 31017 098.8348 254.5592 0117591 041.7753 014.9647 14.05946499583443
1 31018U 99025BDL 18203.58415923 +.00000641 +00000-0 +42492-3 0  9994
2 31018 099.1946 233.1427 0070742 095.9242 264.9993 14.03945803580716
1 31019U 99025BDM 18202.70160774  .00000135  00000-0  41243-3 0  9990
2 31019  98.6924 214.1439 1143408  59.2826   5.1413 11.77832000488509
1 31021U 99025BDP 18204.33092921 +.00000192 +00000-0 +30558-4 0  9993
2 31021 098.5759 244.2986 0352874 308.6875 048.3238 14.51134702341243
1 31022U 99025BDQ 18204.57318892 +.00000068 +00000-0 +89944-4 0  9993
2 31022 099.5100 333.4340 0113091 107.8064 253.5469 13.88252871245397
1 31023U 99025BDR 18204.31591341 +.00000060 +00000-0 +62420-4 0  9990
2 31023 098.8519 235.4553 0082820 241.9002 117.3776 14.05322232315764
1 31024U 99025BDS 18204.88339835 +.00000123 +00000-0 +81136-4 0  9996
2 31024 099.1710 356.2596 0077167 220.9143 138.6224 14.17817491584370
1 31025U 99025BDT 18203.31498537 +.00000212 +00000-0 +11305-3 0  9998
2 31025 098.7194 246.3731 0185055 213.0030 145.9483 14.14655633261438
1 31026U 99025BDU 18204.49627580 +.00000016 +00000-0 +49937-4 0  9996
2 31026 098.7964 302.0373 0135001 289.4680 127.7400 13.82255953573001
1 31027U 99025BDV 17049.38198583  .00000406  00000-0  21962-3 0  9997
2 31027  99.0183 109.1279 0078961 217.7757 141.6964 14.16710760510506
1 31028U 99025BDW 18202.47636299  .00000017  00000-0  42187-4 0  9992
2 31028  98.7148 296.6832 0169852 128.1090 233.5522 13.87220235574798
1 31029U 99025BDX 18204.34728138 +.00000060 +00000-0 +39085-4 0  9996
2 31029 098.9108 339.4615 0095223 018.4275 034.8209 14.30114326591827
1 31030U 99025BDY 18204.93140112 +.00000357 +00000-0 +20750-3 0  9990
2 31030 099.0188 227.6121 0030126 219.7869 258.2375 14.14967751584722
1 31031U 99025BDZ 18204.39067250 +.00000162 +00000-0 +10413-3 0  9991
2 31031 099.1911 357.3520 0028196 273.9504 139.9773 14.16982165585966
1 31032U 99025BEA 18204.36261176 +.00000349 +00000-0 +28663-3 0  9995
2 31032 099.2467 148.2318 0157326 307.8098 213.1306 13.90668127574155
1 31033U 99025BEB 18204.61401910 +.00000025 +00000-0 +25573-4 0  9995
2 31033 098.5336 253.2122 0160750 102.8999 046.9389 14.24409723588994
1 31035U 99025BED 18204.01139182 +.00000513 +00000-0 +17380-3 0  9998
2 31035 098.7194 284.7960 0248927 246.1139 241.1665 14.25340985587440
1 31036U 99025BEE 18204.55702723 +.00000076 +00000-0 +32690-4 0  9991
2 31036 098.9072 119.5075 0146990 044.7451 078.1851 14.45406026182892
1 31037U 99025BEF 18204.95199504 +.00008223 +00000-0 +66683-3 0  9993
2 31037 099.0489 198.7305 0020260 046.9679 313.3233 14.99849513598901
1 31038U 99025BEG 18204.48193899 +.00000168 +00000-0 +69110-4 0  9992
2 31038 099.0203 098.0581 0094055 262.5642 096.4849 14.37944848594236
1 31040U 99025BEJ 18204.58323243 +.00000028 +00000-0 +36610-4 0  9998
2 31040 098.7397 237.2118 0065475 006.3208 145.1026 14.14428667585261
1 31041U 99025BEK 18204.40138472 +.00001201 +00000-0 +81085-3 0  9997
2 31041 099.1467 161.0213 0113922 230.6251 258.6810 13.99324181575938
1 31042U 99025BEL 18204.86148807 +.00001600 +00000-0 +30035-3 0  9993
2 31042 099.0423 170.8194 0068916 062.5353 298.2832 14.64848063598519
1 31043U 99025BEM 18204.56840816 -.00000039 +00000-0 +36623-5 0  9997
2 31043 099.0327 235.1112 0042818 359.7033 152.2686 14.04724045580623
1 31044U 99025BEN 18204.15822640 +.00003537 +00000-0 +34201-3 0  9991
2 31044 099.4203 095.9734 0061117 326.3781 033.3561 14.92285563603447
1 31046U 99025BEQ 18203.48937878 +.00001060 +00000-0 +52694-3 0  9993
2 31046 099.0428 211.1969 0104013 337.5386 180.0987 14.16516716581488
1 31047U 99025BER 18204.04583556 +.00000146 +00000-0 +10724-3 0  9999
2 31047 098.8471 236.5184 0025780 279.6995 144.5680 14.10153306582829
1 31048U 99025BES 18204.22408486 +.00001144 +00000-0 +51693-3 0  9997
2 31048 099.0612 297.4747 0072507 146.9350 242.8461 14.22732034591510
1 31049U 99025BET 18196.27242679 -.00000165 +00000-0 -78158-4 0  9993
2 31049 099.0577 227.0583 0054519 103.5876 257.1370 14.02043149231589
1 31051U 99025BEV 18204.30600107 +.00000228 +00000-0 +17827-3 0  9997
2 31051 099.1696 234.0505 0057863 072.8185 287.9304 14.01339340259974
1 31053U 99025BEX 18204.11266425 +.00000472 +00000-0 +43216-3 0  9991
2 31053 098.7412 177.1889 0341440 020.8645 340.6059 13.63918161565830
1 31054U 99025BEY 18204.57662012 -.00000015 +00000-0 +16407-4 0  9991
2 31054 098.9490 231.9481 0009712 198.8169 313.1407 14.10779430586940
1 31055U 99025BEZ 18204.80651686 +.00000170 +00000-0 +12697-3 0  9990
2 31055 099.0656 230.1503 0024456 295.2464 114.9987 14.07652739581577
1 31056U 99025BFA 18204.34933050 +.00000070 +00000-0 +62003-4 0  9994
2 31056 098.7459 245.2129 0028160 109.1655 312.9285 14.11216498588141
1 31057U 99025BFB 18204.00448922 +.00000440 +00000-0 +95852-4 0  9996
2 31057 099.2517 264.8029 0210579 107.8132 254.6154 14.51017985226275
1 31058U 99025BFC 18204.43190299 +.00000352 +00000-0 +91995-4 0  9991
2 31058 099.5868 073.2014 0138262 231.2519 127.6249 14.51825191602338
1 31060U 99025BFE 18204.11226213 +.00003028 +00000-0 +32866-3 0  9999
2 31060 099.1664 320.3468 0073626 277.8655 081.4204 14.87165026607324
1 31062U 99025BFG 18204.71105635 -.00000026 +00000-0 +16956-4 0  9990
2 31062 099.2674 107.3235 0173870 242.1631 143.5092 13.74450733571461
1 31063U 99025BFH 18204.43698191 +.00000796 +00000-0 +28073-3 0  9999
2 31063 099.8660 073.4019 0041077 018.7518 104.5953 14.37678868354294
1 31064U 99025BFJ 18204.36371708 +.00000086 +00000-0 +48460-4 0  9999
2 31064 098.6287 242.5083 0250732 256.9643 158.1319 14.18352526589630
1 31065U 99025BFK 18199.36570479 +.00000248 +00000-0 +13773-3 0  9997
2 31065 098.7310 250.9590 0038140 314.7085 045.0987 14.19526462261450
1 31066U 99025BFL 18204.36755129 +.00001838 +00000-0 +14290-3 0  9993
2 31066 099.0287 355.6775 0187868 170.1627 190.3349 14.90066060612081
1 31067U 99025BFM 18204.68489666 +.00005832 +00000-0 +32097-3 0  9992
2 31067 099.0567 008.9065 0062184 258.5330 100.8908 15.12916191612539
1 31068U 99025BFN 18204.38727616 +.00000095 +00000-0 +72494-4 0  9992
2 31068 098.7965 260.6840 0168492 196.9214 162.6294 14.07306805583743
1 31069U 99025BFP 18204.66210084 +.00000233 +00000-0 +78667-4 0  9992
2 31069 099.0509 135.9177 0130133 177.7357 182.4447 14.42378221596839
1 31071U 99025BFR 18204.45029626 +.00000337 +00000-0 +12585-3 0  9993
2 31071 099.0561 083.3188 0071180 331.4516 028.2779 14.37341036266118
1 31072U 99025BFS 18204.84000097 +.00000256 +00000-0 +11984-3 0  9990
2 31072 099.3417 050.5668 0236157 165.2012 265.8375 14.15626850583885
1 31073U 99025BFT 18204.24308748 +.00000538 +00000-0 +32601-3 0  9991
2 31073 099.0619 306.8955 0055031 324.6798 035.0731 14.10069105589210
1 31074U 99025BFU 18204.70848410 +.00000867 +00000-0 +61611-3 0  9996
2 31074 099.0091 119.7001 0101247 194.2147 165.6162 13.97811164577655
1 31077U 99025BFX 18204.78335452 +.00001209 +00000-0 +19895-3 0  9992
2 31077 099.0130 204.9308 0106914 221.2491 138.0599 14.69142918603087
1 31078U 99025BFY 18202.18655484 +.00000184 +00000-0 +10589-3 0  9997
2 31078 099.0164 186.1528 0122119 292.7187 126.9318 14.17476226585854
1 31079U 99025BFZ 15253.31222079  .00001357  00000-0  89508-3 0  9996
2 31079  99.0846 284.2475 0062121 103.4289 251.3901 14.02529851434435
1 31080U 99025BGA 18204.44803808 +.00000327 +00000-0 +21568-3 0  9994
2 31080 099.0796 282.4378 0087857 118.5666 242.4379 14.06733387581531
1 31081U 99025BGB 18204.27402956 -.00000108 +00000-0 -38014-4 0  9999
2 31081 099.0495 229.4671 0047733 225.8756 195.0491 14.05826100585285
1 31082U 99025BGC 18196.31830840  .00000267  00000-0  18151-3 0  9995
2 31082  98.8994 239.7498 0072988 285.8807  73.4326 14.07215177581854
1 31083U 99025BGD 18204.88991601 +.00000506 +00000-0 +21415-3 0  9994
2 31083 098.7462 265.9266 0051141 029.9517 028.4188 14.29096574589677
1 31085U 99025BGF 18203.77046705 +.00000042 +00000-0 +33594-4 0  9996
2 31085 098.7641 311.5595 0088218 310.0603 203.7549 14.28595803591520
1 31086U 99025BGG 18204.07479483 +.00001002 +00000-0 +13281-3 0  9991
2 31086 098.9733 241.4659 0124607 066.1507 347.3958 14.77371525605647
1 31087U 99025BGH 18203.34865802 +.00000298 +00000-0 +77600-4 0  9997
2 31087 098.4067 248.1931 0212388 277.4807 137.8773 14.44905453596726
1 31088U 99025BGJ 18203.61351495 +.00000621 +00000-0 +36070-3 0  9991
2 31088 099.4382 067.6510 0037879 070.7829 352.7848 14.12360311583172
1 31089U 99025BGK 18204.15846455 +.00000155 +00000-0 +14865-3 0  9997
2 31089 098.9846 084.0579 0212388 322.5411 190.8850 13.84491346306757
1 31090U 99025BGL 18204.69772632 +.00000360 +00000-0 +53128-4 0  9997
2 31090 098.9874 283.3164 0171694 045.7823 315.7336 14.73342331607972
1 31091U 99025BGM 18204.76480747 +.00000028 +00000-0 +84411-4 0  9999
2 31091 099.3131 320.8943 0282592 321.3419 036.7785 13.51354665251645
1 31092U 99025BGN 18203.02303665  .00000239  00000-0  36350-3 0  9993
2 31092  99.5351  49.3851 0341964 311.8139  45.4245 13.40864229557192
1 31093U 99025BGP 18204.53495360 +.00000100 +00000-0 +11785-3 0  9997
2 31093 098.6209 239.8218 0212124 304.7785 053.3564 13.78230921573323
1 31094U 99025BGQ 18204.50600471 +.00000386 +00000-0 +31649-3 0  9993
2 31094 099.0345 109.3718 0114400 260.1652 098.6577 13.92500050579749
1 31095U 99025BGR 18204.31361509 +.00000384 +00000-0 +68938-3 0  9998
2 31095 098.5860 128.4641 0501845 168.2489 193.0864 13.05723611542105
1 31097U 99025BGT 18203.62813233 +.00000570 +00000-0 +29648-3 0  9991
2 31097 098.9335 256.1873 0020134 168.3111 345.0677 14.18627532585742
1 31098U 99025BGU 18204.76277902 +.00000843 +00000-0 +41362-3 0  9995
2 31098 098.9740 234.2639 0021399 154.9273 205.2946 14.20405389584498
1 31099U 99025BGV 18204.87547759 +.00000058 +00000-0 +43490-4 0  9991
2 31099 098.9747 338.0080 0066876 133.0011 021.2249 14.24867269590140
1 31131U 03049D   18204.82165433 +.00000131 +00000-0 +62936-4 0  9997
2 31131 098.6410 154.3733 0133937 259.9598 129.0058 14.29688971586670
1 31137U 95021D   18204.88713872 +.00000274 +00000-0 +99605-4 0  9997
2 31137 098.3794 167.4467 0004600 110.6211 269.3050 14.40458613756878
1 31139U 03049E   18204.89201559 +.00000296 +00000-0 +86880-4 0  9998
2 31139 098.1890 179.1758 0093975 118.4985 242.5712 14.48032970593638
1 31144U 99025BGW 13276.33812043 +.00000206 +00000-0 +16243-3 0  9998
2 31144 099.2351 319.5653 0098724 273.1648 086.6520 14.00794070335052
1 31146U 99025BGY 18204.91183872 +.00000129 +00000-0 +65024-4 0  9997
2 31146 099.1629 004.8382 0230615 328.2064 030.5360 14.20725674583955
1 31147U 99025BGZ 18204.23534579 +.00003120 +00000-0 +34093-3 0  9992
2 31147 099.1568 304.6994 0122259 212.1496 213.5584 14.83494972599649
1 31148U 99025BHA 18204.10981036 +.00000082 +00000-0 +42320-4 0  9990
2 31148 098.8331 324.9558 0160279 058.5916 303.0831 14.32132522588358
1 31149U 99025BHB 18204.87925521 +.00001497 +00000-0 +32814-3 0  9999
2 31149 099.1578 166.6322 0118146 331.9014 055.0786 14.55207316592772
1 31150U 99025BHC 18204.91299977 +.00000016 +00000-0 +33187-4 0  9996
2 31150 098.9165 232.7453 0014232 255.2056 227.2728 14.11332832582174
1 31151U 99025BHD 18204.77167378 +.00000828 +00000-0 +52909-3 0  9993
2 31151 099.0208 146.0775 0077557 033.9424 326.6672 14.04838127579558
1 31152U 99025BHE 18204.85999135 +.00000027 +00000-0 +23267-4 0  9994
2 31152 098.4426 233.7303 0133175 155.0468 330.7393 14.34264889594372
1 31154U 99025BHG 18204.87344151 +.00000941 +00000-0 +23714-3 0  9991
2 31154 098.6381 241.4623 0072585 012.1926 348.1004 14.52044288198704
1 31155U 99025BHH 18204.56564520 +.00000345 +00000-0 +25908-3 0  9997
2 31155 099.2459 231.8146 0107343 245.3582 267.7543 13.98719751577775
1 31157U 99025BHK 18204.34877696 +.00000139 +00000-0 +82002-4 0  9996
2 31157 098.6264 256.7110 0103187 238.1777 182.8558 14.19571543587479
1 31158U 99025BHL 18204.31215340 +.00000614 +00000-0 +32302-3 0  9991
2 31158 098.9810 233.2443 0060072 225.2433 134.3844 14.16955296261411
1 31159U 99025BHM 18204.35670162 +.00000962 +00000-0 +89605-4 0  9998
2 31159 097.6568 247.9705 0333328 161.6915 199.6633 14.62645190596956
1 31160U 99025BHN 18204.94802790 -.00000251 +00000-0 -14056-3 0  9999
2 31160 099.3264 198.9565 0058879 082.0702 278.7138 13.98746519318635
1 31161U 99025BHP 18204.25695900 -.00000083 +00000-0 -22560-4 0  9990
2 31161 099.0370 232.2836 0070634 006.9312 353.2816 14.06576491581318
1 31162U 99025BHQ 07340.18477635 +.00000719 +00000-0 +52048-3 0  9992
2 31162 098.8751 319.3365 0086993 282.1768 076.9640 13.97985442037017
1 31163U 99025BHR 18204.54080236 +.00000200 +00000-0 +10178-3 0  9994
2 31163 098.8776 319.9130 0060224 138.5339 222.0432 14.25589773589595
1 31165U 99025BHT 18204.41966612 +.00000448 +00000-0 +12891-3 0  9991
2 31165 098.9222 064.9665 0102549 116.3832 008.3800 14.47015581596512
1 31166U 99025BHU 18204.40608889 +.00001204 +00000-0 +45647-3 0  9996
2 31166 098.7977 273.1721 0021983 120.3339 299.4919 14.32881635588660
1 31167U 99025BHV 18203.63842204 +.00001304 +00000-0 +32492-3 0  9997
2 31167 098.9986 087.5764 0054152 271.3655 088.1335 14.52721615591829
1 31168U 99025BHW 18204.56395206 +.00000361 +00000-0 +92337-4 0  9993
2 31168 098.8661 119.1315 0138841 332.4883 026.9008 14.51698633598627
1 31169U 99025BHX 18203.80223342 +.00000518 +00000-0 +33479-3 0  9996
2 31169 099.0425 149.0848 0079055 032.8261 327.7782 14.05783015190171
1 31171U 99025BHZ 18204.84023328 +.00000485 +00000-0 +26787-3 0  9993
2 31171 098.0490 074.8661 0221729 212.5259 210.6847 14.03570509577872
1 31172U 99025BJA 18204.87478005 +.00000021 +00000-0 +23952-4 0  9991
2 31172 098.6268 233.6920 0152060 303.8854 054.7941 14.29461449591183
1 31173U 99025BJB 18204.11194830 +.00000360 +00000-0 +25940-3 0  9994
2 31173 098.2062 149.9065 0078836 219.2078 207.6991 14.00791569577385
1 31174U 99025BJC 18204.29282066 +.00001968 +00000-0 +77322-3 0  9999
2 31174 099.0690 328.8516 0022381 147.4694 242.9584 14.30398491583041
1 31175U 99025BJD 18204.44053420 +.00000233 +00000-0 +13614-3 0  9995
2 31175 098.4361 291.3807 0146855 110.8807 312.7031 14.11325847272918
1 31177U 99025BJF 18203.51988382  .00000612  00000-0  75850-3 0  9999
2 31177  98.7598  38.6319 0353837  26.9804   0.3791 13.44739772554398
1 31178U 99025BJG 18204.33584214 +.00000191 +00000-0 +13753-3 0  9993
2 31178 099.5375 029.6684 0154815 205.3222 154.0297 14.03618539578306
1 31179U 99025BJH 18204.29774726 +.00000089 +00000-0 +93482-4 0  9992
2 31179 099.2923 240.2135 0230661 076.7971 285.8806 13.85559847572386
1 31180U 99025BJJ 18204.88171622 -.00000033 +00000-0 +92084-5 0  9993
2 31180 099.1780 079.4551 0510293 292.8048 123.5216 13.66721704565332
1 31181U 99025BJK 18204.77202979 +.00000518 +00000-0 +34884-3 0  9991
2 31181 099.0148 245.8177 0053283 075.2986 348.1993 14.04343542578253
1 31182U 99025BJL 18204.92384650 +.00000112 +00000-0 +86021-4 0  9997
2 31182 098.7797 241.3289 0022929 260.4106 221.9011 14.11257138579893
1 31183U 99025BJM 18204.44888622 +.00000408 +00000-0 +16667-3 0  9999
2 31183 099.0869 026.5201 0066245 100.9035 324.3153 14.31710748587744
1 31185U 99025BJP 18196.55229554 -.00000254 +00000-0 -13753-3 0  9990
2 31185 098.9876 228.1622 0042953 082.4744 278.1298 14.01794982243980
1 31186U 99025BJQ 18204.24553420 +.00000140 +00000-0 +10674-3 0  9990
2 31186 099.3032 356.6036 0026660 027.7647 094.7489 14.09431646582766
1 31187U 99025BJR 18204.01874916 +.00000633 +00000-0 +21252-3 0  9993
2 31187 099.2008 281.4848 0393141 314.0323 042.9068 14.05402120576637
1 31188U 99025BJS 18204.08680198 +.00000390 +00000-0 +23740-3 0  9992
2 31188 098.9508 259.8878 0069566 006.9510 053.0873 14.10755005581730
1 31190U 99025BJU 18204.30808713 +.00000619 +00000-0 +45035-3 0  9990
2 31190 099.0845 238.4377 0074841 174.8140 185.3816 13.98689878578227
1 31191U 99025BJV 18204.15829682 +.00000177 +00000-0 +74116-4 0  9994
2 31191 098.8447 341.1995 0099184 229.8594 129.3871 14.35558213592430
1 31192U 99025BJW 18204.33468122 +.00000043 +00000-0 +32956-4 0  9991
2 31192 098.6657 250.2410 0272967 332.8117 025.8982 14.15948792585665
1 31193U 99025BJX 18199.83553299  .00217350  00000-0  10445-2 0  9998
2 31193  99.1205  80.3207 0009153 144.9064 215.2804 15.82023779611285
1 31194U 99025BJY 18204.76451570 +.00000431 +00000-0 +19522-3 0  9993
2 31194 098.9268 326.1671 0065276 180.0821 180.0358 14.26084084585778
1 31195U 99025BJZ 18204.27628096 +.00000289 +00000-0 +17542-3 0  9990
2 31195 099.1081 225.5317 0174342 182.9912 177.0228 14.06692399581366
1 31196U 99025BKA 18199.89605231 +.00000126 +00000-0 +78109-4 0  9995
2 31196 098.7715 233.4142 0063145 118.6829 242.0715 14.20043436250805
1 31197U 99025BKB 18204.41411079 +.00000746 +00000-0 +39909-3 0  9998
2 31197 099.0727 268.2047 0059987 358.7316 001.3695 14.15448396259888
1 31198U 99025BKC 18204.13878710 -.00000036 +00000-0 +91926-6 0  9990
2 31198 098.5336 183.1278 0206274 041.7301 319.9380 13.74868428256529
1 31199U 99025BKD 18204.90899571 +.00000094 +00000-0 +79164-4 0  9995
2 31199 098.7946 245.1644 0064991 335.7393 147.0005 14.08243801582021
1 31201U 99025BKF 18204.53965457 +.00000360 +00000-0 +15471-3 0  9991
2 31201 098.8766 314.6118 0164537 237.6412 184.0034 14.24062032587541
1 31202U 99025BKG 18204.81298880 +.00000543 +00000-0 +12592-3 0  9996
2 31202 096.5760 042.5834 0114455 296.6716 128.4195 14.53927913597629
1 31203U 99025BKH 18204.88479641 +.00000880 +00000-0 +41576-3 0  9998
2 31203 098.9896 269.3695 0061531 134.1802 226.4454 14.21381518583080
1 31204U 99025BKJ 11087.18964326 +.00001383 +00000-0 +10408-2 0  9991
2 31204 098.0611 234.0605 0252294 188.1478 178.5437 13.81694359202152
1 31205U 99025BKK 18202.53345680 -.00000005  00000-0  17967-4 0  9993
2 31205  99.2261 112.3891 0164722 325.2404  33.8097 14.22491946588316
1 31206U 99025BKL 18204.18744961 +.00000156 +00000-0 +71992-4 0  9996
2 31206 098.9083 343.7181 0086273 355.5697 004.4712 14.32460361591401
1 31208U 99025BKN 18204.56479442 +.00000634 +00000-0 +26266-3 0  9993
2 31208 099.2381 108.0520 0021318 223.0906 259.1777 14.30325517317056
1 31209U 99025BKP 18203.23352833  .00000770  00000-0  39632-3 0  9993
2 31209  99.0122 213.9333 0030742 205.9910 153.9722 14.18017222583324
1 31210U 99025BKQ 18204.07571653 +.00000045 +00000-0 +51263-4 0  9991
2 31210 098.8908 235.0564 0016939 228.8366 194.0101 14.08972358579272
1 31211U 99025BKR 18203.33342126 +.00000492 +00000-0 +29412-3 0  9997
2 31211 098.9046 248.7345 0056431 208.7205 151.0855 14.10984025251403
1 31212U 99025BKS 18204.31730174 +.00000811 +00000-0 +54850-3 0  9990
2 31212 099.1138 161.0341 0089811 078.6986 282.4255 14.01303202577686
1 31213U 99025BKT 18204.48858888 +.00001551 +00000-0 +61040-3 0  9993
2 31213 099.4605 137.1051 0028659 314.6177 045.2665 14.30656079584323
1 31214U 99025BKU 18204.77700193 +.00001208 +00000-0 +53896-3 0  9990
2 31214 098.9460 230.3542 0022842 102.8935 318.1561 14.24550816583809
1 31215U 99025BKV 18204.52751410 +.00000165 +00000-0 +94510-4 0  9992
2 31215 098.8883 307.6760 0075135 159.4081 201.0151 14.20707946581044
1 31217U 99025BKX 18204.32313734 +.00000242 +00000-0 +14962-3 0  9993
2 31217 098.8645 239.3554 0105980 288.1537 070.8118 14.11642189582191
1 31218U 99025BKY 18204.95181228 +.00000973 +00000-0 +44288-3 0  9999
2 31218 098.9246 206.7957 0037614 031.6914 328.6517 14.23732166584134
1 31219U 99025BKZ 18203.75305225 +.00000785 +00000-0 +53555-3 0  9990
2 31219 099.0854 142.1588 0094335 088.9723 272.2248 14.00680604577244
1 31220U 99025BLA 18204.38775756 +.00001079 +00000-0 +32328-3 0  9994
2 31220 099.0277 060.1701 0058254 300.0729 183.9910 14.44107140591422
1 31222U 99025BLC 18203.84042091 +.00000324 +00000-0 +43757-4 0  9996
2 31222 098.6665 061.3094 0261967 309.2682 048.5539 14.66550873602069
1 31223U 99025BLD 18202.52814404  .00001348  00000-0  14247-2 0  9993
2 31223  99.0744 238.9796 0293062 233.8058 123.5657 13.59138217558873
1 31224U 99025BLE 18204.41493351 +.00000124 +00000-0 +63409-4 0  9995
2 31224 098.5872 262.3821 0169530 151.5882 267.6546 14.23760116308043
1 31225U 99025BLF 18204.70642417 +.00000443 +00000-0 +28476-3 0  9995
2 31225 099.1735 218.6594 0103534 348.7008 076.8101 14.05927693578380
1 31226U 99025BLG 18203.40329768  .00000050  00000-0  37749-4 0  9991
2 31226  98.6190 267.6437 0130238 166.1467 194.3340 14.23035764587843
1 31227U 99025BLH 18203.24267014  .00001446  00000-0  61717-3 0  9990
2 31227  98.1216 216.2641 0130577 206.6359 152.8073 14.21932421582549
1 31228U 99025BLJ 18204.61641201 +.00000107 +00000-0 +56767-4 0  9990
2 31228 098.9593 349.1117 0087178 039.2533 090.1112 14.30384820589361
1 31229U 99025BLK 18204.38836463 +.00000423 +00000-0 +26226-3 0  9998
2 31229 099.0483 241.1494 0062620 013.1464 113.5526 14.09708627579606
1 31231U 99025BLM 18204.39599802 +.00000430 +00000-0 +13967-3 0  9991
2 31231 098.8994 271.1182 0305694 094.6870 328.1497 14.20532330243952
1 31232U 99025BLN 18198.92154543 +.00000979 +00000-0 +47144-3 0  9994
2 31232 099.0229 243.0465 0041221 246.0479 113.6378 14.20745699229098
1 31234U 99025BLQ 18204.88663361 +.00000116 +00000-0 +95608-4 0  9994
2 31234 098.8994 235.8806 0074776 249.2101 110.1045 14.05685792347850
1 31235U 99025BLR 18204.08743903 +.00001416 +00000-0 +98211-3 0  9994
2 31235 098.4983 168.4216 0248924 343.1189 016.1794 13.86557978569000
1 31236U 99025BLS 18204.79008169 +.00000547 +00000-0 +45216-3 0  9992
2 31236 098.5519 063.1387 0386070 035.3386 327.2704 13.62682608565063
1 31237U 99025BLT 18204.30482106 +.00000144 +00000-0 +76224-4 0  9994
2 31237 098.6206 241.2812 0096921 342.6212 017.1658 14.25184160587714
1 31238U 99025BLU 18203.31420195  .00002285  00000-0  74399-3 0  9993
2 31238  98.9855 336.1869 0113743 246.5991 112.3199 14.36178692587298
1 31239U 99025BLV 18204.58384747 -.00000070 +00000-0 -15519-4 0  9998
2 31239 098.8845 236.8800 0050716 241.4124 270.6998 14.06724691580886
1 31240U 99025BLW 18184.32912130  .00000392  00000-0  26884-3 0  9993
2 31240  98.9522 219.6062 0049388  86.9138 335.0321 14.04718492576870
1 31241U 99025BLX 18204.32098637 +.00000173 +00000-0 +80948-4 0  9993
2 31241 099.1931 137.3826 0075650 083.9063 277.0732 14.31312367590415
1 31242U 99025BLY 18204.44602233 +.00001521 +00000-0 +29600-3 0  9995
2 31242 097.4255 081.8952 0066510 214.3714 270.7942 14.62961468601914
1 31243U 99025BLZ 18204.40296389 +.00000230 +00000-0 +17786-3 0  9991
2 31243 099.0091 272.4433 0068410 137.3498 285.4051 14.01438171314522
1 31244U 99025BMA 18201.76821668  .00000267  00000-0  19085-3 0  9996
2 31244  99.2712 198.8804 0108109  90.3814 270.9740 14.03140625578654
1 31246U 99025BMC 18204.51725374 +.00000453 +00000-0 +33928-3 0  9990
2 31246 098.9791 096.8069 0169268 232.2211 126.3517 13.93113826578499
1 31247U 99025BMD 18204.56966700 +.00000903 +00000-0 +63415-3 0  9990
2 31247 099.3254 329.3989 0070056 246.3214 172.7813 13.99823982577107
1 31248U 99025BME 18204.95431147 +.00000110 +00000-0 +12196-3 0  9996
2 31248 099.4452 197.0893 0115102 001.0230 024.8166 13.89291258573208
1 31249U 99025BMF 18204.45589744 +.00002561 +00000-0 +78258-3 0  9992
2 31249 099.0098 301.9276 0069283 260.5826 098.7524 14.41424652587111
1 31250U 99025BMG 18202.56912519  .00000415  00000-0  30859-3 0  9995
2 31250  98.4041 235.4403 0139260 301.2762  57.4825 13.95610660578066
1 31252U 99025BMJ 18204.35925904 +.00000161 +00000-0 +58933-4 0  9990
2 31252 098.6163 239.6910 0232664 284.7242 072.8263 14.32784558585014
1 31253U 99025BMK 18201.76809250  .00000174  00000-0  10257-3 0  9998
2 31253  99.2742 195.0547 0301882 332.1965  26.3339 14.00387401583203
1 31254U 99025BML 18203.56301581  .00000230  00000-0  94245-4 0  9996
2 31254  98.8040 228.4652 0164700 228.0627 285.8085 14.29659747589248
1 31255U 99025BMM 18204.13602407 +.00000271 +00000-0 +13942-3 0  9991
2 31255 099.0650 304.8326 0283195 293.3263 063.8339 14.05139995589425
1 31256U 99025BMN 18204.21085500 +.00001006 +00000-0 +60121-3 0  9998
2 31256 098.6755 204.1612 0394660 253.0703 102.6839 13.76679507564323
1 31257U 99025BMP 18204.20239884 +.00001049 +00000-0 +69294-3 0  9991
2 31257 098.7148 355.9632 0123341 120.3327 241.0105 14.00051304580118
1 31258U 99025BMQ 18203.99390615 +.00000990 +00000-0 +44553-3 0  9992
2 31258 098.9374 223.2560 0023173 110.7207 279.6245 14.24490637583286
1 31259U 99025BMR 18204.94817223 +.00000076 +00000-0 +76546-4 0  9991
2 31259 099.1597 238.8631 0076492 148.9443 330.9975 14.02685386576427
1 31260U 99025BMS 18204.15731659 +.00000381 +00000-0 +17653-3 0  9996
2 31260 098.9552 331.5559 0053153 188.0725 296.8391 14.25934230586416
1 31261U 99025BMT 18204.91530411 +.00000351 +00000-0 +15692-3 0  9992
2 31261 099.0974 014.8729 0061535 152.4302 208.0164 14.28165991587480
1 31262U 99025BMU 18204.52856870 +.00000388 +00000-0 +26485-3 0  9992
2 31262 099.1777 232.4258 0066852 081.7702 077.4765 14.04770773577290
1 31263U 99025BMV 18203.22174240  .00001407  00000-0  61572-3 0  9992
2 31263  99.0042 306.8968 0047850 209.0499 150.8015 14.24819324583305
1 31264U 99025BMW 18204.60473645 +.00000163 +00000-0 +11031-3 0  9990
2 31264 099.1533 339.8785 0000944 156.1359 264.2656 14.14015835582499
1 31265U 99025BMX 18200.66958665  .00001783  00000-0  38269-3 0  9994
2 31265  96.5663 348.6670 0106927 158.5212 202.0528 14.55934627596956
1 31266U 99025BMY 18204.77320664 +.00000062 +00000-0 +48180-4 0  9996
2 31266 099.2730 048.6970 0137334 026.6132 032.7744 14.18768808589072
1 31267U 99025BMZ 18203.97779619 +.00000850 +00000-0 +20225-3 0  9990
2 31267 099.3072 269.2643 0118608 288.4564 070.3767 14.52878135256012
1 31268U 99025BNA 18199.39941817 +.00000586 +00000-0 +41233-3 0  9990
2 31268 099.0242 267.9182 0058346 158.5839 201.7787 14.01251357241174
1 31269U 99025BNB 18202.34584589 +.00000567 +00000-0 +18846-3 0  9993
2 31269 098.1613 223.3439 0330626 289.3081 137.2539 14.14844205580958
1 31270U 99025BNC 18203.74153825 +.00000668 +00000-0 +15144-3 0  9995
2 31270 098.9816 134.1659 0134182 135.8058 225.3949 14.54451097598763
1 31272U 99025BNE 18204.80912407 +.00000248 +00000-0 +13684-3 0  9995
2 31272 099.0119 322.9967 0114426 220.7314 294.1587 14.17264715587151
1 31273U 99025BNF 18203.62758973 +.00001149 +00000-0 +37141-3 0  9996
2 31273 098.3391 082.6581 0071329 114.7556 299.3533 14.39467968592470
1 31274U 99025BNG 18204.49139184 +.00000541 +00000-0 +44206-3 0  9995
2 31274 099.1209 089.3341 0252108 137.2005 347.3493 13.79872752569287
1 31275U 99025BNH 18204.52331167 +.00000647 +00000-0 +47913-3 0  9990
2 31275 099.2153 236.9979 0109402 205.4976 154.0765 13.96148491577714
1 31279U 99025BNM 18204.30204987 +.00000133 +00000-0 +79327-4 0  9994
2 31279 098.7423 238.2209 0080672 086.7025 274.3376 14.20669984588589
1 31280U 99025BNN 18204.51880645 +.00008333 +00000-0 +43619-3 0  9994
2 31280 097.9165 105.6935 0057288 192.9829 166.9931 15.14665375604505
1 31281U 99025BNP 18204.92094851 +.00000843 +00000-0 +11165-3 0  9995
2 31281 098.5201 188.4676 0264106 345.0887 043.5006 14.61676791600154
1 31282U 99025BNQ 18204.25914499 +.00000049 +00000-0 +30670-4 0  9992
2 31282 099.2958 223.0183 0133032 285.2386 073.4124 14.40136229582429
1 31284U 99025BNS 18204.50686471 +.00000235 +00000-0 +19710-3 0  9996
2 31284 099.7189 108.2668 0152273 073.1876 288.5923 13.93161796575398
1 31285U 99025BNT 18204.94370696 +.00000059 +00000-0 +37246-4 0  9993
2 31285 098.5627 243.6688 0209403 145.1931 336.4433 14.22567783589044
1 31286U 99025BNU 18204.90495010 +.00000803 +00000-0 +55005-3 0  9997
2 31286 100.8736 238.9256 0105457 142.5839 218.2722 14.00822823260806
1 31287U 99025BNV 18204.55886231 +.00000566 +00000-0 +33185-3 0  9999
2 31287 099.4298 067.8805 0036369 068.2442 292.2593 14.12276612584686
1 31288U 99025BNW 18204.95345287 +.00000651 +00000-0 +27018-3 0  9998
2 31288 098.8146 260.9847 0059375 052.1720 073.9362 14.28988091587035
1 31289U 99025BNX 18204.34830636 +.00002817 +00000-0 +97372-4 0  9996
2 31289 097.4028 047.4023 0198137 212.9533 145.9223 15.14130242316783
1 31290U 99025BNY 18204.12226945 +.00001200 +00000-0 +35932-3 0  9994
2 31290 101.9393 313.3997 0102215 355.4207 004.6025 14.43067208586332
1 31291U 99025BNZ 18204.31318417 +.00001210 +00000-0 +37081-3 0  9990
2 31291 098.5683 146.8979 0074294 134.0426 018.6482 14.41945155591325
1 31292U 99025BPA 18204.39848347 +.00001314 +00000-0 +62010-3 0  9994
2 31292 099.0800 258.4480 0051043 265.6223 093.9120 14.20959167583571
1 31293U 99025BPB 18204.28187882 +.00000007 +00000-0 +19418-4 0  9996
2 31293 098.6510 231.6607 0127113 277.8297 141.9210 14.29771963592374
1 31294U 99025BPC 18204.11445809 +.00000075 +00000-0 +61390-4 0  9996
2 31294 098.7759 263.0448 0105615 123.6376 237.4925 14.11477166587414
1 31295U 99025BPD 18204.85651033 +.00000093 +00000-0 +93921-4 0  9991
2 31295 098.3380 235.4376 0077296 239.1444 120.2101 13.96016777579545
1 31296U 99025BPE 18204.77785201 +.00000934 +00000-0 +43978-3 0  9998
2 31296 099.0704 315.4857 0041859 136.6970 016.6467 14.22015144587895
1 31297U 99025BPF 18204.77873346 +.00000193 +00000-0 +56583-4 0  9991
2 31297 098.8965 132.9160 0155380 332.7551 054.8657 14.49577967601662
1 31298U 99025BPG 18204.74086318 +.00006393 +00000-0 +52873-3 0  9999
2 31298 098.9954 224.0409 0035428 187.3295 172.7410 14.98871292603649
1 31299U 99025BPH 18204.25640174 +.00009702 +00000-0 +39716-3 0  9990
2 31299 096.9852 311.9271 0215492 159.0584 201.9641 15.05736139606199
1 31300U 99025BPJ 18204.50954954 +.00000328 +00000-0 +23257-3 0  9993
2 31300 099.5529 089.6943 0068662 280.6854 202.4949 14.04373933581997
1 31302U 99025BPL 18204.10357566 +.00000427 +00000-0 +25783-3 0  9993
2 31302 099.4206 060.2201 0036313 063.6427 094.8962 14.12127212581405
1 31303U 99025BPM 18204.88874331 -.00000046 +00000-0 -69180-6 0  9994
2 31303 098.9809 231.0297 0010690 215.1153 144.9313 14.10023406582778
1 31310U 99025BPN 18200.94129896 +.00001290 +00000-0 +78730-3 0  9992
2 31310 098.8724 097.5247 0105932 138.9169 282.8241 14.04969067573951
1 31311U 99025BPP 18204.55902758 +.00000582 +00000-0 +32919-3 0  9992
2 31311 099.0378 229.2730 0022838 220.6242 291.2062 14.14100239579607
1 31312U 99025BPQ 18204.09496601 -.00000145 +00000-0 -70346-4 0  9991
2 31312 098.9561 244.9526 0066047 157.6674 232.6493 13.98152291574007
1 31313U 99025BPR 18204.83524442 +.00000088 +00000-0 +63910-4 0  9992
2 31313 099.1090 347.9130 0046147 303.1727 056.5026 14.19298919587550
1 31314U 99025BPS 18181.88084399 +.00000310 +00000-0 +22211-3 0  9990
2 31314 098.9440 214.2515 0080974 036.5314 324.1338 14.02693533574374
1 31316U 99025BPU 18204.32840061 +.00000618 +00000-0 +36137-3 0  9996
2 31316 099.0265 251.6274 0118425 320.8272 038.4369 14.08667506262207
1 31317U 99025BPV 18204.70424613 +.00003542 +00000-0 +10291-2 0  9991
2 31317 099.3784 109.1337 0093344 299.0238 060.1620 14.42529378583418
1 31318U 99025BPW 09299.98461400 +.00000187 +00000-0 +89836-4 0  9996
2 31318 098.9486 317.9650 0154146 204.5999 156.2858 14.24264095132752
1 31319U 99025BPX 18204.48633286 -.00000046 +00000-0 -71083-5 0  9993
2 31319 098.8235 279.4266 0172288 091.5824 337.8638 13.74905906566567
1 31320U 99025BPY 18204.78632744 +.00000636 +00000-0 +42084-3 0  9996
2 31320 098.3021 197.6446 0126128 228.7967 130.2272 14.01004514224232
1 31321U 99025BPZ 18204.42790331 -.00000006 +00000-0 +20654-4 0  9997
2 31321 098.8704 290.9088 0029212 281.7243 078.0652 14.12436239192686
1 31322U 99025BQA 18204.10003564 -.00000025 +00000-0 +10495-4 0  9991
2 31322 098.5638 156.0700 0242572 026.9155 029.8152 13.71635544567836
1 31323U 99025BQB 18204.45492718 +.00000531 +00000-0 +31761-3 0  9992
2 31323 099.4300 057.9218 0039881 078.2332 282.3307 14.11431589257832
1 31324U 99025BQC 18204.24378144 +.00000031 +00000-0 +41702-4 0  9998
2 31324 099.2790 006.7071 0050101 323.4006 036.3746 14.13304349583442
1 31325U 99025BQD 18204.01060746 +.00000709 +00000-0 +47554-3 0  9992
2 31325 099.1183 263.7994 0084868 189.3439 170.6152 14.02398835575628
1 31326U 99025BQE 18203.16546113 +.00001186 +00000-0 +56563-3 0  9995
2 31326 099.0406 284.0855 0055188 273.9785 085.5083 14.20495859350267
1 31327U 99025BQF 18203.31975076 +.00000508 +00000-0 +82332-4 0  9998
2 31327 099.0153 230.9027 0177627 167.7866 192.7727 14.66632702602852
1 31328U 99025BQG 18204.89091586 +.00000017 +00000-0 +22829-4 0  9998
2 31328 098.4636 241.3334 0104853 245.8765 113.1422 14.27746960589432
1 31329U 99025BQH 18204.27565174 +.00000558 +00000-0 +18310-3 0  9999
2 31329 098.9543 021.3105 0084399 244.9339 114.3070 14.40629223590763
1 31330U 99025BQJ 18204.77992869 +.00000879 +00000-0 +41333-3 0  9998
2 31330 098.9707 235.3970 0034486 155.5803 268.4368 14.22330848584079
1 31331U 99025BQK 18203.32372657 -.00000238  00000-0 -13020-3 0  9999
2 31331  99.1817 227.0661 0054308  93.6877 267.0499 13.99705877576137
1 31332U 99025BQL 18204.96875181 -.00000013 +00000-0 +18510-4 0  9991
2 31332 098.9301 247.8408 0054550 056.1332 062.2216 14.05200387580187
1 31333U 99025BQM 18204.35376935 +.00000244 +00000-0 +12935-3 0  9997
2 31333 098.7097 263.4712 0106982 296.9723 062.0560 14.19468436582431
1 31334U 99025BQN 18180.87183094  .00001136  00000-0  64844-3 0  9997
2 31334  99.1257 213.8701 0077170 123.5256 237.3316 14.10256774573879
1 31335U 99025BQP 18204.59578434 +.00008250 +00000-0 +54903-3 0  9999
2 31335 098.7846 140.8150 0040668 059.7554 300.7686 15.06776842204313
1 31336U 99025BQQ 18204.84395924 +.00000153 +00000-0 +67888-4 0  9990
2 31336 098.7830 219.9917 0099400 187.3847 299.4117 14.34000342590762
1 31337U 99025BQR 18204.64161090 +.00001105 +00000-0 +32537-3 0  9994
2 31337 099.4461 264.7132 0050228 146.1541 006.1325 14.45273057591501
1 31338U 99025BQS 18197.49015781 +.00000470 +00000-0 +33215-3 0  9992
2 31338 098.8589 076.8281 0092859 150.0102 210.6428 14.00569873575194
1 31339U 99025BQT 18204.37380548 +.00000070 +00000-0 +68647-4 0  9999
2 31339 098.9500 246.6705 0079909 353.7456 006.2707 14.05094619577144
1 31340U 99025BQU 18204.32520926 +.00000835 +00000-0 +44279-3 0  9995
2 31340 099.0455 232.9237 0042542 205.3961 211.8948 14.16012021284876
1 31341U 99025BQV 18204.16263977 +.00000539 +00000-0 +21342-3 0  9995
2 31341 099.5419 272.9076 0073331 219.4907 194.9330 14.32112197588419
1 31342U 99025BQW 18204.30536196 +.00000042 +00000-0 +30691-4 0  9995
2 31342 099.0273 034.4964 0115085 222.4545 136.7694 14.34487386591749
1 31344U 99025BQY 17238.55341583 -.01711175  00000-0 -92398-1 0  9992
2 31344  99.4022 356.0111 0008687   3.7509  56.4025 15.18269137548162
1 31345U 99025BQZ 18204.51066667 +.00000684 +00000-0 +47971-3 0  9992
2 31345 098.1401 109.8369 0087661 207.6977 151.9506 13.99370925576501
1 31346U 99025BRA 18204.87294046 +.00000344 +00000-0 +47812-4 0  9994
2 31346 098.8959 212.3715 0203320 282.1990 196.9211 14.73007763595476
1 31347U 99025BRB 13082.06375482 +.00003417 +00000-0 +11179-2 0  9998
2 31347 098.5096 027.3771 0159368 105.0735 256.8144 14.32129287311382
1 31348U 99025BRC 18204.93993718 +.00000452 +00000-0 +22927-3 0  9994
2 31348 099.2075 008.8705 0038531 230.9386 281.4375 14.20932572578344
1 31349U 99025BRD 18204.06468888 -.00000075 +00000-0 -20627-4 0  9993
2 31349 099.1615 158.4983 0073472 084.9090 276.0454 13.99129047251498
1 31350U 99025BRE 18200.52348399 +.00000124 +00000-0 +66548-4 0  9991
2 31350 098.7450 298.9002 0075537 086.6506 274.3312 14.27517851316345
1 31351U 99025BRF 18204.33109192 +.00000070 +00000-0 +67979-4 0  9990
2 31351 098.8706 239.9503 0096754 063.8843 297.2240 14.04256993234689
1 31352U 99025BRG 07147.17882266 +.00001467 +00000-0 +49795-3 0  9993
2 31352 099.2426 144.9216 0184978 359.9320 000.1805 14.29220088008281
1 31353U 99025BRH 18204.21504392 +.00000236 +00000-0 +95314-4 0  9998
2 31353 099.1114 359.4913 0246656 268.2716 089.0198 14.22976596581456
1 31354U 99025BRJ 10225.02374198 +.00001711 +00000-0 +49501-3 0  9997
2 31354 098.3743 171.9042 0261508 151.6462 288.6853 14.27684578180239
1 31355U 99025BRK 18204.47141382 +.00000597 +00000-0 +14266-3 0  9990
2 31355 098.8705 087.6730 0101076 010.8800 111.5046 14.54747691596027
1 31356U 99025BRL 18204.94297545 +.00000592 +00000-0 +24253-3 0  9998
2 31356 098.7591 259.5673 0059250 013.8044 109.6022 14.29949581263235
1 31357U 99025BRM 18204.87082267 -.00000025 +00000-0 +94191-5 0  9996
2 31357 098.9424 225.4881 0050913 107.8553 015.3706 14.18218681584474
1 31358U 99025BRN 18204.25628193 +.00001492 +00000-0 +50738-3 0  9998
2 31358 098.9086 316.6022 0158845 248.3784 110.0413 14.31337230585925
1 31359U 99025BRP 18204.29500361 +.00000981 +00000-0 +65737-3 0  9996
2 31359 099.2507 236.7532 0093556 240.4220 118.7596 14.01245094255655
1 31360U 99025BRQ 18202.24691238  .00000754  00000-0  56984-3 0  9997
2 31360  97.9972   3.1402 0127665 332.4072  27.0355 13.92878669571527
1 31361U 99025BRR 18203.35076375 -.00000001  00000-0  20753-4 0  9992
2 31361  98.6424 253.6131 0044918 291.2905  68.3477 14.16435766584100
1 31362U 99025BRS 18204.91223889 +.00000039 +00000-0 +42023-4 0  9994
2 31362 098.7588 233.8769 0017532 273.0022 086.9146 14.15733622583761
1 31363U 99025BRT 15023.62135407 +.00004798 +00000-0 +29730-2 0  9991
2 31363 098.4778 163.1285 0153435 258.0174 100.2762 13.99941214397319
1 31364U 99025BRU 18204.05582668 +.00000389 +00000-0 +30180-3 0  9992
2 31364 099.2982 247.2862 0114870 351.9588 065.1561 13.95816164570852
1 31365U 99025BRV 18204.80164583 +.00000559 +00000-0 +27096-3 0  9999
2 31365 098.8478 252.0340 0055801 149.5439 278.5780 14.21585768582115
1 31366U 99025BRW 18204.19533986 +.00000904 +00000-0 +35827-3 0  9994
2 31366 098.8657 274.6785 0004975 163.6018 258.2274 14.31384475583638
1 31367U 99025BRX 18204.86175144 +.00000185 +00000-0 +70028-4 0  9991
2 31367 098.7582 333.1600 0113606 120.2140 035.3151 14.39099853596081
1 31368U 99025BRY 18204.52608976 +.00000034 +00000-0 +39453-4 0  9999
2 31368 098.9356 305.0762 0051197 054.8361 001.5944 14.16219042586761
1 31369U 99025BRZ 18204.91795317 +.00000064 +00000-0 +52304-4 0  9992
2 31369 098.6580 241.5702 0057778 151.6983 332.3370 14.16839689260912
1 31370U 99025BSA 18204.27078651 -.00000070 +00000-0 -15376-4 0  9995
2 31370 098.9172 235.1940 0034652 337.3353 022.6284 14.06762157583271
1 31371U 99025BSB 18204.00992078 +.00000175 +00000-0 +14700-3 0  9998
2 31371 099.0395 268.9412 0070559 178.1473 303.6278 13.99481516579468
1 31372U 99025BSC 18204.42922211 +.00000483 +00000-0 +29537-3 0  9993
2 31372 099.4076 029.8350 0043919 076.7839 283.8224 14.10536006576830
1 31374U 99025BSE 18203.53321245 +.00000853 +00000-0 +46090-3 0  9990
2 31374 099.6260 094.9539 0204087 253.5619 104.3029 14.05573060579363
1 31376U 99025BSG 18204.60725274 +.00000385 +00000-0 +14448-3 0  9993
2 31376 098.8476 333.2511 0073413 004.1438 356.0340 14.35932491592503
1 31377U 99025BSH 11170.99704821 +.00001565 +00000-0 +50097-3 0  9997
2 31377 098.9405 241.7958 0109989 281.0130 074.2981 14.37746898223572
1 31378U 99025BSJ 18204.39740779 +.00000154 +00000-0 +19145-3 0  9991
2 31378 100.7848 060.4470 0177230 112.3646 249.6386 13.75816916570687
1 31379U 99025BSK 18204.52773565 +.00004861 +00000-0 +37545-3 0  9999
2 31379 099.4821 113.7225 0081036 090.7777 270.2726 14.99597364602814
1 31380U 99025BSL 18199.69917981  .00001474  00000-0  24762-3 0  9998
2 31380  96.5405   8.8527 0099244  33.2213 327.5174 14.67495065595250
1 31381U 99025BSM 18204.01327720 +.00000039 +00000-0 +26458-4 0  9999
2 31381 098.6354 287.3912 0220982 071.5520 290.9545 14.29069656587886
1 31382U 99025BSN 18204.18441561 +.00003196 +00000-0 +55618-3 0  9994
2 31382 096.9208 174.9088 0047592 111.8832 248.7446 14.67886370594633
1 31383U 99025BSP 18204.82960913 +.00000691 +00000-0 +47528-3 0  9991
2 31383 099.2812 209.4395 0115423 181.4558 302.4765 13.99734030575633
1 31384U 99025BSQ 18203.62746116 +.00000639 +00000-0 +32307-3 0  9997
2 31384 098.4704 075.0876 0504698 116.0252 280.3904 13.68198266561452
1 31385U 99025BSR 18204.97331111 +.00000031 +00000-0 +22983-4 0  9998
2 31385 098.9517 110.7399 0140652 123.6105 299.6808 14.41037806597251
1 31386U 99025BSS 18204.69474064 +.00000373 +00000-0 +35815-3 0  9999
2 31386 098.4748 111.2465 0224203 035.1113 326.4585 13.74804501566823
1 31387U 99025BST 18204.14331226 +.00000123 +00000-0 +71404-4 0  9990
2 31387 099.1229 327.4823 0250449 168.4773 317.2774 14.10559376582158
1 31388U 99025BSU 18204.87833510 +.00000074 +00000-0 +70529-4 0  9996
2 31388 098.8566 234.6935 0046877 228.9542 254.4937 14.06158125586313
1 31389U 99025BSV 18204.62567035 +.00000566 +00000-0 +32062-3 0  9991
2 31389 099.0876 252.2457 0057634 359.1335 151.7631 14.13437828581511
1 31391U 06029D   18204.54684193 +.00000768 +00000-0 +34084-4 0  9993
2 31391 064.5015 257.8732 0036836 264.0662 095.6268 15.29899241651969
1 31392U 06029E   18204.55431873 +.00000731 +00000-0 +33579-4 0  9998
2 31392 064.5018 265.1455 0033344 261.0890 098.6463 15.29164716652309
1 31403U 96017D   18204.84454950 +.00005933 +00000-0 +62615-3 0  9991
2 31403 098.3364 224.3823 0015618 170.7134 316.4349 14.89603744168689
1 31409U 05024J   18204.33052074 +.00000419 +00000-0 +24812-4 0  9992
2 31409 097.5265 251.0311 0010584 271.3826 088.6194 15.16706490693220
1 31410U 99025BSW 18204.48600958 +.00000201 +00000-0 +83402-4 0  9993
2 31410 098.6600 298.8243 0131332 345.1997 071.7893 14.32544443590213
1 31411U 99025BSX 18204.96674517 +.00000129 +00000-0 +72658-4 0  9999
2 31411 098.9606 212.8844 0108605 139.8372 254.2441 14.23233364560567
1 31412U 99025BSY 18204.44163790 +.00000352 +00000-0 +26757-3 0  9995
2 31412 098.5704 291.2526 0090723 352.5361 007.4448 13.97807188231925
1 31413U 99025BSZ 15331.95041123 +.00000790 +00000-0 +34005-3 0  9996
2 31413 098.7417 032.9781 0073158 303.2519 059.0305 14.26056564446361
1 31414U 99025BTA 18200.29197224 +.00000885 +00000-0 +26027-3 0  9996
2 31414 098.6946 228.4154 0074017 112.1099 248.7970 14.44673325232659
1 31415U 99025BTB 18204.25950762 +.00000342 +00000-0 +18452-3 0  9992
2 31415 099.6798 229.3827 0075561 090.5466 270.4365 14.18636251580413
1 31416U 99025BTC 18204.45431977 +.00000033 +00000-0 +26909-4 0  9991
2 31416 099.0347 082.1869 0142811 247.5621 237.4151 14.35316480267583
1 31417U 99025BTD 18204.66686926 +.00001377 +00000-0 +34441-3 0  9992
2 31417 099.0518 104.4858 0045791 304.1575 055.5281 14.52709417588840
1 31418U 99025BTE 18204.53640493 +.00000794 +00000-0 +41892-3 0  9998
2 31418 099.1461 318.7422 0060624 022.8175 337.5671 14.15962559577423
1 31419U 99025BTF 18204.04210736 +.00000484 +00000-0 +19004-3 0  9994
2 31419 098.7059 289.1295 0075486 315.2637 044.2474 14.32349787588870
1 31420U 99025BTG 18204.81393899 +.00000227 +00000-0 +86930-4 0  9991
2 31420 097.5073 049.1651 0151776 267.8765 147.8348 14.32286313263039
1 31421U 99025BTH 15268.93844154 +.00000043 +00000-0 +40662-4 0  9995
2 31421 098.9667 322.4350 0063074 179.0666 181.0639 14.20221517436491
1 31422U 99025BTJ 18204.02964657 +.00000246 +00000-0 +17386-3 0  9991
2 31422 098.8994 235.3824 0035467 341.8236 078.1008 14.06681826576835
1 31423U 99025BTK 18203.28610872 +.00000030 +00000-0 +33171-4 0  9998
2 31423 098.5921 236.3364 0038431 117.4871 243.0221 14.21286923585969
1 31424U 99025BTL 18204.87331886 -.00000042 +00000-0 -12731-5 0  9995
2 31424 098.4776 356.3695 0095908 188.3358 171.6222 14.06314396578964
1 31425U 99025BTM 08050.70542971 +.00000357 +00000-0 +27412-3 0  9992
2 31425 098.7911 027.3891 0081487 148.5974 209.2450 13.97702990043992
1 31426U 99025BTN 18204.18324456 +.00000009 +00000-0 +30126-4 0  9994
2 31426 098.5698 198.4303 0357983 325.8504 091.8551 13.78554872562926
1 31427U 99025BTP 18204.08468422 +.00000535 +00000-0 +23364-3 0  9995
2 31427 098.8121 251.8067 0054001 061.5690 358.0418 14.27226354581812
1 31428U 99025BTQ 18204.49351824 +.00000265 +00000-0 +11672-3 0  9997
2 31428 099.0984 027.3131 0077896 107.0195 319.0369 14.30261616589133
1 31429U 99025BTR 18204.31856689 +.00000324 +00000-0 +19504-3 0  9996
2 31429 098.9579 240.0161 0018118 193.5399 224.9114 14.13750586577439
1 31430U 99025BTS 18204.54776142 +.00000324 +00000-0 +18564-3 0  9993
2 31430 098.9907 230.9501 0030408 203.5658 310.3257 14.16221228578425
1 31431U 99025BTT 18204.36266699 +.00000234 +00000-0 +19204-3 0  9997
2 31431 098.5225 256.3391 0150545 050.4841 310.9519 13.92621498568783
1 31432U 99025BTU 18204.54979465 +.00005612 +00000-0 +14505-3 0  9994
2 31432 099.0268 125.3986 0075895 234.3910 125.0243 15.36771368610066
1 31433U 99025BTV 18204.42764971 +.00000607 +00000-0 +37918-3 0  9998
2 31433 098.3856 254.0461 0130580 186.5921 309.0406 14.03962586575469
1 31434U 99025BTW 18204.62258528 +.00001318 +00000-0 +35239-3 0  9991
2 31434 099.0349 082.3924 0051754 337.6136 051.8084 14.49413566586930
1 31435U 99025BTX 18204.07249664 +.00000074 +00000-0 +30226-4 0  9992
2 31435 098.9809 155.0811 0160466 357.9266 002.1241 14.48655126592540
1 31436U 99025BTY 18203.75319712 +.00000887 +00000-0 +35394-3 0  9991
2 31436 098.8623 285.6039 0132467 309.6096 177.8676 14.26432330580782
1 31437U 99025BTZ 18203.42696203 +.00000759 +00000-0 +37723-3 0  9995
2 31437 098.9690 193.9039 0019657 123.5113 236.7944 14.20045445580310
1 31439U 99025BUB 18204.36143813 +.00000183 +00000-0 +16820-3 0  9991
2 31439 099.1415 248.1043 0143682 323.1991 092.2275 13.90601419256751
1 31440U 99025BUC 18204.38523745 +.00000769 +00000-0 +39000-3 0  9996
2 31440 098.9005 251.5624 0046815 210.7415 149.1016 14.18431334579324
1 31441U 99025BUD 18204.33884430 +.00000109 +00000-0 +73934-4 0  9996
2 31441 099.3193 262.9185 0275324 031.9022 329.8490 14.01859910579253
1 31442U 99025BUE 18204.43204228 +.00000077 +00000-0 +46475-4 0  9993
2 31442 098.6467 289.8559 0086276 025.4326 335.1064 14.28478454587844
1 31443U 99025BUF 18204.46179301 +.00000352 +00000-0 +12002-3 0  9994
2 31443 099.2323 087.8554 0253159 355.7467 004.1560 14.27033274282993
1 31444U 99025BUG 18204.60585832 +.00001008 +00000-0 +35722-3 0  9994
2 31444 098.9328 338.9670 0110670 145.7754 215.0626 14.33414326588937
1 31445U 99025BUH 18203.53656699  .00001618  00000-0  37808-3 0  9990
2 31445  98.9106  49.2402 0060024 196.3742 192.9580 14.55141072591949
1 31446U 99025BUJ 18204.63435587 +.00001395 +00000-0 +60133-3 0  9993
2 31446 098.7369 153.3068 0075932 134.7027 226.0370 14.24568253195610
1 31447U 99025BUK 18204.64791318 +.00000140 +00000-0 +65498-4 0  9999
2 31447 098.8667 152.4141 0238849 176.7928 183.4848 14.20969828264947
1 31448U 99025BUL 18203.35580040  .00000270  00000-0  14328-3 0  9994
2 31448  98.7329 241.6859 0065811 118.4618 242.3210 14.20282123585080
1 31449U 99025BUM 18204.80696249 +.00000085 +00000-0 +45780-4 0  9996
2 31449 098.8541 210.4579 0149767 270.9432 087.4594 14.30738233590226
1 31450U 99025BUN 18204.33282045 +.00003351 +00000-0 +19181-3 0  9995
2 31450 098.5568 339.6622 0335915 109.6260 254.1528 14.76363025592995
1 31451U 99025BUP 18204.30058194 +.00000153 +00000-0 +11119-3 0  9999
2 31451 099.0679 224.8396 0031212 271.4388 145.0713 14.10492914582126
1 31452U 99025BUQ 18204.30133545 +.00000082 +00000-0 +68252-4 0  9996
2 31452 098.7600 243.9760 0041133 264.6287 095.0191 14.11713684582179
1 31453U 99025BUR 13108.74280262 +.00000791 +00000-0 +18700-3 0  9991
2 31453 098.8000 213.4019 0106835 015.4093 345.0313 14.53808865318467
1 31455U 99025BUT 18204.34148926 -.00000125 +00000-0 -37763-4 0  9995
2 31455 098.7896 264.2944 0224950 159.3409 201.7037 14.08830288580769
1 31456U 99025BUU 18204.42364785 +.00000238 +00000-0 +10391-3 0  9998
2 31456 098.6414 287.6519 0081712 015.6606 344.7076 14.30698540588950
1 31457U 99025BUV 18204.25585037 +.00001940 +00000-0 +15817-3 0  9994
2 31457 099.0136 312.8836 0148476 052.5536 308.9080 14.92791701605513
1 31458U 99025BUW 18204.25232126 +.00000747 +00000-0 +19218-3 0  9996
2 31458 099.2190 212.1970 0088752 175.8393 184.3557 14.51311366265761
1 31459U 99025BUX 18204.37808289 +.00000657 +00000-0 +28467-3 0  9995
2 31459 098.1370 257.2444 0125349 226.5646 132.5050 14.23111329583116
1 31462U 99025BVA 18204.06559796 +.00000052 +00000-0 +54690-4 0  9998
2 31462 098.9701 232.8353 0032450 282.8521 133.5002 14.10172684577849
1 31463U 99025BVB 18204.72877778 +.00000106 +00000-0 +47874-4 0  9991
2 31463 099.1124 041.7820 0232980 336.5216 022.5462 14.29625882261060
1 31464U 99025BVC 18204.23555736 +.00000014 +00000-0 +33828-4 0  9997
2 31464 099.1084 219.9539 0043924 282.9897 139.9725 14.09935600566196
1 31465U 99025BVD 18204.12316448 +.00001066 +00000-0 +67926-3 0  9994
2 31465 098.6446 324.8826 0124857 298.8862 059.9824 14.01990926570348
1 31466U 99025BVE 18180.71739678  .00000007  00000-0  19279-4 0  9990
2 31466  99.2368 348.6698 0307539 102.3064 326.1397 14.16382076578634
1 31467U 99025BVF 18204.85198242 +.00000824 +00000-0 +66419-3 0  9993
2 31467 098.5816 237.3241 0171472 232.8130 125.7270 13.86450314567752
1 31468U 99025BVG 18203.99838509 +.00000076 +00000-0 +33728-4 0  9992
2 31468 098.3960 260.8476 0186602 039.5913 321.8732 14.38197090285109
1 31471U 99025BVK 18204.73383108 +.00000508 +00000-0 +33298-3 0  9990
2 31471 097.9482 025.1347 0183678 148.6856 212.5406 13.97641323261468
1 31473U 99025BVM 18204.93759523 +.00000580 +00000-0 +30426-3 0  9992
2 31473 098.8163 253.4518 0077828 239.6862 246.0801 14.16535596312148
1 31474U 99025BVN 18204.74438632 +.00000462 +00000-0 +32521-3 0  9994
2 31474 099.1457 181.6943 0079463 110.8674 250.1022 14.01652776573549
1 31475U 99025BVP 18204.53699075 +.00000060 +00000-0 +34332-4 0  9999
2 31475 098.9063 326.6405 0245184 025.3105 335.9853 14.26223366575191
1 31476U 99025BVQ 18204.05402198 +.00000425 +00000-0 +26176-3 0  9996
2 31476 099.0986 224.9976 0059007 239.6051 185.8208 14.10269821575586
1 31477U 99025BVR 18204.50730276 +.00000263 +00000-0 +19212-3 0  9991
2 31477 098.9324 231.2011 0118029 339.9123 019.7418 14.01251115575884
1 31478U 99025BVS 18204.57079133 +.00002076 +00000-0 +71829-3 0  9993
2 31478 102.5905 237.2236 0054033 186.6711 326.7475 14.36785058583509
1 31480U 99025BVU 18204.87811064 +.00001340 +00000-0 +94244-3 0  9995
2 31480 098.3544 356.8803 0412600 293.5421 230.0299 13.65513750564683
1 31481U 99025BVV 18204.60820454 +.00002543 +00000-0 +44554-3 0  9995
2 31481 099.2387 256.0923 0055195 206.6287 153.2077 14.67900744592890
1 31482U 99025BVW 18204.95045347 +.00000258 +00000-0 +11759-3 0  9996
2 31482 098.5968 248.3125 0099907 316.3192 164.3949 14.27090994585750
1 31483U 99025BVX 18204.51207737 +.00000771 +00000-0 +57699-3 0  9995
2 31483 102.5093 216.5815 0152345 251.5861 264.4901 13.94288017571975
