1 41251U 00055FB  18204.42818855 +.00000727 +00000-0 +45484-3 0  9993
2 41251 099.0024 281.0250 0063350 049.1746 311.4891 14.06889811133498
1 41089U 00055AY  18204.45472014 +.00000544 +00000-0 +31432-3 0  9993
2 41089 098.8471 276.5217 0010091 144.8708 215.3131 14.13136437136339
1 41439U 16012H   18204.88282040 +.00002407 +00000-0 +15996-3 0  9994
2 41439 031.0079 059.6317 0011358 084.4276 275.7656 15.04850894127577
1 41058U 00055R   18204.84635754 +.00000088 +00000-0 +77604-4 0  9999
2 41058 098.8208 268.1756 0026980 043.1488 317.1789 14.07340742136595
1 41659U 00055NY  18202.43227056  .00000701  00000-0  38502-3 0  9996
2 41659  98.8959 281.6868 0020226 185.6335 174.4614 14.14959548116383
1 41355U 00055HY  18203.66832801 +.00000989 +00000-0 +53785-3 0  9993
2 41355 098.8767 277.5872 0010579 155.8045 204.3626 14.14576106129205
1 41149U 00055CG  18204.05913739 +.00001182 +00000-0 +47516-3 0  9999
2 41149 098.8973 303.8686 0075920 195.9561 163.9227 14.28534793137959
1 41400U 00055KD  18204.44801958 +.00000717 +00000-0 +38885-3 0  9993
2 41400 098.8443 280.3232 0020528 286.4600 073.4317 14.15550662122612
1 41519U 00055MT  18203.99938824 +.00001138 +00000-0 +60955-3 0  9997
2 41519 098.8669 277.3299 0020916 150.3499 209.8865 14.15016325116853
1 40808U 93036BWM 18204.87530757 +.00000497 +00000-0 +15712-3 0  9997
2 40808 074.0524 155.6816 0019925 159.0451 233.5039 14.42654826339762
1 40602U 95015EZ  18203.02263133 +.00002088 +00000-0 +75155-3 0  9990
2 40602 098.7616 235.5668 0040317 359.2843 000.8277 14.34366508169713
1 41230U 00055EK  18204.08505752 +.00000882 +00000-0 +41409-3 0  9996
2 41230 098.9323 298.4521 0042761 219.3869 140.4196 14.22232844135258
1 41073U 00055AG  18204.48964707 +.00000409 +00000-0 +22201-3 0  9998
2 41073 098.8430 284.2906 0022664 214.6114 145.3586 14.17777685137252
1 41211U 00055DQ  18203.63292392 +.00000361 +00000-0 +23583-3 0  9993
2 41211 098.8766 272.0846 0028824 030.7829 329.5024 14.08354269134877
1 41018U 99025EXY 18140.02163466  .00000391  00000-0  52790-3 0  9990
2 41018  99.8657  72.6287 0327944  76.4957 287.2488 13.45429690509533
1 41643U 08067P   18203.89242537 -.00000029 +00000-0 +00000-0 0  9995
2 41643 064.7455 138.8832 5304961 053.4949 344.5162 04.13440745032323
1 41320U 12026G   18204.20512125 -.00000158 +00000-0 +00000-0 0  9999
2 41320 012.6830 004.6704 4159563 332.9303 010.2516 01.76040561016540
1 41267U 00055FT  18203.66960372 +.00000997 +00000-0 +43617-3 0  9992
2 41267 098.7878 287.4795 0061464 208.4217 151.3605 14.25054006135597
1 41132U 00055BP  18204.02361118 +.00000744 +00000-0 +34364-3 0  9996
2 41132 098.8157 288.3698 0052127 180.8700 179.2396 14.23230280136255
1 41368U 00055JM  18204.70395865 +.00000740 +00000-0 +40376-3 0  9994
2 41368 098.9727 292.2190 0033688 321.6577 038.2201 14.14961964128585
1 40826U 10057AT  17238.85214310 -.00000054 +00000-0 -12266-3 0  9999
2 40826 020.6324 126.6158 7165570 312.3975 006.1420 02.24790460020985
1 41503U 00055MB  18203.99905849 +.00000797 +00000-0 +38759-3 0  9998
2 41503 098.8071 283.1058 0037149 229.3982 130.3961 14.20750316123260
1 40791U 94085AC  16032.64074536 +.00046495 +00000-0 +73830+0 0  9992
2 40791 064.1082 107.4065 0719450 347.4562 010.9254 11.30302846022995
1 40572U 95015EF  18204.80840315 +.00001656 +00000-0 +68367-3 0  9993
2 40572 098.7190 215.2465 0040664 061.5835 298.9435 14.27678938174194
1 41165U 00055CY  18204.41045088 +.00000275 +00000-0 +18213-3 0  9994
2 41165 098.7641 261.2127 0025420 030.6439 329.6210 14.09295258135718
1 41416U 00055KV  18204.42996969 +.00000502 +00000-0 +27334-3 0  9994
2 41416 098.8490 281.8722 0039257 151.4792 208.8541 14.16339050124435
1 40836U 10057BD  15256.27727524  .00000037  00000-0  77284-3 0  9990
2 40836  20.2554  42.2767 7202022 189.6739 139.5847  2.17986037879168
1 41002U 99025EXG 18202.42949669  .00000584  00000-0  47638-3 0  9992
2 41002  98.1700  63.5857 0147616 104.6241 257.1338 13.88009711374192
1 41294U 00055GW  18204.44354524 +.00001077 +00000-0 +54139-3 0  9996
2 41294 098.8596 283.2784 0025788 183.7306 176.3681 14.18421044133995
1 40676U 95015FQ  18204.46463307 +.00000627 +00000-0 +32111-3 0  9997
2 40676 098.7796 208.1570 0008252 093.8312 266.3807 14.19050871165322
1 41198U 00055DB  18204.03955547 +.00000773 +00000-0 +49490-3 0  9992
2 41198 098.9397 271.1484 0038456 090.6025 269.9549 14.05971102133321
1 41419U 00055KY  18204.42796040 +.00000727 +00000-0 +42877-3 0  9993
2 41419 098.8977 275.3155 0023919 115.8537 244.5104 14.10908776124146
1 41005U 99025EXK 18204.57367167 +.00000490 +00000-0 +31728-3 0  9999
2 41005 099.0200 125.7910 0624044 057.3612 308.6172 13.38110855161898
1 41297U 00055GZ  18204.38475997 +.00000881 +00000-0 +63256-3 0  9992
2 41297 098.9866 266.0189 0074524 159.1524 201.2707 13.98257094131228
1 40679U 95015FT  18204.27423977 +.00001335 +00000-0 +55493-3 0  9993
2 40679 098.7713 224.5292 0030683 042.5398 317.8152 14.27864169165849
1 41254U 00055FE  18204.75483563 +.00001843 +00000-0 +86215-3 0  9993
2 41254 099.0786 309.9430 0036373 268.3210 091.3800 14.21228936131980
1 41092U 00055BB  18204.52437209 +.00002302 +00000-0 +78484-3 0  9994
2 41092 098.8781 310.4147 0086954 151.5607 209.0363 14.35320216138323
1 41447U 16012R   18204.76967070 +.00004128 +00000-0 +26098-3 0  9990
2 41447 031.0019 053.4724 0007121 128.1930 231.9349 15.07293301127637
1 41061U 00055U   18204.21145823 +.00000102 +00000-0 +74749-4 0  9991
2 41061 098.8562 283.0664 0020799 267.0495 092.8298 14.15744875137309
1 41358U 00055JB  18203.13225266  .00000428  00000-0  25250-3 0  9993
2 41358  98.8232 273.3183 0017801 329.0432  30.9690 14.13020111127216
1 41152U 00055CK  18203.68799419 +.00000583 +00000-0 +31724-3 0  9996
2 41152 098.8709 283.1784 0014428 211.3707 148.6607 14.16130249136428
1 41403U 00055KG  18204.45032588 +.00000794 +00000-0 +39784-3 0  9996
2 41403 098.8753 288.6963 0029708 229.6580 130.2000 14.19324040127176
1 41522U 00055MW  18204.02335067 +.00001063 +00000-0 +52875-3 0  9995
2 41522 098.8832 286.4894 0031285 176.7400 183.3985 14.18973232116712
1 40989U 15034E   18204.06784553 -.00000173 +00000-0 +00000-0 0  9998
2 40989 001.3208 207.5306 0029499 096.9425 263.0995 01.01536554011036
1 41281U 00055GH  18204.39729803 +.00001177 +00000-0 +74870-3 0  9997
2 41281 098.8988 267.8093 0041755 103.5008 257.0817 14.05231009132317
1 40695U 99025EXB 16161.90903522  .00000402  00000-0  79062-4 0  9998
2 40695  99.4732 197.5169 0306810 101.2274 262.5179 14.43406860375466
1 40605U 95015FC  18203.49955625 +.00000526 +00000-0 +24912-3 0  9998
2 40605 098.7798 218.4212 0037920 084.2604 276.2896 14.23432568169161
1 41233U 00055EN  18202.95662185 +.00000500 +00000-0 +32265-3 0  9994
2 41233 098.8549 266.6165 0045900 047.5654 312.9382 14.06916739133921
1 41076U 00055AK  18204.42587648 +.00000491 +00000-0 +92653-4 0  9990
2 41076 099.2326 023.8353 0210161 050.2057 311.7434 14.56845510141014
1 41214U 00055DT  18203.44990970 +.00000589 +00000-0 +29828-3 0  9992
2 41214 098.8226 283.2562 0036251 190.7237 169.3170 14.19598049135548
1 41040U 15064C   18203.19776347  .00001204  00000-0  33951-4 0  9995
2 41040  97.3728 340.3717 0014886 325.4035  34.6240 15.38359998150309
1 41324U 12026L   18198.58489399 -.00000128  00000-0  00000+0 0  9998
2 41324  12.6514   2.3944 4139661 339.3296   7.7812  1.79763131 16361
1 41270U 00055FW  18204.46980188 +.00000387 +00000-0 +25858-3 0  9992
2 41270 099.0101 281.8814 0036408 133.8372 226.5815 14.06612785132854
1 41135U 00055BS  18204.46968104 +.00001025 +00000-0 +43601-3 0  9992
2 41135 098.8313 294.2351 0063088 168.0578 192.2115 14.26385382137468
1 41371U 00055JQ  18204.70212907 -.00004826 +00000-0 -22484-2 0  9993
2 41371 098.9961 293.5900 0022092 153.2937 206.9381 14.19892541136466
1 41506U 00055ME  18202.07442549  .00001273  00000-0  53435-3 0  9990
2 41506  98.8001 287.8421 0060883 168.4970 191.7618 14.26696662130573
1 40794U 93036BVX 18204.28061437 +.00000496 +00000-0 +16255-3 0  9992
2 40794 073.9943 173.5682 0038502 206.4525 218.4731 14.40566716227811
1 40575U 95015EJ  18204.83749682 +.00000768 +00000-0 +35521-3 0  9993
2 40575 098.7537 215.8018 0023816 026.6405 333.5992 14.23645589173901
1 41535U 00055NK  18204.04421194 +.00008327 +00000-0 +37335-2 0  9991
2 41535 099.0201 297.0132 0013918 114.1756 246.0878 14.22674101117958
1 40578U 95015EM  18204.38700406 +.00001859 +00000-0 +55721-3 0  9993
2 40578 098.8818 269.6435 0084183 261.6115 097.5523 14.42061276177907
1 40864U 12008AE  17023.10082114 -.00001573  00000-0 -53895-1 0  9992
2 40864  19.8280 138.4121 7094240 218.2016  59.9189  2.25211943 16533
1 41538U 00055NN  18204.92300159 +.00000742 +00000-0 +51927-3 0  9995
2 41538 098.8219 253.3493 0058582 104.7021 256.0647 14.00608690127196
1 41201U 00055DE  18203.41496903 +.00000246 +00000-0 +18793-3 0  9991
2 41201 098.9396 267.9385 0049803 133.0729 227.4622 14.01914187134518
1 41422U 00055LB  18204.05025154 +.00000551 +00000-0 +33096-3 0  9995
2 41422 098.8840 276.8958 0019788 138.6957 221.5714 14.10939751125829
1 41008U 99025EXN 18180.91814593 +.00000081 +00000-0 +77339-4 0  9998
2 41008 099.4407 069.7495 0521230 284.3968 069.9881 13.55944106195094
1 41542U 14087D   16102.50593157  .00009121  00000-0  21035-3 0  9998
2 41542  97.2850 201.0270 0005174 222.2385 137.8466 15.42782739 68807
1 41300U 00055HC  18203.39273092 +.00000520 +00000-0 +35561-3 0  9997
2 41300 098.8852 265.2110 0049046 082.8759 277.7981 14.03479518131388
1 40682U 99025EWN 15184.19623171 +.00004022 +00000-0 +11464-2 0  9990
2 40682 099.0606 334.3798 0063001 324.1480 034.3953 14.44686089349611
1 41257U 00055FH  18203.03017873 +.00000973 +00000-0 +53871-3 0  9998
2 41257 098.9619 285.1378 0028597 356.2429 003.8524 14.13538107131706
1 41095U 00055BE  18204.52532382 +.00002420 +00000-0 +97662-3 0  9995
2 41095 098.9901 310.8500 0056429 193.3655 166.6033 14.28045407137531
1 41493U 00055LR  18204.48510307 +.00000742 +00000-0 +36720-3 0  9998
2 41493 098.8608 288.5744 0036339 227.4820 132.3285 14.20051380121157
1 40691U 99025EWX 18199.26922153 -.00000006  00000-0  29869-4 0  9998
2 40691  99.3763 220.1678 0131071  40.7359 320.3510 13.88870698178824
1 41155U 00055CN  18203.00941286 +.00000516 +00000-0 +28834-3 0  9990
2 41155 098.8964 283.5411 0024323 183.8375 176.2615 14.15124015136232
1 41406U 00055KK  18204.47352613 +.00000847 +00000-0 +39237-3 0  9997
2 41406 098.8847 295.1203 0046983 190.5147 169.5053 14.22912766125793
1 41525U 00055MZ  18204.04974028 +.00000537 +00000-0 +31119-3 0  9999
2 41525 098.8382 275.3577 0015603 163.8398 196.3275 14.13030570120567
1 40992U 97051ABE 18204.34333656 +.00001921 +00000-0 +40269-3 0  9991
2 40992 086.3054 060.7066 0021947 246.0372 238.9220 14.59076807339798
1 41284U 00055GL  18204.32697496 +.00000624 +00000-0 +49444-3 0  9990
2 41284 098.8382 243.2848 0097006 163.2859 197.1537 13.92743525131162
1 40609U 95015FG  18204.81069319 +.00000720 +00000-0 +36419-3 0  9996
2 40609 098.7800 208.9911 0006875 063.4131 296.7749 14.19269306168513
1 41236U 00055ER  18202.72151628 +.00001012 +00000-0 +48653-3 0  9994
2 41236 099.0163 302.5932 0047309 187.0819 172.9694 14.20609238135267
1 41079U 00055AN  18204.55506890 +.00000104 +00000-0 +12684-3 0  9993
2 41079 098.9525 241.5396 0146762 214.3996 144.7590 13.81263972133820
1 41646U 08067S   16292.16851197  .00000385  00000-0  26712-1 0  9995
2 41646  64.9818 342.8782 5408150  69.1096 334.3728  4.13669091  5494
1 41217U 00055DW  18204.38001606 +.00000660 +00000-0 +43514-3 0  9996
2 41217 098.8599 264.6197 0049959 129.6564 230.9026 14.04541053133027
1 41045U 00055C   18204.64270788 -.00000058 +00000-0 -75354-5 0  9995
2 41045 098.7851 275.8171 0012487 260.9293 099.0467 14.14135807137277
1 41649U 08067V   18204.82603323 +.00001382 +00000-0 +43529-1 0  9995
2 41649 066.1964 139.9187 5525789 045.0858 348.2717 04.14681914031900
1 41345U 00055HN  18203.71699954 +.00002161 +00000-0 +76970-3 0  9993
2 41345 098.8527 304.1529 0080041 156.4206 204.0679 14.33527597130287
1 41273U 00055FZ  18204.50487627 +.00001043 +00000-0 +42757-3 0  9997
2 41273 098.8781 301.8049 0067799 184.3175 175.7429 14.28095644134907
1 41138U 00055BV  18204.67965181 +.00000602 +00000-0 +34212-3 0  9998
2 41138 098.8580 278.5280 0006353 046.8931 313.2772 14.13688638135267
1 41374U 00055JT  18201.38606760  .00000350  00000-0  23604-3 0  9993
2 41374  98.8956 268.7140 0038923  61.2620 299.2451 14.06475779128212
1 41509U 00055MH  18204.66989416 +.00000502 +00000-0 +29006-3 0  9990
2 41509 098.8805 281.0813 0019404 323.9391 036.0471 14.13452731120623
1 40797U 93036BWA 18204.05111491 +.00000242 +00000-0 +33773-4 0  9990
2 40797 073.9408 098.8930 0124764 285.3247 135.0099 14.79241612335209
1 41377U 00055JW  18204.02582838 +.00000522 +00000-0 +30241-3 0  9995
2 41377 098.9022 282.2117 0024792 337.3571 022.6505 14.13128366130458
1 41512U 00055ML  18203.09440326 +.00000782 +00000-0 +36710-3 0  9992
2 41512 098.8839 293.1354 0045495 191.2762 168.7400 14.22510436121303
1 40800U 93036BWD 18201.19560480  .00001404  00000-0  30285-3 0  9998
2 40800  73.7932 142.6007 0189036 249.8008 175.3686 14.48973149333828
1 40581U 95015EQ  18204.26444926 +.00000695 +00000-0 +37658-3 0  9992
2 40581 098.8588 214.2433 0027994 336.6273 023.3626 14.15611100170556
1 41066U 00055Z   18204.90883976 +.00000177 +00000-0 +11344-3 0  9993
2 41066 098.8585 283.7778 0015973 238.7911 121.1697 14.15449741137345
1 41541U 14087C   18202.56552236 +.00003646 +00000-0 +64279-4 0  9993
2 41541 097.3162 318.2568 0005219 077.8201 282.3636 15.51076411197389
1 41204U 00055DH  18203.41136863 +.00000456 +00000-0 +29111-3 0  9999
2 41204 098.9073 275.0066 0026721 132.2996 228.0444 14.08360376134858
1 41425U 00055LE  18204.21147949 +.00001014 +00000-0 +44139-3 0  9998
2 41425 098.9200 301.9154 0056817 199.9195 159.9766 14.25445125127599
1 41011U 99025EXR 18192.55748631  .00000134  00000-0  41631-4 0  9999
2 41011  99.1909  50.2925 0364499 308.5536  48.3495 14.27190257183748
1 41545U 15075F   17244.81185559 -.00000097  00000-0  00000+0 0  9993
2 41545   1.2577 100.4271 0258370  72.8643 290.4509  1.05636214  6286
1 41303U 00055HF  18204.59600889 +.00001849 +00000-0 +59726-3 0  9995
2 41303 098.9990 326.7565 0106046 167.1471 193.2456 14.37256900134572
1 40685U 99025EWR 18182.37360874  .00000197  00000-0  20606-3 0  9990
2 40685  99.4446 238.6007 0175557  35.4540 325.8134 13.80188998183416
1 41260U 00055FL  18202.40092346  .00000422  00000-0  27050-3 0  9999
2 41260  98.9319 276.5233 0026982  52.2773 308.0836 14.08522987134502
1 41119U 11077AJ  18203.78333228 -.00000092 +00000-0 +00000-0 0  9994
2 41119 020.8029 214.3526 7254475 316.4042 005.0604 01.69755450021972
1 41361U 00055JE  18204.00330233 +.00000111 +00000-0 +93892-4 0  9992
2 41361 098.8698 266.5456 0040670 132.8552 227.6044 14.05515375125753
1 40811U 93036BWQ 18204.05634665 +.00000856 +00000-0 +15775-3 0  9992
2 40811 074.0262 348.6368 0046251 044.4445 316.0420 14.66520156648457
1 41496U 00055LU  18204.46469051 +.00000655 +00000-0 +34895-3 0  9992
2 41496 098.8363 281.4525 0020571 247.1175 112.7827 14.16779762123006
1 40694U 99025EXA 18182.46112485 +.00001809 +00000-0 +75377-3 0  9999
2 40694 098.3406 264.9625 0114964 123.5322 237.6902 14.23876222223016
1 41158U 00055CR  18203.01508948  .00000590  00000-0  32108-3 0  9999
2 41158  98.9161 286.8614 0016443 217.0440 142.9599 14.16083997136328
1 41409U 00055KN  18204.41323592 +.00000650 +00000-0 +34549-3 0  9991
2 41409 098.7896 275.6924 0036596 288.7678 070.9527 14.16659535125303
1 41528U 00055NC  18204.02442042 +.00001054 +00000-0 +56018-3 0  9996
2 41528 098.7963 270.7822 0023902 311.0457 048.8651 14.15552781120665
1 40995U 97051ABH 18202.05111203 +.00000710 +00000-0 +19277-3 0  9992
2 40995 086.3927 117.4849 0043671 016.9738 043.8635 14.45634270116882
1 41287U 00055GP  18202.99862081 +.00000261 +00000-0 +18952-3 0  9995
2 41287 098.9011 264.8085 0044031 110.0106 250.5810 14.04369719132052
1 40612U 95015FK  18202.44405481 +.00000558 +00000-0 +28876-3 0  9998
2 40612 098.7803 206.1476 0008770 090.4549 269.7632 14.18949415168117
1 41244U 00055EU  18204.08459702 +.00000532 +00000-0 +30296-3 0  9998
2 41244 098.9667 289.9257 0012772 316.0206 043.9950 14.14097378131471
1 41082U 00055AR  18204.94729498 +.00000138 +00000-0 +17655-3 0  9991
2 41082 098.6997 193.5341 0220801 270.5695 087.0158 13.68062890132590
1 41220U 00055DZ  18204.39984888 +.00000446 +00000-0 +28178-3 0  9994
2 41220 098.8542 271.5582 0019408 116.6751 243.6409 14.09110327134594
1 41051U 00055J   18203.67837646 +.00000543 +00000-0 +30257-3 0  9994
2 41051 098.8693 281.5010 0017680 288.2102 071.7146 14.15097423137157
1 41652U 00055NR  18204.44162778 +.00000500 +00000-0 +31831-3 0  9996
2 41652 098.9287 273.8145 0049426 027.6801 332.6984 14.07719311116201
1 41348U 00055HR  18204.42018197 +.00000820 +00000-0 +45376-3 0  9995
2 41348 098.8471 274.3245 0042583 146.9969 213.3874 14.13642337128184
1 41276U 00055GC  18204.63725377 +.00000318 +00000-0 +20335-3 0  9993
2 41276 098.8435 272.7305 0016660 105.1929 255.1085 14.10314041133104
1 41141U 00055BY  18204.07663190 +.00001204 +00000-0 +49910-3 0  9991
2 41141 098.9527 307.4244 0069141 209.5961 150.1298 14.27214611137321
1 41054U 00055M   18204.55605616 +.00000120 +00000-0 +67601-4 0  9990
2 41054 098.9395 306.9499 0070732 204.4194 155.3629 14.26391966138428
1 41655U 00055NU  18204.47827843 +.00000536 +00000-0 +28781-3 0  9992
2 41655 098.8310 281.3488 0023180 190.5189 169.5503 14.17046328117007
1 41351U 00055HU  18204.61537714 +.00000365 +00000-0 +23071-3 0  9993
2 41351 098.7930 266.9711 0014331 123.9293 236.3243 14.10158381130341
1 41279U 00055GF  18204.42023891 +.00000513 +00000-0 +34225-3 0  9995
2 41279 098.9400 274.2820 0038392 124.2951 236.1860 14.05185550132375
1 41145U 00055CC  18204.20807704 +.00001440 +00000-0 +41445-3 0  9998
2 41145 099.0106 334.8155 0126518 142.1658 218.8506 14.41868488139118
1 41396U 00055JZ  18204.54140764 +.00001668 +00000-0 +46736-3 0  9999
2 41396 098.8504 319.6242 0124942 093.3583 268.1907 14.42987453131059
1 40872U 12035F   18097.02015033 -.00000171  00000-0  00000+0 0  9990
2 40872   2.8071  89.3264 0088581 151.1408 209.6572  1.02741501 16990
1 41515U 00055MP  18203.47944065 +.00001717 +00000-0 +85738-3 0  9999
2 41515 099.0228 297.8114 0013917 263.7508 096.2081 14.18173407116732
1 40804U 93036BWH 18195.93344016  .00005198  00000-0  42909-3 0  9991
2 40804  74.0252 276.0411 0017881 316.8799 159.2007 14.99133745338966
1 40585U 95015EU  18204.86638766 +.00005117 +00000-0 +13717-2 0  9992
2 40585 097.8412 158.9327 0036397 104.6889 255.8344 14.48170719172816
1 41226U 00055EF  18203.66106918 +.00000202 +00000-0 +14775-3 0  9997
2 41226 098.8878 270.1512 0036017 133.3189 227.0992 14.06306271134063
1 41069U 00055AC  18204.44259115 +.00000111 +00000-0 +53027-4 0  9990
2 41069 098.6406 286.5913 0128257 091.4159 270.1721 14.32088478138707
1 41207U 00055DL  18204.73165804 +.00001060 +00000-0 +42338-3 0  9993
2 41207 098.8675 302.5381 0073824 175.5933 184.5913 14.29147445136741
1 41014U 99025EXU 18203.40288691  .00001287  00000-0  28712-3 0  9998
2 41014  98.9007  62.2055 0072111  71.0022 289.8969 14.57177811231008
1 41548U 15075J   18204.08416859 -.00000355 +00000-0 +00000-0 0  9990
2 41548 002.3545 073.3618 0383186 059.9300 303.6442 01.02194907009774
1 41306U 00055HJ  18204.74880466 +.00001332 +00000-0 +51000-3 0  9990
2 41306 098.8918 306.5801 0081771 182.3280 177.7533 14.30500577134317
1 40688U 99025EWU 15285.94058789 +.00000168 +00000-0 +18490-3 0  9992
2 40688 099.1383 191.7657 0144549 271.7378 086.7224 13.81080720046929
1 41263U 00055FP  18203.09456861  .00000371  00000-0  29949-3 0  9996
2 41263  98.9356 252.0454 0088484 153.7530 206.8156 13.94556777131317
1 41128U 00055BK  18204.04035505 +.00000675 +00000-0 +38150-3 0  9991
2 41128 099.0422 293.8798 0012338 144.3048 215.8951 14.13633929135798
1 41364U 00055JH  18204.65048673 +.00000603 +00000-0 +35046-3 0  9992
2 41364 098.8047 270.9139 0019128 140.1236 220.1345 14.12346077126927
1 40818U 10057AK  18204.76574900 -.00000180 +00000-0 +00000-0 0  9997
2 40818 020.6671 019.7837 7115032 153.6641 274.4727 02.25695109027792
1 41499U 00055LX  18204.38808941 +.00000662 +00000-0 +36174-3 0  9991
2 41499 098.8044 273.9574 0041149 314.8844 044.8991 14.15048116122540
1 40711U 93055D   18204.27670097 +.00000795 +00000-0 +57788-3 0  9997
2 40711 082.5462 037.5702 0016560 306.5235 053.4406 13.95155294697499
1 40568U 95015EB  18204.93831050 +.00000715 +00000-0 +39269-3 0  9992
2 40568 098.7695 194.4905 0035835 186.3292 173.7433 14.14570486170530
1 41161U 00055CU  18204.41026273 +.00000423 +00000-0 +27095-3 0  9998
2 41161 098.8700 271.9758 0042222 014.1222 346.1117 14.08266365135632
1 41412U 00055KR  18203.01014752 +.00000537 +00000-0 +33966-3 0  9991
2 41412 098.7676 258.0500 0029300 056.3618 304.0341 14.08031134124287
1 41531U 00055NF  18204.61696046 +.00000655 +00000-0 +42500-3 0  9997
2 41531 098.8564 266.7437 0036731 105.2317 255.2916 14.05749566116599
1 40830U 10057AX  15282.25758233  .00000102  00000-0  28443-2 0  9997
2 40830  20.5834  15.6925 7137220 234.6349  36.7777  2.22854353869431
1 40998U 97051ABL 18204.02175061 +.00000245 +00000-0 +75812-4 0  9997
2 40998 086.3876 114.8188 0007287 326.4588 089.2153 14.37185258682795
1 41290U 00055GS  18202.47987881 +.00001146 +00000-0 +56909-3 0  9995
2 41290 098.9878 296.4845 0028216 234.9612 124.8915 14.18966212133367
1 40672U 95015FL  18204.21959556 +.00001318 +00000-0 +61595-3 0  9998
2 40672 098.7696 211.0683 0007728 066.0273 294.1712 14.22017371172043
1 41247U 00055EX  18204.01599846 +.00002113 +00000-0 +91463-3 0  9998
2 41247 098.9089 295.6971 0071922 245.2354 114.1329 14.24049207132761
1 41085U 00055AU  18204.88054007 +.00000182 +00000-0 +11367-3 0  9997
2 41085 098.8514 284.3481 0021177 241.7738 118.1298 14.16389248137169
1 40835U 10057BC  18204.79646216 -.00000124 +00000-0 +13973-2 0  9992
2 40835 020.3731 029.3898 7192176 141.4449 302.5204 02.20214853027133
1 41223U 00055EC  18204.35693498 +.00000222 +00000-0 +16398-3 0  9990
2 41223 098.8207 262.3079 0038154 117.4934 243.0120 14.04725738133995
1 41430U 00055LK  18204.04258615 +.00000843 +00000-0 +40272-3 0  9991
2 41430 098.9190 295.7416 0049105 243.4253 116.1887 14.21317172129784
1 41433U 00055LN  18204.72011773 +.00001563 +00000-0 +74262-3 0  9997
2 41433 099.0009 301.7178 0035019 190.9144 169.1276 14.20665909128912
1 41057U 00055Q   18204.69602016 +.00000618 +00000-0 +32213-3 0  9991
2 41057 098.8886 288.7310 0027185 235.8590 124.0006 14.18119814137574
1 41658U 00055NX  18204.48200175 +.00000925 +00000-0 +47333-3 0  9995
2 41658 098.8956 286.5393 0034716 165.2669 194.9525 14.17717370117027
1 41354U 00055HX  18202.46089607  .00000409  00000-0  25695-3 0  9993
2 41354  98.8611 271.7252 0023747  26.7499 333.4891 14.09853030127697
1 41148U 00055CF  18204.75562207 +.00001496 +00000-0 +47589-3 0  9993
2 41148 098.8782 315.8152 0096735 135.5868 225.3128 14.38795650138747
1 41399U 00055KC  18202.14714932 +.00000079 +00000-0 +75863-4 0  9999
2 41399 098.8899 264.9468 0048839 076.1449 284.5145 14.04141863127394
1 41518U 00055MS  18204.16435245 +.00001171 +00000-0 +58635-3 0  9994
2 41518 098.8569 282.9776 0029721 271.9336 087.8435 14.18450408116973
1 40807U 93036BWL 18204.04230348 +.00000528 +00000-0 +22251-3 0  9999
2 40807 074.0259 345.7096 0103755 353.6063 006.3752 14.25288895385099
1 40601U 95015EY  18204.22277819 +.00000799 +00000-0 +39587-3 0  9994
2 40601 098.7988 214.1970 0016136 357.7237 002.3863 14.20030087171755
1 41229U 00055EJ  18203.99616196 +.00000202 +00000-0 +15813-3 0  9994
2 41229 098.8852 259.2122 0079747 068.0046 292.9569 14.01293045133515
1 41072U 00055AF  18204.87138940 +.00000003 +00000-0 +48675-4 0  9996
2 41072 098.7963 178.6655 0288856 335.3500 023.4060 13.52700036131098
1 41210U 00055DP  18203.45066710  .00000269  00000-0  18147-3 0  9992
2 41210  98.8790 272.5970 0026299  48.8781 311.4653 14.08624734135222
1 41017U 99025EXX 16048.23031630  .00028021  00000-0  66911-2 0  9993
2 41017  99.1148 202.9380 0018667 122.3422   2.3639 14.53480835177992
1 41642U 08067N   18203.75104293 +.00000665 +00000-0 +11821-2 0  9995
2 41642 065.1839 107.2845 5748898 030.2260 353.1010 04.27424409033375
1 41319U 12026F   18201.84757312 -.00000146  00000-0  00000+0 0  9999
2 41319  12.7430   5.6095 4136181 332.2555  10.6112  1.76694286 16570
1 41266U 00055FS  18204.43544808 +.00000469 +00000-0 +27849-3 0  9992
2 41266 098.8450 275.5845 0003632 026.5440 333.5917 14.12327068133200
1 41131U 00055BN  18204.41597024 +.00000054 +00000-0 +66779-4 0  9995
2 41131 098.9031 259.4032 0070824 131.4769 229.2505 13.97850227133937
1 41367U 00055JL  18204.05072083 +.00000983 +00000-0 +47234-3 0  9994
2 41367 098.9353 295.7694 0053665 257.9307 101.5852 14.20509656127505
1 40824U 10057AR  17115.18755859  .00000770  00000-0  12337-1 0  9995
2 40824  19.3558 171.3014 7181525 252.2751  23.0491  2.22072289891642
1 41502U 00055MA  18204.42204575 +.00000396 +00000-0 +24830-3 0  9994
2 41502 098.8481 272.5534 0012045 077.3327 282.9190 14.10137158123414
1 40571U 95015EE  18204.92566548 +.00000923 +00000-0 +31450-3 0  9997
2 40571 098.7109 241.9703 0073812 296.0027 063.3570 14.37422395173270
1 41164U 00055CX  18204.01008366 +.00000311 +00000-0 +23949-3 0  9990
2 41164 099.0078 268.7628 0073342 160.4270 199.9735 13.99107039134675
1 41415U 00055KU  18204.47680839 +.00000503 +00000-0 +28556-3 0  9992
2 41415 098.8560 279.7604 0007752 202.5564 157.5269 14.14474845124276
1 41001U 99025EXF 18170.20622894 +.00000923 +00000-0 +46435-3 0  9990
2 41001 098.9930 172.4012 0035121 316.5879 108.9193 14.18679548221845
1 41293U 00055GV  18203.96928278 +.00000739 +00000-0 +47176-3 0  9991
2 41293 098.9302 271.0039 0036889 115.0425 245.4580 14.06309758132430
1 40675U 95015FP  18204.24600750 +.00000730 +00000-0 +36937-3 0  9992
2 40675 098.7792 208.0267 0007096 080.9284 279.2694 14.19191632169635
1 41250U 00055FA  18204.49312359 +.00001097 +00000-0 +65112-3 0  9998
2 41250 099.0603 288.2884 0054235 162.5056 197.7997 14.08932329133866
1 41088U 00055AX  18204.74556726 +.00004873 +00000-0 +18386-2 0  9998
2 41088 098.9613 307.5105 0045936 202.5398 157.3767 14.31244425137801
1 40857U 12008X   18204.45293900 -.00000158 +00000-0 +28873-2 0  9997
2 40857 020.1245 324.3365 7156933 174.0788 204.9860 02.21537038029736
1 41004U 99025EXJ 18157.60469078 +.00000294 +00000-0 +36465-3 0  9998
2 41004 099.2205 290.8136 0262284 336.9668 021.9885 13.59132394197642
1 41296U 00055GY  18204.41501514 +.00000461 +00000-0 +29990-3 0  9991
2 41296 098.9058 273.9024 0030756 061.1423 299.2827 14.07232592131917
1 40678U 95015FS  18204.48700133 +.00000792 +00000-0 +35887-3 0  9998
2 40678 098.7350 213.9864 0028439 035.0410 325.2633 14.24557433166387
1 41253U 00055FD  18204.55221069 +.00001078 +00000-0 +45971-3 0  9995
2 41253 098.9791 309.0326 0066223 221.9943 137.6149 14.26116512132592
1 41091U 00055BA  18204.42259545 +.00000836 +00000-0 +53232-3 0  9991
2 41091 099.0035 278.8114 0059995 064.1088 296.6248 14.05568985135645
1 41445U 16012P   18204.66734590 +.00004428 +00000-0 +26253-3 0  9992
2 41445 031.0052 041.7195 0008983 132.3456 227.7944 15.09660502127728
1 41060U 00055T   18204.74953519 +.00000533 +00000-0 +21754-3 0  9992
2 41060 098.9209 309.5938 0090262 199.9216 159.8432 14.29433531138709
1 41357U 00055JA  18204.94785534 +.00000114 +00000-0 +11338-3 0  9995
2 41357 098.9117 254.6684 0088711 132.4303 228.4405 13.94301129126763
1 41151U 00055CJ  18204.94602133 +.00000138 +00000-0 +12578-3 0  9993
2 41151 098.8853 254.1284 0081165 113.6698 247.3009 13.96897956134934
1 41402U 00055KF  18202.95688174 +.00000543 +00000-0 +35908-3 0  9992
2 41402 098.8568 264.5763 0038120 128.0569 232.4049 14.05426316125649
1 41521U 00055MV  18204.66453502 +.00001497 +00000-0 +73480-3 0  9995
2 41521 098.8113 276.6664 0061965 295.3052 064.1712 14.18295178116729
1 41280U 00055GG  18204.92617915 +.00000494 +00000-0 +33008-3 0  9994
2 41280 098.7812 257.6468 0035589 096.9928 263.5290 14.05177206132650
1 40604U 95015FB  18204.66794399 +.00001747 +00000-0 +35895-3 0  9994
2 40604 098.6824 274.5761 0132540 168.6641 191.7592 14.56613792172707
1 41232U 00055EM  18202.95600716 +.00000526 +00000-0 +36512-3 0  9992
2 41232 098.9544 267.6454 0054155 093.8711 266.8649 14.02491455133368
1 41075U 00055AJ  18204.93431840 +.00000650 +00000-0 +11489-3 0  9991
2 41075 099.1234 010.4490 0228498 098.4638 264.2525 14.55906361140995
1 41213U 00055DS  18203.46492656 +.00001078 +00000-0 +56865-3 0  9996
2 41213 098.9838 291.8191 0030005 322.0844 037.8216 14.15870312135187
1 41024U 15061C   18204.33394249 +.00001370 +00000-0 +15015-3 0  9992
2 41024 097.3134 241.4248 0227067 163.3698 197.5119 14.72220700146475
1 41645U 08067R   18204.40044152 +.00002657 +00000-0 +29264-1 0  9990
2 41645 065.2035 133.0263 5659765 042.7705 349.4848 04.14935706032115
1 41323U 12026K   18204.02555239 -.00000151 +00000-0 +00000-0 0  9998
2 41323 012.4964 000.2726 4159264 339.6126 007.6187 01.77769257016567
1 41269U 00055FV  18204.01552790 +.00000613 +00000-0 +39222-3 0  9997
2 41269 098.9752 277.6322 0034121 114.1467 246.3275 14.06923196132947
1 41134U 00055BR  18204.62158073 +.00000509 +00000-0 +32348-3 0  9997
2 41134 098.8713 272.4790 0030662 043.7255 316.6335 14.07994234134766
1 41370U 00055JP  18204.54197600 +.00001186 +00000-0 +43077-3 0  9992
2 41370 098.8813 309.0707 0091536 164.7072 195.6911 14.32898936138109
1 41505U 00055MD  18202.43516395 +.00000618 +00000-0 +33140-3 0  9993
2 41505 098.8716 281.5770 0048615 156.4850 203.8561 14.16121038127045
1 40793U 93036BVW 18173.84966869  .00000359  00000-0  21328-3 0  9996
2 40793  73.9809 234.3820 0231930 260.8496  96.6334 13.98646645300248
1 40574U 95015EH  18204.14798241 +.00001180 +00000-0 +73363-3 0  9996
2 40574 098.8403 185.9166 0062207 325.0047 034.7040 14.05992555171594
1 41534U 00055NJ  18204.61840101 +.00000693 +00000-0 +43307-3 0  9991
2 41534 098.8975 271.8282 0029176 116.7553 243.6606 14.07793688115207
1 41197U 00055DA  18204.35279647 +.00001226 +00000-0 +77901-3 0  9998
2 41197 098.7694 252.2014 0047649 083.0183 277.6402 14.05070342133276
1 41418U 00055KX  18204.71804846 +.00000903 +00000-0 +42726-3 0  9997
2 41418 098.9547 300.6187 0040743 209.6651 150.2215 14.21824047124808
1 41537U 00055NM  18204.67577670 -.00000474 +00000-0 -22924-3 0  9999
2 41537 098.8625 280.4309 0004921 261.8761 098.1853 14.13234991129174
1 41200U 00055DD  18204.67943421 +.00001136 +00000-0 +55339-3 0  9997
2 41200 098.8637 286.8155 0027705 205.7549 154.2249 14.19968194136085
1 41421U 00055LA  18204.49796077 +.00001104 +00000-0 +50775-3 0  9999
2 41421 098.9031 295.7840 0053765 231.4604 128.1748 14.22517196125080
1 41007U 99025EXM 18201.83194379  .00000507  00000-0  50012-3 0  9996
2 41007  99.9780  56.0226 0187558 196.3889 163.1141 13.76397031201544
1 41299U 00055HB  18202.40532881 +.00000487 +00000-0 +30763-3 0  9990
2 41299 098.8773 270.4892 0052514 016.3545 343.9305 14.08084518131733
1 40681U 95015FV  18204.77680575 +.00000596 +00000-0 +31132-3 0  9992
2 40681 098.7813 206.9113 0006095 096.9308 263.2560 14.18205476170105
1 41256U 00055FG  18204.75043643 +.00001117 +00000-0 +56307-3 0  9999
2 41256 099.0714 306.1900 0024620 209.5134 150.4652 14.18337225132091
1 41094U 00055BD  18204.74971142 +.00001194 +00000-0 +47972-3 0  9995
2 41094 098.9828 313.0051 0073773 163.9241 196.4305 14.28639201137779
1 41492U 00055LQ  18200.51248633 +.00000987 +00000-0 +85190-3 0  9993
2 41492 098.8245 225.6157 0130360 195.3227 164.3965 13.84899903120425
1 40690U 99025EWW 18173.09847351  .00000027  00000-0  54518-4 0  9997
2 40690  99.2753 122.7459 0095590 319.3319  40.0729 13.92834623233363
1 41063U 00055W   18204.77029565 +.00000467 +00000-0 +28598-3 0  9992
2 41063 098.8947 277.8881 0023143 009.5688 350.5919 14.10549585136858
1 41360U 00055JD  18204.05621522 +.00000500 +00000-0 +29138-3 0  9993
2 41360 098.9216 283.9281 0028093 342.4033 017.6163 14.12977748128033
1 41154U 00055CM  18203.95903778 +.00000447 +00000-0 +33049-3 0  9994
2 41154 098.9204 262.1597 0069520 114.5761 246.2669 13.99206460134843
1 41405U 00055KJ  18204.45554847 +.00000811 +00000-0 +46718-3 0  9990
2 41405 098.9052 278.4119 0016118 018.9161 341.2606 14.11981010124942
1 41283U 00055GK  18204.35858375 +.00000299 +00000-0 +23787-3 0  9997
2 41283 098.8253 250.4786 0071049 122.4019 238.4044 13.97331293132559
1 40608U 95015FF  18204.79588638 +.00000111 +00000-0 +69392-4 0  9993
2 40608 098.7531 215.7896 0033322 024.3025 335.9715 14.22292692168939
1 41235U 00055EQ  18203.02132123 +.00001326 +00000-0 +67820-3 0  9991
2 41235 099.0295 288.5626 0011240 317.0298 042.9997 14.17307687134413
1 41078U 00055AM  18204.91556364 +.00000172 +00000-0 +22997-3 0  9996
2 41078 098.8543 191.1545 0291901 264.9832 091.7932 13.56249706131448
1 41216U 00055DV  18204.92757542 +.00000384 +00000-0 +33483-3 0  9999
2 41216 098.8558 240.7529 0111277 171.8968 188.4022 13.88819659132860
1 41042U 15064E   18204.10410292 +.00002958 +00000-0 +21721-3 0  9991
2 41042 097.1603 254.8359 0202024 121.1780 240.9420 14.89176122145300
1 41344U 00055HM  18204.05627019 +.00000846 +00000-0 +42006-3 0  9994
2 41344 099.0135 302.3042 0034086 206.7539 153.1879 14.19604103128703
1 41272U 00055FY  18203.99428189 +.00000490 +00000-0 +31312-3 0  9996
2 41272 098.8944 272.5171 0033041 045.4767 314.9093 14.07902636132675
1 41137U 00055BU  18204.41572485 +.00000497 +00000-0 +30155-3 0  9994
2 41137 098.8498 272.7071 0031720 132.0021 228.3858 14.10597109135802
1 41373U 00055JS  18204.07207941 +.00000683 +00000-0 +34774-3 0  9998
2 41373 098.8726 287.8460 0028758 232.3175 127.5392 14.18947607129714
1 41508U 00055MG  18204.68305557 +.00000480 +00000-0 +26677-3 0  9995
2 41508 098.8836 284.9732 0030976 290.9171 068.8688 14.15638419116869
1 40796U 93036BVZ 18204.67295319 +.00000257 +00000-0 +56300-4 0  9996
2 40796 074.0225 305.9645 0078353 038.9800 029.5076 14.61103254366128
1 40577U 95015EL  18204.24191332 +.00000990 +00000-0 +47433-3 0  9995
2 40577 098.7547 208.2653 0019148 358.9197 001.1936 14.21214041173445
1 41511U 00055MK  18202.40927354  .00000551  00000-0  34386-3 0  9997
2 41511  98.8795 271.5307 0028572  42.1049 318.2308 14.08736087120113
1 40799U 93036BWC 18202.99361333  .00000229  00000-0  30013-4 0  9994
2 40799  73.9374  82.3382 0158549 235.0417 123.5784 14.79138955399333
1 40580U 95015EP  18204.94399308 +.00000607 +00000-0 +34281-3 0  9991
2 40580 098.7955 197.6511 0017563 287.0475 072.8773 14.13863120170457
1 41065U 00055Y   18204.65628724 +.00000323 +00000-0 +20543-3 0  9996
2 41065 098.8584 274.8804 0011878 041.7604 318.4471 14.10576828136831
1 41540U 00055NQ  18203.42962935  .00000009  00000-0  31810-4 0  9994
2 41540  98.8789 268.5565 0039367  60.0875 300.4194 14.06025255116678
1 41203U 00055DG  18204.01153788 +.00000193 +00000-0 +14037-3 0  9999
2 41203 098.8741 270.4963 0036753 028.6783 331.6397 14.07283286134740
1 41424U 00055LD  18204.00984048 +.00000498 +00000-0 +27334-3 0  9996
2 41424 098.9110 287.4349 0031977 178.1522 181.9775 14.16062341124435
1 41010U 99025EXQ 18204.57392453 +.00000572 +00000-0 +34886-3 0  9990
2 41010 099.2185 330.2742 0041933 059.0995 359.2663 14.09865374304402
1 41544U 15075E   18204.09579027 -.00000173 +00000-0 +00000-0 0  9992
2 41544 001.9287 092.9018 0292907 083.3569 279.5554 01.05680525009737
1 41302U 00055HE  18204.01397968 +.00000265 +00000-0 +18008-3 0  9991
2 41302 098.8833 272.4647 0027492 130.0577 230.3010 14.08290105131970
1 40684U 99025EWQ 18202.39566811  .00000376  00000-0  23811-3 0  9993
2 40684  98.9056 264.2890 0030448 335.7739  24.1998 14.09774103233915
1 41259U 00055FK  18203.51145016  .00001778  00000-0  60594-3 0  9998
2 41259  98.8383 304.5305 0104092 119.5160 241.6453 14.34718066135588
1 41097U 00055BG  18204.92793499 +.00000262 +00000-0 +23437-3 0  9990
2 41097 098.8665 244.3109 0103477 164.3395 196.1006 13.90355510134105
1 40810U 93036BWP 18203.38736468 +.00000272 +00000-0 +83532-4 0  9999
2 40810 074.0409 098.4879 0023115 197.3079 162.7294 14.46134923225649
1 41495U 00055LT  18204.38113297 +.00000544 +00000-0 +36998-3 0  9993
2 41495 098.8326 260.9579 0045204 105.4270 255.1897 14.03667501121726
1 40693U 99025EWZ 18199.16887121  .00000433  00000-0  51941-3 0  9992
2 40693  98.9057 169.8045 0297342 239.3519 117.7999 13.54853968215423
1 41524U 00055MY  16240.00441139  .00000241  00000-0  13866-3 0  9995
2 41524  98.8815 311.1021 0033454  61.3223 299.1308 14.18105262 17945
1 40991U 15044C   17281.88019700  .00000101  00000-0  00000+0 0  9990
2 40991  18.3581 189.5748 6146201  68.9010 344.1042  2.08537456 15720
1 41157U 00055CQ  18202.97547812 +.00000823 +00000-0 +51581-3 0  9990
2 41157 098.9669 274.9214 0038079 079.7122 280.8337 14.06988066135458
1 41408U 00055KM  18203.42797602 +.00000535 +00000-0 +29824-3 0  9999
2 41408 098.8525 279.6819 0013011 268.4014 091.5669 14.15147453125402
1 41527U 00055NB  18204.06534497 +.00001096 +00000-0 +48554-3 0  9997
2 41527 098.9899 306.9725 0051190 214.7111 145.0724 14.24582787122510
1 40994U 97051ABG 18204.92357878 +.00001540 +00000-0 +26985-3 0  9995
2 40994 086.3924 081.8384 0006861 193.9644 166.1381 14.67165390203507
1 41286U 00055GN  18204.46187729 +.00004056 +00000-0 +18030-2 0  9999
2 41286 098.9941 296.4457 0063450 274.8400 084.5534 14.22435880133938
1 40789U 94085AA  16079.87703944  .00010879  00000-0  13474+0 0  9992
2 40789  64.8695  35.7059 0934165 344.9896  10.9466 11.20836072 27621
1 40611U 95015FJ  18203.93384090 +.00000705 +00000-0 +37693-3 0  9995
2 40611 098.7835 200.2022 0034058 171.0100 189.1691 14.16087677168166
1 41243U 00055ET  18203.66595391 +.00000464 +00000-0 +27567-3 0  9996
2 41243 098.8672 276.5743 0003921 050.1526 309.9991 14.12367236131318
1 41081U 00055AQ  18204.75112978 +.00000133 +00000-0 +85331-4 0  9990
2 41081 099.0929 303.2017 0150581 168.9344 191.5202 14.13447885136943
1 41648U 08067U   16256.32863924 -.00004794  00000-0 -30016+0 0  9996
2 41648  64.8281 353.6398 5416086  72.9197 337.6300  4.13243737  3757
1 40828U 10057AV  15203.28034756 +.00000353 +00000-0 +12955-1 0  9995
2 40828 020.8684 050.6336 7114068 165.2662 238.2739 02.24496229003816
1 41219U 00055DY  18204.41580784 +.00000438 +00000-0 +25862-3 0  9990
2 41219 098.8099 272.8018 0010283 151.6026 208.5709 14.12867876135229
1 41049U 00055G   18204.17532884 +.00000431 +00000-0 +25657-3 0  9997
2 41049 098.8365 274.9383 0008998 155.2244 204.9361 14.12552636136989
1 41651U 08067X   16274.43082585 -.00000048  00000-0  00000+0 0  9995
2 41651  64.8611 347.9234 5382139  70.2204 338.8755  4.13828431  4493
1 41347U 00055HQ  18203.99019360 +.00000559 +00000-0 +33035-3 0  9996
2 41347 098.8429 272.8175 0023759 354.9206 005.1721 14.11711689128127
1 41275U 00055GB  18204.64445439 +.00000334 +00000-0 +21133-3 0  9996
2 41275 098.8303 271.0463 0025855 125.3550 235.0042 14.10468124133049
1 41140U 00055BX  18204.45766697 +.00000498 +00000-0 +22289-3 0  9992
2 41140 098.8045 290.6914 0069322 153.2057 207.2730 14.25743061137940
1 41376U 00055JV  18204.40564297 +.00000507 +00000-0 +28467-3 0  9995
2 41376 098.8577 280.8855 0020196 295.9815 063.9278 14.14939470129908
1 41278U 00055GE  18204.46150825 +.00001502 +00000-0 +66700-3 0  9998
2 41278 098.8592 291.3785 0044384 181.0188 179.0907 14.23986820134116
1 41144U 00055CB  18203.39991324 +.00000402 +00000-0 +23437-3 0  9996
2 41144 098.7790 269.8859 0035423 153.8393 206.4579 14.13719243136392
1 41379U 00055JY  18204.69055225 +.00000675 +00000-0 +33895-3 0  9992
2 41379 098.8376 285.9157 0034527 185.8781 174.1994 14.19589438130846
1 40871U 12035E   18201.01673580 -.00000300  00000-0  00000+0 0  9996
2 40871   3.0810  88.2052 0029835 213.3384 105.4941  1.01518394 21863
1 41514U 00055MN  18204.49272838 +.00000833 +00000-0 +40294-3 0  9999
2 41514 098.8779 290.5749 0045141 167.2620 192.9708 14.20744349117373
1 40803U 93036BWG 18197.35153844  .00000132  00000-0  44322-4 0  9990
2 40803  74.0145  81.7120 0036722 234.4262 125.3472 14.46263957195882
1 40583U 95015ES  18204.26468301 +.00000682 +00000-0 +28789-3 0  9998
2 40583 098.7718 231.8121 0043928 007.6157 352.5682 14.28428778172149
1 41225U 00055EE  18204.46926658 +.00001315 +00000-0 +64988-3 0  9993
2 41225 098.9239 290.8709 0040973 270.0911 089.5569 14.18742183135341
1 41068U 00055AB  18204.81952989 +.00000350 +00000-0 +13348-3 0  9995
2 41068 099.1364 332.6227 0163904 239.8046 118.6814 14.30713616138624
1 41206U 00055DK  18203.61335630 +.00000376 +00000-0 +22995-3 0  9990
2 41206 098.8003 269.3761 0015952 140.9035 219.3292 14.11716562134078
1 41427U 00055LG  18203.42157935  .00000755  00000-0  48108-3 0  9999
2 41427  98.9647 273.9002 0041189  81.0157 279.5670 14.06267304123174
1 41013U 99025EXT 18202.85923599 +.00001672 +00000-0 +65901-3 0  9997
2 41013 099.0791 075.1423 0412925 215.3989 141.9114 13.92727926176540
1 41547U 15075H   18203.98774999 -.00000036 +00000-0 +00000-0 0  9995
2 41547 001.9459 097.5976 0266672 044.2547 317.4129 01.03189569009489
1 41305U 00055HH  18203.94637808 +.00000168 +00000-0 +13470-3 0  9995
2 41305 098.7838 253.4428 0043780 122.7213 237.8186 14.02778767131522
1 40687U 99025EWT 16318.10473189  .00000159  00000-0  25339-3 0  9992
2 40687  99.1589 276.1511 0432317 121.8195 238.2784 13.28602894 98327
1 41262U 00055FN  18204.93644612 +.00000604 +00000-0 +43750-3 0  9997
2 41262 098.8724 254.0685 0068040 131.1195 229.5870 13.99117722134007
1 41127U 00055BJ  18204.49443935 +.00001188 +00000-0 +42877-3 0  9990
2 41127 098.8107 302.3607 0090075 149.4349 211.2127 14.33222812137685
1 41363U 00055JG  18204.49421604 +.00000944 +00000-0 +46544-3 0  9995
2 41363 098.8953 290.1796 0028808 199.2539 160.7550 14.19749325127402
1 40817U 10057AJ  17236.88938045 -.00000060  00000-0 -52377-3 0  9992
2 40817  19.0984 164.1085 7175230 265.6053  17.1545  2.19853558 19492
1 41498U 00055LW  18204.45839344 +.00000621 +00000-0 +33928-3 0  9998
2 41498 098.9219 288.9938 0013597 259.3893 100.5749 14.15723448122658
1 40696U 99025EXC 18176.89093071 +.00000001 +00000-0 +32007-4 0  9997
2 40696 099.0091 208.5644 0079850 295.7236 063.5699 13.95501290447656
1 40567U 95015EA  18204.40212845 +.00002619 +00000-0 +70435-3 0  9993
2 40567 098.7730 259.2576 0077774 248.2876 111.0022 14.47165739177787
1 41160U 00055CT  18202.39005403  .00000875  00000-0  52013-3 0  9993
2 41160  98.8892 271.1480 0027750 136.2034 224.1344 14.09912179135519
1 41411U 00055KQ  18202.44368201 +.00000536 +00000-0 +28864-3 0  9997
2 41411 098.8628 282.5288 0019768 218.0840 141.8938 14.16984345126056
1 41530U 00055NE  18204.04052169 +.00001257 +00000-0 +46674-3 0  9990
2 41530 098.7608 293.4362 0096763 193.4439 166.4163 14.31383155117488
1 40997U 97051ABK 18201.37334496 +.00006378 +00000-0 +62090-3 0  9996
2 40997 086.3558 065.6851 0010975 324.6364 035.4135 14.92325879373056
1 41289U 00055GR  18203.99446548 +.00000108 +00000-0 +93159-4 0  9997
2 41289 098.8473 263.6302 0041418 126.2641 234.2365 14.04768315132298
1 40650U 94074AF  18204.15856677 +.00011260 +00000-0 +70602-3 0  9997
2 40650 098.0480 280.2791 0005517 050.1350 310.0362 15.09503831175505
1 41246U 00055EW  18203.73133816 +.00001389 +00000-0 +56166-3 0  9991
2 41246 098.9465 307.0076 0070132 161.8631 198.5075 14.28173123132577
1 41084U 00055AT  18204.87758361 +.00000320 +00000-0 +18427-3 0  9997
2 41084 098.8500 283.6282 0017217 215.0175 144.9868 14.16081074137136
1 40834U 10057BB  18204.13371146 -.00000167 +00000-0 +18354-2 0  9991
2 40834 020.4656 041.1120 7183850 118.0282 330.1433 02.19624616027077
1 41222U 00055EB  18204.94821004 +.00000079 +00000-0 +81390-4 0  9995
2 41222 098.8225 252.5023 0062273 130.8213 229.8375 13.99528961133741
1 41429U 00055LJ  18201.99585177 +.00000523 +00000-0 +30392-3 0  9993
2 41429 098.8707 276.8199 0019230 335.3701 024.6551 14.12976931123800
1 41053U 00055L   18204.51849590 +.00000833 +00000-0 +40085-3 0  9993
2 41053 098.9282 296.7395 0037669 219.9942 139.8459 14.21234364137854
1 41654U 00055NT  18203.96981897 +.00000428 +00000-0 +25347-3 0  9999
2 41654 098.8026 270.5753 0047947 148.2772 212.1305 14.12310281116483
1 41350U 00055HT  18204.09230452 +.00000823 +00000-0 +42687-3 0  9996
2 41350 098.9845 296.0950 0029037 191.4779 168.5737 14.17421165128503
1 41432U 00055LM  18204.55095033 +.00002120 +00000-0 +64274-3 0  9990
2 41432 098.8764 315.5587 0111759 102.7488 258.6217 14.39782554127735
1 41056U 00055P   18204.88795087 +.00000214 +00000-0 +14874-3 0  9997
2 41056 098.8126 270.1537 0017194 038.4264 321.8127 14.08937189136785
1 41657U 00055NW  18202.39480425  .00000564  00000-0  31903-3 0  9995
2 41657  98.8010 271.0630 0016889 166.0573 194.1070 14.14077975116320
1 41353U 00055HW  18204.42003254 +.00000494 +00000-0 +30403-3 0  9991
2 41353 098.8790 275.2297 0027515 014.2277 345.9663 14.09980937127967
1 41147U 00055CE  18203.98329908 +.00000575 +00000-0 +44806-3 0  9991
2 41147 098.9626 254.6051 0094065 138.7017 222.1307 13.94268340134435
1 41398U 00055KB  18203.01139458 +.00000629 +00000-0 +33858-3 0  9997
2 41398 098.8648 282.3328 0019507 262.1387 097.7573 14.16404133123796
1 41517U 00055MR  18202.48034987 +.00001558 +00000-0 +64353-3 0  9997
2 41517 098.8166 290.5907 0059630 175.3650 184.8095 14.27247969117432
1 40806U 93036BWK 18204.92069042 +.00003443 +00000-0 +51224-3 0  9997
2 40806 074.0130 022.5073 0015844 026.2167 128.9421 14.75270274201627
1 40600U 95015EX  18201.43685682 +.00000901 +00000-0 +53862-3 0  9991
2 40600 098.9114 202.8153 0050318 343.0253 016.9231 14.09089148166742
1 41228U 00055EH  18200.98528314 +.00000620 +00000-0 +36587-3 0  9998
2 41228 098.8799 273.8492 0021670 010.1557 350.0048 14.11469169133749
1 41071U 00055AE  18204.91236931 +.00000453 +00000-0 +26591-3 0  9990
2 41071 098.9000 283.1289 0010880 322.2930 037.7479 14.13201458136996
1 41209U 00055DN  18203.48493135 +.00000984 +00000-0 +39903-3 0  9995
2 41209 098.8531 299.1071 0073523 168.6560 191.6299 14.28525502135407
1 41016U 99025EXW 18123.68284525  .00000396  00000-0  27532-3 0  9992
2 41016  98.2543  72.1690 0177193 118.8411 243.0668 13.96157698210986
1 41562U 08067L   18203.85620017 +.00000118 +00000-0 +87546-3 0  9995
2 41562 065.0776 125.3891 5727813 023.8944 354.5284 04.20230073035542
1 41318U 12026E   18200.51624339 -.00000140 +00000-0 +00000-0 0  9998
2 41318 012.7360 005.6033 4143435 332.0755 010.6625 01.76517845016173
1 41265U 00055FR  18202.92308584 +.00001030 +00000-0 +64943-3 0  9993
2 41265 098.7737 255.6793 0037840 113.2154 247.3007 14.06046687132558
1 41130U 00055BM  18204.48734642 +.00000503 +00000-0 +26552-3 0  9993
2 41130 098.8827 287.9587 0025368 199.5951 160.4251 14.18208379136015
1 41366U 00055JK  18204.42613493 +.00000693 +00000-0 +45826-3 0  9993
2 41366 098.9805 273.9451 0049514 134.2258 226.2991 14.04336275126140
1 40823U 10057AQ  18201.57667555  .00000071  00000-0  20731-2 0  9991
2 40823  20.9878   6.8958 7182234 170.6827 218.8147  2.23387633 28410
1 41501U 00055LZ  18204.44677238 +.00001015 +00000-0 +42799-3 0  9998
2 41501 098.7192 282.5787 0059750 169.5193 190.7248 14.26897992123899
1 40721U 95015FW  18204.25229770 +.00001607 +00000-0 +64726-3 0  9995
2 40721 098.7327 221.2343 0030367 016.2074 344.0072 14.29176827163319
1 40570U 95015ED  18204.86867042 +.00001232 +00000-0 +55673-3 0  9999
2 40570 098.7514 213.5511 0020692 345.8704 014.1893 14.23829298174231
1 41163U 00055CW  18202.75439815 +.00000363 +00000-0 +15727-3 0  9997
2 41163 099.0175 315.4752 0075939 165.3534 194.9872 14.28973821137360
1 41414U 00055KT  18204.50057166 +.00001217 +00000-0 +53085-3 0  9994
2 41414 098.9666 303.9506 0070190 233.2721 126.1998 14.24535082125966
1 41000U 99025EXE 18204.15205115 -.00000104 +00000-0 -65587-4 0  9997
2 41000 097.5432 334.6574 0389670 073.7338 290.6298 13.58330152475501
1 40674U 95015FN  18203.48074073 +.00001911 +00000-0 +76229-3 0  9999
2 40674 098.7483 222.0759 0021638 010.2876 349.8744 14.29587399166248
1 41249U 00055EZ  18203.05361502 +.00000959 +00000-0 +43326-3 0  9990
2 41249 098.9020 296.5499 0049738 194.0872 165.8921 14.23847164132138
1 41087U 00055AW  18204.65218960 -.00000026 +00000-0 +10167-4 0  9990
2 41087 098.8486 272.7385 0015700 074.0775 286.2123 14.08599103136040
1 41295U 00055GX  18203.01105408 +.00000291 +00000-0 +19674-3 0  9996
2 41295 098.8398 266.4730 0029847 111.1728 249.2635 14.07634494132556
1 40677U 95015FR  18204.22656421 +.00000066 +00000-0 +46452-4 0  9994
2 40677 098.7117 213.6063 0051465 034.2197 326.2281 14.24844352169150
1 41252U 00055FC  18202.98264731 +.00000157 +00000-0 +13234-3 0  9996
2 41252 098.9380 262.9806 0070501 133.8834 226.8183 14.00336378134002
1 41090U 00055AZ  18203.11053137 +.00001649 +00000-0 +76210-3 0  9998
2 41090 098.9224 293.6591 0034739 234.4653 125.3283 14.22019114136984
1 41444U 16012N   18204.83526686 +.00004179 +00000-0 +25843-3 0  9992
2 41444 031.0041 049.1115 0009306 121.8494 238.3051 15.08094361127689
1 41059U 00055S   18204.88156850 -.00000002 +00000-0 +21651-4 0  9997
2 41059 098.8475 283.3213 0021007 262.0997 097.7792 14.15530951137409
1 41356U 00055HZ  18204.42929577 +.00000205 +00000-0 +14874-3 0  9993
2 41356 098.8832 269.9074 0046360 034.8256 325.5932 14.06600698130253
1 41150U 00055CH  18203.68808709 +.00000984 +00000-0 +42983-3 0  9991
2 41150 098.7856 287.4739 0062998 212.4874 147.2421 14.25104917137453
1 41401U 00055KE  18204.94327460 +.00000461 +00000-0 +29501-3 0  9991
2 41401 098.8156 266.0443 0026051 110.0499 250.3478 14.08107831127857
1 41520U 00055MU  18204.42965295 +.00000828 +00000-0 +48838-3 0  9991
2 41520 098.9308 277.2343 0056061 004.1229 356.0392 14.09915544116036
1 40603U 95015FA  18204.48869987 +.00007191 +00000-0 +88746-3 0  9991
2 40603 098.6864 294.5989 0086517 097.5321 263.5728 14.80544860179545
1 41231U 00055EL  18202.71931724 +.00000938 +00000-0 +39493-3 0  9999
2 41231 098.8916 300.1140 0064818 193.9211 166.0184 14.27095205135512
1 41074U 00055AH  18204.69163659 +.00000187 +00000-0 +78223-4 0  9998
2 41074 098.7027 295.6672 0103795 113.6747 247.5371 14.34042658138921
1 41212U 00055DR  18203.44208665  .00000594  00000-0  33026-3 0  9994
2 41212  98.9194 285.7727 0019947 310.7448  49.1993 14.14851226135139
1 41023U 15061B   18204.57354336 +.00001378 +00000-0 +14046-3 0  9991
2 41023 097.2798 245.7240 0201522 125.6481 236.3683 14.78197324147163
1 41644U 08067Q   18203.79968255 +.00020892 +00000-0 +12913+0 0  9991
2 41644 065.2768 109.6552 5583462 046.4258 348.1722 04.33501322033191
1 41322U 12026J   18201.91314585 -.00000144  00000-0  00000+0 0  9990
2 41322  12.5456   1.9628 4133166 336.6762   8.8492  1.77208911 16464
1 41268U 00055FU  18204.44190803 +.00000337 +00000-0 +23077-3 0  9990
2 41268 098.9770 278.8656 0034986 128.8312 231.5988 14.06131096132801
1 41369U 00055JN  18204.44910902 +.00001062 +00000-0 +57522-3 0  9990
2 41369 098.8438 274.5270 0029656 145.2808 215.0308 14.14428211129298
1 40827U 10057AU  17232.08073512 -.00001120  00000-0 -22242-1 0  9994
2 40827  20.3066 127.6434 7130138 315.4376   5.8443  2.26370379 21094
1 41504U 00055MC  18202.39207685 +.00000421 +00000-0 +27369-3 0  9994
2 41504 098.8989 270.7305 0035428 044.7868 315.6152 14.07639325123605
1 40792U 93036BVV 18204.40890340 +.00000352 +00000-0 +10138-3 0  9992
2 40792 074.0531 093.3652 0026585 159.5531 324.0241 14.48102478379124
1 40573U 95015EG  18201.01725025  .00001890  00000-0  61290-3 0  9992
2 40573  98.6364 222.9321 0069817 339.8616  19.9819 14.38746277176364
1 41533U 00055NH  18204.06092003 +.00001724 +00000-0 +58578-3 0  9991
2 41533 098.8082 303.6647 0099444 169.6100 190.7172 14.35187926118075
1 41292U 00055GU  18203.21170374  .00000942  00000-0  42510-3 0  9997
2 41292  98.9107 297.7398 0052468 182.8952 177.1929 14.23882794134225
1 41417U 00055KW  18204.17664290 +.00000496 +00000-0 +28823-3 0  9992
2 41417 098.8723 279.2108 0021796 326.3998 033.5791 14.13147282124121
1 41003U 99025EXH 18204.57039140 +.00000927 +00000-0 +35639-3 0  9994
2 41003 098.9591 321.8650 0140510 303.6242 055.1596 14.27726652214917
1 41199U 00055DC  18202.99295724  .00000024  00000-0  44797-4 0  9995
2 41199  98.9091 259.6747 0068754 111.5541 249.2969 13.99166273134185
1 41420U 00055KZ  18204.46613123 +.00001612 +00000-0 +67666-3 0  9996
2 41420 098.9321 303.3803 0056787 178.8765 181.2552 14.26496728128891
1 41006U 99025EXL 18180.51223193  .00001118  00000-0  11216-2 0  9994
2 41006 102.3664 292.8208 0213380 236.1641 121.9022 13.71433371200480
1 41298U 00055HA  18204.03893738 +.00000474 +00000-0 +28508-3 0  9991
2 41298 098.8768 275.5303 0058844 344.8102 015.1301 14.10734811132274
1 40680U 95015FU  18204.27261699 +.00001593 +00000-0 +67253-3 0  9999
2 40680 098.7628 221.4779 0021053 010.9744 349.1891 14.26940801168519
1 41255U 00055FF  18203.48292799 +.00000726 +00000-0 +33549-3 0  9993
2 41255 098.7765 284.1925 0049118 188.8827 171.1487 14.23380440136184
1 41093U 00055BC  18204.52467307 +.00001783 +00000-0 +59896-3 0  9995
2 41093 098.8763 311.9262 0095499 149.0448 211.6415 14.35913828138422
1 41491U 00055LP  18204.31819671 +.00001015 +00000-0 +76104-3 0  9998
2 41491 098.9104 250.0325 0113415 175.8728 184.3395 13.93742155121649
1 40689U 99025EWV 18174.42904215  .00000555  00000-0  59161-3 0  9990
2 40689  99.1121 251.2019 0327496 300.0509  56.8522 13.57251033177980
1 41062U 00055V   18204.90104338 +.00000593 +00000-0 +38511-3 0  9994
2 41062 098.8688 268.8822 0031431 078.4862 281.9832 14.06182001136449
1 41359U 00055JC  18203.45938543  .00000800  00000-0  38479-3 0  9999
2 41359  98.8778 290.9629 0038257 205.8373 154.0893 14.21292621127326
1 41153U 00055CL  18204.18004208 +.00000784 +00000-0 +41798-3 0  9993
2 41153 098.8585 282.4130 0022998 181.2665 178.8455 14.16149565136491
1 41404U 00055KH  18204.20822605 +.00000997 +00000-0 +47946-3 0  9991
2 41404 098.9650 299.3972 0040751 254.7602 104.9066 14.20758717125620
1 41523U 00055MX  18204.42185122 +.00000528 +00000-0 +31674-3 0  9994
2 41523 098.8889 278.4856 0010453 026.9592 333.2120 14.11304794115963
1 40990U 15034F   18204.70008638 -.00000041 +00000-0 +00000-0 0  9998
2 40990 001.3227 208.5236 0077715 016.9781 342.9852 01.02652540011273
1 41282U 00055GJ  18202.60147456 +.00000101 +00000-0 +98942-4 0  9991
2 41282 098.8737 251.9616 0073075 123.5028 237.3146 13.97861879131420
1 40606U 95015FD  18204.81695321 +.00001448 +00000-0 +66123-3 0  9994
2 40606 098.7653 213.2312 0009931 053.9378 306.2719 14.23072786168763
1 41234U 00055EP  18204.75569721 +.00001500 +00000-0 +49155-3 0  9994
2 41234 098.8521 311.3540 0105010 131.1752 229.8549 14.36862768136913
1 41077U 00055AL  18204.16557777 -.00000074 +00000-0 -23140-4 0  9996
2 41077 099.1193 272.9602 0117456 147.2355 213.6159 13.91142846134725
1 41215U 00055DU  18202.67127736 +.00000656 +00000-0 +32840-3 0  9992
2 41215 098.8263 283.1307 0031953 198.9232 161.0759 14.19870863135465
1 41133U 00055BQ  18202.45001469 -.00000998  00000-0 -49880-3 0  9994
2 41133  98.9524 283.7861 0017500 152.6784 207.5313 14.14230914135067
1 41041U 15064D   18203.62891539 +.00002538 +00000-0 +19473-3 0  9998
2 41041 097.2489 261.7412 0208419 134.2459 227.6081 14.86933611145037
1 41647U 08067T   18201.06624234  .00000021  00000-0  00000+0 0  9994
2 41647  64.5233 150.3715 5110193  53.4464 343.5096  4.12097386 31638
1 41343U 00055HL  18204.00352188 +.00000507 +00000-0 +28187-3 0  9998
2 41343 098.7627 270.7956 0026821 297.7456 062.0998 14.15311341128527
1 41271U 00055FX  18204.45561738 +.00001459 +00000-0 +56465-3 0  9997
2 41271 098.7962 295.1889 0072213 159.7188 200.6888 14.30194050136250
1 41136U 00055BT  18204.76570011 +.00001894 +00000-0 +82692-3 0  9999
2 41136 099.0991 317.4594 0045579 194.5133 165.4739 14.24594764137173
1 41372U 00055JR  18204.57013850 +.00001032 +00000-0 +40098-3 0  9991
2 41372 098.9696 314.1536 0081603 192.7820 167.1294 14.30285140130794
1 41507U 00055MF  18203.01800334 +.00000824 +00000-0 +42114-3 0  9999
2 41507 098.8934 286.7360 0021601 212.1648 147.8210 14.18261343120847
1 41196U 00055CZ  18202.36694588  .00000779  00000-0  54380-3 0  9999
2 41196  98.8799 258.5380 0059490 107.5223 253.2455 14.00589039132620
1 40576U 95015EK  18204.50909406 +.00000768 +00000-0 +33920-3 0  9991
2 40576 098.7655 223.6931 0039398 052.2557 308.2182 14.25753117171793
1 41536U 00055NL  18204.43878365 +.00000576 +00000-0 +31339-3 0  9998
2 41536 098.8434 281.2803 0015696 226.6354 133.3513 14.16164206129378
1 40579U 95015EN  18204.25163493 +.00001031 +00000-0 +37407-3 0  9992
2 40579 098.6481 221.7426 0068051 341.8056 018.0694 14.34216613176401
1 41064U 00055X   18204.87422868 +.00000671 +00000-0 +36128-3 0  9992
2 41064 098.8724 283.4214 0018896 276.2928 083.6094 14.16137354137373
1 41539U 00055NP  18204.01117342 +.00000706 +00000-0 +35907-3 0  9996
2 41539 098.8385 283.8823 0028740 204.9551 155.0236 14.18911710126842
1 41202U 00055DF  18204.34670707 +.00000482 +00000-0 +37947-3 0  9995
2 41202 098.8723 251.0598 0084118 140.3492 220.3862 13.94724583133829
1 41423U 00055LC  18204.43980864 +.00000479 +00000-0 +26353-3 0  9993
2 41423 098.8204 278.6653 0014828 223.4865 136.5141 14.16278913127392
1 41009U 99025EXP 18201.23407642 +.00000607 +00000-0 +31307-3 0  9999
2 41009 099.2219 003.0395 0018601 284.7039 075.2073 14.19090527204690
1 41301U 00055HD  18202.43606984  .00000501  00000-0  32099-3 0  9994
2 41301  98.8187 262.5782 0028677 114.4455 245.9711 14.07598199131892
1 40683U 99025EWP 18203.41372402 +.00008568 +00000-0 +28508-3 0  9996
2 40683 096.9373 005.5386 0077152 314.7974 044.7009 15.28488150112677
1 41258U 00055FJ  18203.13453035 +.00001139 +00000-0 +49345-3 0  9990
2 41258 098.9502 303.5594 0062551 227.1827 132.4084 14.25311111132404
1 41096U 00055BF  18204.29717586 +.00001776 +00000-0 +42585-3 0  9998
2 41096 098.8662 329.8621 0139425 084.9869 276.7222 14.49081951139474
1 41494U 00055LS  18203.46784140  .00000774  00000-0  37343-3 0  9991
2 41494  98.8861 291.6402 0037660 203.2660 156.6813 14.21285885121210
1 40692U 99025EWY 18186.49072668 +.00000759 +00000-0 +49612-3 0  9998
2 40692 099.1974 283.4350 0095215 259.0328 100.0114 14.03238388180868
1 41156U 00055CP  18203.72112567 +.00001175 +00000-0 +49629-3 0  9999
2 41156 098.9073 301.4196 0060592 198.2726 161.6276 14.26564140137357
1 41407U 00055KL  18204.27878128 +.00005650 +00000-0 +21003-2 0  9998
2 41407 099.0422 312.2701 0012861 165.1728 194.9834 14.32466745126333
1 41526U 00055NA  18204.10111915 +.00000837 +00000-0 +42533-3 0  9990
2 41526 098.9365 293.1805 0030182 262.4483 097.3263 14.18481540120965
1 40993U 97051ABF 18204.14716059 +.00002204 +00000-0 +42184-3 0  9995
2 40993 086.3765 093.2923 0019574 169.4175 345.8080 14.63298597317923
1 41285U 00055GM  18201.98484048 +.00000491 +00000-0 +29095-3 0  9999
2 41285 098.8606 273.5359 0059407 342.7756 017.1399 14.11423479132734
1 40610U 95015FH  18204.95946709 +.00000636 +00000-0 +32383-3 0  9992
2 40610 098.7751 207.5656 0032444 128.7806 231.6276 14.19003376168455
1 41237U 00055ES  18204.52433850 +.00000912 +00000-0 +41216-3 0  9991
2 41237 098.9408 301.9929 0056014 173.8432 186.3447 14.23805201137071
1 41080U 00055AP  18204.65527977 -.00000855 +00000-0 -42990-3 0  9993
2 41080 098.8249 277.7101 0005271 208.2055 151.8833 14.13610187136457
1 41218U 00055DX  18204.01932564 +.00000678 +00000-0 +37548-3 0  9992
2 41218 098.8704 278.9118 0056786 316.6418 043.0294 14.13872193135090
1 41046U 00055D   18204.85995135 +.00000302 +00000-0 +18242-3 0  9990
2 41046 098.8587 281.4590 0012493 281.8717 078.1055 14.13881872137251
1 41650U 08067W   17023.20705350 -.23003682  00000-0  10000-3 0  9991
2 41650  65.3197 315.1788 5456152  63.0078 341.9668  4.14448087  3734
1 41346U 00055HP  18204.30499919 +.00000074 +00000-0 +96268-4 0  9993
2 41346 098.8039 226.5453 0166058 168.9436 191.5440 13.81231413126210
1 40795U 93036BVY 18203.20461985  .00000976  00000-0  18825-3 0  9994
2 40795  73.9681  21.7246 0136089 115.9072   0.9114 14.59168545332297
1 41274U 00055GA  18204.69585336 +.00001376 +00000-0 +58140-3 0  9996
2 41274 098.8128 291.4685 0066702 219.7907 139.8370 14.26043850134515
1 41139U 00055BW  18202.36598990  .00000496  00000-0  37273-3 0  9994
2 41139  98.9722 260.8721 0079350 133.2627 227.5194 13.97527939134341
1 41375U 00055JU  18202.47370890  .00001234  00000-0  63052-3 0  9990
2 41375  98.9482 288.7790 0029041 176.1953 183.9447 14.17276155129132
1 40846U 11077AB  17347.26307043  .00000135  00000-0  18476-2 0  9992
2 40846  23.1620  77.8001 7602756 177.9318  13.2092  1.82303605 18970
1 41510U 00055MJ  18202.06728700  .00000438  00000-0  26154-3 0  9990
2 41510  98.8903 277.6023 0028250 348.2053  11.8454 14.12238556120305
1 40798U 93036BWB 18204.37672504 +.00000863 +00000-0 +22072-3 0  9991
2 40798 074.0412 094.4903 0008398 137.1494 223.0323 14.51948470340773
1 41143U 00055CA  18204.32040555 +.00000641 +00000-0 +51795-3 0  9993
2 41143 098.8489 242.1089 0102900 166.8398 193.5483 13.91331210134296
1 41378U 00055JX  18202.35857532  .00000209  00000-0  15154-3 0  9994
2 41378  98.8174 261.5623 0047047  46.3171 314.1881 14.06266089129315
1 40870U 12008AL  15195.44609949 +.00000159 +00000-0 +12519-1 0  9990
2 40870 017.8614 008.0495 7306611 183.7542 163.8017 02.04627960014072
1 41513U 00055MM  18203.97646697 +.00000100 +00000-0 +94297-4 0  9998
2 41513 098.8436 255.6085 0068220 114.9210 245.9064 14.00292549119402
1 40802U 93036BWF 18204.58576467 +.00000213 +00000-0 +47200-4 0  9991
2 40802 074.0473 304.5952 0083497 018.9416 341.4823 14.61501331248744
1 40582U 95015ER  18204.10190025 +.00001328 +00000-0 +91717-3 0  9994
2 40582 098.7493 162.6036 0101636 344.0811 015.7167 13.98386848170545
1 41224U 00055ED  18204.02951426 +.00000641 +00000-0 +40246-3 0  9997
2 41224 098.9482 274.4822 0036466 050.7916 309.6481 14.07727497134206
1 41067U 00055AA  18204.87920681 +.00000150 +00000-0 +10492-3 0  9999
2 41067 098.8350 277.3256 0003914 205.7540 154.3437 14.12482874137015
1 41543U 15075D   18164.60298571 -.00000071  00000-0  00000+0 0  9991
2 41543   1.8989  89.4580 0255446  84.9323 277.2250  1.05295050  9251
1 41205U 00055DJ  18204.47785829 +.00000939 +00000-0 +49327-3 0  9996
2 41205 098.9409 289.7969 0026750 179.5855 180.5345 14.16441476134397
1 41426U 00055LF  18203.43071625  .00000987  00000-0  56610-3 0  9994
2 41426  98.9487 280.8489 0025558 142.1971 218.1002 14.11591184125527
1 41012U 99025EXS 18171.42352996  .00003408  00000-0  73442-3 0  9999
2 41012  99.0177  45.8965 0043431  37.7862 326.3816 14.58598215227657
1 41546U 15075G   18169.29508099 -.00000233  00000-0  00000+0 0  9993
2 41546   1.8511  97.3894 0239807  66.5345 295.2944  1.04639986  9242
1 41304U 00055HG  18204.02286214 +.00000813 +00000-0 +49998-3 0  9996
2 41304 099.0427 287.1969 0051797 168.2851 191.9536 14.07851187132100
1 40809U 93036BWN 15206.91973380 +.00009365 +00000-0 +18701-2 0  9998
2 40809 074.0173 291.5915 0029652 285.2819 030.1617 14.61743797348547
1 40686U 99025EWS 18204.07762963 +.00003123 +00000-0 +67274-3 0  9992
2 40686 099.2409 161.1341 0012975 012.2691 347.8819 14.59236901189627
1 41261U 00055FM  18204.62072151 +.00000037 +00000-0 +49482-4 0  9994
2 41261 098.8327 262.2384 0043955 122.4895 238.0533 14.04323152133249
1 41126U 00055BH  18203.96699146 -.00000040 +00000-0 +12186-5 0  9996
2 41126 098.8641 256.4131 0079790 153.1860 207.3462 13.99276085134428
1 41362U 00055JF  18204.73053012 +.00000823 +00000-0 +37496-3 0  9997
2 41362 098.8874 296.7280 0052275 173.2644 186.9247 14.23701173129451
1 40816U 10057AH  18204.05010322 +.00000398 +00000-0 +84360-2 0  9993
2 40816 020.5188 348.8769 7105520 213.3671 069.3740 02.29183736033481
1 41497U 00055LV  18184.42258086 -.00000078  00000-0 -21120-4 0  9999
2 41497  98.8436 248.1699 0039304 101.2646 259.2943 14.05935320119167
1 40566U 95015DZ  18204.33115442 +.00001333 +00000-0 +42737-3 0  9995
2 40566 098.7211 244.4870 0082870 259.0818 100.1037 14.39274949175779
1 41159U 00055CS  18204.02607827 +.00000533 +00000-0 +28487-3 0  9990
2 41159 098.7932 277.7213 0023287 241.7828 118.0995 14.17327509136645
1 41410U 00055KP  18204.63370355 +.00000290 +00000-0 +19888-3 0  9995
2 41410 098.8657 269.5512 0027825 103.3165 257.1109 14.06951478124915
1 41529U 00055ND  18204.41612600 +.00000065 +00000-0 +68222-4 0  9991
2 41529 098.8853 265.9926 0044465 116.1019 244.4733 14.03531529119758
1 40996U 97051ABJ 18202.68967472 +.00000545 +00000-0 +14497-3 0  9994
2 40996 086.3741 099.8171 0011057 165.7229 224.6548 14.46799003231831
1 41288U 00055GQ  18204.40973398 +.00000798 +00000-0 +51097-3 0  9990
2 41288 098.9571 274.0949 0042313 129.2247 231.2689 14.05805301132463
1 40649U 15013F   16112.92530742 -.00000050 +00000-0 +00000-0 0  9992
2 40649 052.7812 202.5124 5584158 194.8970 137.7756 03.83508225014614
1 41245U 00055EV  18203.98026619 +.00000267 +00000-0 +17731-3 0  9998
2 41245 098.8365 271.1653 0017843 046.1867 314.0775 14.09606087130964
1 41083U 00055AS  18204.01406259 +.00000110 +00000-0 +14133-3 0  9995
2 41083 098.8921 222.3007 0207187 269.7736 087.9672 13.72996394132947
1 41221U 00055EA  18204.24884851 +.00000577 +00000-0 +25729-3 0  9992
2 41221 098.8979 300.1640 0058000 208.5103 151.2900 14.25842068135937
1 41428U 00055LH  18203.00355139  .00000606  00000-0  33357-3 0  9995
2 41428  98.8780 281.8587 0020811 180.2790 179.8375 14.15299851124135
1 41052U 00055K   18204.64140552 -.00000157 +00000-0 -62940-4 0  9994
2 41052 098.9105 273.2189 0170805 025.6544 335.2976 14.04341797136303
1 41653U 00055NS  18204.68658598 +.00000654 +00000-0 +35814-3 0  9998
2 41653 098.8885 284.4657 0007748 256.1714 103.8597 14.15381789116979
1 41349U 00055HS  18204.49126025 +.00000867 +00000-0 +40899-3 0  9999
2 41349 098.8940 294.8522 0043760 225.0559 134.7065 14.22024198130835
1 41277U 00055GD  18204.10994758 +.00000920 +00000-0 +43886-3 0  9992
2 41277 098.9040 294.0390 0048620 238.9406 120.6993 14.21158917134021
1 41142U 00055BZ  18204.09236220 +.00000921 +00000-0 +40094-3 0  9993
2 41142 098.8305 292.1806 0068004 156.0862 204.3501 14.25248413137854
1 41055U 00055N   18204.88152731 +.00000515 +00000-0 +27963-3 0  9996
2 41055 098.8503 283.0370 0019160 238.5379 121.3923 14.16659975137484
1 41656U 00055NV  18204.47010865 +.00001057 +00000-0 +59507-3 0  9990
2 41656 098.9026 277.9649 0011124 034.1523 326.0362 14.12565632116521
1 41352U 00055HV  18204.46464163 +.00000690 +00000-0 +32472-3 0  9990
2 41352 098.8792 294.0756 0052020 169.1004 191.1313 14.22539330130312
1 41146U 00055CD  18203.99270874 +.00000727 +00000-0 +41834-3 0  9995
2 41146 098.8873 276.4929 0034240 137.6764 222.7058 14.12040742136132
1 41397U 00055KA  18202.67655582 +.00000775 +00000-0 +37378-3 0  9991
2 41397 098.8634 288.8246 0045215 234.2686 125.4280 14.21136706123111
1 40987U 08066D   17365.80611396  .00000140  00000-0  00000+0 0  9998
2 40987   4.2266  59.6560 0072375 260.0641  98.9192  1.00231399 31464
1 41516U 00055MQ  18204.05507517 +.00000492 +00000-0 +27273-3 0  9991
2 41516 098.8264 278.3146 0017365 192.7772 167.2964 14.15724091116630
1 40805U 93036BWJ 18204.65141236 +.00001628 +00000-0 +20906-3 0  9998
2 40805 074.0435 278.6878 0027960 329.0013 180.8737 14.81860617250834
1 40594U 14088D   18204.05207803 +.00001080 +00000-0 +33676-4 0  9991
2 40594 097.3445 293.3830 0003450 286.8426 073.2439 15.35453333194908
1 41227U 00055EG  18204.72211685 +.00001040 +00000-0 +50385-3 0  9992
2 41227 099.0160 304.0528 0039917 194.8981 165.1021 14.20291803135098
1 41070U 00055AD  18204.94347808 +.00002412 +00000-0 +19123-3 0  9998
2 41070 098.8341 015.8638 0238563 283.3370 074.1342 14.82090859143196
1 41208U 00055DM  18204.62655070 -.00000027 +00000-0 +96207-5 0  9990
2 41208 098.8283 261.9026 0041022 121.4780 239.0407 14.04496876133307
1 41015U 99025EXV 18204.22195723 +.00011830 +00000-0 +68918-3 0  9990
2 41015 099.2624 212.5884 0143866 063.0787 298.5050 15.03804696156243
1 41561U 08067K   18203.67633523 +.00014865 +00000-0 +83181-1 0  9993
2 41561 065.2852 098.1497 5482945 035.9925 350.8262 04.49051416037566
1 41307U 00055HK  18204.69200964 +.00000971 +00000-0 +52487-3 0  9992
2 41307 098.9319 286.4162 0021231 326.2532 033.7288 14.14913987132652
1 41264U 00055FQ  18204.63402017 +.00000455 +00000-0 +27082-3 0  9991
2 41264 098.8236 273.6232 0004085 107.8930 252.2688 14.12335800133226
1 41129U 00055BL  18204.07370752 +.00001854 +00000-0 +63298-3 0  9992
2 41129 098.8732 309.6617 0093143 139.2471 221.5730 14.35204322137732
1 41365U 00055JJ  18203.10329536 +.00000840 +00000-0 +40847-3 0  9990
2 41365 098.8742 289.0143 0045220 244.3484 115.3018 14.20460033126942
1 40822U 10057AP  18198.61015354  .00000008  00000-0  10188-2 0  9999
2 40822  21.0366   3.3593 7208892 175.9317 197.5083  2.22257044 28199
1 41500U 00055LY  18204.47673743 +.00000977 +00000-0 +46374-3 0  9996
2 41500 098.9554 299.7562 0045350 246.1168 113.5253 14.21373530123103
1 40712U 93055E   18199.88322824  .00000380  00000-0  28406-3 0  9995
2 40712  82.5477  51.9683 0021631   2.1748 357.9506 13.92243241277266
1 40569U 95015EC  18203.97770490 +.00001791 +00000-0 +74956-3 0  9993
2 40569 098.7552 217.9618 0030288 073.7249 286.7259 14.27091564174133
1 41162U 00055CV  18204.03394704 +.00000461 +00000-0 +28732-3 0  9995
2 41162 098.8622 271.5997 0038972 135.0315 225.4022 14.09323693135644
1 41413U 00055KS  18204.43501760 +.00000448 +00000-0 +27316-3 0  9992
2 41413 098.8397 272.2380 0026284 128.0314 232.3235 14.10935240125584
1 41532U 00055NG  18204.45553702 +.00000483 +00000-0 +27060-3 0  9994
2 41532 098.8550 281.1747 0014063 183.7168 176.3904 14.15286528116572
1 40833U 10057BA  15255.47588044  .00000249  00000-0  40764-2 0  9997
2 40833  20.7285  35.8446 7214841 195.3452 117.9128  2.18192546879416
1 40999U 99025EXD 18179.81019430 -.00000022  00000-0  16278-4 0  9991
2 40999  99.2725 172.2211 0059791 183.9573 176.1126 14.00151803434042
1 41291U 00055GT  18203.22816995  .00000999  00000-0  44352-3 0  9991
2 41291  98.9385 301.6003 0053049 203.1979 156.6804 14.24589502136972
1 40673U 95015FM  18204.95289030 +.00000064 +00000-0 +50956-4 0  9990
2 40673 098.7620 210.2665 0025473 061.3461 299.0273 14.19818123171052
1 41248U 00055EY  18203.98040915 +.00000812 +00000-0 +63030-3 0  9995
2 41248 098.9280 249.3329 0095969 160.9226 199.5569 13.93237564129552
1 41086U 00055AV  18204.45236788 +.00000783 +00000-0 +35290-3 0  9997
2 41086 098.7882 287.6571 0051657 191.6799 168.3185 14.24386781137844
1 41431U 00055LL  18204.74937898 +.00002299 +00000-0 +90941-3 0  9991
2 41431 098.9660 310.1425 0061335 188.9640 171.0451 14.28955442129693
