1 27804U 91068AR  18204.43290691 +.00000440 +00000-0 +20358-2 0  9992
2 27804 082.6186 089.4861 0215133 344.1129 135.9813 12.67806337251493
1 27805U 92047L   18204.28751809 +.00003059 +00000-0 +11250-2 0  9997
2 27805 065.1480 229.2420 4717904 322.8169 012.3825 06.00858215343390
1 27806U 99057MW  18204.09043673 +.00000005 +00000-0 +18230-4 0  9993
2 27806 098.6654 144.8505 0109296 251.8195 107.1064 14.30839990870536
1 28042U 92093JP  18204.55966612 +.00000316 +00000-0 +20452-3 0  9990
2 28042 070.8790 282.8276 0067898 081.0727 340.7659 14.09251764105882
1 28055U 03048B   18204.95634498 +.00000407 +00000-0 +20433-3 0  9994
2 28055 098.6088 195.5224 0001194 340.8035 045.6739 14.21802313763507
1 28056U 03048C   18204.91225451 +.00000135 +00000-0 +81737-4 0  9999
2 28056 098.6093 195.5174 0001596 329.9609 030.1476 14.21279942763614
1 28067U 99057MX  18204.92829057 +.00000003 +00000-0 +13882-4 0  9999
2 28067 098.5456 187.5415 0091005 273.8691 085.2101 14.47714138824544
1 28068U 99057MY  18201.15482173  .00000184  00000-0  65103-4 0  9999
2 28068  98.5893 174.4706 0090268 320.2387  39.2209 14.44016515801899
1 28069U 99057MZ  18204.73602483 +.00000196 +00000-0 +65844-4 0  9990
2 28069 098.5435 175.1243 0078080 200.1236 159.6872 14.46294238836830
1 28070U 99057NA  18204.36720928 +.00000214 +00000-0 +66084-4 0  9994
2 28070 098.4611 173.4501 0071585 109.5358 251.3584 14.49498170836806
1 28071U 99057NB  18204.59477175 -.00000004 +00000-0 +13801-4 0  9990
2 28071 098.5212 125.4958 0108979 149.0774 334.6452 14.33159046833239
1 28072U 99057NC  18204.87779721 +.00000144 +00000-0 +56527-4 0  9990
2 28072 098.6403 174.7636 0098485 021.0053 008.6888 14.40887068803386
1 28073U 99057ND  18204.76032705 +.00000052 +00000-0 +29535-4 0  9990
2 28073 098.5820 165.7243 0083434 258.4032 219.8177 14.41698097816704
1 28074U 99057NE  18204.70458515 -.00000026 +00000-0 +68834-5 0  9994
2 28074 098.6635 150.1352 0104570 191.9767 287.8242 14.32618073810326
1 28075U 99057NF  18204.13190896 +.00000142 +00000-0 +59011-4 0  9991
2 28075 098.6882 171.6399 0105641 123.6281 237.5039 14.37570557319030
1 28080U 03048D   18204.52728500 +.00000561 +00000-0 +26304-3 0  9997
2 28080 098.5247 223.9103 0003038 306.9913 205.8832 14.23933263761941
1 28193U 04009D   18199.33856327  .00039172  30421-6  26728-3 0  9997
2 28193  38.8156 197.5100 3024379 196.4211 151.2128  9.48970488355180
1 28225U 04012F   18204.58966874 +.00076232 +00000-0 +73005-3 0  9992
2 28225 097.4451 037.6260 0006257 135.9992 224.1767 15.66413665772494
1 28232U 04012J   18204.89557176 +.00028273 +00000-0 +62365-3 0  9994
2 28232 097.9358 188.5949 0021914 298.9498 060.9550 15.43615390765505
1 28264U 03010D   16243.49348674 -.00000214  00000-0  00000+0 0  9994
2 28264  39.0360  33.8105 4923895 102.2584 315.1580  5.88254445231416
1 28277U 91068AS  18199.33636785  .00002161  00000-0  68593-2 0  9992
2 28277  82.6219 207.5733 0068847  92.2831 329.0410 13.02057966721560
1 28278U 91068AT  18204.48063838 +.00001718 +00000-0 +67505-2 0  9998
2 28278 082.2788 108.6512 0045739 262.4299 219.3999 12.87385321721315
1 28283U 93014L   18204.80795834 +.00003054 +00000-0 +33215-3 0  9998
2 28283 075.7416 245.6316 0066356 359.3462 000.7628 14.86718689270730
1 28284U 93014M   18204.08039685 +.00001389 +00000-0 +26331-3 0  9994
2 28284 075.7477 347.9742 0101287 154.9621 205.6519 14.61553517758530
1 28288U 93014R   18203.46091171 +.00007805 +00000-0 +47795-3 0  9993
2 28288 075.7245 123.6873 0047804 208.7569 151.0996 15.09291264761914
1 28290U 93014T   18204.42039450 +.00002932 +00000-0 +37408-3 0  9991
2 28290 075.7438 248.5308 0065703 008.1253 352.0979 14.80224834230542
1 28291U 93014U   18204.56111474 +.00007476 +00000-0 +48718-3 0  9998
2 28291 075.7274 160.0219 0049319 252.2714 107.3100 15.06975622774209
1 28292U 93014V   18204.46570117 +.00000135 +00000-0 +45638-4 0  9995
2 28292 075.7611 124.8978 0149837 346.7760 012.9491 14.36131207268882
1 28300U 91082M   18204.77312993 +.00000485 +00000-0 +21920-3 0  9993
2 28300 098.7767 224.3178 0012276 090.2960 324.4129 14.26669454739630
1 28302U 91082P   18204.80601306 +.00000274 +00000-0 +15374-3 0  9990
2 28302 098.8722 216.4747 0029824 278.8749 080.9049 14.18505886736815
1 28303U 91082Q   18204.20870463 +.00000017 +00000-0 +25604-4 0  9990
2 28303 098.6652 194.6001 0029429 168.3042 253.4050 14.25146836741309
1 28304U 91082R   18204.51962771 +.00000010 +00000-0 +27684-4 0  9992
2 28304 098.9278 211.8313 0011733 238.1760 273.6710 14.16262295736711
1 28307U 91082U   18204.23279142 +.00000020 +00000-0 +37018-4 0  9990
2 28307 099.0854 212.4169 0039792 052.3179 008.3864 14.09748406733217
1 28308U 91082V   18204.87231661 +.00000174 +00000-0 +95917-4 0  9997
2 28308 098.7921 220.0020 0015254 123.3994 358.0002 14.23476235738196
1 28309U 91082W   18204.79523528 +.00000015 +00000-0 +26866-4 0  9996
2 28309 098.7625 201.7810 0014011 298.4834 186.7279 14.21715108739497
1 28310U 91082X   18204.32561434 +.00000830 +00000-0 +29608-3 0  9996
2 28310 098.6791 237.5333 0009131 355.2813 065.6919 14.36865879741424
1 28312U 91082Z   18204.96548647 +.00000195 +00000-0 +11138-3 0  9992
2 28312 098.8610 216.7866 0011808 156.9014 203.2695 14.20747878737068
1 28313U 91082AA  18203.42933394 +.00002903 +00000-0 +65830-3 0  9997
2 28313 098.7484 284.3122 0020610 225.7254 134.2252 14.56784175742917
1 28315U 91082AC  18204.70279095 +.00000567 +00000-0 +38344-3 0  9996
2 28315 098.7288 348.9140 0138304 054.7934 073.5511 13.99598862724187
1 28317U 91082AE  18204.77938748 +.00000191 +00000-0 +11362-3 0  9996
2 28317 098.7781 197.4170 0125959 240.9571 245.4677 14.14536119734780
1 28318U 91082AF  18204.93509524 +.00001402 +00000-0 +51369-3 0  9998
2 28318 098.7795 247.8309 0056174 183.7523 301.7094 14.33576742737153
1 28319U 91082AG  18204.18605685 +.00001112 +00000-0 +44159-3 0  9998
2 28319 098.8026 182.6329 0061855 151.7685 208.6872 14.29730704736441
1 28321U 91082AJ  18204.30289559 +.00000825 +00000-0 +30267-3 0  9998
2 28321 098.6812 235.5146 0009019 004.3346 055.0979 14.35447348739903
1 28322U 91082AK  18204.14300988 +.00000243 +00000-0 +19704-3 0  9998
2 28322 098.6976 326.6965 0114294 321.0864 162.1728 13.95915183724720
1 28323U 91082AL  18203.95734361 +.00004197 +00000-0 +86950-3 0  9992
2 28323 098.5193 207.7873 0055666 075.6351 285.1018 14.59816120738206
1 28325U 91082AN  18204.88261670 +.00001157 +00000-0 +54685-3 0  9998
2 28325 098.6257 068.1048 0084256 014.0232 052.4340 14.19750242729475
1 28326U 91082AP  18204.84269396 +.00000638 +00000-0 +32091-3 0  9998
2 28326 098.9591 230.0052 0068261 082.5071 278.3853 14.18841889731887
1 28327U 91082AQ  18204.87621852 +.00000691 +00000-0 +30723-3 0  9990
2 28327 098.8699 223.1574 0030599 154.2276 328.1314 14.25969092263482
1 28328U 91082AR  18204.40479163 +.00003117 +00000-0 +89747-3 0  9992
2 28328 098.9353 272.9551 0066069 270.7296 088.6323 14.44253114733229
1 28329U 91082AS  18204.81588006 +.00000781 +00000-0 +41581-3 0  9993
2 28329 099.0324 201.2455 0089509 186.4785 173.5237 14.14354332729930
1 28330U 91082AT  18204.17483089 +.00000939 +00000-0 +47635-3 0  9990
2 28330 098.9688 179.7867 0094433 131.0626 229.8755 14.16155851729950
1 28331U 91082AU  18203.29909354  .00000757  00000-0  22920-3 0  9999
2 28331  98.2987 218.6814 0040304 216.3677 143.4774 14.44576421744705
1 28332U 91082AV  18204.87889045 +.00010729 +00000-0 +10679-2 0  9996
2 28332 098.7570 358.5654 0021117 184.7821 175.3197 14.91684989743179
1 28333U 91082AW  18204.58068308 +.00000851 +00000-0 +30927-3 0  9990
2 28333 098.6760 235.7097 0010396 358.8301 153.5267 14.35843444739027
1 28334U 91082AX  18204.68511712 +.00000788 +00000-0 +36670-3 0  9994
2 28334 098.8918 174.0934 0081559 332.3178 027.3669 14.21755820732187
1 28335U 91082AY  18204.30330234 +.00000578 +00000-0 +25173-3 0  9995
2 28335 098.8075 228.2797 0014290 110.0885 250.1834 14.27872607261529
1 28338U 91082BB  18204.27735206 +.00000895 +00000-0 +31743-3 0  9994
2 28338 098.6724 237.6872 0010809 340.3835 019.6934 14.36930448738430
1 28340U 91082BD  18204.43357428 +.00002430 +00000-0 +57026-3 0  9990
2 28340 098.7586 274.8141 0017843 254.3496 105.5731 14.55368196739105
1 28342U 91082BF  18204.67933354 +.00000831 +00000-0 +42493-3 0  9991
2 28342 098.9601 169.9097 0088802 105.4111 255.6893 14.16278361728660
1 28343U 91082BG  18204.96197307 +.00000810 +00000-0 +42947-3 0  9995
2 28343 099.0366 214.3248 0082831 182.3748 177.7043 14.14763748725967
1 28344U 91082BH  18204.32033830 +.00000797 +00000-0 +30412-3 0  9994
2 28344 098.7065 232.4318 0008659 017.4554 039.4441 14.33574787266610
1 28345U 91082BJ  18204.55190134 +.00001531 +00000-0 +86896-3 0  9995
2 28345 098.6374 334.1411 0126208 329.8172 029.5768 14.07474447721682
1 28346U 91082BK  18204.29789530 +.00000873 +00000-0 +31725-3 0  9990
2 28346 098.6735 235.6936 0012264 008.8063 052.2652 14.35767949736426
1 28348U 91082BM  18204.05779697 +.00002917 +00000-0 +59613-3 0  9996
2 28348 098.6480 288.3827 0015027 126.1760 234.0832 14.61612883741170
1 28349U 91082BN  18204.81198097 +.00000939 +00000-0 +45145-3 0  9997
2 28349 098.9091 188.7764 0080558 088.6130 029.4043 14.19564432728500
1 28354U 04021C   18204.85262760 -.00000049 +00000-0 -79230-5 0  9991
2 28354 070.9558 008.7111 0221318 074.3554 288.1844 13.68280391704547
1 28355U 04021D   18204.95724073 +.00000013 +00000-0 +54405-4 0  9998
2 28355 070.9686 027.6991 0227792 048.6599 100.4556 13.67541406704161
1 28356U 04021E   18204.95906566 -.00000018 +00000-0 +23590-4 0  9995
2 28356 071.0637 056.3620 0221714 340.0275 084.0844 13.68738068704784
1 28357U 04021F   18204.86509175 -.00000016 +00000-0 +25504-4 0  9996
2 28357 071.0756 353.4310 0202294 258.4846 256.3895 13.72836940707047
1 28429U 01049NP  18204.30732006 +.00002273 +00000-0 +11741-3 0  9996
2 28429 097.4160 229.8882 0012506 247.6552 112.3356 15.17239978804407
1 28430U 01049NW  18204.15234716 +.00000496 +00000-0 +40252-4 0  9991
2 28430 097.6267 189.8603 0035488 195.2047 164.8115 15.03691040822756
1 28432U 01049NY  18204.44387207 +.00000350 +00000-0 +66793-4 0  9996
2 28432 097.7401 273.0006 0074704 300.6269 058.7585 14.68051423804874
1 28436U 01056K   18204.38015192 -.00000036 +00000-0 +90334-5 0  9993
2 28436 099.4229 351.5738 0191570 273.1009 139.8641 13.28640427805391
1 28437U 01056L   18204.82520317 -.00000010 +00000-0 +60894-4 0  9992
2 28437 099.4493 330.8686 0200816 325.1899 190.0440 13.27299277804450
1 28438U 02024E   18204.91444528 +.00000487 +00000-0 +20204-3 0  9995
2 28438 098.4756 194.1793 0023820 045.4151 314.8971 14.30634774840256
1 28481U 04046C   18204.89836150 +.00000374 +00000-0 +12448-3 0  9998
2 28481 098.1589 306.4908 0128480 255.4824 240.6118 14.38667330714878
1 28482U 04046D   18204.93871818 +.00000315 +00000-0 +11487-3 0  9991
2 28482 098.7830 192.4584 0133655 136.2156 253.2386 14.35220365713484
1 28483U 04046E   18204.95596926 +.00000342 +00000-0 +10319-3 0  9991
2 28483 098.0571 008.7908 0113300 128.4399 022.6559 14.44563207717902
1 28484U 04046F   18204.58514687 +.00000058 +00000-0 +30797-4 0  9992
2 28484 098.6344 234.9538 0107172 353.6764 156.6130 14.41824875716378
1 28488U 04046G   07229.28095273 +.00006150 +00000-0 +10047-2 0  9996
2 28488 098.1779 246.7669 0026016 320.1533 049.2311 14.71014898146717
1 28590U 92047Z   12117.78022953 -.00000059  00000-0  00000+0 0  9998
2 28590  65.6571  29.7701 5086295  10.5462   5.7322  4.38077028124853
1 28679U 92047AC  06087.58224374 -.00000019 +00000-0 +00000-0 0  9991
2 28679 061.8870 071.7479 2457636 142.3780 237.4219 08.01411551042759
1 28739U 05024C   18204.24120733 +.00004052 +00000-0 +26038-3 0  9990
2 28739 097.6044 308.3559 0090435 164.8217 195.5757 15.05631690699733
1 28740U 05024D   18204.81646498 +.00001197 +00000-0 +11960-3 0  9991
2 28740 097.8207 333.5537 0131251 090.1725 271.4531 14.87156701695768
1 28742U 05024F   18204.39452563 +.00000978 +00000-0 +88484-4 0  9996
2 28742 097.7218 359.7726 0112002 324.8514 034.5352 14.93224839696920
1 28785U 05024G   18204.38273127 +.00002743 +00000-0 +19495-3 0  9996
2 28785 097.7778 357.1960 0096865 255.0858 103.9624 15.01846016698308
1 28850U 01049PC  18204.85257859 +.00004204 +00000-0 +16914-3 0  9995
2 28850 097.6320 225.7543 0012568 223.8741 136.1500 15.25411137765542
1 28851U 01049PD  18204.16397711 +.00000717 +00000-0 +73955-4 0  9996
2 28851 097.9389 191.8587 0038882 302.1810 057.5640 14.92940333755365
1 28852U 01049PE  18204.09111288 +.00000057 +00000-0 +16843-4 0  9992
2 28852 098.0882 154.5006 0045086 168.7254 248.6159 14.72882088812542
1 28853U 01049PF  18204.73350988 +.00000276 +00000-0 +40150-4 0  9997
2 28853 097.9976 172.1735 0036567 348.2577 133.9162 14.83305362776701
1 28855U 01049PH  18204.77804212 +.00000808 +00000-0 +84112-4 0  9994
2 28855 097.7427 187.5839 0001203 080.1233 280.0122 14.92535465868539
1 28856U 01049PJ  09318.18304321 +.00000267 +00000-0 +53812-4 0  9994
2 28856 097.7379 302.1955 0043603 282.1076 084.3433 14.68270261276861
1 28859U 01049PM  18204.80389804 +.00001432 +00000-0 +89704-4 0  9993
2 28859 097.7133 209.2796 0017625 309.7447 050.2228 15.10923651822525
1 28897U 05043H   18204.91947795 +.00000108 +00000-0 +29248-4 0  9990
2 28897 097.9101 355.4103 0014919 311.8182 199.9594 14.64014985671385
1 28950U 93014AB  18204.90599715 +.00004421 +00000-0 +55757-3 0  9994
2 28950 075.7412 287.3634 0065709 081.8483 036.9347 14.80582967726179
1 28955U 93014AG  18204.22859243 +.00002055 +00000-0 +27211-3 0  9994
2 28955 075.7429 290.3922 0078180 072.6690 288.3027 14.78150322260535
1 28956U 93014AH  18204.88244179 +.00001540 +00000-0 +22929-3 0  9992
2 28956 075.7417 285.4449 0083381 066.2898 294.7004 14.73065725238471
1 28958U 93014AK  18204.81369870 +.00003487 +00000-0 +38884-3 0  9992
2 28958 075.7398 245.0363 0068528 357.4999 002.5836 14.85561011172726
1 28985U 92047AN  17204.77302165 -.00000011 +00000-0 +00000-0 0  9992
2 28985 064.0875 130.0837 3771459 322.9356 016.1756 06.52731338268406
1 29029U 93014AW  18203.86084844 +.00002716 +00000-0 +31835-3 0  9994
2 29029 075.7412 265.7912 0066566 034.8796 325.6725 14.83692064663848
1 29030U 93014AX  18201.97418893  .00001811  00000-0  26781-3 0  9990
2 29030  75.7436 306.1771 0072366  95.7689 265.1750 14.73856995654380
1 29032U 93014AZ  17280.00072034 +.00011875 +00000-0 +12980-2 0  9991
2 29032 075.7460 030.1155 0072258 003.5677 005.6543 14.85947045687319
1 29033U 94029AEQ 18203.82929967 +.00000187 +00000-0 +39446-4 0  9993
2 29033 081.9804 149.8655 0276583 197.1328 162.0383 14.33375357813027
1 29037U 99040G   18194.20643941 +.00000295 +00000-0 +40247-4 0  9992
2 29037 028.4530 177.1591 4505556 184.2627 170.0502 06.44881908294105
1 29039U 99057NJ  18204.71695896 +.00000338 +00000-0 +85602-4 0  9998
2 29039 098.3015 174.9613 0063065 308.2714 176.2397 14.56135213826076
1 29040U 99057NK  18204.68995893 +.00000108 +00000-0 +44720-4 0  9997
2 29040 098.5378 164.2128 0079000 240.8548 118.4719 14.43261888803162
1 29042U 04035J   18204.29305689 -.00000518 +00000-0 -38857-4 0  9997
2 29042 097.7506 222.7173 0009836 048.4491 311.7573 14.97993806708629
1 29043U 04035K   18204.84197268 -.00000257 +00000-0 -16877-4 0  9999
2 29043 097.7623 225.1646 0009543 076.4667 283.7618 14.97754561686720
1 29068U 91082BP  18204.21643242 +.00003934 +00000-0 +97496-3 0  9991
2 29068 098.9099 301.7180 0056234 178.6307 181.5051 14.51581400653333
1 29069U 91082BQ  18204.89906146 +.00000867 +00000-0 +42413-3 0  9992
2 29069 098.9410 176.3915 0090829 057.6005 330.2319 14.18417145705742
1 29070U 91082BR  18203.55041797 +.00000904 +00000-0 +34918-3 0  9991
2 29070 098.7519 233.6944 0015316 063.5219 296.7534 14.32577233722994
1 29071U 91082BS  18204.69756325 +.00000956 +00000-0 +49681-3 0  9998
2 29071 098.9703 179.2208 0095442 168.7130 191.6214 14.14779363722949
1 29072U 91082BT  18204.50756969 +.00004554 +00000-0 +10619-2 0  9999
2 29072 098.9380 298.9587 0064575 216.1530 143.5290 14.54044004719380
1 29073U 91082BU  18204.89669187 +.00000978 +00000-0 +34578-3 0  9994
2 29073 098.6568 238.4342 0013729 353.3228 006.7773 14.36853452265115
1 29074U 91082BV  18202.01916977  .00000603  00000-0  25269-3 0  9991
2 29074  98.7819 228.8985 0013256  87.5168 272.7531 14.29640346718945
1 29075U 91082BW  18204.87772313 +.00015725 +00000-0 +95796-3 0  9995
2 29075 098.5934 003.5010 0015524 162.2346 197.9426 15.10394223689341
1 29077U 91082BY  18204.87951814 +.00001282 +00000-0 +73129-3 0  9991
2 29077 098.6477 004.5126 0105435 214.7852 144.6395 14.08641254716947
1 29078U 91082BZ  18204.27437446 +.00000516 +00000-0 +23585-3 0  9996
2 29078 098.8784 224.4463 0022035 167.0769 193.0979 14.25741809713476
1 29081U 91082CA  18203.62014498 +.00007760 +00000-0 +98210-3 0  9991
2 29081 098.5961 256.0635 0029858 331.2067 028.7495 14.81804175735112
1 29082U 91082CB  18204.00185719 +.00002381 +00000-0 +49283-3 0  9990
2 29082 098.6478 286.9417 0016395 130.2014 230.0623 14.61201267719831
1 29083U 91082CC  18204.87933165 +.00001254 +00000-0 +40325-3 0  9998
2 29083 098.6646 246.6567 0009838 288.1238 071.8878 14.41096771717610
1 29084U 91082CD  18202.91171524 +.00015952 +00000-0 +11812-2 0  9993
2 29084 098.6138 352.5659 0002011 243.2922 269.0518 15.03243423735512
1 29085U 91082CE  06107.27500905 +.00000096 +00000-0 +70654-4 0  9997
2 29085 098.7123 126.2034 0013541 053.3411 306.8654 14.16071559089733
1 29086U 91082CF  18203.38051104  .00001723  00000-0  45893-3 0  9996
2 29086  98.6498 263.8372 0010921 197.5651 222.5846 14.49767992691215
1 29087U 91082CG  18204.34561723 +.00000965 +00000-0 +32702-3 0  9999
2 29087 098.7155 241.4193 0007936 322.1015 037.9612 14.39075665734666
1 29088U 91082CH  18204.90459061 +.00000887 +00000-0 +31726-3 0  9991
2 29088 098.6762 238.9532 0010678 346.0639 014.0251 14.36524529265717
1 29089U 91082CJ  18204.16190196 +.00006433 +00000-0 +81209-3 0  9995
2 29089 098.6222 328.2885 0006099 023.6278 099.0036 14.82290750741969
1 29090U 91082CK  18204.84626249 +.00001092 +00000-0 +38380-3 0  9993
2 29090 098.7577 214.7798 0019233 025.9108 096.6740 14.36916319734757
1 29094U 92093JQ  18204.36136727 +.00001078 +00000-0 +47109-3 0  9997
2 29094 071.2909 186.8149 0143432 317.8938 041.1237 14.20600684818171
1 29096U 93016AK  18199.09714987  .00003085  00000-0  43111-3 0  9997
2 29096  70.9189  95.1310 0054951 148.7664 211.6777 14.77471845760395
1 29097U 93016AL  18204.60554873 -.00000002 +00000-0 +30285-4 0  9994
2 29097 071.0046 267.5142 0126196 165.0629 345.1438 13.93704442872112
1 29098U 93016AM  18179.35879955  .00000307  00000-0  18941-3 0  9990
2 29098  70.8989 169.6190 0089175 252.3010 173.3529 14.11290942832484
1 29100U 93016AP  18204.19731037 +.00000401 +00000-0 +25953-3 0  9999
2 29100 070.7333 036.3638 0077962 326.1817 033.4340 14.07585463824975
1 29101U 93016AQ  18204.08251652 +.00001122 +00000-0 +40593-3 0  9996
2 29101 070.9296 104.8707 0123786 018.7002 341.8615 14.31484661265751
1 29102U 93016AR  18204.38981960 +.00001414 +00000-0 +52570-3 0  9994
2 29102 070.9332 225.2921 0106621 140.7231 220.1697 14.30710033814795
1 29104U 01049PN  18204.83981829 +.00002777 +00000-0 +12899-3 0  9998
2 29104 097.5133 215.4775 0020003 095.3676 264.9842 15.20681856756889
1 29105U 04021G   18204.91711016 -.00000089 +00000-0 -37744-4 0  9993
2 29105 070.9241 307.5560 0216347 067.6576 294.7300 13.79069001254381
1 29106U 05049E   18199.86824756  .00000084  00000-0  00000+0 0  9991
2 29106   8.5329  51.0849 0009522 166.2241  52.5299  1.01168882 45662
1 29213U 99057NL  18204.35805742 +.00037678 +00000-0 +45429-3 0  9994
2 29213 098.6639 253.0591 0008570 212.6509 147.4215 15.60661598748145
1 29215U 02024F   18204.55016403 +.00000012 +00000-0 +54806-4 0  9996
2 29215 098.8180 106.8270 0246335 238.8828 245.5359 13.62172516794783
1 29216U 02024G   18204.78674949 +.00000081 +00000-0 +11734-3 0  9995
2 29216 098.8024 184.7360 0230174 137.4682 343.2794 13.67297572797723
1 29217U 05024H   18204.18426930 +.00001514 +00000-0 +12264-3 0  9999
2 29217 097.6084 291.4182 0107409 309.1229 050.0481 14.96855607695639
1 29363U 00075F   18204.39939728 +.00007462 +00000-0 +20668-2 0  9993
2 29363 095.3696 266.3656 0320062 156.8109 204.7895 14.20635966683374
1 29419U 03037D   13247.60541910 +.00000052 +00000-0 +29559-3 0  9991
2 29419 082.4735 014.9152 0024624 188.2064 188.7298 12.45651385453156
1 29421U 03037F   13281.19500608 +.00000012 +00000-0 +15703-4 0  9998
2 29421 082.4746 353.9503 0025727 117.3876 242.5210 12.45640837453542
1 29422U 04023D   18204.47190180 +.00038219 +43239-6 +25760-3 0  9996
2 29422 038.8616 289.0172 3620676 037.9967 342.7764 08.31502302283564
1 29509U 06046E   18204.97031802 +.00000459 +00000-0 +48444-4 0  9992
2 29509 097.9820 211.7995 0045934 125.7554 234.7949 14.93560415636922
1 29519U 04029D   18202.49573831  .00010901  00000-0  17996-2 0  9999
2 29519  88.0830 197.5995 3654821 247.8029 314.0106  7.95966817203054
1 29524U 06050C   18204.77711341 +.00000338 +00000-0 +17935-3 0  9991
2 29524 098.7814 229.2826 0004286 250.2318 165.1753 14.20061580605560
1 29525U 06050D   18204.93204927 +.00000313 +00000-0 +16565-3 0  9998
2 29525 098.7656 230.4935 0002895 243.4702 234.8483 14.20796552605811
1 29534U 05038D   18204.34313572 +.00000662 +00000-0 +10734-3 0  9994
2 29534 039.4253 261.1755 5855143 316.8783 009.9145 04.26965209185202
1 29536U 06015C   18204.44384820 +.00000346 +00000-0 +79504-4 0  9997
2 29536 097.8561 283.5832 0164898 098.6094 263.3825 14.53107765642264
1 29537U 06015D   18204.77686448 +.00000486 +00000-0 +11172-3 0  9996
2 29537 097.9694 317.9293 0171559 156.6213 204.2904 14.51061992641738
1 29538U 06015E   18204.86047839 +.00000329 +00000-0 +68507-4 0  9993
2 29538 097.8616 351.0727 0145020 324.9744 034.1984 14.60178033644293
1 29539U 06015F   18204.84312312 +.00000398 +00000-0 +80778-4 0  9993
2 29539 097.8719 329.5245 0135253 291.7074 222.0793 14.61033293645608
1 29600U 06050BS  18204.95913757 +.00000628 +00000-0 +30448-3 0  9997
2 29600 098.7597 232.4091 0005834 268.5659 141.1629 14.21986710604111
1 29676U 05049F   18200.04349691 -.00000225 +00000-0 +00000-0 0  9995
2 29676 008.4413 050.6093 0034866 338.9675 185.9332 01.02231434044484
1 29733U 99025X   18204.22953569 +.00000982 +00000-0 +17903-2 0  9996
2 29733 099.2357 287.3962 0581469 276.4370 093.9495 12.91508192542312
1 29734U 99025Y   18204.93373921 +.00000215 +00000-0 +42646-3 0  9995
2 29734 099.1262 204.2937 0639881 024.1500 005.2322 12.83535705538627
1 29735U 99025Z   18204.96503897 +.00000216 +00000-0 +45698-3 0  9997
2 29735 099.3524 196.2138 0725795 342.9057 014.8704 12.67543319531649
1 29736U 99025AA  18204.32162036 +.00000291 +00000-0 +74187-3 0  9992
2 29736 099.4403 145.9051 0732203 199.6418 318.9335 12.54019095526795
1 29737U 99025AB  18202.54960073 +.00000390 +00000-0 +89189-3 0  9990
2 29737 099.5661 222.6704 0725577 182.1282 333.7080 12.59461721528126
1 29740U 99025AE  18204.51525428 +.00000402 +00000-0 +11061-2 0  9991
2 29740 099.0519 080.1472 1006475 147.7133 218.9805 12.02759408504356
1 29741U 99025AF  18204.95856573 -.00000374 +00000-0 -92484-3 0  9997
2 29741 099.1935 098.9202 1037974 284.0756 135.8433 11.95634075198820
1 29746U 99025AL  18204.84306327 +.00011701 +00000-0 +18775-1 0  9990
2 29746 099.5363 000.1616 1026618 255.2041 093.3243 12.23551131491071
1 29748U 99025AN  18204.43429358 +.00014475 +00000-0 +79839-1 0  9996
2 29748 100.4109 080.3630 1064525 094.0452 278.2722 11.52285202472555
1 29750U 99025AQ  18204.53765473 +.00000155 +00000-0 +11802-3 0  9999
2 29750 099.0688 229.2289 0035747 321.1089 192.8662 14.07523821590853
1 29751U 99025AR  18204.54810039 +.00000026 +00000-0 +30825-4 0  9994
2 29751 098.8595 229.4635 0091972 027.5857 125.3138 14.21701756597056
1 29753U 99025AT  18204.46118249 +.00001642 +00000-0 +41020-3 0  9994
2 29753 098.9201 033.6889 0059290 238.5905 120.9482 14.51995643603272
1 29754U 99025AU  18204.15916310 +.00000229 +00000-0 +15114-3 0  9991
2 29754 098.9337 286.7597 0037815 328.9616 062.3409 14.11067039592238
1 29756U 99025AW  18204.68583871 +.00001034 +00000-0 +31731-3 0  9991
2 29756 099.2466 166.2198 0051863 077.9691 282.7303 14.43260348601885
1 29758U 99025AY  18204.38543002 +.00000790 +00000-0 +41531-3 0  9999
2 29758 098.9355 262.4325 0033192 163.6608 255.7502 14.16719707593156
1 29760U 99025BA  18204.04979194 -.00000162 +00000-0 -65468-4 0  9991
2 29760 098.9420 232.8143 0133051 203.1410 156.3731 14.06529421591280
1 29762U 99025BC  18204.56271557 +.00000083 +00000-0 +49913-4 0  9995
2 29762 098.6237 240.7398 0212056 235.9838 283.9124 14.19104073596414
1 29763U 99025BD  18204.78780135 -.00000058 +00000-0 -84268-5 0  9994
2 29763 098.8063 243.9286 0129849 224.6575 200.1450 14.05971677591184
1 29765U 99025BF  18204.04389259 -.00000229 +00000-0 -11960-3 0  9994
2 29765 099.1212 230.1438 0062700 020.1458 042.9150 14.01551005589297
1 29766U 99025BG  18204.20969625 +.00000296 +00000-0 +24977-3 0  9998
2 29766 098.7116 298.3555 0161563 155.1778 235.5099 13.88840236582794
1 29767U 99025BH  18204.92529227 +.00000461 +00000-0 +23620-3 0  9996
2 29767 098.2230 080.8770 0386742 039.5536 079.4711 13.86929038580751
1 29769U 99025BK  18204.87699787 +.00000792 +00000-0 +51837-3 0  9999
2 29769 099.1767 188.3258 0103698 057.1126 303.9966 14.02539457587633
1 29770U 99025BL  18204.82124203 +.00000601 +00000-0 +37366-3 0  9992
2 29770 099.0209 257.7858 0070688 326.2171 098.4710 14.07722594590249
1 29771U 99025BM  18202.86244188  .00002461  00000-0  10556-2 0  9997
2 29771  99.5560  76.3284 0081519 222.1712 137.3175 14.24073804589566
1 29772U 99025BN  18202.59366744  .00000186  00000-0  15128-3 0  9994
2 29772  98.4028 234.6449 0146880 297.0709 216.1467 13.95693169585448
1 29773U 99025BP  18204.73915257 +.00000155 +00000-0 +87483-4 0  9992
2 29773 098.7886 300.8666 0051962 163.3060 350.2599 14.22910018597807
1 29774U 99025BQ  18204.95421598 +.00000038 +00000-0 +39589-4 0  9991
2 29774 099.2105 023.0530 0050630 262.2536 253.6595 14.20822787597377
1 29775U 99025BR  18204.57012134 +.00002389 +00000-0 +26994-3 0  9998
2 29775 099.0396 246.8764 0061637 201.1267 158.7398 14.86347835612400
1 29776U 99025BS  18204.93788406 +.00000152 +00000-0 +11935-3 0  9996
2 29776 099.0814 228.8067 0022869 268.9913 209.1623 14.06473498591321
1 29777U 99025BT  18204.74340601 +.00000072 +00000-0 +91145-4 0  9990
2 29777 099.4237 183.3513 0092875 266.3475 219.4979 13.91234662585046
1 29779U 99025BV  18204.54114240 -.00000004 +00000-0 +22294-4 0  9993
2 29779 098.9246 233.2151 0063885 260.9522 098.4415 14.11301226593231
1 29780U 99025BW  18204.31874870 +.00000883 +00000-0 +54381-3 0  9997
2 29780 099.3106 344.7240 0046721 098.6393 262.0072 14.07736534590001
1 29781U 99025BX  18204.57238741 +.00000266 +00000-0 +20264-3 0  9995
2 29781 099.0203 239.1989 0077878 129.6625 022.6459 14.00682935588266
1 29782U 99025BY  18204.91204522 +.00000682 +00000-0 +47083-3 0  9994
2 29782 099.1716 192.2180 0061583 117.8751 272.8058 14.01772200587803
1 29783U 99025BZ  18204.95263935 +.00001897 +00000-0 +24077-3 0  9999
2 29783 098.9696 212.1597 0087081 139.4392 237.4480 14.80516177613053
1 29784U 99025CA  18204.94167082 +.00000133 +00000-0 +74904-4 0  9992
2 29784 099.0688 358.2082 0064503 159.6878 355.1840 14.25334405598775
1 29785U 99025CB  18204.47714794 +.00001424 +00000-0 +28039-3 0  9990
2 29785 099.0353 167.0889 0075783 062.8563 298.0338 14.62598543608038
1 29786U 99025CC  18204.58113313 -.00000031 +00000-0 +83299-5 0  9998
2 29786 099.0156 231.2840 0078441 332.6181 179.2612 14.07648635591751
1 29789U 99025CF  18204.20396949 +.00000288 +00000-0 +39741-3 0  9992
2 29789 099.6510 098.2115 0309857 187.7841 325.9527 13.48335762565574
1 29790U 99025CG  18204.50436433 +.00000062 +00000-0 +43097-4 0  9990
2 29790 099.1454 053.2347 0083169 062.3050 298.6537 14.27649613599789
1 29791U 99025CH  18204.97321681 +.00000446 +00000-0 +17540-3 0  9999
2 29791 099.0789 030.8727 0063146 089.9330 065.1834 14.33290062600295
1 29792U 99025CJ  18204.09688196 +.00000483 +00000-0 +31977-3 0  9991
2 29792 099.0001 260.7844 0055269 067.8246 292.8774 14.05524571589398
1 29793U 99025CK  18204.48630833 +.00000373 +00000-0 +28308-3 0  9992
2 29793 098.3697 218.6656 0152500 322.4008 197.4929 13.93982242584843
1 29794U 99025CL  18204.50773521 +.00000152 +00000-0 +10666-3 0  9991
2 29794 098.1832 214.8944 0166725 176.2472 338.1828 14.03653666589502
1 29795U 99025CM  18204.15583167 -.00000092 +00000-0 -38480-4 0  9998
2 29795 098.8403 080.9773 0114137 129.6555 021.7302 13.91771123585042
1 29796U 99025CN  18204.74006762 +.00000015 +00000-0 +36069-4 0  9999
2 29796 099.1330 224.1902 0054119 269.8235 149.9428 14.06861639590673
1 29798U 99025CQ  18204.95607073 +.00000268 +00000-0 +23537-3 0  9991
2 29798 099.3963 194.3603 0124764 006.7248 019.7365 13.90882337583363
1 29800U 99025CS  18204.24591174 +.00000285 +00000-0 +25490-3 0  9990
2 29800 098.3243 114.4485 0150020 152.6860 358.1942 13.86183622580750
1 29801U 99025CT  18204.86463081 +.00000029 +00000-0 +26504-4 0  9998
2 29801 098.8866 346.0761 0106031 259.2795 254.9759 14.33596746602551
1 29802U 99025CU  18204.62847366 +.00000387 +00000-0 +16971-3 0  9998
2 29802 098.7595 262.3420 0066306 047.7201 105.1608 14.28065558597474
1 29803U 99025CV  18204.54770925 +.00002291 +00000-0 +77590-3 0  9996
2 29803 098.9919 313.3822 0061148 308.6612 108.0885 14.36758715596611
1 29804U 99025CW  18204.93978191 +.00000047 +00000-0 +56206-4 0  9994
2 29804 099.0310 231.5959 0097603 270.5246 207.6365 14.03683199590278
1 29805U 99025CX  18204.96786131 +.00000005 +00000-0 +49814-4 0  9990
2 29805 099.7335 207.2700 0189912 008.5236 351.9061 13.71898077576918
1 29806U 99025CY  18204.82412014 +.00000267 +00000-0 +18328-3 0  9997
2 29806 098.9705 236.7484 0026812 297.9356 112.4346 14.07825040591310
1 29807U 99025CZ  18204.92395994 -.00000109 +00000-0 -37758-4 0  9992
2 29807 098.9545 233.9398 0081697 358.8215 120.3390 14.06660502591360
1 29808U 99025DA  18204.22053163 +.00000981 +00000-0 +44663-3 0  9993
2 29808 099.0147 303.7993 0035086 115.8554 300.6432 14.23763654594281
1 29809U 99025DB  18204.58544201 +.00000095 +00000-0 +40961-4 0  9995
2 29809 098.9334 032.7269 0126086 113.7914 289.1464 14.41603010605436
1 29810U 99025DC  18204.89499140 +.00000065 +00000-0 +46909-4 0  9997
2 29810 099.1745 078.4108 0069050 207.3957 217.8023 14.25415365599011
1 29811U 99025DD  18204.15317079 +.00000669 +00000-0 +30553-3 0  9994
2 29811 099.0218 281.1200 0079879 131.3286 229.4801 14.23277064593548
1 29812U 99025DE  18204.88717889 +.00000209 +00000-0 +16942-3 0  9994
2 29812 098.3786 224.1300 0149755 316.7475 164.1430 13.94488560585174
1 29813U 99025DF  18204.56015302 -.00000106 +00000-0 -35217-4 0  9996
2 29813 099.0213 229.4251 0011474 263.1511 248.8122 14.08774933592504
1 29814U 99025DG  18204.45262706 +.00000983 +00000-0 +29271-3 0  9990
2 29814 099.1012 110.4158 0054533 021.2558 033.3045 14.44760767602351
1 29815U 99025DH  18204.57847466 +.00000277 +00000-0 +64693-4 0  9990
2 29815 098.3111 250.6376 0225852 183.2862 176.6861 14.48292511606850
1 29816U 99025DJ  18204.86936515 +.00000265 +00000-0 +85834-4 0  9994
2 29816 098.8531 308.3985 0300752 108.5314 037.2823 14.24372221596291
1 29819U 99025DM  18204.90859705 -.00000154 +00000-0 -64043-4 0  9995
2 29819 098.9125 259.3710 0199616 030.3061 021.1601 13.99904398588420
1 29820U 99025DN  18204.90731775 +.00000410 +00000-0 +30636-3 0  9996
2 29820 099.0726 236.2999 0068313 144.6348 338.2963 13.99251613587944
1 29821U 99025DP  18204.56741045 -.00000126 +00000-0 -25597-4 0  9997
2 29821 099.2675 230.5263 0394260 061.1371 085.9119 13.99770840586770
1 29825U 99025DT  18204.83697874 +.00001625 +00000-0 +10265-3 0  9999
2 29825 098.7483 257.5600 0118763 324.6154 034.7228 15.05294952621864
1 29827U 99025DV  18204.57175681 +.00000084 +00000-0 +61563-4 0  9995
2 29827 098.6923 236.7305 0026505 188.3793 323.8013 14.18324785595765
1 29828U 99025DW  18204.42810012 +.00000525 +00000-0 +36384-3 0  9996
2 29828 099.0176 269.2737 0066263 126.8192 002.6372 14.02314101588582
1 29832U 99025EA  18204.81493173 +.00000005 +00000-0 +12742-4 0  9995
2 29832 098.8062 122.1222 0203704 185.2993 174.6047 14.52715925610450
1 29833U 99025EB  18204.54100458 +.00000383 +00000-0 +81178-4 0  9995
2 29833 099.1052 228.7632 0155197 266.5080 091.8355 14.59074982610500
1 29834U 99025EC  18204.86269469 +.00004118 +00000-0 +30821-3 0  9997
2 29834 098.3115 223.4098 0111424 171.9067 188.3985 14.98501056614515
1 29835U 99025ED  18204.53212118 -.00000011 +00000-0 +11252-4 0  9998
2 29835 098.9963 135.5000 0173291 100.9406 315.5405 14.41495180605955
1 29836U 99025EE  18204.94870334 +.00000215 +00000-0 +63250-4 0  9994
2 29836 097.9667 018.9674 0179249 183.3687 331.4364 14.43927441245405
1 29837U 99025EF  18204.90902658 +.00011803 +00000-0 +50141-3 0  9995
2 29837 098.4479 005.4569 0053760 208.7421 151.0848 15.21921045615623
1 29840U 99025EJ  18204.85646342 +.00001790 +00000-0 +28882-3 0  9999
2 29840 099.0141 177.3195 0100414 018.5888 341.8940 14.69648107609077
1 29841U 99025EK  18204.77341321 +.00000071 +00000-0 +30640-4 0  9997
2 29841 098.9329 019.0199 0220929 078.5850 045.1741 14.39568500604577
1 29842U 99025EL  18204.93087742 +.00000605 +00000-0 +17897-3 0  9991
2 29842 098.7255 191.1220 0145238 006.4350 025.0954 14.41406046603532
1 29843U 99025EM  18204.77974634 +.00000067 +00000-0 +40108-4 0  9993
2 29843 098.8183 310.6961 0205170 166.1389 345.8773 14.24223174598313
1 29844U 99025EN  18204.83629792 +.00000075 +00000-0 +44096-4 0  9992
2 29844 098.9869 339.9743 0184451 042.6349 318.8979 14.25296718598470
1 29845U 99025EP  18204.79166462 +.00000055 +00000-0 +43065-4 0  9991
2 29845 098.6854 238.9049 0084530 054.1590 005.3190 14.21551587597311
1 29846U 99025EQ  18204.49694472 +.00000014 +00000-0 +27702-4 0  9991
2 29846 098.9865 221.6344 0087420 107.4570 056.8791 14.17666604596033
1 29847U 99025ER  18204.57492681 -.00000044 +00000-0 +29995-6 0  9991
2 29847 098.9675 227.1877 0088069 347.5120 164.6189 14.01353851589180
1 29848U 99025ES  18204.95915709 +.00000151 +00000-0 +10128-3 0  9998
2 29848 098.2506 243.2391 0138113 141.8789 339.9509 14.08231329590401
1 29849U 99025ET  18204.21914774 +.00000780 +00000-0 +57230-3 0  9992
2 29849 099.1438 277.6032 0091010 283.4039 142.3878 13.96955317586129
1 29850U 99025EU  18204.19660434 +.00000391 +00000-0 +31991-3 0  9996
2 29850 098.0961 064.9067 0109930 308.8439 173.4506 13.91799626584127
1 29851U 99025EV  18204.80977258 +.00000065 +00000-0 +94099-4 0  9997
2 29851 099.4708 157.3948 0145811 131.1577 260.4405 13.81715626580796
1 29852U 99025EW  18204.77169069 +.00000540 +00000-0 +41436-3 0  9991
2 29852 099.2246 146.9250 0157169 293.9419 094.6092 13.92126224583180
1 29853U 99025EX  18204.89122261 +.00000258 +00000-0 +22356-3 0  9994
2 29853 098.4131 184.0526 0174565 106.4386 255.6038 13.86733203582096
1 29854U 99025EY  18204.93893814 +.00000067 +00000-0 +93700-4 0  9999
2 29854 099.1076 099.2005 0151153 095.1496 327.1002 13.81411700580663
1 29855U 99025EZ  18204.56513498 +.00000462 +00000-0 +34487-3 0  9991
2 29855 098.1723 066.7350 0218589 027.5291 004.6159 13.88166780581789
1 29856U 99025FA  18204.81390892 +.00000119 +00000-0 +49904-4 0  9991
2 29856 098.7683 322.6960 0431981 061.9235 084.7736 14.00709664583001
1 29857U 99025FB  18204.28804940 +.00000468 +00000-0 +45689-3 0  9999
2 29857 098.4769 112.2392 0210343 025.9628 335.1897 13.74165917576368
1 29858U 99025FC  18204.51174260 +.00000417 +00000-0 +44200-3 0  9993
2 29858 099.0636 028.7039 0213358 319.5538 062.5323 13.70461069575344
1 29859U 99025FD  18204.85451683 +.00000665 +00000-0 +62782-3 0  9998
2 29859 098.3630 002.4453 0324518 201.3764 157.3565 13.62931108571254
1 29860U 99025FE  18204.37430486 +.00000380 +00000-0 +41735-3 0  9994
2 29860 098.6407 120.9526 0249578 311.0658 161.1901 13.65217016572033
1 29865U 99025FK  18204.92450392 +.00000264 +00000-0 +55730-4 0  9990
2 29865 098.9843 193.2503 0163524 184.0841 206.7236 14.61035556612082
1 29866U 99025FL  18204.86777881 +.00000058 +00000-0 +19746-4 0  9997
2 29866 098.1405 249.5013 0222984 354.9631 052.7658 14.54344102610404
1 29868U 99025FN  18204.38368759 +.00000425 +00000-0 +69136-4 0  9992
2 29868 098.3236 255.5147 0268235 179.5106 312.0681 14.55440345608954
1 29869U 99025FP  18204.91106046 +.00000113 +00000-0 +57555-4 0  9997
2 29869 099.0134 008.9631 0092764 341.4066 174.6106 14.31874451601629
1 29870U 99025FQ  18204.57084683 -.00000008 +00000-0 +13464-4 0  9998
2 29870 098.4481 244.5244 0120697 231.7652 284.7709 14.28058326600639
1 29871U 99025FR  18204.97218927 +.00000254 +00000-0 +11213-3 0  9994
2 29871 099.0607 015.9496 0071603 072.2033 078.5038 14.30680680600337
1 29872U 99025FS  18204.08909798 +.00000098 +00000-0 +40389-4 0  9993
2 29872 098.6292 242.4471 0264207 029.3139 332.2576 14.29534768599569
1 29873U 99025FT  18204.78977029 +.00000157 +00000-0 +14479-3 0  9999
2 29873 099.3175 320.0771 0092371 312.7927 201.4183 13.95494678586462
1 29874U 99025FU  18204.04749534 +.00001142 +00000-0 +67399-3 0  9991
2 29874 098.3695 243.4497 0138493 171.3754 249.0771 14.04945770587709
1 29875U 99025FV  18204.69124947 -.00000038 +00000-0 +23207-5 0  9994
2 29875 098.6677 288.4193 0083199 011.1775 145.5976 14.24285831598976
1 29876U 99025FW  18204.93159255 +.00000048 +00000-0 +42049-4 0  9996
2 29876 098.2954 000.9737 0061476 291.4924 220.9816 14.18632927596395
1 29877U 99025FX  18204.79631403 +.00000127 +00000-0 +79356-4 0  9990
2 29877 098.7452 237.9745 0050707 111.2721 308.2208 14.19859093596362
1 29878U 99025FY  18204.38566309 +.00000679 +00000-0 +24915-3 0  9990
2 29878 097.0107 097.7598 0125966 348.6857 011.1504 14.30765277596908
1 29880U 99025GA  18204.84077726 +.00000251 +00000-0 +19535-3 0  9992
2 29880 098.1582 060.5615 0254594 033.5627 027.3470 13.85384077581306
1 29881U 99025GB  18204.22536817 +.00000616 +00000-0 +74086-3 0  9993
2 29881 098.7411 091.6375 0307027 204.1354 282.7992 13.51924054566953
1 29884U 99025GE  18204.88678176 +.00000320 +00000-0 +14574-3 0  9991
2 29884 099.5710 280.1015 0051199 289.6772 130.7841 14.28867635599273
1 29885U 99025GF  18204.76783039 -.00000043 +00000-0 -16484-5 0  9992
2 29885 098.3714 301.7291 0120924 017.5865 133.3224 14.12008323593570
1 29886U 99025GG  18204.47375380 +.00001133 +00000-0 +41321-3 0  9992
2 29886 099.2171 083.5157 0039014 142.5476 341.5079 14.34803805597735
1 29887U 99025GH  18204.97424171 +.00000269 +00000-0 +87912-4 0  9997
2 29887 099.0090 220.0709 0326798 251.4378 138.0120 14.21418300595523
1 29888U 99025GJ  18204.72624542 +.00000009 +00000-0 +20423-4 0  9991
2 29888 098.9686 308.3379 0296323 099.9051 263.5703 14.12957820593400
1 29889U 99025GK  18204.35616720 +.00000072 +00000-0 +61127-4 0  9996
2 29889 099.4561 125.7175 0159415 318.5669 160.7315 14.10289253592478
1 29890U 99025GL  18204.56784622 +.00000326 +00000-0 +20041-3 0  9999
2 29890 099.4546 115.0246 0021132 056.3828 303.9355 14.13051792592509
1 29891U 99025GM  18204.62778089 +.00000204 +00000-0 +17095-3 0  9997
2 29891 098.9928 267.8770 0066452 175.9339 348.7130 13.97942248587626
1 29892U 99025GN  18204.64433601 +.00000732 +00000-0 +37285-3 0  9997
2 29892 099.2153 261.7505 0269878 279.7303 235.0756 14.01988651586323
1 29893U 99025GP  18204.87396760 +.00000033 +00000-0 +63306-4 0  9995
2 29893 098.4837 177.7361 0173310 256.7057 131.2455 13.78355018579622
1 29894U 99025GQ  18204.94682096 +.00000117 +00000-0 +14686-3 0  9993
2 29894 099.6008 187.8927 0172103 270.5462 111.0181 13.77968049578825
1 29895U 99025GR  18204.90731748 +.00000574 +00000-0 +31536-3 0  9999
2 29895 099.8776 088.5004 0371034 312.0433 106.0148 13.86494117579690
1 29896U 99025GS  18204.35213395 +.00000114 +00000-0 +16433-3 0  9991
2 29896 099.5383 120.2278 0244256 172.4866 311.4932 13.62817406572524
1 29897U 99025GT  18204.44905640 +.00000647 +00000-0 +81636-3 0  9991
2 29897 098.6242 022.1181 0319034 245.7209 168.5657 13.47790845565127
1 29898U 99025GU  18204.05634580 +.00000530 +00000-0 +40483-3 0  9997
2 29898 098.2075 229.3938 0483748 114.1211 304.4653 13.52205395565523
1 29899U 99025GV  18204.37939940 -.00000016 +00000-0 +25375-4 0  9995
2 29899 098.6713 355.4167 0355070 017.6228 343.6862 13.36703155562009
1 29901U 99025GX  18204.43677216 +.00000027 +00000-0 +82144-4 0  9999
2 29901 098.7586 003.5859 0384811 152.2705 268.0799 13.31833976559759
1 29903U 99025GZ  18204.67440874 +.00000722 +00000-0 +18190-3 0  9996
2 29903 098.9504 109.0959 0083530 129.0932 231.7729 14.52461404606136
1 29904U 99025HA  18204.47425055 +.00000121 +00000-0 +45812-4 0  9994
2 29904 099.0304 071.2998 0232012 347.9961 011.5750 14.36084198602625
1 29905U 99025HB  18204.84509391 +.00010751 +00000-0 +60701-3 0  9995
2 29905 099.2177 342.0832 0020556 308.7927 051.1462 15.13206334611788
1 29906U 99025HC  18204.61306266 +.00000607 +00000-0 +28103-3 0  9996
2 29906 098.8370 255.5780 0053534 118.8552 241.8014 14.23715959595875
1 29907U 99025HD  18204.94452157 -.00000035 +00000-0 +67716-5 0  9995
2 29907 099.2351 201.7241 0086233 150.1367 240.4054 14.00723592587282
1 29909U 99025HF  18204.97242192 +.00000483 +00000-0 +21168-3 0  9991
2 29909 098.7755 259.7426 0062918 054.8402 067.1281 14.27202081597335
1 29911U 99025HH  18204.92789649 +.00000193 +00000-0 +12852-3 0  9990
2 29911 098.9800 236.3177 0030875 259.4215 220.9143 14.12452733592827
1 29912U 99025HJ  18204.83881104 +.00000486 +00000-0 +23560-3 0  9993
2 29912 098.8858 247.4255 0056781 140.8161 274.9939 14.22146886595394
1 29913U 99025HK  18204.08290007 +.00000120 +00000-0 +10086-3 0  9991
2 29913 098.9419 234.3783 0063493 279.4497 141.4430 14.04895514590397
1 29914U 99025HL  18204.93185483 +.00000144 +00000-0 +12298-3 0  9990
2 29914 099.1619 227.1517 0036480 041.9491 075.0889 14.02075341589596
1 29915U 99025HM  18204.59886605 +.00002633 +00000-0 +29568-3 0  9990
2 29915 099.0432 254.2016 0061227 202.5783 157.2734 14.86513576612486
1 29916U 99025HN  18203.88200977 +.00000381 +00000-0 +49048-3 0  9997
2 29916 099.2762 340.9206 0275849 278.4643 234.0266 13.54126846568931
1 29917U 99025HP  18204.61794701 +.00000101 +00000-0 +14461-3 0  9994
2 29917 098.8820 246.0098 0235359 002.7838 147.9646 13.64640806572929
1 29918U 99025HQ  18204.86114648 +.00000627 +00000-0 +32225-3 0  9999
2 29918 099.0215 207.3138 0016743 148.5883 331.0458 14.18997231594130
1 29919U 99025HR  18204.86685278 +.00000038 +00000-0 +62536-4 0  9997
2 29919 098.4540 215.9861 0139708 156.8379 324.9911 13.84021596582059
1 29920U 99025HS  18203.64902831 +.00000362 +00000-0 +27135-3 0  9996
2 29920 098.4083 239.1023 0136864 290.7030 190.1886 13.96011185585528
1 29921U 99025HT  18204.80753417 +.00000370 +00000-0 +26036-3 0  9998
2 29921 098.9994 235.1303 0047999 055.6823 358.7535 14.03812827589865
1 29922U 99025HU  18204.95983956 +.00000026 +00000-0 +49318-4 0  9995
2 29922 099.3424 194.4926 0094712 167.7955 217.9522 13.97259257587418
1 29923U 99025HV  18204.91495753 +.00000194 +00000-0 +13569-3 0  9999
2 29923 098.9099 236.9965 0017581 253.6068 228.4076 14.09700101592180
1 29924U 99025HW  18204.56578615 -.00000131 +00000-0 -50038-4 0  9996
2 29924 098.9927 230.6702 0026077 295.6180 216.9049 14.08225894592139
1 29925U 99025HX  18204.93185894 +.00001891 +00000-0 +31475-3 0  9996
2 29925 099.0301 185.5590 0070167 354.7614 026.3658 14.69885496609325
1 29926U 99025HY  18204.86314238 -.00000005 +00000-0 +13014-4 0  9992
2 29926 098.5032 265.6756 0263724 015.9451 041.9509 14.28641757600136
1 29927U 99025HZ  18204.75486176 +.00000805 +00000-0 +32659-3 0  9994
2 29927 099.1345 029.3383 0031917 225.8713 199.1440 14.30368001598263
1 29928U 99025JA  18204.36674060 +.00000132 +00000-0 +14567-3 0  9994
2 29928 099.3840 149.0509 0150468 061.1243 058.5074 13.83950456581326
1 29929U 99025JB  18204.88468493 +.00000095 +00000-0 +96653-4 0  9998
2 29929 098.6123 276.6529 0146885 095.5335 325.6948 13.91260508583526
1 29930U 99025JC  18204.36092580 +.00000049 +00000-0 +40119-4 0  9998
2 29930 099.0257 330.6176 0168780 168.1409 256.9020 14.18528500596033
1 29931U 99025JD  18204.87125381 +.00000295 +00000-0 +21995-3 0  9994
2 29931 099.1800 224.5889 0032266 022.2298 100.1694 14.02599096589687
1 29932U 99025JE  18204.91375181 +.00000102 +00000-0 +76523-4 0  9990
2 29932 098.8763 234.5814 0038423 211.0565 270.8256 14.13991288594223
1 29933U 99025JF  18204.97095245 +.00000786 +00000-0 +32752-3 0  9990
2 29933 098.8692 206.3146 0013519 047.4799 341.4225 14.29134599597437
1 29935U 99025JH  18204.95218694 -.00000001 +00000-0 +18320-4 0  9992
2 29935 098.3602 009.5999 0153524 040.3234 109.5794 14.12878771594228
1 29938U 99025JL  18204.90996707 +.00000009 +00000-0 +31809-4 0  9992
2 29938 098.8698 234.2419 0033587 337.2694 144.4140 14.06165400591174
1 29940U 99025JN  18204.82403786 +.00000282 +00000-0 +16918-3 0  9992
2 29940 098.8487 239.4001 0078369 246.7130 168.0343 14.13258986593431
1 29941U 99025JP  18204.91325499 +.00001198 +00000-0 +25846-3 0  9994
2 29941 098.8919 083.5241 0072410 083.2501 342.2652 14.58850301606615
1 29942U 99025JQ  18204.55091455 +.00000265 +00000-0 +13576-3 0  9998
2 29942 098.9288 231.2428 0054674 178.3499 181.7869 14.22986965594269
1 29944U 99025JS  18204.93683890 +.00000250 +00000-0 +45897-4 0  9998
2 29944 099.0639 196.3092 0253719 244.3615 143.1715 14.58082178609391
1 29946U 99025JU  18204.89753564 +.00000222 +00000-0 +15665-3 0  9999
2 29946 098.8802 236.1909 0082674 014.2253 109.0258 14.06166550591106
1 29947U 99025JV  18204.06889050 -.00000022 +00000-0 +15443-4 0  9993
2 29947 099.1688 229.9121 0042144 048.0430 009.8317 14.01830978589162
1 29948U 99025JW  18204.94115837 -.00000101 +00000-0 -34545-4 0  9999
2 29948 098.8615 235.0306 0084689 245.0672 234.4227 14.04993982590705
1 29949U 99025JX  18204.82112062 -.00000140 +00000-0 -57082-4 0  9998
2 29949 099.0371 230.0662 0023346 308.7874 103.0342 14.06414513591678
1 29953U 99025KB  18204.60427990 +.00000052 +00000-0 +74718-4 0  9993
2 29953 099.0994 254.3811 0113451 042.7430 110.2513 13.88739046583816
1 29954U 99025KC  18204.76117279 +.00000295 +00000-0 +14941-3 0  9997
2 29954 100.1344 141.7359 0087238 205.6654 154.0177 14.23270055597320
1 29955U 99025KD  18204.92206456 +.00000653 +00000-0 +31591-3 0  9990
2 29955 099.2939 082.8173 0011167 048.1553 074.5878 14.22241777595818
1 29957U 99025KF  18204.85836900 +.00000802 +00000-0 +45420-3 0  9999
2 29957 098.9677 264.0821 0063448 346.1273 073.4799 14.11996505591694
1 29959U 99025KH  18204.86502639 +.00000187 +00000-0 +14426-3 0  9999
2 29959 099.1267 227.7677 0041758 293.7561 192.6305 14.04628047590552
1 29960U 99025KJ  18204.95078999 +.00000052 +00000-0 +48819-4 0  9993
2 29960 098.7376 250.4185 0097602 079.7543 041.3843 14.12406894593281
1 29961U 99025KK  18204.82232738 +.00000016 +00000-0 +26079-4 0  9997
2 29961 098.9654 335.2485 0077378 143.9215 216.7219 14.24260802598769
1 29962U 99025KL  18204.58351628 -.00000099 +00000-0 -31660-4 0  9996
2 29962 098.9936 232.5291 0111425 227.6491 285.4946 14.05626386590668
1 29963U 99025KM  18204.28534949 +.00000251 +00000-0 +13028-3 0  9998
2 29963 098.9693 328.4067 0055294 133.4968 289.4408 14.22717467597258
1 29964U 99025KN  18204.95410489 +.00000171 +00000-0 +14108-3 0  9996
2 29964 098.3838 233.6324 0142794 273.0162 085.4671 13.95987755586089
1 29965U 99025KP  18204.88552175 +.00000188 +00000-0 +15965-3 0  9998
2 29965 099.0713 233.6591 0146036 269.3678 216.9699 13.94536923586503
1 29966U 99025KQ  18204.89588042 +.00000112 +00000-0 +74039-4 0  9997
2 29966 099.4760 175.5138 0043057 047.9201 312.5623 14.20976615596914
1 29967U 99025KR  18203.54456161 +.00000498 +00000-0 +29742-3 0  9992
2 29967 099.0596 237.9279 0088538 019.0539 138.7038 14.09970239590683
1 29968U 99025KS  18204.74414938 +.00000190 +00000-0 +13776-3 0  9991
2 29968 098.8723 234.6463 0092088 016.9613 046.5445 14.05694340591182
1 29969U 99025KT  18204.11693896 +.00000540 +00000-0 +29042-3 0  9997
2 29969 098.9487 245.6449 0049944 246.5840 174.2606 14.16584822593313
1 29971U 99025KV  18204.82773887 +.00000299 +00000-0 +19137-3 0  9992
2 29971 099.0138 237.8608 0024515 262.0701 148.5160 14.10935485592246
1 29972U 99025KW  18204.49053771 +.00000421 +00000-0 +13455-3 0  9993
2 29972 098.9554 039.9332 0094941 191.0905 199.3450 14.42768879604290
1 29973U 99025KX  18204.97043123 +.00000431 +00000-0 +30782-3 0  9990
2 29973 098.9765 234.2198 0068020 101.2952 015.1501 14.01407880588783
1 29974U 99025KY  18204.13682233 +.00000201 +00000-0 +15088-3 0  9997
2 29974 099.0491 271.0510 0052224 082.4508 339.8718 14.04987610589431
1 29976U 99025LA  18204.57687715 -.00000270 +00000-0 -12232-3 0  9993
2 29976 099.0613 234.8813 0276486 111.6574 037.6126 13.95494661586710
1 29977U 99025LB  18204.08009170 +.00000416 +00000-0 +30413-3 0  9994
2 29977 098.4140 243.1022 0134930 277.3056 111.2260 13.96810427586054
1 29978U 99025LC  18204.87110135 -.00000183 +00000-0 -98936-4 0  9994
2 29978 099.3689 211.7443 0076530 194.9262 284.7665 13.95086076586874
1 29980U 99025LE  18204.97118237 -.00000117 +00000-0 -43967-4 0  9990
2 29980 098.7828 104.3604 0088070 294.0302 130.1280 14.04917920590874
1 29981U 99025LF  18204.90540490 +.00008070 +00000-0 +21588-3 0  9992
2 29981 098.8803 006.5044 0054736 325.9774 033.7960 15.36892694623550
1 29982U 99025LG  18204.91776378 +.00000216 +00000-0 +56967-4 0  9994
2 29982 099.4068 006.8167 0149090 102.4151 049.8620 14.54396858609785
1 29983U 99025LH  18204.91817631 +.00001456 +00000-0 +32229-3 0  9994
2 29983 099.1886 203.8469 0074672 211.7655 183.2441 14.57329717606437
1 29986U 99025LL  18204.87686022 +.00000420 +00000-0 +24588-3 0  9999
2 29986 099.4120 075.2438 0030778 026.4768 105.3118 14.13942756592500
1 29987U 99025LM  18204.70109839 +.00000510 +00000-0 +37690-3 0  9996
2 29987 098.9730 109.2179 0093950 172.1234 218.6096 13.97771970585470
1 29989U 99025LP  18204.81505042 -.00000003 +00000-0 +19478-4 0  9999
2 29989 098.6849 240.9904 0126743 005.2933 048.4593 14.13943029594698
1 29991U 99025LR  18204.93990169 +.00001154 +00000-0 +49320-3 0  9998
2 29991 102.2090 002.9305 0005937 355.2105 155.5960 14.28276183596025
1 29992U 99025LS  18204.57277497 -.00000050 +00000-0 -29001-5 0  9993
2 29992 098.8400 232.4706 0088687 261.3361 251.3766 14.10659228593257
1 29996U 99025LW  18204.84064851 +.00000383 +00000-0 +29377-3 0  9996
2 29996 099.2404 162.6207 0147844 262.4795 127.5299 13.94553660584118
1 29997U 99025LX  18204.32135683 +.00000517 +00000-0 +39360-3 0  9994
2 29997 099.1076 237.1492 0080117 207.9037 214.1742 13.96725398586736
1 29998U 99025LY  18204.88303188 +.00000223 +00000-0 +13051-3 0  9996
2 29998 099.3149 080.4563 0007274 049.1998 310.9805 14.18791525595390
1 29999U 99025LZ  18204.62378955 +.00000079 +00000-0 +52399-4 0  9991
2 29999 098.6780 248.1317 0199096 341.1415 170.3547 14.15735703595010
1 30001U 99025MA  18204.94604946 +.00000791 +00000-0 +43437-3 0  9997
2 30001 099.0122 192.0886 0050840 248.0784 138.0203 14.14116547591188
1 30004U 99025MD  18204.74604644 +.00000219 +00000-0 +14872-3 0  9999
2 30004 099.0296 304.5773 0040821 003.4571 150.1177 14.09975945592278
1 30005U 99025ME  18204.27632462 -.00000223 +00000-0 -20294-3 0  9999
2 30005 099.3601 309.6704 0361277 041.5550 321.2455 13.47042097565750
1 30007U 99025MG  18204.87130663 +.00000235 +00000-0 +15031-3 0  9997
2 30007 099.1887 333.1506 0075107 051.7423 099.9800 14.11699797591753
1 30008U 99025MH  18204.96731951 +.00000753 +00000-0 +26876-3 0  9999
2 30008 099.4162 213.5847 0063672 181.7985 208.6994 14.36368691601357
1 30012U 99025MM  18204.85566581 +.00000063 +00000-0 +89884-4 0  9990
2 30012 099.4965 170.5771 0139192 087.8850 303.3577 13.84217256582090
1 30013U 99025MN  18204.77239994 +.00000017 +00000-0 +49907-4 0  9998
2 30013 099.3391 146.6582 0131086 024.8524 005.0817 13.86092463582760
1 30015U 99025MQ  18204.84576486 +.00000203 +00000-0 +11126-3 0  9996
2 30015 099.2287 052.0128 0042685 296.0322 133.2369 14.22721154597383
1 30016U 99025MR  18204.79033750 +.00000617 +00000-0 +19412-3 0  9998
2 30016 098.9581 030.3290 0083731 240.1900 188.5251 14.42320833603556
1 30017U 99025MS  18204.63334936 +.00000046 +00000-0 +17695-4 0  9990
2 30017 098.7337 079.8713 0234049 157.0634 204.1222 14.55667690611373
1 30018U 99025MT  18204.91866712 +.00000229 +00000-0 +55801-4 0  9998
2 30018 098.7730 086.8946 0150681 206.2106 283.6578 14.56545140610413
1 30019U 99025MU  18204.61249698 +.00001262 +00000-0 +44706-3 0  9993
2 30019 098.1780 265.7139 0191463 255.8757 102.1083 14.26497703595113
1 30020U 99025MV  18204.83235904 -.00000065 +00000-0 -12290-4 0  9990
2 30020 099.0069 235.5671 0187897 016.8655 034.0646 14.00494794588501
1 30021U 99025MW  18204.75318515 -.00000061 +00000-0 -10264-4 0  9997
2 30021 098.9131 233.2777 0072612 275.8835 148.3099 14.03978849590524
1 30022U 99025MX  18204.89007344 -.00000025 +00000-0 +85364-5 0  9991
2 30022 098.8696 315.5116 0069333 086.5043 060.8685 14.22252129598226
1 30023U 99025MY  18204.28774557 +.00000104 +00000-0 +86887-4 0  9999
2 30023 099.0619 309.0680 0049335 032.2147 025.2739 14.07906300591826
1 30024U 99025MZ  18204.91299036 +.00001340 +00000-0 +82811-4 0  9990
2 30024 098.7064 242.9353 0179398 217.7092 141.1444 14.99787371622777
1 30025U 99025NA  18204.82315049 +.00001843 +00000-0 +10142-3 0  9999
2 30025 098.3853 043.0183 0194854 353.4252 006.4417 15.00875336619345
1 30026U 99025NB  18204.76070353 +.00002010 +00000-0 +15580-3 0  9997
2 30026 099.1188 020.5123 0126501 327.7288 031.6233 14.96876751618214
1 30028U 99025ND  18204.58020542 +.00000270 +00000-0 +71937-4 0  9999
2 30028 098.2908 248.3104 0199838 217.0749 300.2844 14.45451080606635
1 30030U 99025NF  18204.88601639 +.00000873 +00000-0 +16055-3 0  9995
2 30030 099.7277 188.2189 0116057 178.3982 181.7610 14.64842853610460
1 30031U 99025NG  18204.74852877 +.00001503 +00000-0 +21501-3 0  9996
2 30031 099.1773 309.7263 0076044 308.5124 050.9280 14.76599416611597
1 30032U 99025NH  18204.62371702 +.00001554 +00000-0 +16743-3 0  9995
2 30032 097.3142 088.5705 0220632 014.8969 345.8602 14.73565402611723
1 30035U 99025NL  18204.89010481 -.00000023 +00000-0 +10089-4 0  9990
2 30035 099.3519 226.6722 0116274 342.4773 138.2088 14.35897493603975
1 30036U 99025NM  18204.84003623 +.00000104 +00000-0 +40025-4 0  9998
2 30036 098.5759 240.6891 0213103 037.2791 010.6855 14.37828111603354
1 30037U 99025NN  18204.93000264 +.00000038 +00000-0 +26394-4 0  9996
2 30037 098.4235 247.9839 0181027 153.6240 331.2469 14.31196037601648
1 30038U 99025NP  18204.91661146 +.00000095 +00000-0 +36495-4 0  9993
2 30038 098.4413 240.9555 0274971 239.7181 245.6834 14.33016756601955
1 30039U 99025NQ  18204.65470135 +.00001111 +00000-0 +28697-3 0  9995
2 30039 097.0025 181.1657 0145232 044.2699 010.9315 14.45256850602669
1 30040U 99025NR  18204.82567633 +.00000580 +00000-0 +28710-3 0  9991
2 30040 098.3605 322.0936 0041090 320.1039 191.6549 14.20420353595049
1 30041U 99025NS  18204.70475973 +.00000171 +00000-0 +12435-3 0  9997
2 30041 099.4607 118.6103 0036912 126.4157 264.9853 14.09761919592316
1 30043U 99025NU  18204.91055491 +.00000215 +00000-0 +90075-4 0  9997
2 30043 098.4139 015.7956 0321628 326.1662 031.9352 14.11328348591932
1 30044U 99025NV  18204.61638656 +.00000322 +00000-0 +15135-3 0  9997
2 30044 098.1683 259.6054 0123687 260.9959 097.7205 14.22087244594963
1 30045U 99025NW  18204.47355976 +.00000854 +00000-0 +54262-3 0  9997
2 30045 099.0968 160.7243 0122500 074.5506 045.9012 14.02862777587000
1 30047U 99025NY  18204.79658399 +.00000066 +00000-0 +88671-4 0  9996
2 30047 099.8711 146.1499 0130695 261.9050 125.9026 13.90004474583960
1 30048U 99025NZ  18204.62266642 +.00000030 +00000-0 +60921-4 0  9994
2 30048 098.6827 258.1087 0188976 315.2874 199.7244 13.78327161579441
1 30050U 99025PB  18204.39158203 +.00000294 +00000-0 +27135-3 0  9995
2 30050 096.8249 152.0564 0181071 127.2865 354.4810 13.79844314579336
1 30053U 99025PE  18203.98971501 +.00000458 +00000-0 +28236-3 0  9991
2 30053 098.5905 201.8011 0387569 120.1032 303.3892 13.77806035576904
1 30054U 99025PF  18204.53352596 +.00000103 +00000-0 +13127-3 0  9991
2 30054 099.6967 229.0067 0285216 122.1182 031.5922 13.67197184574428
1 30056U 99025PH  18204.67650355 +.00000719 +00000-0 +67050-3 0  9999
2 30056 098.3567 356.8481 0329323 200.8569 157.8876 13.62855375571225
1 30057U 99025PJ  18204.83276818 +.00000185 +00000-0 +25924-3 0  9997
2 30057 098.8818 152.5216 0301629 231.7155 157.0886 13.51392899567481
1 30058U 99025PK  18204.94655157 +.00000071 +00000-0 +14416-3 0  9995
2 30058 099.8667 245.7626 0321690 332.2524 147.0427 13.45324398565347
1 30059U 99025PL  18204.25278604 -.00000046 +00000-0 -77869-5 0  9995
2 30059 098.8983 116.8847 0329276 294.4562 220.5067 13.44261742565293
1 30060U 99025PM  18204.09465999 +.00000684 +00000-0 +95879-3 0  9999
2 30060 099.3143 247.6288 0360421 267.4218 146.5910 13.37192226561164
1 30061U 99025PN  18204.79124160 +.00000873 +00000-0 +11961-2 0  9998
2 30061 101.8760 177.6643 0386891 184.8837 298.1919 13.35458825559803
1 30063U 99025PQ  18204.91673928 -.00000004 +00000-0 +19980-4 0  9993
2 30063 098.6822 263.1286 0032004 328.0612 084.2890 14.14816826594974
1 30064U 99025PR  18204.78560608 +.00000039 +00000-0 +44186-4 0  9992
2 30064 098.9088 232.6626 0066415 225.5771 198.6073 14.12648641593878
1 30065U 99025PS  18204.31399357 +.00000038 +00000-0 +63358-4 0  9994
2 30065 098.7750 322.7575 0132236 183.1249 176.9096 13.86059706582804
1 30066U 99025PT  18204.84233749 -.00000018 +00000-0 +11286-4 0  9997
2 30066 098.7053 234.3908 0121530 111.0698 301.9676 14.17448323595914
1 30068U 99025PV  18204.87942060 +.00000075 +00000-0 +55066-4 0  9991
2 30068 098.7869 235.0346 0195272 091.0236 271.3313 14.10276252593014
1 30069U 99025PW  18204.86817390 -.00000198 +00000-0 -98663-4 0  9996
2 30069 098.8637 243.5932 0050965 049.4617 003.9921 14.03175827589818
1 30070U 99025PX  18203.77990708 +.00000331 +00000-0 +15802-3 0  9992
2 30070 098.3094 129.9392 0396657 343.1711 043.0304 13.90812769582292
1 30071U 99025PY  18204.83828800 +.00000459 +00000-0 +21156-3 0  9994
2 30071 098.8256 254.7444 0062206 102.3493 318.3913 14.24792199596229
1 30072U 99025PZ  18204.40687495 +.00000243 +00000-0 +16059-3 0  9998
2 30072 099.1079 264.0101 0084978 355.4574 004.5815 14.09319858589678
1 30073U 99025QA  18204.77117010 +.00000327 +00000-0 +22770-3 0  9990
2 30073 099.4591 024.8314 0062592 189.8802 301.0365 14.05369285589197
1 30074U 99025QB  18204.42435325 +.00000167 +00000-0 +13143-3 0  9991
2 30074 099.2263 190.5640 0111857 065.3720 295.9049 14.01995053587621
1 30075U 99025QC  18204.86755628 -.00000089 +00000-0 -32344-4 0  9991
2 30075 099.3653 168.1899 0090641 232.7241 156.2260 13.91672094585298
1 30076U 99025QD  18204.78729368 +.00000033 +00000-0 +71788-4 0  9997
2 30076 099.3245 240.6290 0178585 001.0418 057.8569 13.74747199577978
1 30077U 99025QE  18204.55896062 -.00000178 +00000-0 -80039-4 0  9990
2 30077 099.0328 229.6711 0020438 273.1406 238.7283 14.06750818591602
1 30079U 99025QG  18204.93137455 +.00000452 +00000-0 +33508-3 0  9999
2 30079 099.3148 206.0582 0082565 142.3792 231.2150 13.98850144587896
1 30080U 99025QH  18204.72488563 +.00000127 +00000-0 +89730-4 0  9995
2 30080 098.7713 246.8408 0137144 151.2516 348.3816 14.08800704592204
1 30081U 99025QJ  18204.96075501 +.00000313 +00000-0 +25371-3 0  9993
2 30081 099.0557 235.7389 0077587 205.6073 272.7078 13.96125796586790
1 30082U 99025QK  18204.67315413 +.00000657 +00000-0 +99802-4 0  9993
2 30082 098.8799 183.7783 0165523 043.6714 010.9166 14.69328843614067
1 30085U 99025QN  18204.93677434 +.00002876 +00000-0 +28019-3 0  9995
2 30085 098.4522 006.2429 0104094 259.6879 099.2588 14.89427540614764
1 30086U 99025QP  18204.77239594 +.00000312 +00000-0 +23292-3 0  9990
2 30086 099.1752 218.6691 0063944 055.2637 354.0961 14.01281520588901
1 30087U 99025QQ  18204.38921885 +.00000131 +00000-0 +51067-4 0  9990
2 30087 098.7245 234.6784 0243948 176.1054 318.6565 14.30614145600642
1 30088U 99025QR  18204.06189741 +.00000050 +00000-0 +30311-4 0  9992
2 30088 098.4723 250.9860 0216793 341.3129 074.4545 14.29972894600612
1 30089U 99025QS  18204.38348823 +.00000075 +00000-0 +48043-4 0  9994
2 30089 098.9941 347.2379 0078220 101.6823 312.9735 14.27208638599641
1 30090U 99025QT  18204.54778260 +.00000070 +00000-0 +51563-4 0  9992
2 30090 099.3602 155.4819 0061537 237.6596 183.1636 14.23932376598208
1 30092U 99025QV  18204.92732861 +.00000149 +00000-0 +70210-4 0  9990
2 30092 098.6916 304.8527 0092105 258.8142 164.5685 14.31371662600860
1 30093U 99025QW  18204.79439109 +.00000248 +00000-0 +10435-3 0  9997
2 30093 098.7897 320.4112 0081917 353.3236 159.6670 14.32690736600910
1 30094U 99025QX  18204.82377444 +.00002001 +00000-0 +38794-3 0  9992
2 30094 098.9990 122.0352 0047905 163.1231 197.1575 14.63838945606007
1 30095U 99025QY  18204.86171567 +.00000608 +00000-0 +12576-3 0  9996
2 30095 099.2655 176.0569 0287770 106.2440 257.0608 14.41694316601955
1 30096U 99025QZ  18204.93846573 +.00000097 +00000-0 +56213-4 0  9990
2 30096 099.1461 102.6328 0084925 090.2875 270.8037 14.27962074600017
1 30097U 99025RA  18204.86588511 +.00004490 +00000-0 +56342-3 0  9991
2 30097 099.3062 288.2181 0068779 245.1770 114.2274 14.81157761607413
1 30098U 99025RB  18204.74552981 +.00005481 +00000-0 +62484-3 0  9996
2 30098 099.3217 300.2535 0065697 227.8340 131.7279 14.85114399607615
1 30099U 99025RC  18204.92172573 +.00000060 +00000-0 +45253-4 0  9996
2 30099 098.7170 289.0476 0065249 161.7222 259.0379 14.22684722597912
1 30101U 99025RE  18204.69050299 +.00001566 +00000-0 +46665-3 0  9993
2 30101 099.1544 113.7183 0039440 098.0276 292.5948 14.44201831600985
1 30102U 99025RF  18204.45246709 +.00000006 +00000-0 +21569-4 0  9996
2 30102 098.6859 274.2635 0146556 262.2276 162.7657 14.19238759596492
1 30103U 99025RG  18204.80963292 +.00000172 +00000-0 +10283-3 0  9993
2 30103 099.2715 043.5952 0067556 235.7051 192.1750 14.19430466595914
1 30104U 99025RH  18204.32149223 +.00000249 +00000-0 +13457-3 0  9992
2 30104 098.6151 106.9725 0082098 028.8793 091.4784 14.19294924595652
1 30105U 99025RJ  18204.53362862 +.00000092 +00000-0 +56259-4 0  9996
2 30105 098.6703 241.8275 0208585 303.0612 055.0683 14.16965868595051
1 30106U 99025RK  18204.77960407 +.00001147 +00000-0 +43165-3 0  9995
2 30106 098.9036 311.7711 0123978 266.5431 247.3001 14.29399576597019
1 30107U 99025RL  18204.92605201 -.00000013 +00000-0 +16854-4 0  9999
2 30107 099.1056 201.1590 0128662 343.1976 016.4953 14.13485559594279
1 30108U 99025RM  18204.33111542 +.00000052 +00000-0 +41501-4 0  9994
2 30108 098.7164 238.4574 0204532 194.9889 228.2122 14.13946317594439
1 30109U 99025RN  18204.86239821 +.00000014 +00000-0 +25555-4 0  9993
2 30109 098.7382 263.8616 0176994 053.0972 359.6110 14.13585299594051
1 30110U 99025RP  18204.94689112 +.00000067 +00000-0 +11682-3 0  9999
2 30110 098.8319 186.0375 0272227 104.4453 258.7058 13.55052962569540
1 30111U 99025RQ  18204.55418822 +.00002155 +00000-0 +60823-3 0  9996
2 30111 101.6038 143.8751 0108209 037.3130 016.5742 14.44030512598745
1 30112U 99025RR  18204.44989915 +.00000160 +00000-0 +86603-4 0  9990
2 30112 099.3344 035.1104 0220975 161.1345 199.8179 14.14550357593670
1 30113U 99025RS  18204.76697869 +.00000740 +00000-0 +36361-3 0  9999
2 30113 098.9553 302.2029 0057627 229.5162 281.8385 14.19981655594317
1 30114U 99025RT  18204.93766271 -.00000048 +00000-0 -25856-5 0  9995
2 30114 098.9240 233.1453 0083104 165.7344 313.5326 14.07929629591658
1 30115U 99025RU  18204.96043003 +.00000381 +00000-0 +22943-3 0  9990
2 30115 098.8785 253.0739 0075823 184.7167 298.0198 14.11188454591981
1 30116U 99025RV  18204.87918428 +.00000474 +00000-0 +27212-3 0  9990
2 30116 099.4064 077.5621 0028315 019.5098 111.2780 14.14413338592440
1 30117U 99025RW  18204.74114483 +.00000330 +00000-0 +20417-3 0  9997
2 30117 098.8666 235.6907 0167096 230.9971 192.7274 14.05239550590683
1 30118U 99025RX  18204.96603883 -.00000117 +00000-0 -44618-4 0  9994
2 30118 098.9928 232.4775 0086088 041.9701 005.7158 14.04179005590496
1 30119U 99025RY  18204.66343837 +.00000452 +00000-0 +25100-3 0  9996
2 30119 097.9755 100.0788 0151778 227.0898 151.5808 14.09637810590749
1 30120U 99025RZ  18204.82305701 +.00000404 +00000-0 +23693-3 0  9996
2 30120 099.0470 236.1647 0077688 329.6372 080.0551 14.12435263591627
1 30121U 99025SA  18204.60155659 +.00000591 +00000-0 +33711-3 0  9997
2 30121 102.1753 258.4444 0047536 170.0974 348.2408 14.15395527591895
1 30122U 99025SB  18204.12075620 +.00000707 +00000-0 +29175-3 0  9992
2 30122 095.9198 251.4718 0173873 106.9148 320.2181 14.20326248591821
1 30123U 99025SC  18204.83241313 +.00000445 +00000-0 +19033-3 0  9996
2 30123 096.9264 348.3192 0268365 246.7558 110.5157 14.10896482590966
1 30124U 99025SD  18204.84546426 +.00000557 +00000-0 +33015-3 0  9991
2 30124 099.1292 171.9859 0159720 061.8868 329.1056 14.05455697589346
1 30125U 99025SE  18204.89846653 +.00000370 +00000-0 +12149-3 0  9990
2 30125 098.5351 357.5899 0404881 103.7184 045.6142 14.05666467588906
1 30127U 99025SG  18204.50428239 +.00000661 +00000-0 +36049-3 0  9994
2 30127 098.2052 217.5806 0124501 024.5334 336.1695 14.11232824589748
1 30128U 99025SH  18204.43490859 +.00000513 +00000-0 +25873-3 0  9993
2 30128 096.9891 006.9548 0170816 342.9943 068.2458 14.11924524589959
1 30129U 99025SJ  18204.11995958 +.00000528 +00000-0 +33587-3 0  9996
2 30129 098.0339 082.4506 0197694 195.8459 326.0866 13.98099549587290
1 30131U 99025SL  18204.53997942 +.00001114 +00000-0 +71476-3 0  9991
2 30131 099.1915 231.3782 0100878 125.6120 028.0205 14.02930687587097
1 30132U 99025SM  18204.48402490 -.00000022 +00000-0 +18674-4 0  9995
2 30132 099.6703 029.1515 0109177 088.4966 325.6108 13.92212904585190
1 30133U 99025SN  18204.81664618 +.00000601 +00000-0 +43966-3 0  9998
2 30133 098.3098 208.1453 0089095 302.4547 181.2711 13.97497624586099
1 30134U 99025SP  18204.37587778 +.00000035 +00000-0 +45788-4 0  9997
2 30134 098.9669 235.2768 0018868 254.8561 233.0910 14.09484030591898
1 30135U 99025SQ  18204.83273241 +.00001059 +00000-0 +35047-3 0  9999
2 30135 098.9204 333.0675 0139213 167.1058 345.6733 14.34802356599044
1 30136U 99025SR  18204.66528257 +.00000049 +00000-0 +64106-4 0  9998
2 30136 098.5473 272.3643 0132084 352.1285 160.0971 13.92451148585181
1 30137U 99025SS  18204.13525657 +.00002648 +00000-0 +31615-3 0  9997
2 30137 099.0873 266.6402 0059233 250.1632 170.4688 14.84096588611734
1 30138U 99025ST  18204.79312472 +.00000367 +00000-0 +22381-3 0  9995
2 30138 099.0091 234.7441 0020824 240.5968 175.0521 14.12274116592534
1 30139U 99025SU  18204.05596687 +.00000241 +00000-0 +18965-3 0  9991
2 30139 098.3881 231.6247 0141382 298.7378 114.3980 13.95704687585445
1 30140U 99025SV  18204.60125294 +.00000393 +00000-0 +25074-3 0  9993
2 30140 099.0227 241.8741 0046018 023.3364 129.9987 14.08979614590598
1 30141U 99025SW  18204.31684755 +.00000657 +00000-0 +29814-3 0  9993
2 30141 099.0244 334.3340 0022073 324.3143 096.6865 14.25306676596193
1 30142U 99025SX  18204.28721928 +.00000306 +00000-0 +23172-3 0  9996
2 30142 099.2763 218.7013 0113472 182.0989 177.9713 13.98686545585935
1 30143U 99025SY  18204.65775194 +.00000393 +00000-0 +30780-3 0  9991
2 30143 098.9287 098.5217 0106117 196.4154 193.4425 13.95173391585226
1 30144U 99025SZ  18204.84020966 +.00000043 +00000-0 +66766-4 0  9999
2 30144 099.1370 240.4650 0131650 055.2659 359.3099 13.88716830583685
1 30145U 99025TA  18204.55639764 +.00000406 +00000-0 +31750-3 0  9997
2 30145 099.3243 233.5979 0110127 343.0869 170.8019 13.95309813584205
1 30146U 99025TB  18204.85838115 +.00000040 +00000-0 +59212-4 0  9990
2 30146 098.0343 353.5865 0184791 030.1728 132.0008 13.82995023580839
1 30147U 99025TC  18204.49410639 +.00001525 +00000-0 +83346-3 0  9991
2 30147 098.8996 060.0406 0143393 134.2838 294.4239 14.08364421586032
1 30148U 99025TD  18204.19886764 +.00000161 +00000-0 +17015-3 0  9990
2 30148 099.3816 298.5334 0141147 179.1887 243.5087 13.84374366581331
1 30149U 99025TE  18204.71284882 +.00002151 +00000-0 +31699-3 0  9997
2 30149 099.0583 210.1895 0062472 309.8247 102.3485 14.75354805610241
1 30150U 99025TF  18204.61537892 +.00000060 +00000-0 +83489-4 0  9992
2 30150 098.9811 079.3961 0153993 060.6193 320.5868 13.83205845581316
1 30151U 99025TG  18204.24903478 +.00000256 +00000-0 +25981-3 0  9998
2 30151 099.3004 250.3143 0167360 278.1815 141.8297 13.80294336579664
1 30152U 99025TH  18204.35511866 +.00000744 +00000-0 +62644-3 0  9996
2 30152 099.1248 091.8992 0183486 167.7600 192.8103 13.83487011579462
1 30153U 99025TJ  18204.15482234 +.00000093 +00000-0 +13253-3 0  9990
2 30153 100.4369 263.7264 0211078 347.3101 072.2791 13.73818043576795
1 30154U 99025TK  18204.38494576 +.00000227 +00000-0 +23261-3 0  9997
2 30154 098.4841 131.1348 0197082 330.5845 156.7414 13.77246379577551
1 30155U 99025TL  18204.70273167 +.00000443 +00000-0 +50028-3 0  9996
2 30155 099.8474 212.7359 0267040 013.9500 346.8837 13.62012765570254
1 30156U 99025TM  18204.51079854 +.00000742 +00000-0 +72676-3 0  9998
2 30156 098.9698 307.7653 0208085 239.4273 254.3942 13.72989847575880
1 30157U 99025TN  18203.94824340 +.00000478 +00000-0 +22971-3 0  9992
2 30157 098.8783 246.6250 0051310 137.5492 344.6989 14.22861294595345
1 30160U 99025TR  18204.92096247 +.00000202 +00000-0 +30405-3 0  9998
2 30160 098.8817 085.4249 0354804 068.4576 357.6124 13.39394276562564
1 30161U 99025TS  18204.04721090 +.00000449 +00000-0 +62400-3 0  9996
2 30161 100.5366 038.6233 0344962 248.9469 268.2412 13.42258003562803
1 30162U 99025TT  18204.87768318 +.00000589 +00000-0 +77759-3 0  9990
2 30162 099.4898 350.7466 0338932 222.1286 295.1015 13.43724375563324
1 30163U 99025TU  18204.32525250 -.00000135 +00000-0 -13766-3 0  9994
2 30163 098.7040 322.0958 0392856 142.0433 283.6184 13.32406734559545
1 30164U 99025TV  18204.90410137 +.00002012 +00000-0 +13665-2 0  9997
2 30164 099.5325 013.2778 0411007 089.8103 275.0122 13.67006623564715
1 27804U 91068AR  18203.70803153 +.00000517 +00000-0 +24021-2 0  9990
2 27804 082.6183 089.9516 0215259 345.7474 067.6077 12.67806002251404
1 27805U 92047L   18203.28892756 +.00003478 +00000-0 +12918-2 0  9990
2 27805 065.1452 229.8493 4718017 322.8997 012.3512 06.00851673343338
1 27806U 99057MW  18203.04149981 -.00000001 +00000-0 +16017-4 0  9994
2 27806 098.6654 143.8050 0109313 254.9925 103.9138 14.30839837869539
1 28042U 92093JP  18199.66364764  .00000390  00000-0  24581-3 0  9994
2 28042  70.8786 293.0739 0068110  88.5690 341.5696 14.09248570105199
