1 31484U 99025BVY 18204.57750974 +.00001494 +00000-0 +89071-3 0  9990
2 31484 101.8228 325.9434 0166905 187.0408 172.8400 14.02928486261071
1 31485U 99025BVZ 18204.85335259 +.00000217 +00000-0 +31522-3 0  9997
2 31485 102.7241 080.2678 0512558 301.9147 053.3078 13.26048693545655
1 31486U 99025BWA 18204.92657175 +.00001116 +00000-0 +50433-3 0  9991
2 31486 102.2794 010.2374 0022171 016.9381 343.2521 14.25394600581106
1 31487U 99025BWB 18203.06289559  .00000134  00000-0  15975-3 0  9994
2 31487 102.4212 152.3629 0130611 273.3436 145.2588 13.88696309569472
1 31488U 99025BWC 18204.29265857 +.00001048 +00000-0 +37393-3 0  9999
2 31488 102.6772 247.3685 0086642 081.5265 279.5713 14.35876111584029
1 31491U 99025BWE 18195.80379025 +.00000845 +00000-0 +54965-3 0  9990
2 31491 099.3238 331.0193 0061255 205.3678 154.4478 14.04501729256171
1 31492U 99025BWF 18202.42790774  .00000471  00000-0  20729-3 0  9992
2 31492  98.8658 275.0832 0141370  11.6014  46.5825 14.22975016578457
1 31493U 99025BWG 18184.91357746  .00000098  00000-0  11808-3 0  9997
2 31493 100.1669 213.6502 0128761  81.6234 279.9494 13.87639704565865
1 31494U 99025BWH 18199.39991525  .00000689  00000-0  27880-3 0  9998
2 31494  99.5889 263.3655 0034210  47.5496 312.8568 14.31206096583300
1 31495U 99025BWJ 18204.48989609 +.00000459 +00000-0 +25585-3 0  9991
2 31495 099.0506 317.6501 0031689 288.3319 071.4408 14.15792849250952
1 31496U 99025BWK 18204.52514343 +.00003583 +00000-0 +19293-3 0  9996
2 31496 099.1242 100.9543 0115198 123.0375 238.1979 15.10132279603335
1 31497U 99025BWL 18201.33276713 +.00000044 +00000-0 +26439-4 0  9999
2 31497 098.3952 234.4118 0176900 155.6187 268.8465 14.35812389587521
1 31498U 99025BWM 18204.20298471 +.00000639 +00000-0 +64987-3 0  9993
2 31498 098.5068 089.4221 0237056 161.6754 199.3119 13.68261600558084
1 31499U 99025BWN 18199.53571862  .00001036  00000-0  74188-3 0  9997
2 31499  97.6757 108.6884 0327715 180.6592 179.4176 13.75963899560781
1 31500U 99025BWP 18204.90413548 +.00008994 +00000-0 +42619-3 0  9998
2 31500 098.8943 092.2338 0248668 035.8077 325.9530 14.96284609357183
1 31501U 99025BWQ 18203.96077651 +.00000369 +00000-0 +21454-3 0  9997
2 31501 098.9744 239.7417 0049657 144.9182 215.5278 14.14229730251883
1 31502U 99025BWR 18203.02003613 +.00000656 +00000-0 +45038-3 0  9995
2 31502 099.2540 230.1837 0082514 160.5416 199.8929 14.01538194226462
1 31503U 99025BWS 18204.76399613 +.00000333 +00000-0 +20784-3 0  9999
2 31503 100.1340 037.4437 0057589 001.4926 358.6403 14.12234516578601
1 31504U 99025BWT 18204.52653045 +.00001919 +00000-0 +53936-3 0  9992
2 31504 101.5096 081.4107 0154838 036.5766 079.3612 14.40995150581998
1 31505U 99025BWU 18204.93305142 +.00001100 +00000-0 +47352-3 0  9997
2 31505 101.9294 201.2829 0049439 327.7360 032.0787 14.27303096578229
1 31507U 99025BWW 18204.33818497 +.00000160 +00000-0 +55884-4 0  9990
2 31507 098.5180 239.5249 0132446 353.9727 062.8779 14.43542925590168
1 31508U 99025BWX 18203.35540453 +.00000553 +00000-0 +23423-3 0  9995
2 31508 098.7830 254.1915 0057541 041.3174 319.2339 14.28521196581691
1 31509U 99025BWY 18203.98308434 +.00000415 +00000-0 +33420-3 0  9991
2 31509 098.8766 038.1541 0224940 343.4794 015.9115 13.84635035565209
1 31510U 99025BWZ 18204.34406545 +.00000108 +00000-0 +71455-4 0  9996
2 31510 098.7172 237.9215 0038647 222.2050 195.5143 14.19484784581547
1 31511U 99025BXA 18203.02275621  .00000357  00000-0  19741-3 0  9995
2 31511  98.9901 294.0695 0130805 347.7558  12.0445 14.13445015577160
1 31512U 99025BXB 18204.21282733 +.00000240 +00000-0 +87888-4 0  9999
2 31512 098.8138 332.5393 0162721 189.6018 291.5626 14.35068060587072
1 31513U 99025BXC 18204.91226852 +.00000460 +00000-0 +26532-3 0  9999
2 31513 098.9793 251.4481 0035091 274.3245 085.3918 14.13876981346016
1 31514U 99025BXD 18204.15936301 +.00000470 +00000-0 +29615-3 0  9999
2 31514 099.2476 333.5994 0063591 100.4151 260.4193 14.08304722312298
1 31515U 99025BXE 18204.46500743 +.00000082 +00000-0 +78399-4 0  9994
2 31515 099.0236 284.7746 0062286 122.3907 238.3307 14.03824747204396
1 31516U 99025BXF 18203.19698341 +.00000066 +00000-0 +44989-4 0  9996
2 31516 098.7838 293.1483 0159811 109.2780 283.5407 14.20555316581154
1 31518U 99025BXH 17315.68762109  .00001196  00000-0  71446-3 0  9991
2 31518  99.1743 281.2477 0097542 138.7924 221.9796 14.06800122536166
1 31519U 99025BXJ 18204.27597944 +.00000105 +00000-0 +70279-4 0  9991
2 31519 098.7137 237.3231 0057058 124.2694 236.3904 14.18772805580946
1 31520U 99025BXK 18204.35843416 +.00001048 +00000-0 +41688-3 0  9998
2 31520 098.8819 263.1680 0002464 043.3306 316.8069 14.30864878260928
1 31521U 99025BXL 18204.38711765 +.00001138 +00000-0 +38354-3 0  9999
2 31521 098.7081 272.1040 0076696 265.5750 093.6671 14.37376141584957
1 31522U 99025BXM 18204.63910071 -.00000163 +00000-0 -80189-4 0  9992
2 31522 099.0020 267.8548 0050580 143.0898 217.3765 14.00228635571933
1 31523U 99025BXN 18204.26423674 -.00000014 +00000-0 +16681-4 0  9990
2 31523 099.0829 213.7183 0038343 191.0995 225.9946 14.13631795578662
1 31524U 99025BXP 18204.13446851 -.00000062 +00000-0 -55235-5 0  9992
2 31524 099.2425 327.3460 0289663 007.9336 112.6469 14.03161264574132
1 31526U 99025BXR 15035.26226016 +.00016057 +00000-0 +53705-2 0  9992
2 31526 099.1926 203.0443 0110063 170.4020 316.2973 14.34070193409125
1 31527U 99025BXS 18204.86940872 -.00000066 +00000-0 -44816-4 0  9993
2 31527 098.9093 359.8452 0454855 027.5785 334.8693 13.21541727545732
1 31529U 99025BXU 18204.91879895 +.00000583 +00000-0 +29689-3 0  9999
2 31529 098.9467 242.4941 0050670 196.7044 287.8077 14.19087389264450
1 31530U 99025BXV 18170.25265464  .00001401  00000-0  39105-3 0  9995
2 31530  99.3731 176.0203 0101996 291.1599  67.8713 14.45146532585440
1 31531U 99025BXW 18204.43244630 +.00000417 +00000-0 +13927-3 0  9996
2 31531 098.6919 274.8056 0283660 252.0063 105.0014 14.22784158583360
1 31532U 99025BXX 18204.10854657 +.00000854 +00000-0 +37228-3 0  9992
2 31532 099.1821 319.3979 0140406 053.4830 307.9182 14.21514038261610
1 31533U 99025BXY 18204.59428809 +.00000141 +00000-0 +79984-4 0  9997
2 31533 098.9883 336.4937 0068724 186.2108 173.8224 14.23725940276863
1 31534U 99025BXZ 18204.10732810 +.00000787 +00000-0 +33810-3 0  9998
2 31534 098.9547 311.4229 0016641 344.9544 015.1139 14.27626398583502
1 31535U 99025BYA 18199.89195422  .00000272  00000-0  13677-3 0  9998
2 31535  98.0521 233.6948 0096014 211.3513 148.1920 14.20941257582987
1 31536U 99025BYB 18204.54653039 +.00000635 +00000-0 +13888-3 0  9998
2 31536 098.1512 234.0074 0426709 223.3466 133.3408 14.17196432577728
1 31537U 99025BYC 18204.59709785 +.00000284 +00000-0 +12407-3 0  9990
2 31537 099.1056 348.2273 0519483 044.9184 015.9007 13.76511911560806
1 31538U 99025BYD 18204.45871538 +.00001059 +00000-0 +38372-3 0  9992
2 31538 098.3933 081.4927 0060860 199.6582 160.2257 14.34353525585767
1 31539U 99025BYE 18204.93552624 +.00009868 +00000-0 +78218-3 0  9997
2 31539 099.0569 200.2296 0020472 037.2239 323.0395 15.00651256591015
1 31540U 99025BYF 18204.56073911 +.00000316 +00000-0 +77151-4 0  9990
2 31540 099.0050 128.0146 0236200 106.3339 256.3964 14.44756064591964
1 31541U 99025BYG 18204.54213515 +.00000428 +00000-0 +11900-3 0  9998
2 31541 098.9445 118.8953 0113950 097.5616 263.8536 14.48247137592328
1 31542U 99025BYH 18204.33842455 +.00000429 +00000-0 +25863-3 0  9991
2 31542 098.9589 245.7082 0052095 327.7850 032.0142 14.11437460577749
1 31544U 99025BYK 18204.27014020 +.00000360 +00000-0 +23589-3 0  9992
2 31544 099.0977 226.9085 0033264 303.8995 055.9011 14.08394230577113
1 31545U 99025BYL 11315.51651462 +.00002328 +00000-0 +81732-3 0  9993
2 31545 098.9864 036.0122 0100147 207.7392 151.7563 14.33224036238943
1 31546U 99025BYM 18204.76481668 +.00000286 +00000-0 +20335-3 0  9997
2 31546 098.2366 139.7844 0175791 225.6641 133.0003 13.97159544569836
1 31547U 99025BYN 18204.82775808 +.00000349 +00000-0 +22003-3 0  9991
2 31547 099.0327 163.4116 0065187 302.6573 056.8319 14.09812876258853
1 31548U 99025BYP 18204.28265807 +.00001410 +00000-0 +37732-3 0  9990
2 31548 099.3829 229.8037 0112146 153.1539 207.5514 14.46479586207957
1 31550U 99025BYR 18204.34016483 +.00000094 +00000-0 +43082-4 0  9997
2 31550 098.5247 252.6676 0217576 014.8714 345.8734 14.30149979268038
1 31551U 99025BYS 18204.52377608 +.00001846 +00000-0 +10071-2 0  9993
2 31551 098.8450 109.8668 0087734 021.3743 102.0860 14.11376042317173
1 31552U 99025BYT 18204.91568399 +.00000939 +00000-0 +49776-3 0  9993
2 31552 098.5580 009.4271 0143494 249.4767 109.0956 14.10828260576033
1 31553U 99025BYU 18203.47074694 +.00000477 +00000-0 +27583-3 0  9993
2 31553 098.9918 172.2146 0035918 219.5574 268.1099 14.13476556576370
1 31554U 99025BYV 18201.61682922  .00000555  00000-0  28844-3 0  9995
2 31554  98.9680 252.3171 0060801 267.5182  91.9031 14.17985419579099
1 31555U 99025BYW 18201.28839189 +.00000241 +00000-0 +10597-3 0  9996
2 31555 099.1605 357.2456 0207652 059.8375 302.3196 14.21838146580164
1 31557U 99025BYY 18204.35243998 +.00000044 +00000-0 +26009-4 0  9993
2 31557 098.3986 251.7269 0186560 085.0958 277.1498 14.35070595588726
1 31558U 99025BYZ 18204.60916933 +.00000082 +00000-0 +37791-4 0  9990
2 31558 098.8338 337.6018 0222265 283.0784 137.8767 14.34443143587091
1 31559U 99025BZA 18204.22766469 +.00000362 +00000-0 +13036-3 0  9992
2 31559 098.9202 001.0159 0084951 314.1926 170.3363 14.38117780586129
1 31560U 99025BZB 18204.30622487 +.00000003 +00000-0 +20657-4 0  9994
2 31560 098.9267 223.3352 0122295 162.0777 198.4769 14.20556952582883
1 31561U 99025BZC 18204.96116990 +.00000329 +00000-0 +24983-3 0  9990
2 31561 098.9657 260.3108 0065033 140.5534 344.2402 13.99726025573975
1 31562U 99025BZD 18204.57728879 +.00000273 +00000-0 +12090-3 0  9997
2 31562 099.2216 134.4468 0067051 180.0042 180.1149 14.30464031584368
1 31563U 99025BZE 18204.75986017 +.00000204 +00000-0 +58047-4 0  9995
2 31563 098.9031 134.9249 0142443 328.3454 030.9230 14.51317736593102
1 31564U 99025BZF 18204.11049034 +.00010625 +00000-0 +10463-2 0  9991
2 31564 098.7531 328.9443 0000596 156.8789 203.2453 14.92279106260313
1 31565U 99025BZG 18204.23067992 +.00000639 +00000-0 +40800-3 0  9991
2 31565 100.7377 221.0727 0082419 031.6261 328.9816 14.06631348261823
1 31566U 99025BZH 18204.65478310 +.00000634 +00000-0 +33818-3 0  9994
2 31566 098.9436 174.7919 0029796 177.0142 236.7964 14.16770642580227
1 31567U 99025BZJ 18204.23749117 +.00000678 +00000-0 +67096-3 0  9998
2 31567 102.3066 312.6440 0214524 177.6538 182.5657 13.74116332301938
1 31568U 99025BZK 18204.13491552 +.00001180 +00000-0 +96902-3 0  9992
2 31568 102.0930 328.5625 0159101 192.9818 166.7208 13.86732141570396
1 31569U 99025BZL 18204.26894913 +.00000653 +00000-0 +60565-3 0  9995
2 31569 102.6094 130.2130 0204179 191.0717 324.7121 13.79071161563412
1 31570U 99025BZM 18203.31172724 +.00000073 +00000-0 +91936-4 0  9994
2 31570 102.6089 254.5369 0190928 274.5761 083.3602 13.96640607254688
1 31581U 99057PC  18204.66202881 +.00007326 +00000-0 +45240-3 0  9992
2 31581 098.2251 276.3835 0002132 024.2912 335.8416 15.10223459602391
1 31583U 99057PE  18204.67124803 +.00000816 +00000-0 +21112-3 0  9991
2 31583 098.4092 161.9422 0002970 082.1822 277.9710 14.52488076271222
1 31589U 99057PL  18204.78016979 +.00002998 +00000-0 +45487-3 0  9997
2 31589 098.2691 183.2460 0014655 277.5516 082.4027 14.74816659297913
1 31591U 99057PN  18204.94966184 +.00001512 +00000-0 +28252-3 0  9992
2 31591 098.3476 196.9662 0006732 279.5590 080.4852 14.66414392596223
1 31594U 99057PR  18204.78415534 +.00001186 +00000-0 +24851-3 0  9993
2 31594 098.3668 186.1795 0007893 007.5507 352.5811 14.61566517596706
1 31608U 99025BZN 18203.22772077 +.00000428 +00000-0 +78225-4 0  9993
2 31608 098.5837 216.0069 0225221 168.0889 192.5762 14.56480398591463
1 31609U 99025BZP 18203.39664477  .00000774  00000-0  54508-3 0  9997
2 31609  99.1437 163.2868 0102261 220.6823 294.8085 13.98701651569088
1 31611U 99025BZR 18201.79837792 +.00001438 +00000-0 +50551-3 0  9996
2 31611 098.9750 319.3121 0108775 291.1726 225.8684 14.33341454282333
1 31612U 99025BZS 18204.45779921 +.00000755 +00000-0 +83591-4 0  9994
2 31612 100.3675 303.8228 0181354 115.4930 246.5156 14.80952409598618
1 31613U 99025BZT 18203.38815043 +.00000331 +00000-0 +34523-3 0  9992
2 31613 098.4513 001.2866 0365448 343.2044 015.7252 13.55520645551132
1 31614U 99025BZU 18203.78009814 +.00000778 +00000-0 +34258-3 0  9998
2 31614 098.9794 304.1274 0065247 018.8972 136.0887 14.25317970577666
1 31615U 99025BZV 18204.75021004 +.00000825 +00000-0 +44543-3 0  9993
2 31615 099.1223 170.9305 0244575 322.7900 035.6530 14.01379902570920
1 31616U 99025BZW 18204.43600737 +.00001685 +00000-0 +51785-3 0  9996
2 31616 096.5894 277.6759 0107430 164.8142 195.6319 14.39137165583981
1 31617U 99025BZX 18185.24521414  .00000999  00000-0  28815-3 0  9993
2 31617  96.7065 359.3507 0137148 108.1489 253.4694 14.40699069585021
1 31618U 99025BZY 18204.06016210 +.00000066 +00000-0 +50295-4 0  9992
2 31618 099.4011 139.2764 0165854 350.1326 009.6602 14.16998251578803
1 31619U 99025BZZ 18204.35533744 +.00001124 +00000-0 +46692-3 0  9992
2 31619 099.1100 263.2119 0266678 140.9973 285.0917 14.11000521572724
1 31620U 99025CAA 18204.82777014 +.00000727 +00000-0 +39564-3 0  9994
2 31620 099.0396 213.0216 0027824 206.2776 153.6986 14.15334178275186
1 31622U 99025CAC 18204.82180807 +.00000623 +00000-0 +32849-3 0  9998
2 31622 098.9716 240.7376 0021282 188.3702 230.1290 14.17546690574016
1 31623U 99025CAD 18182.36117209  .00000075  00000-0  87833-4 0  9994
2 31623  97.6433 149.8963 0199892  13.0663 347.5567 13.80344642563147
1 31624U 99025CAE 18204.93771135 +.00000925 +00000-0 +30259-3 0  9990
2 31624 099.6789 003.6012 0055197 256.7953 255.1775 14.40529359583675
1 31625U 99025CAF 18204.68982248 +.00000020 +00000-0 +17220-4 0  9992
2 31625 098.8043 105.8639 0157466 259.7604 128.4752 14.51251967592168
1 31626U 99025CAG 18204.53292357 +.00001165 +00000-0 +47949-3 0  9993
2 31626 101.3046 312.8940 0031106 195.6778 164.3434 14.29578455252246
1 31627U 99025CAH 18204.93180149 +.00000372 +00000-0 +18187-3 0  9994
2 31627 098.7761 248.1019 0063184 101.0878 259.7414 14.22732675262989
1 31628U 99025CAJ 18204.51832432 +.00000088 +00000-0 +14230-3 0  9997
2 31628 102.2728 318.8220 0187934 093.7529 268.5120 13.75044484563182
1 31629U 99025CAK 18204.38095572 +.00000948 +00000-0 +71388-3 0  9991
2 31629 102.1531 061.2339 0131829 167.2455 193.2083 13.94153039566814
1 31630U 99025CAL 18203.33141327 +.00000402 +00000-0 +52085-4 0  9996
2 31630 097.8845 042.4156 0320168 312.1096 045.3285 14.56854923589804
1 31631U 99025CAM 18204.48009397 +.00000821 +00000-0 +47457-3 0  9995
2 31631 099.3079 297.4127 0190577 022.0185 338.9032 14.03171280257258
1 31632U 99025CAN 18204.40959757 +.00001799 +00000-0 +41084-3 0  9997
2 31632 099.0194 057.5027 0135704 258.0340 227.5448 14.51697305586818
1 31633U 99025CAP 18204.34050535 -.00000132 +00000-0 -57956-4 0  9995
2 31633 098.9860 260.4352 0068549 136.5203 224.1396 14.01162874192409
1 31634U 99025CAQ 18200.12164452  .00000024  00000-0  52719-4 0  9992
2 31634  99.3300 160.6121 0092274 247.1073 112.0325 13.92509655570010
1 31635U 99025CAR 18183.19934610  .00000784  00000-0  30656-3 0  9999
2 31635  99.4457 171.9917 0050269 278.1349  81.4131 14.32125761580945
1 31636U 99025CAS 18204.94226452 +.00001674 +00000-0 +82926-4 0  9992
2 31636 098.8899 016.1288 0162314 246.9673 111.4364 15.08980539607025
1 31637U 99025CAT 18204.13920871 +.00000891 +00000-0 +38614-3 0  9994
2 31637 099.1036 340.5999 0061462 086.8659 273.9549 14.25883285208443
1 31639U 99025CAV 18202.50282587  .00000024  00000-0  53707-4 0  9999
2 31639  98.7814 306.7067 0161635 285.5380 134.1604 13.84225394566976
1 31640U 99025CAW 18204.41664434 +.00001829 +00000-0 +12762-3 0  9997
2 31640 099.2349 067.0573 0182490 338.2280 021.1248 14.94718041305218
1 31642U 99025CAY 18204.42530483 +.00000133 +00000-0 +65447-4 0  9992
2 31642 098.6362 289.8558 0126544 275.6403 083.0360 14.28818564584392
1 31643U 99025CAZ 18176.92767661  .00000712  00000-0  50888-3 0  9991
2 31643  98.3356 192.3551 0104296  55.8400  60.2480 13.97483374567314
1 31644U 99025CBA 18204.10222486 +.00000290 +00000-0 +73063-4 0  9997
2 31644 098.6082 318.5605 0212372 096.6221 028.3362 14.46102279318826
1 31646U 99025CBC 18177.31733986  .00000168  00000-0  11961-3 0  9995
2 31646  98.9724 208.1723 0035383  11.4047 348.7917 14.10031227573176
1 31647U 99025CBD 18203.48845125  .00001102  00000-0  57881-3 0  9993
2 31647  98.0652 102.5526 0180123  61.7862 300.1368 14.07828973572698
1 31648U 99025CBE 18203.27293347 -.00000029 +00000-0 +33871-4 0  9996
2 31648 102.8150 358.7889 0069934 040.3504 320.2802 13.94970085340893
1 31649U 99025CBF 18203.99034048 +.00000611 +00000-0 +65637-3 0  9997
2 31649 098.1920 268.4678 0283178 197.1917 161.9484 13.60631878555842
1 31650U 99025CBG 18204.39192307 +.00001968 +00000-0 +53194-3 0  9998
2 31650 095.2166 259.3751 0237266 342.0882 017.2050 14.32942607251215
1 31652U 99025CBJ 18204.58227447 +.00002486 +00000-0 +69259-3 0  9990
2 31652 095.9369 320.1895 0127078 217.9026 141.3174 14.42181881582149
1 31653U 99025CBK 18170.56598013 +.00001301 +00000-0 +42076-3 0  9994
2 31653 096.6658 282.2079 0108763 331.5115 028.0158 14.36891281577718
1 31654U 99025CBL 16335.87924782 -.07214280  00000-0  00000+0 0  9993
2 31654  97.5658 298.9789 0078558  65.0753 295.9170 15.48867629478437
1 31655U 99025CBM 18204.04480649 +.00000356 +00000-0 +45250-3 0  9998
2 31655 099.2928 277.7570 0338685 128.3880 352.4787 13.47616417558665
1 31656U 99025CBN 18202.95196476 +.00000685 +00000-0 +33312-3 0  9990
2 31656 099.2253 018.4212 0032396 258.2495 256.6918 14.21564096579229
1 31657U 99025CBP 18204.17165755 -.00000068 +00000-0 -27753-6 0  9995
2 31657 102.2374 336.4037 0176141 019.8863 340.9035 13.80816559254746
1 31658U 99025CBQ 18204.89914510 +.00001206 +00000-0 +92161-3 0  9991
2 31658 098.1626 001.4444 0264636 223.2327 134.7787 13.79863915324505
1 31659U 99025CBR 18204.80458948 +.00000619 +00000-0 +10927-3 0  9998
2 31659 099.0593 201.6826 0179710 246.3109 111.9142 14.62033886593924
1 31660U 99025CBS 18204.94191195 +.00000139 +00000-0 +79814-4 0  9991
2 31660 098.6931 244.4746 0114492 095.5004 265.9244 14.20174501283346
1 31661U 99025CBT 18204.79137899 +.00000342 +00000-0 +20759-3 0  9995
2 31661 099.0436 236.6016 0068320 329.7247 096.8186 14.11919865575276
1 31662U 99025CBU 10221.73015106 -.00000041 +00000-0 +15524-5 0  9990
2 31662 098.9687 199.0028 0048105 056.7627 302.2132 14.03367415171755
1 31663U 99025CBV 18204.23893413 +.00000129 +00000-0 +26374-4 0  9990
2 31663 098.9130 204.1327 0220893 336.4788 022.6429 14.65815716598273
1 31664U 99025CBW 18204.06126331 -.00000062 +00000-0 -99114-5 0  9991
2 31664 098.8568 237.8764 0129269 212.7889 146.5210 14.06931526580143
1 31665U 99025CBX 18202.78029337  .00000129  00000-0  14570-3 0  9990
2 31665  98.4795 132.4104 0202198 319.2378  94.2054 13.77323657561274
1 31666U 99025CBY 18204.41552804 +.00000689 +00000-0 +26034-3 0  9992
2 31666 098.6961 273.5474 0058930 314.9126 044.7284 14.33541708583377
1 31667U 99025CBZ 18204.52309077 +.00000062 +00000-0 +49554-4 0  9995
2 31667 098.9101 315.5483 0052545 242.5879 116.9946 14.20414348176506
1 31668U 99025CCA 18177.04176528 +.00002260 +00000-0 +56324-3 0  9999
2 31668 096.5449 267.9685 0098669 115.7825 245.3595 14.49371198581096
1 31670U 99025CCC 18203.31001395 +.00000546 +00000-0 +59525-3 0  9992
2 31670 098.4222 027.9872 0266147 259.3216 097.7860 13.62267855254693
1 31671U 99025CCD 11106.28784769 +.00000788 +00000-0 +53306-3 0  9996
2 31671 099.1906 122.5605 0101331 133.2425 228.3225 14.00829917204746
1 31672U 99025CCE 18202.03833191  .00000570  00000-0  23714-3 0  9997
2 31672  98.8357 293.6871 0156681 302.6726  55.9421 14.23992665583212
1 31673U 99025CCF 18204.10032521 +.00000043 +00000-0 +34908-4 0  9999
2 31673 099.3412 169.2648 0131307 232.6157 126.3007 14.27947223263345
1 31674U 99025CCG 18204.67350434 +.00000857 +00000-0 +43632-3 0  9994
2 31674 098.8708 156.0475 0037022 175.3029 184.8500 14.18135230261375
1 31675U 99025CCH 18204.41585744 +.00001006 +00000-0 +55310-3 0  9994
2 31675 098.4431 285.5671 0135759 164.0040 196.5482 14.09112297572647
1 31676U 99025CCJ 18200.00235767  .00000000  00000-0  39560-4 0  9996
2 31676  98.6008 272.4043 0417850 117.0767 247.3632 13.31394684542226
1 31677U 99025CCK 07169.86885332 +.00000222 +00000-0 +14573-3 0  9994
2 31677 099.0638 160.9698 0027495 163.5132 196.6940 14.11920022006012
1 31678U 99025CCL 18204.22219226 +.00000538 +00000-0 +12936-3 0  9991
2 31678 098.9801 198.8408 0348375 025.8192 335.9923 14.26865077581775
1 31679U 99025CCM 18204.75571627 +.00001107 +00000-0 +33349-3 0  9990
2 31679 098.9758 028.8184 0073950 234.2786 125.1508 14.43198783199707
1 31680U 99025CCN 18203.21243880 +.00000319 +00000-0 +47916-4 0  9999
2 31680 099.8657 000.4270 0178909 337.0998 022.2297 14.74530226601320
1 31682U 99025CCQ 18204.33977558 +.00002559 +00000-0 +58549-3 0  9992
2 31682 098.7263 260.5277 0037575 150.1001 210.2353 14.56169139584144
1 31683U 99025CCR 18204.24606455 +.00000925 +00000-0 +28833-3 0  9996
2 31683 098.7594 216.1302 0074076 155.4329 205.0418 14.41761985583937
1 31684U 99025CCS 18199.38191720  .00000490  00000-0  30211-3 0  9999
2 31684  99.0324 262.6041 0059317  34.1640 326.3324 14.09379091572207
1 31685U 99025CCT 18204.55396840 -.00000075 +00000-0 -17029-4 0  9990
2 31685 099.0414 228.4973 0015634 264.3570 247.8094 14.08851938570769
1 31686U 99025CCU 18204.43895927 +.00000557 +00000-0 +74966-4 0  9994
2 31686 098.4676 273.0239 0393185 076.1664 349.3286 14.41521113587302
1 31687U 99025CCV 17278.30914198  .00000903  00000-0  43183-3 0  9994
2 31687  98.9352 308.3899 0006006 190.3166 169.7888 14.21681365540295
1 31688U 99025CCW 18204.23596440 +.00000215 +00000-0 +16976-3 0  9999
2 31688 099.2887 214.7075 0072403 033.1562 327.4110 14.01307670574624
1 31690U 99025CCY 18204.07509084 +.00001788 +00000-0 +53585-3 0  9995
2 31690 098.8217 307.4045 0029167 057.3393 303.0604 14.43848453586395
1 31691U 99025CCZ 18202.91050538 +.00000540 +00000-0 +33142-3 0  9994
2 31691 099.0331 251.8079 0073442 320.0064 039.5709 14.08708844259625
1 31692U 99025CDA 18204.08577685 +.00000188 +00000-0 +16583-3 0  9990
2 31692 099.1599 155.8541 0117930 318.3310 040.8912 13.94304947575694
1 31695U 99025CDD 18203.94028791 +.00000652 +00000-0 +13968-3 0  9996
2 31695 098.5569 257.9028 0266718 193.8194 165.5595 14.42546782592607
1 31696U 99025CDE 18201.40062293  .00000157  00000-0  15291-3 0  9992
2 31696  97.8030 253.5079 0153586 315.9833  42.9181 13.85475744571247
1 31709U 99025CDG 18204.41194672 +.00001217 +00000-0 +68084-3 0  9994
2 31709 098.0338 064.7625 0189168 131.8306 229.9191 14.03571951256178
1 31710U 99025CDH 18204.23756971 +.00004113 +00000-0 +23688-3 0  9991
2 31710 098.9947 001.5881 0097371 112.5654 248.5909 15.09186414601940
1 31711U 99025CDJ 18204.92233887 +.00003632 +00000-0 +31915-3 0  9991
2 31711 099.0379 249.5614 0059724 237.8057 246.5357 14.96024484594666
1 31714U 99025CDM 18203.78304632 +.00001340 +00000-0 +61988-3 0  9991
2 31714 099.0406 299.7588 0057261 258.2749 259.6642 14.21774883573400
1 31715U 99025CDN 18204.06296057 +.00000378 +00000-0 +11636-3 0  9990
2 31715 099.2463 144.3318 0243066 067.3915 295.2783 14.32287289583343
1 31716U 99025CDP 18198.96778159  .00000179  00000-0  15272-3 0  9999
2 31716  98.5406 258.4905 0148600  62.8726  60.9082 13.93007600564532
1 31717U 99025CDQ 18204.31458028 +.00000418 +00000-0 +28822-3 0  9998
2 31717 096.9177 243.3419 0206015 329.5491 029.3840 13.93051011569069
1 31718U 99025CDR 18065.03339915  .00008746  00000-0  64948-3 0  9997
2 31718  96.6491 354.1703 0050549  76.5762 284.1093 15.02179894572407
1 31719U 99025CDS 18204.46436724 +.00001122 +00000-0 +93730-3 0  9998
2 31719 097.5556 082.3900 0213124 092.4687 270.0886 13.79830373214115
1 31720U 99025CDT 18204.94246560 +.00000332 +00000-0 +85372-4 0  9996
2 31720 099.1091 197.0557 0135738 015.1930 345.3278 14.52542720589314
1 31721U 99025CDU 18201.01356660  .00000002  00000-0  37673-4 0  9990
2 31721  99.5117 131.6996 0328174 329.9531  85.9923 13.70148410556405
1 31722U 99025CDV 18204.62099802 +.00001566 +00000-0 +48204-3 0  9990
2 31722 101.9614 347.6166 0021731 201.1409 217.3271 14.43705752581402
1 31723U 99025CDW 18204.03115747 +.00001070 +00000-0 +76113-3 0  9993
2 31723 097.8304 293.9318 0139908 284.1514 074.4140 13.94708103564752
1 31724U 99025CDX 18203.45335402 +.00000953 +00000-0 +40666-3 0  9994
2 31724 097.9013 087.4918 0215677 334.8845 024.1961 14.15364689260703
1 31725U 99025CDY 18155.12964060 -.00000447  00000-0 -70558-3 0  9996
2 31725  99.1966 123.4026 0715440 338.6962  18.5678 12.72346180514690
1 31726U 99025CDZ 18204.31407587 +.00000063 +00000-0 +52142-4 0  9991
2 31726 099.0191 248.1623 0257691 010.5068 051.6934 14.03170962261196
1 31727U 99025CEA 18204.39613720 +.00000514 +00000-0 +28342-3 0  9993
2 31727 098.9446 263.5066 0048730 170.8374 248.3762 14.15430615573335
1 31729U 99025CEC 18204.45083002 +.00001170 +00000-0 +74684-3 0  9995
2 31729 099.2512 293.4397 0086218 221.4075 138.0535 14.03822880256436
1 31731U 99025CEE 18204.79759142 +.00000555 +00000-0 +28831-3 0  9999
2 31731 099.3243 057.7819 0012588 236.5053 123.4919 14.19130662574763
1 31732U 99025CEF 18203.98175901 +.00000105 +00000-0 +84482-4 0  9991
2 31732 098.8743 279.3874 0040986 335.8166 024.1079 14.09465031574457
1 31733U 99025CEG 18204.77547374 +.00001188 +00000-0 +15292-3 0  9991
2 31733 099.0770 313.9458 0121343 105.1988 256.2675 14.78434502593367
1 31734U 99025CEH 18204.28130107 +.00000112 +00000-0 +63400-4 0  9991
2 31734 098.6051 238.9145 0110198 344.7544 015.0323 14.24339270579899
1 31735U 99025CEJ 18204.47020218 +.00000315 +00000-0 +13259-3 0  9995
2 31735 098.6409 286.6390 0070171 351.6269 008.3737 14.31190346579752
1 31736U 99025CEK 18203.85758453 +.00000029 +00000-0 +39214-4 0  9998
2 31736 098.8537 232.1592 0012379 012.1960 347.9510 14.12754743259325
1 31737U 99025CEL 18204.46601076 +.00000328 +00000-0 +71960-4 0  9991
2 31737 098.2464 275.4974 0186464 151.1985 266.5334 14.53991871589057
1 31738U 99025CEM 18203.32215215  .00000014  00000-0  42084-4 0  9999
2 31738  99.5895 235.7469 0334510 356.3991   3.4757 13.74910595559950
1 31739U 99025CEN 18204.79181401 -.00000001 +00000-0 +20649-4 0  9991
2 31739 099.0357 206.6782 0128465 225.3089 133.7564 14.18054357572263
1 31740U 99025CEP 18203.23707500 +.00000385 +00000-0 +18278-3 0  9993
2 31740 099.8264 355.3548 0032065 145.8765 336.5449 14.26091012264765
1 31741U 99025CEQ 18204.22419473 +.00000393 +00000-0 +17145-3 0  9994
2 31741 099.1429 352.2656 0203985 224.3616 134.1060 14.19510473577102
1 31742U 99025CER 18203.74830686 +.00000252 +00000-0 +11010-3 0  9993
2 31742 098.7805 313.7070 0086343 311.5907 047.7897 14.30335695579818
1 31743U 99025CES 18204.22067395 +.00000350 +00000-0 +20095-3 0  9999
2 31743 099.2026 349.0648 0041513 331.9987 150.4837 14.15686026573378
1 31744U 99025CET 18204.25900840 +.00000804 +00000-0 +36071-3 0  9999
2 31744 099.4475 231.4277 0409531 186.7548 172.7985 13.88856657569664
1 31745U 99025CEU 18204.03359005 +.00000543 +00000-0 +20789-3 0  9996
2 31745 096.7613 138.4891 0477527 013.3472 347.9822 13.84758660564592
1 31746U 99025CEV 18204.43885683 +.00000639 +00000-0 +25282-3 0  9996
2 31746 098.6918 269.2544 0044380 352.1575 067.2607 14.31872338581566
1 31750U 99025CEZ 18204.14681469 +.00000605 +00000-0 +16601-3 0  9993
2 31750 098.7618 341.5634 0110183 079.6300 281.7289 14.47360482586715
1 31751U 99025CFA 18204.47819719 +.00001468 +00000-0 +48803-3 0  9998
2 31751 098.8671 300.3245 0065553 166.3464 193.9514 14.38058228582973
1 31752U 99025CFB 18197.22325890 -.00000110  00000-0 -36287-4 0  9994
2 31752  98.9258 345.0988 0404733  62.4336 301.7323 13.79290639561834
1 31753U 99025CFC 18204.54682701 +.00000083 +00000-0 +57884-4 0  9999
2 31753 098.9576 229.7786 0164607 329.8292 183.5782 14.15701180578052
1 31754U 99025CFD 18204.29024914 +.00000353 +00000-0 +15592-3 0  9997
2 31754 099.1077 020.5000 0062015 151.3074 209.1541 14.28812262583528
1 31755U 99025CFE 18204.91517541 +.00000033 +00000-0 +39225-4 0  9995
2 31755 098.8820 237.3997 0196537 046.8536 072.6562 14.05078640257480
1 31756U 99025CFF 18204.50663744 +.00000753 +00000-0 +35294-3 0  9998
2 31756 099.3494 106.7979 0063175 327.8125 031.9201 14.22434586579524
1 31757U 99025CFG 18203.26065937 -.00000246 +00000-0 -10147-3 0  9990
2 31757 099.0679 231.3811 0227362 078.2329 284.4246 14.04178839259536
1 31758U 99025CFH 18204.39602150 +.00000618 +00000-0 +17390-3 0  9998
2 31758 098.1450 068.7571 0479317 323.1885 033.7238 13.98282305564707
1 31759U 99025CFJ 18204.95450260 +.00001893 +00000-0 +50180-3 0  9994
2 31759 098.5830 201.9263 0004444 105.6185 284.3462 14.49900730323357
1 31760U 99025CFK 18204.68798718 +.00000180 +00000-0 +99642-4 0  9994
2 31760 099.2517 107.3864 0058355 343.1396 016.7840 14.23262504576874
1 31761U 99025CFL 18204.23782078 +.00000546 +00000-0 +17131-3 0  9996
2 31761 098.6411 217.4734 0578816 066.9738 299.1373 13.76463732207859
1 31763U 99025CFN 18204.54245550 +.00000252 +00000-0 +18453-3 0  9993
2 31763 098.5214 317.0142 0576517 164.1055 262.0663 13.42829543547273
1 31764U 99025CFP 12296.47618688 +.00001733 +00000-0 +12488-2 0  9993
2 31764 098.1533 024.1924 0256818 055.6463 309.3154 13.83258966274811
1 31765U 99025CFQ 18204.95405108 +.00002333 +00000-0 +13475-2 0  9997
2 31765 098.9780 018.8012 0275996 154.6774 358.6880 13.92540201560395
1 31766U 99025CFR 18204.34097134 -.00000100 +00000-0 -34210-4 0  9991
2 31766 098.9536 232.6964 0073882 278.6184 080.6617 14.04050494577098
1 31767U 99025CFS 18204.03470983 -.00000200 +00000-0 -97787-4 0  9994
2 31767 099.1377 226.8980 0042169 023.5677 030.8467 14.03602989570821
1 31768U 99025CFT 18204.39678331 +.00000697 +00000-0 +24942-3 0  9991
2 31768 099.0922 059.5543 0056192 090.3375 032.3134 14.36507766578774
1 31769U 99025CFU 18204.53360681 +.00000889 +00000-0 +52706-3 0  9996
2 31769 098.5093 307.2740 0104189 293.3308 065.6926 14.07354845575019
1 31770U 99025CFV 18204.45373934 +.00003764 +00000-0 +76479-3 0  9992
2 31770 097.7032 084.7944 0140710 335.0993 150.5888 14.55576448584279
1 31771U 99025CFW 18204.11767750 +.00001393 +00000-0 +49021-3 0  9998
2 31771 102.8037 326.4149 0028458 123.6131 236.7761 14.37557485263591
1 31772U 99025CFX 18200.19636805  .00000449  00000-0  29473-3 0  9999
2 31772  98.4760 276.4172 0153046 202.5558 156.8833 14.01045520568387
1 31773U 99025CFY 18204.24350276 +.00000638 +00000-0 +22590-3 0  9998
2 31773 099.0031 017.2238 0071045 296.4901 062.9010 14.36839367262060
1 31774U 99025CFZ 18197.34613018  .00000410  00000-0  25955-3 0  9993
2 31774  98.9501 237.5471 0070531 311.7892  47.7264 14.08452005570991
1 31775U 99025CGA 11226.67471454 -.00000167 +00000-0 -82847-4 0  9997
2 31775 099.0335 196.6010 0053942 207.4914 152.3213 13.99704455215661
1 31776U 99025CGB 18204.87247649 +.00000456 +00000-0 +29506-3 0  9991
2 31776 099.1147 181.8241 0063728 330.4276 059.3956 14.07077562572407
1 31777U 99025CGC 15055.29453299 +.00003519 +00000-0 +72569-3 0  9999
2 31777 099.0151 219.8281 0050484 353.8557 010.9187 14.60387688404779
1 31778U 99025CGD 09048.84830456 -.00000053 +00000-0 -45392-5 0  9998
2 31778 099.2891 060.5851 0046215 216.8807 142.7455 14.00453805088320
1 31779U 99025CGE 18201.48276623 +.00000079 +00000-0 +35930-4 0  9992
2 31779 099.3749 215.9651 0232801 121.2338 241.1882 14.35100352582055
1 31780U 99025CGF 18204.22074049 +.00000115 +00000-0 +32707-4 0  9997
2 31780 099.2905 353.1884 0177000 306.3068 052.1894 14.58322551592234
1 31781U 99025CGG 18203.44842417  .00000065  00000-0  75365-4 0  9994
2 31781  99.4684 278.8892 0268896 335.3278  23.5208 13.84579718565689
1 31782U 99025CGH 18204.05007150 +.00000094 +00000-0 +51735-4 0  9997
2 31782 098.6911 301.0499 0086933 352.3139 130.9199 14.30086128580613
1 31783U 99025CGJ 18203.65092865 +.00000193 +00000-0 +13873-3 0  9990
2 31783 098.9048 268.8082 0110024 087.4337 064.9675 14.05035445512743
1 31784U 99025CGK 18203.50806280  .00001227  00000-0  44401-3 0  9999
2 31784  99.0272 297.9050 0028595  23.6076 336.6414 14.35178616577120
1 31785U 99025CGL 18204.39555649 +.00012599 +00000-0 +67809-3 0  9999
2 31785 096.5329 073.0929 0023326 139.7601 220.5366 15.14706619307951
1 31786U 99025CGM 18183.35591052  .00001333  00000-0  92030-3 0  9998
2 31786  97.6981 231.1923 0112549 240.6058 118.3835 13.97533233563197
1 31787U 99025CGN 18204.01272314 +.00001150 +00000-0 +29662-3 0  9991
2 31787 098.5998 278.7842 0113278 093.1753 268.2407 14.48230821594970
1 31788U 99025CGP 18204.78570897 +.00000383 +00000-0 +46740-3 0  9996
2 31788 102.5643 051.7260 0501003 159.9561 266.8536 13.30735498545997
1 31794U 07029C   18204.89202170 +.00000024 +00000-0 +62368-4 0  9991
2 31794 071.0407 161.4239 0204632 086.9265 306.6724 13.71029740553807
1 31795U 07029D   18204.90432785 -.00000057 +00000-0 -14222-4 0  9995
2 31795 070.9460 164.7860 0223696 177.0831 219.1605 13.67871201552596
1 31796U 07029E   18204.94782049 +.00000007 +00000-0 +47718-4 0  9990
2 31796 071.0407 199.2943 0214536 135.0810 254.0264 13.68179779552725
1 31799U 07029F   18204.41166007 +.00000009 +00000-0 +52794-4 0  9997
2 31799 070.9402 190.4469 0228853 223.3814 252.5336 13.65748395551319
1 31802U 99025CGQ 18204.31315688 +.00000854 +00000-0 +88764-4 0  9993
2 31802 098.3207 227.9242 0180110 006.9401 353.4241 14.81742686595877
1 31804U 99025CGS 18204.76976849 +.00000514 +00000-0 +34334-3 0  9992
2 31804 098.2964 206.4309 0156432 224.1915 134.6669 13.99174819258232
1 31805U 99025CGT 18204.87144092 +.00000337 +00000-0 +12788-3 0  9994
2 31805 098.4011 074.9054 0557465 004.4560 356.1270 13.74788036250909
1 31806U 99025CGU 18183.87817829  .00000616  00000-0  51184-3 0  9999
2 31806  97.6912  50.5955 0367684  65.0858 298.8032 13.63976203554094
1 31807U 99025CGV 18204.57144902 +.00000196 +00000-0 +72754-4 0  9996
2 31807 099.0446 120.4716 0125074 222.7148 136.4264 14.39765289585906
1 31808U 99025CGW 18204.91892122 +.00001264 +00000-0 +76675-3 0  9991
2 31808 099.2260 254.7809 0089757 192.4985 167.3956 14.06274550193812
1 31809U 99025CGX 18201.21259575  .00001723  00000-0  38567-3 0  9999
2 31809  98.8359 358.3519 0028420 179.2341 180.8905 14.57847917585712
1 31810U 99025CGY 18204.30375547 +.00000271 +00000-0 +83681-4 0  9997
2 31810 098.5511 245.8502 0246564 296.8784 060.7392 14.33888471583203
1 31812U 99025CHA 18181.44744223 -.00000093  00000-0 -32528-4 0  9997
2 31812  99.0127 256.4384 0069096 214.8113 144.8521 14.00339434565582
1 31813U 99025CHB 18204.06856233 +.00000133 +00000-0 +52436-4 0  9990
2 31813 099.4228 310.8861 0154099 313.5099 045.3364 14.41059888583118
1 31814U 99025CHC 18204.27181420 +.00000111 +00000-0 +16571-3 0  9998
2 31814 099.8307 212.9160 0232674 250.9901 106.5903 13.64065822249754
1 31815U 99025CHD 18204.93578242 +.00000080 +00000-0 +68535-4 0  9997
2 31815 098.7942 233.2202 0060269 103.1717 257.6188 14.09776186575098
1 31816U 99025CHE 18202.00388222 +.00000346 +00000-0 +30796-3 0  9993
2 31816 098.8225 041.7530 0129822 316.0219 203.7030 13.87416170561769
1 31817U 99025CHF 18204.30533351 +.00000461 +00000-0 +15178-3 0  9999
2 31817 098.9662 029.7148 0089813 233.7564 125.5298 14.41055470585597
1 31819U 99025CHH 18204.89263885 +.00000116 +00000-0 +64606-4 0  9995
2 31819 098.5816 240.2973 0091964 318.7275 040.6978 14.25782355582034
1 31820U 99025CHJ 18204.53331202 +.00000595 +00000-0 +10278-3 0  9993
2 31820 098.9177 114.3461 0262199 356.8870 003.0681 14.52890492588354
1 31821U 99025CHK 18204.16365821 +.00000379 +00000-0 +20078-3 0  9996
2 31821 098.1908 349.1556 0418221 055.1213 308.8520 13.81241735560192
1 31823U 99025CHM 18204.70003073 +.00000908 +00000-0 +31691-3 0  9997
2 31823 099.5186 292.5941 0061507 175.4649 184.7105 14.37028531583055
1 31825U 99025CHP 18204.34155417 +.00000194 +00000-0 +10370-3 0  9997
2 31825 098.7629 239.3698 0178130 180.8807 239.3513 14.15825119573822
1 31826U 99025CHQ 18204.91401683 +.00000108 +00000-0 +72532-4 0  9994
2 31826 098.7349 240.6602 0131365 014.5894 107.1485 14.14729145576194
1 31827U 99025CHR 18204.21942079 +.00000606 +00000-0 +48645-3 0  9997
2 31827 097.6490 208.1343 0129462 265.4004 093.2362 13.89852471239708
1 31828U 99025CHS 18204.81474559 +.00001741 +00000-0 +53327-3 0  9991
2 31828 099.2950 052.5212 0181494 346.1265 013.4967 14.34198858583174
1 31829U 99025CHT 18204.56546392 +.00000035 +00000-0 +61447-4 0  9997
2 31829 099.0536 101.7840 0172104 284.7869 194.4609 13.86223790567313
1 31830U 99025CHU 18204.47504576 +.00000592 +00000-0 +58780-3 0  9990
2 31830 099.0359 026.9355 0201558 265.3802 149.3846 13.73621128556048
1 31831U 99025CHV 18201.52209363 +.00000975 +00000-0 +68754-3 0  9997
2 31831 097.8904 316.3828 0138481 299.6595 059.0840 13.95473499257156
1 31832U 99025CHW 18199.40111411 +.00000404 +00000-0 +31636-3 0  9993
2 31832 097.8165 265.1295 0152907 347.4609 012.2768 13.91276063140012
1 31833U 99025CHX 18204.22402522 +.00000263 +00000-0 +34563-3 0  9992
2 31833 098.2064 213.6205 0334636 106.9906 256.8185 13.46553828245825
1 31834U 99025CHY 18204.94498886 -.00000367 +00000-0 -19688-3 0  9998
2 31834 098.3459 249.2289 0174283 128.5150 233.1788 13.99911066259241
1 31835U 99025CHZ 13135.67582413 +.00005094 +00000-0 +33563-2 0  9994
2 31835 098.3320 296.5729 0181051 214.5570 206.7154 13.94489834304811
1 31836U 99025CJA 18202.03358924 +.00000560 +00000-0 +41652-3 0  9995
2 31836 098.6560 295.2287 0137810 094.7692 266.9223 13.94307375236383
1 31837U 99025CJB 18204.37202613 +.00000439 +00000-0 +99113-4 0  9999
2 31837 098.4135 250.1351 0145740 160.5569 200.1269 14.55119544590119
1 31838U 99025CJC 18204.32280300 +.00000240 +00000-0 +14788-3 0  9998
2 31838 098.9851 233.0648 0041398 229.5666 187.7812 14.14444570263652
1 31839U 99025CJD 18165.42261516  .00001031  00000-0  41996-3 0  9994
2 31839  98.3045  35.3564 0392215 327.7425  30.0284 13.95010665555034
1 31840U 99025CJE 18180.30184847  .00000102  00000-0  10881-3 0  9998
2 31840  99.1102 211.4920 0093737 312.9308  46.4015 13.92974766572305
1 31841U 99025CJF 18202.22613721 +.00000573 +00000-0 +31379-3 0  9990
2 31841 098.4347 198.0018 0353038 245.6196 172.1239 13.88128578217473
1 31842U 99025CJG 18202.38971564  .00004235  00000-0  16260-3 0  9991
2 31842  98.1663 267.0542 0189267 105.7559 256.4631 15.11994104601205
1 31843U 99025CJH 18202.79230193  .00000438  00000-0  34634-3 0  9999
2 31843  99.2367  51.6062 0722637   9.7179 351.7096 13.12746032542727
1 31844U 99025CJJ 18204.93420573 +.00000223 +00000-0 +14523-3 0  9998
2 31844 100.2669 114.7357 0116236 093.7548 267.6918 14.11088121572065
1 31847U 99025CJM 18203.91163074 +.00000390 +00000-0 +28011-3 0  9990
2 31847 099.2191 236.4670 0100191 168.4456 191.9041 14.00598964573534
1 31848U 99025CJN 18204.72797046 +.00000826 +00000-0 +12638-3 0  9995
2 31848 096.7151 173.7984 0141242 074.1421 287.5306 14.69158772594512
1 31849U 99025CJP 18203.50010127  .00011776  00000-0  63259-3 0  9990
2 31849  97.8461  89.5365 0070169 140.3409 220.2983 15.12928552594927
1 31850U 99025CJQ 18204.04117312 +.00000524 +00000-0 +96814-4 0  9999
2 31850 098.4445 125.9898 0297028 176.2282 184.1251 14.45209378582326
1 31851U 99025CJR 18198.32266746  .00000558  00000-0  56708-3 0  9993
2 31851  98.7925 222.9183 0220858 292.9420  64.8560 13.70711382554860
1 31852U 99025CJS 18204.34547143 +.00002806 +00000-0 +50753-3 0  9999
2 31852 098.7820 038.2119 0456598 149.9990 212.8209 14.16651995563169
1 31853U 99025CJT 12296.77196088 +.00000808 +00000-0 +56122-3 0  9996
2 31853 099.0148 272.9740 0042449 141.6565 225.0087 14.01298154287315
1 31854U 99025CJU 18204.30825135 +.00000512 +00000-0 +36673-3 0  9994
2 31854 099.0041 239.1375 0085293 082.0595 279.0239 13.99855088574343
1 31855U 99025CJV 18204.85160785 +.00005375 +00000-0 +34023-3 0  9997
2 31855 096.6638 169.0340 0216575 053.3274 308.7639 14.91876631597075
1 31856U 99025CJW 18203.05743549 +.00003036 +00000-0 +32662-3 0  9993
2 31856 098.9010 158.6463 0039810 241.3928 118.3278 14.88865810591100
1 31857U 99025CJX 18203.52539829 +.00000664 +00000-0 +72060-3 0  9990
2 31857 096.1985 111.9167 0330687 162.7759 198.4933 13.53289487250389
1 31858U 99025CJY 17230.91756474  .00000093  00000-0  11308-3 0  9994
2 31858  97.6319 119.2854 0366565 251.2096 104.8956 13.57280047505154
1 31861U 99025CKB 18204.86926017 +.00001033 +00000-0 +13104-2 0  9996
2 31861 102.3404 226.2239 0532148 219.6247 270.0881 13.19352150541247
1 31868U 99057PT  11262.73508588 -.00065057 +00000-0 -22587-1 0  9992
2 31868 098.2350 238.9791 0014568 299.6621 044.4427 14.35966287227943
1 31870U 99057PV  18204.30004030 +.00005123 +00000-0 +45135-3 0  9996
2 31870 098.2280 241.3213 0006165 129.4970 230.6796 14.96926933592131
1 31871U 99057PW  18204.27906445 +.00003728 +00000-0 +35864-3 0  9991
2 31871 098.2366 240.2046 0008358 101.9796 258.2360 14.93638028594245
1 31872U 99057PX  18203.82446639 +.00002817 +00000-0 +39201-3 0  9993
2 31872 098.2866 211.3453 0004434 185.2985 174.8178 14.78644256591912
1 31873U 99057PY  18204.77129810 +.00001184 +00000-0 +27242-3 0  9996
2 31873 098.3919 179.3868 0005475 011.0847 108.7568 14.57227726588129
1 31874U 99057PZ  12003.72173391 +.00008468 +00000-0 +25715-2 0  9990
2 31874 098.2060 347.1572 0011746 066.1886 295.0777 14.42335266241339
1 31876U 99057QB  18204.13554052 +.00001493 +00000-0 +31281-3 0  9990
2 31876 098.3582 171.8070 0012879 007.3796 352.7591 14.61164295595038
1 31877U 99025CKC 18204.42649922 +.00000390 +00000-0 +61372-4 0  9999
2 31877 099.0186 279.4679 0183921 074.6619 287.4825 14.68692298592223
1 31878U 99025CKD 18203.36562564 +.00000224 +00000-0 +56748-4 0  9995
2 31878 099.4825 054.0476 0141106 114.5443 247.0534 14.56841606586024
1 31879U 99025CKE 18204.38493398 +.00000110 +00000-0 +45627-4 0  9995
2 31879 099.7405 052.3365 0226957 242.0516 115.7527 14.36258855581402
1 31880U 99025CKF 18203.07341812  .00000173  00000-0  18343-3 0  9998
2 31880  99.9636 145.2393 0137176  12.0533 348.3848 13.84968957560526
1 31881U 99025CKG 18204.35761831 +.00003455 +00000-0 +29790-3 0  9992
2 31881 099.0406 244.9555 0056291 254.4806 105.0191 14.96954975591064
1 31882U 99025CKH 18203.56108326 +.00000331 +00000-0 +22153-3 0  9995
2 31882 098.8860 123.0824 0037840 260.9962 098.6923 14.07384612206123
1 31883U 99025CKJ 18203.94302768 +.00000096 +00000-0 +32872-4 0  9992
2 31883 099.1016 206.1588 0153528 327.4801 031.7004 14.53735298586607
1 31886U 99025CKM 18204.82051496 +.00000587 +00000-0 +31257-3 0  9992
2 31886 099.1829 330.0468 0058025 029.6177 330.8261 14.16593308193165
1 31887U 99025CKN 18204.00419247 +.00000625 +00000-0 +24273-3 0  9998
2 31887 099.5356 276.1701 0034305 239.3238 243.6006 14.33648466577718
1 31888U 99025CKP 18202.20244420 +.00000607 +00000-0 +33374-3 0  9990
2 31888 099.1911 342.2300 0026499 319.0883 165.5322 14.15500450572863
1 31890U 99025CKR 18204.89347564 -.00000068 +00000-0 -12624-4 0  9992
2 31890 098.9671 231.8901 0072359 296.5566 062.8199 14.09072648261366
1 31891U 99025CKS 18203.53874434 +.00000210 +00000-0 +27132-3 0  9990
2 31891 099.6641 232.6915 0227674 261.3983 096.1305 13.63748213555846
1 31892U 99025CKT 18204.07992529 +.00000139 +00000-0 +56713-4 0  9995
2 31892 099.2327 145.8621 0226899 191.0016 168.6156 14.30960112577838
1 31893U 99025CKU 18204.91914444 +.00000120 +00000-0 +33388-4 0  9992
2 31893 099.0948 243.2659 0195346 231.6525 254.2519 14.55986502590814
1 31895U 99025CKW 18199.56218663 -.00000001  00000-0  37740-4 0  9993
2 31895  99.1406 331.1668 0247004  92.1163 270.8285 13.65396423553146
1 31897U 99025CKY 15287.29917184 +.00000532 +00000-0 +26114-3 0  9994
2 31897 098.8324 314.7133 0088884 110.1889 244.1416 14.19824757433011
1 31898U 99025CKZ 18204.53796442 +.00000297 +00000-0 +78250-4 0  9993
2 31898 098.5724 308.7851 0206234 122.9627 239.1578 14.44479245586451
1 31899U 99025CLA 18204.24768446 +.00000154 +00000-0 +19699-3 0  9998
2 31899 102.0943 227.7594 0216551 071.8633 290.5957 13.73709645554045
1 31901U 99025CLC 18204.13050810 -.00000126 +00000-0 -62313-4 0  9992
2 31901 098.6706 316.0180 0134751 094.7560 266.9004 13.92873492570381
1 31902U 99025CLD 18203.34144834 +.00000029 +00000-0 +28440-4 0  9998
2 31902 098.6037 249.7153 0188937 074.9965 346.0393 14.19987002264446
1 31903U 99025CLE 18204.94168518 +.00000256 +00000-0 +74486-4 0  9994
2 31903 099.2637 252.8038 0160884 149.0155 212.0648 14.46652424582853
1 31904U 99025CLF 18201.28684043 +.00000978 +00000-0 +71386-3 0  9991
2 31904 098.9000 016.4533 0183457 358.7139 001.3526 13.90682583205471
1 31905U 99025CLG 18204.78469886 +.00000229 +00000-0 +97458-4 0  9994
2 31905 099.2044 034.0330 0219771 297.8768 060.0302 14.23561002581587
1 31906U 99025CLH 18204.48620775 +.00000541 +00000-0 +34188-3 0  9995
2 31906 098.5925 040.7426 0062468 251.8237 169.1108 14.07218405570411
1 31910U 99025CLM 18204.51915252 +.00000359 +00000-0 +10061-3 0  9992
2 31910 097.7545 111.6594 0283024 072.0117 291.1696 14.30015532256659
1 31911U 99025CLN 18204.43051939 +.00000523 +00000-0 +61798-3 0  9993
2 31911 098.7543 279.2255 0544935 306.4639 048.7424 13.21908074537252
1 31912U 99025CLP 18204.48898316 +.00000048 +00000-0 +93090-4 0  9990
2 31912 098.8494 307.4303 0550802 346.7994 011.9194 13.20709070535267
1 31913U 99025CLQ 18204.59068237 +.00000220 +00000-0 +24505-3 0  9990
2 31913 099.3593 144.6783 0239594 210.6257 148.0718 13.69997255187657
1 31914U 99025CLR 18204.73405524 +.00000014 +00000-0 +16175-4 0  9997
2 31914 099.0473 186.8051 0192453 274.2420 083.6802 14.51275143292942
1 31915U 99025CLS 18203.09265739 +.00000071 +00000-0 +62348-4 0  9994
2 31915 098.8863 251.1685 0110223 010.0642 350.2699 14.09155745260185
1 31916U 99025CLT 18204.48132202 +.00000483 +00000-0 +22314-3 0  9992
2 31916 099.3503 088.1122 0174514 188.6349 171.1812 14.18175917574038
1 31917U 99025CLU 18204.35229363 +.00000103 +00000-0 +46650-4 0  9993
2 31917 098.5144 248.2178 0211539 018.1091 036.8122 14.29489575578014
1 31919U 99025CLW 18203.03063748  .00000090  00000-0  42980-4 0  9999
2 31919  99.0611 135.2146 0111188 245.8269 172.2963 14.39434305582695
1 31920U 99025CLX 18204.23778942 +.00000763 +00000-0 +78777-4 0  9993
2 31920 098.8287 214.8071 0174661 165.7390 194.8844 14.83293828598062
1 31921U 99025CLY 18204.57514154 +.00000542 +00000-0 +57234-3 0  9993
2 31921 099.4276 117.9879 0217158 083.7258 037.6939 13.69041462553202
1 31922U 99025CLZ 18204.55267868 -.00000556 +00000-0 -44962-3 0  9990
2 31922 098.9071 321.6615 0175403 088.2923 332.2532 13.79178039557521
1 31923U 99025CMA 18204.26001258 -.00000378 +00000-0 -40350-3 0  9997
2 31923 098.4342 309.6503 0316756 099.9854 263.7183 13.49384720271830
1 31924U 99025CMB 18204.12607626 +.00000461 +00000-0 +53994-3 0  9993
2 31924 098.4134 344.4509 0288124 345.2268 066.1551 13.56360686548065
1 31926U 99025CMD 18204.05242824 +.00000466 +00000-0 +28135-3 0  9996
2 31926 099.0851 230.3954 0048143 353.7651 034.2062 14.11068672570152
1 31929U 99025CME 18204.50595797 -.00000069 +00000-0 -94944-5 0  9993
2 31929 098.6882 295.8649 0082090 041.2643 319.4703 14.28281618582158
1 31930U 99025CMF 12019.70469688 +.00003716 +00000-0 +20486-2 0  9991
2 31930 098.2607 189.2774 0312987 057.1291 305.7249 13.89997780235059
1 31931U 99025CMG 18204.23128868 +.00000089 +00000-0 +12452-3 0  9999
2 31931 097.7991 006.7832 0434707 059.0897 305.2227 13.38993879545803
1 31934U 99025CMK 18204.32324891 +.00000604 +00000-0 +17594-3 0  9991
2 31934 098.9571 036.0903 0104225 155.5001 205.1193 14.45009075215535
1 31935U 99025CML 18204.28262560 +.00000866 +00000-0 +44750-3 0  9995
2 31935 099.7332 223.2442 0069850 177.1807 182.9772 14.16827571226721
1 31937U 99025CMN 18202.04633339 +.00000442 +00000-0 +85858-4 0  9990
2 31937 099.2543 293.3226 0231888 181.3583 178.7009 14.53679069266571
1 31938U 99025CMP 18203.11238710  .00000149  00000-0  25210-4 0  9994
2 31938  98.9128 264.8763 0210761 292.5717  65.3309 14.73556865593833
1 31942U 99025CMT 18203.30638409 +.00003144 +00000-0 +17149-2 0  9997
2 31942 098.9241 034.2828 0151882 307.2868 051.4534 14.07141019557254
1 31944U 99025CMV 18204.51235250 +.00000011 +00000-0 +31367-4 0  9990
2 31944 099.0450 298.4704 0163092 331.4240 085.4878 14.05291500579055
1 31945U 99025CMW 18204.81856390 +.00000566 +00000-0 +35216-3 0  9999
2 31945 099.1460 220.8758 0070749 320.8879 038.7187 14.08014274572020
1 31946U 99025CMX 18197.32742741  .00000501  00000-0  31742-3 0  9990
2 31946  99.0183 235.8774 0097192  90.3572 270.8733 14.06182677567982
1 31947U 99025CMY 18203.64832863 +.00000935 +00000-0 +32979-3 0  9993
2 31947 098.7666 272.6854 0071709 309.4779 050.0078 14.35730783583901
1 31948U 99025CMZ 18203.14415616 +.00000526 +00000-0 +30442-3 0  9991
2 31948 099.4155 069.9214 0032693 048.8995 110.2960 14.13365021567651
1 31949U 99025CNA 18204.39613898 -.00000016 +00000-0 +12948-4 0  9999
2 31949 098.7127 259.1702 0132115 032.9354 327.9964 14.13754774574512
1 31952U 99025CND 18204.52747701 +.00000140 +00000-0 +49613-4 0  9995
2 31952 098.9367 118.2370 0131393 079.7497 281.8478 14.45441622581622
1 31953U 99025CNE 18204.15965598 +.00001617 +00000-0 +75058-3 0  9992
2 31953 099.3598 341.1343 0172120 270.7817 087.3637 14.14719129237072
1 31954U 99025CNF 18204.93196361 +.00000283 +00000-0 +22001-3 0  9991
2 31954 098.1521 109.9862 0090490 246.3557 112.8090 13.97553898189422
1 31955U 99025CNG 18204.69493146 +.00000576 +00000-0 +21432-3 0  9998
2 31955 099.2942 166.3082 0065707 173.3075 313.2238 14.35073734576622
1 31956U 99025CNH 17200.63133255 +.00000748 +00000-0 +34458-3 0  9993
2 31956 099.4903 134.8095 0040929 319.6512 040.1630 14.24096275532780
1 31957U 99025CNJ 18204.00949534 +.00000586 +00000-0 +21870-3 0  9999
2 31957 099.5065 272.3326 0055288 223.8153 135.8636 14.35392385577552
1 31958U 99025CNK 18204.80527645 +.00005916 +00000-0 +48912-3 0  9991
2 31958 098.9453 200.5044 0035874 177.6676 182.4717 14.98904650560937
1 31959U 99025CNL 18203.95849732 +.00000893 +00000-0 +44303-3 0  9990
2 31959 098.6292 096.6103 0042901 121.2023 239.3369 14.19111515582073
1 31960U 99025CNM 18184.82847944  .00000386  00000-0  30479-3 0  9995
2 31960  99.7186  48.3817 0140846 244.6103 114.0419 13.93791868558626
1 31963U 99025CNQ 18202.79968606  .00001570  00000-0  78012-3 0  9995
2 31963 101.7060  60.9453 0396022 164.9301 196.4054 13.85264470557312
1 31964U 99025CNR 18203.11718360 +.00000634 +00000-0 +27507-3 0  9996
2 31964 098.7721 269.2720 0049892 076.8397 283.8343 14.27006278288049
1 31965U 99025CNS 18204.47303614 +.00000960 +00000-0 +48649-3 0  9991
2 31965 099.0216 295.4182 0041324 271.2897 088.3544 14.18094300250317
1 31966U 99025CNT 18202.59350317  .00000274  00000-0  83569-4 0  9994
2 31966  98.9771 124.7410 0122821 106.3950 255.0783 14.46193496582380
1 31968U 99025CNV 09304.89192010 +.00000899 +00000-0 +37129-3 0  9999
2 31968 098.9862 332.5378 0090005 210.5467 151.2795 14.27153047124248
1 31971U 99025CNY 18204.36589330 +.00001172 +00000-0 +48819-3 0  9992
2 31971 102.2747 030.9507 0014602 027.6081 093.6299 14.29489600573946
1 31972U 99025CNZ 18204.72213145 -.00000048 +00000-0 -13107-5 0  9998
2 31972 099.0984 156.0516 0077638 315.2914 163.3802 14.05852427570231
1 31973U 99025CPA 18204.43573892 -.00000098 +00000-0 -29514-4 0  9998
2 31973 098.3698 276.5299 0105967 159.1518 201.4027 14.13406185572885
1 31974U 99025CPB 18204.78208608 +.00000758 +00000-0 +42807-3 0  9997
2 31974 098.4821 317.0721 0088935 168.2241 345.6364 14.11000365312273
1 31976U 99025CPD 18204.02685035 +.00001117 +00000-0 +35202-3 0  9990
2 31976 100.0046 144.3152 0067650 357.3521 002.7295 14.41602968303528
1 31977U 99025CPE 18204.58283019 +.00000148 +00000-0 +14858-3 0  9995
2 31977 098.2125 343.8061 0300424 350.0029 009.5229 13.71469464553930
1 31978U 99025CPF 18203.86044200 +.00000291 +00000-0 +35868-3 0  9996
2 31978 098.3930 345.6751 0274935 307.8042 049.8494 13.57446477550665
1 31979U 99025CPG 18183.67667362  .00000409  00000-0  48420-3 0  9992
2 31979  99.3517 351.7663 0298418  32.8302 329.0993 13.55831609546579
1 31980U 99025CPH 18204.87711127 +.00000215 +00000-0 +30840-3 0  9991
2 31980 097.5859 232.4353 0435305 179.7430 180.4003 13.29543348537855
1 31981U 99025CPJ 18204.82305882 +.00000225 +00000-0 +34311-3 0  9992
2 31981 098.4189 215.1708 0397708 080.6691 283.9171 13.31558717537851
1 31982U 99025CPK 18204.29165250 +.00001725 +00000-0 +11783-3 0  9991
2 31982 097.5565 023.6632 0148048 041.8554 319.3877 14.98971667599409
1 31983U 99025CPL 18204.12306304 +.00000982 +00000-0 +54434-4 0  9996
2 31983 097.8237 320.1389 0333481 032.5275 329.6012 14.79457211590541
1 31984U 99025CPM 18204.86845812 +.00000090 +00000-0 +62294-4 0  9993
2 31984 098.7583 236.1811 0067092 104.3140 256.5497 14.19304455573713
1 31985U 99025CPN 18204.43887712 +.00000100 +00000-0 +59786-4 0  9996
2 31985 098.2024 276.0056 0159457 225.0803 133.7345 14.18685601574046
1 31986U 99025CPP 18204.28489774 +.00000029 +00000-0 +41187-4 0  9992
2 31986 099.7659 236.6459 0129874 034.9129 326.0472 14.11210408284783
1 31987U 99025CPQ 18204.97060399 +.00000338 +00000-0 +14490-3 0  9996
2 31987 099.0957 025.3536 0066508 116.7422 037.3702 14.30387165576931
1 31988U 99025CPR 18197.04484117  .00000950  00000-0  60775-3 0  9991
2 31988  98.1397 134.9358 0075559 146.4082 214.1911 14.04082463565790
1 31989U 99025CPS 18204.96212834 +.00000119 +00000-0 +12600-3 0  9998
2 31989 099.4631 203.3208 0121047 003.7773 025.6374 13.90127805561920
1 31990U 99025CPT 18204.88709153 +.00000107 +00000-0 +17046-3 0  9992
2 31990 099.2301 346.6649 0261843 221.6558 295.6825 13.56032139551594
1 31991U 99025CPU 18204.12909688 -.00000009 +00000-0 +46676-4 0  9999
2 31991 100.4476 171.1147 0245201 228.1377 129.8602 13.60531840253709
1 31992U 99025CPV 18202.90777628 +.00000247 +00000-0 +31263-3 0  9999
2 31992 099.1870 091.7991 0553439 069.7087 296.2616 13.19859222182210
1 31993U 99025CPW 18204.43066890 +.00001092 +00000-0 +16127-2 0  9992
2 31993 099.2348 083.3220 0455473 171.1140 189.8397 13.20634799532451
1 31994U 99025CPX 18204.13139310 +.00000016 +00000-0 +36529-4 0  9993
2 31994 098.6484 332.8497 0164618 069.1223 292.7477 13.94752564569310
1 31995U 99025CPY 18204.13323342 +.00000469 +00000-0 +39670-3 0  9995
2 31995 098.4104 160.6526 0144270 184.5919 175.3927 13.87292331559941
1 31996U 99025CPZ 18203.03829559 -.00000165  00000-0 -15052-3 0  9998
2 31996  99.2816 281.1925 0327941 102.7136 261.0862 13.47537605544233
1 31997U 99025CQA 18204.22986315 +.00000551 +00000-0 +69681-3 0  9999
2 31997 102.5228 218.2637 0310804 188.6346 170.9354 13.51670587251383
1 31998U 99025CQB 18204.84404526 +.00015924 +00000-0 +82536-3 0  9991
2 31998 105.5012 168.2240 0032845 146.3374 213.9919 15.16004271593737
1 32005U 04021H   18204.19860729 +.00000400 +00000-0 +38173-3 0  9993
2 32005 071.0929 029.3417 0214081 290.3503 067.4716 13.76747623702752
1 32006U 04021J   18204.94181997 +.00000451 +00000-0 +41058-3 0  9992
2 32006 071.0997 305.0492 0187058 185.9262 173.9632 13.80799441257305
1 32033U 06006L   18198.13231805 -.00000066  00000-0 -55386-4 0  9998
2 32033  51.6671  91.5637 5107113 271.9862  32.9411  5.25228071217128
1 32036U 06006P   18200.25422826 -.00000046 +00000-0 -12450-4 0  9996
2 32036 051.6877 072.8299 5118784 284.0429 026.1377 05.25598917218244
1 32037U 06006Q   18204.80837867 +.00001163 +00000-0 +45452-3 0  9993
2 32037 051.5918 173.1304 4959089 118.6349 299.7510 05.60995490227967
1 32040U 06006T   18203.27658369 +.00000157 +00000-0 +13559-3 0  9990
2 32040 051.6207 289.7274 5007308 033.8806 349.8536 05.50050643108850
1 32041U 06006U   18052.27072839 +.00001336 +00000-0 +31895-3 0  9998
2 32041 051.7855 349.7431 4506221 235.2563 292.4674 06.41498818231009
1 32044U 06006X   18026.18931859 -.00002437 +00000-0 -10732+0 0  9996
2 32044 051.0968 047.3787 4955821 164.3053 219.5754 04.79906258190997
1 32065U 99057QD  18201.96490283 +.00002641 +00000-0 +35737-3 0  9990
2 32065 098.2911 205.6020 0005804 200.0905 160.0078 14.79880582587437
1 32066U 99057QE  18204.77316265 +.00001526 +00000-0 +28871-3 0  9992
2 32066 098.3473 196.2470 0005709 275.1705 210.7879 14.65843592251919
1 32067U 99057QF  14154.12860017 +.00000137 +00000-0 +53917-4 0  9998
2 32067 098.1628 113.6504 0034846 358.7697 063.5312 14.42165538361474
1 32068U 99057QG  10297.19027138 +.00000643 +00000-0 +23502-3 0  9997
2 32068 098.1708 284.4884 0009118 032.0755 322.3860 14.36048704175456
1 32069U 99057QH  14086.12963755 +.00025109 +00000-0 +63848-2 0  9995
2 32069 098.2873 054.1104 0014579 052.0247 294.9089 14.50578187349441
1 32070U 99057QJ  12352.10236154 +.00012245 +00000-0 +32892-2 0  9997
2 32070 098.2113 319.3565 0008616 093.5074 266.0816 14.48184702291492
1 32071U 99057QK  18204.86877970 +.00003140 +00000-0 +35324-3 0  9998
2 32071 098.2672 235.4787 0003049 108.5979 251.5567 14.87460975270809
1 32072U 99057QL  18204.77958219 +.00001239 +00000-0 +25795-3 0  9993
2 32072 098.3643 186.9305 0008867 349.5392 010.5623 14.61781461583951
1 32075U 99057QP  18204.41219607 +.00006885 +00000-0 +48122-3 0  9999
2 32075 098.2145 270.8180 0002707 144.9439 215.1965 15.05664175588071
1 32077U 99057QR  12105.17251714 +.00003811 +00000-0 +12084-2 0  9996
2 32077 098.2285 079.8109 0004590 154.4270 205.7483 14.40577270247706
1 32079U 99057QT  18204.06590340 +.00000093 +00000-0 +44571-4 0  9990
2 32079 098.5183 149.9531 0005266 209.7432 209.1459 14.38705847581893
1 32080U 99057QU  18204.39411860 +.00009803 +00000-0 +56474-3 0  9999
2 32080 098.2334 266.4607 0008080 062.5469 297.6580 15.12616429262827
1 32081U 99057QV  18204.18812706 +.00004261 +00000-0 +51614-3 0  9995
2 32081 098.2387 192.7944 0013600 188.9521 171.1452 14.84134839587223
1 32082U 99057QW  18203.43529172 +.00005804 +00000-0 +48789-3 0  9998
2 32082 098.2470 264.2446 0007339 160.3304 199.8202 14.98695058585705
1 32084U 99057QY  18204.21672719 +.00001629 +00000-0 +28819-3 0  9996
2 32084 098.3359 199.8204 0002518 342.8170 073.4830 14.68755718602331
1 32085U 99057QZ  18204.27774386 +.00002385 +00000-0 +34042-3 0  9991
2 32085 098.2942 228.3566 0001303 271.6012 088.5049 14.77705279588725
1 32086U 99025CQC 18204.22299451 +.00001120 +00000-0 +11369-2 0  9999
2 32086 099.2736 349.5077 0325613 232.4456 124.6694 13.58117576544962
1 32087U 99025CQD 18203.45678515  .00002223  00000-0  31259-3 0  9992
2 32087  98.6206 288.6504 0104597  36.7327 324.0989 14.74802404580585
1 32088U 99025CQE 18204.38310264 +.00000070 +00000-0 +20730-3 0  9990
2 32088 102.3890 265.0769 0438384 312.2556 044.2138 13.17418485242366
1 32089U 99025CQF 18204.32201819 +.00000343 +00000-0 +21091-3 0  9994
2 32089 098.8656 247.8724 0119912 209.8446 149.5850 14.08611276565684
1 32090U 99025CQG 18204.10070811 +.00000818 +00000-0 +39177-3 0  9999
2 32090 098.9912 296.5536 0071359 125.3658 357.7332 14.20534149567422
1 32092U 99025CQJ 18204.92041995 +.00000628 +00000-0 +34446-3 0  9995
2 32092 098.9348 259.7508 0034990 269.1847 090.5317 14.15222546327174
1 32093U 99025CQK 18204.25047253 +.00000130 +00000-0 +63776-4 0  9992
2 32093 098.7514 313.6499 0086314 340.7857 019.0076 14.31291930579539
1 32094U 99025CQL 18202.31194826  .00000159  00000-0  11935-3 0  9997
2 32094  98.8441 236.8656 0035819 336.9747  81.1840 14.07536620566008
1 32095U 99025CQM 18203.33536769 +.00000060 +00000-0 +54413-4 0  9997
2 32095 098.9121 232.3661 0080395 224.1109 135.3632 14.13345234566514
1 32096U 99025CQN 18204.90974693 +.00000286 +00000-0 +27431-3 0  9993
2 32096 099.3010 246.0702 0142035 182.0499 178.0090 13.84120663554769
1 32097U 99025CQP 18203.18100813 +.00001242 +00000-0 +13736-3 0  9994
2 32097 099.1059 338.4449 0132094 082.8709 278.7499 14.83581612586514
1 32098U 99025CQQ 18178.34165938  .00000023  00000-0  27836-4 0  9996
2 32098  98.7234 212.8566 0206668  40.6192 321.0194 14.15989043563106
1 32099U 99025CQR 18204.48225785 +.00000329 +00000-0 +20004-3 0  9997
2 32099 098.3104 090.4475 0377417 145.9228 340.9748 13.81115160563331
1 32101U 99025CQT 18204.52978682 +.00000509 +00000-0 +41696-3 0  9997
2 32101 099.1166 115.7178 0145651 029.1420 331.7769 13.89238149556258
1 32102U 99025CQU 18204.85420317 +.00005429 +00000-0 +72777-3 0  9991
2 32102 099.3326 165.5868 0117361 132.4283 259.2431 14.75181465549908
1 32103U 99025CQV 18204.48100990 +.00002022 +00000-0 +36523-3 0  9998
2 32103 096.7155 086.3994 0079270 108.3063 015.3182 14.65183241591054
1 32104U 99025CQW 18154.54760318  .00000457  00000-0  34170-3 0  9992
2 32104  97.6751  70.6951 0332453 313.7835  43.6249 13.75360201546679
1 32105U 99025CQX 18198.39791876  .00000511  00000-0  74008-3 0  9992
2 32105 103.4549  33.3468 0434281 240.7398 114.9637 13.29951787531867
1 32106U 99025CQY 18204.02304330 +.00000652 +00000-0 +45039-3 0  9994
2 32106 101.4779 142.8941 0155158 099.3907 262.4826 13.98512154559013
1 32107U 99025CQZ 13256.87214244 -.00000103 +00000-0 -36943-4 0  9992
2 32107 099.1239 260.9498 0058809 322.1102 155.7579 14.02276659313566
1 32109U 99025CRB 18204.00294448 +.00000140 +00000-0 +59839-4 0  9999
2 32109 098.5567 116.3478 0224040 343.3553 016.0356 14.27149453575205
1 32110U 99025CRC 18204.61372862 +.00000429 +00000-0 +24876-3 0  9997
2 32110 099.5096 140.0413 0040406 001.8374 121.6824 14.14320249566480
1 32111U 99025CRD 18204.27996794 +.00000093 +00000-0 +51093-4 0  9995
2 32111 098.6062 234.6265 0124106 233.0356 189.7714 14.28460392574704
1 32112U 99025CRE 18184.24840862  .00001611  00000-0  16420-3 0  9995
2 32112  98.6395 353.1000 0124989 312.1029  46.9610 14.86823493583925
1 32113U 99025CRF 18204.28303554 +.00000113 +00000-0 +10259-3 0  9995
2 32113 099.3074 236.3121 0251461 338.3095 020.7560 13.88785164253711
1 32114U 99025CRG 18204.72193113 +.00000460 +00000-0 +15141-3 0  9993
2 32114 099.9337 163.1690 0081139 274.2375 084.9540 14.42406090266241
1 32115U 99025CRH 18201.29772056 +.00000742 +00000-0 +37167-3 0  9997
2 32115 098.9750 236.0026 0025562 158.7487 201.4756 14.19665933566651
1 32116U 99025CRJ 17313.05721004  .00016136  00000-0  73315-3 0  9991
2 32116  99.5316  37.3841 0147146 269.8254 118.6208 15.11653097562213
1 32117U 99025CRK 18203.63011861 +.00000340 +00000-0 +20116-3 0  9999
2 32117 098.8552 260.7387 0027488 260.0090 099.7980 14.14195852565594
1 32118U 99025CRL 18204.36773531 +.00002022 +00000-0 +45791-3 0  9995
2 32118 102.4117 276.5800 0034748 283.1182 143.5600 14.57811878589531
1 32119U 99025CRM 18204.72959042 +.00000411 +00000-0 +31881-3 0  9994
2 32119 099.8892 181.8919 0095370 079.5430 281.6460 13.96852965559989
1 32120U 99025CRN 18029.70825608  .00004530  00000-0  36422-3 0  9991
2 32120  98.8795   5.9908 0057970 271.8365  87.6216 14.99332411562917
1 32123U 99025CRR 18204.70074255 +.00000042 +00000-0 +20341-4 0  9991
2 32123 098.8849 150.6919 0176953 214.0219 266.9853 14.54437642583522
1 32124U 99025CRS 18204.26377999 +.00007540 +00000-0 +34745-3 0  9996
2 32124 099.0194 012.0177 0077683 155.3073 205.1907 15.17968414273865
1 32125U 99025CRT 18198.64398070  .00000447  00000-0  12773-3 0  9990
2 32125  99.0891 349.5790 0294042 343.4924  15.6836 14.28499378578620
1 32126U 99025CRU 18202.36495261 +.00000268 +00000-0 +36442-3 0  9996
2 32126 099.1074 253.6596 0289769 298.9786 058.2588 13.51694992251757
1 32127U 99025CRV 18204.50587773 +.00000165 +00000-0 +23825-3 0  9992
2 32127 099.2800 298.8876 0301161 012.0116 348.8001 13.51250421539742
1 32128U 99025CRW 18204.87362438 +.00000069 +00000-0 +51685-4 0  9991
2 32128 099.3671 236.2447 0418185 331.7779 026.1272 13.88011381254998
1 32129U 99025CRX 18203.06907306 +.00000593 +00000-0 +37093-3 0  9999
2 32129 099.1377 250.7823 0096747 068.5534 321.9117 14.06349071561142
1 32130U 99025CRY 18203.11163287 +.00000128 +00000-0 +63321-4 0  9997
2 32130 098.6868 300.8639 0090727 339.9420 019.8206 14.30814010575678
1 32132U 99025CSA 18204.34263960 +.00000383 +00000-0 +15935-3 0  9994
2 32132 098.6736 256.5220 0104259 351.6514 008.2929 14.29058849320993
1 32133U 99025CSB 18204.43459181 +.00000044 +00000-0 +44192-4 0  9999
2 32133 098.7201 272.7779 0035458 312.8725 046.9473 14.16257087567535
1 32134U 99025CSC 18204.89483887 +.00000097 +00000-0 +52125-4 0  9993
2 32134 098.8045 243.0099 0286793 078.6168 044.6551 14.12933786569758
1 32136U 99025CSE 18204.38596719 +.00000194 +00000-0 +87659-4 0  9996
2 32136 098.5050 262.0643 0072318 279.8603 079.4421 14.31162006581378
1 32137U 99025CSF 18204.31494299 +.00000280 +00000-0 +53738-4 0  9997
2 32137 098.5980 252.0866 0288535 066.3081 296.8105 14.48479604274541
1 32138U 99025CSG 17328.02892280  .00002378  00000-0  11290-2 0  9999
2 32138  98.8910  46.5619 0021916 165.9358 205.6892 14.20343251538879
1 32139U 99025CSH 18202.38403061  .00000470  00000-0  15044-3 0  9999
2 32139  98.6555 258.4273 0221902 110.0960 252.4252 14.31112862573693
1 32141U 99025CSK 18204.93307597 +.00000515 +00000-0 +37447-3 0  9993
2 32141 098.9736 259.3080 0068823 157.9344 202.4807 13.99588417571610
1 32142U 99025CSL 16253.87263610  .00003022  00000-0  11822-2 0  9990
2 32142  99.0124 279.1116 0075396 262.6605  96.6635 14.28005444689216
1 32143U 99025CSM 18204.34512375 +.00000022 +00000-0 +31362-4 0  9996
2 32143 098.6486 247.3861 0105561 317.9722 041.3389 14.15984433577173
1 32146U 99025CSQ 18204.42152430 +.00000395 +00000-0 +18545-3 0  9990
2 32146 098.8892 279.4846 0123761 026.9031 333.8492 14.21685115564925
1 32147U 99025CSR 14154.14073593 +.00004504 +00000-0 +31775-3 0  9998
2 32147 099.0229 121.7910 0178546 201.9667 157.3886 14.93615858373385
1 32148U 99025CSS 18204.30029616 +.00000317 +00000-0 +39493-4 0  9998
2 32148 099.0764 331.8825 0164920 353.8552 006.0632 14.82572038344770
1 32150U 99025CSU 18204.01983005 +.00000059 +00000-0 +23830-4 0  9991
2 32150 099.1377 282.7073 0184347 290.7952 067.3580 14.54930420584108
1 32151U 99025CSV 18204.11844017 +.00003139 +00000-0 +43026-3 0  9992
2 32151 098.9964 176.3672 0046230 325.8200 096.3372 14.78603350586079
1 32152U 99025CSW 18202.04773250 +.00000415 +00000-0 +15745-3 0  9994
2 32152 098.6553 289.9785 0076299 328.8081 030.8587 14.34681234237348
1 32153U 99025CSX 18204.07149202 +.00000006 +00000-0 +13527-4 0  9997
2 32153 098.5542 310.1828 0225268 047.5217 314.4770 14.42788609582531
1 32154U 99025CSY 18204.93826543 +.00004311 +00000-0 +32674-3 0  9999
2 32154 099.0258 261.9392 0050090 228.2945 131.3985 15.01964394273800
1 32155U 99025CSZ 18204.24046858 +.00000162 +00000-0 +83147-4 0  9999
2 32155 099.0733 004.9530 0077256 133.4482 227.3159 14.27087712574028
1 32156U 99025CTA 18204.10397433 +.00000098 +00000-0 +58275-4 0  9995
2 32156 099.3001 153.1668 0086472 237.9888 121.2867 14.27295230262779
1 32157U 99025CTB 18204.64639628 +.00000665 +00000-0 +95596-4 0  9997
2 32157 099.0139 274.8480 0151008 103.5293 258.2786 14.73040793587097
1 32158U 99025CTC 18204.57941973 +.00001279 +00000-0 +36845-3 0  9992
2 32158 099.1186 120.2127 0047688 027.8217 332.5508 14.45990363292283
1 32160U 99025CTE 18203.05444202 +.00000099 +00000-0 +53159-4 0  9997
2 32160 098.6881 298.8556 0091793 004.9489 355.2579 14.30101033572343
1 32161U 99025CTF 18204.78996168 +.00000059 +00000-0 +62803-4 0  9994
2 32161 098.5948 046.4437 0146388 252.5848 105.9267 13.99397543575864
1 32162U 99025CTG 18204.41670761 +.00000467 +00000-0 +16720-3 0  9992
2 32162 099.4539 272.9621 0071251 149.5385 210.9968 14.37911090559701
1 32163U 99025CTH 18204.37407444 +.00000317 +00000-0 +13872-3 0  9993
2 32163 099.5223 263.2858 0061311 228.1991 131.3942 14.30631832572340
1 32164U 99025CTJ 15072.08990585 +.00002255 +00000-0 +55693-3 0  9995
2 32164 099.3273 029.7416 0124038 216.0851 143.1921 14.48733747405009
1 32165U 99025CTK 18204.02435064 +.00000172 +00000-0 +14843-3 0  9994
2 32165 098.6141 278.4139 0157426 081.8966 280.0021 13.92267167557290
1 32166U 99025CTL 18204.79521773 +.00000762 +00000-0 +72403-4 0  9994
2 32166 098.1972 321.7887 0157616 044.2250 317.1437 14.87916023592165
1 32167U 99025CTM 18204.30411794 +.00000042 +00000-0 +31034-4 0  9999
2 32167 098.5935 236.6421 0175747 062.5664 299.3269 14.26097517241665
1 32168U 99025CTN 18204.91143000 +.00001437 +00000-0 +12694-2 0  9997
2 32168 101.6619 005.1444 0293373 247.0123 109.9821 13.69642886264061
1 32169U 99025CTP 18203.02286042 +.00000988 +00000-0 +48542-3 0  9995
2 32169 098.5577 050.8234 0078134 124.4763 236.3826 14.18228707580605
1 32170U 99025CTQ 18203.99209210 +.00003924 +00000-0 +38160-3 0  9993
2 32170 099.0879 274.4329 0054992 255.1857 104.3261 14.92186722589067
1 32171U 99025CTR 18202.96834670 -.00000071 +00000-0 -53482-5 0  9992
2 32171 102.8219 114.4228 0544208 339.6035 073.4041 13.26756682246796
1 32172U 99025CTS 18204.43783899 +.00000619 +00000-0 +99048-4 0  9996
2 32172 099.0493 280.9822 0152298 141.7136 219.4998 14.68757262582917
1 32173U 99025CTT 18199.25659996  .00000531  00000-0  25620-3 0  9997
2 32173  99.6201 199.6117 0071285 264.4251  94.8790 14.22248345568805
1 32174U 99025CTU 18203.44984224 -.00000056  00000-0 -59953-5 0  9992
2 32174  98.8189 285.1295 0160621  50.0629 311.4531 14.14755988567404
1 32175U 99025CTV 18204.47380474 -.00000030 +00000-0 +78404-5 0  9997
2 32175 098.8565 310.9015 0173858 076.0562 285.9860 13.81345852224756
1 32176U 99025CTW 18204.32709625 +.00000530 +00000-0 +18014-3 0  9998
2 32176 099.4175 250.3585 0065178 101.6833 259.1675 14.40051522223830
1 32177U 99025CTX 18204.36061974 +.00000416 +00000-0 +16139-3 0  9990
2 32177 099.0751 038.7605 0075139 075.7505 285.2008 14.33909094577361
1 32178U 99025CTY 18204.55360469 +.00000349 +00000-0 +20803-3 0  9991
2 32178 100.2718 118.1530 0110471 087.2833 274.0972 14.12146674258288
1 32179U 99025CTZ 18204.52408757 -.00000010 +00000-0 +20337-4 0  9991
2 32179 099.2400 220.7906 0148356 101.8620 049.2877 14.02088157278908
1 32180U 99025CUA 18204.83021896 +.00000013 +00000-0 +49836-4 0  9999
2 32180 099.4740 157.8400 0138298 108.4670 283.1684 13.81698525569911
1 32181U 99025CUB 18204.54492193 +.00000178 +00000-0 +69043-4 0  9994
2 32181 099.4731 316.2086 0095369 067.6671 355.2778 14.40864353577465
1 32182U 99025CUC 18203.81892642 +.00000995 +00000-0 +47919-3 0  9991
2 32182 098.2052 227.1635 0122114 309.2630 049.7762 14.16979360580075
1 32183U 99025CUD 18203.99330299 +.00000374 +00000-0 +25581-3 0  9998
2 32183 098.9683 277.6672 0045879 073.6357 286.9847 14.05217942564883
1 31484U 99025BVY 18203.57908509 +.00001466 +00000-0 +87479-3 0  9997
2 31484 101.8240 324.6505 0166778 189.4838 170.3155 14.02925440577539
