1 39904U 93016CE  11236.01535596 +.00001754 +00000-0 +10234-2 0  9990
2 39904 070.9923 106.8642 0149202 063.1256 299.9771 14.04383882447847
1 39847U 92093KZ  18202.32382836  .00000340  00000-0  13789-3 0  9990
2 39847  71.0344 189.2068 0066780 287.0710  72.3115 14.33388982759131
1 40234U 93036BVP 18204.83676917 +.00009287 +00000-0 +74987-3 0  9990
2 40234 074.0120 342.2434 0012279 024.9442 126.5770 14.99891341206822
1 39305U 92093JW  18204.60573182 +.00000023 +00000-0 +45250-4 0  9995
2 39305 070.9615 176.5530 0094861 315.8614 163.6306 14.00725744853042
1 40154U 07003AN  09206.94999816 -.00000425 +00000-0 -11743-1 0  9996
2 40154 025.6598 143.8633 7630920 197.1707 104.3316 01.67178581010113
1 39627U 14014D   18204.79420038 +.00000240 +00000-0 +10699-3 0  9999
2 39627 098.1175 145.9739 0179438 213.8272 145.1358 14.22611206223734
1 40395U 95015G   18204.94438110 +.00000178 +00000-0 +99726-4 0  9999
2 40395 098.7560 215.7167 0028698 023.2892 336.9579 14.22352119176844
1 40495U 95015CJ  18204.26872866 +.00001008 +00000-0 +35031-3 0  9996
2 40495 098.6944 236.1585 0070953 290.2864 069.0705 14.36316212177718
1 39540U 99025EWH 18184.18138000 +.00001102 +00000-0 +16269-2 0  9999
2 39540 106.1801 301.0694 0445643 273.5131 207.8654 13.24509389329922
1 40529U 00047F   18204.38218171 -.00000058 +00000-0 +63100-5 0  9996
2 40529 067.9936 205.9059 0065646 250.2344 109.1709 14.92613693254337
1 38817U 99025EVH 18198.30573777  .00000491  00000-0  61345-3 0  9994
2 38817  98.5855  23.2784 0307934 195.2695 163.8988 13.50328550292602
1 39722U 92093KN  18204.42137826 +.00000107 +00000-0 +10077-3 0  9990
2 39722 070.8934 201.9046 0107429 176.0309 258.1486 13.99187214238245
1 38727U 99025ETU 18204.82562094 +.00000437 +00000-0 +34275-3 0  9991
2 38727 098.7034 321.1579 0120946 150.3081 001.8579 13.93434091341621
1 39888U 93016BN  18203.09544573  .00000747  00000-0  38552-3 0  9990
2 39888  70.9664 113.7473 0112838 117.4829 243.7819 14.14998691723717
1 39799U 08046L   18200.57639478 -.00000303  00000-0 -10054-2 0  9995
2 39799  64.9655 351.6609 5719657  26.4367 353.9153  4.21559701 64072
1 40183U 11077G   18190.78896763 -.00000468  00000-0 -18910-2 0  9996
2 40183  22.2054  23.3597 7567580 293.2695   7.2689  1.81765599 33780
1 39112U 99025EVZ 18202.40287842 +.00000697 +00000-0 +27144-3 0  9992
2 39112 099.1693 071.8133 0047395 118.4761 242.1207 14.32591012285241
1 40252U 97082M   18202.58301774  .00001813  00000-0  35346-3 0  9994
2 40252  86.4005  69.4713 0047605   5.9215  16.0176 14.61759707207302
1 40473U 95015BR  18204.07365443 +.00000562 +00000-0 +45590-3 0  9994
2 40473 098.8018 148.3229 0137488 028.9782 331.8922 13.89617447170758
1 39922U 94029AFV 18201.93138222 +.00000475 +00000-0 +69309-4 0  9998
2 39922 081.5992 075.7726 0175559 093.5019 268.6280 14.63627818220152
1 39865U 92093LT  18204.27588353 +.00000238 +00000-0 +11034-3 0  9995
2 39865 071.0153 175.2112 0004839 195.3512 164.7473 14.30496697801324
1 39316U 94029AFB 18204.61696937 +.00000906 +00000-0 +60500-4 0  9998
2 39316 082.0095 157.6526 0069682 246.8576 238.2342 15.03861917782315
1 39706U 92060H   18196.74014381 -.00000162  00000-0  00000+0 0  9994
2 39706   7.7504  55.0602 7042911  88.3322 353.9890  2.16024116114071
1 40411U 95015Y   18204.82913284 +.00000319 +00000-0 +19975-3 0  9999
2 40411 098.8302 198.5029 0024904 268.7418 091.0900 14.11481181175463
1 38664U 12029F   18204.39043646 +.00000121 +00000-0 +43353-3 0  9996
2 38664 100.0868 262.8623 0137986 172.1711 188.1598 13.12000196293855
1 40516U 95015DC  18204.20467498 +.00000650 +00000-0 +34929-3 0  9992
2 40516 098.7727 198.6522 0027168 161.9564 198.2580 14.16155385172223
1 39584U 93036BUP 18204.09207469 +.00001317 +00000-0 +21546-3 0  9995
2 39584 074.0999 352.3903 0043490 096.3150 023.3104 14.71276762249425
1 39790U 97051AAX 18204.18581882 +.00001466 +00000-0 +30838-3 0  9998
2 39790 086.1919 012.4688 0040718 285.8456 073.8266 14.58383603491086
1 40447U 95015AZ  18204.26136217 +.00000284 +00000-0 +15325-3 0  9995
2 40447 098.7736 212.0185 0017763 045.7594 314.5038 14.20340642178240
1 39587U 93036BUS 18204.76734337 +.00001211 +00000-0 +87680-4 0  9996
2 39587 074.0130 356.3250 0109572 067.7091 293.5669 15.00615562446710
1 40450U 95015BC  18203.99025203 +.00000380 +00000-0 +19597-3 0  9992
2 40450 098.7631 211.1238 0018261 057.4310 302.8627 14.20831575175619
1 39907U 93016CH  18204.15818078 +.00000038 +00000-0 +64743-4 0  9999
2 39907 070.9939 137.7518 0131790 039.4600 321.6015 13.87523927236255
1 39850U 92093LC  17192.54546959 +.00000155 +00000-0 +12323-3 0  9990
2 39850 071.3515 266.3884 0094408 057.5039 303.5232 14.02588154609247
1 40237U 93036BVS 18204.11964510 +.00000747 +00000-0 +21300-3 0  9996
2 40237 074.0469 132.3135 0013555 134.8713 283.7753 14.46909435201959
1 39308U 94029AET 18204.44412746 +.00000799 +00000-0 +19590-3 0  9996
2 39308 081.9686 097.1151 0453792 135.9208 227.9096 14.03418262273519
1 40164U 10042R   18204.57195486 -.00000060 +00000-0 +00000-0 0  9999
2 40164 026.3250 227.2047 7302243 284.6342 247.5147 01.89878167032447
1 39691U 91009DE  18203.07088542 +.00000172 +00000-0 +17146-2 0  9996
2 39691 074.0574 242.5204 0140338 076.8488 284.8164 12.21297043167420
1 40398U 95015K   18204.84455530 +.00000024 +00000-0 +34284-4 0  9994
2 40398 098.7916 205.3363 0007745 099.4025 260.8025 14.16035108179144
1 40498U 95015CM  18204.77698065 +.00000705 +00000-0 +40279-3 0  9995
2 40498 098.8028 194.4622 0036092 218.0044 141.8581 14.12508249174825
1 39543U 99025EWL 18203.59796945 +.00000219 +00000-0 +21139-3 0  9998
2 39543 099.1067 342.3539 0352022 340.6903 018.1176 13.65106108223031
1 40532U 13057E   18204.78565633 +.00000347 +00000-0 +89681-4 0  9998
2 40532 074.8769 244.1027 0236018 285.6755 071.8479 14.38042160244729
1 38820U 99025EVL 18204.74046390 +.00000930 +00000-0 +71657-3 0  9995
2 38820 098.2335 018.9082 0284317 295.9148 120.9044 13.77859241299102
1 39725U 92093KR  18201.10813325 +.00000007 +00000-0 +29029-4 0  9997
2 39725 071.1767 347.9881 0093753 034.9747 325.7483 14.09173333219039
1 38783U 99025ETX 18202.36654624  .00000416  00000-0  10469-3 0  9997
2 38783  98.6624 258.4282 0308716 293.5518  63.3518 14.32236824410742
1 39891U 93016BR  18204.12981197 +.00000191 +00000-0 +88272-4 0  9994
2 39891 071.0008 016.7307 0010386 045.5862 314.6118 14.32842192797788
1 39804U 08046R   18198.36845073 -.00000201  00000-0 -43146-3 0  9991
2 39804  65.8687 335.8799 5655726 348.7130   2.5353  4.32875043 65186
1 40220U 93036BUZ 18203.37442513 +.00002075 +00000-0 +40958-3 0  9995
2 40220 074.0265 078.8076 0017307 090.5281 024.5476 14.63018082203582
1 39119U 09049J   18204.83249148 +.00000004 +00000-0 +20358-4 0  9995
2 39119 098.4091 209.4310 0005284 055.2106 304.9569 14.21831240284874
1 40256U 97082R   18204.19561458 +.00046142 +00000-0 +14585-2 0  9999
2 40256 086.2732 003.7920 0017920 323.7692 036.2342 15.32456920212214
1 40476U 95015BU  18203.32804622  .00001222  00000-0  36716-3 0  9995
2 40476  98.6140 234.8984 0091742 270.1705  88.8971 14.42173779179030
1 39925U 94029AFY 18203.11195872 +.00004943 +00000-0 +33163-3 0  9999
2 39925 081.4960 341.2861 0096795 168.8234 191.5173 15.02801652224859
1 39868U 93016AS  18202.23252381  .00000813  00000-0  41705-3 0  9994
2 39868  70.9655  48.0314 0140480 337.9726  21.5393 14.13382713698236
1 38791U 99025EUF 14249.56237221 +.00001857 +00000-0 +93251-3 0  9995
2 38791 099.2129 005.8109 0023924 308.9751 050.9292 14.17697075184139
1 39319U 94029AFE 18204.04244486 -.00000017 +00000-0 -60960-5 0  9992
2 39319 081.9471 335.6240 0200463 356.3809 003.5926 14.59867331858631
1 39709U 92093JZ  18204.01463721 +.00000061 +00000-0 +75970-4 0  9999
2 39709 071.1493 339.5976 0143626 022.6343 338.1016 13.91458034715529
1 40414U 95015AB  18204.69660630 +.00000459 +00000-0 +23297-3 0  9998
2 40414 098.7742 213.5445 0015244 016.5809 343.5863 14.20765194176545
1 38678U 09014D   18204.38251180 +.00173160 +52176-6 +32444-3 0  9994
2 38678 040.0836 195.5710 3048645 184.7271 171.6599 09.51864493178804
1 38798U 99025EUN 18200.58905029 +.00000414 +00000-0 +64598-3 0  9993
2 38798 098.8166 329.6212 0416549 270.6127 084.7297 13.25757290408374
1 40418U 95015AF  18204.83089481 +.00000259 +00000-0 +14207-3 0  9996
2 40418 098.7713 211.1670 0011886 053.0531 307.1732 14.20123503176551
1 38716U 99025ETH 18173.27615707  .00000337  00000-0  38927-3 0  9990
2 38716  98.4192 345.8586 0274801  15.1294 345.7866 13.59896320434919
1 39878U 93016BC  18201.91909167  .00000672  00000-0  34361-3 0  9993
2 39878  70.9863  37.4463 0143224 337.3117  22.1713 14.13963379240613
1 38802U 99025EUS 17106.39671985  .00000208  00000-0  11022-3 0  9998
2 38802  98.5701 167.6672 0046104  32.0447 328.4115 14.13138297412980
1 39590U 93036BUV 18203.13830241 +.00001166 +00000-0 +27678-3 0  9990
2 39590 074.0303 096.2249 0018747 106.4048 044.7253 14.54992146232655
1 40463U 95015BF  18204.05713553 +.00000884 +00000-0 +34285-3 0  9996
2 40463 098.7712 239.2376 0053891 343.2569 016.6833 14.31747837179675
1 38807U 99025EUX 18202.08080428  .00000737  00000-0  73984-3 0  9995
2 38807  98.4662  67.3035 0234296 173.0206 187.4301 13.68853359387308
1 39910U 93016CL  18203.05989154  .00003701  00000-0  62663-3 0  9993
2 39910  70.9906  97.2212 0019352 101.9891 258.3431 14.69881791233623
1 39853U 92093LF  18204.72679255 +.00000343 +00000-0 +54065-4 0  9993
2 39853 071.2820 322.8297 0079139 284.0937 075.1434 14.78222746251460
1 40242U 94029AGJ 18199.87551297  .00000046  00000-0  94204-5 0  9992
2 40242  81.8767  47.1046 0433539 304.3537  51.7323 14.02189109745726
1 39694U 91009DH  17261.49540642  .00000006  00000-0  19171-3 0  9999
2 39694  74.1082 320.1662 0124077 176.5148 184.2626 12.18339401589292
1 40401U 95015N   18204.12888769 +.00000602 +00000-0 +40493-3 0  9994
2 40401 098.8226 178.6162 0061102 320.2515 039.4183 14.03525337176370
1 40501U 95015CQ  18204.45512143 +.00002058 +00000-0 +38196-3 0  9995
2 40501 098.6487 275.9623 0134056 148.7324 212.1937 14.60753074180197
1 39546U 93036BUC 18203.98584407 +.00000206 +00000-0 +47328-4 0  9993
2 39546 074.0049 317.9645 0073821 062.3881 298.4755 14.60388347404919
1 40559U 95015DS  18202.09023920 +.00001130 +00000-0 +67070-3 0  9999
2 40559 098.6332 164.9886 0054931 279.9122 079.5850 14.08765050169558
1 39991U 08011DQ  13029.94691056 -.00001507 +00000-0 -10996-1 0  9997
2 39991 048.2833 251.4459 6548109 201.3131 348.6015 03.03718054013254
1 38823U 99025EVP 18204.25662248 +.00000912 +00000-0 +64289-3 0  9993
2 38823 099.2975 218.5180 0115969 223.0364 136.1685 13.97543211501386
1 39778U 97051AAK 18204.18073991 +.00000298 +00000-0 +89369-4 0  9997
2 39778 086.3856 112.2703 0009138 325.4975 034.5629 14.39433895217608
1 38786U 99025EUA 18204.53475965 +.00002342 +00000-0 +21958-2 0  9994
2 38786 099.5943 119.9890 0286031 050.7543 311.8613 13.65839345367853
1 39894U 93016BU  11335.45449335 +.00009964 +00000-0 +55481-2 0  9995
2 39894 070.9726 256.6829 0149417 275.2835 083.0040 14.05657808395930
1 39837U 91009DV  18202.01946628  .00003058  00000-0  97860-2 0  9996
2 39837  73.8163  88.8871 0039285 171.8868 188.2855 13.02836427665264
1 40224U 93036BVD 18204.85891295 +.00000803 +00000-0 +16213-3 0  9992
2 40224 073.9986 033.0633 0144633 271.4134 149.0665 14.56906475314205
1 39213U 13037F   18204.84031965 +.00000040 +00000-0 +14661-4 0  9999
2 39213 097.9761 215.2386 0010806 304.7836 055.2352 14.70590710268723
1 38790U 99025EUE 18204.94444898 +.00000575 +00000-0 +32656-3 0  9999
2 38790 098.9718 259.5597 0082519 230.7704 128.6123 14.12267548262116
1 40265U 14059E   18204.82804047 +.00000266 +00000-0 +11846-3 0  9991
2 40265 097.9057 163.8941 0196796 024.2470 336.7817 14.19765524197742
1 40479U 95015BX  18204.96465643 +.00000234 +00000-0 +14013-3 0  9993
2 40479 098.7988 207.1105 0004707 031.1695 328.9757 14.16384499174107
1 39998U 02040E   18203.89204282 -.00000201 +00000-0 +00000-0 0  9997
2 39998 009.9208 033.6482 0005927 129.1386 230.9591 01.01180723035456
1 39928U 94029AGB 18204.32095476 +.00000849 +00000-0 +16446-3 0  9991
2 39928 081.0268 057.4674 0294384 228.5064 129.0519 14.38508827710391
1 39871U 93016AV  18204.49243145 +.00000572 +00000-0 +68661-4 0  9999
2 39871 071.0308 141.1047 0067865 183.6404 297.6506 14.87516690824966
1 38794U 99025EUJ 18170.61952354  .00000290  00000-0  30593-3 0  9992
2 38794  99.0529 326.5876 0217380 356.8321   3.1439 13.72479645385197
1 39322U 94029AFH 18204.07789646 +.00000258 +00000-0 +50277-4 0  9995
2 39322 081.9332 327.6125 0285803 105.1901 018.1349 14.35810393793895
1 40519U 95015DF  18204.43054113 +.00001646 +00000-0 +36732-3 0  9996
2 40519 098.6966 270.1228 0127640 184.1657 175.8487 14.53366418179399
1 39712U 92093KC  18202.03131884  .00000279  00000-0  18946-3 0  9995
2 39712  71.1148 335.5307 0094680 167.9578 192.3837 14.06226752710200
1 39329U 08011DG  14094.23208973  .00000258  00000-0  40004-2 0  9993
2 39329  48.8901 118.1387 6451277 309.5527   9.1345  3.06671036 27609
1 40522U 95015DJ  18204.24805076 +.00001421 +00000-0 +65596-3 0  9992
2 40522 098.7669 211.4729 0007665 056.5730 303.6179 14.22549953172795
1 38960U 12044CT  18204.17955780 +.00008481 +37021-5 +20093-3 0  9990
2 38960 050.1280 142.0712 1926552 211.5756 135.3909 11.64318940230763
1 39715U 92093KF  18204.44508164 +.00000137 +00000-0 +76518-4 0  9997
2 39715 071.0121 233.5088 0006359 243.8151 182.4552 14.26863685243213
1 40435U 95015AM  18204.82657338 +.00003945 +00000-0 +22583-2 0  9996
2 40435 098.3528 152.4509 0083138 338.0216 021.7397 14.08269177173909
1 38720U 99025ETM 18204.40648323 +.00001311 +00000-0 +62723-3 0  9999
2 38720 099.1519 272.9353 0053414 327.2421 032.5446 14.20214356420328
1 39881U 93016BF  18204.17610993 +.00000319 +00000-0 +23743-3 0  9994
2 39881 070.9917 041.5306 0135162 312.1229 046.8459 13.98118547692944
1 39028U 12072C   18204.88602255 +.00286871 +38385-4 +44371-3 0  9990
2 39028 097.1476 278.9968 0006781 247.0917 112.9649 16.04181403315334
1 39595U 97051AAH 18204.01283708 +.00002278 +00000-0 +43887-3 0  9999
2 39595 086.3748 104.1482 0052666 233.0306 126.6078 14.62251838286074
1 40168U 10042V   14180.99290371 -.00000074 +00000-0 +68147-2 0  9990
2 40168 023.9952 170.6098 7306120 172.3245 213.3150 02.01116908013743
1 40466U 95015BJ  18204.90456555 +.00001826 +00000-0 +60690-3 0  9995
2 40466 098.6775 231.8973 0059096 330.0556 029.7254 14.37952170176471
1 38810U 99025EVA 18204.12827928 +.00000666 +00000-0 +45543-3 0  9991
2 38810 099.3319 312.9093 0132471 258.6743 224.5832 13.99325363250036
1 39913U 94029AFL 18198.21246801 +.00000633 +00000-0 +22473-3 0  9993
2 39913 081.5697 158.4233 0590487 160.7877 201.4654 13.65102604020235
1 39856U 92093LJ  18204.41170525 +.00001119 +00000-0 +25676-3 0  9995
2 39856 070.8266 225.9874 0032233 202.5361 157.4370 14.57575118705723
1 39309U 94029AEU 18202.16315375  .00000243  00000-0  53677-4 0  9993
2 39309  81.7456 154.4053 0271743 245.5174 111.7455 14.34080944749721
1 39933U 06006DF  18204.31314668 +.00000137 +00000-0 +24512-3 0  9994
2 39933 051.9635 251.6779 5116128 102.4078 317.1740 05.17102688151414
1 39697U 91009DL  18200.04400250  .00000138  00000-0  14129-2 0  9990
2 39697  74.0598 231.0022 0144691  55.2537 306.2024 12.20580165595513
1 40404U 95015R   18204.96890762 +.00000092 +00000-0 +68939-4 0  9994
2 40404 098.7930 205.6229 0007022 103.5683 256.6274 14.16089678176076
1 40508U 95015CU  18202.92216249 +.00000388 +00000-0 +26294-3 0  9990
2 40508 098.8649 187.1121 0055535 322.5000 037.2299 14.05292623170889
1 39549U 93036BUF 18204.00830042 +.00001460 +00000-0 +31866-3 0  9991
2 39549 074.0227 076.4391 0016696 335.3482 087.9721 14.58711403364416
1 40562U 95015DV  18204.78535815 +.00001639 +00000-0 +79565-3 0  9998
2 40562 098.7780 206.1618 0007058 224.9650 135.0955 14.19716210173449
1 38826U 99025EVS 18204.20357560 +.00000618 +00000-0 +29368-3 0  9991
2 38826 099.8915 352.6049 0055169 151.8511 208.5665 14.22999778245255
1 39782U 97051AAP 18204.00274486 +.00001791 +00000-0 +30386-3 0  9998
2 39782 086.4162 093.7877 0014211 188.3645 229.9523 14.68624506345324
1 39897U 93016BX  18204.51565805 +.00001627 +00000-0 +69529-3 0  9995
2 39897 070.9489 269.6524 0125913 263.1296 095.5492 14.22317620057272
1 39840U 91009DY  18204.96860337 +.00001288 +00000-0 +22385-2 0  9991
2 39840 073.8314 063.0636 0100733 286.6876 138.1443 13.42808673204533
1 40227U 93036BVG 18180.70053494  .00003649  00000-0  39117-3 0  9992
2 40227  74.0077 304.1669 0012135  82.5225 277.7334 14.88997630319761
1 39225U 13035F   18204.80695551 +.00000361 +00000-0 +15003-3 0  9999
2 39225 098.4614 301.9653 0178759 216.6554 142.2289 14.23974452257607
1 40289U 14066D   18204.85099864 +.00000258 +00000-0 +72590-4 0  9996
2 40289 098.5574 350.3214 0107721 028.3646 332.3355 14.51166977197804
1 40487U 95015CA  18204.89270372 +.00000520 +00000-0 +35071-3 0  9992
2 40487 098.8634 185.6468 0064392 324.4290 035.2593 14.03924504172200
1 40050U 93014BM  18204.37074970 +.00004500 +00000-0 +86083-3 0  9995
2 40050 075.7523 092.9502 0090464 308.5317 050.7774 14.61416665180455
1 38907U 12044AQ  12335.42514951 +.00533393 +23217-4 +12536-1 0  9996
2 38907 049.9193 357.0839 2379252 216.9692 142.3996 10.68608655004579
1 39932U 94029AGF 18204.76480068 +.00000178 +00000-0 +44385-4 0  9998
2 39932 081.8202 018.0933 0329812 326.2146 031.8392 14.19903245214115
1 39874U 93016AY  18204.09635623 +.00001348 +00000-0 +52759-3 0  9996
2 39874 070.9422 120.3180 0109269 156.7154 264.1634 14.28047409215078
1 40326U 02005J   18204.90461906 +.00011612 +00000-0 +12983-2 0  9998
2 40326 086.4110 092.4069 0022998 311.0486 048.8751 14.86650101195189
1 40491U 95015CE  18204.96563198 +.00000832 +00000-0 +36273-3 0  9997
2 40491 098.7147 214.7568 0037813 031.3019 329.0402 14.26221138175102
1 40152U 07003AL  17180.00330920 +.00000101 +00000-0 +00000-0 0  9998
2 40152 027.6187 136.9735 7337225 282.6488 010.8756 01.90767800071885
1 39877U 93016BB  18185.08752437  .00000574  00000-0  29491-3 0  9996
2 39877  70.9870  65.9529 0143334 356.7624   3.2555 14.14254211706169
1 39535U 99025EWC 16300.43033965  .00000416  00000-0  30618-3 0  9995
2 39535  99.1283   3.3428 0055572 109.2333 225.5021 14.00536197194337
1 40525U 95015DM  18204.81282676 +.00000668 +00000-0 +34921-3 0  9993
2 40525 098.8267 214.1799 0018419 339.2401 020.8024 14.17692120172432
1 39718U 92093KJ  18204.90496524 +.00000414 +00000-0 +15733-3 0  9996
2 39718 071.1951 024.2798 0038164 146.0474 214.3115 14.36113845223363
1 40438U 95015AQ  18204.90403340 +.00000849 +00000-0 +46170-3 0  9999
2 40438 098.7460 190.3197 0028078 218.2457 141.6725 14.14748842174831
1 38723U 99025ETQ 18204.72061275 +.00000774 +00000-0 +31632-3 0  9999
2 38723 099.4784 188.5521 0041764 276.4326 083.2099 14.30141037384693
1 39884U 93016BJ  18157.26318668  .00001249  00000-0  57206-3 0  9992
2 39884  70.9727  17.3546 0124614 324.7160 151.3344 14.19307515693244
1 39793U 97051ABA 18204.31840244 +.00013136 +00000-0 +69611-3 0  9994
2 39793 086.3489 045.1296 0004282 304.3611 055.7223 15.15278153225328
1 39054U 92047AV  18204.11937924 +.00004848 +00000-0 +12328-1 0  9995
2 39054 065.7840 105.0829 2684017 098.4114 292.6458 09.11180949189650
1 39601U 12044DU  18204.90702705 +.00165167 +13288-4 +98760-3 0  9990
2 39601 049.8691 039.3347 0574839 111.0910 255.2453 14.76190671218779
1 40245U 08046T   18202.15651350  .00000039  00000-0  11167-3 0  9993
2 40245  65.2606 314.4577 5723791   7.8957 358.2235  4.35153777 62933
1 40469U 95015BM  18204.00597193 +.00000778 +00000-0 +33794-3 0  9993
2 40469 098.7443 221.5598 0035666 005.8222 354.3365 14.26706138179405
1 38813U 99025EVD 18202.34539726 +.00000197 +00000-0 +12742-3 0  9996
2 38813 099.3470 049.8810 0006353 147.6786 212.4776 14.14791964100133
1 39916U 94029AFP 18202.64115178 +.00000817 +00000-0 +11369-3 0  9997
2 39916 081.5837 264.6193 0185476 030.4576 123.4804 14.65457941220001
1 39860U 92093LN  18204.12726698 +.00000139 +00000-0 +80912-4 0  9992
2 39860 070.7881 124.0896 0033572 317.5177 042.3352 14.24817388790012
1 39312U 94029AEX 18204.83537657 +.00000286 +00000-0 +45903-4 0  9992
2 39312 081.9885 264.8860 0259962 057.5983 305.0075 14.47723161269860
1 39700U 91009DP  18162.08811974 +.00000161 +00000-0 +14915-2 0  9994
2 39700 073.9662 057.3498 0121333 022.1311 338.4903 12.28529703004938
1 40407U 95015U   18204.92721493 +.00000030 +00000-0 +37376-4 0  9990
2 40407 098.7928 205.1197 0007282 106.5486 253.6489 14.15887245176066
1 38660U 09072H   18204.05627399 +.00000013 +00000-0 +19520-3 0  9991
2 38660 100.5833 143.8574 0155099 212.7003 209.3714 12.92316380397382
1 40511U 95015CX  18204.22118430 +.00000791 +00000-0 +43282-3 0  9996
2 40511 098.8473 207.5691 0017966 256.0696 103.8479 14.14776873175176
1 39994U 08011DT  18201.21705465 -.00000020 +00000-0 -42536-3 0  9993
2 39994 048.9377 267.1058 6494616 087.6804 350.4082 03.07934110035167
1 39553U 93036BUK 18176.73550250  .00000465  00000-0  31646-3 0  9994
2 39553  74.0291 325.2824 0223884 356.8398   3.1300 13.91208712376260
1 40565U 95015DY  18204.56707560 +.00000456 +00000-0 +44071-3 0  9995
2 40565 098.7969 124.5475 0187147 107.6871 254.4809 13.76896145170028
1 38829U 99025EVV 18203.04025408 +.00000145 +00000-0 +11745-3 0  9993
2 38829 099.0100 237.1169 0043451 038.6695 321.7569 14.04719130261804
1 39785U 97051AAS 18124.26512822  .00016015  00000-0  12422-2 0  9994
2 39785  86.3825 120.3373 0026513 314.3215 104.3546 15.01000634333373
1 39900U 93016CA  18204.89510581 +.00001084 +00000-0 +34391-3 0  9998
2 39900 070.9364 291.6532 0086763 034.2257 326.4428 14.40154750216574
1 39843U 92093KV  18204.89022590 +.00000955 +00000-0 +21550-3 0  9995
2 39843 070.9220 304.7653 0045816 003.2598 356.8836 14.58427720219346
1 40230U 93036BVK 18204.59776740 +.00000289 +00000-0 +10378-3 0  9991
2 40230 074.0471 178.7932 0022525 189.1412 289.5161 14.38121998375398
1 39301U 92093JS  18204.15525122 +.00000215 +00000-0 +14703-3 0  9993
2 39301 070.8835 120.8290 0035993 267.9552 091.7446 14.10565418818403
1 38879U 12044L   12341.40151353 +.00033086 +17130-5 +10000-2 0  9999
2 38879 050.3167 350.8929 2505652 218.4632 120.8347 10.39923934004783
1 40233U 93036BVN 18203.77539279 +.00000369 +00000-0 +12012-3 0  9993
2 40233 073.9473 123.5494 0062878 079.8253 280.9986 14.41147919366637
1 39304U 92093JV  18204.36751363 +.00000038 +00000-0 +53482-4 0  9998
2 39304 071.2076 096.8470 0090412 060.4809 056.7634 14.00530396830194
1 39626U 14014C   18204.56124604 +.00000410 +00000-0 +10348-3 0  9993
2 39626 097.9541 199.5458 0106721 036.4584 324.3818 14.52568231228313
1 40357U 91009DZ  16154.58381461  .00000158  00000-0  10000-3 0  9999
2 40357  73.9315 241.5768 0177894 337.7497  21.6336 12.28556721336213
1 40494U 95015CH  18203.44802793  .00004739  00000-0  96545-3 0  9997
2 40494  98.7923 275.8771 0087095 205.0516 154.6444 14.59140115179844
1 39539U 99025EWG 18200.34653735  .00001349  00000-0  15817-3 0  9993
2 39539  98.9608 247.7112 0108301  58.6652 302.5104 14.82975461272722
1 40528U 00047E   18204.44491069 -.00000049 +00000-0 +71717-5 0  9994
2 40528 067.9941 208.6586 0066030 250.8918 166.8085 14.92279669181784
1 38816U 99025EVG 18204.31618183 +.00000786 +00000-0 +28540-3 0  9990
2 38816 098.8608 239.3117 0109844 023.7683 336.8519 14.32906888261674
1 39721U 92093KM  18204.78795204 +.00000031 +00000-0 +52404-4 0  9995
2 39721 071.1909 264.7343 0128924 183.7496 176.2664 13.93996481217087
1 38726U 99025ETT 18204.66957798 +.00000802 +00000-0 +35515-3 0  9995
2 38726 099.2031 015.3316 0090479 102.3967 258.7354 14.23941980378887
1 39887U 93016BM  18204.19366564 +.00001316 +00000-0 +64248-3 0  9997
2 39887 070.9552 031.3940 0138255 329.8849 029.4374 14.15008031213145
1 39798U 08046K   18203.54922400 -.00000374 +00000-0 -19275-2 0  9996
2 39798 064.7074 348.4409 5671374 036.7278 351.2012 04.23051499064094
1 40177U 10057AF  18204.40060716 +.00000432 +00000-0 +72721-2 0  9991
2 40177 017.8789 015.9193 7207935 215.4682 063.1282 02.19416666042818
1 39111U 93036BUA 18199.50674962  .00000783  00000-0  22446-3 0  9992
2 39111  74.0334 143.4067 0024380 158.3755 201.8439 14.46432789288322
1 40251U 97082L   18204.24288805 +.00001591 +00000-0 +93237-3 0  9993
2 40251 086.3414 114.6537 0169700 188.7803 171.0398 14.00695207199478
1 40472U 95015BQ  18204.05214164 +.00002870 +00000-0 +45550-3 0  9994
2 40472 098.7032 293.2323 0139217 127.8510 233.5385 14.66712363179600
1 39921U 94029AFU 18197.98906460  .00000335  00000-0  10354-3 0  9993
2 39921  81.5406  38.9991 0417719 252.6285 102.8803 13.99672590727401
1 39864U 92093LS  18204.75477455 -.00000022 +00000-0 +13221-4 0  9990
2 39864 071.1516 352.3911 0125699 344.8010 014.9346 14.07899169239734
1 39315U 94029AFA 18204.39406034 +.00000366 +00000-0 +12154-3 0  9990
2 39315 081.4969 084.0335 0439231 177.6833 182.6516 13.92560118259607
1 39703U 91009DS  18200.58052380 -.00000082 +00000-0 -56744-3 0  9994
2 39703 073.8543 281.3966 0195398 093.8752 332.2388 12.26810579190558
1 40410U 95015X   18203.93556390 +.00000325 +00000-0 +19211-3 0  9990
2 40410 098.8108 202.5475 0017666 198.2080 161.8463 14.14504997175651
1 38663U 12029E   18203.97589283 -.00000040 +00000-0 +71316-5 0  9993
2 38663 100.1602 263.2583 0138298 212.8047 146.4419 13.08244616232452
1 40515U 95015DB  18204.92684112 +.00000626 +00000-0 +35527-3 0  9992
2 40515 098.8071 198.6010 0025380 288.3045 071.5367 14.13482182171937
1 39583U 93036BUN 18204.35545428 +.00000691 +00000-0 +21071-3 0  9990
2 39583 073.9371 222.9766 0202786 207.4660 151.5661 14.32836546229431
1 38842U 05017F   18204.10456226 +.00000374 +00000-0 +51383-4 0  9997
2 38842 097.9712 150.0984 0062901 154.4830 261.6638 14.82970977425537
1 39788U 97051AAV 18204.50664377 +.00080135 +00000-0 +31371-2 0  9994
2 39788 086.3052 127.7265 0019670 198.8626 161.1893 15.25305112398514
1 40444U 95015AW  18204.52329102 +.00003539 +00000-0 +11755-2 0  9996
2 40444 098.7501 234.0347 0028300 335.8461 024.1396 14.38164998180944
1 39903U 93016CD  18204.24794045 +.00000057 +00000-0 +81407-4 0  9999
2 39903 070.9901 156.1518 0135986 052.5153 013.0374 13.86100495770146
1 39846U 92093KY  18171.48376310  .00001204  00000-0  49336-3 0  9998
2 39846  71.2703 110.1169 0091715 199.5082 158.3408 14.26826264714561
1 40449U 95015BB  18204.17267340 +.00000685 +00000-0 +39638-3 0  9997
2 40449 098.7510 185.1184 0027836 228.0417 131.8382 14.11990686176387
1 39906U 93016CG  18204.50410454 +.00001749 +00000-0 +79529-3 0  9990
2 39906 070.9694 268.5201 0128426 245.3036 113.4674 14.18864886716570
1 39849U 92093LB  18204.07558048 +.00000125 +00000-0 +10725-3 0  9994
2 39849 070.8666 086.7634 0088073 144.1530 216.5541 14.02671594238787
1 40236U 93036BVR 18204.91389476 +.00000158 +00000-0 +20179-3 0  9994
2 40236 073.5418 050.4716 0554263 177.2166 183.2240 13.19465087179857
1 39307U 94029AES 18204.73731830 +.00001037 +00000-0 +14576-3 0  9990
2 39307 081.9597 206.6134 0242276 349.8124 009.8208 14.58356438820665
1 40156U 07003AQ  18115.80962757  .00000292  00000-0  15192-1 0  9998
2 40156  26.7448 345.2252 7508706 221.5222  17.6102  1.84338002 54107
1 39629U 14014F   18204.49302934 +.00000298 +00000-0 +12826-3 0  9999
2 39629 098.3641 211.1169 0174724 251.2532 106.9618 14.23775263223893
1 40397U 95015J   18203.94020913 +.00000392 +00000-0 +20993-3 0  9995
2 40397 098.7787 207.5987 0011234 075.0934 285.1484 14.18742446176207
1 40497U 95015CL  18204.83431377 +.00000655 +00000-0 +33262-3 0  9990
2 40497 098.7789 209.0182 0008198 065.9125 294.2908 14.19325843174196
1 39542U 99025EWK 15301.24878129 +.00001873 +00000-0 +14621-2 0  9994
2 39542 098.2292 227.7271 0283666 116.1640 242.2010 13.76015015130155
1 40531U 13057D   18204.84193565 +.00000423 +00000-0 +10565-3 0  9994
2 40531 074.9770 258.3324 0233174 266.7583 090.6879 14.39137704175273
1 38819U 99025EVK 18202.91383368 +.00000080 +00000-0 +61599-4 0  9990
2 38819 098.7437 239.3614 0085759 024.1153 098.0972 14.14850452252522
1 39724U 92093KQ  18197.20185302 +.00000089 +00000-0 +88703-4 0  9992
2 39724 070.8520 132.8193 0091795 208.5247 151.0828 14.00430547216951
1 38729U 99025ETW 18150.14211210  .00000165  00000-0  13838-3 0  9999
2 38729  99.1788 116.2221 0097175 320.8458  38.5702 13.99697917446502
1 39890U 93016BQ  18204.43357030 +.00001473 +00000-0 +63453-3 0  9997
2 39890 070.9715 238.4411 0123127 212.5244 146.8256 14.22226743187471
1 39803U 08046Q   18201.49371581 -.00000257 +00000-0 -16297-2 0  9994
2 39803 064.7504 354.4729 5652219 036.0965 351.3159 04.22644910063899
1 40218U 93036BUX 18202.29562497 +.00000156 +00000-0 +62154-4 0  9997
2 40218 074.0318 182.6142 0018886 210.9691 149.0350 14.36255115200392
1 39114U 99025EWB 18204.39918400 +.00000969 +00000-0 +49541-3 0  9992
2 39114 099.0112 274.7990 0079592 201.3270 158.4580 14.16384487280846
1 39990U 08011DP  13093.16449355 +.00001343 +00000-0 +38972-2 0  9995
2 39990 048.9136 198.0876 6418239 235.8447 045.6250 03.27586095015854
1 40255U 97082Q   18204.46432167 +.00001048 +00000-0 +62242-3 0  9992
2 40255 086.2821 110.9494 0227566 240.6418 117.1857 13.94658048198765
1 40475U 95015BT  18204.39097952 +.00000914 +00000-0 +55635-3 0  9990
2 40475 098.8436 189.1904 0053854 312.2291 047.4315 14.07976620174937
1 39924U 94029AFX 18204.16618920 +.00000293 +00000-0 +37989-4 0  9993
2 39924 081.8597 169.5835 0139118 151.9753 208.9036 14.70576474221590
1 39867U 92093LV  18201.79638492  .00000496  00000-0  32767-3 0  9993
2 39867  70.9784  12.6169 0177960 340.4578  18.9769 13.99028891709305
1 39318U 94029AFD 18204.73684206 +.00000006 +00000-0 -31692-5 0  9992
2 39318 081.9546 358.4905 0203307 049.7417 011.5297 14.58083917857056
1 39708U 92093JY  18204.27468844 +.00000301 +00000-0 +54123-4 0  9991
2 39708 071.2877 052.9563 0086445 327.6443 145.5813 14.72923255229018
1 40413U 95015AA  18204.86003958 +.00000339 +00000-0 +17772-3 0  9998
2 40413 098.7782 214.6616 0017737 021.3820 338.8094 14.20718003179549
1 38677U 08012D   18202.95648218 +.00013468 +00000-0 +26687-3 0  9992
2 38677 040.0559 035.1915 4995597 158.5630 349.6056 05.75763059005720
1 38797U 99025EUM 18200.55332372 -.00000133  00000-0 -95343-4 0  9997
2 38797  99.5899 117.2886 0250009 251.1494  99.3846 13.59789607366177
1 39586U 93036BUR 18203.16838053 +.00000384 +00000-0 +19322-3 0  9995
2 39586 074.0112 010.1818 0107359 046.6259 074.5089 14.16678931226946
1 38801U 99025EUR 18178.64668150  .00000229  00000-0  74057-4 0  9996
2 38801  98.4154 317.5024 0386812 312.7997 109.0527 14.13392716432696
1 39589U 93036BUU 18199.37771390  .00002667  00000-0  25810-3 0  9990
2 39589  74.0056 223.1605 0032520 300.6932 130.1146 14.92946279456893
1 40462U 95015BE  18202.17307086  .00001165  00000-0  71300-3 0  9998
2 40462  98.8590 188.8030 0056270 323.7812  35.9552 14.07072498176264
1 38806U 99025EUW 15132.23433412 +.00002204 +00000-0 +15398-2 0  9990
2 38806 098.5611 298.2737 0140796 359.9035 001.2428 13.94834523234004
1 39909U 93016CK  11060.90795980 +.00007315 +00000-0 +29176-2 0  9997
2 39909 071.0507 151.1547 0007146 327.4594 039.4449 14.28788563135046
1 39852U 92093LE  18204.18584757 +.00000396 +00000-0 +13960-3 0  9990
2 39852 071.0113 044.7379 0005038 298.9876 172.9100 14.40785457801364
1 40239U 93036BVU 18204.12392451 +.00000097 +00000-0 +28296-4 0  9998
2 40239 074.0345 358.0012 0096383 067.7660 053.0072 14.54286939247633
1 40167U 10042U   18201.92582018 -.00000450  00000-0  00000+0 0  9991
2 40167  26.1516 248.7307 7197448 253.7162  22.1287  1.93646661 40590
1 39693U 91009DG  18199.32956112 -.00000015  00000-0 -11565-4 0  9996
2 39693  74.0307 194.9057 0128670  62.4611   0.7718 12.20815098628287
1 40400U 95015M   18204.48810027 +.00000216 +00000-0 +90929-4 0  9995
2 40400 098.6544 215.5548 0152703 264.7819 093.5922 14.29799723179506
1 40500U 95015CP  18202.80357549  .00001324  00000-0  69921-3 0  9993
2 40500  98.8688 210.9413 0030233 324.2012  35.7135 14.15345218174553
1 39545U 93036BUB 18204.26661146 +.00000908 +00000-0 +50313-3 0  9996
2 39545 073.9393 179.1085 0211229 294.7058 123.9263 14.02097560232440
1 40558U 95015DR  18204.87428446 +.00000808 +00000-0 +51323-3 0  9993
2 40558 098.8156 183.3031 0053453 296.7669 062.8036 14.05929418172126
1 38822U 99025EVN 18172.85697008  .00000829  00000-0  61627-3 0  9994
2 38822  98.1394  43.3719 0128082  79.6580 281.8993 13.93504087496348
1 39777U 97051AAJ 18204.85956404 +.00001561 +00000-0 +63003-3 0  9999
2 39777 085.9803 352.6869 0083223 289.3241 069.8964 14.25513943215371
1 38785U 99025ETZ 18182.73905525 +.00000958 +00000-0 +59495-3 0  9999
2 38785 098.0081 359.9686 0219504 330.5270 028.3664 13.95858487439346
1 39893U 93016BT  18202.73453236  .00001443  00000-0  64204-3 0  9998
2 39893  70.9705 245.5035 0119752 229.1427 129.9273 14.20834424737673
1 39836U 91009DU  18200.55040779 -.00000007 +00000-0 +74515-4 0  9990
2 39836 073.9072 252.7721 0138078 300.1695 128.1005 12.29303123186497
1 40223U 93036BVC 18204.87642819 +.00000933 +00000-0 +29049-3 0  9994
2 40223 073.9660 167.1066 0043897 220.8529 168.4932 14.41810121201717
1 39205U 13035D   18204.82446889 +.00000479 +00000-0 +11354-3 0  9992
2 39205 097.9830 290.6513 0096281 291.8792 067.2190 14.55657428266193
1 38789U 99025EUD 18204.13286172 +.00000101 +00000-0 +41030-4 0  9999
2 38789 098.8037 322.2384 0245804 051.7241 069.7783 14.32432476231012
1 40264U 14059D   18204.48868998 +.00000617 +00000-0 +15711-3 0  9992
2 40264 097.7700 213.3379 0108394 222.8288 136.4427 14.50404617201847
1 40478U 95015BW  18204.09627499 +.00000598 +00000-0 +42791-3 0  9992
2 40478 098.8040 167.9405 0086925 338.3737 021.3766 13.99171595173916
1 39997U 08011DW  13296.97242389 +.00000969 +00000-0 +20000-1 0  9999
2 39997 049.8740 225.8006 6731970 198.3427 112.8608 02.72051466778349
1 39927U 94029AGA 18204.71945614 +.00000440 +00000-0 +42144-4 0  9993
2 39927 081.8273 345.7449 0076099 062.6632 298.2304 14.88602195224306
1 39870U 93016AU  18204.51604364 +.00001437 +00000-0 +63983-3 0  9997
2 39870 070.9812 267.0294 0125647 241.2644 117.5810 14.20427292785651
1 38793U 99025EUH 18204.96728303 +.00001178 +00000-0 +34855-3 0  9993
2 38793 098.7093 260.6222 0114135 162.9379 321.5715 14.41661245232678
1 39321U 94029AFG 18204.81396721 +.00000104 +00000-0 +30250-4 0  9993
2 39321 082.2893 033.9864 0458963 042.7727 320.8203 13.87593557253549
1 40518U 95015DE  18204.58929830 +.00001514 +00000-0 +41451-3 0  9996
2 40518 098.7135 256.6913 0107367 223.7419 135.5229 14.45398849175620
1 39711U 92093KB  18204.12668648 +.00000043 +00000-0 +58650-4 0  9995
2 39711 070.8404 115.3901 0096162 195.6141 164.2003 14.00231548780354
1 40416U 95015AD  18204.83975786 +.00000363 +00000-0 +20183-3 0  9992
2 40416 098.7857 205.9137 0006414 093.4844 266.7064 14.17115695176123
1 38715U 99025ETG 18203.10338155  .00001390  00000-0  82051-3 0  9991
2 38715  98.1922 161.9417 0161339 138.4394 222.9171 14.02908699550496
1 39327U 08011DE  18201.45950608 -.00000165 +00000-0 -99013-3 0  9992
2 39327 049.8575 344.4096 6548958 354.9235 007.1423 02.94947183069470
1 40521U 95015DH  18204.29946708 +.00000740 +00000-0 +31630-3 0  9999
2 40521 098.7607 227.5367 0040953 021.1752 339.1113 14.27584366176441
1 38959U 12044CS  12344.36753397 +.00574484 +25319-4 +14382-1 0  9997
2 38959 050.0801 347.6370 2643477 223.0607 011.5103 10.14004847004928
1 39714U 92093KE  18204.80417067 +.00000130 +00000-0 +76980-4 0  9993
2 39714 071.0851 017.3929 0098345 309.8855 049.3654 14.21913034242182
1 40434U 95015AL  18204.70632250 +.00000367 +00000-0 +22029-3 0  9999
2 40434 098.7969 175.2294 0193162 016.7762 343.9677 14.03757877176356
1 38718U 99025ETK 18105.21758463  .00000571  00000-0  52375-3 0  9991
2 38718  98.6052 112.7611 0211204 303.6383  54.4778 13.77163551503422
1 39880U 93016BE  18204.55207650 +.00001333 +00000-0 +58290-3 0  9999
2 39880 070.9681 254.6928 0124554 234.6733 124.2699 14.21530108719146
1 38989U 12044DS  12343.36749356 +.00460866 +17806-4 +11798-1 0  9997
2 38989 050.0222 336.8270 2352548 231.3525 164.4036 10.73045609005104
1 38804U 99025EUU 18181.15293334  .00001100  00000-0  95682-3 0  9992
2 38804  97.5314 301.1325 0402079 173.8385 186.7925 13.55985682454751
1 39594U 97051AAG 18204.04420172 +.00000772 +00000-0 +20993-3 0  9999
2 39594 086.4082 116.3445 0008472 256.9571 103.0686 14.46292722245756
1 40465U 95015BH  18204.92628649 +.00000464 +00000-0 +30119-3 0  9991
2 40465 098.8664 193.4478 0047454 308.9854 050.7092 14.07040629172948
1 38809U 99025EUZ 18202.33012806  .00000131  00000-0  72727-4 0  9993
2 38809  98.8261 246.9544 0240831 121.3248 241.1741 14.12038339379101
1 39912U 94029AFK 18204.25078184 +.00003872 +00000-0 +22595-3 0  9994
2 39912 081.3442 050.5545 0067556 214.8448 144.8347 15.09747203226641
1 39855U 92093LH  18204.95796959 +.00001616 +00000-0 +53324-3 0  9991
2 39855 070.5257 048.8580 0101563 250.1321 108.8842 14.36841518216002
1 40244U 94029AGL 18203.06167789  .00000949  00000-0  17672-3 0  9994
2 40244  81.9164 321.6718 0239638 173.0595 187.4023 14.47219522497950
1 39696U 91009DK  17284.49673994  .00000203  00000-0  19576-2 0  9990
2 39696  74.0517 209.6833 0175837  91.6796  26.1794 12.21252757534509
1 40403U 95015Q   18204.96209759 +.00000304 +00000-0 +16533-3 0  9991
2 40403 098.7767 210.6793 0013012 063.9763 296.2751 14.19404676176464
1 40504U 95015CT  18204.89563332 +.00000463 +00000-0 +31081-3 0  9996
2 40504 098.8487 185.4065 0056025 314.1239 045.5327 14.04914296175626
1 39548U 93036BUE 18204.27467770 +.00001539 +00000-0 +31756-3 0  9998
2 39548 074.0125 060.0184 0010731 337.7259 142.1591 14.61287241339281
1 40561U 95015DU  18204.38967959 +.00003248 +00000-0 +91860-3 0  9991
2 40561 098.8833 265.3385 0064630 250.3210 109.0999 14.45129762176058
1 38825U 99025EVR 18204.59728102 +.00000184 +00000-0 +18794-3 0  9995
2 38825 098.9722 347.8434 0228230 135.3057 289.4435 13.76644626371448
1 39781U 97051AAN 18183.48959787  .00001369  00000-0  84013-3 0  9996
2 39781  86.3817 251.6014 0279557 335.5424  83.5397 13.87614194342708
1 39896U 93016BW  18204.30536495 +.00001661 +00000-0 +65052-3 0  9999
2 39896 070.9655 191.4856 0118702 195.3430 164.4089 14.27114129214468
1 39839U 91009DX  18204.21093485 -.00000003 +00000-0 +94798-4 0  9993
2 39839 073.8308 047.3230 0091599 282.3695 076.7113 12.49386871544018
1 40226U 93036BVF 18183.69150668  .00002403  00000-0  24584-3 0  9992
2 40226  74.0761 318.8872 0054034 302.5369 115.8003 14.90091913343928
1 39224U 13035E   18204.93223785 +.00000274 +00000-0 +11358-3 0  9990
2 39224 097.8800 203.9586 0177218 136.7998 224.7243 14.24838462255734
1 40288U 14066C   18204.92933074 +.00000293 +00000-0 +12837-3 0  9999
2 40288 097.9011 201.3960 0189133 111.4494 250.6974 14.20506387193700
1 40481U 95015BZ  18204.73237838 +.00001579 +00000-0 +94306-3 0  9990
2 40481 098.7758 182.5689 0059697 303.5764 055.9714 14.07733559174788
1 40000U 04042D   17363.55183407 -.00000332  00000-0  00000+0 0  9995
2 40000   9.4060  40.1038 0077532 344.5713  15.1779  1.00303233 32417
1 39930U 94029AGD 18199.21916142  .00001121  00000-0  89872-4 0  9995
2 39930  81.5695 170.3986 0105102  94.1298 267.1941 14.94875247664351
1 39873U 93016AX  18204.22793240 +.00002123 +00000-0 +96440-3 0  9997
2 39873 070.4090 061.5430 0120785 004.3959 355.8191 14.19224814213839
1 40490U 95015CD  18203.99704387 +.00000521 +00000-0 +47281-3 0  9991
2 40490 098.7980 131.3308 0177332 077.0126 285.0763 13.80741020169390
1 40121U 08046S   18133.19927598 +.00065491 +00000-0 +60894-2 0  9996
2 40121 064.7855 309.8514 5544437 024.9747 353.9354 04.77883263062929
1 38957U 12044CQ  18204.42597706 +.00017217 +44484-5 +31785-3 0  9992
2 38957 050.0123 353.2181 1782864 000.5711 359.6679 11.97390129233676
1 39876U 93016BA  18204.37427157 +.00001468 +00000-0 +62106-3 0  9990
2 39876 070.9682 217.3040 0123304 212.9453 146.3948 14.23118380214129
1 39342U 10057G   18204.38075400 -.00000079 +00000-0 +14470-2 0  9991
2 39342 020.4730 023.1733 7197290 151.0739 284.6946 02.20572180038501
1 40524U 95015DL  18204.51867531 +.00001672 +00000-0 +54210-3 0  9997
2 40524 098.6193 224.5400 0072512 324.0858 035.5466 14.38812373174738
1 38971U 12044DE  18204.15748262 +.00021444 +49361-5 +39488-3 0  9997
2 38971 050.0802 121.4804 1620943 171.4332 191.8170 12.31858674238950
1 39717U 92093KH  18204.14149666 +.00000088 +00000-0 +88604-4 0  9998
2 39717 070.6902 026.2299 0102298 118.0880 243.0621 13.99556676729936
1 40437U 95015AP  18204.95218611 +.00001794 +00000-0 +80133-3 0  9995
2 40437 098.7528 215.1558 0028712 040.4359 319.8947 14.23735995176004
1 38722U 99025ETP 18204.39758349 +.00000830 +00000-0 +31182-3 0  9999
2 38722 099.3867 066.3814 0248248 268.8257 088.4469 14.19138839449474
1 39883U 93016BH  18204.06820018 +.00001270 +00000-0 +59154-3 0  9997
2 39883 070.9735 351.2477 0135509 307.6360 051.2528 14.17688181783759
1 39792U 97051AAZ 18203.02735328 +.00001693 +00000-0 +91444-3 0  9990
2 39792 086.4366 224.9377 0178142 331.3124 027.8342 14.04423627211888
1 39052U 99057SZ  18204.91508309 +.00000045 +00000-0 +12234-4 0  9994
2 39052 098.7237 260.8835 0065217 334.3694 025.4291 14.88148016309097
1 39600U 10057X   18202.39679145  .00000014  00000-0  34900-3 0  9992
2 39600  20.2359 322.1221 7228885 265.2460  16.9528  2.24490657 38280
1 40468U 95015BL  18204.27471707 +.00000656 +00000-0 +32518-3 0  9991
2 40468 098.7854 213.5548 0016142 016.8798 343.2913 14.20570146174698
1 38812U 99025EVC 18201.68937594 +.00000440 +00000-0 +50451-3 0  9996
2 38812 098.4240 007.4652 0275916 311.8272 105.5280 13.59214923383575
1 39915U 94029AFN 18204.26238052 +.00001227 +00000-0 +44022-4 0  9992
2 39915 082.0056 308.3357 0108243 276.2530 082.6384 15.22268786228710
1 39858U 92093LL  18204.02822139 +.00001363 +00000-0 +36477-3 0  9991
2 39858 070.9468 089.8035 0052093 083.4295 337.7046 14.49309864218113
1 39311U 94029AEW 18204.83257418 +.00000695 +00000-0 +12595-3 0  9999
2 39311 081.4349 243.8660 0232078 115.6873 246.8485 14.48884721269483
1 39699U 91009DN  18203.79335289 -.00000094 +00000-0 -78658-3 0  9997
2 39699 074.0977 347.3813 0145103 122.4397 239.0764 12.16807790189395
1 40406U 95015T   18204.73059334 +.00003376 +00000-0 +13372-2 0  9990
2 40406 098.7395 218.3902 0005352 068.0109 292.1641 14.29544055177077
1 38659U 09072G   18204.18283660 +.00000260 +00000-0 +89003-3 0  9999
2 38659 100.3317 189.1841 0136435 059.4629 000.4917 13.05133647407248
1 40510U 95015CW  18204.19174085 +.00004184 +00000-0 +78433-3 0  9995
2 40510 098.7740 282.9732 0101598 169.6533 190.6790 14.62075375179646
1 39993U 08011DS  18203.84724278 -.00000110 +00000-0 +18024-2 0  9999
2 39993 051.3563 313.8239 6232631 310.8427 009.8922 03.17695437048103
1 39552U 93036BUJ 18203.07516498 +.00000702 +00000-0 +14312-3 0  9992
2 39552 074.0371 350.9941 0037077 122.8098 354.9492 14.62501421248324
1 40564U 95015DX  18204.82465132 +.00001077 +00000-0 +47219-3 0  9996
2 40564 098.7662 221.7028 0033795 063.6287 296.8356 14.25441368171859
1 38828U 99025EVU 18199.12424232  .00001191  00000-0  21798-3 0  9994
2 38828  99.5232 168.7711 0300447 239.1838 117.9465 14.43166395383205
1 39784U 97051AAR 15164.96945914 +.00026349 +00000-0 +69316-2 0  9998
2 39784 086.3833 256.0269 0088362 250.2654 082.3773 14.46628153174917
1 39899U 93016BZ  18204.67540347 +.00000902 +00000-0 +18875-3 0  9991
2 39899 070.9846 324.1279 0006210 117.4756 242.7023 14.62593006754598
1 39842U 92093KU  18204.30851668 +.00002904 +00000-0 +44498-3 0  9998
2 39842 070.9591 069.0130 0043231 118.6910 241.8600 14.73974929806726
1 40229U 93036BVJ 15063.79224105 +.00012258 +00000-0 +18437-2 0  9996
2 40229 074.0119 105.2665 0077273 152.8421 219.3698 14.72486295272406
1 39300U 92093JR  18204.17140182 -.00000014 +00000-0 +21595-4 0  9999
2 39300 071.1233 128.5553 0107319 281.6412 077.2672 13.95495765788275
1 40291U 14066F   18204.90219664 +.00000134 +00000-0 +65599-4 0  9991
2 40291 098.4514 287.8892 0177686 144.6003 216.7125 14.23814178194171
1 39610U 91050S   18204.85241738 +.00001417 +00000-0 +36849-3 0  9993
2 39610 098.3995 163.8196 0027987 112.6675 247.7483 14.50951321235825
1 40328U 14000A   18195.35156922  .00000153  00000-0  00000+0 0  9997
2 40328  70.5505 221.3563 4547321  86.5092 322.7043  2.02602509 34340
1 40493U 95015CG  18204.34087255 +.00002823 +00000-0 +81176-3 0  9990
2 40493 098.6729 240.6029 0060709 270.7681 088.6553 14.44558747176614
1 39537U 99025EWE 18203.82941811 +.00000451 +00000-0 +45754-3 0  9998
2 39537 099.1274 067.4004 0194387 305.6598 052.6588 13.74272191258961
1 40527U 95015DP  18202.77296853  .00000583  00000-0  37006-3 0  9993
2 40527  98.8007 181.4986 0048941 287.4703  72.1120 14.07177130173810
1 38815U 99025EVF 15250.35375413 +.00005697 +00000-0 +12659-2 0  9996
2 38815 099.7063 295.5489 0037512 304.9683 051.8222 14.57074174330314
1 39720U 92093KL  18200.65770646 +.00000200 +00000-0 +73104-4 0  9997
2 39720 070.7910 311.9831 0030152 054.7168 305.6782 14.44323599224064
1 40441U 95015AT  18204.94932765 +.00000324 +00000-0 +19321-3 0  9991
2 40441 098.8118 202.4213 0021978 196.7200 163.3250 14.14005709174942
1 38725U 99025ETS 18203.99974493 +.00000613 +00000-0 +32141-3 0  9992
2 38725 098.9196 269.9326 0049405 125.1335 235.4483 14.17312893349440
1 39886U 93016BL  18204.83101383 +.00000256 +00000-0 +66636-4 0  9999
2 39886 071.0152 020.5458 0065905 284.7908 074.5942 14.58125729803195
1 39796U 97051ABD 16199.35914276 +.00009090 +00000-0 +23995-2 0  9997
2 39796 086.3762 061.6930 0075019 309.1445 048.0273 14.47154394054040
1 40176U 10057AE  18202.39336413 -.00000219  00000-0  26098-2 0  9996
2 40176  19.9829 139.1156 7239090 297.2569 316.5046  2.07880412956809
1 39110U 93036BTZ 18177.02106774 +.00000136 +00000-0 +30490-4 0  9996
2 39110 073.9624 293.5667 0110156 085.9618 033.8049 14.62981785225474
1 40249U 97082J   18204.90334478 +.00000156 +00000-0 +47224-4 0  9993
2 40249 086.3921 086.0017 0002012 102.6984 257.4437 14.35749305200350
1 40471U 95015BP  18204.76248410 +.00000615 +00000-0 +36133-3 0  9994
2 40471 098.8126 195.2961 0024950 266.8382 092.9934 14.11653741173639
1 39987U 08011DL  13077.05278311  .00001228  00000-0  31896-1 0  9992
2 39987  49.2348 248.8653 6407912 195.2470 337.6236  3.07308305  9188
1 39919U 94029AFS 18204.54852735 +.00000291 +00000-0 +65284-4 0  9990
2 39919 081.8561 297.4542 0295067 296.1309 060.9792 14.30865426800149
1 39863U 92093LR  18204.70038082 +.00000918 +00000-0 +53364-3 0  9997
2 39863 070.9838 214.9611 0159536 199.2780 160.2261 14.05084153789255
1 39314U 94029AEZ 18204.44561197 +.00000243 +00000-0 +40217-4 0  9993
2 39314 081.6605 251.7565 0213276 074.6479 287.8173 14.52050392240336
1 39702U 91009DR  18180.59461700 -.00000048  00000-0 -34417-3 0  9996
2 39702  74.2311 149.0683 0187473  44.8390 316.7618 12.14693951204199
1 40409U 95015W   18204.94455831 +.00000217 +00000-0 +12834-3 0  9992
2 40409 098.7846 206.7867 0003904 089.3057 270.8565 14.17646953176198
1 38662U 12029D   18204.11865213 -.00000022 +00000-0 +51126-4 0  9995
2 38662 100.3297 311.9536 0132007 143.5491 217.4700 13.19022511292916
1 40514U 95015DA  18203.95521957 +.00007355 +00000-0 +16767-2 0  9990
2 40514 098.8877 259.0530 0037162 226.2366 133.5752 14.55719819176070
1 39582U 93036BUM 18202.18280490 +.00000839 +00000-0 +17724-3 0  9997
2 39582 074.0209 016.9258 0076545 078.0395 282.9337 14.59158980309344
1 38832U 99025EVY 18204.11713284 +.00000747 +00000-0 +54997-3 0  9996
2 38832 099.2380 169.4997 0097140 218.7865 140.6296 13.96649956260093
1 39787U 97051AAU 18197.31774598  .00000396  00000-0  95762-4 0  9997
2 39787  86.2079  39.8951 0043235  28.0141  97.1186 14.49864095338877
1 40443U 95015AV  18204.03294075 +.00000024 +00000-0 +30617-4 0  9997
2 40443 098.7678 217.0632 0041387 051.1731 309.3130 14.21771439175803
1 39902U 93016CC  18204.90891532 +.00000007 +00000-0 +47484-4 0  9992
2 39902 071.0022 170.3151 0194042 295.9477 095.4506 13.73512796207101
1 39845U 92093KX  16232.85737812 -.00004155  00000-0  00000+0 0  9992
2 39845  70.9753 305.2670 0138961 293.8305  64.8812 14.03248279653422
1 40232U 93036BVM 18204.16194708 +.00001349 +00000-0 +22971-3 0  9994
2 40232 074.1301 009.8393 0032731 343.5669 136.0228 14.69758499204946
1 39303U 92093JU  18202.42239245 +.00000285 +00000-0 +17957-3 0  9992
2 39303 070.9173 215.7495 0062007 166.4968 193.7830 14.11662429244484
1 40448U 95015BA  18204.73761353 +.00000711 +00000-0 +44473-3 0  9994
2 40448 098.8149 185.4795 0045990 299.8663 059.7940 14.07369547176598
1 39905U 93016CF  18204.34128740 +.00001307 +00000-0 +61160-3 0  9997
2 39905 070.9582 189.1925 0129168 239.7877 187.6838 14.17824585213433
1 39848U 92093LA  18123.29382995  .00000963  00000-0  34841-3 0  9998
2 39848  71.2354 103.4168 0054818  36.2579 324.2250 14.35037035739522
1 40235U 93036BVQ 18171.42180649  .00000415  00000-0  12663-3 0  9998
2 40235  74.0276 185.3448 0020087 243.8539 185.2726 14.44934584343238
1 39306U 94029AER 18204.13535129 +.00000328 +00000-0 +71103-4 0  9998
2 39306 081.7672 155.9680 0345610 196.4006 162.5771 14.24649231230373
1 40155U 07003AP  18037.74701839 -.00011797  00000-0 -13987+0 0  9997
2 40155  23.5147 250.0407 7389263  84.1617 349.8413  2.01014245 69435
1 39628U 14014E   18204.75951475 +.00000333 +00000-0 +86152-4 0  9991
2 39628 098.3455 281.0311 0106018 089.3066 272.0276 14.52976149228385
1 40396U 95015H   18204.94826916 -.00000007 +00000-0 +17812-4 0  9993
2 40396 098.7709 208.8492 0016124 035.5449 324.6797 14.18576062176430
1 40496U 95015CK  18202.97523331 +.00001636 +00000-0 +66847-3 0  9999
2 40496 098.7025 210.5062 0044339 062.0000 298.5656 14.28139801174643
1 39541U 99025EWJ 18199.85843853 +.00000218 +00000-0 +13306-3 0  9996
2 39541 098.9724 227.5641 0076087 227.6441 131.8273 14.14672047207295
1 40530U 13057C   18204.60931590 +.00000427 +00000-0 +10518-3 0  9997
2 40530 075.0597 267.5372 0224047 223.0905 135.2531 14.40668464175342
1 38818U 99025EVJ 18204.02250177 +.00000145 +00000-0 +65695-4 0  9997
2 38818 098.5568 283.6615 0095980 208.5266 275.7187 14.33074172285354
1 39723U 92093KP  18138.80231618 +.00000443 +00000-0 +23321-3 0  9992
2 39723 071.0904 192.8971 0059700 068.1902 292.8692 14.18398835668199
1 38728U 99025ETV 18204.90530271 +.00000427 +00000-0 +12287-3 0  9991
2 38728 099.2710 241.5842 0109418 198.5765 287.2036 14.47326723264333
1 39889U 93016BP  18204.23295919 +.00002745 +00000-0 +57950-3 0  9998
2 39889 070.9224 055.6203 0064069 243.2436 116.2144 14.59049226218858
1 39802U 08046P   18200.21148405  .00046016  00000-0  38484-2 0  9992
2 39802  64.8451 286.0443 5654409  14.7817 356.6064  4.61162745 66198
1 40200U 12008K   18203.57605112 -.00000074  00000-0  00000+0 0  9999
2 40200  21.2018  46.2826 6990430  11.2325 358.7146  2.19200875937653
1 39113U 99025EWA 18176.18892759  .00000288  00000-0  19654-3 0  9990
2 39113  99.0239 263.2880 0047124 116.4642 244.1372 14.07168860276641
1 40254U 97082P   18201.90592175 -.00000106 +00000-0 -74343-4 0  9995
2 40254 086.0308 069.6589 0196005 236.6954 121.5317 13.97292241197884
1 40474U 95015BS  18204.41883374 +.00002918 +00000-0 +83099-3 0  9994
2 40474 098.8668 266.1731 0064749 265.3470 094.0322 14.44885092179203
1 39923U 94029AFW 18178.00101427  .00000939  00000-0  38407-3 0  9996
2 39923  82.1494  58.0587 0610318 328.7768  27.8411 13.56642413207365
1 39866U 92093LU  18204.26718840 +.00001205 +00000-0 +48472-3 0  9992
2 39866 071.2879 064.5939 0096924 165.3938 311.8319 14.27475582214872
1 39317U 94029AFC 18204.69024801 +.00001500 +00000-0 +80353-4 0  9991
2 39317 081.9576 100.3497 0066295 118.7760 242.0150 15.12314331872480
1 39996U 08011DV  13298.39350232 -.00000021 +00000-0 +00000-0 0  9990
2 39996 047.3091 262.1861 5848285 187.3597 157.1287 02.93601464871954
1 39707U 92093JX  18204.44994987 +.00000257 +00000-0 +14681-3 0  9995
2 39707 071.1155 129.6851 0107774 291.3345 067.6302 14.15735842220180
1 40412U 95015Z   18204.95015600 +.00000024 +00000-0 +32334-4 0  9997
2 40412 098.7705 210.7220 0020070 032.3659 327.8743 14.19263265176513
1 38674U 06042D   17079.11633425  .00014492  00000-0  23176-3 0  9991
2 38674  39.8992 298.2758 4630707 328.7048  10.5631  6.40021775143916
1 38796U 99025EUL 15071.13344642 +.00013818 +00000-0 +32955-2 0  9996
2 38796 098.9131 206.6190 0067903 266.2018 093.1102 14.52426093236003
1 39585U 93036BUQ 18204.09781196 +.00000058 +00000-0 +20365-4 0  9990
2 39585 074.0439 006.8298 0072270 091.8679 269.0762 14.53223856452653
1 38799U 99025EUP 18204.39946915 +.00000131 +00000-0 +54160-4 0  9997
2 38799 098.6315 277.6639 0211373 087.6282 274.9082 14.30365483253302
1 39588U 93036BUT 18204.81311667 +.00000811 +00000-0 +25559-3 0  9991
2 39588 074.1366 240.2811 0074601 175.3701 306.1164 14.40334331335921
1 40461U 95015BD  18203.94840163 +.00001482 +00000-0 +52890-3 0  9996
2 40461 098.7851 241.8137 0045843 338.2497 021.6740 14.35123411179812
1 39908U 93016CJ  18204.60739677 +.00000177 +00000-0 +10063-3 0  9996
2 39908 071.0036 174.1624 0008846 163.4705 310.0259 14.22737136214626
1 39851U 92093LD  18204.89495450 +.00001715 +00000-0 +69127-3 0  9990
2 39851 071.0916 164.8415 0138725 282.5840 075.9803 14.24272825184930
1 40238U 93036BVT 18204.34579727 +.00000083 +00000-0 +11196-3 0  9999
2 40238 073.9939 211.6834 0580950 339.8284 018.0665 13.17688088372679
1 40165U 10042S   18204.48759449 +.00000056 +00000-0 +21450-1 0  9992
2 40165 027.6768 166.9698 7335070 004.7675 156.2059 01.92867123048170
1 38814U 99025EVE 18175.51048774  .00002781  00000-0  11666-2 0  9997
2 38814  98.3592 280.7544 0114985 124.9145 243.0275 14.23141078450166
1 39692U 91009DF  18202.08551184 +.00000179 +00000-0 +14750-2 0  9999
2 39692 074.0915 245.0098 0103815 286.3804 072.5847 12.37845451192391
1 40399U 95015L   18204.95373746 +.00000493 +00000-0 +26192-3 0  9993
2 40399 098.7824 208.0322 0010277 039.4086 320.7835 14.18023234176289
1 40499U 95015CN  18204.86515224 +.00000690 +00000-0 +35064-3 0  9990
2 40499 098.7711 207.3143 0014093 348.4335 011.6515 14.19135934175538
1 39544U 99025EWM 18204.58143701 -.00000098 +00000-0 -35261-4 0  9994
2 39544 098.9191 117.8735 0055938 341.5854 018.3287 14.02252344231705
1 40533U 13057F   18204.74678204 +.00000417 +00000-0 +99879-4 0  9992
2 40533 074.9262 230.4812 0216291 256.2511 101.4494 14.43042829248554
1 38821U 99025EVM 18178.34931892  .00000703  00000-0  55967-3 0  9996
2 38821  98.5209 221.5011 0125198 192.5970 229.7404 13.90544948298451
1 39726U 92093KS  18204.59455068 -.00000042 +00000-0 +16940-5 0  9999
2 39726 071.1583 294.7419 0124027 320.7761 099.3194 13.90483592216336
1 38784U 99025ETY 18202.32280972  .00001830  00000-0  36534-3 0  9997
2 38784  99.4206 340.6484 0076283 246.5884 143.9095 14.61660018363842
1 39892U 93016BS  18204.51897499 +.00001293 +00000-0 +50449-3 0  9997
2 39892 070.9768 171.2017 0117604 170.3283 190.0152 14.27777917787116
1 39835U 91009DT  18203.43189374  .00000152  00000-0  14787-2 0  9997
2 39835  74.0434 205.0088 0182515  41.0848 320.3769 12.22522159590928
1 40221U 93036BVA 18204.89742326 +.00000854 +00000-0 +12562-3 0  9992
2 40221 073.9063 003.8365 0188836 333.3016 179.5761 14.65954136204317
1 39204U 13035C   18204.76392844 +.00000447 +00000-0 +10380-3 0  9998
2 39204 098.4461 028.2303 0090999 342.0783 017.7213 14.57655621266572
1 38788U 99025EUC 13272.64096877 +.00005550 +00000-0 +15853-2 0  9990
2 38788 097.9457 057.9692 0206911 195.4651 169.0590 14.33690671159943
1 40263U 14059C   18204.88426229 +.00000601 +00000-0 +15281-3 0  9997
2 40263 098.2878 294.2227 0107960 275.0485 083.8394 14.51005688201995
1 40477U 95015BV  18204.82880845 +.00000655 +00000-0 +30713-3 0  9993
2 40477 098.7589 216.2665 0032614 060.8189 299.6246 14.23255209176988
1 39926U 94029AFZ 18204.26127705 +.00000270 +00000-0 +76246-4 0  9996
2 39926 081.8422 044.8249 0320417 339.6423 138.9751 14.17190370757167
1 39869U 93016AT  15134.45870045 +.00010423 +00000-0 +47755-2 0  9991
2 39869 070.9889 171.8267 0125577 181.2004 182.4067 14.17407808562879
1 38792U 99025EUG 18204.44793528 +.00001614 +00000-0 +20356-3 0  9992
2 38792 099.6200 200.8765 0104699 335.4004 024.2228 14.80157901416088
1 39320U 94029AFF 18203.96765695 +.00000338 +00000-0 +87274-4 0  9994
2 39320 081.7629 292.1834 0312656 248.2992 108.4634 14.22793318807607
1 40517U 95015DD  18204.80259745 +.00000742 +00000-0 +34106-3 0  9992
2 40517 098.7482 215.6569 0029593 350.5629 009.4990 14.23977958176098
1 39710U 92093KA  18204.07297075 -.00000056 +00000-0 -57742-5 0  9998
2 39710 071.2208 357.6303 0085066 305.3932 053.9262 14.07937498220754
1 40415U 95015AC  18203.99223465 +.00000140 +00000-0 +90438-4 0  9991
2 40415 098.7842 205.9618 0009180 022.2046 337.9525 14.17699599178177
1 38714U 99025ETF 18202.07619361  .00001767  00000-0  42764-3 0  9991
2 38714  97.9116 143.7013 0221220 114.8682 247.5684 14.40341374404674
1 39713U 92093KD  18186.05707646 +.00000238 +00000-0 +16143-3 0  9996
2 39713 071.1165 326.3157 0090317 160.3272 200.1369 14.07782969216928
1 40431U 95015AH  18204.94992889 +.00001329 +00000-0 +38298-3 0  9993
2 40431 098.7003 251.6046 0096124 244.2266 114.8980 14.43835963178376
1 38717U 99025ETJ 18204.65850786 +.00000487 +00000-0 +32047-3 0  9999
2 38717 099.0288 152.2993 0071844 348.5714 134.5198 14.05463312204030
1 39879U 93016BD  18204.50707354 +.00001428 +00000-0 +63506-3 0  9999
2 39879 070.9841 261.2470 0124417 232.2976 189.4943 14.20571646746673
1 38803U 99025EUT 18204.28744862 +.00000602 +00000-0 +39268-3 0  9992
2 38803 099.0233 147.1550 0085051 037.2951 323.4080 14.04426197474361
1 39591U 93036BUW 18204.26449367 +.00000180 +00000-0 +70728-4 0  9991
2 39591 074.0214 178.8000 0033329 224.7748 196.6026 14.35957133229874
1 40464U 95015BG  18204.67150553 +.00000785 +00000-0 +57727-3 0  9996
2 40464 098.8217 164.6402 0098262 359.3380 000.7638 13.96243373175206
1 38808U 99025EUY 18200.38584391  .00000692  00000-0  23185-3 0  9993
2 38808  98.8204 260.6245 0165110  14.4994 346.0844 14.33249546498528
1 39911U 93016CM  18204.44187174 +.00000049 +00000-0 +88044-4 0  9994
2 39911 070.9980 220.4935 0201040 343.7702 015.7017 13.72099227759358
1 39854U 92093LG  16233.10731759 +.00000171 +00000-0 +11833-3 0  9998
2 39854 071.0187 134.8441 0084717 211.1626 165.3947 14.10543981013595
1 40243U 94029AGK 18202.48721053  .00002903  00000-0  67267-3 0  9995
2 40243  81.9595 227.4011 0385285 249.4032 106.5428 14.17988093690476
1 39695U 91009DJ  14188.70614749 -.00000008 +00000-0 +52396-4 0  9999
2 39695 074.0640 324.1278 0142732 046.6414 314.6408 12.18269099435966
1 40402U 95015P   18204.94883511 +.00000224 +00000-0 +10917-3 0  9993
2 40402 098.7558 210.6726 0161797 115.6302 246.1690 14.20438299176607
1 40502U 95015CR  18203.93843838 +.00003571 +00000-0 +94955-3 0  9992
2 40502 098.7789 256.2540 0075808 230.8542 128.5896 14.47545330176871
1 39547U 93036BUD 18204.10816153 +.00000671 +00000-0 +18938-3 0  9995
2 39547 074.0235 115.8422 0016246 152.1127 270.6984 14.47551885324881
1 40560U 95015DT  18204.96686865 +.00000669 +00000-0 +32176-3 0  9997
2 40560 098.7694 215.4462 0020004 022.5555 337.6498 14.22107419171442
1 38824U 99025EVQ 18204.12073394 +.00000217 +00000-0 +18634-3 0  9999
2 38824 099.3127 259.8214 0122079 030.4587 330.3592 13.94129356313776
1 39779U 97051AAL 18204.46971243 +.00001055 +00000-0 +35283-3 0  9993
2 39779 086.2966 100.3924 0065651 134.9275 350.0134 14.35279001321696
1 38787U 99025EUB 18204.74354260 +.00000454 +00000-0 +45955-3 0  9998
2 38787 098.3315 029.2460 0244759 101.6254 319.7575 13.68685620425842
1 39895U 93016BV  18001.62266389  .00000037  00000-0  58552-4 0  9994
2 39895  70.9891 353.4767 0124527 171.2263 189.1068 13.93798535663807
1 39838U 91009DW  15233.73488094 -.00000266 +00000-0 -25347-2 0  9996
2 39838 074.1171 017.2210 0231481 324.4522 034.1270 12.10069549411918
1 40225U 93036BVE 18199.33812677 +.00000913 +00000-0 +21039-3 0  9990
2 40225 074.0478 069.9344 0015754 122.6186 000.4526 14.56736398202775
1 39214U 13037G   18204.96662715 +.00000033 +00000-0 +14069-4 0  9990
2 39214 097.9971 208.1225 0012030 249.2203 110.7714 14.68411587268069
1 40266U 14059F   18204.51808808 +.00000039 +00000-0 +30664-4 0  9995
2 40266 098.2284 228.4211 0191812 060.0288 301.9779 14.20957092197854
1 40480U 95015BY  18204.71172790 +.00001309 +00000-0 +84906-3 0  9998
2 40480 098.7656 172.7439 0086536 332.4862 027.1738 14.02551896172377
1 39999U 02040F   18192.24222306 -.00000034  00000-0  00000+0 0  9994
2 39999   9.7796  33.0877 0095232  52.2710 315.2644  1.01972184 27260
1 39929U 94029AGC 18204.83057456 +.00000462 +00000-0 +10031-3 0  9999
2 39929 081.9497 027.5632 0294418 252.7794 104.0975 14.33049861243869
1 39872U 93016AW  18204.13789677 +.00000395 +00000-0 +30571-3 0  9997
2 39872 070.9913 107.9622 0146575 004.6606 066.3984 13.93747782210063
1 38795U 99025EUK 18203.36950862 -.00000410  00000-0 -45099-3 0  9997
2 38795  98.7263 260.6650 0528564  45.4050 318.8963 13.20233918428039
1 39323U 94029AFJ 18203.82709686 +.00000339 +00000-0 +59367-4 0  9993
2 39323 081.9911 242.0332 0228195 337.0624 022.0500 14.49686813796145
1 40520U 95015DG  18204.25267616 +.00001070 +00000-0 +44386-3 0  9997
2 40520 098.7617 226.9988 0037548 030.8253 329.5122 14.28268677176361
1 39331U 08011DJ  15295.02076717 +.00000025 +00000-0 +83052-3 0  9999
2 39331 048.7847 218.8898 6477118 182.6866 170.6102 03.16317968023257
1 40523U 95015DK  18204.83714839 +.00000749 +00000-0 +35008-3 0  9991
2 40523 098.7844 220.9060 0023056 039.7157 320.5704 14.23221656173142
1 38961U 12044CU  18204.46847147 +.00014711 +52274-5 +29409-3 0  9990
2 38961 050.0908 219.0526 1746077 090.2845 289.7178 12.04518723230792
1 39716U 92093KG  17048.28844711 +.00000391 +00000-0 +26303-3 0  9994
2 39716 071.1354 019.7223 0102496 224.4094 134.8799 14.04114982646179
1 40436U 95015AN  18204.29370800 +.00000184 +00000-0 +21501-3 0  9996
2 40436 098.8751 117.9147 0234876 187.7366 172.0132 13.68508485169274
1 38721U 99025ETN 18204.40010355 +.00000710 +00000-0 +37308-3 0  9991
2 38721 098.9514 270.5153 0080693 168.8918 191.4060 14.15695588458841
1 39882U 93016BG  18204.42382125 +.00001519 +00000-0 +63906-3 0  9994
2 39882 070.9515 209.7447 0120183 220.3069 211.1922 14.23566605214338
1 39791U 97051AAY 18204.25688837 +.00005466 +00000-0 +16843-2 0  9998
2 39791 086.3635 192.0706 0153321 219.1248 198.5492 14.34725496313919
1 39029U 12072D   18204.85171580 +.00007761 +00000-0 +13321-3 0  9999
2 39029 097.1365 232.6522 0023742 073.0372 287.3481 15.51119865313325
1 39596U 99057TA  18203.10377420 +.00001909 +00000-0 +39403-3 0  9991
2 39596 098.3478 169.6972 0007374 055.7644 304.4254 14.61559194247533
1 40467U 95015BK  18204.73547074 +.00006570 +00000-0 +84107-3 0  9994
2 40467 098.7807 309.9815 0090378 105.5963 255.5243 14.78842401184809
1 38811U 99025EVB 18203.31355992  .00001000  00000-0  52262-3 0  9998
2 38811  99.0628 236.3391 0050625 312.8403  46.8522 14.16134110398541
1 39914U 94029AFM 18203.88443934 +.00000362 +00000-0 +87452-4 0  9998
2 39914 081.3350 255.7753 0439216 097.1867 267.9438 14.04960383211501
1 39857U 92093LK  18184.48228715 +.00000180 +00000-0 +11143-3 0  9996
2 39857 070.9219 224.1611 0066931 310.1949 049.3327 14.16905380514815
1 39310U 94029AEV 18180.65283664 +.00000303 +00000-0 +62999-4 0  9993
2 39310 081.8234 315.3023 0298368 102.5800 260.8926 14.32161467426070
1 39698U 91009DM  18203.51951594  .00000114  00000-0  11560-2 0  9998
2 39698  74.0450 225.9325 0182110  61.6522  12.0833 12.20900006631366
1 40405U 95015S   18204.93051992 +.00000444 +00000-0 +25093-3 0  9990
2 40405 098.8556 202.2115 0136158 203.4409 156.0518 14.10603518175373
1 38658U 09072F   18204.73008197 +.00000129 +00000-0 +50651-3 0  9990
2 38658 100.3763 160.0747 0137189 032.4523 085.4843 13.04902208401641
1 40509U 95015CV  18202.24633985 +.00000127 +00000-0 +80321-4 0  9999
2 40509 098.7836 213.4610 0024837 029.7260 330.5322 14.20012775172522
1 39992U 08011DR  13100.65203905 -.00000194 +00000-0 -78055-2 0  9990
2 39992 049.0269 254.1348 6327428 190.8939 142.1076 03.05273323015108
1 39550U 93036BUG 18202.75076108  .00000469  00000-0  13871-3 0  9992
2 39550  74.1138 230.9869 0116264 188.2177 171.7080 14.42340285279138
1 40563U 95015DW  18204.22617493 +.00000668 +00000-0 +32903-3 0  9997
2 40563 098.7618 209.1134 0026230 094.9292 265.4880 14.20752830173676
1 38827U 99025EVT 18196.94341225 +.00000313 +00000-0 +12249-3 0  9996
2 38827 098.6922 256.9851 0247796 295.7309 061.8478 14.21357038225289
1 39783U 97051AAQ 18202.87368235  .00001310  00000-0  42547-3 0  9997
2 39783  86.1703  47.7810 0067933 164.8552 253.1450 14.36818542331518
1 39898U 93016BY  18185.59641615 +.00002122 +00000-0 +35723-3 0  9996
2 39898 070.9578 285.4285 0049102 093.5332 267.1437 14.70050073733369
1 39841U 92093KT  18202.05460826 +.00001083 +00000-0 +13702-3 0  9990
2 39841 070.7544 097.0149 0045767 287.2193 134.0273 14.83886964223111
1 40228U 93036BVH 18204.61052289 +.00000131 +00000-0 +53299-4 0  9992
2 40228 074.0554 182.7762 0025922 203.6414 275.0515 14.36451651336773
1 39231U 13037H   18204.43035100 +.00000112 +00000-0 +63000-4 0  9990
2 39231 098.1238 076.7600 0255242 320.2368 038.0339 14.11545263252806
1 40290U 14066E   18204.94643873 +.00000423 +00000-0 +10713-3 0  9995
2 40290 097.9357 270.7684 0093944 315.7468 043.6243 14.53190216198107
1 40489U 95015CC  18204.73767519 +.00001039 +00000-0 +64837-3 0  9999
2 40489 098.7879 180.2997 0063303 308.8580 050.6950 14.05990333173933
1 40052U 07029Q   14274.90043103 +.00038187 +00000-0 +35550-1 0  9993
2 40052 071.0609 353.4502 0314450 331.8363 025.6304 13.61881785013396
1 38948U 12044CH  18204.46586684 +.00014399 +52163-5 +29593-3 0  9994
2 38948 050.0689 228.9416 1747960 087.2515 292.6111 12.03765688237130
1 39875U 93016AZ  14200.05863342 +.00003955 +00000-0 +20426-2 0  9997
2 39875 070.9598 097.1391 0139072 304.2127 044.7489 14.10752638505837
1 40327U 02005K   18204.89726412 +.00002068 +00000-0 +47760-3 0  9990
2 40327 086.3865 105.4369 0011724 322.2684 037.7700 14.54781943192501
1 40492U 95015CF  18204.22587862 +.00000722 +00000-0 +33989-3 0  9990
2 40492 098.7716 216.3528 0036046 090.7202 269.8106 14.22686669176337
1 39536U 99025EWD 18204.13691581 +.00000074 +00000-0 +12343-3 0  9997
2 39536 099.7466 170.8538 0253008 279.2296 078.0313 13.63595953249181
1 40526U 95015DN  18204.45585950 +.00000695 +00000-0 +33197-3 0  9999
2 40526 098.7645 213.3172 0037393 095.8369 264.7073 14.22025708175588
1 39719U 92093KK  18204.84834670 +.00000001 +00000-0 +31372-4 0  9998
2 39719 071.2965 265.2801 0099717 313.3600 167.4452 13.95576449217220
1 40439U 95015AR  18204.58890457 +.00008991 +00000-0 +19704-2 0  9991
2 40439 098.9153 254.6420 0015289 088.6299 271.6648 14.57828942178287
1 38724U 99025ETR 18204.05744452 +.00001087 +00000-0 +83635-3 0  9999
2 38724 098.7441 306.7140 0159338 342.2372 017.3255 13.89318594189554
1 39885U 93016BK  18194.70786039  .00000927  00000-0  30973-3 0  9998
2 39885  70.9478 316.2847 0089838  34.5824 326.1108 14.37868254222839
1 39794U 97051ABB 17259.54997174 +.00005591 +00000-0 +59500-3 0  9996
2 39794 086.3565 186.4072 0037937 334.3608 036.2776 14.88231416299505
1 40173U 10057AB  14006.31657601 +.00019769 +00000-0 +18039+0 0  9990
2 40173 022.9885 223.5019 7158557 191.9305 131.3613 02.28429479016405
1 39109U 93036BTY 18204.70120663 +.00000163 +00000-0 +40886-4 0  9993
2 39109 074.0501 339.1546 0072612 056.0795 005.5181 14.57722082257611
1 40248U 97082H   18204.04827887 +.00010454 +00000-0 +10371-2 0  9991
2 40248 085.8456 320.2246 0028724 310.4059 049.4661 14.91352293205635
1 40470U 95015BN  18201.14030557  .00000595  00000-0  38777-3 0  9996
2 40470  98.8323 180.7170 0054178 316.7181  42.9736 14.05530334175974
1 39934U 06006DG  13174.83813748 +.00048935 +00000-0 +11119-1 0  9991
2 39934 051.9938 012.1867 4178105 211.2021 110.7155 06.98403534078417
1 39917U 94029AFQ 18203.82841713 -.00000615 +00000-0 -23233-3 0  9991
2 39917 082.1385 154.7930 0654544 342.1812 015.7305 13.53338112231418
1 39862U 92093LQ  18185.52951216  .00000249  00000-0  71058-4 0  9995
2 39862  70.8360 128.5971 0085195  34.0010 326.6549 14.53272471685621
1 39313U 94029AEY 18204.81659968 +.00001739 +00000-0 +15110-3 0  9991
2 39313 081.7890 239.6908 0106654 281.2846 077.6401 14.92141379279783
1 39701U 91009DQ  18180.18907503  .00000083  00000-0  86159-3 0  9993
2 39701  73.9876 105.4670 0134039  41.8029  26.6163 12.24474619206258
1 40408U 95015V   18204.80713595 +.00011471 +00000-0 +34529-2 0  9998
2 40408 098.7423 231.0388 0026217 279.9973 079.8257 14.42535702177950
1 38661U 12029C   18204.51212597 -.00000019 +00000-0 +57867-4 0  9993
2 38661 100.2568 303.0335 0125469 133.8851 227.2708 13.19174843293004
1 40513U 95015CZ  18204.77518277 +.00000192 +00000-0 +11776-3 0  9999
2 40513 098.7883 205.8722 0008145 103.8846 256.3235 14.16753806174955
1 39995U 08011DU  18200.73784789 -.00000271 +00000-0 -24140-2 0  9994
2 39995 049.2157 270.8064 6498627 068.2778 001.8070 03.08481613070942
1 39554U 93036BUL 18204.01505539 +.00000676 +00000-0 +16583-3 0  9995
2 39554 074.0361 052.4991 0021913 147.1995 008.7580 14.54197717248728
1 38831U 99025EVX 17123.79508164 +.00000448 +00000-0 +31362-3 0  9996
2 38831 099.2328 119.6423 0059276 193.9694 291.5662 14.02916298440577
1 39786U 97051AAT 18200.47841705 +.00002130 +00000-0 +38127-3 0  9992
2 39786 086.3698 085.0158 0009224 093.6102 025.2004 14.66376506220001
1 40442U 95015AU  18204.19848344 -.00000002 +00000-0 +22049-4 0  9994
2 40442 098.8027 201.6181 0011066 173.5276 186.6042 14.14179330174961
1 39901U 93016CB  18204.06448916 +.00000944 +00000-0 +50101-3 0  9991
2 39901 070.9740 090.9103 0153135 014.1393 346.3939 14.10273697212857
1 39844U 92093KW  18203.87684383 +.00000955 +00000-0 +38080-3 0  9993
2 39844 070.6546 028.1713 0045727 051.1884 309.3313 14.30664117215982
1 40231U 93036BVL 18204.27690984 +.00001598 +00000-0 +16535-3 0  9997
2 40231 074.0126 155.5784 0064860 228.2161 131.3468 14.89521107208401
1 39302U 92093JT  18200.01887995 -.00000067  00000-0 -99434-5 0  9997
2 39302  70.9704 320.7066 0156158  26.1863  93.6854 14.09787391698144
1 40327U 02005K   18203.79673288 +.00002112 +00000-0 +48770-3 0  9992
2 40327 086.3862 105.9137 0012152 325.4194 034.6222 14.54777692192346
1 40492U 95015CF  18202.81929313 +.00000737 +00000-0 +34654-3 0  9990
2 40492 098.7717 214.9522 0036043 094.4499 266.0797 14.22684627174236
1 39878U 93016BC  18198.24134109 +.00001097 +00000-0 +54760-3 0  9997
2 39878 070.9837 045.1959 0141506 341.8398 022.5389 14.13951823040085
1 39536U 99025EWD 18197.16648832  .00000080  00000-0  13021-3 0  9993
2 39536  99.7457 163.8620 0253514 297.0322  60.5149 13.63594883248234
