1 36062U 93036AXZ 18179.22378300  .00270367  00000-0  13393-2 0  9995
2 36062  73.9009 260.4009 0011627 350.3571   9.7432 15.81106892504880
1 36064U 93036AYB 18204.42175620 +.00000961 +00000-0 +29213-3 0  9998
2 36064 073.8440 115.3805 0066994 188.3312 171.6737 14.42285058465556
1 36065U 93036AYC 10040.58142306 +.00003896 +00000-0 +27252-3 0  9992
2 36065 074.0137 012.2459 0221708 170.6541 189.4362 14.87854867037732
1 36067U 93036AYE 18203.98937657 +.00001278 +00000-0 +28572-3 0  9996
2 36067 074.0130 082.8198 0014207 089.2211 271.0581 14.57731451480860
1 36069U 93036AYG 18204.76515283 +.00010957 +00000-0 +35364-3 0  9993
2 36069 074.0161 357.2319 0031057 032.4971 327.8136 15.31715113482650
1 36070U 93036AYH 18204.83182278 +.00002815 +00000-0 +39406-3 0  9992
2 36070 074.0245 350.9374 0009726 030.8385 329.3359 14.78035010471940
1 36071U 93036AYJ 18204.49618195 +.00000927 +00000-0 +25565-3 0  9990
2 36071 074.0354 137.4708 0032447 146.5060 213.8160 14.47939826255730
1 36073U 93036AYL 18204.69087007 +.00000042 +00000-0 +25122-4 0  9994
2 36073 074.0303 213.3102 0026879 218.8210 141.1011 14.32070233465205
1 36074U 93036AYM 18200.56658784 +.00000336 +00000-0 +13756-3 0  9998
2 36074 073.9953 256.6286 0056949 254.4729 105.0128 14.30158753471713
1 36076U 93036AYP 18204.70822724 +.00001666 +00000-0 +30355-3 0  9998
2 36076 073.8399 324.3753 0044683 002.6921 357.4478 14.66302137471367
1 36077U 93036AYQ 18204.24514895 +.00000919 +00000-0 +11457-3 0  9997
2 36077 073.9819 161.0488 0084397 268.6912 090.4595 14.81719596209054
1 36078U 93036AYR 12197.44451740 +.00014268 +00000-0 +39591-2 0  9994
2 36078 074.0235 233.9240 0018245 052.7783 006.5396 14.46445448161362
1 36079U 93036AYS 18204.51474087 +.00002848 +00000-0 +23309-3 0  9999
2 36079 074.0498 148.2128 0043010 186.6454 173.4169 14.99135484476902
1 36080U 97051VM  18204.94051163 +.00000316 +00000-0 +99060-4 0  9991
2 36080 086.3226 089.4095 0021183 045.6622 314.6307 14.37286011085854
1 36081U 97051VN  18204.94168577 +.00001303 +00000-0 +37751-3 0  9995
2 36081 086.2352 071.8887 0069512 108.7530 252.1229 14.42302725233205
1 36083U 97051VQ  18204.45884638 +.00000345 +00000-0 +11335-3 0  9991
2 36083 086.3478 103.7641 0032064 070.2577 290.2073 14.35047840467919
1 36090U 09061C   18204.80343417 +.00000523 +00000-0 +11478-3 0  9993
2 36090 098.1183 264.1934 0081565 165.9063 259.8939 14.59660267461051
1 36091U 09061D   18204.84351144 +.00000590 +00000-0 +12161-3 0  9998
2 36091 098.0984 163.0860 0074589 067.0776 323.4090 14.62360356461524
1 36092U 09061E   18204.87280091 +.00000271 +00000-0 +11251-3 0  9999
2 36092 098.4787 179.5407 0148659 221.8916 166.6573 14.28449011452278
1 36093U 09061F   18204.63024716 +.00000283 +00000-0 +11087-3 0  9994
2 36093 098.0749 066.8802 0149686 124.3688 237.1758 14.30011723452530
1 36100U 09057F   18204.06137585 +.00000760 +00000-0 +38059-3 0  9992
2 36100 098.6947 249.7819 0011352 169.3245 190.8174 14.19590202449513
1 36136U 99025DRH 15288.56023627  .00003279  00000-0  97012-3 0  9992
2 36136  98.9861  62.0845 0059846 110.4589 250.3525 14.42432117351535
1 36137U 99025DRJ 13356.75518735  .00018457  00000-0  53591-2 0  9994
2 36137  98.9376  91.9417 0074479 191.4159 323.2091 14.42748185256047
1 36138U 99025DRK 18204.68119001 +.00001356 +00000-0 +52023-3 0  9997
2 36138 099.1666 026.1638 0049617 177.4870 182.6570 14.31644902486873
1 36139U 99025DRL 18176.71483337  .00001404  00000-0  83559-3 0  9998
2 36139  97.9417 346.0930 0146248 223.8882 135.0595 14.03553350474196
1 36140U 99025DRM 18204.04960741 +.00001440 +00000-0 +21546-3 0  9995
2 36140 098.4159 287.6546 0184637 215.9572 270.3864 14.65576988496514
1 36141U 99025DRN 18204.34806953 +.00000864 +00000-0 +55063-3 0  9993
2 36141 098.5024 253.8108 0143649 322.4447 036.6753 14.01177983260891
1 36142U 99025DRP 18184.89261483  .00000523  00000-0  50769-3 0  9994
2 36142  98.4051  50.5981 0233509 117.0452 245.4737 13.71682260528592
1 36143U 99025DRQ 11048.59191816 +.00007902 +00000-0 +14513-2 0  9990
2 36143 098.3747 350.8563 0356794 341.8646 208.5238 14.32171721167396
1 36144U 99025DRR 11137.82219721 +.00002562 +00000-0 +18509-2 0  9998
2 36144 098.4101 002.7417 0142059 027.5362 333.2025 13.92717076110418
1 36145U 99025DRS 10129.93478077 +.00002245 +00000-0 +81840-3 0  9999
2 36145 098.9861 176.8643 0091005 066.2910 294.7788 14.31828427091337
1 36146U 99025DRT 11190.40338611 +.00003399 +00000-0 +78684-3 0  9993
2 36146 097.8622 054.7248 0245824 123.0051 248.6603 14.38775231172193
1 36147U 99025DRU 18200.46774755 +.00000328 +00000-0 +36765-3 0  9995
2 36147 098.5351 288.4100 0463705 302.0123 053.6743 13.38582927237696
1 36148U 99025DRV 18204.22917969 -.00000051 +00000-0 -12978-4 0  9996
2 36148 098.4239 357.3334 0341683 004.8695 355.5638 13.62559361533180
1 36149U 99025DRW 18204.18160197 +.00000573 +00000-0 +30260-3 0  9995
2 36149 099.6191 187.2083 0032911 089.8620 270.6324 14.18108547522459
1 36150U 99025DRX 14266.19014319 +.00001193 +00000-0 +98765-3 0  9999
2 36150 098.1781 253.4688 0272558 076.6532 286.5023 13.74565438347933
1 36152U 99025DRZ 18204.30279038 +.00000063 +00000-0 +62107-4 0  9998
2 36152 098.9645 244.5297 0059948 277.2445 082.1912 14.08177485562897
1 36153U 99025DSA 18203.64719515 +.00000536 +00000-0 +23927-3 0  9995
2 36153 098.7635 259.4679 0048028 074.8023 078.4751 14.26217336485516
1 36154U 99025DSB 18204.06325411 +.00000971 +00000-0 +70162-3 0  9997
2 36154 097.7175 138.6611 0321166 164.3553 258.2820 13.76396071485770
1 36155U 99025DSC 18186.26499771 +.00000565 +00000-0 +30670-3 0  9999
2 36155 099.0405 203.8812 0025837 252.4496 107.3854 14.16376692256051
1 36156U 99025DSD 18203.37115833 +.00000599 +00000-0 +25583-3 0  9990
2 36156 098.7975 263.1186 0052388 069.1524 352.5246 14.27963066260782
1 36159U 99025DSG 18204.85810717 +.00001968 +00000-0 +17577-3 0  9995
2 36159 099.5096 076.0942 0266330 066.2845 296.6057 14.74157140289809
1 36160U 99025DSH 18200.87473553  .00000008  00000-0  23266-4 0  9995
2 36160  98.1685 238.7789 0139373  26.4863 334.3346 14.10699977539943
1 36161U 99025DSJ 11303.31866844 +.00003804 +00000-0 +91825-3 0  9993
2 36161 097.7173 129.3058 0232038 136.6413 225.3639 14.38552753207308
1 36162U 99025DSK 18204.49094395 +.00001080 +00000-0 +74709-3 0  9990
2 36162 097.6434 107.1903 0326974 122.3778 240.9467 13.77640385533495
1 36163U 99025DSL 18201.99025284  .00001357  00000-0  70565-3 0  9997
2 36163  99.0760 277.9769 0077183 276.3402  82.8984 14.14923120508389
1 36165U 99025DSN 11012.67006549 +.00001336 +00000-0 +93657-3 0  9994
2 36165 098.0085 183.4237 0204325 328.0288 030.8547 13.90233081161115
1 36166U 99025DSP 18170.63358916  .00000462  00000-0  44547-3 0  9994
2 36166  97.5707 324.9572 0367407 152.9693 209.1120 13.56761292519971
1 36167U 99025DSQ 18204.13742505 +.00000321 +00000-0 +12303-3 0  9998
2 36167 098.8415 336.3589 0084223 306.9215 052.4274 14.35647447499508
1 36169U 99025DSS 18204.74728817 +.00002869 +00000-0 +33022-3 0  9997
2 36169 098.0004 024.1543 0109462 045.4259 315.5824 14.82296476563414
1 36170U 99025DST 18204.66692686 +.00000513 +00000-0 +40679-3 0  9994
2 36170 097.9966 005.2644 0134605 359.0101 001.0776 13.90911418521279
1 36172U 99025DSV 18202.28077604  .00000664  00000-0  54996-3 0  9993
2 36172  98.1516  19.5050 0220522 175.6213 184.6942 13.81057253527013
1 36173U 99025DSW 18176.54647537  .00000140  00000-0  74375-4 0  9994
2 36173  98.2726 284.7331 0153778 268.8538  89.5019 14.21243919548099
1 36177U 99025DTA 18204.94638196 +.00000330 +00000-0 +20715-3 0  9994
2 36177 098.8811 263.3399 0041881 327.5473 032.3124 14.10824279259491
1 36180U 99025DTD 18152.19519295  .00000087  00000-0  53132-4 0  9994
2 36180  98.3949 308.0853 0231133  34.4529 327.1386 14.13272963533402
1 36181U 99025DTE 18204.39004621 +.00001652 +00000-0 +39971-3 0  9990
2 36181 098.9365 059.0024 0054068 225.7043 133.9711 14.53691787502639
1 36182U 99025DTF 18204.87064032 +.00000625 +00000-0 +31414-3 0  9999
2 36182 099.1337 349.6031 0025288 244.4037 115.4524 14.20142319496603
1 36184U 99025DTH 18204.53398591 +.00000468 +00000-0 +33227-3 0  9993
2 36184 098.6463 316.4592 0140533 339.3099 020.2410 13.97573129526685
1 36186U 99025DTK 18204.42878650 +.00001086 +00000-0 +52844-3 0  9995
2 36186 099.0239 274.8107 0056906 283.8869 133.7764 14.19541706496151
1 36188U 99025DTM 18204.12068673 +.00000550 +00000-0 +22832-3 0  9999
2 36188 098.7534 256.6368 0078965 024.2384 336.2480 14.28763067497660
1 36189U 99025DTN 12036.06851140 +.00002808 +00000-0 +88705-3 0  9998
2 36189 098.9616 121.3044 0096676 332.4048 025.8088 14.38444906200063
1 36190U 99025DTP 18204.40051019 +.00000470 +00000-0 +22778-3 0  9999
2 36190 098.8274 260.0221 0047697 143.5133 275.5165 14.22591021263105
1 36191U 99025DTQ 13288.07624279 +.00009348 +00000-0 +25727-2 0  9993
2 36191 098.9631 032.7587 0078303 005.0034 014.3805 14.45339165248739
1 36192U 99025DTR 18200.59123970  .00002123  00000-0  42787-3 0  9992
2 36192  98.7442 332.4069 0147745 208.3561 150.9538 14.55999744576058
1 36194U 99025DTT 18153.02991968 +.00007218 +00000-0 +10145-2 0  9991
2 36194 099.0324 089.9399 0028089 312.9967 046.8886 14.77469740548469
1 36196U 99025DTV 18204.43300600 +.00000554 +00000-0 +31612-3 0  9991
2 36196 099.0330 284.7842 0039524 320.2121 039.6154 14.13549297264038
1 36197U 99025DTW 18202.92004421 +.00000416 +00000-0 +24369-3 0  9994
2 36197 098.9177 261.7324 0061965 334.5850 025.2278 14.12784549233929
1 36198U 99025DTX 18204.82552588 +.00000054 +00000-0 +64900-4 0  9992
2 36198 098.6805 334.5100 0105110 087.9172 273.4024 13.96698227258249
1 36199U 99025DTY 18204.02328631 +.00000061 +00000-0 +41067-4 0  9992
2 36199 098.6095 277.4295 0097373 078.1003 283.1076 14.26297623554329
1 36200U 99025DTZ 18204.76426666 +.00001040 +00000-0 +54931-3 0  9994
2 36200 099.4200 048.8706 0067360 123.7659 236.9954 14.15079017514378
1 36203U 99025DUC 18204.79250491 +.00000350 +00000-0 +89562-4 0  9993
2 36203 099.1564 210.8839 0127220 048.9719 312.2389 14.52901261514990
1 36204U 99025DUD 18204.46070624 +.00000491 +00000-0 +24333-3 0  9996
2 36204 099.2981 096.4095 0022577 310.0720 049.8476 14.22078553559660
1 36205U 99025DUE 11295.45276802 +.00001375 +00000-0 +74992-3 0  9993
2 36205 099.4200 034.7726 0093380 264.4067 094.5786 14.11790677211403
1 36206U 99025DUF 18203.40558977  .00000122  00000-0  83712-4 0  9991
2 36206  98.7663 269.5648 0032617 222.6843 137.1796 14.15930683549501
1 36207U 99025DUG 18202.94346082 +.00000816 +00000-0 +64809-3 0  9997
2 36207 098.5876 244.1446 0165315 216.7099 142.2644 13.87696680223906
1 36209U 99025DUJ 13099.82431060 +.00002928 +00000-0 +20441-2 0  9995
2 36209 098.9594 043.4199 0085947 352.7301 031.1569 13.97556870232980
1 36211U 99025DUL 18204.33760902 +.00000118 +00000-0 +53116-4 0  9993
2 36211 098.6729 249.7700 0293122 135.2901 227.2313 14.17878744560614
1 36214U 99025DUP 18203.47921134  .00000950  00000-0  44986-3 0  9994
2 36214  99.0492 296.9635 0062010 167.6971 192.5736 14.21099628541316
1 36216U 99025DUR 18204.88138714 +.00000109 +00000-0 +77347-4 0  9990
2 36216 098.8944 234.0800 0046764 179.8188 180.3010 14.15703561261610
1 36217U 99025DUS 12115.81362206 -.00146116 +00000-0 -35315-1 0  9991
2 36217 099.0939 243.0267 0145269 137.5089 224.4337 14.47705461181288
1 36218U 99025DUT 18204.30902470 +.00000386 +00000-0 +11160-3 0  9994
2 36218 099.0461 149.6544 0107774 131.5981 229.4506 14.47431121519324
1 36219U 99025DUU 11314.51712922 +.00011233 +00000-0 +32465-2 0  9997
2 36219 099.0425 054.6491 0138383 256.1791 102.4738 14.39267131171335
1 36222U 99025DUX 18204.94125267 +.00000386 +00000-0 +17990-3 0  9997
2 36222 098.7470 256.5650 0060623 074.7135 286.0735 14.25122839265679
1 36223U 99025DUY 18204.33436377 +.00001234 +00000-0 +66740-3 0  9998
2 36223 098.3647 242.5476 0132197 155.8525 204.8921 14.09823886549822
1 36224U 99025DUZ 18203.23049213 +.00000017 +00000-0 +32233-4 0  9995
2 36224 099.1007 214.8688 0117368 053.2700 307.9181 14.11608527263235
1 36225U 99025DVA 18204.43917222 +.00000508 +00000-0 +11956-3 0  9996
2 36225 098.8443 085.6390 0112773 344.2597 015.5103 14.55504231272525
1 36226U 99025DVB 18203.34091452  .00000148  00000-0  12293-3 0  9999
2 36226  98.6370 338.3018 0108173  36.5570 324.2917 13.99547664507369
1 36228U 99025DVD 18204.71090479 +.00000907 +00000-0 +26349-3 0  9991
2 36228 099.2970 176.7803 0131532 161.0941 199.5197 14.42210557265092
1 36229U 99025DVE 18204.30930851 +.00000754 +00000-0 +57710-3 0  9990
2 36229 100.9155 241.8742 0124843 233.3480 187.9521 13.93982222545916
1 36230U 99025DVF 18181.35506841  .00000374  00000-0  42282-3 0  9995
2 36230  99.6470 231.7430 0227252 319.8531  38.6012 13.66777164532571
1 36231U 99025DVG 18204.35994310 -.00000049 +00000-0 -40452-5 0  9994
2 36231 098.7181 245.6572 0062847 093.8997 266.9363 14.10803417474722
1 36232U 99025DVH 18204.92252834 -.00000060 +00000-0 -94678-5 0  9998
2 36232 098.7743 242.6243 0122816 130.2900 230.9083 14.09772329236891
1 36234U 99025DVK 18185.13782805  .00000121  00000-0  20113-3 0  9994
2 36234  98.9827 142.2984 0317541  41.2639 322.2668 13.44090010514123
1 36236U 99025DVM 18166.20283483  .00000033  00000-0  63674-4 0  9993
2 36236  98.8543 318.8704 0153438 139.7449 221.5186 13.80254150494967
1 36237U 99025DVN 18202.46983948 +.00002001 +00000-0 +38932-3 0  9991
2 36237 098.9268 087.6936 0058482 149.5260 210.9359 14.63303867199861
1 36238U 99025DVP 18204.58507895 -.00000037 +00000-0 +30365-5 0  9992
2 36238 098.6980 251.1063 0022281 060.1624 300.1759 14.11687576489301
1 36240U 99025DVR 11019.03930629 +.00002692 +00000-0 +74312-3 0  9993
2 36240 099.3841 106.8314 0365396 101.4675 257.3222 14.14911744114690
1 36241U 99025DVS 18203.21041725  .00001783  00000-0  10779-3 0  9993
2 36241  98.3230 353.9224 0184388 357.8059   2.2333 14.99133207510233
1 36242U 99025DVT 18162.08746819  .00000231  00000-0  16806-3 0  9993
2 36242  98.1552 106.7398 0068814 263.5705  95.7625 14.03544422548301
1 36243U 99025DVU 18204.79937020 +.00000840 +00000-0 +91905-4 0  9995
2 36243 099.2261 054.8739 0146790 012.7830 347.7038 14.83980916275727
1 36244U 99025DVV 18204.15168889 +.00000342 +00000-0 +21396-3 0  9998
2 36244 098.9873 277.0038 0059905 018.4498 341.8826 14.10389972538994
1 36246U 99025DVX 11280.44747633 +.00000673 +00000-0 +39647-3 0  9994
2 36246 099.0174 275.0128 0133011 273.8003 076.1936 14.07157088274512
1 36247U 99025DVY 18203.97963333 +.00000079 +00000-0 +41029-4 0  9990
2 36247 098.5801 272.2489 0203408 079.9164 282.4898 14.27329694317056
1 36248U 99025DVZ 18198.42437869 +.00000887 +00000-0 +69350-3 0  9997
2 36248 098.1424 014.0739 0215787 166.6974 194.0000 13.83899407245003
1 36250U 99025DWB 13085.57901125 +.00013307 +00000-0 +37280-2 0  9994
2 36250 099.1267 213.7682 0084089 190.6674 168.9664 14.44115645212777
1 36254U 99025DWF 18203.34354637 +.00000773 +00000-0 +18381-3 0  9995
2 36254 099.5849 048.8607 0122273 264.8236 093.8992 14.53146919212645
1 36255U 99025DWG 18203.27324368 +.00000382 +00000-0 +17180-3 0  9998
2 36255 099.4973 213.1727 0072657 331.1079 084.4980 14.27474431516112
1 36257U 99025DWJ 18204.72931925 +.00001252 +00000-0 +47015-3 0  9991
2 36257 099.1219 022.7592 0022964 286.7211 073.1451 14.33398333493527
1 36258U 99025DWK 18204.02802367 +.00000157 +00000-0 +33176-4 0  9999
2 36258 099.0508 277.0462 0207627 132.7216 229.1671 14.62347247514975
1 36259U 99025DWL 18203.37043032  .00000491  00000-0  22922-3 0  9990
2 36259  98.8612 249.0730 0001666 303.8601 113.8526 14.24998547497555
1 36260U 99025DWM 18204.29970101 -.00000009 +00000-0 +18670-4 0  9992
2 36260 098.8397 232.6813 0016998 034.0915 326.1346 14.13803143497657
1 36261U 99025DWN 18143.79676173  .00000052  00000-0  12894-3 0  9990
2 36261 101.3983 357.8701 0361632 333.5932  24.7152 13.43073551473620
1 36262U 99025DWP 18204.55549951 +.00000074 +00000-0 +50295-4 0  9998
2 36262 098.9292 329.0838 0064033 128.8941 231.7972 14.24740807510387
1 36263U 99025DWQ 18204.06529800 +.00000621 +00000-0 +28955-3 0  9991
2 36263 098.9511 315.0836 0051011 167.9682 192.2727 14.23489201495538
1 36265U 99025DWS 11139.42886204 +.00007978 +00000-0 +11728-2 0  9998
2 36265 099.4825 014.4538 0201480 238.6911 118.0926 14.62900854125353
1 36266U 99025DWT 18203.23811288 +.00000532 +00000-0 +34243-3 0  9994
2 36266 098.9127 123.4747 0072278 346.1200 013.7981 14.06122451229032
1 36267U 99025DWU 18204.21765265 +.00000350 +00000-0 +24406-3 0  9995
2 36267 098.5540 294.1408 0152779 245.7650 145.3763 13.99184468487073
1 36269U 99025DWW 18204.26057177 +.00000123 +00000-0 +60990-4 0  9995
2 36269 099.2255 011.9976 0260160 046.7932 315.4654 14.18161109493959
1 36270U 99025DWX 18204.56416417 +.00000808 +00000-0 +43768-3 0  9999
2 36270 099.0520 253.3975 0072370 241.3346 118.0536 14.14113305538565
1 36271U 99025DWY 18204.27530220 +.00000763 +00000-0 +37210-3 0  9992
2 36271 099.1028 226.8980 0106569 063.8971 297.3124 14.18221635220674
1 36272U 99025DWZ 18202.19973407  .00000139  00000-0  86219-4 0  9991
2 36272  99.0859 324.1870 0176125 311.6155  47.0041 14.13084604507268
1 36273U 99025DXA 18199.17304944  .00000042  00000-0  47491-4 0  9991
2 36273  99.6382 186.5389 0099139 295.7350  63.3612 14.13592666539834
1 36274U 99025DXB 18204.21786782 +.00000983 +00000-0 +65246-3 0  9999
2 36274 099.1880 195.8960 0075786 190.6852 228.2400 14.02421485249915
1 36278U 99025DXF 18199.22969912  .00000061  00000-0  56363-4 0  9993
2 36278  99.2427 354.0837 0063214 338.0268  21.8195 14.13719957554420
1 36279U 99025DXG 18204.94540776 -.00000045 +00000-0 -86736-6 0  9996
2 36279 098.6963 259.6546 0062303 224.3783 135.2388 14.13493115509040
1 36280U 99025DXH 18204.36268784 +.00000395 +00000-0 +27689-3 0  9995
2 36280 099.0125 250.5909 0068445 051.2989 008.3121 14.02967284485261
1 36281U 99025DXJ 18204.62014114 -.00000226 +00000-0 -22129-3 0  9990
2 36281 099.2592 270.7439 0328745 096.5591 267.3073 13.47600378480643
1 36283U 99025DXL 18204.42384097 +.00000432 +00000-0 +86410-4 0  9991
2 36283 099.4470 068.2286 0144361 029.5326 331.3928 14.62023927269849
1 36289U 08053K   18204.15738453 +.00000487 +00000-0 +49849-4 0  9992
2 36289 097.7016 184.3006 0012901 303.9909 056.0085 14.94895046516521
1 36290U 08053L   18204.74134125 -.00000255 +00000-0 -16389-4 0  9993
2 36290 097.6290 188.6872 0019774 264.0457 095.8512 14.98289180296277
1 36291U 08056G   18204.94568286 +.00000013 +00000-0 +30513-4 0  9993
2 36291 098.4065 019.1747 0175269 312.6545 045.9963 14.02873136491465
1 36292U 08056H   18204.81598124 +.00000199 +00000-0 +14370-3 0  9991
2 36292 098.5782 064.5180 0164710 031.5852 329.5074 14.00356830495570
1 36293U 01049QN  11360.11946871 +.00006660 +00000-0 +10944-2 0  9993
2 36293 097.8436 224.6670 0115746 126.8097 224.4155 14.66525754253419
1 36294U 00033E   11155.37890151 -.00010230 +00000-0 -19214-2 0  9994
2 36294 098.2991 206.5319 0016321 128.4357 231.6048 14.64487700179454
1 36304U 99057SV  18204.22299510 +.00000651 +00000-0 +14577-3 0  9990
2 36304 098.7876 210.3661 0060053 273.0200 086.4127 14.59354534755132
1 36317U 99057SW  12262.82654397 +.00008310 +00000-0 +23171-2 0  9995
2 36317 098.2292 239.0088 0008866 057.8207 300.5862 14.46498096205182
1 36366U 93036AYT 18204.93942171 +.00000196 +00000-0 +10379-3 0  9995
2 36366 074.0719 057.5495 0113473 032.7384 328.0724 14.16531391479577
1 36367U 93036AYU 18203.60082341 -.00000174 +00000-0 -11170-3 0  9991
2 36367 074.0956 063.5938 0287716 058.6772 304.2173 13.78280410455219
1 36368U 93036AYV 18204.90453064 +.00000906 +00000-0 +44354-3 0  9991
2 36368 074.1610 173.4368 0148341 055.5814 305.9247 14.13577261449103
1 36369U 93036AYW 18204.07982880 +.00000439 +00000-0 +12911-3 0  9998
2 36369 074.0425 119.0700 0027542 163.5862 196.6195 14.46412176468034
1 36371U 93036AYY 18204.26071407 +.00000572 +00000-0 +18654-3 0  9994
2 36371 074.0258 174.2007 0021774 156.6736 203.5413 14.40761694465256
1 36372U 93036AYZ 18204.34681314 +.00001291 +00000-0 +39149-3 0  9999
2 36372 074.0124 198.4929 0046360 189.8700 170.1551 14.42647716265640
1 36375U 93036AZC 18204.89422841 +.00001166 +00000-0 +24472-3 0  9994
2 36375 074.0474 040.4278 0016732 095.1978 265.1098 14.60735025483273
1 36378U 93036AZF 18204.19008305 +.00000481 +00000-0 +56533-4 0  9998
2 36378 074.0599 154.3905 0086580 198.4804 161.3226 14.85535608473999
1 36379U 93036AZG 18204.36354433 +.00000118 +00000-0 +52846-4 0  9994
2 36379 074.0120 207.6621 0050307 256.2242 166.7768 14.32271820484799
1 36380U 93036AZH 18204.06596598 +.00017440 +00000-0 +66881-3 0  9992
2 36380 073.9711 109.2067 0012181 206.9647 153.0922 15.26402498478778
1 36381U 93036AZJ 18204.39718782 +.00001098 +00000-0 +34865-3 0  9999
2 36381 074.0238 220.0433 0053037 207.5187 152.3159 14.40379156460397
1 36383U 93036AZL 13296.83179861  .00008729  00000-0  24920-2 0  9993
2 36383  73.8221 100.1751 0170930 139.0065 226.7337 14.37040104210981
1 36384U 93036AZM 18204.12178142 +.00000936 +00000-0 +24377-3 0  9990
2 36384 074.0308 112.5586 0017271 126.0810 234.1953 14.50865407477861
1 36385U 93036AZN 18204.89520305 +.00000542 +00000-0 +13761-3 0  9995
2 36385 073.9863 177.7370 0225435 263.3444 094.2009 14.39433507460690
1 36387U 93036AZQ 18204.78929491 +.00001160 +00000-0 +37448-3 0  9999
2 36387 073.9998 224.0598 0061428 238.6033 245.9350 14.39243093458856
1 36388U 93036AZR 13077.20668407 -.00000040 +00000-0 +00000-0 0  9995
2 36388 073.9593 030.2761 0101647 288.4450 070.6169 14.73089513187652
1 36390U 97051VU  18204.31983277 +.00000220 +00000-0 +50909-4 0  9999
2 36390 086.3002 057.7998 0044983 272.5743 087.0313 14.49876681270011
1 36419U 93036AZS 18204.45978061 +.00000888 +00000-0 +32413-3 0  9999
2 36419 073.8480 237.9448 0107009 337.4583 022.1882 14.31427250470825
1 36420U 93036AZT 18197.37627581  .00000039  00000-0  23137-4 0  9993
2 36420  74.0359 198.0929 0019987 232.2264 194.7470 14.34790822463283
1 36422U 93036AZV 18204.50457618 +.00000687 +00000-0 +93433-4 0  9996
2 36422 074.0089 237.1489 0115799 062.7027 298.5882 14.76401239487409
1 36423U 93036AZW 18186.22005293 +.00001415 +00000-0 +53362-3 0  9999
2 36423 073.8187 143.0509 0305638 271.8883 090.7683 14.09730659457708
1 36424U 93036AZX 18204.56866741 +.00000728 +00000-0 +29286-3 0  9995
2 36424 074.1834 049.6034 0101606 252.3534 106.6500 14.27079606452104
1 36430U 93036BAD 18203.60505928 +.00000074 +00000-0 +42066-4 0  9999
2 36430 074.0079 302.1193 0103415 355.9753 004.0548 14.23091195261123
1 36432U 93036BAF 18204.02954559 +.00005875 +00000-0 +34539-3 0  9995
2 36432 073.7127 347.2065 0040376 062.3148 298.2130 15.11228418469522
1 36434U 93036BAH 13228.56050817 +.00003568 +00000-0 +13066-2 0  9999
2 36434 074.0702 267.4289 0034551 358.8433 322.1003 14.32889054205161
1 36435U 93036BAJ 18200.67521186  .00001029  00000-0  35202-3 0  9996
2 36435  73.8273 202.5248 0097805 312.9115  46.3856 14.34995061458086
1 36437U 93036BAL 18204.05729376 +.00000454 +00000-0 +13724-3 0  9991
2 36437 073.9540 097.0100 0030555 211.3638 148.5698 14.45042791467490
1 36439U 93036BAN 18204.04511247 +.00000004 +00000-0 +20943-4 0  9991
2 36439 073.9706 352.6248 0451949 127.7829 236.5112 13.41567074442577
1 36441U 93036BAQ 18204.50955484 +.00000207 +00000-0 +25561-4 0  9996
2 36441 073.8438 033.2094 0170666 335.3206 023.9869 14.81315264468406
1 36442U 93036BAR 18204.14248495 +.00001168 +00000-0 +34194-3 0  9992
2 36442 073.9895 143.1022 0039162 192.1681 167.8535 14.44646176466839
1 36447U 93036BAW 18204.86217844 +.00001577 +00000-0 +12797-3 0  9999
2 36447 073.9322 035.2432 0082999 235.4180 123.9156 14.98042032474231
1 36448U 93036BAX 18204.40933444 +.00000968 +00000-0 +30840-3 0  9993
2 36448 074.0875 230.9844 0043831 134.0522 226.4257 14.40558067450225
1 36450U 93036BAZ 13089.48240103 +.00003607 +00000-0 +11742-2 0  9995
2 36450 074.0398 140.7396 0032971 235.7057 124.0885 14.38788761183892
1 36451U 93036BBA 18204.36798788 +.00000697 +00000-0 +34230-3 0  9998
2 36451 073.9407 084.3357 0211220 117.2889 005.3878 14.08466213461439
1 36453U 93036BBC 18204.18346127 +.00000330 +00000-0 +11357-3 0  9995
2 36453 073.9312 146.0689 0088062 277.3309 144.4526 14.37877806455682
1 36454U 93036BBD 18194.75103147  .00002463  00000-0  36717-3 0  9996
2 36454  74.0059 339.0809 0013377 144.7072 215.6541 14.75379695458824
1 36456U 93036BBF 14183.06912349 +.00003814 +00000-0 +14473-2 0  9993
2 36456 074.0436 075.9736 0061913 063.4710 297.2768 14.30331568268964
1 36457U 93036BBG 13063.87464931 +.00002647 +00000-0 +70111-3 0  9993
2 36457 074.0490 138.3420 0046066 343.0822 016.8798 14.48644601180181
1 36459U 93036BBJ 18204.05757149 +.00000628 +00000-0 +33563-3 0  9990
2 36459 074.0204 105.0873 0140917 121.2524 240.2509 14.10169706476047
1 36461U 93036BBL 18204.58913358 +.00006499 +00000-0 +24765-3 0  9993
2 36461 073.9352 296.1022 0044971 081.8780 278.7518 15.25950781472037
1 36463U 93036BBN 11261.76257337 +.00006891 +00000-0 +19098-2 0  9997
2 36463 074.0422 055.8246 0026538 049.8201 313.1857 14.46548218108337
1 36467U 93036BBS 18204.61399687 +.00000356 +00000-0 +14950-3 0  9997
2 36467 073.8632 301.8404 0133814 045.6161 015.2978 14.24723596263095
1 36470U 93036BBV 18202.23417194 +.00000606 +00000-0 +16483-3 0  9992
2 36470 073.8680 054.2578 0067685 070.4413 290.4038 14.48451833267019
1 36476U 93036BCB 18204.09632709 +.00001048 +00000-0 +25147-3 0  9993
2 36476 074.0316 094.6634 0020301 108.8216 251.5151 14.54590926321060
1 36479U 93036BCE 18204.38346477 +.00003373 +00000-0 +24296-3 0  9999
2 36479 074.0289 094.3309 0050077 148.5518 211.8683 15.03617099480901
1 36482U 97051VY  18185.46237553  .00000568  00000-0  13348-3 0  9994
2 36482  86.3463  82.2422 0022893  11.7175 348.4559 14.52547800471175
1 36483U 97051VZ  18204.45217953 +.00000291 +00000-0 +91606-4 0  9995
2 36483 086.3850 114.3087 0010635 013.9699 346.1791 14.36898977263220
1 36485U 97051WB  18204.25620918 +.00001216 +00000-0 +45224-3 0  9996
2 36485 086.4512 186.5870 0120590 356.9401 003.1038 14.27406531449335
1 36486U 97051WC  18204.37786085 +.00001124 +00000-0 +21981-3 0  9990
2 36486 086.3526 073.1501 0017737 193.9706 166.1017 14.61886749268031
1 36487U 97051WD  18204.29876808 +.00001518 +00000-0 +74080-3 0  9990
2 36487 086.3803 192.6343 0166195 248.7531 109.5833 14.10578654447807
1 36488U 97051WE  18204.09834650 +.00025139 +00000-0 +12004-2 0  9990
2 36488 086.4280 085.1807 0006256 276.9141 083.1389 15.18912156480099
1 36489U 97051WF  17251.26372416  .00020841  00000-0  26781-2 0  9990
2 36489  86.4165 234.3832 0013266  87.4959 272.7781 14.81010893440958
1 36490U 97051WG  18204.66891414 +.00000620 +00000-0 +16914-3 0  9990
2 36490 086.3776 099.3145 0004002 071.1582 289.0054 14.45832343473056
1 36492U 97051WJ  18204.01253704 +.00001470 +00000-0 +32797-3 0  9996
2 36492 086.4253 114.2000 0013582 128.4166 231.8264 14.56163020482074
1 36493U 97051WK  18204.43573154 +.00000462 +00000-0 +13052-3 0  9990
2 36493 086.3645 097.3422 0017177 359.6893 000.4294 14.43540821480308
1 36495U 97051WM  18203.62657543 +.00007799 +00000-0 +75824-3 0  9992
2 36495 086.3926 085.6654 0014135 030.1469 330.0569 14.92372826458595
1 36497U 97051WP  18204.27186433 +.00000578 +00000-0 +18472-3 0  9995
2 36497 086.1617 032.1811 0074450 023.8791 099.5950 14.36386415267403
1 36526U 93036BCL 11363.76566903 +.00008279 +00000-0 +11660-2 0  9991
2 36526 073.9721 149.0762 0149228 135.0059 226.5290 14.69981048121203
1 36528U 93036BCN 18200.75711691  .00000133  00000-0  69145-4 0  9999
2 36528  74.0199 336.9005 0095979 301.0965  58.0788 14.21635676456759
1 36529U 93036BCP 18204.59825439 +.00001639 +00000-0 +80501-3 0  9992
2 36529 074.0511 164.5684 0174360 163.8792 319.0366 14.10849859452240
1 36530U 93036BCQ 18204.85031701 +.00001058 +00000-0 +20954-3 0  9995
2 36530 074.0185 353.7840 0030705 085.6967 274.7707 14.63302655458017
1 36531U 93036BCR 18203.42498713 +.00000608 +00000-0 +38755-3 0  9996
2 36531 074.1144 355.5753 0249390 329.1517 029.5153 13.91552151216848
1 36532U 93036BCS 18204.42627523 +.00000712 +00000-0 +11140-3 0  9996
2 36532 073.9929 228.8318 0064059 022.0681 042.0559 14.73514527270424
1 36533U 93036BCT 18204.71531945 +.00000153 +00000-0 +52948-4 0  9992
2 36533 074.0155 106.6854 0054457 186.7353 173.3079 14.42890959455085
1 36539U 93036BCZ 18204.66319968 +.00000229 +00000-0 +70319-4 0  9997
2 36539 074.0275 085.1283 0034710 171.1109 189.0672 14.46714441448314
1 36540U 93036BDA 18204.57958023 +.00000403 +00000-0 +13531-3 0  9996
2 36540 074.0343 166.5883 0022731 181.5733 178.5354 14.40231561470316
1 36541U 93036BDB 18204.73957675 +.00002819 +00000-0 +57910-3 0  9999
2 36541 074.0066 121.8743 0037259 117.3597 243.1369 14.60688546469880
1 36543U 93036BDD 18204.18127661 +.00001657 +00000-0 +36398-3 0  9990
2 36543 073.8337 036.2901 0056838 099.4607 261.2987 14.57425435258617
1 36548U 93036BDJ 18204.90426838 +.00005557 +00000-0 +47011-3 0  9990
2 36548 074.0094 254.8964 0016460 316.0761 043.9115 14.98187793482443
1 36550U 93036BDL 18204.80296132 +.00000284 +00000-0 +13976-3 0  9999
2 36550 074.0486 353.1467 0087199 334.6544 025.0334 14.20085488462999
1 36551U 93036BDM 18204.80021305 +.00000365 +00000-0 +72766-4 0  9991
2 36551 073.8997 260.6229 0097725 080.9893 280.2318 14.62949485272488
1 36553U 93036BDP 18204.46483887 +.00000919 +00000-0 +13930-3 0  9994
2 36553 074.0445 254.5149 0054077 336.7256 081.7312 14.74768418279081
1 36554U 93036BDQ 18204.71869267 +.00002915 +00000-0 +30090-3 0  9997
2 36554 073.9989 216.7237 0040582 284.7900 074.8786 14.90096832476534
1 36555U 93036BDR 11257.62509394 +.00010551 +00000-0 +15616-2 0  9992
2 36555 073.9938 353.3529 0118304 033.5144 327.3525 14.70535684110004
1 36557U 93036BDT 18204.23870994 +.00000869 +00000-0 +27503-3 0  9997
2 36557 073.9849 163.2076 0044713 222.1146 137.6571 14.41088366458165
1 36558U 93036BDU 18204.21207079 +.00000256 +00000-0 +85870-4 0  9996
2 36558 074.0481 143.3394 0017836 184.5095 175.5903 14.42136071462648
1 36559U 93036BDV 18204.32323758 +.00001086 +00000-0 +82969-3 0  9999
2 36559 074.1330 173.9769 0331047 149.0995 213.0080 13.71599417439103
1 36563U 97051WS  18204.94671333 +.00003011 +00000-0 +46564-3 0  9999
2 36563 086.3561 075.2054 0038174 191.9833 168.0480 14.72455129473296
1 36566U 97051WV  18204.81044312 +.00002076 +00000-0 +93510-3 0  9992
2 36566 086.4294 210.7289 0167296 227.1280 131.5755 14.14712057462464
1 36571U 06002AA  18204.74876164 +.00000227 +00000-0 +49592-4 0  9992
2 36571 097.8121 226.9154 0001725 089.7097 270.4305 14.65974331439534
1 36614U 93036BEC 18204.56425533 +.00000536 +00000-0 +17620-3 0  9992
2 36614 074.0304 165.8426 0025024 181.6451 178.4626 14.40462962472691
1 36615U 93036BED 18204.90815299 +.00002086 +00000-0 +66911-3 0  9992
2 36615 074.0659 027.2581 0118517 004.8357 355.3910 14.36163779315708
1 36617U 93036BEF 18203.46342265 +.00004355 +00000-0 +48006-3 0  9998
2 36617 073.9800 015.9870 0085294 282.9174 076.2489 14.85202934479456
1 36622U 93036BEL 18204.56841519 +.00000210 +00000-0 +46960-4 0  9996
2 36622 074.0238 299.2621 0087809 029.5715 331.0374 14.60966349272355
1 36623U 93036BEM 11311.31644133 +.00010961 +00000-0 +15744-2 0  9993
2 36623 074.0846 308.9182 0267711 022.7814 339.1756 14.54892532111178
1 36625U 93036BEP 18204.73654199 +.00000714 +00000-0 +12749-3 0  9990
2 36625 073.8808 227.8399 0060893 087.5738 031.5515 14.67855676468791
1 36626U 93036BEQ 18204.07218542 +.00000383 +00000-0 +28977-4 0  9999
2 36626 074.0417 346.1991 0153132 021.5008 339.2514 14.97881023470508
1 36630U 93036BEU 18202.32151165 +.00000783 +00000-0 +26035-3 0  9993
2 36630 073.9797 197.7460 0047318 233.2130 126.4677 14.38744173198905
1 36632U 93036BEW 18204.71509501 +.00000297 +00000-0 +11686-3 0  9997
2 36632 074.0046 214.3458 0041692 240.6734 119.0249 14.33036130446888
1 36642U 97051XC  18204.93716746 +.00001983 +00000-0 +37487-3 0  9994
2 36642 086.3717 089.6054 0022513 110.9975 249.3648 14.63754765332183
1 36643U 97051XD  10229.33771472 +.00005735 +00000-0 +15597-2 0  9991
2 36643 086.3250 242.2623 0023758 197.9984 162.0380 14.47207537044694
1 36644U 99025DXN 18204.58329755 -.00000104 +00000-0 -77858-4 0  9993
2 36644 098.4310 336.5662 0297297 023.8606 337.5996 13.53580352431692
1 36645U 99025DXP 18204.82829312 +.00000998 +00000-0 +11938-2 0  9999
2 36645 098.5125 334.3851 0322707 189.6629 169.8203 13.49135731431740
1 36647U 99025DXR 17220.04542758 -.00000053 +00000-0 -27253-4 0  9991
2 36647 096.1386 312.7196 0273673 033.0798 328.7149 13.73959539490122
1 36648U 99025DXS 11263.88324349 +.00005544 +00000-0 +14785-2 0  9991
2 36648 097.9426 134.2899 0220922 295.3669 063.2645 14.35301929132996
1 36649U 99025DXT 14317.54613657 +.00031146 +00000-0 +75943-2 0  9991
2 36649 098.9327 074.5826 0061745 216.6757 143.0203 14.51416476346338
1 36651U 99025DXV 11252.06907938 +.00006104 +00000-0 +15801-2 0  9997
2 36651 098.3765 188.7091 0253905 054.3960 308.4175 14.32652091178193
1 36652U 99025DXW 18204.85809685 +.00000591 +00000-0 +36687-3 0  9999
2 36652 099.1066 234.3833 0064243 038.5359 322.0371 14.08075518519960
1 36654U 99025DXY 18204.34478146 +.00003098 +00000-0 +31298-3 0  9997
2 36654 099.5273 038.0342 0147412 354.1868 005.7624 14.84304975199766
1 36655U 99025DXZ 14028.58846166 +.00015414 +00000-0 +35447-2 0  9999
2 36655 098.9569 163.4608 0069273 359.1429 000.9635 14.54031267291975
1 36656U 99025DYA 18204.35714194 +.00000243 +00000-0 +29194-3 0  9997
2 36656 097.4204 255.8919 0348945 145.0988 217.3579 13.49464095529253
1 36657U 99025DYB 18204.60439905 +.00000296 +00000-0 +82772-4 0  9990
2 36657 099.4129 347.2492 0134212 185.7960 174.1685 14.49891826270444
1 36658U 99025DYC 18204.92594798 +.00000503 +00000-0 +22235-3 0  9996
2 36658 098.8399 254.9976 0088709 093.0512 268.0823 14.25520337265420
1 36659U 99025DYD 18182.45524626 +.00000097 +00000-0 +12230-3 0  9995
2 36659 099.8391 034.0681 0142498 020.6149 340.0675 13.83367273227674
1 36660U 99025DYE 18202.37973938  .00000092  00000-0  77165-4 0  9999
2 36660  98.8440 251.5450 0049551 340.3518  19.5741 14.09138840513358
1 36661U 99025DYF 18204.96896161 +.00000704 +00000-0 +35563-3 0  9994
2 36661 098.9869 238.9545 0023616 147.8605 332.1900 14.19362054260908
1 36663U 99025DYH 17005.65441086  .00000286  00000-0  11947-3 0  9997
2 36663  98.1831 309.1640 0229561 149.6750 211.8420 14.12903356379906
1 36664U 99025DYJ 18204.88456638 +.00000037 +00000-0 +36242-4 0  9994
2 36664 098.9198 229.3441 0173776 270.7958 087.3309 14.16848603255255
1 36665U 99025DYK 18199.48903677 +.00000805 +00000-0 +43576-3 0  9994
2 36665 098.4639 293.6724 0158829 134.0259 227.4126 14.08759997218573
1 36667U 99025DYM 18204.45621809 +.00000456 +00000-0 +32676-3 0  9995
2 36667 097.7758 292.3788 0133445 108.9265 252.6420 13.96708500540147
1 36668U 99025DYN 18203.33505564 +.00000254 +00000-0 +16713-3 0  9991
2 36668 098.8578 252.8992 0054075 334.8138 025.0397 14.09796639193243
1 36670U 99025DYQ 18204.32218502 +.00000583 +00000-0 +25217-3 0  9991
2 36670 098.8261 251.1696 0045147 060.5603 300.0072 14.27672353497720
1 36672U 99025DYS 18204.79306522 +.00003935 +00000-0 +40580-3 0  9998
2 36672 098.9833 201.6496 0038098 247.9398 111.7768 14.90407648505794
1 36673U 99025DYT 12013.56564580 +.00010249 +00000-0 +23792-2 0  9997
2 36673 099.0484 134.4810 0148719 028.7103 338.0295 14.48586205163556
1 36675U 99025DYV 18204.28942558 +.00000605 +00000-0 +30674-3 0  9994
2 36675 099.2680 024.5114 0038045 297.7954 061.9366 14.19743347494622
1 36676U 99025DYW 18204.17809090 +.00000204 +00000-0 +80294-4 0  9995
2 36676 098.8153 339.1350 0106287 190.7793 294.6463 14.36682792262583
1 36677U 99025DYX 18204.95960913 +.00000675 +00000-0 +41526-3 0  9990
2 36677 098.9668 258.1623 0062514 303.4175 180.5580 14.08094336262314
1 36678U 99025DYY 18201.92141882  .00000070  00000-0  36066-4 0  9994
2 36678  98.4251 253.0495 0162362 140.6259 220.6862 14.33270907462763
1 36679U 99025DYZ 18204.93623222 +.00000239 +00000-0 +18254-3 0  9997
2 36679 098.9976 236.6090 0093286 041.4969 319.3231 14.00718994243888
1 36680U 99025DZA 18204.35428331 +.00000054 +00000-0 +42469-4 0  9990
2 36680 098.7404 256.1830 0202741 069.0832 351.1778 14.13241435261319
1 36681U 99025DZB 18204.35577476 +.00000167 +00000-0 +12836-3 0  9995
2 36681 098.8933 249.5925 0046913 027.6556 332.7093 14.05394219348040
1 36682U 99025DZC 18204.34336322 +.00000362 +00000-0 +41349-3 0  9996
2 36682 098.4447 051.7881 0247023 230.2505 127.6644 13.63215393245599
1 36684U 99025DZE 18203.44222796  .00000720  00000-0  24249-3 0  9995
2 36684  99.4897 278.5169 0066922 145.8949 214.6562 14.39317274480513
1 36685U 99025DZF 18202.03527866 +.00000477 +00000-0 +88124-4 0  9998
2 36685 098.8257 138.6683 0134934 156.6818 204.0582 14.65098591268604
1 36686U 99025DZG 18203.02747396  .00000298  00000-0  75875-4 0  9991
2 36686  98.9558 141.3730 0155147 341.1988  18.3513 14.52163377562329
1 36687U 99025DZH 18204.31587866 -.00000030 +00000-0 +70170-5 0  9998
2 36687 098.5185 028.9344 0092716 287.1558 071.9474 14.02741736521969
1 36688U 99025DZJ 11235.40675602 +.00000598 +00000-0 +27257-3 0  9996
2 36688 099.0387 303.8870 0073858 226.0148 133.4943 14.24110055205144
1 36689U 99025DZK 18199.75585223  .00000573  00000-0  53570-3 0  9990
2 36689  98.4530  32.5606 0345126 267.3340  88.8262 13.61707896512382
1 36691U 99025DZM 18176.09707161 +.00000885 +00000-0 +65697-3 0  9991
2 36691 098.7171 289.5219 0154614 236.1793 123.5426 13.92133850571560
1 36692U 99025DZN 18204.25040643 +.00000112 +00000-0 +12427-3 0  9993
2 36692 100.0739 216.0104 0118000 284.3574 074.4507 13.90764466535045
1 36693U 99025DZP 18166.57692113  .00002227  00000-0  34527-3 0  9995
2 36693  97.6042  91.6191 0162670 118.2058 243.5682 14.65514722569682
1 36694U 99025DZQ 18203.09101456 +.00000207 +00000-0 +12582-3 0  9993
2 36694 098.9821 155.9418 0115887 036.0290 324.8623 14.13266155254485
1 36695U 99025DZR 18204.91195588 +.00000020 +00000-0 +16436-4 0  9991
2 36695 098.3475 256.3925 0274897 359.0014 001.0591 14.37825703507466
1 36696U 99025DZS 18204.03030549 +.00000467 +00000-0 +25794-3 0  9991
2 36696 098.8594 141.7005 0028929 156.4695 203.7809 14.16101595260278
1 36697U 99025DZT 18202.18576480 +.00000573 +00000-0 +66850-4 0  9992
2 36697 098.8216 197.9626 0168465 206.6032 217.1945 14.80539655268096
1 36698U 99025DZU 13088.51975970 +.00005504 +00000-0 +17587-2 0  9994
2 36698 099.0147 196.4645 0067524 271.5929 087.7537 14.38782329204930
1 36699U 99025DZV 18204.26100172 +.00000041 +00000-0 +36566-4 0  9997
2 36699 098.6728 235.1152 0099043 046.0961 314.8340 14.21207038349608
1 36700U 99025DZW 18204.77985990 +.00000375 +00000-0 +35239-3 0  9990
2 36700 099.8727 055.3853 0158158 022.9455 337.8663 13.82957434519764
1 36701U 99025DZX 18183.66745013 +.00000683 +00000-0 +78256-3 0  9993
2 36701 102.7411 351.2919 0283281 229.4649 128.1493 13.59351291549224
1 36702U 99025DZY 18204.46214297 +.00000902 +00000-0 +40384-3 0  9996
2 36702 098.3617 285.7943 0113524 067.1302 294.1816 14.21409732538412
1 36703U 99025DZZ 18204.19078304 +.00000295 +00000-0 +20396-3 0  9990
2 36703 097.8511 338.0241 0130426 180.8902 179.2054 14.01013836203265
1 36706U 99025EAC 18204.12965430 +.00007011 +00000-0 +12325-2 0  9996
2 36706 098.7860 177.0904 0025543 280.2396 079.5926 14.67773107354844
1 36707U 99025EAD 18204.30293346 +.00000378 +00000-0 +23544-3 0  9992
2 36707 099.0205 235.8717 0053462 198.4743 161.4487 14.10253932259769
1 36710U 99025EAG 18202.35960179  .00000505  00000-0  19942-3 0  9993
2 36710  98.6362 257.0422 0086699 297.9586  61.2842 14.31309042516113
1 36711U 99025EAH 18204.11238879 +.00001041 +00000-0 +54283-3 0  9998
2 36711 100.8156 316.9788 0152709 240.9515 117.6279 14.11690379503768
1 36712U 99025EAJ 18203.43364393  .00001477  00000-0  34595-3 0  9991
2 36712  98.9438  66.9435 0054158 209.1446 150.6724 14.55376013521237
1 36713U 99025EAK 18204.56306946 +.00001108 +00000-0 +14266-3 0  9991
2 36713 098.3877 316.8831 0226227 112.7125 249.8163 14.66919413569382
1 36714U 99025EAL 18204.35912549 +.00000463 +00000-0 +25810-3 0  9991
2 36714 098.8803 261.9883 0033455 251.3554 108.3986 14.15552918508145
1 36715U 99025EAM 14063.88304835 +.00003532 +00000-0 +78678-3 0  9992
2 36715 098.4915 102.4330 0195372 096.9632 270.2058 14.46367213279329
1 36716U 99025EAN 18202.99529203 -.00000016  00000-0  23264-4 0  9999
2 36716  99.1929 123.3422 0150539 288.7753  69.7123 13.86805165534850
1 36717U 99025EAP 11308.54978809 +.00010977 +00000-0 +29447-2 0  9994
2 36717 099.0977 054.7597 0166143 296.5016 067.1912 14.40436579155431
1 36719U 99025EAR 18204.43202166 +.00000385 +00000-0 +19605-3 0  9990
2 36719 098.4528 063.4284 0107781 057.3685 303.7838 14.18079817491551
1 36724U 99025EAW 18204.05688833 +.00000520 +00000-0 +31542-3 0  9998
2 36724 099.4927 051.3223 0131973 134.2723 018.9881 14.06740258193809
1 36726U 99025EAY 18203.96295224 +.00004599 +00000-0 +28723-3 0  9994
2 36726 098.9696 274.2023 0061794 326.7191 033.0153 15.08550567515119
1 36727U 99025EAZ 11100.04037224 -.00032535 +00000-0 -97688-2 0  9995
2 36727 099.0264 192.8032 0124855 084.8300 279.3135 14.38422909133302
1 36729U 99025EBB 18204.88233204 -.00000025 +00000-0 +10453-4 0  9992
2 36729 098.7902 247.1759 0046977 332.8606 027.0109 14.07991833494911
1 36730U 99025EBC 18204.17553419 +.00001087 +00000-0 +34785-3 0  9990
2 36730 099.6474 332.5621 0034314 303.0261 179.5633 14.41701382339282
1 36731U 99025EBD 18203.42842033  .00000711  00000-0  27654-3 0  9991
2 36731  99.1537  62.1972 0051889  96.6377 264.0714 14.32408346498013
1 36732U 99025EBE 18204.05046736 +.00000783 +00000-0 +87229-4 0  9992
2 36732 098.9491 298.4748 0145637 294.5573 064.0517 14.83540117513978
1 36733U 99025EBF 18203.79196534 +.00000419 +00000-0 +32880-3 0  9993
2 36733 099.1881 136.9543 0155657 293.1706 065.3122 13.92226465449060
1 36734U 99025EBG 18204.12432424 +.00000486 +00000-0 +29466-3 0  9993
2 36734 099.0175 167.3670 0042814 291.2991 068.3611 14.10717313445543
1 36735U 99025EBH 18204.88052175 +.00000597 +00000-0 +21406-3 0  9997
2 36735 099.1293 080.4597 0097835 170.8210 249.2567 14.35289575556520
1 36736U 99025EBJ 18203.31659326 +.00000622 +00000-0 +36306-3 0  9990
2 36736 098.9956 247.0222 0070859 250.7422 108.6074 14.11005427504272
1 36738U 99025EBL 18204.46522309 +.00001133 +00000-0 +42015-3 0  9991
2 36738 100.7910 093.3240 0035632 263.9527 095.7590 14.34652876537760
1 36739U 99025EBM 11305.18945240 -.00001324 +00000-0 -32064-3 0  9996
2 36739 098.9861 059.9652 0129364 198.2392 145.0771 14.46035147163882
1 36741U 99025EBP 18203.05786315 +.00001061 +00000-0 +58859-3 0  9991
2 36741 098.4648 291.1546 0120383 152.8801 207.8727 14.09531124502383
1 36742U 99025EBQ 11327.14622580 +.00007744 +00000-0 +50120-2 0  9991
2 36742 098.8200 276.5513 0087519 310.3674 048.9873 14.01138102162272
1 36743U 99025EBR 18204.92852364 +.00000533 +00000-0 +28638-3 0  9993
2 36743 098.8666 243.1016 0056965 212.9993 146.7620 14.16357825224399
1 36880U 93041H   18154.40821642  .00002128  00000-0  40778-3 0  9990
2 36880  89.5465 203.9537 0054331 357.9882   2.1105 14.62563918419212
1 36881U 05011C   18204.14093609 +.00002601 +00000-0 +83350-3 0  9991
2 36881 099.0233 315.2214 0003797 109.4087 250.7510 14.40434017456505
1 36958U 06006CQ  17158.45654172  .00000804  00000-0  48688-3 0  9998
2 36958  51.7761 208.0351 4823537 167.4002 211.2693  5.78167325894707
1 36959U 06006CR  18203.87024230 +.00026449 +00000-0 +46659-2 0  9991
2 36959 051.8381 000.2362 4056861 113.3102 015.9768 07.22761021118345
1 36963U 06006CV  18201.18170378  .00000489  00000-0  23828-3 0  9993
2 36963  51.5522 273.2989 4987572  55.9096 341.9323  5.55071575197377
1 36964U 06006CW  18182.02668931 +.00000365 +00000-0 +43183-3 0  9991
2 36964 052.1036 052.2187 4999580 237.5006 064.3827 05.44317249197139
1 36971U 07003AH  18198.58112065 +.00000284 +00000-0 +70230-2 0  9999
2 36971 026.3247 000.2377 7602988 212.1356 062.1309 01.75717484061676
1 36986U 99025EBS 18203.41480479 +.00000757 +00000-0 +51458-3 0  9993
2 36986 099.2345 193.0980 0107006 151.2692 209.4423 14.00478298438389
1 36987U 99025EBT 18203.20027877 -.00000004  00000-0  62796-4 0  9994
2 36987 100.8623 197.0829 0325302 309.0255  48.2323 13.43531361435677
1 36988U 99025EBU 10300.04390631 +.00004318 +00000-0 +12240-2 0  9996
2 36988 098.4006 244.7484 0258959 291.1722 066.1963 14.28201880114346
1 36989U 99025EBV 18204.31200642 +.00000619 +00000-0 +50342-3 0  9996
2 36989 098.2011 027.1500 0264686 222.4650 135.5757 13.78035324472244
1 36990U 99025EBW 18202.47622440  .00000191  00000-0  23545-3 0  9997
2 36990  96.5945 288.2735 0300521 195.6485 163.5215 13.54277889463034
1 36991U 99025EBX 18181.03303851  .00000429  00000-0  42751-3 0  9992
2 36991  98.1334 253.8054 0286308 148.0432 213.8442 13.65435232532585
1 36994U 99025ECA 18204.07631139 -.00000025 +00000-0 +11195-4 0  9990
2 36994 098.7149 317.0496 0117284 147.7962 213.0430 13.89848407436200
1 36995U 99025ECB 18203.97025163 +.00000221 +00000-0 +16258-3 0  9994
2 36995 098.3522 267.3436 0040411 052.8544 307.6305 14.04211555256625
1 36996U 99025ECC 18204.22348559 +.00000238 +00000-0 +12928-3 0  9999
2 36996 098.2094 208.1737 0282411 113.1116 309.8268 14.01083140218185
1 36997U 99025ECD 18204.30644113 +.00001066 +00000-0 +22399-3 0  9997
2 36997 098.6449 235.9180 0142708 092.4269 269.3274 14.55647165540509
1 36999U 99025ECF 17274.90749565  .00001255  00000-0  10116-2 0  9991
2 36999  99.2536 163.5282 0195419 326.2982  32.0381 13.83874933466462
1 37001U 99025ECH 18204.32534903 +.00000370 +00000-0 +23161-3 0  9996
2 37001 098.9835 250.4378 0032989 312.3069 111.3105 14.10592251194612
1 37003U 99025ECK 18203.38164617 +.00000118 +00000-0 +12161-3 0  9992
2 37003 099.1327 266.0658 0099373 345.5854 074.1952 13.92125438230511
1 37004U 99025ECL 13087.63653912 +.00010789 +00000-0 +19502-2 0  9997
2 37004 097.7253 239.0487 0171938 340.4575 019.1680 14.57362109282824
1 37005U 99025ECM 12244.48222671 +.00002402 +00000-0 +73941-3 0  9990
2 37005 098.9250 336.4889 0107972 062.7475 286.3404 14.39165373228739
1 37006U 99025ECN 18204.76051261 +.00000143 +00000-0 +45099-4 0  9993
2 37006 099.3440 183.9068 0304649 195.7101 163.4466 14.33745668457971
1 37007U 99025ECP 18204.21123015 +.00000701 +00000-0 +29031-3 0  9998
2 37007 099.0934 347.2774 0092829 037.1325 323.6228 14.27650696263270
1 37008U 99025ECQ 18131.43990460  .00000405  00000-0  29376-3 0  9991
2 37008  99.1257 212.8635 0071255   6.7610 353.4499 14.01086031443776
1 37009U 99025ECR 16094.61266372  .00006053  00000-0  27556-2 0  9998
2 37009 102.3517 240.1277 0112444 146.8164 216.3439 14.18963920447285
1 37011U 99025ECT 18204.79422875 +.00001740 +00000-0 +41495-3 0  9994
2 37011 098.9328 046.5497 0061012 228.3766 131.2193 14.54035528442223
1 37012U 99025ECU 18202.87781566 +.00000762 +00000-0 +57974-3 0  9999
2 37012 098.5605 232.0818 0217314 211.2084 147.6020 13.85915761214461
1 37013U 99025ECV 18203.18601821  .00003165  00000-0  39131-3 0  9995
2 37013  98.4146 183.3987 0108453 301.9574  57.1127 14.79487053551795
1 37014U 99025ECW 18204.02769331 +.00000873 +00000-0 +43692-3 0  9991
2 37014 099.0045 230.0486 0033583 217.0818 142.8036 14.19127945436769
1 37017U 99025ECZ 18204.01561333 +.00000199 +00000-0 +66702-4 0  9994
2 37017 098.7241 121.0835 0355125 285.5691 070.6555 14.18777528530363
1 37018U 99025EDA 18201.18664993 +.00000948 +00000-0 +47367-3 0  9993
2 37018 098.5137 189.4411 0353518 342.7310 016.2070 13.91171832256541
1 37019U 99025EDB 18204.44231363 +.00000457 +00000-0 +18604-3 0  9994
2 37019 098.7469 282.9600 0200589 269.9156 087.9037 14.22176001263047
1 37020U 99025EDC 12092.76468176 +.00008233 +00000-0 +14885-2 0  9990
2 37020 097.7966 278.2827 0317096 292.7923 063.1028 14.38871371154388
1 37021U 99025EDD 18202.38162215  .00000391  00000-0  16074-3 0  9993
2 37021  98.6678 259.0023 0197678 229.0214 190.7026 14.22663903479548
1 37022U 99025EDE 18177.95921503 +.00000947 +00000-0 +57717-3 0  9997
2 37022 098.4717 232.1774 0151492 014.0481 108.0789 14.02732317521874
1 37024U 99025EDG 18202.95864596  .00002251  00000-0  46693-3 0  9997
2 37024  99.3305 256.5815 0030984 342.5679  17.4452 14.61090126465726
1 37025U 99025EDH 14225.62686498 +.00001691 +00000-0 +92453-3 0  9998
2 37025 098.2409 010.1982 0058630 211.6795 148.1333 14.12310199364945
1 37026U 99025EDJ 18204.34810619 +.00000541 +00000-0 +23593-3 0  9995
2 37026 098.7973 253.5186 0056320 054.4630 306.1784 14.27202743494177
1 37027U 99025EDK 12269.99706184 -.00225168 +00000-0 -95582-1 0  9994
2 37027 098.8325 286.9156 0124832 037.2816 323.8819 14.22836690193952
1 37028U 99025EDL 18204.57833622 +.00000643 +00000-0 +39833-3 0  9998
2 37028 099.2609 336.3993 0042207 087.9193 272.6808 14.08508096563272
1 37029U 99025EDM 11154.27664917 +.00003802 +00000-0 +16653-2 0  9996
2 37029 099.7201 322.6126 0040909 144.7798 214.5503 14.23942953177686
1 37030U 99025EDN 18151.28840042  .00001761  00000-0  75430-3 0  9999
2 37030  99.7059 183.5702 0032686 231.5855 128.2385 14.26105178497794
1 37031U 99025EDP 13276.59222959 +.00003598 +00000-0 +12519-2 0  9996
2 37031 099.6938 202.3361 0054442 202.5395 157.4716 14.35336407267127
1 37032U 99025EDQ 18204.27459091 +.00003706 +00000-0 +35141-3 0  9995
2 37032 099.3741 009.2635 0089191 162.5365 197.8950 14.91424059565285
1 37033U 99025EDR 14010.74901544 +.00001926 +00000-0 +56596-3 0  9993
2 37033 099.6810 354.2668 0119936 182.1140 177.9553 14.41089992322574
1 37034U 99025EDS 10029.37010495 +.00001032 +00000-0 +36414-3 0  9990
2 37034 098.9503 074.3057 0108017 334.4475 031.7245 14.33842578122895
1 37035U 99025EDT 18204.28432435 +.00000927 +00000-0 +53807-3 0  9993
2 37035 100.6372 226.1400 0065264 221.5034 138.1165 14.10978515556062
1 37036U 99025EDU 18204.37292071 +.00000284 +00000-0 +20308-3 0  9990
2 37036 098.9313 259.2049 0129790 025.2566 335.4871 14.00994648259304
1 37038U 99025EDW 18171.04328661  .00001486  00000-0  65297-3 0  9995
2 37038  99.0355 266.5387 0061562 190.7915 169.1946 14.24144179526504
1 37039U 99025EDX 12238.29438248 +.00007539 +00000-0 +11388-2 0  9990
2 37039 098.9700 034.6354 0121923 268.8898 087.6090 14.69676837225162
1 37040U 99025EDY 18201.71835855  .00000683  00000-0  33554-3 0  9993
2 37040  99.5643 164.3626 0083995 314.6030 167.3650 14.19635218492217
1 37041U 99025EDZ 18195.95074527  .00000433  00000-0  32047-3 0  9992
2 37041  98.9794  91.4121 0163467 240.1763 118.3062 13.94410498548068
1 37042U 99025EEA 18155.33307557  .00000573  00000-0  20076-3 0  9997
2 37042  98.7401 195.1308 0105176   3.0831 357.0980 14.35968069554051
1 37043U 99025EEB 18204.55819995 +.00003086 +00000-0 +75723-3 0  9992
2 37043 099.3275 130.8106 0091648 004.6076 355.5938 14.50729319518085
1 37044U 99025EEC 18204.66294748 -.00000102 +00000-0 -29117-4 0  9993
2 37044 098.9401 158.9573 0595007 273.0440 080.2807 13.48052895476158
1 37045U 99025EED 18204.26640283 +.00000957 +00000-0 +59633-3 0  9990
2 37045 098.3215 210.0786 0130282 254.2087 104.4683 14.02942052149477
1 37046U 99025EEE 18204.31760024 +.00000286 +00000-0 +15993-3 0  9999
2 37046 098.7975 240.3069 0056130 168.5251 191.7217 14.17579979509005
1 37047U 99025EEF 18204.12963174 -.00000450 +00000-0 -36036-3 0  9996
2 37047 099.1547 336.0570 0280493 106.7216 256.4911 13.69109143250597
1 37048U 99025EEG 18204.35664444 +.00000096 +00000-0 +14056-3 0  9992
2 37048 098.9046 253.6347 0257370 348.4328 066.8829 13.62432838253881
1 37049U 99025EEH 18204.29807986 +.00000619 +00000-0 +32162-3 0  9995
2 37049 099.2809 023.0252 0049077 329.3879 030.4433 14.18123549540895
1 37051U 99025EEK 18203.88619947 +.00083052 +00000-0 +18698-2 0  9999
2 37051 098.9096 181.6092 0005858 176.8504 183.2776 15.42965793476005
1 37052U 99025EEL 18198.42133264  .00000113  00000-0  16498-3 0  9990
2 37052  98.7440 266.5597 0549043 334.0644  23.3876 13.21111334476253
1 37053U 99025EEM 18204.91376450 +.00000508 +00000-0 +19905-3 0  9993
2 37053 099.1477 094.5259 0058587 149.7375 267.8225 14.33134994262463
1 37054U 99025EEN 18203.34576517 +.00000038 +00000-0 +39081-4 0  9992
2 37054 098.6691 251.2914 0103867 327.7007 031.7835 14.16356717261800
1 37055U 99025EEP 18204.47296939 +.00000851 +00000-0 +24164-3 0  9993
2 37055 098.6175 288.0245 0106775 111.5947 249.6660 14.44768795510544
1 37056U 99025EEQ 18204.39176776 +.00000163 +00000-0 +43542-4 0  9999
2 37056 098.9817 059.1490 0301823 255.1022 101.6564 14.39810193264944
1 37057U 99025EER 18204.31633514 -.00000042 +00000-0 +25416-5 0  9998
2 37057 099.1923 234.4186 0291880 324.9517 033.2737 13.93189563259890
1 37058U 99025EES 18169.99996813  .00006490  00000-0  17165-2 0  9998
2 37058  96.6782 240.0191 0094640 223.7254 135.6420 14.46402725454681
1 37059U 99025EET 15249.98317232  .00010772  00000-0  11636-2 0  9991
2 37059  98.6068 326.5617 0132532 303.7366  55.1677 14.82262040353312
1 37060U 99025EEU 18201.83969662  .00000279  00000-0  22413-3 0  9995
2 37060  99.3259 199.7331 0082046 182.3157 177.7636 13.97612162542652
1 37061U 99025EEV 18204.15409474 +.00000469 +00000-0 +28509-3 0  9997
2 37061 098.0324 192.4052 0906972 023.9073 340.1540 12.89775030692180
1 37062U 99025EEW 13239.81117959 +.00000694 +00000-0 +18360-3 0  9992
2 37062 098.6149 244.9623 0218378 003.9261 002.7389 14.39013980259774
1 37064U 99025EEY 18201.36309391 +.00000796 +00000-0 +63178-3 0  9991
2 37064 098.9028 038.2200 0142363 347.1119 012.6416 13.89533836438170
1 37065U 99025EEZ 18189.65573240 -.00000223  00000-0 -17493-3 0  9991
2 37065 103.3171 130.1805 0317102 288.4044  68.2844 13.49103414517084
1 37067U 99025EFB 18204.47592997 +.00001017 +00000-0 +93004-3 0  9993
2 37067 099.3818 086.5004 0216805 030.6405 330.7202 13.75392417490503
1 37068U 99025EFC 18202.25921511 +.00008915 +00000-0 +62708-3 0  9997
2 37068 098.6296 005.1643 0098146 147.1090 213.6291 15.01475490509559
1 37069U 99025EFD 18204.26046956 +.00000631 +00000-0 +82820-3 0  9996
2 37069 095.8428 215.0282 0453935 235.4414 120.3092 13.27283117518124
1 37070U 99025EFE 14360.12828883 +.00008172 +00000-0 +16173-2 0  9994
2 37070 098.7814 123.3516 0150446 319.3414 029.8394 14.55620330274379
1 37074U 99025EFJ 10249.68255970 +.00008707 +00000-0 +80018-3 0  9996
2 37074 099.2133 071.4264 0218646 194.0568 165.4267 14.78642535095059
1 37076U 99025EFL 18174.83415751  .00000739  00000-0  45484-3 0  9990
2 37076  98.2978 198.3405 0161171 266.6509  91.6211 14.02127951495425
1 37077U 99025EFM 18204.92952443 +.00000101 +00000-0 +49578-4 0  9991
2 37077 099.0347 097.1927 0103359 322.8938 036.5131 14.35835070461869
1 37079U 99025EFP 18200.92846796 +.00000661 +00000-0 +32444-3 0  9996
2 37079 098.9307 249.3255 0024938 083.6213 276.7802 14.21089122260047
1 37080U 99025EFQ 18168.95447963 +.00000763 +00000-0 +47321-3 0  9990
2 37080 098.1593 078.8174 0174829 331.8728 027.3078 14.00466673494464
1 37081U 99025EFR 18204.13970105 +.00001456 +00000-0 +10498-2 0  9995
2 37081 098.7426 166.1584 0379703 070.4552 293.7184 13.68593720487423
1 37084U 93036BFE 18184.57818344 +.00000125 +00000-0 +18991-4 0  9995
2 37084 074.0333 158.3349 0142157 233.1726 125.6343 14.79660053259181
1 37085U 93036BFF 18204.32052524 +.00000573 +00000-0 +87752-4 0  9990
2 37085 073.9796 188.9685 0093263 318.1335 041.2729 14.73548141460641
1 37086U 93036BFG 18204.82606202 +.00000835 +00000-0 +17463-3 0  9996
2 37086 074.0038 009.8272 0056325 085.3428 275.4167 14.60496995434676
1 37087U 93036BFH 18204.40872338 +.00001793 +00000-0 +39807-3 0  9996
2 37087 074.0225 241.2420 0208695 287.1964 070.6444 14.45269045456672
1 37088U 93036BFJ 18204.11154142 +.00000934 +00000-0 +18511-3 0  9996
2 37088 074.0231 001.1043 0025716 089.1175 271.2939 14.63524858437267
1 37089U 93036BFK 18204.15401964 +.00000431 +00000-0 +16404-3 0  9999
2 37089 074.0414 013.0041 0208717 050.5730 311.3683 14.22483272275276
1 37092U 93036BFN 18204.88156912 +.00002523 +00000-0 +41700-3 0  9994
2 37092 074.0250 032.9482 0016433 031.1182 329.0958 14.70843450467360
1 37093U 93036BFP 18194.82356102  .00000963  00000-0  16520-3 0  9998
2 37093  74.0236  16.5420 0163483 225.7982 133.0378 14.61885510455035
1 37094U 93036BFQ 18204.05084199 +.00000332 +00000-0 +14024-3 0  9997
2 37094 074.1153 325.3549 0098930 278.9258 080.0702 14.26835520462158
1 37095U 93036BFR 18204.65872645 +.00000414 +00000-0 +27686-3 0  9994
2 37095 073.8491 204.5554 0220842 033.0341 328.4361 13.92789631249769
1 37097U 93036BFT 14006.09072096 -.00161143 +00000-0 -34702-1 0  9996
2 37097 074.0192 278.5435 0113048 056.5630 304.6281 14.55483772199219
1 37101U 93036BFX 18203.45625345  .00000417  00000-0  12382-3 0  9992
2 37101  74.0411 122.7585 0064540 164.2937 196.0244 14.45153527437087
1 37103U 93036BFZ 18204.04385472 +.00002724 +00000-0 +26036-3 0  9998
2 37103 073.7834 093.2547 0058700 115.5870 245.1395 14.92535222464496
1 37105U 93036BGB 18204.66626118 +.00000150 +00000-0 +80914-4 0  9990
2 37105 073.8903 331.1829 0393781 075.4371 289.0079 13.86459377461901
1 37108U 93036BGE 18204.25392222 +.00000333 +00000-0 +13854-3 0  9995
2 37108 074.0510 307.9492 0117924 324.8993 034.4423 14.26502915469121
1 37110U 93036BGG 18204.57492965 +.00001229 +00000-0 +18210-3 0  9994
2 37110 073.7994 170.7234 0056671 092.8198 267.9463 14.75311168345656
1 37111U 93036BGH 18181.27560223  .00003717  00000-0  22775-3 0  9994
2 37111  74.0099 150.7265 0049442 204.1672 155.7201 15.09562367448422
1 37114U 93036BGL 18204.93396791 +.00001318 +00000-0 +34095-3 0  9996
2 37114 073.8186 057.7584 0056451 143.2015 217.3040 14.50005865197192
1 37118U 93036BGQ 18199.53721300  .00000558  00000-0  16751-3 0  9991
2 37118  74.0297 142.0119 0013950 167.3340 192.8171 14.45003250461342
1 37120U 93036BGS 18201.77296200  .00001240  00000-0  40211-3 0  9997
2 37120  74.0156 227.3412 0054321 217.1344 142.6049 14.39145171446237
1 37123U 93036BGV 18204.12659931 +.00001572 +00000-0 +30506-3 0  9990
2 37123 073.9937 015.7922 0011865 105.3179 009.9395 14.64072553267062
1 37124U 93036BGW 18204.38042349 +.00001557 +00000-0 +43079-3 0  9990
2 37124 074.0124 207.1743 0089939 239.3261 119.9011 14.45184938459462
1 37125U 93036BGX 18203.98953127 +.00001278 +00000-0 +21473-3 0  9995
2 37125 074.0240 322.4185 0024264 080.5299 279.8613 14.70586827432286
1 37126U 93036BGY 18201.34554355 +.00000121 +00000-0 +25293-4 0  9995
2 37126 073.9503 204.2435 0136468 352.5497 007.3639 14.66111435270628
1 37127U 93036BGZ 18204.59340811 +.00001216 +00000-0 +35581-3 0  9992
2 37127 074.0102 180.9549 0040929 170.7766 189.4153 14.44580757255132
1 37131U 93036BHD 18204.28731395 +.00001456 +00000-0 +33350-3 0  9992
2 37131 074.0198 084.4069 0019828 096.9317 263.4103 14.56437103461374
1 37132U 93036BHE 18204.79577945 +.00000277 +00000-0 +68569-4 0  9999
2 37132 074.0114 359.8232 0058369 101.4939 259.2787 14.55794628438933
1 37133U 93036BHF 18203.50644757 +.00001131 +00000-0 +65649-3 0  9999
2 37133 074.0181 034.6015 0307663 083.5780 280.0280 13.88568764205446
1 37136U 97051XG  18196.93475189 +.00000235 +00000-0 +98039-4 0  9996
2 37136 086.1785 075.1284 0086261 345.7479 014.1275 14.20082545260274
1 37269U 93036BHH 18186.57440114 +.00000781 +00000-0 +39547-3 0  9995
2 37269 074.1716 151.2545 0126245 046.0657 315.0819 14.13544722454728
1 37270U 93036BHJ 18204.34764661 +.00000237 +00000-0 +23752-3 0  9996
2 37270 073.9406 339.4925 0450103 139.6438 223.9002 13.44589008406754
1 37271U 93036BHK 18202.60486430 +.00002258 +00000-0 +30274-3 0  9991
2 37271 074.0437 308.7281 0016900 027.9692 332.2389 14.79936573271203
1 37273U 93036BHM 18204.17077851 +.00001327 +00000-0 +36455-3 0  9993
2 37273 074.0064 152.6207 0033087 147.5055 212.8150 14.47711221267448
1 37275U 93036BHP 18196.42611898 +.00001243 +00000-0 +59708-3 0  9991
2 37275 073.9455 103.5123 0173719 203.5075 155.8058 14.12323387448208
1 37277U 93036BHR 18204.21258551 +.00001172 +00000-0 +32625-3 0  9993
2 37277 074.0430 154.3524 0034159 148.8740 211.4452 14.47170416437125
1 37278U 93036BHS 18204.38979345 +.00000278 +00000-0 +12291-3 0  9996
2 37278 073.7900 096.6144 0342126 014.6906 102.7082 14.00884264259316
1 37280U 93036BHU 18203.48391247  .00000689  00000-0  38107-3 0  9998
2 37280  74.0188 134.8240 0161675 162.1752 198.5151 14.06757923435244
1 37281U 93036BHV 13164.87651259 +.00008779 +00000-0 +24822-2 0  9991
2 37281 074.0504 344.7141 0022935 356.1473 002.7630 14.45580940166592
1 37282U 93036BHW 18204.08078392 +.00000856 +00000-0 +18371-3 0  9997
2 37282 073.8924 353.4533 0077871 326.4399 033.1844 14.58471745478108
1 37284U 93036BHY 18197.36046476 +.00000758 +00000-0 +44585-3 0  9996
2 37284 074.0187 199.6547 0192550 244.3580 180.4365 14.00956206211882
1 37285U 93036BHZ 12322.50414886  .00003793  00000-0  12804-2 0  9991
2 37285  74.0350  22.6674 0026584 177.5664 182.5622 14.37086204179327
1 37286U 93036BJA 13109.02300440 +.00008391 +00000-0 +12011-2 0  9992
2 37286 074.0179 328.3264 0115690 161.3137 200.9770 14.72183664151822
1 37287U 93036BJB 18203.30173789  .00002781  00000-0  82576-4 0  9990
2 37287  74.0388 187.5628 0086181 221.4830 202.4926 15.31761866471797
1 37292U 93036BJG 18199.72293379 +.00000533 +00000-0 +35811-3 0  9996
2 37292 074.1355 335.7697 0241159 300.1210 057.6211 13.89994771221835
1 37293U 93036BJH 18204.71193644 +.00000372 +00000-0 +14687-3 0  9996
2 37293 073.9218 217.1638 0084610 339.7251 020.0544 14.30643800428157
1 37294U 93036BJJ 18195.95588321  .00000912  00000-0  19407-3 0  9997
2 37294  74.0695  69.4184 0041043  78.8111 281.7665 14.59999882450792
1 37295U 93036BJK 18204.88268727 +.00000253 +00000-0 +66784-4 0  9995
2 37295 074.0109 008.6956 0055244 127.5941 233.0256 14.53214823431903
1 37296U 93036BJL 18186.23555791  .00001226  00000-0  35792-3 0  9999
2 37296  73.8355 160.8402 0074638 250.6049 108.7029 14.43634075421725
1 37297U 93036BJM 18179.35462940 +.00001483 +00000-0 +30165-3 0  9992
2 37297 074.0260 059.5816 0020353 175.4026 184.7332 14.61904472455214
1 37299U 93036BJP 18203.51027006  .00003184  00000-0  36942-3 0  9999
2 37299  73.8557 250.0676 0043032 251.2695 108.3811 14.85239344466646
1 37303U 93036BJT 18204.77566754 +.00003567 +00000-0 +36307-3 0  9992
2 37303 074.0032 236.9041 0028359 307.4157 052.4444 14.90863998454129
1 37305U 93036BJV 18204.67452694 +.00000187 +00000-0 +84744-4 0  9994
2 37305 073.8699 209.3839 0054626 341.8249 018.0944 14.28119642463849
1 37306U 93036BJW 18203.94777869 +.00001295 +00000-0 +26390-3 0  9991
2 37306 074.0719 062.8321 0088976 065.1544 358.2832 14.59577376342255
1 37307U 93036BJX 18185.49706611  .00001847  00000-0  17750-3 0  9991
2 37307  74.0224 243.9672 0026317 334.9838  25.0068 14.93621824483670
1 37309U 93036BJZ 18204.20492866 +.00012919 +00000-0 +45606-3 0  9991
2 37309 074.0130 052.4915 0029622 067.2090 293.2237 15.28830409482596
1 37312U 93036BKC 18204.57292701 +.00000177 +00000-0 +66077-4 0  9990
2 37312 074.0333 158.0741 0020897 204.5565 155.4596 14.38796897473165
1 37314U 93036BKE 18204.18342469 +.00001835 +00000-0 +18939-3 0  9991
2 37314 073.9327 128.1292 0075233 356.0666 003.9912 14.88962032459474
1 37315U 93036BKF 16249.93329128  .00000583  00000-0  18053-3 0  9995
2 37315  74.0251 335.6020 0016247 180.7077 179.4590 14.41113040445668
1 37316U 93036BKG 18204.40087108 +.00000609 +00000-0 +16483-3 0  9994
2 37316 074.0372 111.8814 0075136 148.9896 211.5732 14.48285268468610
1 37320U 93036BKL 18204.76109638 +.00000177 +00000-0 +43515-4 0  9998
2 37320 074.0551 348.1844 0066328 053.8287 306.8988 14.58308255266770
1 37321U 93036BKM 18101.37386963  .00152828  00000-0  30593-2 0  9991
2 37321  74.0251 350.5555 0009659 163.7296 196.4227 15.46063421460988
1 37322U 93036BKN 18204.96667090 +.00001996 +00000-0 +20462-3 0  9998
2 37322 074.0497 194.6988 0049436 226.7818 164.0462 14.90322159277224
1 37323U 93036BKP 18204.41459446 +.00008816 +00000-0 +26408-3 0  9997
2 37323 073.9076 236.7182 0042479 041.8268 318.6168 15.33715575481576
1 37325U 93036BKR 18204.20975659 +.00001196 +00000-0 +22484-3 0  9999
2 37325 074.1207 042.2309 0041473 006.9548 353.2187 14.65263973473542
1 37326U 93036BKS 18204.85902487 +.00000221 +00000-0 +61286-4 0  9992
2 37326 074.0277 035.5205 0067562 115.1178 245.7013 14.51009782464609
1 37327U 93036BKT 18204.37853752 +.00000881 +00000-0 +22966-3 0  9993
2 37327 074.0249 094.4899 0025432 137.5995 222.7137 14.50858959466989
1 37329U 93036BKV 18204.34881873 +.00003699 +00000-0 +34772-3 0  9995
2 37329 074.0122 212.7715 0028806 280.9692 078.8251 14.94001206473571
1 37330U 93036BKW 18204.15860324 +.00000097 +00000-0 +30032-4 0  9999
2 37330 074.0199 006.4334 0064489 160.5299 199.8348 14.52723872471208
1 37331U 93036BKX 18204.91438036 +.00000210 +00000-0 +93114-4 0  9992
2 37331 074.0765 282.2665 0063465 258.0059 101.3971 14.28083024461838
1 37334U 93036BLA 18203.92453485 +.00010153 +00000-0 +40555-3 0  9997
2 37334 074.0127 024.4724 0028475 082.3663 278.0769 15.24838377355112
1 37335U 93036BLB 18204.23987693 +.00001498 +00000-0 +42573-3 0  9990
2 37335 074.0059 180.4687 0045013 185.0220 175.0493 14.45667714417357
1 37336U 93036BLC 18204.39396084 +.00000041 +00000-0 +24888-4 0  9999
2 37336 074.0377 213.3612 0031276 232.1126 127.7195 14.31775959441806
1 37337U 93036BLD 18204.78236289 +.00000766 +00000-0 +15977-3 0  9995
2 37337 074.0215 004.0280 0037285 083.4476 339.9169 14.61303527355741
1 37340U 93036BLG 18203.29816856 +.00000083 +00000-0 +38887-4 0  9996
2 37340 074.0246 189.6813 0019916 221.2605 138.7043 14.34294772453317
1 37341U 93036BLH 18203.75688212 +.00009267 +00000-0 +44231-3 0  9993
2 37341 073.9970 095.1443 0017381 209.4228 206.3197 15.19034289472247
1 37342U 93036BLJ 18204.43221937 +.00001131 +00000-0 +21050-3 0  9993
2 37342 073.7397 234.9267 0040181 208.2851 151.6135 14.65967146199583
1 37343U 93036BLK 18204.77029634 +.00000583 +00000-0 +20361-3 0  9995
2 37343 074.0205 240.9376 0121039 156.2647 204.4155 14.33437393264348
1 37379U 01055G   18204.42970997 -.00003646 +00000-0 -74007-2 0  9993
2 37379 066.1054 327.3418 0122090 151.1395 270.8301 13.29512527785019
1 37400U 99025EFS 18204.33635043 +.00000045 +00000-0 +65351-4 0  9994
2 37400 098.8619 237.1758 0410486 329.8044 028.0003 13.60448340435157
1 37401U 99025EFT 18204.28349039 +.00000225 +00000-0 +92128-4 0  9998
2 37401 098.7128 237.2178 0178789 245.2892 112.9586 14.28768260468705
1 37402U 99025EFU 18204.28016286 +.00001790 +00000-0 +44684-3 0  9995
2 37402 099.3636 234.8664 0029439 071.4059 289.0327 14.52790818248730
1 37403U 99025EFV 18204.54899910 +.00005212 +00000-0 +59019-3 0  9999
2 37403 098.9223 120.6963 0036554 044.9345 315.4815 14.86452256269749
1 37404U 99025EFW 18203.57944097 +.00000400 +00000-0 +19158-3 0  9993
2 37404 098.6510 242.8963 0050006 140.0058 013.3000 14.23745713442602
1 37405U 99025EFX 18204.39085802 +.00001009 +00000-0 +23825-3 0  9997
2 37405 098.5975 273.9531 0086864 330.8193 028.8164 14.54303520494040
1 37406U 99025EFY 18199.96779116 +.00000115 +00000-0 +10108-3 0  9999
2 37406 098.4344 246.3657 0162696 288.4269 193.2307 13.96311528254371
1 37408U 99025EGA 18203.87025446 +.00003377 +00000-0 +85973-3 0  9992
2 37408 098.5537 170.2431 0066515 114.7120 276.4925 14.49991139429930
1 37409U 99025EGB 17316.22690948  .00001540  00000-0  87200-3 0  9996
2 37409  97.7846 118.7296 0124567  94.7494 266.7916 14.07372206513291
1 37410U 99025EGC 18201.34667402  .00000480  00000-0  39513-3 0  9990
2 37410  98.0989  39.8834 0139027  58.0685 303.3910 13.88676404535783
1 37411U 99025EGD 18176.05592118  .00000051  00000-0  48358-4 0  9993
2 37411  97.8048 252.2565 0278130  38.1988 323.8529 13.91545540487883
1 37412U 99025EGE 18204.07195720 +.00001269 +00000-0 +51633-3 0  9997
2 37412 098.9515 306.7754 0018951 344.4416 015.6180 14.29274985461427
1 37413U 99025EGF 18204.00947953 +.00001692 +00000-0 +58213-3 0  9995
2 37413 098.6505 130.1756 0079557 350.9235 009.0507 14.35559910484779
1 37414U 99025EGG 18156.83307988  .00001097  00000-0  63747-3 0  9998
2 37414  98.0414  10.4830 0207586 344.2275  15.2490 14.00208117525601
1 37415U 99025EGH 18200.75840018  .00000026  00000-0  79125-4 0  9995
2 37415  98.9077 180.4350 0287248 236.1441 121.2058 13.50313455544412
1 37416U 99025EGJ 18201.41454170 +.00001324 +00000-0 +52467-3 0  9991
2 37416 099.2346 055.8221 0045968 233.6954 125.9977 14.30168062219691
1 37417U 99025EGK 18204.30497803 +.00000309 +00000-0 +21383-3 0  9998
2 37417 098.9008 235.9534 0080365 273.4504 085.7473 14.04806700492702
1 37418U 99025EGL 18153.41724235  .00000318  00000-0  91497-3 0  9999
2 37418  98.6175 216.8221 1077417 322.7009  30.3709 11.90204679378428
1 37419U 99025EGM 18011.00269686  .00002345  00000-0  12278-2 0  9993
2 37419  98.6158 288.0225 0494469  43.3141 320.5789 13.66546418358062
1 37420U 99025EGN 18200.89248448 +.00000392 +00000-0 +30407-3 0  9990
2 37420 098.9941 241.3372 0074149 183.6796 176.3830 13.97143338220010
1 37421U 99025EGP 18203.89747141 +.00000050 +00000-0 +98834-4 0  9998
2 37421 098.9007 092.0628 0413876 018.9884 342.6176 13.38587283427837
1 37422U 99025EGQ 18185.97721334  .00000649  00000-0  34261-3 0  9990
2 37422  98.9422 239.0677 0039196 308.2553  51.5097 14.17038089488718
1 37423U 99025EGR 18204.39620891 +.00000389 +00000-0 +28043-3 0  9997
2 37423 099.0332 272.0131 0053283 123.0687 237.5611 14.01967753451728
1 37424U 99025EGS 18203.98598312 +.00000164 +00000-0 +88266-4 0  9999
2 37424 097.2120 108.8955 0239523 345.2590 014.1682 14.08346198470985
1 37425U 99025EGT 18175.10250382  .00000457  00000-0  41399-3 0  9994
2 37425  97.1739 281.8016 0169445 312.1556 170.6946 13.80877202473530
1 37426U 99025EGU 16061.14323924 +.00003714 +00000-0 +98617-3 0  9998
2 37426 096.6369 033.5424 0078370 167.6581 203.8538 14.47218032071888
1 37427U 99025EGV 18204.51709608 +.00000176 +00000-0 +23311-4 0  9997
2 37427 098.5885 109.9777 0263654 243.4905 113.9047 14.73401646204187
1 37428U 99025EGW 18204.30901317 +.00000735 +00000-0 +39831-3 0  9990
2 37428 097.7295 008.0456 0079036 151.4826 209.0708 14.13265045563786
1 37429U 99025EGX 18203.37261541 +.00000104 +00000-0 +84804-4 0  9996
2 37429 098.8464 259.7120 0108080 057.9059 303.2547 14.05903657251141
1 36062U 93036AXZ 18176.24831944  .00232344  00000-0  12466-2 0  9995
2 36062  73.9023 267.2864 0010917   2.9340 357.1949 15.79459237504418
1 36064U 93036AYB 18200.46808574 +.00000887 +00000-0 +27031-3 0  99921
2 36064 073.8437 122.7984 0067116 196.6932 163.2015 14.42276797264002
1 36065U 93036AYC 10040.58142306 +.00003896 +00000-0 +27252-3 0  9992
2 36065 074.0137 012.2459 0221708 170.6541 189.4362 14.87854867037732
1 36067U 93036AYE 18202.34230561 +.00001325 +00000-0 +29612-3 0  9994
2 36067 074.0137 085.9570 0014120 092.7764 267.5017 14.57727195281741
