1 42423U 00055TT  18204.42833320 +.00000941 +00000-0 +54930-3 0  9993
2 42423 098.9546 279.4379 0027109 039.4657 320.8482 14.10716080117130
1 42296U 95015HN  16156.79985534 +.00001840 +00000-0 +92551-3 0  9990
2 42296 098.8071 160.8571 0016628 053.4994 306.8117 14.17605117037541
1 43360U 99040H   18123.60495047 -.00003307  00000-0 -17672-1 0  9997
2 43360  27.9939 100.7167 3743070 196.9116 146.2069  7.12479668147051
1 42349U 00055QR  18204.05157625 +.00000388 +00000-0 +24261-3 0  9995
2 42349 098.8619 274.1561 0010689 063.8057 296.4212 14.10448971119101
1 43148U 18006C   18204.77092837 +.00002132 +00000-0 +83221-4 0  9991
2 43148 097.3207 322.6060 0018040 334.7463 025.2892 15.26865187029202
1 42359U 00055RB  18204.06658917 +.00000655 +00000-0 +34176-3 0  9990
2 42359 098.9073 289.6395 0022255 242.2463 117.6455 14.17915359119142
1 43364U 99040M   18146.15406378 -.00000692  00000-0 -21850-2 0  9993
2 43364  28.1881 100.5614 3880765 188.2622 162.8760  7.04368845937568
1 43035U 17077B   18204.41952649 +.00001979 +00000-0 +79479-4 0  9998
2 43035 097.3452 278.1692 0015169 300.0893 059.8841 15.26048428035325
1 43395U 11023J   18049.52743214 -.00000301 +00000-0 +00000-0 0  9996
2 43395 004.6148 062.4282 0147418 325.2667 034.0356 01.02865096022775
1 41696U 10007N   18204.23988156 +.00000204 +00000-0 +61187-2 0  9992
2 41696 064.6815 178.5670 5522202 081.9222 334.2715 04.06578400058927
1 42276U 95015GS  18204.08525828 +.00000052 +00000-0 +69272-4 0  9991
2 42276 098.8854 160.3341 0118269 055.3758 305.8488 13.91657397166058
1 42391U 00055SK  18204.04255974 +.00001434 +00000-0 +69836-3 0  9997
2 42391 099.0194 301.6662 0025616 214.1224 145.8305 14.19648028124762
1 41740U 09055H   18204.45431377 +.00002756 +00000-0 +84438-3 0  9994
2 41740 098.5883 288.7212 0004321 154.1150 206.0256 14.42520530105649
1 43428U 16043C   18204.94844645 +.00000174 +00000-0 +55078-4 0  9995
2 43428 074.9690 056.6402 0285210 316.0693 041.8094 14.25582276106686
1 42333U 00055PZ  18204.68140252 +.00000315 +00000-0 +20791-3 0  9999
2 42333 098.9876 284.4293 0022329 125.1774 235.1491 14.08751388122118
1 42673U 15069F   18204.76937353 +.00000056 +00000-0 +13026-4 0  9998
2 42673 097.9342 193.0918 0005281 094.2567 265.9251 14.84858636143289
1 41678U 07052K   16273.28858696  .00000856  00000-0  43665-2 0  9996
2 41678  65.8557 108.7922 5480019  36.8608 344.5427  4.50383187 34219
1 43349U 94074AM  18204.92728744 +.00003185 +00000-0 +37080-3 0  9993
2 43349 098.0965 255.6730 0002515 144.4349 215.7033 14.86010556081716
1 42260U 95015GA  18203.39885383 +.00001739 +00000-0 +41155-3 0  9994
2 42260 098.7132 267.1738 0116880 217.3543 141.9483 14.51405618152899
1 42375U 00055RT  18204.45256669 +.00000419 +00000-0 +24956-3 0  9992
2 42375 098.8526 276.9365 0008164 133.8176 226.3672 14.12709079117442
1 43411U 13052F   18203.99891279 +.00000007 +00000-0 +21084-4 0  9998
2 43411 098.6686 291.7677 0005066 173.3130 186.8119 14.26440278242866
1 42248U 93016DC  18204.43623252 +.00001449 +00000-0 +61946-3 0  9998
2 42248 070.9662 234.0166 0124974 230.3357 128.6694 14.22535626244365
1 42317U 95015JK  18204.52034047 +.00001016 +00000-0 +43251-3 0  9993
2 42317 098.7832 228.0136 0031356 019.0291 341.2054 14.27139176153412
1 41713U 00055PT  18204.31835899 +.00000711 +00000-0 +55756-3 0  9997
2 41713 098.8821 245.4831 0116673 187.1204 172.8304 13.92041089111025
1 42292U 95015HJ  18204.96460554 +.00001493 +00000-0 +70846-3 0  9998
2 42292 098.7660 206.8745 0030037 139.9936 220.3461 14.20806507164891
1 42407U 00055TB  18204.18446832 +.00000916 +00000-0 +52723-3 0  9996
2 42407 098.9941 286.7608 0020663 027.6281 332.5983 14.11671078118615
1 41827U 99025EYE 18203.64079480 +.00000510 +00000-0 +30116-3 0  9999
2 41827 098.9313 261.2074 0062144 346.3308 013.6177 14.11356432091402
1 41716U 00055PW  18204.06562283 +.00000457 +00000-0 +26632-3 0  9994
2 41716 098.8370 276.4241 0006787 166.3307 193.8050 14.13436601117370
1 43387U 09055N   18203.24897137  .00020233  00000-0  43964-2 0  9997
2 43387  98.7000 306.1464 0040495 159.2566 201.0286 14.57551752 95141
1 42295U 95015HM  18204.92660398 +.00000961 +00000-0 +52048-3 0  9998
2 42295 098.7703 192.3035 0035829 208.3568 151.5655 14.14500127163856
1 41830U 99025EYH 18204.08653944 +.00000469 +00000-0 +27875-3 0  9996
2 41830 098.9327 261.6227 0064036 348.3491 011.6194 14.11326731090823
1 43535U 18056G   18204.68606655 +.00627852 +89486-4 +26624-2 0  9998
2 43535 097.8527 275.6648 0356243 110.5034 253.4728 15.29310470002213
1 42426U 00055TW  18202.39456515 +.00000447 +00000-0 +27556-3 0  9992
2 42426 098.7697 262.6716 0017282 128.7237 231.5482 14.10314086099917
1 42299U 95015HR  18204.23003542 +.00001191 +00000-0 +57380-3 0  9998
2 42299 098.7739 208.1522 0027145 133.7884 226.5544 14.20419725147098
1 42352U 00055QU  18204.66090785 -.00001119 +00000-0 -56834-3 0  9995
2 42352 098.9168 282.0180 0020223 060.0004 300.3172 14.13673992118718
1 43206U 98067NN  18204.30166433 +.00412738 +75672-4 +12736-2 0  9993
2 43206 051.6286 183.1484 0004152 063.8891 296.2542 15.91190125025923
1 42362U 00055RE  18204.31772474 +.00000972 +00000-0 +82569-3 0  9998
2 42362 098.8986 236.2079 0129617 175.8488 184.3776 13.85923131125744
1 43367U 99040Q   18159.05083883 -.00000272  00000-0 -44231-3 0  9994
2 43367  28.2838  86.6398 3978283 210.1628 119.4097  7.04463700140597
1 43038U 17077E   18204.91310382 +.00003135 +00000-0 +10559-3 0  9997
2 43038 097.3175 279.3843 0039621 185.5609 174.5197 15.30760264035458
1 41700U 10007S   18204.08929042 +.00000236 +00000-0 +59415-2 0  9996
2 41700 065.0468 190.8816 5529292 059.6546 343.6229 04.10592169059689
1 42279U 95015GV  18203.51110116 +.00001281 +00000-0 +63305-3 0  9996
2 42279 098.7720 203.4603 0010016 302.1056 057.9147 14.19127801168420
1 42394U 00055SN  18204.51605090 +.00000879 +00000-0 +40689-3 0  9997
2 42394 098.8949 295.7204 0054094 233.3694 126.2502 14.22680520122533
1 41743U 09055L   18204.42003999 +.00003062 +00000-0 +97775-3 0  9998
2 41743 098.5384 284.7544 0008995 157.0810 203.0781 14.40386240105385
1 43431U 17034G   18204.93439066 +.00000113 +00000-0 +46820-4 0  9994
2 43431 043.1043 062.4468 0225812 288.9254 068.7221 14.55414811056450
1 42410U 00055TE  18202.44120154 +.00000675 +00000-0 +32681-3 0  9996
2 42410 098.8158 283.8695 0044987 244.6951 114.9562 14.21286462124108
1 42336U 00055QC  18204.67534753 -.00005529 +00000-0 -27237-2 0  9999
2 42336 099.0153 290.4322 0003892 170.1507 189.9744 14.17132174120761
1 42676U 16029B   18203.93681791 +.00000185 +00000-0 +73970-4 0  9995
2 42676 098.0595 201.0454 0258552 348.6173 010.9228 14.22127457101041
1 41682U 07052P   18042.99808065 -.00022716 +00000-0 -10711+0 0  9994
2 41682 065.2632 329.3644 5698839 008.4633 357.2628 04.20895337053372
1 43352U 95058M   18204.41339570 +.00003371 +00000-0 +12280-2 0  9990
2 43352 071.0110 206.5187 0008149 338.5216 021.5573 14.33825754198618
1 42263U 95015GD  18204.32286014 +.00000590 +00000-0 +47900-3 0  9995
2 42263 098.8134 150.8010 0128848 035.3745 325.5879 13.89980735166336
1 42378U 00055RW  18204.44879629 +.00000620 +00000-0 +31879-3 0  9997
2 42378 098.8536 286.1068 0026984 219.1043 140.8183 14.18791062122969
1 43414U 14007D   18203.86831313 -.00000155 +00000-0 +00000-0 0  9997
2 43414 014.2699 318.8620 4710118 301.6406 020.8717 01.89406992026077
1 42251U 93016DF  18204.92067666 +.00001173 +00000-0 +39230-3 0  9992
2 42251 070.9729 316.3311 0091043 021.9325 338.5666 14.37173223703456
1 42320U 95015JN  18204.82344296 +.00000683 +00000-0 +33351-3 0  9999
2 42320 098.7681 212.4549 0015100 028.2380 331.9612 14.21261497170379
1 42323U 95015JR  18204.20880432 +.00000039 +00000-0 +42512-4 0  9996
2 42323 098.7955 202.7855 0002672 353.4813 006.6326 14.15084586144297
1 41719U 15020G   18204.72413763 +.00000023 +00000-0 +58235-4 0  9990
2 41719 082.4930 342.1963 0221913 338.2589 020.9199 12.75060987144716
1 43390U 09055R   18204.02007622 +.00007745 +00000-0 +18501-2 0  9992
2 43390 098.5706 293.7616 0005558 295.4041 064.6579 14.53910023083969
1 41833U 99025EYL 18204.14092686 +.00000424 +00000-0 +25559-3 0  9994
2 41833 098.9330 261.4139 0063421 350.8486 009.1524 14.11074364091832
1 42429U 00055TZ  18203.41667687 +.00000702 +00000-0 +44594-3 0  9998
2 42429 098.8834 266.3368 0039148 109.8080 250.7315 14.06710796097941
1 43394U 10023D   18011.43749006  .00001237  00000-0  28196-2 0  9994
2 43394 100.4267 220.9987 0040066 290.8949  68.7884 13.27952810207490
1 42302U 95015HU  18204.24437042 +.00001448 +00000-0 +56591-3 0  9998
2 42302 098.7048 220.6611 0039887 006.6700 353.5005 14.30683571155483
1 41661U 00055PA  18204.71195350 +.00000752 +00000-0 +39139-3 0  9996
2 41661 098.9509 293.9585 0029834 276.1319 083.6456 14.17491023116727
1 42355U 00055QX  18204.63980168 -.00000073 +00000-0 -19090-4 0  9990
2 42355 098.8844 266.9263 0043102 085.7813 274.8278 14.03836761124709
1 43237U 18025B   18204.26787114 +.00001454 +00000-0 +64235-4 0  9994
2 43237 097.2403 320.6104 0015514 328.7439 031.2875 15.23169844019418
1 42365U 00055RH  18204.09576527 +.00000871 +00000-0 +41038-3 0  9991
2 42365 098.8981 294.4720 0056633 240.0525 119.5021 14.21753026126137
1 43401U 12026N   18204.58767994 -.00000160 +00000-0 +00000-0 0  9991
2 43401 012.3604 004.4433 4135841 331.2457 005.9978 01.75796446038108
1 43370U 01056P   18201.70871616 +.00000197 +00000-0 +32524-3 0  9993
2 43370 099.3655 170.7122 0139212 349.0879 010.7249 13.55220832230485
1 42306U 95015HY  18203.98162813 +.00001292 +00000-0 +57014-3 0  9991
2 42306 098.7586 215.9277 0035172 086.8995 273.6208 14.24726820151052
1 41703U 10007V   18201.94231614 +.00000083 +00000-0 +89797-3 0  9999
2 41703 065.0736 139.4616 5550770 056.9655 344.6374 04.30042398050479
1 43376U 07052AC  18052.38388107  .00000299  00000-0  19230-2 0  9998
2 43376  65.2868 324.7011 5771517   6.6687 358.5581  4.09354753 49002
1 42282U 95015GY  18204.90252174 +.00000696 +00000-0 +41364-3 0  9995
2 42282 098.7913 188.4060 0038502 246.5597 113.1524 14.10341187166932
1 42397U 00055SR  18204.39892998 +.00000641 +00000-0 +36089-3 0  9997
2 42397 098.8292 273.5534 0050028 335.4879 024.3915 14.13351310123594
1 41804U 14016H   18204.48790207 +.00003716 +00000-0 +47970-3 0  9998
2 41804 098.1791 232.2260 0055238 017.1990 343.1076 14.80554847102240
1 43490U 18048E   18204.43960010 +.00000133 +00000-0 +27497-4 0  9999
2 43490 098.1765 279.9736 0036817 090.0766 270.4661 14.74964985007273
1 42413U 00055TH  18204.68105522 +.00000701 +00000-0 +35169-3 0  9993
2 42413 098.8698 289.2887 0030872 210.0438 149.8967 14.19607287123911
1 43380U 07052AG  18047.17329153  .00003875  00000-0  68594-2 0  9990
2 43380  64.3565 285.8538 5738357  26.9564 353.9214  4.26292432 46425
1 42339U 00055QF  18204.45054624 +.00000827 +00000-0 +43725-3 0  9997
2 42339 099.0241 299.2517 0022993 288.2313 071.6359 14.16499797116742
1 42679U 16049D   18204.79553763 +.00000015 +00000-0 +16851-4 0  9999
2 42679 098.4082 215.1719 0008022 106.4494 253.7580 14.45196030102902
1 41685U 07052S   17118.22263069  .00174662  00000-0  21841+0 0  9997
2 41685  65.5686  49.1062 5735656  25.2129 354.2492  4.30107044 36272
1 42266U 95015GG  18204.85324094 +.00000689 +00000-0 +32408-3 0  9993
2 42266 098.7741 218.2636 0036004 082.9322 277.5948 14.22857274161287
1 42381U 00055RZ  18204.53472618 +.00002279 +00000-0 +95169-3 0  9992
2 42381 099.0088 310.6127 0050519 201.7138 158.1900 14.26536392123478
1 43418U 14080G   18204.43672606 -.00000046 +00000-0 +72423-4 0  9995
2 43418 063.4080 175.5112 0122313 002.2449 357.9100 13.44481369156952
1 42269U 95015GK  18203.99408194 +.00001993 +00000-0 +38483-3 0  9992
2 42269 098.6741 276.7252 0132894 161.0184 199.6036 14.59163394174156
1 42384U 00055SC  18204.05949868 +.00000489 +00000-0 +28257-3 0  9993
2 42384 098.8347 275.6480 0016164 321.1912 038.8098 14.13571792122574
1 41722U 15020K   18204.10943719 +.00000016 +00000-0 +26163-4 0  9992
2 41722 082.4933 349.4858 0179662 358.8626 001.2037 12.70387752125325
1 43421U 14080K   18200.46137267 -.00000053 +00000-0 +60775-4 0  9992
2 43421 063.4029 187.9586 0121338 002.1818 357.9712 13.43982585100735
1 42326U 95015JU  18204.00244105 +.00001478 +00000-0 +70872-3 0  9995
2 42326 098.8301 217.9002 0014781 330.6150 029.4194 14.20472753144337
1 43393U 10023C   18204.54517819 +.00000893 +00000-0 +21086-2 0  9992
2 43393 100.3906 054.4834 0003850 199.7715 160.3255 13.26795478225908
1 42234U 93016CN  18203.53939080  .00001596  00000-0  71336-3 0  9999
2 42234  70.9873 264.2586 0125144 230.9833 128.0099 14.20087494198320
1 42465U 10042AG  18204.94496289 +.00000127 +00000-0 +29997-2 0  9992
2 42465 023.2944 157.2731 7473210 094.7896 345.3700 01.87030639017737
1 42305U 95015HX  18204.94923556 +.00000713 +00000-0 +35720-3 0  9993
2 42305 098.7766 210.0050 0009867 067.7998 292.4224 14.19820344147691
1 41664U 00055PD  18204.47200389 +.00001378 +00000-0 +68256-3 0  9998
2 41664 098.9168 289.0812 0021676 184.7617 175.3355 14.18842319116525
1 43266U 18031H   18204.88249420 +.00000191 +00000-0 +30029-4 0  9995
2 43266 098.0695 281.9131 0038667 062.0744 298.4375 14.83105747016935
1 42368U 00055RL  18204.05131047 +.00000474 +00000-0 +28794-3 0  9997
2 42368 098.8841 277.0284 0012459 032.7702 327.4239 14.11070049118710
1 43404U 12066G   18204.59403871 -.00000067 +00000-0 +39706-4 0  9995
2 43404 063.3603 269.2481 0109108 218.4770 140.8413 12.92717980220302
1 42241U 93016CV  17099.09223855  .00001724  00000-0  60744-3 0  9990
2 42241  98.9809 193.5088 0092623  87.4335 273.7981 14.32451612362955
1 43375U 07029S   18204.51269883 +.00000477 +00000-0 +33074-3 0  9995
2 43375 070.9057 145.2315 0126293 279.6504 201.0535 14.00323973551165
1 42309U 95015JB  18204.23122851 +.00002229 +00000-0 +88969-3 0  9995
2 42309 098.6923 210.6009 0043469 072.5077 288.0849 14.28967670168553
1 41706U 00055PL  18203.96997594 +.00000496 +00000-0 +33207-3 0  9997
2 41706 098.8779 267.4556 0039423 066.4996 294.0306 14.05040438122833
1 43379U 07052AF  18202.18164148  .00003583  00000-0  36790-2 0  9992
2 43379  64.0661 214.2402 5747465  30.9537 352.9432  4.30023431 59856
1 42285U 95015HB  18204.21594510 +.00000570 +00000-0 +35197-3 0  9993
2 42285 098.8660 197.5364 0038103 297.8675 061.8637 14.08999022159879
1 42400U 00055SU  18203.45134690  .00000344  00000-0  21589-3 0  9995
2 42400  98.8241 270.1786 0024235   7.8830 352.2717 14.10814246118331
1 41810U 06062Q   18204.12148499 +.00015628 +00000-0 +21904-2 0  9991
2 41810 064.6791 313.6804 5488449 356.9673 000.7093 04.84454319032337
1 43504U 17084E   18204.91044696 +.00001798 +00000-0 +87639-4 0  9992
2 43504 097.5699 283.6737 0019996 110.2875 250.0511 15.19499887031769
1 42416U 00055TL  18204.03371672 +.00000721 +00000-0 +40195-3 0  9993
2 42416 098.8954 281.2266 0021108 330.0812 029.9153 14.14058734118745
1 42342U 00055QJ  17122.05226549  .00026146  00000-0  92584-2 0  9990
2 42342  99.0041 204.0625 0017336 106.0448 254.3218 14.34519994 53925
1 43097U 17084D   18204.89286423 +.00003617 +00000-0 +98994-4 0  9990
2 43097 097.3382 282.5595 0050758 283.6155 075.9439 15.36720975032117
1 43356U 98008G   18203.80774863 +.00000382 +00000-0 +23209-2 0  9994
2 43356 051.9095 124.2510 0034555 119.3730 241.0598 12.74154536116828
1 42973U 10041N   18203.93205492 +.00000589 +00000-0 +93242-2 0  9993
2 42973 065.0327 066.2965 5566698 070.8854 339.6854 04.23188755013635
1 41689U 07052W   18037.77969986  .01888812  00000-0  14051+0 0  9998
2 41689  64.9111 257.3614 4886402  14.7148 355.6075  5.86778452 55796
1 43359U 99025EYQ 18204.94954402 +.00000690 +00000-0 +43587-3 0  9996
2 43359 099.1895 207.7178 0095216 012.3472 347.9997 14.05363978097102
1 42978U 10041T   18203.61232015 -.00000080 +00000-0 -52317-4 0  9992
2 42978 065.6666 059.4219 5458645 061.7193 342.5372 04.50660790014458
1 41692U 07052Z   18204.23155746 +.00001976 +00000-0 +13853-2 0  9999
2 41692 065.1948 228.2511 5796902 349.7310 002.3058 04.25715995056111
1 42272U 95015GN  18202.17220826 +.00000714 +00000-0 +39860-3 0  9999
2 42272 098.7654 189.6078 0026605 203.0007 156.9977 14.13867844157876
1 42387U 00055SF  18203.43428987 +.00000707 +00000-0 +38367-3 0  9997
2 42387 098.8756 282.0880 0018603 283.0224 076.8872 14.15589590125076
1 41736U 09055D   18204.84993117 +.00000957 +00000-0 +32707-3 0  9990
2 41736 098.5185 282.8608 0004737 130.0105 230.1498 14.38564237105538
1 43424U 15040C   18204.94678735 +.00000001 +00000-0 +12003-3 0  9991
2 43424 100.3406 251.3404 0151827 027.6479 333.2602 13.09931440134394
1 42329U 95015JX  18204.31589831 +.00001158 +00000-0 +38848-3 0  9992
2 42329 098.6514 231.3981 0072031 294.7657 064.6047 14.37749684147478
1 42237U 93016CR  18185.17942748  .00000837  00000-0  40052-3 0  9994
2 42237  70.9594  14.6456 0133616 325.0367  34.2034 14.17421231782072
1 42669U 91050T   18204.56360711 +.00000815 +00000-0 +27785-3 0  9992
2 42669 098.4735 150.9976 0029951 190.2202 169.8380 14.38822619071854
1 41667U 00055PG  18204.47985505 +.00000283 +00000-0 +15814-3 0  9997
2 41667 098.8403 285.6968 0032344 194.7395 165.2840 14.18311981118414
1 43345U 94057H   18204.56606769 +.00019324 +00000-0 +55047-2 0  9996
2 43345 099.1745 238.5601 0036433 136.5586 223.8483 14.44889119090978
1 42256U 93016DL  15053.40661193 +.00011073 +00000-0 +52194-2 0  9997
2 42256 070.9554 335.3796 0129353 304.8790 063.7745 14.15690330339448
1 42371U 00055RP  18204.13151494 +.00001142 +00000-0 +51675-3 0  9995
2 42371 099.0575 311.9087 0052491 185.4871 174.5738 14.23358873129188
1 43407U 13014D   18198.40590718 -.00000132  00000-0  00000+0 0  9994
2 43407  14.4095 299.3210 4858300  15.8808 355.0989  1.91511325 19969
1 42244U 93016CY  18140.36126081 -.00000026  00000-0  10000-4 0  9990
2 42244  71.0239  33.4531 0116975 331.1235  28.2695 14.20783326777960
1 42313U 95015JF  18204.14775112 +.00001812 +00000-0 +10575-2 0  9998
2 42313 098.7461 180.7967 0057425 293.6488 065.8661 14.08864766166264
1 41709U 00055PP  18202.03436266  .00000764  00000-0  39644-3 0  9990
2 41709  98.9657 290.6992 0037333 178.1257 182.0064 14.17494549121052
1 42288U 95015HE  18204.35880383 +.00001010 +00000-0 +33751-3 0  9991
2 42288 098.8069 256.5671 0076948 282.8707 076.3891 14.38100719167884
1 42403U 00055SX  18204.85364556 +.00002472 +00000-0 +45753-3 0  9992
2 42403 098.8802 345.9317 0154615 050.9729 310.5116 14.58924855124168
1 41823U 99025EYA 18204.42716318 +.00000379 +00000-0 +23143-3 0  9995
2 41823 098.9341 261.7339 0062747 348.6032 011.3715 14.10994225091989
1 43507U 18025E   18204.89715528 +.00004500 +00000-0 +13038-3 0  9992
2 43507 097.2337 323.2352 0052003 221.6129 138.1153 15.34721574017284
1 42419U 00055TP  18202.64673807 +.00000878 +00000-0 +49923-3 0  9997
2 42419 098.8874 273.8010 0029054 012.1058 348.0806 14.12274721121941
1 42345U 00055QM  18204.39557857 +.00001047 +00000-0 +47996-3 0  9992
2 42345 098.7505 279.0288 0052598 234.9973 124.6261 14.22751216116221
1 43104U 18002F   18204.90597860 +.00002079 +00000-0 +85467-4 0  9994
2 43104 097.4310 280.3971 0052717 007.9825 352.2239 15.24069718029810
1 42348U 00055QQ  18203.39713442 +.00000177 +00000-0 +14648-3 0  9999
2 42348 098.8046 249.6954 0079251 092.2073 268.8169 13.99305676124066
1 43147U 18006B   18204.28107824 +.00002241 +00000-0 +10004-3 0  9998
2 43147 097.2477 319.0474 0013746 148.3662 211.8403 15.22288122029043
1 42358U 00055RA  18204.47043708 +.00000724 +00000-0 +42140-3 0  9997
2 42358 098.9154 277.9671 0054834 351.4801 008.5434 14.11036229090579
1 43363U 99040L   18198.60624780  .00002005  00000-0  14642-2 0  9997
2 43363  28.3500 275.7265 3480846 113.1739 286.9502  8.02905021155551
1 42981U 10041W   18203.84196649 -.00000022 +00000-0 +33307-3 0  9995
2 42981 065.7844 060.9906 5465908 060.0780 008.1278 04.48809366014030
1 41695U 10007M   17258.46786204  .00000057  00000-0  10000-2 0  9998
2 41695  65.0120 241.5735 5050318  79.9536 331.2490  4.44595654 50024
1 42275U 95015GR  18203.40157741 +.00001706 +00000-0 +37716-3 0  9994
2 42275 098.6201 258.4036 0122072 187.6715 172.2617 14.54135214173103
1 42390U 00055SJ  18204.66320358 +.00000432 +00000-0 +24104-3 0  9999
2 42390 098.8163 278.9497 0017848 205.0035 155.0276 14.15964796124852
1 41739U 09055G   18204.81867984 +.00346552 +00000-0 +98005-2 0  9998
2 41739 098.5751 334.5449 0036488 199.7167 160.2664 15.34279042107596
1 43427U 16033E   18204.27675327 +.00001467 +00000-0 +14884-3 0  9993
2 43427 097.4827 234.7692 0213881 137.5988 224.1975 14.76773560104838
1 42332U 00055PY  18204.48434853 +.00014699 +00000-0 +61411-2 0  9992
2 42332 099.0882 302.1922 0046769 311.4940 048.2229 14.25629427123145
1 42240U 93016CU  18204.12668089 +.00000883 +00000-0 +44765-3 0  9994
2 42240 070.9738 015.2495 0141688 307.2304 051.5957 14.13703587537849
1 42255U 93016DK  18204.55486375 +.00000270 +00000-0 +15421-3 0  9990
2 42255 071.0070 280.7251 0011292 232.0520 190.8515 14.18263870241476
1 42672U 15069E   18203.82007646 +.00000375 +00000-0 +76965-4 0  9991
2 42672 098.0060 159.2999 0163143 090.2030 271.7864 14.58185280135491
1 41676U 07052H   17293.19324567  .00003645  00000-0  11038+0 0  9997
2 41676  65.6862   1.7040 5483894 356.0781   5.3725  4.20436723 48760
1 43348U 94074AL  18204.35235887 +.00003194 +00000-0 +40226-3 0  9996
2 43348 098.0708 250.5822 0001933 095.8062 264.3371 14.82729060061008
1 42259U 95015FZ  18201.96780585 +.00000443 +00000-0 +22577-3 0  9999
2 42259 098.7724 209.5879 0016210 032.5170 327.7002 14.20712443149664
1 42374U 00055RS  18204.15435639 +.00000740 +00000-0 +42812-3 0  9992
2 42374 098.9016 277.1848 0018125 111.6697 248.6406 14.11933570117508
1 43410U 13052E   18202.10845193 +.00000073 +00000-0 +95812-4 0  9996
2 43410 098.8314 157.8500 0246933 184.7108 175.1716 13.74157281233666
1 42247U 93016DB  18204.57968923 +.00001367 +00000-0 +62706-3 0  9993
2 42247 070.9923 284.8444 0126962 240.1758 118.6697 14.18893891724449
1 42316U 95015JJ  18204.87451138 +.00001825 +00000-0 +62420-3 0  9991
2 42316 098.7084 234.8123 0055706 292.8344 066.6964 14.36649764172144
1 41712U 00055PS  18203.05526173 +.00000746 +00000-0 +41581-3 0  9997
2 41712 098.8876 277.3882 0054839 143.4023 217.0915 14.13231584116034
1 42291U 95015HH  18204.18846073 +.00001516 +00000-0 +73270-3 0  9995
2 42291 098.7524 199.9852 0024779 163.8666 196.3304 14.19884067158753
1 42406U 00055TA  18204.45397490 +.00000166 +00000-0 +11024-3 0  9996
2 42406 098.8433 280.0357 0016874 291.9711 067.9668 14.14164586120616
1 41826U 99025EYD 18204.10563115 +.00000398 +00000-0 +24051-3 0  9998
2 41826 098.9305 261.4961 0063435 348.7986 011.1770 14.11277058091881
1 42422U 00055TS  18204.43033903 +.00000496 +00000-0 +28422-3 0  9994
2 42422 098.8789 281.3388 0014386 293.5571 066.4091 14.13987777117540
1 42294U 95015HL  18203.89533590 +.00001257 +00000-0 +73456-3 0  9990
2 42294 098.8038 187.4337 0048579 289.0977 070.4936 14.09630112163216
1 42409U 00055TD  18204.48740296 +.00000783 +00000-0 +36174-3 0  9996
2 42409 098.7866 285.1258 0051589 166.4840 193.7733 14.23112874121418
1 41829U 99025EYG 18204.58454648 +.00000494 +00000-0 +29256-3 0  9992
2 41829 098.9332 262.1706 0064516 346.7716 013.1761 14.11296563091322
1 43533U 18056E   18204.92450683 +.01856288 +24642-5 +33161-2 0  9997
2 43533 098.0543 277.3011 0151542 117.3087 244.3579 15.84020531002303
1 42425U 00055TV  18204.40295584 +.00000491 +00000-0 +32383-3 0  9995
2 42425 098.8697 268.5226 0030902 093.7046 266.7656 14.06117292100046
1 42298U 95015HQ  18204.87242089 +.00000641 +00000-0 +75700-3 0  9993
2 42298 098.7166 076.2622 0283919 224.9017 132.8841 13.55367270141503
1 42351U 00055QT  18204.67600034 +.00000686 +00000-0 +30528-3 0  9997
2 42351 098.7331 283.5420 0055484 174.0714 186.1134 14.25288523119782
1 43150U 18006E   18204.56669182 +.00003552 +00000-0 +10273-3 0  9997
2 43150 097.4654 328.3449 0047776 353.6990 006.3646 15.35178939029297
1 42361U 00055RD  18203.98477631 +.00000841 +00000-0 +50984-3 0  9997
2 42361 098.8895 264.8014 0090130 158.4602 202.0396 14.07043992127572
1 43366U 99040P   18169.06813867 -.00000009  00000-0 -84422-4 0  9993
2 43366  28.2252  93.6334 3941669 200.1033 138.6443  7.02701678 63039
1 43037U 17077D   18204.88997120 +.00004882 +00000-0 +12995-3 0  9999
2 43037 097.5381 288.3194 0052444 210.4926 149.3266 15.37306695035587
1 41698U 10007Q   18204.39912983 +.00000238 +00000-0 +30013-2 0  9997
2 41698 065.0711 132.6289 5514929 056.0231 344.7616 04.34527472062651
1 42278U 95015GU  18204.91446494 +.00000648 +00000-0 +39013-3 0  9996
2 42278 098.7927 186.8062 0043224 270.0217 089.6000 14.09799931157796
1 42393U 00055SM  18203.63463363 +.00000449 +00000-0 +31562-3 0  9996
2 42393 098.9825 270.9522 0058338 099.0742 261.7031 14.02420586122589
1 41742U 09055K   18204.44870965 +.00000426 +00000-0 +15025-3 0  9993
2 41742 098.4975 283.9044 0009245 292.4401 067.5807 14.39625324105440
1 43430U 17034F   18203.97783616 +.00000110 +00000-0 +47383-4 0  9991
2 43430 043.0147 076.2590 0244067 270.6401 086.6464 14.51670246053791
1 42335U 00055QB  18203.97245801 +.00000507 +00000-0 +27255-3 0  9993
2 42335 098.7504 272.5933 0030809 275.9046 083.8617 14.17077863122873
1 42675U 16012T   18203.74725205 +.00004210 +00000-0 +26550-3 0  9998
2 42675 031.0129 061.0667 0006630 103.3617 256.7760 15.07408440081391
1 41680U 07052M   16333.23774355  .00001267  00000-0  13651-1 0  9998
2 41680  64.2133  24.4426 4833597  31.4908 353.3541  5.30764298 40525
1 43351U 95021J   18204.77588939 +.00002099 +00000-0 +60377-3 0  9990
2 43351 098.7531 225.1050 0006536 150.4169 209.7393 14.45864480155998
1 42262U 95015GC  18204.79307777 +.00000838 +00000-0 +34098-3 0  9994
2 42262 098.6880 218.1696 0050663 009.0847 351.1240 14.29468178171047
1 42377U 00055RV  18204.49884696 +.00002259 +00000-0 +10480-2 0  9995
2 42377 099.1037 304.9038 0035978 153.7468 206.5541 14.21434772087796
1 43413U 13068B   18204.76147191 +.00000219 +00000-0 +76779-4 0  9996
2 43413 097.9716 137.2873 0131169 119.0003 242.4406 14.38671783236193
1 42250U 93016DE  18204.91831095 +.00001252 +00000-0 +61191-3 0  9994
2 42250 070.9994 015.3837 0007981 130.0844 230.0982 14.19888569139843
1 42319U 95015JM  18204.93858110 +.00000613 +00000-0 +36679-3 0  9993
2 42319 098.8617 200.1205 0035269 287.9698 071.7630 14.10572218169296
1 41715U 00055PV  18204.39253649 +.00000417 +00000-0 +24815-3 0  9999
2 41715 098.7542 265.9894 0012311 346.1308 013.9525 14.12720170117426
1 43386U 09055M   18204.86500422 +.00002021 +00000-0 +54767-3 0  9992
2 43386 098.4523 288.3156 0028383 245.5473 114.2758 14.48538707106174
1 42322U 95015JQ  18204.76780786 +.00001216 +00000-0 +61126-3 0  9996
2 42322 098.7502 197.6478 0047839 156.1962 204.1440 14.17708040169934
1 41718U 15020F   18201.06250378  .00000060  00000-0  17171-3 0  9998
2 41718  82.4911 321.2871 0228032 287.9693  69.6679 12.91187024147025
1 43389U 09055Q   18186.30448708  .00182147  00000-0  72870-2 0  9993
2 43389  98.6127 313.1080 0038365 197.8959 162.0926 15.23619162 76758
1 41832U 99025EYK 18204.22750724 +.00000422 +00000-0 +25529-3 0  9991
2 41832 098.9285 261.2972 0063496 349.8069 010.1810 14.10978740091829
1 43543U 10007AC  18199.96267203 +.00007876 +00000-0 +24442-1 0  9995
2 43543 065.9373 158.3633 5743653 043.0739 349.9291 04.19585551002082
1 42428U 00055TY  18204.05415762 +.00000296 +00000-0 +16561-3 0  9994
2 42428 098.8810 288.5709 0027646 234.2054 125.6551 14.18035741080861
1 42301U 95015HT  18204.88409115 +.00002088 +00000-0 +61698-3 0  9992
2 42301 098.7292 247.6160 0075542 255.9340 103.3444 14.42965848158921
1 41660U 00055NZ  18204.48086396 +.00000584 +00000-0 +30786-3 0  9990
2 41660 098.8284 282.0462 0023124 214.4787 145.4889 14.17684557116855
1 42354U 00055QW  18204.42597465 +.00000529 +00000-0 +36509-3 0  9997
2 42354 099.0192 279.6295 0015749 340.7177 019.3391 14.03594094118190
1 43214U 99025EYN 18204.08666059 +.00000421 +00000-0 +25474-3 0  9996
2 43214 098.9288 261.1605 0063475 350.2641 009.7296 14.10964682022353
1 42364U 00055RG  18203.99679536 +.00000717 +00000-0 +40385-3 0  9995
2 42364 098.8807 277.7551 0061787 330.6432 029.1273 14.12639422118902
1 43400U 12026M   18049.18518875 -.00000128  00000-0  00000+0 0  9998
2 43400  12.8400  17.6679 4101926 308.9841  21.0336  1.76667666  6901
1 43369U 01056N   18203.43199253 +.00000729 +00000-0 +40290-3 0  9993
2 43369 099.2647 286.9201 0096441 191.5783 231.2839 14.12431548221657
1 43095U 17084B   18204.67327953 +.00001754 +00000-0 +74069-4 0  9995
2 43095 097.4405 281.4736 0009130 247.7873 112.2397 15.24576384031839
1 41702U 10007U   18204.15766619 +.00018330 +00000-0 +67158-1 0  9991
2 41702 065.8378 130.1920 5203363 050.8825 344.9368 04.95520174059670
1 42281U 95015GX  18204.86548323 +.00000809 +00000-0 +34230-3 0  9993
2 42281 098.7262 221.7037 0043981 331.7876 028.0923 14.27744998169448
1 42396U 00055SQ  18203.44202858 +.00000728 +00000-0 +34615-3 0  9990
2 42396 098.8019 284.4487 0043508 184.6645 175.4132 14.22045604124347
1 41798U 14016B   18204.04921442 +.00004404 +00000-0 +52450-3 0  9993
2 41798 098.1669 233.6716 0061084 010.5405 349.7072 14.83547039102203
1 43487U 18048D   18204.64777935 +.00000258 +00000-0 +45670-4 0  9991
2 43487 097.9096 278.5327 0036436 087.7090 272.8290 14.74843668007586
1 42412U 00055TG  18204.64124294 +.00001186 +00000-0 +61367-3 0  9992
2 42412 098.8150 274.5202 0016304 285.9315 074.0063 14.16825328120851
1 42338U 00055QE  18203.47272888  .00001377  00000-0  59255-3 0  9997
2 42338  98.7582 282.3098 0052760 170.9017 189.3131 14.25528664124835
1 42678U 16049C   18204.81662864 +.00000016 +00000-0 +16927-4 0  9999
2 42678 098.4081 215.2838 0009968 105.0653 255.1642 14.45293836097017
1 41684U 07052R   18150.16903462 -.00003298  00000-0 -55045-1 0  9997
2 41684  62.9458 213.1034 5183933  24.7236 353.4874  4.71821960 62357
1 42265U 95015GF  18204.21919991 +.00000460 +00000-0 +24187-3 0  9990
2 42265 098.7866 208.6418 0007967 080.6675 279.5401 14.18931213137692
1 42380U 00055RY  18204.48588228 +.00001570 +00000-0 +69009-3 0  9997
2 42380 098.8585 292.0951 0049604 175.7286 184.4326 14.24321024123376
1 43417U 14016J   18181.26231813  .00162117  00000-0  79861-2 0  9997
2 43417  98.2131 207.6379 0025916 105.4479 254.9617 15.16929933 98810
1 42268U 95015GJ  18203.07840150 +.00000971 +00000-0 +76832-3 0  9997
2 42268 098.7719 144.0863 0147837 035.5492 325.5409 13.88758106164881
1 42383U 00055SB  18204.42935042 +.00000931 +00000-0 +52509-3 0  9991
2 42383 098.8892 275.1700 0058208 148.5228 211.9447 14.11891591122295
1 41721U 15020J   18204.72137640 +.00000005 +00000-0 -18308-4 0  9998
2 41721 082.4937 342.7879 0245281 338.3397 020.7463 12.74562342144588
1 43420U 14080J   18191.02544572 -.00000237  00000-0 -23513-3 0  9996
2 43420  63.4053 206.6452 0125777   5.1539 355.0749 13.45511566164374
1 42325U 95015JT  18203.99074965 +.00000829 +00000-0 +44034-3 0  9996
2 42325 098.8303 209.6248 0011369 215.1911 144.8513 14.16283259142015
1 43392U 09055T   18204.68563803 +.00002541 +00000-0 +77984-3 0  9994
2 43392 098.5948 287.7790 0010424 250.1109 109.8957 14.42481118099567
1 41928U 16066H   18204.78491328 +.00009465 +00000-0 +15154-2 0  9992
2 41928 098.5250 206.9134 0337508 172.2344 188.4263 14.40438113087757
1 42431U 00055UB  18204.02893297 +.00001230 +00000-0 +63027-3 0  9996
2 42431 098.9828 293.1367 0046226 167.7799 192.4507 14.16828202098725
1 43399U 12025S   18204.80781299 +.00005947 +00000-0 +64758-3 0  9995
2 43399 098.3170 225.7563 0012085 048.5752 311.6499 14.88365877061204
1 42304U 95015HW  18204.51021784 +.00001788 +00000-0 +73987-3 0  9997
2 42304 098.7492 220.3964 0021092 011.7771 348.3898 14.27788984157349
1 41663U 00055PC  18203.67128575 +.00000745 +00000-0 +38734-3 0  9999
2 41663 098.8535 282.6660 0020435 228.5362 131.4058 14.17636644116868
1 42357U 00055QZ  18203.47094248 +.00001025 +00000-0 +56048-3 0  9997
2 42357 098.8629 276.2750 0015854 157.7362 202.4502 14.14172056125709
1 43263U 18031E   18204.88178304 +.00000107 +00000-0 +26424-4 0  9995
2 43263 097.9850 278.1678 0045926 247.9386 111.6939 14.69133100016849
1 42367U 00055RK  18202.98877037 +.00000719 +00000-0 +44596-3 0  9992
2 42367 098.9356 273.5989 0028857 072.1827 288.2487 14.08160057118016
1 43403U 12052C   18202.99223446  .00000206  00000-0  76257-4 0  9995
2 43403  98.0176 119.9337 0225634 331.6939  27.2132 14.28737051301498
1 43374U 07029R   18202.39166537 +.00000514 +00000-0 +49082-3 0  9998
2 43374 071.0679 198.9215 0217622 118.7366 243.5792 13.74840759233626
1 42308U 95015JA  18204.77001223 +.00001145 +00000-0 +64230-3 0  9993
2 42308 098.7922 192.6439 0031983 284.9753 074.7880 14.12360266167001
1 41705U 00055PK  18204.39343580 +.00000221 +00000-0 +13670-3 0  9992
2 41705 098.8469 281.5815 0014960 246.7875 113.1724 14.15138170116864
1 43378U 07052AE  18203.15408875  .00002037  00000-0  31083-2 0  9990
2 43378  64.1736 224.1851 5740131  25.8337 354.1830  4.27307742 56603
1 42284U 95015HA  18203.66076303 +.00002008 +00000-0 +62007-3 0  9993
2 42284 098.8382 257.5654 0056647 299.3559 060.1978 14.41601287160994
1 42399U 00055ST  18200.98438144 +.00000412 +00000-0 +24979-3 0  9990
2 42399 098.8596 272.9662 0012754 011.1615 348.9837 14.11834362119907
1 41808U 06062N   16342.72621571  .00000000  00000-0  00000+0 0  9991
2 41808  64.6620 208.7305 4990304  23.4653 353.1895  5.73249200  6129
1 43503U 08061D   18203.08190764  .00007713  00000-0  60014-3 0  9991
2 43503  97.7111  71.9437 0074866 335.1613  24.6013 14.99315447200732
1 42415U 00055TK  18202.67683320 +.00000753 +00000-0 +39356-3 0  9998
2 42415 098.9358 289.9669 0034588 185.4526 174.6276 14.17178558123138
1 42341U 00055QH  18204.03504338 +.00000877 +00000-0 +40295-3 0  9990
2 42341 098.7657 282.1218 0055416 230.6957 128.9300 14.22995379126862
1 43096U 17084C   18204.66315530 +.00002026 +00000-0 +81159-4 0  9994
2 43096 097.4647 282.6187 0015566 262.3563 097.5907 15.26124874031871
1 43355U 97029D   18204.09184735 +.00000005 +00000-0 +00000-0 0  9994
2 43355 014.3761 021.2705 0134040 327.1996 032.0044 01.00249373013668
1 42797U 17036AJ  18204.64511254 +.00063873 +00000-0 +85686-3 0  9992
2 42797 097.4080 272.1543 0005470 220.9535 139.1310 15.57730825059639
1 41688U 07052V   18185.30973150  .00000098  00000-0  19772-3 0  9998
2 41688  64.1453 232.0347 5733755  25.8475 354.1806  4.27269879 60051
1 42977U 10041S   18203.95922619 +.00017830 +00000-0 +17458-1 0  9997
2 42977 064.9773 053.3835 5658477 069.8898 340.7236 04.43784746014157
1 41691U 07052Y   18204.11594107 +.00005230 +00000-0 +31363-2 0  9996
2 41691 064.4122 211.6922 5764449 015.9664 356.4915 04.31879516057228
1 42271U 95015GM  18204.96410839 +.00000992 +00000-0 +47820-3 0  9995
2 42271 098.7773 210.7134 0008044 087.1762 273.0335 14.20984607158383
1 42386U 00055SE  18202.64693080 +.00000517 +00000-0 +28216-3 0  9997
2 42386 098.8291 278.2571 0024907 186.9641 173.1190 14.16305380125035
1 41735U 09055C   18204.90639541 +.00001383 +00000-0 +45780-3 0  9993
2 41735 098.5200 283.1355 0019195 035.1809 325.0642 14.39401525105545
1 43423U 15030D   18204.60362700 +.00001380 +00000-0 +40834-4 0  9999
2 43423 097.4222 335.6949 0007232 169.5031 190.6366 15.36653081161010
1 42328U 95015JW  18204.73150716 +.00001714 +00000-0 +93680-3 0  9996
2 42328 098.7658 189.0855 0039735 246.0874 113.6133 14.12921970141996
1 42236U 93016CQ  18197.32552743  .00001009  00000-0  51819-3 0  9990
2 42236  70.9856  72.7569 0143646 358.0111   2.0419 14.12531428709118
1 42468U 10057BH  18202.05215082  .00000088  00000-0  13591-2 0  9990
2 42468  20.7305 346.7673 7168315 211.8057  71.5417  2.25901560 29279
1 41666U 00055PF  18204.45260749 +.00000941 +00000-0 +45626-3 0  9995
2 41666 098.9044 290.3732 0031160 244.9656 114.8284 14.20615086116674
1 43344U 94057G   18203.85341661 +.00000741 +00000-0 +39406-3 0  9998
2 43344 099.0620 223.0714 0012735 195.2752 164.8038 14.16624284090179
1 42370U 00055RN  18204.32276087 +.00000849 +00000-0 +60852-3 0  9991
2 42370 098.9162 251.7876 0114161 180.9119 179.1852 13.96703442126700
1 43406U 12073D   18204.53256370 +.00000708 +00000-0 +88110-4 0  9993
2 43406 097.9582 113.6716 0103919 172.4566 187.8240 14.82016336251695
1 42243U 93016CX  18195.98609143  .00001198  00000-0  59614-3 0  9995
2 42243  70.9617  72.0390 0139729 359.1195   0.9658 14.14079805707261
1 42312U 95015JE  18204.24074500 +.00005271 +00000-0 +68086-3 0  9995
2 42312 098.7496 305.9149 0098309 090.0894 271.1579 14.78062700160102
1 41708U 00055PN  18202.43278943 +.00000598 +00000-0 +33526-3 0  9997
2 41708 098.8900 279.4979 0019318 169.4670 190.6911 14.14336076116413
1 42287U 95015HD  18204.82747127 +.00002367 +00000-0 +93306-3 0  9998
2 42287 098.7515 219.3130 0010032 007.3897 352.7431 14.30067422166578
1 42402U 00055SW  18204.50129624 +.00000688 +00000-0 +33334-3 0  9997
2 42402 098.9352 298.1875 0040449 205.8714 154.0441 14.21383736124440
1 41822U 99025EXZ 18204.12967738 +.00000364 +00000-0 +22205-3 0  9997
2 41822 098.9286 261.4246 0063772 348.5864 011.3858 14.11219483091953
1 43506U 18025D   18204.80344117 +.00002909 +00000-0 +99590-4 0  9993
2 43506 097.4647 326.2155 0042256 206.1775 153.7330 15.30224479017061
1 42418U 00055TN  18202.04952117  .00000515  00000-0  29650-3 0  9997
2 42418  98.8422 274.5910 0014413 170.7040 189.4402 14.13576635122110
1 43103U 18002E   18204.91089595 +.00000592 +00000-0 +47220-4 0  9998
2 43103 097.6976 281.2180 0036578 250.5039 109.2234 15.03721591029413
1 43358U 99025EYP 18204.30941943 -.00000159 +00000-0 -16767-3 0  9993
2 43358 098.6912 323.8334 0385569 132.8126 230.6101 13.34108470176856
1 42347U 00055QP  18204.46186343 +.00000835 +00000-0 +39619-3 0  9997
2 42347 098.8784 292.6077 0054250 238.8871 120.6977 14.21513242130081
1 43106U 17008DK  18204.66240198 +.00055378 +00000-0 +11497-2 0  9993
2 43106 097.4610 275.1925 0006488 052.4086 307.7751 15.45489724030692
1 43362U 99040K   18183.00566834  .00002347  00000-0  17801-2 0  9998
2 43362  28.2926 101.3318 4022653 184.0067 171.4808  7.07984049 61569
1 42980U 10041V   18204.06234517 -.00000171 +00000-0 -76708-3 0  9994
2 42980 065.4429 069.9639 5655383 066.1240 342.1125 04.18912084013448
1 41694U 07052AB  18204.33314587 +.00000235 +00000-0 +47751-3 0  9994
2 41694 065.5104 246.4861 5754760 342.7067 003.9534 04.21420915052606
1 42274U 95015GQ  18202.25709889 +.00001407 +00000-0 +60053-3 0  9999
2 42274 098.7518 216.9917 0021863 013.6857 346.4911 14.26535412169720
1 42389U 00055SH  18204.76624418 +.00006275 +00000-0 +23471-2 0  9998
2 42389 099.1180 315.5406 0043790 162.5555 197.7142 14.31624838224102
1 41738U 09055F   18204.73505108 +.00009256 +00000-0 +18110-2 0  9991
2 41738 098.6065 309.4637 0042961 223.2806 136.5016 14.62481856106785
1 43426U 15078B   18204.30169683 +.00001484 +00000-0 +15325-3 0  9997
2 43426 097.3980 147.0001 0205538 319.3692 039.2334 14.77293242137462
1 42331U 95015JZ  18204.24861960 +.00001209 +00000-0 +56274-3 0  9993
2 42331 098.7691 212.4144 0010972 015.3438 344.8070 14.22369911139351
1 42239U 93016CT  18204.24963272 +.00000657 +00000-0 +36993-3 0  9990
2 42239 071.1392 164.1366 0134551 039.6384 321.4478 14.09402372524961
1 42254U 93016DJ  18194.18098957  .00001601  00000-0  55998-3 0  9993
2 42254  70.9835  23.0076 0100785  66.0765 295.0885 14.33847680827996
1 42671U 15069D   18204.79285394 +.00000325 +00000-0 +73281-4 0  9998
2 42671 097.9377 147.4132 0163696 090.3298 271.6658 14.54567222135280
1 41669U 00055PJ  18203.18067168 +.00000816 +00000-0 +42006-3 0  9997
2 41669 098.8010 276.6021 0029384 274.9324 084.8496 14.17795270117668
1 43347U 94074AK  18203.60614764 +.00001725 +00000-0 +20646-3 0  9999
2 43347 098.0863 254.9838 0003443 190.2906 169.8239 14.85478231111472
1 42258U 95015FY  18204.59625865 +.00000917 +00000-0 +75968-3 0  9997
2 42258 098.7525 137.3223 0155919 058.4027 303.2242 13.85680161146226
1 42373U 00055RR  18204.55018292 +.00001473 +00000-0 +51929-3 0  9990
2 42373 098.9964 321.8248 0091723 152.1053 208.5091 14.34043197130176
1 43409U 13052D   18204.27768061 +.00000087 +00000-0 +10485-3 0  9999
2 43409 098.7534 146.8546 0240755 149.4111 212.1335 13.75585161234262
1 42246U 93016DA  18199.03732531  .00001415  00000-0  65763-3 0  9990
2 42246  70.9565 324.7714 0127508 292.9692  65.8021 14.18145178242732
1 42315U 95015JH  18204.50532548 +.00000647 +00000-0 +29300-3 0  9996
2 42315 098.7692 223.3856 0034902 040.0174 320.3567 14.25114612154655
1 41711U 00055PR  18203.05938805 +.00000655 +00000-0 +35156-3 0  9995
2 41711 098.8508 280.1911 0016473 255.3928 104.5419 14.16403888117018
1 42290U 95015HG  18204.03134977 +.00005810 +00000-0 +97554-3 0  9993
2 42290 098.8017 291.4757 0096941 144.0446 216.7330 14.67008454170435
1 42405U 00055SZ  18202.48702599 +.00000874 +00000-0 +41708-3 0  9994
2 42405 098.9859 300.7776 0037785 224.2891 135.5260 14.21528487120910
1 41825U 99025EYC 18204.10119926 +.00000412 +00000-0 +24787-3 0  9997
2 41825 098.9347 261.7129 0064398 348.5606 011.4098 14.11269778091674
1 43526U 10007Y   18203.11156875 -.00000241 +00000-0 -12698-2 0  9993
2 43526 065.2421 156.5416 5714676 044.6753 349.1660 04.17492948001913
1 42344U 00055QL  18202.17047882  .00000690  00000-0  32605-3 0  9991
2 42344  98.7740 280.7687 0049174 176.3414 183.8133 14.22350285116370
1 42421U 00055TR  18204.94470034 +.00000322 +00000-0 +26701-3 0  9995
2 42421 098.8639 247.2783 0099746 159.1378 201.3898 13.93246497087228
1 42424U 00055TU  18203.48971699 +.00001451 +00000-0 +72590-3 0  9990
2 42424 099.0071 296.7416 0030545 184.9537 175.1340 14.18125281117758
1 42297U 95015HP  18204.15493744 +.00000970 +00000-0 +58522-3 0  9997
2 42297 098.7888 183.2417 0046984 292.1179 067.5007 14.08456452146726
1 42350U 00055QS  18204.39282989 +.00000182 +00000-0 +13687-3 0  9998
2 42350 098.8047 264.1979 0028269 102.1301 258.3037 14.05934673090352
1 43149U 18006D   18204.55639438 +.00002974 +00000-0 +10496-3 0  9999
2 43149 097.3852 324.8025 0022728 033.3561 326.9106 15.29796809029197
1 42360U 00055RC  18204.69474662 +.00001684 +00000-0 +77131-3 0  9995
2 42360 098.8860 290.2380 0085503 271.2871 087.8511 14.20844040128928
1 43365U 99040N   18201.89067078 +.00007905 +00000-0 +16112-2 0  9994
2 43365 028.4240 067.2285 4075591 227.7282 089.7448 07.17576707142592
1 43036U 17077C   18204.46452357 +.00001628 +00000-0 +74777-4 0  9992
2 43036 097.5616 283.3018 0013331 027.1304 333.0625 15.21792060035255
1 41697U 10007P   18204.17175739 +.00000090 +00000-0 +17091-2 0  9999
2 41697 065.1817 204.8436 5263522 057.4742 342.9063 04.12922241059815
1 42277U 95015GT  18204.30243545 +.00002244 +00000-0 +71186-3 0  9991
2 42277 098.7268 241.3471 0049960 300.6584 058.9684 14.40319605160695
1 42392U 00055SL  18204.49426682 +.00001179 +00000-0 +58671-3 0  9994
2 42392 098.9521 294.2581 0023030 217.2320 142.7259 14.18875796122070
1 41741U 09055J   18204.89719953 +.00000830 +00000-0 +28192-3 0  9998
2 41741 098.5538 284.5951 0010463 110.4745 249.7567 14.39208324105559
1 42334U 00055QA  18204.04747750 +.00000542 +00000-0 +29569-3 0  9990
2 42334 098.8728 283.7125 0017429 231.7109 128.2497 14.16240369101533
1 42674U 16012S   18204.77392857 +.00004103 +00000-0 +24873-3 0  9991
2 42674 031.0061 044.6980 0006626 116.8915 243.2401 15.08818470117724
1 41679U 07052L   18195.08013175  .00001357  00000-0  19202-2 0  9992
2 41679  64.1776 228.4667 5746302  24.5329 354.5253  4.26806546 60685
1 43350U 94074AN  18204.09574610 +.00003434 +00000-0 +38456-3 0  9999
2 43350 098.0691 255.2263 0002530 206.7553 153.3532 14.87549871081165
1 42261U 95015GB  18204.86426894 +.00000119 +00000-0 +55754-4 0  9998
2 42261 098.6787 237.3185 0089253 299.3416 059.8875 14.34891650151866
1 42376U 00055RU  18199.90440003 +.00001327 +00000-0 +11121-2 0  9991
2 42376 098.8445 226.5208 0126652 191.9381 167.8767 13.86248843125266
1 43412U 13065C   18203.48407216 -.00000054  00000-0 -20716-4 0  9996
2 43412 100.4890 296.1481 0133012 356.7268   3.2963 13.17178856216229
1 42249U 93016DD  17355.36935293  .00002140  00000-0  84592-3 0  9999
2 42249  70.9725 249.4701 0111174 134.9050 226.1170 14.26764791638189
1 42318U 95015JL  18204.15011940 +.00000835 +00000-0 +86731-3 0  9998
2 42318 098.7249 097.8638 0236307 164.0135 196.8636 13.66545772148098
1 41714U 00055PU  18204.92191954 +.00001140 +00000-0 +90662-3 0  9994
2 41714 098.9890 247.2983 0124394 193.8041 165.9705 13.89640757110472
1 42293U 95015HK  18204.26885187 +.00001091 +00000-0 +48779-3 0  9999
2 42293 098.7926 222.8267 0018993 022.1561 338.0434 14.24645114147020
1 42408U 00055TC  18204.02879966 +.00000345 +00000-0 +22746-3 0  9996
2 42408 098.8847 272.1586 0022628 083.5900 276.7845 14.08065135120230
1 41828U 99025EYF 18204.62256132 +.00000751 +00000-0 +42653-3 0  9996
2 41828 098.9677 263.8940 0063675 346.0903 013.8512 14.12022359091341
1 43528U 10007AA  18204.01982051 +.00000024 +00000-0 +23312-3 0  9991
2 43528 064.8657 155.7643 5689512 044.2304 349.1850 04.17595350002274
1 42321U 95015JP  18204.84536951 +.00001576 +00000-0 +60495-3 0  9994
2 42321 098.7207 226.2765 0040930 316.2679 043.5263 14.31471947171459
1 41717U 00055PX  18204.45788605 +.00000788 +00000-0 +40564-3 0  9993
2 41717 098.8507 283.9896 0023649 197.8489 162.1858 14.18009395117868
1 43388U 09055P   18204.27086445 +.00075098 +00000-0 +88991-2 0  9992
2 43388 098.6921 321.3924 0035457 141.8185 218.5548 14.83709453069809
1 41831U 99025EYJ 18204.10687620 +.00000387 +00000-0 +23491-3 0  9997
2 41831 098.9315 261.5261 0064493 348.4220 011.5465 14.11241770090825
1 43536U 18056H   18204.94893879 +.00745393 +12870-3 +26491-2 0  9999
2 43536 098.2888 276.6936 0361147 126.7607 236.7312 15.30929582002242
1 42427U 00055TX  18204.06157112 +.00001076 +00000-0 +40875-3 0  9998
2 42427 098.8531 303.4606 0082022 153.7180 206.8200 14.31238772101318
1 42300U 95015HS  18204.78945046 +.00000659 +00000-0 +31227-3 0  9995
2 42300 098.7664 216.0827 0038384 086.5765 273.9802 14.22620365088963
1 42353U 00055QV  18204.48945122 +.00001371 +00000-0 +57015-3 0  9990
2 42353 098.8062 291.8367 0059795 177.6280 182.5195 14.27098635128832
1 43213U 99025EYM 18204.08601036 +.00000496 +00000-0 +29574-3 0  9996
2 43213 098.9287 261.1660 0063320 350.1895 009.8035 14.10971816022057
1 42363U 00055RF  18203.37582944 +.00000299 +00000-0 +23813-3 0  9994
2 42363 098.8865 253.4145 0081075 158.6804 201.7769 13.96955688123852
1 43368U 00055UC  18204.73867475 +.00006046 +00000-0 +22502-2 0  9995
2 43368 099.1273 315.8075 0019808 004.4681 355.6674 14.32324882123532
1 43069U 17082E   18204.91689366 +.00000577 +00000-0 +20444-3 0  9999
2 43069 098.5039 276.5790 0030794 206.0280 153.9360 14.37909499030583
1 43429U 16043D   18203.23945899  .00000266  00000-0  73655-4 0  9993
2 43429  74.9724  40.4274 0241300 292.2792  65.2939 14.35083144105958
1 41701U 10007T   18204.36757875 +.00000088 +00000-0 +10000-2 0  9993
2 41701 065.2707 202.1465 5417429 049.2722 346.5573 04.13207416059768
1 42280U 95015GW  18203.50877386  .00001421  00000-0  66316-3 0  9997
2 42280  98.8058 216.7454 0013442 348.6910  11.3963 14.21975437168517
1 42395U 00055SP  18204.44887584 +.00001167 +00000-0 +58643-3 0  9990
2 42395 098.9230 289.6592 0033204 169.4131 190.7750 14.18189193123992
1 41768U 06062J   18202.41598756  .00000244  00000-0  19808-3 0  9997
2 41768  64.3363 347.5880 5814671   8.4516 357.9034  4.22492209 28177
1 43483U 18047H   18203.55550089 +.00116386 +00000-0 +32530-2 0  9993
2 43483 089.0520 231.3023 0013685 087.3540 272.9281 15.36151354009152
1 42411U 00055TF  18203.68882489 +.00001385 +00000-0 +62069-3 0  9992
2 42411 098.8620 290.7875 0045076 180.0239 180.0944 14.23634532124051
1 42337U 00055QD  18204.03423992 +.00000914 +00000-0 +39500-3 0  9990
2 42337 098.7724 287.1742 0070650 218.1945 141.4217 14.25526402127660
1 42677U 16029C   18204.91434031 +.00000137 +00000-0 +59758-4 0  9993
2 42677 097.9329 187.9359 0258275 329.8597 028.7931 14.21139850101232
1 41683U 07052Q   18204.14206156 +.00001989 +00000-0 +30626-2 0  9992
2 41683 063.8999 209.9905 5704349 037.0451 351.2675 04.32139903061789
1 43354U 96051P   18204.32869143 -.00000056 +00000-0 -48567-5 0  9999
2 43354 071.1886 174.4668 0097426 247.5561 111.5222 14.12845653240689
1 42264U 95015GE  18204.20087926 +.00003319 +00000-0 +48742-3 0  9991
2 42264 098.7119 299.7975 0136140 118.2121 243.2907 14.70113753175185
1 42379U 00055RX  18204.70681746 +.00001011 +00000-0 +49455-3 0  9992
2 42379 098.9041 291.4447 0054085 263.4521 096.0495 14.19490577122896
1 43416U 14015F   18204.86790840 +.00000418 +00000-0 +22969-3 0  9990
2 43416 098.7728 224.7676 0010754 122.4674 237.7542 14.17051338217797
1 42252U 93016DG  18201.43063297 +.00000708 +00000-0 +41395-3 0  9990
2 42252 070.9828 231.6444 0162763 098.9572 263.0008 14.05190635793765
1 43419U 14080H   18185.49757611 -.00000179  00000-0 -14291-3 0  9996
2 43419  63.4101 220.2031 0123505   0.8069 359.3134 13.45615734160067
1 42324U 95015JS  18202.24778613 +.00001601 +00000-0 +72620-3 0  9994
2 42324 098.7875 214.5723 0012490 003.8037 356.3234 14.23280152144072
1 41720U 15020H   18204.05839915 +.00000029 +00000-0 +66207-4 0  9993
2 41720 082.4896 319.6595 0229076 281.6920 075.8566 12.90876719146340
1 43391U 09055S   18204.04169413 +.00006671 +00000-0 +17649-2 0  9991
2 43391 098.6936 299.4817 0004748 201.2746 158.8250 14.49133506080753
1 41846U 16066F   18204.66586144 +.00000324 +00000-0 +58826-4 0  9999
2 41846 098.7518 233.8697 0369083 138.5642 224.4170 14.37366538089147
1 42430U 00055UA  18204.43147759 +.00001246 +00000-0 +67719-3 0  9994
2 42430 098.9062 280.0146 0005346 120.1459 240.0244 14.14178179098590
1 43396U 12002D   17364.00270595  .00000130  00000-0  00000+0 0  9992
2 43396   2.1149  78.4476 0150960 215.1275 204.1092  1.00237133 20464
1 42303U 95015HV  18204.72229963 +.00001497 +00000-0 +83055-3 0  9992
2 42303 098.6892 179.4830 0034500 246.9257 112.8277 14.12396088161542
1 41662U 00055PB  18202.45546706 +.00001081 +00000-0 +56895-3 0  9995
2 41662 098.9043 281.9956 0018520 163.6092 196.5684 14.16063226116308
1 42356U 00055QY  18203.99453409 +.00000844 +00000-0 +43613-3 0  9993
2 42356 098.8955 286.9768 0039304 297.9848 061.7351 14.17385071125725
1 43240U 18021D   18204.89428820 +.00008256 +00000-0 +31183-3 0  9991
2 43240 097.2218 321.1556 0010315 220.6224 139.4247 15.27200699018252
1 42366U 00055RJ  18204.20784228 +.00001232 +00000-0 +46559-3 0  9999
2 42366 098.8510 303.4461 0077319 161.5013 198.9008 14.31451928127204
1 43402U 12052B   18203.72195634 +.00000243 +00000-0 +89279-4 0  9992
2 43402 098.0734 122.6492 0245400 019.7801 341.2696 14.25173074242488
1 43371U 02003F   18196.46362733 -.00000469  00000-0 -47053-3 0  9995
2 43371  29.0392   2.8949 5634523 350.9572 359.0596  4.44628321 69417
1 42307U 95015HZ  18202.78833916  .00012540  00000-0  10921-2 0  9991
2 42307  98.7301 323.0221 0077457  39.2256 321.4539 14.94758313169059
1 41704U 10007W   18204.00430097 +.00001033 +00000-0 +26712-1 0  9998
2 41704 065.2983 155.5452 5394099 045.4584 347.6029 04.35056753054364
1 43377U 07052AD  18204.36433112 +.00001116 +00000-0 +10101-2 0  9990
2 43377 064.3817 225.3394 5779829 018.0257 356.0773 04.25812350037318
1 42283U 95015GZ  18204.88432950 +.00001221 +00000-0 +40021-3 0  9999
2 42283 098.7235 244.6988 0081497 263.7693 095.4205 14.38438749169788
1 42398U 00055SS  18202.36187121  .00000417  00000-0  28455-3 0  9997
2 42398  98.8196 259.6047 0037836 114.5671 245.9447 14.04804096122594
1 41805U 06062K   18199.46789490  .00000095  00000-0  12352-3 0  9997
2 41805  65.4165 353.2524 5786661 347.6114   2.6499  4.26386250 28361
1 43498U 98067NS  18204.96302115 +.00022539 +00000-0 +32642-3 0  9991
2 43498 051.6389 195.1878 0002699 018.1916 341.9172 15.55783794006000
1 42414U 00055TJ  18204.25519872 +.00004270 +00000-0 +18135-2 0  9992
2 42414 099.0687 304.4865 0004108 098.8364 261.3279 14.25850576119641
1 43381U 08020C   18204.30967617 -.00000065 +00000-0 +00000-0 0  9995
2 43381 056.7557 103.9802 0426403 189.2265 169.9778 01.67816435053636
1 42340U 00055QG  18204.44118256 +.00001086 +00000-0 +67833-3 0  9994
2 42340 099.0446 283.6697 0052988 159.0676 201.2677 14.06219946123311
1 42680U 16049E   18204.95983887 +.00000223 +00000-0 +81414-4 0  9991
2 42680 098.3729 207.3275 0017939 194.2791 165.7893 14.41696723099772
1 41686U 07052T   18203.16965013  .00001869  00000-0  31644-2 0  9998
2 41686  64.1989 226.4908 5735993  25.1407 354.3422  4.26892800 60924
1 42267U 95015GH  18204.06782078 +.00001060 +00000-0 +76904-3 0  9990
2 42267 098.7543 157.3346 0112208 006.8443 353.4221 13.95546568166147
1 42382U 00055SA  18203.68842979 +.00000595 +00000-0 +38595-3 0  9998
2 42382 098.9637 275.2982 0050521 067.3357 293.3143 14.05938831121586
1 41690U 07052X   18111.47421640  .00018138  00000-0  97686-2 0  9993
2 41690  63.8917 241.4430 5765713  34.7125 352.0047  4.32641947 54112
1 42385U 00055SD  18203.65481234 +.00000569 +00000-0 +31543-3 0  9998
2 42385 098.8112 275.1674 0008696 245.0670 114.9600 14.15241560117670
1 41723U 15020L   18198.06311982  .00000229  00000-0  73528-3 0  9993
2 41723  82.4889 322.7663 0223361 294.0928  63.6959 12.91703108125815
1 43422U 15030C   18202.16774722  .00001124  00000-0  34194-4 0  9996
2 43422  97.4236 333.1080 0005166 180.6277 179.4961 15.36190393165262
1 42327U 95015JV  18204.84450940 +.00000641 +00000-0 +32631-3 0  9996
2 42327 098.7790 209.2142 0009229 073.1242 287.0945 14.19328440142627
1 42235U 93016CP  18204.87986219 +.00000671 +00000-0 +34141-3 0  9990
2 42235 070.9984 034.9972 0143485 324.6310 034.5357 14.14230532707223
1 42466U 10057BF  18204.68508093 -.00000220 +00000-0 +11885-2 0  9999
2 42466 020.7348 040.4644 7202804 114.2018 333.1502 02.18735897024373
1 41665U 00055PE  18203.98705256 -.00000124 +00000-0 -50205-4 0  9993
2 41665 098.8332 264.6808 0043196 050.4084 310.0885 14.04767539115520
1 43270U 18031J   18202.43906733 +.00000035 +00000-0 +12520-4 0  9999
2 43270 098.0310 277.6646 0004031 255.7143 104.3619 14.76131677026568
1 42369U 00055RM  18203.99195217 +.00000715 +00000-0 +39034-3 0  9996
2 42369 098.8581 280.1000 0009014 294.1742 065.8488 14.15234969125482
1 43405U 12073C   18203.26943546 +.00004026 +00000-0 +20568-3 0  9998
2 43405 098.2162 222.5392 0069740 351.6250 008.3810 15.15248393255642
1 42242U 93016CW  18204.35065905 +.00001119 +00000-0 +57863-3 0  9995
2 42242 070.9738 089.7202 0151971 005.8218 354.4622 14.11326548709250
1 42310U 95015JC  18204.82887197 +.00001609 +00000-0 +63085-3 0  9996
2 42310 098.7287 224.5407 0036695 324.7176 035.1578 14.30439628156849
1 41707U 00055PM  18204.66739029 +.00000761 +00000-0 +38085-3 0  9997
2 41707 098.8416 285.9419 0033442 243.5012 116.2733 14.19473273117168
1 42286U 95015HC  18204.70876929 +.00000919 +00000-0 +59579-3 0  9992
2 42286 098.8109 178.7739 0066482 297.6843 061.7589 14.04077328164065
1 42401U 00055SV  18203.12062842 +.00001011 +00000-0 +44039-3 0  9996
2 42401 098.8931 297.7378 0069308 221.7898 137.7976 14.25020081124513
1 41811U 06062R   18202.31968104  .00013026  00000-0  23756-2 0  9991
2 41811  64.6290 322.8334 5602967   0.0475 359.9439  4.64879741 30982
1 43505U 18025C   18204.55227141 +.00001590 +00000-0 +80599-4 0  9995
2 43505 097.4789 323.8905 0020706 046.7670 313.5288 15.18250431016960
1 42417U 00055TM  18204.44899757 +.00000516 +00000-0 +31586-3 0  9994
2 42417 098.8677 272.9949 0032189 022.8120 337.4472 14.09999302122051
1 42343U 00055QK  18204.69223400 +.00001739 +00000-0 +87262-3 0  9995
2 42343 099.0338 291.7572 0053049 100.9131 259.8018 14.17194580115829
1 43102U 18002D   18204.46209400 +.00000762 +00000-0 +52315-4 0  9996
2 43102 097.4525 276.0965 0016634 181.1968 178.9224 15.08745996029449
1 43357U 98008H   18204.41272212 +.00000308 +00000-0 +24595-2 0  9991
2 43357 051.9610 217.9473 0050417 208.4300 151.3810 12.56484902115145
1 42976U 10041R   18158.79474086  .00019349  00000-0  19437+0 0  9991
2 42976  65.5281  81.2021 5593669  68.9707 340.6188  4.24894627 11728
1 43361U 99040J   18029.99838601  .00002594  00000-0  13554-2 0  9993
2 43361  28.2555 303.4396 3964940 219.1775 104.1888  7.23803212 61882
1 42270U 95015GL  18203.22422437  .00001580  00000-0  82637-3 0  9998
2 42270  98.7663 193.3811 0036553 216.2107 143.6591 14.15468406160233
1 42979U 10041U   18201.71737983 -.00000004  00000-0  53324-3 0  9999
2 42979  65.1753  66.2711 5630168  67.5979 341.3915  4.25531307 13500
1 41693U 07052AA  18014.31237017 +.00000720 +00000-0 +16605-2 0  9994
2 41693 065.6894 299.8858 5718846 348.4720 002.5764 04.28592805036151
1 42273U 95015GP  18204.23588717 +.00001526 +00000-0 +66211-3 0  9997
2 42273 098.7545 216.6935 0016976 011.5140 348.6425 14.25611505161652
1 42388U 00055SG  18203.98569686 +.00000491 +00000-0 +28383-3 0  9997
2 42388 098.7479 266.5055 0018052 320.5668 039.4190 14.13448344124960
1 41737U 09055E   18204.91031914 +.00004697 +00000-0 +13203-2 0  9991
2 41737 098.5770 291.3832 0016626 224.1520 135.8345 14.46299586105868
1 43425U 15040D   18204.43328485 -.00000002 +00000-0 +10027-3 0  9996
2 43425 100.4186 279.0653 0142191 006.9556 353.3491 13.21868573139196
1 42330U 95015JY  18204.23967282 +.00001403 +00000-0 +61870-3 0  9999
2 42330 098.7548 215.7100 0016536 014.8890 345.2772 14.24904262145972
1 42238U 93016CS  18202.77683409  .00001571  00000-0  68024-3 0  9992
2 42238  70.9750 254.4608 0123521 229.8560 129.1696 14.21846389746438
1 42253U 93016DH  18204.35343688 +.00001429 +00000-0 +59950-3 0  9997
2 42253 070.9546 202.4417 0116833 211.1638 148.2527 14.23991890822011
1 42670U 15069C   18204.85754508 +.00000469 +00000-0 +33520-4 0  9993
2 42670 097.8288 216.3993 0094893 354.3896 005.6258 15.06303202096886
1 41668U 00055PH  18204.70636691 +.00001037 +00000-0 +48517-3 0  9997
2 41668 098.9005 294.7957 0053092 238.9736 120.6221 14.21756563118350
1 43346U 94057J   18204.32289691 +.00024196 +00000-0 +62304-2 0  9999
2 43346 099.1527 239.0113 0023664 176.7078 183.4273 14.49895526090854
1 42257U 95015FX  18204.39208997 +.00000958 +00000-0 +33160-3 0  9990
2 42257 098.7955 252.8262 0067572 306.5606 052.9372 14.36822508142795
1 42372U 00055RQ  18204.02804091 +.00000505 +00000-0 +29108-3 0  9990
2 42372 098.9075 283.4133 0012274 318.7385 041.2859 14.13650690117949
1 43408U 13052C   18204.68803623 +.00000090 +00000-0 +10259-3 0  9990
2 43408 098.7587 161.5851 0223362 127.8642 234.2950 13.79540971234932
1 42245U 93016CZ  18179.90853552  .00001814  00000-0  76805-3 0  9992
2 42245  70.9933 271.0664 0119945 229.3617 129.7033 14.22973324183841
1 42314U 95015JG  18204.28328960 +.00006360 +00000-0 +62887-3 0  9996
2 42314 098.7438 325.2033 0103641 046.0842 314.8869 14.88332071161028
1 41710U 00055PQ  18204.04402380 +.00000598 +00000-0 +28817-3 0  9990
2 41710 098.8713 291.5326 0041582 227.3007 132.4666 14.22078328117712
1 42289U 95015HF  18204.90058701 +.00000719 +00000-0 +44785-3 0  9998
2 42289 098.8324 186.3861 0058700 308.3286 051.2615 14.07224908164439
1 42404U 00055SY  18185.21055481  .00000892  00000-0  14450-3 0  9999
2 42404  98.8657 329.0540 0205276  82.4300 280.0163 14.61123441124993
1 41824U 99025EYB 18204.13237980 +.00000356 +00000-0 +21951-3 0  9997
2 41824 098.9296 261.1731 0063212 349.6074 010.3785 14.10906607091932
1 43525U 10007X   18204.89151696 -.00005669 +00000-0 -25289-1 0  9992
2 43525 066.0582 156.9120 5711120 042.8775 349.6409 04.19886182002365
1 42420U 00055TQ  18203.73340472 +.00001668 +00000-0 +83078-3 0  9996
2 42420 099.0318 299.5561 0028790 300.6178 059.2158 14.18190667122583
1 42346U 00055QN  18204.53859979 +.00002109 +00000-0 +83289-3 0  9994
2 42346 099.0619 320.0457 0064934 168.7648 191.4999 14.29011501128728
1 43105U 18002G   18204.68313796 +.00001648 +00000-0 +75318-4 0  9999
2 43105 097.6881 285.8852 0047940 355.7318 004.3501 15.21094930029714
1 42979U 10041U   18197.72232629  .00000016  00000-0  45410-3 0  9990
2 42979  65.1758  67.6854 5629306  67.7945 341.3198  4.25530782 13335
1 41693U 07052AA  18014.31237017 +.00000720 +00000-0 +16605-2 0  9994
2 41693 065.6894 299.8858 5718846 348.4720 002.5764 04.28592805036173
1 42273U 95015GP  18202.97255690 +.00001499 +00000-0 +65093-3 0  9993
2 42273 098.7546 215.4320 0017230 015.0265 345.1423 14.25607511161471
1 42388U 00055SG  18203.63175470 +.00000487 +00000-0 +28142-3 0  9991
2 42388 098.7480 266.1593 0018068 321.7197 038.2692 14.13447938124919
1 41737U 09055E   18203.80340099 +.00004847 +00000-0 +13624-2 0  9999
2 41737 098.5766 290.2633 0016282 227.2891 132.6930 14.46289763105707
1 43425U 15040D   18202.01132905 +.00000009 +00000-0 +12473-3 0  9991
2 43425 100.4189 276.6546 0142298 012.5457 347.9143 13.21868454138879
1 42330U 95015JY  18202.97571594  .00001391  00000-0  61378-3 0  9994
2 42330  98.7548 214.4493 0016777  18.3730 341.8052 14.24900662145795
1 42238U 93016CS  18199.82202126  .00001587  00000-0  68717-3 0  9992
2 42238  70.9757 260.7490 0123374 234.2309 124.7297 14.21835133746018
1 42253U 93016DH  18202.38652920 +.00001432 +00000-0 +60095-3 0  9996
2 42253 070.9540 206.6450 0116843 214.3772 144.9758 14.23985989821732
1 42670U 15069C   18203.86111747 +.00000344 +00000-0 +25791-4 0  9998
2 42670 097.8288 215.3868 0095006 357.7801 002.2990 15.06302482096735
1 41668U 00055PH  18203.50998692  .00001056  00000-0  49382-3 0  9998
2 41668  98.9004 293.5892 0052914 242.4748 117.1046 14.21754177118185
1 43346U 94057J   18203.56377768 +.00025503 +00000-0 +65714-2 0  9998
2 43346 099.1518 238.1881 0023109 177.5854 182.5453 14.49857718090740
1 42257U 95015FX  18202.37260147 +.00000951 +00000-0 +32904-3 0  9999
2 42257 098.7954 250.7628 0067608 312.7559 046.7950 14.36818562142500
1 42372U 00055RQ  18203.46181547 +.00000510 +00000-0 +29347-3 0  9992
2 42372 098.9075 282.8494 0012285 320.7094 039.3186 14.13650100117862
1 43408U 13052C   18201.71437290 +.00000080 +00000-0 +94778-4 0  9992
2 43408 098.7586 158.8307 0223213 135.8550 226.0661 13.79540045234523
1 42245U 93016CZ  18179.90853552 +.00001814 +00000-0 +76805-3 0  9992
2 42245 070.9933 271.0664 0119945 229.3617 129.7033 14.22973324183841
1 42314U 95015JG  18202.26639980 +.00006810 +00000-0 +67284-3 0  9995
2 42314 098.7439 322.9799 0103933 052.5553 308.5061 14.88303653160721
1 41710U 00055PQ  18203.69222692 +.00000610 +00000-0 +29377-3 0  9993
2 41710 098.8713 291.1788 0041538 228.3124 131.4495 14.22077978117665
1 42289U 95015HF  18203.40746433 +.00000612 +00000-0 +38536-3 0  9997
2 42289 098.8323 184.9268 0058929 312.5504 047.0699 14.07222359164226
1 42404U 00055SY  18185.21055481 +.00000892 +00000-0 +14450-3 0  9999
2 42404 098.8657 329.0540 0205276 082.4300 280.0163 14.61123441124993
1 41824U 99025EYB 18203.70688816 +.00000362 +00000-0 +22253-3 0  9990
2 41824 098.9297 260.7501 0063232 350.8308 009.1703 14.10906213091871
1 43525U 10007X   18203.93888476 +.00001140 +00000-0 +52268-2 0  9995
2 43525 066.0495 157.2267 5709351 042.9342 349.6229 04.19899380002328
1 42420U 00055TQ  18203.52175002 +.00001686 +00000-0 +83952-3 0  9999
2 42420 099.0317 299.3407 0028760 301.3433 058.4927 14.18190049122554
1 42346U 00055QN  18203.76839767 +.00002114 +00000-0 +83494-3 0  9995
2 42346 099.0618 319.2455 0064874 170.8511 189.3868 14.29008303128616
1 43105U 18002G   18203.89373477 +.00001637 +00000-0 +74815-4 0  9992
2 43105 097.6881 285.0795 0048026 358.4790 001.6291 15.21092349029596
1 42423U 00055TT  18203.15167920 +.00000900 +00000-0 +52675-3 0  9997
2 42423 098.9542 278.1663 0027352 043.1749 317.1560 14.10713773116953
1 43360U 99040H   18123.60495047 -.00003307 +00000-0 -17672-1 0  9997
2 43360 027.9939 100.7167 3743070 196.9116 146.2069 07.12479668147051
1 42349U 00055QR  18201.99434946 +.00000375 +00000-0 +23540-3 0  9994
2 42349 098.8619 272.1282 0010898 069.0389 291.1946 14.10447578118812
1 43148U 18006C   18203.78789067 +.00002142 +00000-0 +83616-4 0  9998
2 43148 097.3206 321.6422 0018169 338.4182 021.6289 15.26861220029050
1 42359U 00055RB  18202.02018481 +.00000692 +00000-0 +35971-3 0  9995
2 42359 098.9078 287.5867 0022108 248.4774 111.4044 14.17912784118850
1 43364U 99040M   18144.17059073 -.00000668 +00000-0 -21042-2 0  9995
2 43364 028.1872 103.6376 3881014 183.2360 173.3130 07.04371523937429
1 43035U 17077B   18203.89495891 +.00001940 +00000-0 +77945-4 0  9994
2 43035 097.3452 277.6537 0015201 302.1300 057.8463 15.26046316035243
1 43395U 11023J   18049.52743214 -.00000301  00000-0  00000+0 0  9995
2 43395   4.6148  62.4282 0147418 325.2667  34.0356  1.02865096 22775
1 41696U 10007N   18203.25605548 +.00000307 +00000-0 +10734-1 0  9999
2 41696 064.6814 178.8728 5521983 081.9570 334.2536 04.06578132058905
1 42276U 95015GS  18199.12446251 -.00000045  00000-0 -30912-5 0  9995
2 42276  98.8848 155.5800 0118409  68.8283 292.5483 13.91656813165367
1 42391U 00055SK  18202.70344793 +.00001453 +00000-0 +70739-3 0  9991
2 42391 099.0194 300.3024 0025393 217.7912 142.1481 14.19644127124575
1 41740U 09055H   18203.69131784 +.00002733 +00000-0 +83775-3 0  9996
2 41740 098.5882 287.9530 0004297 153.3982 206.7428 14.42516458105538
1 43428U 16043C   18202.98353505 +.00000141 +00000-0 +45838-4 0  9994
2 43428 074.9689 059.9898 0285130 320.3509 037.7095 14.25581415106403
1 42333U 00055PZ  18203.68706315 +.00000316 +00000-0 +20842-3 0  9994
2 42333 098.9875 283.4381 0022361 127.6258 232.6945 14.08750689121976
1 41678U 07052K   16254.64061435  .00005212  00000-0  27782-1 0  9994
2 41678  65.8570 115.7523 5478508  38.2209 350.1912  4.50360578 33379
1 43349U 94074AM  18202.36853229 +.00003272 +00000-0 +38094-3 0  9999
2 43349 098.0974 253.0704 0002260 145.9413 214.1947 14.85993840081334
1 42260U 95015GA  18202.64051894 +.00001749 +00000-0 +41398-3 0  9993
2 42260 098.7129 266.3882 0116782 219.6627 139.5983 14.51403039152786
1 42375U 00055RT  18203.03605661  .00000396  00000-0  23694-3 0  9997
2 42375  98.8525 275.5366 0008142 136.2985 223.8833 14.12707490117242
1 43411U 13052F   18201.47371302 -.00000021 +00000-0 +95705-5 0  9998
2 43411 098.6686 289.2675 0004937 180.5210 179.5966 14.26439909242500
1 42248U 93016DC  18202.74858176  .00001405  00000-0  59978-3 0  9999
2 42248  70.9628 237.6146 0126696 232.5688 126.3857 14.22530090244128
1 42317U 95015JK  18202.83770536  .00001003  00000-0  42728-3 0  9999
2 42317  98.7831 226.3238 0031570  23.8800 336.3837 14.27135673153177
1 41713U 00055PT  18202.95269236 +.00000647 +00000-0 +51027-3 0  9996
2 41713 098.8820 244.1742 0116478 190.8071 169.0584 13.92039280110833
1 42292U 95015HJ  18202.21812364 +.00001475 +00000-0 +70030-3 0  9999
2 42292 098.7661 204.1500 0029500 147.3980 212.9025 14.20798079164502
1 42407U 00055TB  18203.47569637 +.00000905 +00000-0 +52116-3 0  9990
2 42407 098.9941 286.0504 0020794 029.7837 330.4513 14.11669641118516
1 41827U 99025EYE 18201.58490521 +.00000520 +00000-0 +30671-3 0  9990
2 41827 098.9314 259.1619 0062327 352.3113 007.7097 14.11354043091117
1 41716U 00055PW  18203.00378626 +.00000441 +00000-0 +25768-3 0  9995
2 41716 098.8370 275.3751 0006712 168.5313 191.6013 14.13435488117224
1 43387U 09055N   18201.73867545 +.00017596 +00000-0 +38314-2 0  9990
2 43387 098.7000 304.5679 0040521 160.9087 199.3639 14.57490849094923
1 42295U 95015HM  18203.93629650 +.00000958 +00000-0 +51944-3 0  9994
2 42295 098.7703 191.3308 0035729 211.4112 148.4928 14.14498119163717
1 41830U 99025EYH 18203.09402070 +.00000433 +00000-0 +25916-3 0  9993
2 41830 098.9326 260.6350 0064117 351.2215 008.7829 14.11325638090686
1 43535U 18056G   18203.70418682 +.00648115 +94698-4 +27679-2 0  9998
2 43535 097.8555 274.6289 0361303 114.2473 249.6944 15.28120050002067
1 42426U 00055TW  18201.40132330 +.00000383 +00000-0 +24003-3 0  9992
2 42426 098.7696 261.7028 0017285 131.2001 229.0663 14.10312824099778
1 42299U 95015HR  18202.46899443 +.00001158 +00000-0 +55848-3 0  9994
2 42299 098.7739 206.4047 0026913 138.5804 221.7419 14.20415346146843
1 42352U 00055QU  18203.67003173 -.00001177 +00000-0 -59849-3 0  9993
2 42352 098.9171 281.0300 0020367 062.5194 297.8046 14.13675529118573
1 43206U 98067NN  18203.35937839  .00460892  91407-4  14831-2 0  9999
2 43206  51.6288 188.1087 0004857  54.9287 305.2174 15.90353771 25773
1 42362U 00055RE  18203.88455799 +.00001002 +00000-0 +85024-3 0  9991
2 42362 098.8981 235.7964 0129667 177.0547 183.1403 13.85922885125683
1 43367U 99040Q   18153.10054645 -.00000167 +00000-0 -28774-3 0  9995
2 43367 028.2695 096.0488 3977713 194.7967 149.0172 07.04468337140171
1 43038U 17077E   18203.73644778 +.00003295 +00000-0 +11088-3 0  9990
2 43038 097.3175 278.2239 0039488 189.7483 170.2996 15.30753711035271
1 41700U 10007S   18203.11507463  .00000069  00000-0 -28444-3 0  9992
2 41700  65.0472 191.1883 5529027  59.6964 343.6081  4.10592463 59641
1 42279U 95015GV  18202.94705741 +.00001293 +00000-0 +63893-3 0  9991
2 42279 098.7720 202.9022 0010128 303.9560 056.0653 14.19126332168343
1 42394U 00055SN  18202.68747918  .00000939  00000-0  43362-3 0  9997
2 42394  98.8949 293.8744 0053866 238.6922 120.8975 14.22677507122275
1 43431U 17034G   18203.69896603 +.00000148 +00000-0 +52350-4 0  9993
2 43431 043.1046 068.6756 0225895 281.8777 075.6801 14.55414669056276
1 42410U 00055TE  18201.66681781  .00000691  00000-0  33447-3 0  9996
2 42410  98.8168 283.0951 0044852 247.0851 112.5588 14.21285344123999
1 42336U 00055QC  18203.68688968 -.00005436 +00000-0 -26770-2 0  9995
2 42336 099.0148 289.4293 0003635 168.6022 191.5235 14.17143993120629
1 42673U 15069F   18203.21945725  .00000097  00000-0  17785-4 0  9990
2 42673  97.9341 191.5484 0005276  98.1306 262.0507 14.84858296143056
1 42676U 16029B   18203.44432812 +.00000181 +00000-0 +72860-4 0  9992
2 42676 098.0595 200.5943 0258570 350.0699 009.5426 14.22127227100978
1 41682U 07052P   18016.88440760  .00005622  00000-0  44362-1 0  9993
2 41682  65.4012 338.5331 5648875   8.8979 357.8728  4.21091199 52284
1 43352U 95058M   18203.43668778 +.00003279 +00000-0 +11951-2 0  9997
2 43352 071.0110 208.6324 0008044 339.6236 020.4574 14.33819074196505
1 42263U 95015GD  18203.31511202 +.00000621 +00000-0 +50188-3 0  9990
2 42263 098.8132 149.8458 0128867 038.0710 322.9470 13.89979540166195
1 42378U 00055RW  18203.67305160 +.00000619 +00000-0 +31845-3 0  9996
2 42378 098.8535 285.3323 0026904 221.2899 138.6242 14.18790025122855
1 43414U 14007D   18203.34039747 -.00000162 +00000-0 +00000-0 0  9999
2 43414 014.2704 318.9113 4710140 301.5450 020.9092 01.89406905026065
1 42251U 93016DF  18202.76301682 +.00001133 +00000-0 +37940-3 0  9993
2 42251 070.9729 321.0366 0091128 025.5388 335.0206 14.37167702703145
1 42320U 95015JN  18202.78185308  .00000694  00000-0  33832-3 0  9995
2 42320  98.7681 210.4275 0015300  33.6349 326.5796 14.21258677170087
